# smm_align_hmm_flank -blr -hmm /home/projects/mniel/BPeters_ClassII_Benchmark/NN-align/data_20112009/class_II_random_split_5cv/HLA-DRB10405/gibbsmat/0.gibbs.avemat -bl -la 0.02 -p1a -m f000.la.bl.mat.18 -s 18 -ft /home/projects/mniel/BPeters_ClassII_Benchmark/data_20112009/class_II_random_split_5cv//HLA-DRB10405_test_random_0.txt.log50k -cc -fl 3 -- 
# WHMM 0.0004 0.0456 0.0654 0.1061 0.0098 0.0447 0.0617 0.0162 0.0360
# E 0.026137
# DR 0.023100
# FCC 0.708011
# T 0.000001
# NT 20
# ITR 2500

Last position-specific scoring matrix computed       
            A       R       N       D       C       Q       E       G       H       I       L       K       M       F       P       S       T       W       Y       V 
  0 A  -0.009   0.003   0.025  -0.041  -0.030   0.020  -0.007  -0.013  -0.023   0.008   0.007   0.004   0.032  -0.003  -0.030  -0.007   0.018   0.010   0.040  -0.003 
  1 A  -0.058  -0.062  -0.113  -0.148  -0.055  -0.100  -0.112  -0.081  -0.027   0.130   0.125  -0.115   0.091   0.247  -0.075  -0.098  -0.037   0.144   0.208   0.100 
  2 A  -0.000  -0.013   0.054  -0.047  -0.073   0.029  -0.033  -0.009   0.100   0.096   0.035   0.059   0.060   0.007  -0.189   0.000  -0.031  -0.044   0.036   0.071 
  3 A   0.006   0.043  -0.019  -0.148   0.015   0.018  -0.107   0.030   0.069  -0.039  -0.016  -0.017  -0.001  -0.069  -0.029   0.033   0.018   0.031  -0.003  -0.040 
  4 A   0.058  -0.176  -0.021  -0.009  -0.213   0.016  -0.039  -0.099  -0.202   0.114   0.124  -0.074   0.116   0.162  -0.172   0.095   0.064  -0.092   0.080   0.095 
  5 A  -0.001   0.045  -0.086  -0.080   0.058  -0.009   0.003  -0.107  -0.012   0.048   0.085   0.025   0.148   0.109  -0.003  -0.009  -0.010  -0.005   0.073   0.036 
  6 A   0.034  -0.133   0.113   0.056  -0.100   0.019  -0.020   0.001  -0.087   0.083   0.072  -0.059   0.100  -0.016   0.020   0.073   0.080  -0.040  -0.058   0.042 
  7 A   0.082  -0.014   0.111  -0.035  -0.160   0.113  -0.001  -0.087   0.073   0.039   0.099  -0.010   0.112   0.003   0.067   0.089   0.071  -0.041   0.011  -0.017 
  8 A  -0.003  -0.050  -0.024   0.017  -0.023  -0.001   0.010  -0.018   0.032   0.055   0.079  -0.069   0.076   0.037   0.113   0.040   0.054  -0.196   0.029   0.047 
  9 A  -0.011   0.033   0.037   0.039  -0.195  -0.007   0.057  -0.063   0.006   0.034   0.060  -0.034   0.033   0.043  -0.068   0.016   0.052  -0.010   0.033   0.035 
 10 A  -0.022   0.010  -0.023   0.021  -0.055  -0.005   0.029  -0.053   0.027   0.022   0.012   0.019   0.031  -0.020  -0.015  -0.027   0.012  -0.001   0.030   0.008 
