# smm_align_hmm_flank -blr -hmm /home/projects/mniel/BPeters_ClassII_Benchmark/NN-align/data_20112009/class_II_random_split_5cv/HLA-DRB10405/gibbsmat/1.gibbs.avemat -la 0.02 -p1a -m f001.la.sp.mat.23 -s 23 -ft /home/projects/mniel/BPeters_ClassII_Benchmark/data_20112009/class_II_random_split_5cv//HLA-DRB10405_test_random_1.txt.log50k -cc -fl 3 -- 
# WHMM 0.0145 0.0437 0.1244 0.0514 0.0835 0.0103 0.0933 0.0374 0.0035
# E 0.027877
# DR 0.028233
# FCC 0.695824
# T 0.000001
# NT 20
# ITR 2500

Last position-specific scoring matrix computed       
            A       R       N       D       C       Q       E       G       H       I       L       K       M       F       P       S       T       W       Y       V 
  0 A   0.034   0.052  -0.041  -0.036  -0.014  -0.026  -0.018   0.005  -0.022  -0.045   0.064   0.024  -0.107   0.057   0.023   0.070  -0.000  -0.022   0.027  -0.027 
  1 A  -0.062  -0.136  -0.134  -0.116  -0.097  -0.081  -0.108  -0.101  -0.094   0.083   0.173  -0.085   0.014   0.258  -0.094  -0.100  -0.055   0.089   0.238   0.040 
  2 A  -0.008   0.045   0.082   0.011  -0.060   0.022  -0.087  -0.022   0.003   0.113   0.026   0.079   0.034  -0.124  -0.101  -0.020   0.017  -0.094  -0.032   0.033 
  3 A   0.081   0.117   0.004  -0.240  -0.213   0.032  -0.056   0.063   0.056  -0.025   0.091  -0.006   0.014  -0.166  -0.101   0.102   0.003   0.069   0.055  -0.020 
  4 A  -0.016  -0.140  -0.040   0.046  -0.108   0.003  -0.088  -0.091  -0.139   0.127   0.124  -0.086   0.117   0.160  -0.178   0.061   0.065  -0.245  -0.017   0.077 
  5 A  -0.060   0.007   0.012  -0.098   0.035  -0.079   0.011  -0.096  -0.063   0.038   0.098   0.048   0.003   0.079   0.004  -0.050  -0.013   0.002   0.028   0.063 
  6 A  -0.028   0.002   0.076  -0.007  -0.097  -0.027  -0.011  -0.027  -0.015   0.009  -0.003  -0.019  -0.016  -0.033   0.036   0.074   0.047  -0.007  -0.040   0.046 
  7 A   0.093  -0.096   0.043  -0.145  -0.264   0.030   0.023  -0.038  -0.123   0.074   0.087  -0.132   0.082   0.008  -0.009   0.043   0.076  -0.081   0.008   0.045 
  8 A   0.016   0.042  -0.027   0.023  -0.096  -0.019  -0.038   0.012   0.019  -0.014   0.014  -0.043   0.012   0.019   0.130   0.040   0.014  -0.069   0.021  -0.033 
  9 A   0.005   0.012   0.098   0.039  -0.034  -0.056   0.027  -0.073  -0.008   0.045   0.034  -0.029   0.023  -0.026  -0.098   0.013   0.038  -0.034  -0.043   0.056 
 10 A   0.021  -0.034  -0.029   0.034  -0.106   0.042   0.004   0.024  -0.026  -0.025   0.045   0.028  -0.013   0.016   0.055  -0.045   0.053  -0.021  -0.042   0.020 
