H2-IAb	1	0	1	0
H2-IAd	1	0	1	0
H2-IEd	0	0	1	0
DPA1*01-DPB1*04:01	1	1	1	0
DPA1*01:03-DPB1*02:01	1	1	1	0
DPA1*02:01-DPB1*01:01	1	1	1	0
DPA1*02:01-DPB1*05:01	1	1	1	0
DPA1*03:01-DPB1*04:02	1	1	1	0
DQA1*01:01-DQB1*05:01	1	1	1	0
DQA1*01:02-DQB1*06:02	1	1	1	0
DQA1*03:01-DQB1*03:02	1	1	1	0
DQA1*04:01-DQB1*04:02	1	1	1	0
DQA1*05:01-DQB1*02:01	1	1	1	0
DQA1*05:01-DQB1*03:01	1	1	1	0
DRB1*01:01	1	1	1	1
DRB1*01:02	0	0	0	1
DRB1*03:01	1	0	1	1
DRB1*03:05	0	0	0	1
DRB1*03:06	0	0	0	1
DRB1*03:07	0	0	0	1
DRB1*03:08	0	0	0	1
DRB1*03:09	0	0	0	1
DRB1*04:01	1	0	1	1
DRB1*04:02	0	0	0	1
DRB1*04:04	1	0	1	1
DRB1*04:05	1	0	1	1
DRB1*04:08	0	0	0	1
DRB1*04:10	0	0	0	1
DRB1*04:21	0	0	0	1
DRB1*04:23	0	0	0	1
DRB1*04:26	0	0	0	1
DRB1*07:01	1	1	1	1
DRB1*07:03	0	0	0	1
DRB1*08:01	0	0	0	1
DRB1*08:02	1	0	1	1
DRB1*08:04	0	0	0	1
DRB1*08:06	0	0	0	1
DRB1*08:13	0	0	0	1
DRB1*08:17	0	0	0	1
DRB1*09:01	1	1	1	0
DRB1*11:01	1	0	1	1
DRB1*11:02	0	0	0	1
DRB1*11:04	0	0	0	1
DRB1*11:06	0	0	0	1
DRB1*11:07	0	0	0	1
DRB1*11:14	0	0	0	1
DRB1*11:20	0	0	0	1
DRB1*11:21	0	0	0	1
DRB1*11:28	0	0	0	1
DRB1*12:01	1	0	1	0
DRB1*13:01	0	0	0	1
DRB1*13:02	1	0	1	1
DRB1*13:04	0	0	0	1
DRB1*13:05	0	0	0	1
DRB1*13:07	0	0	0	1
DRB1*13:11	0	0	0	1
DRB1*13:21	0	0	0	1
DRB1*13:22	0	0	0	1
DRB1*13:23	0	0	0	1
DRB1*13:27	0	0	0	1
DRB1*13:28	0	0	0	1
DRB1*15:01	1	0	1	1
DRB1*15:02	0	0	0	1
DRB1*15:06	0	0	0	1
DRB3*01:01	1	1	1	0
DRB4*01:01	1	1	1	0
DRB5*01:01	1	0	1	1
DRB5*01:05	0	0	0	1
