# smm_align_hmm_flank -blr -hmm /home/projects/mniel/BPeters_ClassII_Benchmark/NN-align/data_20112009/class_II_random_split_5cv/HLA-DPA101-DPB10401/gibbsmat/3.gibbs.avemat -la 0.02 -p1a -m f003.la.sp.mat.13 -s 13 -ft /home/projects/mniel/BPeters_ClassII_Benchmark/data_20112009/class_II_random_split_5cv//HLA-DPA101-DPB10401_test_random_3.txt.log50k -cc -fl 3 -- 
# WHMM 0.0137 0.0431 0.0430 0.0042 0.0343 0.0549 0.0012 0.0053 0.0078
# E 0.018079
# DR 0.028233
# FCC 0.924879
# T 0.000001
# NT 20
# ITR 2500

Last position-specific scoring matrix computed       
            A       R       N       D       C       Q       E       G       H       I       L       K       M       F       P       S       T       W       Y       V 
  0 A   0.036  -0.029   0.056  -0.042   0.008  -0.066   0.037   0.043  -0.031   0.027   0.024   0.042  -0.028   0.033  -0.083  -0.034  -0.048   0.014   0.030   0.010 
  1 A  -0.083  -0.070  -0.101  -0.067  -0.065  -0.063  -0.047  -0.094  -0.020   0.031   0.073  -0.064   0.047   0.226  -0.139  -0.109  -0.040   0.110   0.135   0.018 
  2 A   0.031  -0.029  -0.123  -0.084  -0.066   0.079  -0.037  -0.123  -0.050  -0.026   0.057  -0.003   0.030   0.126  -0.141   0.033  -0.030   0.098   0.019   0.041 
  3 A   0.079  -0.018  -0.054  -0.090  -0.041  -0.023  -0.062   0.078  -0.017  -0.065  -0.068  -0.021  -0.025  -0.016  -0.037   0.061   0.007   0.111   0.062  -0.010 
  4 A  -0.019  -0.013  -0.015   0.020   0.000   0.002   0.080  -0.039   0.035   0.034  -0.060  -0.053  -0.010  -0.077   0.019   0.045   0.081  -0.024  -0.034   0.000 
  5 A  -0.082   0.057  -0.018  -0.035   0.001   0.052  -0.079  -0.024  -0.043   0.038  -0.005   0.016  -0.083   0.102  -0.002  -0.023   0.048   0.030   0.038  -0.034 
  6 A  -0.053  -0.045  -0.161  -0.185  -0.073   0.091  -0.062  -0.055  -0.050  -0.001   0.073  -0.059  -0.005   0.284  -0.048  -0.003  -0.046   0.005   0.159  -0.006 
  7 A   0.059  -0.035   0.021  -0.010  -0.024  -0.000   0.045  -0.063  -0.015   0.004   0.158  -0.060   0.024  -0.006  -0.001  -0.020  -0.003  -0.032  -0.047  -0.002 
  8 A   0.021   0.068   0.050  -0.024  -0.038  -0.015   0.058  -0.065  -0.041  -0.002   0.067   0.049  -0.040  -0.013   0.040  -0.064   0.021  -0.067   0.005  -0.035 
  9 A   0.026  -0.048  -0.067  -0.009  -0.073   0.000  -0.054  -0.052   0.014   0.112   0.142  -0.073  -0.015   0.014  -0.051   0.003  -0.030   0.022  -0.007   0.091 
 10 A  -0.011   0.031   0.031   0.050  -0.030  -0.062   0.009   0.006  -0.022   0.000  -0.027   0.030  -0.039   0.049   0.043   0.044  -0.032   0.039  -0.040  -0.070 
