# smm_align_hmm_flank -blr -hmm /home/projects/mniel/BPeters_ClassII_Benchmark/NN-align/nooverlap-3/HLA-DRB11101/gibbsmat/1.gibbs.avemat -bl -la 0.02 -p1a -m f001.la.bl.mat.10 -s 10 -ft /home/projects/mniel/BPeters_ClassII_Benchmark/class_II_nooverlap_core_5cv-3//HLA-DRB11101_test_nooverlap_1.txt.log50k -cc -fl 3 -- 
# WHMM 0.0002 0.0210 0.0536 0.0998 0.0477 0.0814 0.0674 0.0251 0.0426
# E 0.027373
# DR 0.023100
# FCC 0.734053
# T 0.000001
# NT 20
# ITR 2500

Last position-specific scoring matrix computed       
            A       R       N       D       C       Q       E       G       H       I       L       K       M       F       P       S       T       W       Y       V 
  0 A  -0.005   0.005   0.015   0.013   0.021   0.017  -0.030  -0.008  -0.014   0.000   0.080  -0.008  -0.093   0.012  -0.023   0.032   0.016   0.015  -0.015  -0.031 
  1 A  -0.066  -0.031  -0.106  -0.137  -0.123  -0.049  -0.082  -0.124   0.048   0.131   0.130  -0.082   0.122   0.257  -0.072  -0.113  -0.079   0.184   0.273   0.090 
  2 A  -0.005   0.066   0.046  -0.035  -0.025  -0.002   0.009  -0.037   0.064   0.063   0.029   0.062   0.066   0.059  -0.092  -0.028  -0.002  -0.097   0.063   0.060 
  3 A  -0.006   0.020  -0.108  -0.135  -0.030   0.031  -0.045  -0.075   0.057   0.047   0.078   0.084   0.072   0.020  -0.070   0.053   0.047   0.059   0.027   0.007 
  4 A   0.017  -0.098   0.036  -0.068   0.038  -0.066  -0.096  -0.098  -0.129   0.043   0.102  -0.080   0.099   0.013  -0.241   0.015   0.030  -0.316  -0.095   0.023 
  5 A  -0.009   0.036  -0.027  -0.046   0.017   0.048  -0.018  -0.095  -0.031   0.010   0.023   0.075   0.072   0.007   0.047  -0.010  -0.036   0.083   0.055  -0.002 
  6 A   0.023   0.200   0.051  -0.173  -0.111  -0.027  -0.082  -0.020   0.182  -0.014  -0.021   0.196  -0.025  -0.119   0.005   0.014  -0.013  -0.204  -0.006  -0.005 
  7 A  -0.009   0.134  -0.022  -0.128  -0.062  -0.086  -0.041  -0.074   0.008   0.025   0.040   0.090  -0.000   0.005  -0.020  -0.003  -0.008  -0.010   0.048   0.024 
  8 A   0.053   0.098  -0.022  -0.100  -0.095   0.026  -0.082   0.049  -0.023   0.021   0.088   0.069   0.093   0.038   0.030   0.079   0.017  -0.137   0.008   0.011 
  9 A   0.078   0.028   0.051  -0.064  -0.107   0.077  -0.055   0.064   0.060   0.048   0.012   0.043   0.035  -0.018  -0.043   0.124   0.072  -0.105   0.023   0.076 
 10 A   0.068   0.048  -0.026  -0.049  -0.015   0.020  -0.035   0.011  -0.050   0.024   0.022   0.027   0.035  -0.011   0.003  -0.017  -0.060   0.037  -0.032   0.000 
