# smm_align_hmm_flank -blr -hmm /home/projects/mniel/BPeters_ClassII_Benchmark/NN-align/data_20112009/class_II_random_split_5cv/HLA-DRB11101/gibbsmat/1.gibbs.avemat -la 0.02 -p1a -m f001.la.sp.mat.23 -s 23 -ft /home/projects/mniel/BPeters_ClassII_Benchmark/data_20112009/class_II_random_split_5cv//HLA-DRB11101_test_random_1.txt.log50k -cc -fl 3 -- 
# WHMM 0.0074 0.0278 0.0390 0.0714 0.0570 0.1064 0.0577 0.0440 0.0851
# E 0.029136
# DR 0.028233
# FCC 0.706595
# T 0.000001
# NT 20
# ITR 2500

Last position-specific scoring matrix computed       
            A       R       N       D       C       Q       E       G       H       I       L       K       M       F       P       S       T       W       Y       V 
  0 A   0.015   0.051   0.006   0.035  -0.012  -0.080   0.039   0.007   0.004   0.044   0.017  -0.073  -0.121   0.014   0.002  -0.003  -0.006  -0.037   0.054   0.044 
  1 A  -0.072  -0.162  -0.054  -0.083  -0.071  -0.052  -0.058  -0.049  -0.077   0.085   0.095  -0.042   0.032   0.223  -0.101  -0.051  -0.057   0.114   0.181   0.019 
  2 A  -0.007   0.003   0.000  -0.022  -0.070  -0.042  -0.038  -0.026   0.068   0.061   0.050   0.055   0.002   0.007  -0.111   0.005  -0.005  -0.001   0.011   0.022 
  3 A  -0.016   0.077  -0.043  -0.076  -0.052  -0.007  -0.044  -0.090   0.010   0.020  -0.008   0.035   0.009   0.070  -0.072   0.021  -0.016  -0.045   0.106   0.058 
  4 A   0.062  -0.175  -0.003  -0.070   0.075   0.030  -0.108  -0.104  -0.122   0.167   0.214  -0.197   0.145  -0.000  -0.162  -0.018   0.006  -0.195  -0.118   0.099 
  5 A   0.038   0.062   0.008  -0.031  -0.042   0.008  -0.102  -0.093  -0.098   0.033   0.093   0.056  -0.022  -0.088  -0.001   0.093  -0.032   0.035  -0.001   0.033 
  6 A   0.057   0.239   0.139  -0.181  -0.133  -0.061  -0.031   0.089   0.050  -0.007  -0.168   0.181  -0.138  -0.248   0.019   0.084   0.056  -0.128  -0.128  -0.056 
  7 A  -0.013   0.113  -0.002  -0.085  -0.070  -0.068  -0.042  -0.030  -0.016   0.066   0.035   0.114   0.060  -0.097   0.031  -0.023   0.002  -0.024   0.009  -0.056 
  8 A   0.009   0.043  -0.086  -0.108  -0.039  -0.021  -0.067   0.032   0.108  -0.051   0.047   0.042  -0.030   0.068   0.009   0.037   0.008  -0.066   0.050  -0.006 
  9 A   0.076  -0.028  -0.063  -0.143  -0.171   0.001  -0.100   0.031  -0.118   0.011   0.095  -0.022  -0.039  -0.029  -0.061   0.131   0.072   0.076  -0.037   0.093 
 10 A   0.019   0.004   0.005  -0.028  -0.096  -0.034   0.039   0.034  -0.010   0.017   0.052   0.091   0.053  -0.007   0.004  -0.051  -0.030  -0.085  -0.023   0.046 
