# smm_align_hmm_flank -blr -hmm /home/projects/mniel/BPeters_ClassII_Benchmark/NN-align/nooverlap-3/HLA-DRB11302/gibbsmat/4.gibbs.avemat -la 0.02 -p1a -m f004.la.sp.mat.15 -s 15 -ft /home/projects/mniel/BPeters_ClassII_Benchmark/class_II_nooverlap_core_5cv-3//HLA-DRB11302_test_nooverlap_4.txt.log50k -cc -fl 3 -- 
# WHMM 0.0025 0.0679 0.0322 0.0700 0.0258 0.0758 0.0282 0.0020 0.0667
# E 0.033657
# DR 0.034508
# FCC 0.651191
# T 0.000001
# NT 20
# ITR 2500

Last position-specific scoring matrix computed       
            A       R       N       D       C       Q       E       G       H       I       L       K       M       F       P       S       T       W       Y       V 
  0 A   0.019   0.030  -0.007   0.033  -0.042   0.005   0.058  -0.009  -0.000  -0.025   0.029  -0.027  -0.103  -0.075   0.070   0.068   0.022  -0.018   0.000  -0.028 
  1 A  -0.051  -0.023  -0.035  -0.052  -0.034  -0.033  -0.052  -0.033  -0.099   0.188   0.142  -0.030   0.027   0.065  -0.059  -0.044  -0.079   0.024   0.010   0.106 
  2 A  -0.040   0.002   0.029  -0.052  -0.064   0.014  -0.107  -0.140  -0.007   0.077   0.038   0.006   0.052   0.093  -0.127   0.007  -0.031   0.005  -0.006   0.086 
  3 A  -0.020   0.079   0.004  -0.008  -0.042  -0.040   0.018  -0.066   0.045  -0.049   0.066   0.116  -0.020   0.031  -0.006  -0.055  -0.012   0.006  -0.005  -0.109 
  4 A   0.048  -0.163   0.206   0.046  -0.018  -0.047  -0.083   0.055  -0.009   0.037  -0.077  -0.048   0.052  -0.105  -0.121   0.121  -0.003  -0.215  -0.048   0.080 
  5 A   0.020   0.001   0.122  -0.002  -0.020   0.020  -0.010  -0.036   0.000   0.021  -0.043   0.005   0.013  -0.041  -0.050  -0.017   0.014  -0.048   0.044  -0.034 
  6 A   0.091   0.002   0.005  -0.100  -0.046  -0.053  -0.030   0.027  -0.113  -0.028  -0.079  -0.031  -0.050  -0.099   0.146   0.083   0.067  -0.079   0.061  -0.023 
  7 A   0.070  -0.017   0.052  -0.080  -0.071  -0.017  -0.058   0.028  -0.079   0.039   0.056  -0.051   0.028  -0.015   0.001   0.036  -0.046  -0.070  -0.017   0.116 
  8 A  -0.014  -0.028   0.097  -0.074  -0.041   0.017  -0.015  -0.026   0.039   0.051   0.055   0.053  -0.021  -0.004   0.013   0.035  -0.034  -0.053  -0.035  -0.018 
  9 A  -0.003  -0.104  -0.034  -0.041  -0.081   0.079  -0.087  -0.113  -0.096   0.133   0.072  -0.008  -0.014   0.056   0.001  -0.029  -0.006  -0.027   0.041   0.106 
 10 A   0.015   0.015   0.013   0.025  -0.066  -0.013   0.037  -0.013  -0.027   0.030   0.026   0.017  -0.130  -0.024  -0.046   0.011   0.011   0.006   0.044   0.069 
