# smm_align_hmm_flank -blr -hmm /home/projects/mniel/BPeters_ClassII_Benchmark/NN-align/data_20112009/class_II_random_split_5cv/H-2-IAd/gibbsmat/2.gibbs.avemat -bl -la 0.02 -m f002.la.bl.mat.10 -s 10 -ft /home/projects/mniel/BPeters_ClassII_Benchmark/data_20112009/class_II_random_split_5cv//H-2-IAd_test_random_2.txt.log50k -cc -fl 3 -- 
# WHMM 0.0738 0.0010 0.0816 0.0262 0.0254 0.0759 0.0359 0.0450 0.1225
# E 0.020032
# DR 0.018900
# FCC 0.832749
# T 0.000001
# NT 20
# ITR 2500

Last position-specific scoring matrix computed       
            A       R       N       D       C       Q       E       G       H       I       L       K       M       F       P       S       T       W       Y       V 
  0 A   0.007  -0.012  -0.010  -0.004   0.021   0.036   0.037  -0.029  -0.008  -0.031  -0.003   0.047  -0.048   0.011  -0.029   0.060  -0.032   0.013  -0.018  -0.006 
  1 A  -0.078  -0.029  -0.154  -0.223   0.040   0.162  -0.023  -0.267   0.130   0.061   0.107  -0.072   0.273  -0.006  -0.126  -0.074   0.017   0.108   0.134   0.049 
  2 A  -0.039   0.055  -0.106  -0.225   0.129  -0.118  -0.135  -0.074  -0.104   0.055   0.036   0.006   0.078   0.087  -0.056   0.016   0.085   0.151   0.032   0.078 
  3 A   0.145  -0.006  -0.109  -0.142   0.048   0.057  -0.026  -0.035  -0.048  -0.026  -0.081  -0.029   0.135  -0.256  -0.091   0.059  -0.033  -0.063  -0.131  -0.010 
  4 A   0.001   0.019  -0.160  -0.070  -0.104  -0.077   0.026  -0.045  -0.067   0.073   0.134  -0.009   0.063  -0.105  -0.132  -0.101  -0.006  -0.031  -0.160   0.069 
  5 A  -0.029   0.028  -0.017   0.101  -0.320   0.009   0.079  -0.018  -0.075  -0.007  -0.027   0.077  -0.037  -0.088   0.045  -0.021   0.040  -0.028  -0.158  -0.022 
  6 A   0.096  -0.052   0.000   0.039  -0.099  -0.103  -0.105  -0.152   0.042   0.071  -0.073  -0.107  -0.039  -0.111  -0.005   0.072  -0.003  -0.234  -0.041   0.047 
  7 A  -0.080  -0.008  -0.006  -0.133  -0.076   0.063  -0.068  -0.090   0.068   0.088   0.087   0.012   0.055   0.097  -0.176  -0.042  -0.002   0.137   0.119   0.050 
  8 A  -0.031   0.020  -0.099   0.002  -0.024  -0.068  -0.047  -0.061  -0.152  -0.078   0.068   0.008  -0.115  -0.121   0.065   0.001  -0.036  -0.231  -0.229  -0.069 
  9 A   0.208  -0.137  -0.137   0.111  -0.364  -0.173  -0.053  -0.117  -0.023   0.058   0.060  -0.154  -0.001  -0.116   0.024   0.004  -0.030  -0.112  -0.023   0.167 
 10 A   0.020   0.005   0.010   0.018  -0.009  -0.001   0.008   0.004   0.058  -0.028   0.026   0.006   0.022  -0.015   0.028  -0.040  -0.020  -0.011  -0.029  -0.052 
