# smm_align_hmm_flank -blr -hmm /home/projects/mniel/BPeters_ClassII_Benchmark/NN-align/nooverlap-3/HLA-DRB11501/gibbsmat/1.gibbs.avemat -bl -la 0.02 -p1a -m f001.la.bl.mat.24 -s 24 -ft /home/projects/mniel/BPeters_ClassII_Benchmark/class_II_nooverlap_core_5cv-3//HLA-DRB11501_test_nooverlap_1.txt.log50k -cc -fl 3 -- 
# WHMM 0.0017 0.0288 0.0281 0.0647 0.0885 0.0725 0.0583 0.0106 0.0028
# E 0.036840
# DR 0.023100
# FCC 0.658285
# T 0.000001
# NT 20
# ITR 2500

Last position-specific scoring matrix computed       
            A       R       N       D       C       Q       E       G       H       I       L       K       M       F       P       S       T       W       Y       V 
  0 A   0.037   0.006  -0.006  -0.022   0.000  -0.021  -0.048  -0.048  -0.016   0.086   0.023   0.008   0.008  -0.018   0.054  -0.007  -0.021   0.006  -0.009  -0.013 
  1 A  -0.033  -0.084  -0.086  -0.104  -0.066  -0.089  -0.092  -0.068  -0.027   0.153   0.134  -0.097   0.115   0.155  -0.071  -0.092  -0.037   0.088   0.137   0.126 
  2 A  -0.032   0.056   0.024  -0.118  -0.110  -0.059  -0.064  -0.038   0.009   0.117   0.068   0.051   0.092   0.027  -0.120  -0.054  -0.040   0.034   0.009   0.085 
  3 A   0.018   0.086  -0.053  -0.111  -0.162   0.017  -0.039   0.016   0.021   0.037   0.059   0.060   0.038   0.088  -0.001   0.005  -0.043  -0.019   0.115   0.004 
  4 A  -0.080  -0.038  -0.037  -0.071  -0.099  -0.007  -0.058  -0.140   0.036   0.126   0.107  -0.029   0.129   0.196  -0.104  -0.030  -0.007   0.018   0.125   0.054 
  5 A   0.013   0.054  -0.024  -0.039  -0.045   0.073  -0.069  -0.008  -0.105   0.019   0.008   0.083   0.038  -0.101   0.024   0.015  -0.059   0.087   0.027  -0.009 
  6 A   0.118  -0.019   0.107  -0.077   0.070  -0.045   0.004   0.109  -0.029  -0.045  -0.032   0.004  -0.006  -0.181   0.072   0.120   0.019  -0.249  -0.132  -0.025 
  7 A  -0.006  -0.010   0.040  -0.078   0.006  -0.011  -0.059  -0.034   0.020   0.015  -0.035   0.004  -0.037   0.105  -0.047   0.015  -0.041   0.087   0.124   0.013 
  8 A  -0.009   0.088  -0.055  -0.095   0.042  -0.039  -0.087  -0.220   0.062   0.090   0.092   0.038   0.058   0.071   0.018  -0.030   0.024  -0.047   0.107   0.093 
  9 A   0.084   0.080  -0.027  -0.088  -0.061   0.016  -0.017  -0.032  -0.014   0.054   0.093   0.031   0.122   0.036  -0.095   0.033   0.056   0.119   0.096   0.074 
 10 A   0.049   0.010  -0.016  -0.049  -0.028  -0.004  -0.017  -0.004   0.011   0.025   0.021   0.021  -0.014   0.032  -0.003   0.000  -0.011  -0.006  -0.018   0.001 
