A	-999.00	0.00	0.00	0.00	-	0.00	0.00	-	0.00
D	-999.00	-1.30	-1.30	-1.60	-	-2.50	-1.30	-	-1.20
E	-999.00	0.10	-1.20	-1.40	-	-2.50	0.90	-	-0.30
F	0.00	0.80	0.80	0.20	-	-0.80	2.10	-	2.10
G	-999.00	0.50	0.20	-1.10	-	-0.60	0.00	-	-0.60
H	-999.00	0.80	0.20	0.10	-	-0.80	0.90	-	-0.20
I	-1.00	1.10	1.50	1.10	-	-0.50	2.40	-	3.40
K	-999.00	1.10	0.00	-1.30	-	-1.10	0.50	-	-1.10
L	-1.00	1.00	1.00	-0.80	-	-0.90	2.20	-	3.40
M	-1.00	1.10	1.40	-0.40	-	-0.80	1.80	-	2.00
N	-999.00	0.80	0.50	-1.10	-	-0.60	1.40	-	-0.50
P	-999.00	-0.50	0.30	-1.20	-	-0.50	-0.20	-	-0.60
Q	-999.00	1.20	0.00	-1.50	-	-1.10	1.10	-	-0.90
R	-999.00	2.20	0.70	-1.10	-	-1.10	0.70	-	-0.80
S	-999.00	-0.30	0.20	1.50	-	0.60	0.40	-	-0.30
T	-999.00	0.00	0.00	1.40	-	-0.08	0.90	-	0.40
V	-1.00	2.10	0.50	0.90	-	0.10	1.60	-	2.00
W	0.00	-0.10	0.00	-1.10	-	-0.90	1.40	-	0.80
Y	0.00	0.90	0.80	-0.90	-	-1.00	1.70	-	1.10
