# smm_align_hmm_flank -blr -hmm /home/projects/mniel/BPeters_ClassII_Benchmark/NN-align/data_20112009/class_II_random_split_5cv/H-2-IAb/gibbsmat/2.gibbs.avemat -la 0.02 -m f002.la.sp.mat.25 -s 25 -ft /home/projects/mniel/BPeters_ClassII_Benchmark/data_20112009/class_II_random_split_5cv//H-2-IAb_test_random_2.txt.log50k -cc -fl 3 -- 
# WHMM 0.0213 0.0997 0.0696 0.0547 0.0279 0.0745 0.0314 0.0748 0.0831
# E 0.016717
# DR 0.028233
# FCC 0.803913
# T 0.000001
# NT 20
# ITR 2500

Last position-specific scoring matrix computed       
            A       R       N       D       C       Q       E       G       H       I       L       K       M       F       P       S       T       W       Y       V 
  0 A  -0.038   0.008  -0.016   0.020  -0.005   0.000  -0.027  -0.054  -0.002   0.032   0.095   0.038  -0.006   0.005   0.049   0.014  -0.057  -0.030  -0.040   0.014 
  1 A  -0.012  -0.008  -0.051   0.024  -0.104  -0.037  -0.117   0.037  -0.024  -0.028  -0.007  -0.031  -0.070   0.160  -0.057   0.034  -0.017   0.030   0.109  -0.020 
  2 A  -0.059   0.024   0.057  -0.222  -0.214  -0.056  -0.050  -0.197   0.103   0.009   0.006   0.021   0.105  -0.022  -0.174  -0.015   0.005   0.096   0.063   0.054 
  3 A   0.117  -0.084  -0.056  -0.165  -0.134   0.076  -0.043  -0.079  -0.001  -0.103  -0.048  -0.049  -0.110   0.107   0.066  -0.001  -0.045   0.178   0.144   0.033 
  4 A   0.075  -0.090   0.069  -0.101  -0.038   0.131  -0.055  -0.040  -0.047  -0.083  -0.029  -0.009  -0.002  -0.108   0.127   0.053   0.017  -0.101  -0.034  -0.046 
  5 A  -0.038   0.045  -0.069  -0.073  -0.052   0.025  -0.126   0.139  -0.006  -0.051   0.027  -0.040  -0.009   0.048   0.125   0.019   0.022  -0.109  -0.033  -0.019 
  6 A   0.104  -0.127   0.009  -0.085  -0.124  -0.031  -0.066   0.015  -0.009  -0.053  -0.009  -0.019  -0.076  -0.080   0.135   0.124   0.014  -0.200  -0.108   0.062 
  7 A  -0.059  -0.030   0.053  -0.077  -0.052  -0.015  -0.009  -0.011   0.004   0.013  -0.050   0.035  -0.048  -0.123   0.112   0.052   0.039   0.054  -0.071  -0.066 
  8 A   0.144  -0.079  -0.105  -0.197  -0.104  -0.055  -0.015  -0.127   0.043   0.017   0.032  -0.034   0.014  -0.074   0.083   0.046   0.074  -0.141  -0.166  -0.006 
  9 A   0.107  -0.130   0.059  -0.144  -0.180  -0.065  -0.100  -0.098  -0.035   0.087   0.067  -0.084   0.032  -0.031  -0.047   0.054   0.006  -0.212  -0.141   0.106 
 10 A   0.029   0.019   0.030  -0.011  -0.008   0.029   0.001   0.043  -0.073   0.006  -0.031   0.055  -0.044   0.004   0.017   0.012  -0.037  -0.041  -0.008   0.006 
