# smm_align_hmm_flank -blr -hmm /home/projects/mniel/BPeters_ClassII_Benchmark/NN-align/data_20112009/class_II_random_split_5cv/HLA-DRB10301/gibbsmat/4.gibbs.avemat -la 0.02 -p1a -m f004.la.sp.mat.16 -s 16 -ft /home/projects/mniel/BPeters_ClassII_Benchmark/data_20112009/class_II_random_split_5cv//HLA-DRB10301_test_random_4.txt.log50k -cc -fl 3 -- 
# WHMM 0.0125 0.0410 0.0425 0.0925 0.0385 0.0424 0.0102 0.0549 0.0582
# E 0.022557
# DR 0.028233
# FCC 0.704439
# T 0.000001
# NT 20
# ITR 2500

Last position-specific scoring matrix computed       
            A       R       N       D       C       Q       E       G       H       I       L       K       M       F       P       S       T       W       Y       V 
  0 A  -0.003   0.008  -0.006  -0.017  -0.020   0.036  -0.004   0.071  -0.032  -0.000  -0.001   0.041   0.010  -0.014  -0.022  -0.006  -0.011  -0.028  -0.004   0.006 
  1 A  -0.065  -0.128  -0.078  -0.089  -0.033  -0.094  -0.048  -0.118  -0.070   0.160   0.115  -0.064   0.034   0.116  -0.057  -0.046  -0.047   0.049   0.023   0.123 
  2 A  -0.078   0.075  -0.030  -0.086   0.001   0.010  -0.071  -0.042  -0.084   0.095   0.078  -0.029   0.038   0.036  -0.131  -0.032   0.004  -0.036  -0.013   0.068 
  3 A  -0.018  -0.019  -0.023  -0.078  -0.046  -0.005   0.008  -0.062  -0.046   0.070   0.060   0.000   0.046  -0.112  -0.030   0.007   0.031   0.095   0.011   0.027 
  4 A   0.096  -0.123   0.117   0.300  -0.206  -0.018   0.084  -0.008   0.024  -0.204  -0.214   0.006   0.013  -0.139  -0.120   0.140   0.000  -0.308  -0.070  -0.184 
  5 A  -0.018   0.085  -0.009  -0.014  -0.034  -0.018   0.002  -0.049  -0.009   0.032   0.058  -0.062  -0.020  -0.002   0.005  -0.038   0.036   0.006  -0.022   0.017 
  6 A   0.055   0.081  -0.010   0.036  -0.052   0.005  -0.030  -0.054   0.069  -0.015  -0.089   0.061  -0.088  -0.077   0.049   0.006   0.034  -0.190  -0.068   0.026 
  7 A  -0.032   0.032   0.017  -0.032  -0.056   0.018   0.023  -0.016  -0.030   0.034   0.053   0.002   0.051   0.005  -0.004   0.024  -0.025  -0.024  -0.067  -0.000 
  8 A   0.030   0.041  -0.062  -0.015  -0.042  -0.071   0.007  -0.067  -0.067  -0.015   0.080   0.026   0.037   0.055   0.022  -0.000  -0.033  -0.067  -0.018  -0.001 
  9 A  -0.045   0.096  -0.087  -0.067  -0.073  -0.031  -0.046  -0.117  -0.043   0.059   0.101  -0.039   0.033   0.040  -0.062  -0.023  -0.034  -0.157   0.062   0.033 
 10 A   0.020   0.012  -0.006   0.006   0.032   0.013  -0.013  -0.036  -0.028  -0.012   0.077  -0.004  -0.024   0.010  -0.020  -0.013  -0.024  -0.002   0.002   0.008 
