# smm_align_hmm_flank -blr -hmm /home/projects/mniel/BPeters_ClassII_Benchmark/NN-align/data_20112009/class_II_random_split_5cv/HLA-DPB10301-DPB10401/gibbsmat/1.gibbs.avemat -la 0.02 -p1a -m f001.la.sp.mat.21 -s 21 -ft /home/projects/mniel/BPeters_ClassII_Benchmark/data_20112009/class_II_random_split_5cv//HLA-DPB10301-DPB10401_test_random_1.txt.log50k -cc -fl 3 -- 
# WHMM 0.0131 0.0363 0.0581 0.0705 0.0343 0.0600 0.0644 0.0381 0.0565
# E 0.020770
# DR 0.028233
# FCC 0.815733
# T 0.000001
# NT 20
# ITR 2500

Last position-specific scoring matrix computed       
            A       R       N       D       C       Q       E       G       H       I       L       K       M       F       P       S       T       W       Y       V 
  0 A   0.041  -0.001  -0.032  -0.043   0.025  -0.005   0.008   0.005   0.002   0.056   0.047   0.060  -0.040  -0.008   0.033  -0.032  -0.007  -0.029  -0.032  -0.049 
  1 A  -0.077  -0.075  -0.060  -0.059  -0.052  -0.065  -0.071  -0.054  -0.036   0.040   0.062  -0.064   0.048   0.185  -0.110  -0.086  -0.034   0.059   0.072   0.075 
  2 A   0.067   0.022   0.073  -0.018  -0.156   0.100  -0.020   0.002  -0.101   0.025   0.038   0.031  -0.041  -0.059   0.005  -0.008  -0.043   0.050  -0.044  -0.041 
  3 A  -0.008  -0.108  -0.033  -0.132  -0.148  -0.016   0.048   0.009  -0.106   0.067   0.034   0.045  -0.095   0.046  -0.087   0.041   0.038   0.040   0.160   0.074 
  4 A  -0.088  -0.079  -0.127  -0.010  -0.131  -0.001  -0.014  -0.132   0.012   0.049   0.077  -0.176   0.071   0.157  -0.104   0.064   0.080  -0.069   0.031   0.032 
  5 A  -0.027   0.141  -0.018  -0.036  -0.041   0.072  -0.064  -0.048  -0.006  -0.095   0.018   0.028  -0.037   0.041  -0.013   0.050  -0.029  -0.035   0.087   0.039 
  6 A   0.007  -0.088  -0.168  -0.145  -0.021  -0.071  -0.047  -0.046  -0.123  -0.035  -0.022  -0.104   0.019   0.297  -0.087  -0.056  -0.011   0.047   0.199   0.021 
  7 A  -0.004  -0.092   0.093  -0.120  -0.071  -0.025   0.085  -0.033  -0.001   0.002   0.152  -0.050  -0.017  -0.070   0.067  -0.006  -0.015   0.091  -0.042   0.038 
  8 A  -0.077   0.030  -0.050  -0.013  -0.087   0.040  -0.008  -0.075   0.080   0.055   0.045  -0.103  -0.021  -0.020   0.085  -0.013   0.022  -0.055   0.029  -0.001 
  9 A   0.015   0.014  -0.082  -0.193   0.036  -0.006  -0.116  -0.105  -0.050   0.094   0.119  -0.081  -0.028   0.051  -0.012  -0.057  -0.025   0.099   0.012   0.097 
 10 A  -0.037   0.019   0.025   0.010  -0.043   0.075  -0.055  -0.016  -0.023   0.027  -0.005   0.070  -0.013   0.007   0.050   0.020  -0.054  -0.021   0.013  -0.049 
