# smm_align_hmm_flank -blr -hmm /home/projects/mniel/BPeters_ClassII_Benchmark/NN-align/nooverlap-3/HLA-DPA10103-DPB10201/gibbsmat/1.gibbs.avemat -bl -la 0.02 -p1a -m f001.la.bl.mat.19 -s 19 -ft /home/projects/mniel/BPeters_ClassII_Benchmark/class_II_nooverlap_core_5cv-3//HLA-DPA10103-DPB10201_test_nooverlap_1.txt.log50k -cc -fl 3 -- 
# WHMM 0.0022 0.0099 0.0428 0.0093 0.0046 0.0642 0.0167 0.0143 0.0001
# E 0.018090
# DR 0.018900
# FCC 0.914042
# T 0.000001
# NT 20
# ITR 2500

Last position-specific scoring matrix computed       
            A       R       N       D       C       Q       E       G       H       I       L       K       M       F       P       S       T       W       Y       V 
  0 A   0.025   0.030  -0.003  -0.025  -0.035   0.006   0.029   0.007   0.001   0.021  -0.008  -0.005  -0.038  -0.038   0.040   0.008  -0.018   0.007   0.012  -0.016 
  1 A  -0.057  -0.082  -0.111  -0.113  -0.016  -0.136  -0.100  -0.083  -0.093   0.122   0.132  -0.124   0.098   0.208  -0.086  -0.093  -0.038   0.103   0.135   0.091 
  2 A   0.078   0.002   0.015  -0.023  -0.040   0.041  -0.009   0.008  -0.054   0.070   0.013   0.066   0.016   0.048   0.015   0.059   0.028  -0.098   0.002   0.061 
  3 A   0.025  -0.022  -0.017  -0.025  -0.062  -0.022  -0.065   0.057  -0.129  -0.013   0.041  -0.018   0.063   0.102  -0.169  -0.024  -0.081  -0.047   0.149  -0.016 
  4 A   0.007   0.002  -0.007   0.018   0.032  -0.032   0.066  -0.084  -0.084   0.004   0.050  -0.004  -0.008   0.133  -0.012   0.071   0.080  -0.105   0.015   0.001 
  5 A   0.048   0.042  -0.115  -0.011  -0.050   0.095   0.043  -0.074   0.028  -0.008   0.025  -0.006   0.066  -0.033   0.019   0.012   0.035   0.128   0.074   0.037 
  6 A  -0.079  -0.121  -0.107  -0.134  -0.249   0.080  -0.089  -0.073   0.001   0.066   0.104  -0.144   0.019   0.258  -0.056  -0.106  -0.071   0.157   0.124   0.014 
  7 A   0.048   0.013  -0.010  -0.008  -0.069   0.006   0.079  -0.045   0.079  -0.027   0.020  -0.020   0.011   0.056  -0.013  -0.003  -0.008   0.026   0.075   0.010 
  8 A  -0.037  -0.005  -0.018  -0.026  -0.043  -0.080  -0.022  -0.066  -0.012   0.025   0.020   0.013   0.006   0.108   0.025  -0.013  -0.039  -0.039   0.068  -0.004 
  9 A   0.021  -0.034  -0.046  -0.048  -0.052   0.039   0.016  -0.005  -0.022   0.070   0.151  -0.014   0.056   0.013  -0.089  -0.035   0.008  -0.007  -0.039   0.056 
 10 A   0.003  -0.040   0.006   0.002   0.017  -0.004  -0.098  -0.050   0.048   0.001   0.107  -0.008   0.015  -0.012  -0.024  -0.010  -0.002  -0.002   0.033   0.018 
