# smm_align_hmm_flank -blr -hmm /home/projects/mniel/BPeters_ClassII_Benchmark/NN-align/data_20112009/class_II_random_split_5cv/HLA-DRB10802/gibbsmat/1.gibbs.avemat -bl -la 0.02 -p1a -m f001.la.bl.mat.23 -s 23 -ft /home/projects/mniel/BPeters_ClassII_Benchmark/data_20112009/class_II_random_split_5cv//HLA-DRB10802_test_random_1.txt.log50k -cc -fl 3 -- 
# WHMM 0.0023 0.0611 0.0704 0.0293 0.0461 0.0375 0.0595 0.0697 0.0264
# E 0.030610
# DR 0.018900
# FCC 0.591083
# T 0.000001
# NT 20
# ITR 2500

Last position-specific scoring matrix computed       
            A       R       N       D       C       Q       E       G       H       I       L       K       M       F       P       S       T       W       Y       V 
  0 A  -0.016  -0.007   0.019  -0.060  -0.015   0.032   0.030   0.021   0.029   0.021  -0.047   0.004  -0.011  -0.044  -0.003   0.006  -0.007  -0.001   0.020   0.030 
  1 A  -0.016  -0.112  -0.110  -0.113  -0.001  -0.112  -0.106  -0.071  -0.162   0.155   0.136  -0.127   0.093   0.122  -0.075  -0.079  -0.010   0.104   0.035   0.130 
  2 A  -0.035  -0.024   0.008  -0.081  -0.014  -0.014  -0.022  -0.073  -0.086   0.073   0.001   0.049   0.078   0.008  -0.123  -0.025   0.011   0.110  -0.017   0.059 
  3 A   0.041   0.159   0.023  -0.060  -0.359   0.026  -0.064   0.002   0.040   0.022  -0.042   0.077  -0.008  -0.106   0.015  -0.001   0.050  -0.300  -0.004   0.026 
  4 A  -0.017   0.017   0.003  -0.047  -0.050   0.023  -0.102  -0.092  -0.022   0.096   0.070   0.005   0.076   0.027  -0.166  -0.018   0.027   0.097   0.114   0.089 
  5 A   0.039  -0.016  -0.052  -0.047  -0.013  -0.012  -0.040  -0.076   0.004   0.024   0.022  -0.000  -0.041   0.004   0.021   0.000   0.020  -0.025  -0.093   0.036 
  6 A  -0.029  -0.044   0.055   0.001  -0.069  -0.015  -0.017   0.044  -0.098   0.055   0.030  -0.022   0.032  -0.169   0.055  -0.002   0.047  -0.131  -0.225   0.048 
  7 A   0.114   0.019  -0.036  -0.152  -0.052  -0.021  -0.012  -0.037  -0.039   0.036  -0.027   0.013   0.043  -0.026  -0.023   0.080   0.101  -0.005   0.001   0.093 
  8 A   0.055   0.044   0.078   0.047  -0.060   0.094  -0.081  -0.107  -0.034   0.036   0.032   0.021   0.040   0.015   0.088   0.113   0.039  -0.207   0.090   0.023 
  9 A   0.078  -0.002   0.034  -0.131   0.002   0.018  -0.009  -0.060   0.002   0.016   0.023  -0.016   0.052   0.096  -0.071   0.091   0.044   0.060   0.072   0.060 
 10 A   0.000  -0.001   0.003   0.014   0.014   0.044  -0.005   0.015   0.005  -0.014   0.029  -0.019   0.020  -0.018   0.013   0.013   0.002  -0.034  -0.048  -0.032 
