# smm_align_hmm_flank -blr -hmm /home/projects/mniel/BPeters_ClassII_Benchmark/NN-align/data_20112009/class_II_random_split_5cv/HLA-DPA10301-DPB10402/gibbsmat/0.gibbs.avemat -bl -la 0.02 -p1a -m f000.la.bl.mat.22 -s 22 -ft /home/projects/mniel/BPeters_ClassII_Benchmark/data_20112009/class_II_random_split_5cv//HLA-DPA10301-DPB10402_test_random_0.txt.log50k -cc -fl 3 -- 
# WHMM 0.0019 0.0396 0.0265 0.0452 0.0089 0.0373 0.0210 0.0128 0.0353
# E 0.017326
# DR 0.023100
# FCC 0.906251
# T 0.000001
# NT 20
# ITR 2500

Last position-specific scoring matrix computed       
            A       R       N       D       C       Q       E       G       H       I       L       K       M       F       P       S       T       W       Y       V 
  0 A  -0.021   0.001  -0.027   0.006  -0.009   0.016   0.004  -0.038   0.027  -0.016   0.003   0.040  -0.013   0.012   0.009  -0.003   0.016   0.015  -0.003  -0.019 
  1 A  -0.050  -0.108  -0.112  -0.120  -0.121  -0.135  -0.106  -0.087  -0.075   0.196   0.201  -0.123   0.171   0.204  -0.084  -0.114  -0.035   0.091   0.110   0.140 
  2 A   0.036  -0.046   0.080  -0.011  -0.032   0.027   0.025  -0.076   0.093   0.060   0.052   0.046   0.073   0.136  -0.136  -0.015   0.025  -0.047   0.107   0.032 
  3 A   0.015   0.024  -0.033  -0.067   0.013  -0.112  -0.079   0.010  -0.098  -0.014  -0.005  -0.020  -0.021   0.046  -0.094  -0.020   0.019   0.035   0.065   0.024 
  4 A   0.063  -0.057  -0.040   0.012  -0.063   0.054   0.062  -0.134  -0.093   0.030   0.016  -0.074  -0.014   0.109   0.008   0.027   0.101   0.003  -0.026   0.006 
  5 A  -0.042  -0.008  -0.027  -0.046   0.047   0.054  -0.026  -0.037  -0.010   0.001   0.031  -0.057   0.073   0.020  -0.007  -0.003   0.048   0.068   0.027   0.008 
  6 A  -0.085  -0.068  -0.106  -0.131  -0.030   0.012  -0.078  -0.036  -0.130   0.081   0.151  -0.088   0.085   0.184  -0.135  -0.043  -0.045  -0.044   0.067   0.045 
  7 A  -0.038   0.011  -0.085  -0.043  -0.071   0.066   0.084  -0.091   0.001   0.051   0.136   0.009   0.109   0.077  -0.057   0.009   0.017  -0.048  -0.015   0.033 
  8 A  -0.053   0.092  -0.008  -0.016  -0.075   0.026  -0.020  -0.071   0.036   0.056   0.064   0.020   0.115   0.008  -0.019  -0.068   0.010  -0.023   0.063   0.029 
  9 A   0.027   0.027  -0.049  -0.059  -0.106  -0.046  -0.016  -0.109  -0.068   0.113   0.235  -0.040   0.176   0.048  -0.025   0.002   0.071  -0.074  -0.032   0.113 
 10 A   0.049   0.021   0.025  -0.018   0.007  -0.025  -0.021  -0.006  -0.021   0.033   0.040  -0.000  -0.036  -0.023  -0.021   0.013  -0.038   0.015   0.002   0.004 
