# smm_align_hmm_flank -blr -hmm /home/projects/mniel/BPeters_ClassII_Benchmark/NN-align/nooverlap-3/HLA-DPA10301-DPB10402/gibbsmat/4.gibbs.avemat -bl -la 0.02 -p1a -m f004.la.bl.mat.14 -s 14 -ft /home/projects/mniel/BPeters_ClassII_Benchmark/class_II_nooverlap_core_5cv-3//HLA-DPA10301-DPB10402_test_nooverlap_4.txt.log50k -cc -fl 3 -- 
# WHMM 0.0007 0.0225 0.0047 0.0488 0.0216 0.1299 0.0684 0.0659 0.0481
# E 0.016349
# DR 0.018900
# FCC 0.910319
# T 0.000001
# NT 20
# ITR 2500

Last position-specific scoring matrix computed       
            A       R       N       D       C       Q       E       G       H       I       L       K       M       F       P       S       T       W       Y       V 
  0 A  -0.005   0.028  -0.009  -0.023  -0.004  -0.058   0.039   0.005   0.024  -0.010   0.009   0.037  -0.023  -0.022   0.009   0.019   0.018  -0.018  -0.017   0.001 
  1 A  -0.037  -0.070  -0.131  -0.174   0.013  -0.119  -0.137  -0.078  -0.098   0.136   0.141  -0.105   0.095   0.191  -0.076  -0.101  -0.028   0.122   0.096   0.108 
  2 A   0.056  -0.007  -0.097  -0.090  -0.004   0.102   0.025  -0.155   0.019   0.090   0.090   0.048   0.097   0.105  -0.074  -0.066  -0.014   0.059   0.121   0.078 
  3 A   0.029  -0.001  -0.013  -0.066  -0.079  -0.095  -0.080   0.022   0.013   0.061   0.068  -0.015   0.025   0.113  -0.032   0.018   0.048  -0.040   0.079   0.052 
  4 A   0.027  -0.107  -0.027   0.067   0.073   0.057   0.013  -0.012  -0.065   0.082   0.071  -0.082   0.141  -0.068  -0.054   0.057   0.104  -0.202  -0.140   0.041 
  5 A  -0.075  -0.027   0.014  -0.027  -0.136   0.048   0.008  -0.038   0.074  -0.063  -0.039   0.010  -0.072   0.057   0.042  -0.039  -0.038   0.108   0.076  -0.042 
  6 A  -0.025  -0.244  -0.129  -0.201  -0.202  -0.006  -0.127  -0.073  -0.109   0.097   0.203  -0.039   0.155   0.203  -0.139   0.006  -0.016  -0.218  -0.254   0.077 
  7 A  -0.043  -0.022  -0.013  -0.059  -0.045  -0.023   0.097  -0.125   0.058   0.095   0.098  -0.049   0.089   0.007  -0.172  -0.016  -0.016  -0.147  -0.007   0.062 
  8 A   0.009  -0.029  -0.019  -0.033  -0.050  -0.016  -0.048  -0.051   0.051   0.009   0.066   0.027   0.031  -0.034  -0.003   0.050   0.055  -0.088   0.024   0.003 
  9 A  -0.017   0.035  -0.045  -0.065  -0.111   0.028  -0.043  -0.095  -0.060   0.077   0.201  -0.007   0.103  -0.050  -0.133  -0.053   0.053   0.069   0.026   0.060 
 10 A  -0.023   0.027   0.049  -0.004   0.001   0.006  -0.008  -0.028  -0.061   0.001   0.045  -0.007  -0.007   0.015  -0.022  -0.028   0.011  -0.018   0.042   0.010 
