8.28
8.40
8.49
8.95
11.33
12.20
12.20
12.50
12.72
14.01
14.65
14.66
15.06
15.66
15.74
15.83
16.34
16.81
17.14
17.39
17.55
17.83
17.89
18.27
18.48
18.71
19.23
20.09
20.66
21.04
21.47
21.67
21.73
21.97
22.27
22.70
22.93
22.98
23.16
23.35
23.38
23.76
24.00
24.25
24.58
24.74
24.97
25.00
25.02
25.15
25.32
25.81
26.09
26.26
26.27
26.42
26.47
26.58
27.14
27.30
27.58
27.81
27.87
27.99
28.05
28.07
28.13
28.25
28.36
28.42
28.48
28.61
28.89
29.16
29.37
29.39
29.46
29.69
29.89
30.00
30.05
30.43
30.55
30.90
31.01
31.24
31.29
31.79
32.35
32.62
32.72
32.81
32.81
32.84
32.91
33.10
33.39
34.15
34.73
34.83
34.88
35.01
35.12
35.17
35.21
35.35
35.45
35.86
36.03
36.41
36.70
36.80
36.90
36.90
36.98
37.07
37.10
37.10
37.35
37.60
37.65
37.74
38.11
38.23
38.31
38.42
38.47
38.78
38.80
38.83
38.85
39.14
39.19
39.34
39.46
39.49
39.61
40.02
40.18
40.25
40.58
40.67
40.97
41.24
41.26
41.47
41.51
41.51
41.52
41.54
41.59
41.60
41.61
41.72
41.82
42.01
42.05
42.19
42.27
42.73
43.07
43.18
43.20
43.41
44.56
44.73
44.73
44.84
45.08
45.36
45.36
45.55
45.75
45.83
46.02
46.05
46.25
46.28
46.64
46.74
46.99
47.53
47.65
47.73
47.84
48.45
48.53
48.57
48.69
48.74
49.41
49.45
49.73
49.88
49.91
49.93
49.96
50.20
50.27
50.54
50.86
50.88
51.01
51.02
51.27
51.40
51.54
51.69
51.72
51.86
51.96
52.16
52.21
52.27
52.43
52.59
52.60
52.71
52.72
53.07
53.19
53.28
53.34
53.35
53.54
53.73
53.82
53.85
53.86
53.87
54.03
54.11
54.14
54.46
54.49
54.61
54.61
54.68
55.21
55.36
55.40
55.76
55.77
55.89
56.32
56.58
56.63
56.65
56.73
56.77
56.97
57.16
57.31
57.37
57.39
57.41
57.42
57.54
57.70
58.35
58.73
58.75
59.25
59.48
59.52
59.71
59.91
60.08
60.14
60.39
60.49
60.94
61.06
61.23
61.34
61.68
61.70
62.03
62.08
62.12
62.27
62.34
62.49
62.53
62.71
62.83
62.86
62.97
63.05
63.43
63.45
63.46
63.51
63.53
63.54
63.78
63.79
63.82
63.93
64.18
64.20
64.23
64.30
64.64
64.75
64.88
65.05
65.08
65.13
65.15
65.21
65.25
65.38
65.44
65.59
65.64
65.75
65.76
65.84
65.90
65.90
65.98
66.03
66.03
66.35
66.48
66.50
66.58
66.58
66.60
66.64
66.67
66.71
66.85
66.86
66.94
66.97
66.97
67.30
67.59
67.65
67.69
67.93
68.47
68.77
68.79
68.80
69.28
69.31
69.34
69.49
69.55
69.85
69.86
69.93
70.05
70.25
70.60
70.63
70.75
70.76
70.77
70.89
70.91
71.02
71.06
71.07
71.21
71.86
72.19
72.22
72.48
72.83
73.05
73.06
73.07
73.09
73.19
73.52
73.60
73.72
74.00
74.05
74.19
74.45
74.46
74.68
74.72
74.92
75.37
75.38
75.43
75.74
76.07
76.60
76.60
76.71
77.43
77.46
77.86
78.09
78.43
78.62
78.63
78.91
79.23
79.35
79.38
79.47
79.66
79.79
79.92
79.94
80.15
80.18
80.42
80.43
80.64
80.67
80.83
80.99
80.99
81.20
81.26
81.52
81.52
81.65
81.73
81.74
81.99
82.14
82.15
82.67
82.77
82.88
83.08
83.19
83.21
83.27
83.29
83.33
83.37
83.88
83.88
83.98
84.10
84.37
84.38
84.49
84.53
84.59
84.79
84.83
84.84
84.93
85.15
85.18
85.19
85.34
85.68
85.76
86.07
86.70
86.74
86.83
87.59
87.93
88.13
88.24
88.32
88.33
88.43
88.68
88.68
88.85
88.87
89.01
89.26
89.29
89.34
89.66
89.76
90.04
90.16
90.55
90.84
90.94
91.66
91.71
91.79
91.84
91.89
91.92
92.37
92.43
93.13
93.56
93.60
93.63
93.73
93.73
93.78
93.82
94.15
94.16
94.19
94.28
94.38
94.50
94.99
95.07
95.09
95.23
95.31
95.36
95.37
95.53
95.78
95.94
96.06
96.24
96.30
96.62
96.98
97.42
97.52
97.72
97.73
97.74
97.83
98.35
98.36
98.87
98.93
98.98
99.15
99.23
99.29
99.31
99.75
99.78
99.94
99.98
100.23
100.33
100.43
100.75
100.92
101.04
101.05
101.17
101.33
101.33
101.43
101.51
101.55
101.63
102.21
102.42
102.52
102.63
103.11
103.37
103.49
103.59
103.70
104.09
104.18
104.25
104.25
104.36
104.42
104.52
104.58
104.69
104.81
104.88
105.07
105.22
105.65
105.75
105.95
106.08
106.12
106.40
106.49
107.02
107.03
107.09
107.27
107.61
107.72
107.92
107.96
108.28
108.61
108.72
109.07
109.32
110.76
110.78
110.82
110.89
110.99
111.04
111.35
111.41
111.66
111.94
112.29
112.60
112.61
112.62
112.76
112.77
113.00
113.06
113.21
113.22
113.46
113.46
113.62
113.65
113.85
113.87
114.03
114.17
114.23
114.32
114.35
114.76
114.88
114.99
115.09
115.28
115.30
115.30
115.49
115.64
115.84
116.16
116.55
116.60
117.27
117.56
117.68
117.69
117.73
117.82
117.91
117.92
117.93
118.16
118.19
118.29
118.33
118.44
118.61
118.64
118.69
118.84
118.88
118.89
118.90
119.12
119.23
119.32
119.53
119.56
119.62
119.98
120.06
120.16
120.21
120.31
120.40
120.60
120.93
121.05
121.47
121.73
121.93
121.95
121.96
122.10
122.28
122.33
122.47
122.57
122.94
122.98
123.06
123.27
123.33
123.33
123.53
123.53
123.67
123.76
123.80
123.91
123.94
124.35
124.48
125.04
125.09
125.56
125.62
125.74
125.98
126.07
126.56
126.67
126.71
126.91
126.93
127.01
127.34
127.37
127.42
127.44
127.52
127.54
127.80
127.87
128.18
128.18
128.26
128.56
128.78
128.95
129.11
129.11
129.28
129.37
129.64
130.09
130.24
130.47
130.59
130.77
130.86
130.91
131.10
131.17
131.23
131.47
131.64
132.22
132.23
132.55
132.63
132.70
132.70
132.82
133.19
133.20
133.28
133.40
133.48
133.52
133.56
133.69
133.87
134.17
134.19
134.35
134.47
134.96
135.22
135.24
135.27
135.34
135.43
135.62
135.70
135.70
135.78
136.04
136.23
136.32
136.46
136.82
136.88
136.92
137.22
137.39
137.56
137.63
138.26
138.42
138.49
138.74
139.17
139.23
139.31
139.45
139.48
139.86
139.89
139.98
140.32
140.33
140.41
140.59
141.01
141.04
141.13
141.14
141.17
141.21
141.34
141.96
142.12
142.20
142.24
142.59
142.75
142.85
142.95
143.04
143.20
143.25
143.30
143.57
144.09
144.09
144.50
144.55
144.81
145.36
145.58
146.34
146.35
146.54
146.62
146.70
146.78
147.45
147.52
147.60
147.61
148.14
148.15
148.35
148.65
148.85
149.03
149.21
149.28
149.47
150.14
150.58
150.63
150.68
150.92
151.09
151.12
151.23
151.25
151.27
151.32
151.33
151.40
151.49
151.86
152.14
152.22
152.74
152.78
152.88
153.04
153.28
154.05
154.14
154.17
155.25
155.62
155.90
156.03
156.05
156.23
156.32
156.42
156.46
156.74
157.09
157.11
157.32
157.71
157.72
158.10
158.24
158.32
158.59
158.76
158.99
159.43
159.43
159.66
159.80
160.00
160.07
160.29
161.01
161.24
161.28
161.30
161.67
161.73
162.11
162.15
162.22
162.60
162.66
162.75
162.85
162.93
162.99
163.45
163.50
163.58
163.67
163.90
163.92
164.69
164.73
164.93
165.03
165.30
165.34
165.59
165.87
165.90
165.94
165.96
165.99
166.24
166.31
166.56
167.07
167.10
167.42
167.65
167.98
168.28
168.42
168.51
168.52
168.71
169.49
169.50
169.55
169.63
169.82
170.45
170.46
170.53
170.71
170.83
171.16
171.41
171.55
171.64
171.72
172.04
172.07
172.07
172.20
172.29
172.54
172.81
172.90
172.92
172.98
173.45
173.48
173.63
173.97
174.07
174.47
174.68
175.06
175.18
175.66
176.18
176.21
176.88
176.96
176.99
177.02
177.33
177.39
177.52
177.59
177.68
178.16
178.28
178.33
178.57
179.38
179.75
180.01
180.10
180.16
180.24
180.35
180.63
180.69
181.02
181.07
181.39
181.62
181.73
181.75
181.83
181.84
182.09
182.13
182.39
182.52
182.93
183.13
183.27
183.39
183.69
184.01
184.17
184.19
184.87
185.39
185.54
186.09
186.25
186.68
186.76
186.86
186.86
186.88
186.97
187.05
187.23
187.42
188.20
188.23
188.31
188.43
188.48
188.69
188.96
189.09
189.15
189.16
189.33
189.36
189.41
189.44
189.45
189.68
189.76
189.85
190.04
190.36
190.55
190.74
190.83
190.87
191.29
192.13
192.45
192.48
192.53
192.75
192.79
192.81
193.70
193.78
193.82
194.23
194.48
194.62
194.71
194.82
194.84
195.33
195.43
195.46
195.52
195.65
195.87
196.32
196.54
196.85
197.18
197.22
197.48
198.18
198.26
198.27
198.30
198.60
199.30
199.34
199.85
200.18
200.19
201.08
201.14
201.26
201.52
201.89
202.13
202.29
202.31
202.32
202.34
202.60
202.63
202.85
202.88
202.99
203.07
203.08
203.35
203.50
203.82
203.84
204.18
204.37
204.67
205.43
205.72
206.13
206.26
206.64
206.81
206.85
206.90
207.27
207.81
208.06
208.20
208.31
208.62
208.80
209.27
209.65
210.16
210.18
210.47
210.90
211.54
211.86
212.10
212.32
212.48
212.55
212.73
213.13
213.54
214.21
214.50
214.54
214.56
214.90
215.18
215.29
215.57
215.79
215.82
215.99
216.10
216.42
216.63
216.65
216.92
217.06
217.23
217.55
217.64
218.09
218.60
218.93
219.15
219.15
219.48
219.84
220.11
220.20
220.40
220.91
222.67
222.71
222.94
223.51
223.51
223.70
224.01
224.01
224.10
224.12
224.13
224.20
224.30
224.50
224.69
225.26
225.32
225.44
225.85
225.85
225.96
226.19
226.39
226.52
226.78
227.01
227.66
227.82
227.96
228.11
228.26
228.27
228.29
228.40
228.44
228.50
228.61
228.76
228.83
229.14
229.27
229.81
229.96
229.99
230.40
230.42
230.48
230.99
231.50
231.59
232.05
232.07
232.09
232.18
233.95
234.00
234.17
234.39
234.68
235.03
235.11
236.24
236.32
236.74
236.76
237.01
237.09
237.31
237.31
237.36
237.38
237.42
237.54
237.54
237.76
237.98
238.05
238.19
238.39
238.53
238.63
238.67
238.83
238.89
238.90
239.02
239.05
239.65
239.66
239.77
240.15
240.41
240.42
240.50
240.53
240.72
241.08
241.13
241.14
241.47
241.62
241.72
241.78
241.85
242.12
242.25
242.29
242.42
242.86
243.10
243.49
243.53
243.61
244.00
244.42
244.57
244.79
244.91
245.05
245.53
245.94
246.48
246.52
246.72
246.79
246.83
246.91
247.08
247.44
247.53
247.73
247.97
248.14
248.38
248.62
248.65
248.76
248.88
249.04
249.34
249.56
250.08
250.84
251.50
251.51
251.67
252.14
252.38
252.51
252.56
253.26
253.40
253.78
254.14
254.66
254.73
254.96
255.21
255.30
255.78
255.80
255.81
256.04
256.04
256.08
257.35
257.35
257.43
257.89
258.20
258.27
258.47
258.64
258.65
258.67
259.05
259.07
259.37
259.66
259.77
260.61
261.05
261.22
261.40
261.66
261.74
262.28
262.37
262.38
262.49
262.67
262.86
262.96
263.21
263.70
264.36
264.48
264.80
265.33
265.58
265.60
265.88
266.00
266.21
266.21
266.32
266.34
266.40
267.06
267.57
267.74
267.93
267.95
268.13
268.18
268.20
268.80
269.01
270.15
270.29
270.43
270.80
270.84
270.87
270.89
271.05
271.47
271.81
271.84
271.96
272.34
272.45
272.76
272.90
273.20
273.25
273.38
273.56
273.70
273.82
274.17
274.52
274.53
274.86
275.61
275.62
275.62
275.63
275.78
276.19
276.27
276.64
276.79
276.79
276.86
276.99
277.09
277.36
277.37
277.81
277.88
278.33
278.51
279.02
279.24
279.27
279.46
279.60
279.61
279.79
279.98
280.37
280.58
281.19
281.46
281.95
282.09
282.26
282.41
282.42
282.68
282.74
283.48
283.51
283.92
284.01
284.04
284.17
284.18
284.25
284.34
284.76
285.25
285.25
285.34
285.48
285.71
285.89
286.31
286.32
286.33
286.64
286.74
287.06
287.10
287.13
287.21
287.40
288.07
288.24
288.30
288.35
288.47
288.80
289.01
289.23
289.34
290.00
290.02
290.09
290.25
290.32
290.59
291.11
291.14
291.20
291.28
291.70
291.82
291.96
292.74
293.01
293.38
293.45
293.88
293.93
293.93
294.30
294.38
295.08
295.24
295.32
295.97
295.98
295.99
296.40
296.45
297.41
297.59
298.31
298.40
298.89
299.06
299.56
299.98
300.20
300.64
300.84
301.04
301.10
301.26
301.43
301.64
302.32
302.34
302.46
302.67
302.72
303.05
303.18
303.36
303.41
303.47
303.75
304.00
304.14
304.22
304.33
304.76
305.94
306.14
306.47
306.86
306.91
306.91
306.94
307.72
308.32
308.46
308.54
308.65
308.68
309.29
310.73
311.05
311.08
311.72
312.60
312.85
312.92
312.92
313.05
313.16
313.37
314.82
316.24
316.30
316.30
316.47
317.23
317.81
318.41
318.44
318.51
318.72
319.11
319.26
319.35
319.52
319.86
319.95
320.62
320.82
321.01
321.47
321.53
321.61
321.94
322.25
322.26
322.30
322.39
322.41
322.66
322.85
323.24
323.44
323.56
323.67
324.32
324.36
324.43
325.13
325.32
325.52
325.60
326.11
326.40
326.45
326.80
326.86
327.12
327.36
328.15
328.74
329.06
329.57
330.36
330.85
331.40
331.50
331.79
332.49
332.60
333.47
333.79
334.15
334.83
335.65
335.74
335.89
336.35
336.62
336.66
336.93
337.06
337.12
337.14
337.77
337.86
337.90
337.98
338.17
338.41
338.56
338.67
338.71
339.23
339.24
339.33
339.52
339.58
339.84
340.03
340.85
341.38
341.65
341.88
341.94
342.01
342.06
342.22
342.68
342.88
342.90
342.95
343.54
343.76
344.34
344.53
344.55
344.68
345.49
346.03
346.07
346.18
346.29
346.50
347.18
347.18
347.48
347.55
347.65
347.81
348.04
348.18
348.62
348.66
348.80
348.89
349.32
349.55
349.83
350.04
351.45
352.14
352.38
352.46
352.49
352.84
352.89
353.11
354.26
354.31
354.35
354.46
354.51
354.74
354.80
355.08
355.19
355.49
355.53
355.56
355.89
356.01
356.76
357.25
357.64
357.97
358.18
359.31
359.44
359.50
359.83
360.46
360.60
361.17
361.17
361.22
361.34
361.67
361.85
362.17
362.50
362.59
362.62
362.62
362.99
363.77
363.99
364.23
366.16
366.23
366.23
366.26
366.62
366.65
367.12
367.21
367.44
367.65
367.67
367.84
368.13
368.33
368.61
369.05
369.83
369.90
370.62
370.78
370.90
371.12
371.48
371.53
371.71
371.89
372.85
373.65
374.12
374.19
375.39
375.50
375.77
375.83
375.88
377.30
377.35
378.14
378.32
378.61
378.66
378.73
379.04
379.31
379.42
379.92
379.98
380.14
380.25
380.31
380.80
380.89
381.23
381.42
381.65
381.74
382.16
382.20
382.39
383.77
383.92
384.97
384.99
385.05
385.11
385.69
386.26
386.55
386.58
386.58
387.50
387.56
387.92
388.28
388.71
388.76
388.82
388.83
389.83
390.00
390.45
390.67
390.82
390.96
391.57
392.56
392.94
392.96
394.18
395.01
395.15
395.18
395.52
395.60
395.76
396.50
396.70
397.06
397.50
398.02
398.18
398.19
398.66
398.88
399.04
399.30
399.41
399.44
399.50
399.86
399.90
400.23
400.32
400.48
400.55
400.61
402.07
402.35
402.40
403.08
403.12
403.18
403.69
403.72
403.88
404.69
404.91
405.30
405.35
405.38
405.62
405.73
406.03
406.21
406.49
406.57
406.61
407.13
407.15
407.37
407.69
408.69
408.91
409.93
410.36
410.66
411.22
411.27
411.44
411.61
412.18
412.42
413.17
413.71
414.04
414.44
414.58
414.58
414.91
415.45
416.03
416.58
416.73
418.18
418.36
418.58
418.78
419.25
419.44
419.46
419.87
420.07
420.42
420.82
420.84
420.98
421.05
421.22
421.61
421.71
422.07
422.11
422.32
422.55
422.67
422.92
423.66
424.20
424.53
424.76
424.77
425.23
425.27
425.75
425.96
426.06
426.10
426.50
426.63
426.99
427.21
427.40
427.75
428.25
428.56
428.61
429.06
429.34
429.41
429.52
429.72
430.26
430.30
430.33
430.63
430.90
430.96
431.07
431.19
431.34
431.34
431.70
432.50
432.97
433.27
434.31
434.39
434.48
434.68
435.09
435.11
435.26
435.35
435.74
435.91
436.00
436.28
436.40
436.57
436.64
436.80
437.40
437.45
437.67
437.71
438.21
438.60
439.60
439.72
440.70
440.80
440.99
442.61
443.22
443.33
443.75
444.12
444.26
444.41
444.60
444.72
444.79
444.80
444.95
445.11
445.43
446.74
447.26
447.56
447.97
448.29
448.34
448.66
450.27
450.61
450.69
451.01
451.04
451.23
451.39
451.44
451.67
451.83
451.92
451.96
452.01
452.02
452.36
452.87
453.56
454.06
454.18
454.89
455.09
455.30
456.11
456.27
456.34
456.77
457.16
457.19
457.57
457.87
458.90
459.69
459.93
460.37
460.50
460.79
460.86
461.41
461.43
461.61
461.75
461.89
462.63
462.72
463.72
463.92
464.23
465.15
466.09
466.75
467.03
467.18
467.68
467.82
467.89
468.09
468.21
468.32
468.40
469.16
469.69
469.79
470.17
470.58
470.85
471.22
471.39
471.58
471.59
471.85
472.36
473.30
473.92
473.92
474.03
474.56
474.61
474.81
475.04
475.13
475.14
475.42
475.88
476.20
476.22
476.50
476.61
476.64
476.83
477.09
477.36
477.40
477.52
478.93
478.98
479.33
480.21
480.93
481.29
481.50
481.93
482.28
482.29
482.53
482.63
482.63
483.26
484.31
484.42
484.63
484.70
484.87
485.09
485.93
486.14
486.17
486.22
487.13
487.17
487.25
487.39
487.88
488.21
488.85
488.98
489.62
489.80
491.25
491.27
491.38
491.46
491.46
492.30
492.63
493.04
493.78
493.88
493.97
494.19
494.20
494.26
494.96
495.05
495.08
495.11
495.32
496.08
496.13
497.75
497.92
498.15
498.63
498.69
498.70
498.96
499.06
499.54
499.92
500.40
500.61
500.94
501.19
501.63
501.83
501.91
502.14
502.21
502.22
502.47
502.97
503.52
503.77
504.19
504.26
504.78
505.05
505.75
505.75
506.01
506.53
506.55
507.53
507.82
507.86
508.56
508.73
508.77
509.41
510.03
510.08
510.22
510.31
510.46
510.57
510.78
511.19
511.97
512.17
513.63
513.99
514.49
514.91
515.40
515.44
516.26
516.37
516.53
516.78
517.28
517.40
517.63
517.82
518.32
518.64
519.35
519.41
520.36
520.45
520.66
521.05
521.36
521.98
521.99
522.03
523.03
523.08
523.42
523.82
523.90
525.09
525.70
525.83
525.95
526.79
527.09
527.18
527.67
528.33
528.57
528.94
529.04
530.03
530.45
530.61
531.34
531.54
531.57
531.77
531.81
531.85
531.88
532.91
533.33
533.35
534.54
534.97
535.22
535.38
536.95
537.12
537.27
537.54
537.61
538.46
539.93
540.40
540.42
541.35
542.50
542.81
542.85
543.06
543.17
543.41
544.17
544.60
544.65
544.68
544.95
544.99
545.54
546.79
546.82
546.84
547.22
547.54
547.68
548.07
548.78
549.13
549.40
549.70
549.93
550.38
550.65
551.85
552.46
552.46
552.70
552.91
552.97
553.28
553.29
553.42
554.27
554.55
555.46
555.52
555.65
555.98
556.00
556.12
556.38
556.56
556.58
558.81
559.24
559.54
559.63
560.33
560.37
561.24
561.91
561.91
561.92
561.97
562.03
562.81
563.03
563.14
563.24
563.38
563.42
563.49
563.54
563.89
563.95
564.01
564.25
565.65
566.06
566.09
566.37
566.40
566.60
566.90
567.43
567.59
567.64
567.89
568.19
568.87
569.09
569.69
570.31
571.00
573.31
573.37
574.14
574.26
574.27
574.78
574.91
574.92
574.95
575.14
575.62
575.77
576.45
576.64
577.17
577.76
577.84
578.24
578.32
579.60
580.72
582.07
582.62
583.23
583.30
583.34
583.91
584.00
584.88
586.05
586.08
586.23
587.10
587.22
587.24
587.52
587.81
588.21
588.57
588.66
588.88
589.21
589.87
589.88
590.59
591.35
591.64
592.20
592.38
592.69
592.72
592.90
593.50
594.09
594.58
595.20
595.27
595.98
596.29
597.01
597.06
597.89
598.10
598.14
598.43
599.08
599.40
599.43
600.15
600.85
601.24
601.60
601.85
602.11
602.14
602.23
602.59
602.92
603.11
603.67
603.68
605.18
605.61
605.66
605.77
606.04
606.12
606.19
606.81
607.22
607.25
607.54
607.91
608.74
608.96
609.00
609.29
609.44
609.75
610.06
610.18
610.37
610.41
611.02
611.37
611.68
611.76
611.76
611.87
612.61
612.62
612.73
613.45
613.51
614.32
614.70
615.02
615.54
615.67
615.90
616.27
616.44
616.53
616.57
616.80
617.43
617.68
618.00
618.75
618.89
619.32
619.48
619.52
619.54
620.21
620.76
620.95
622.14
622.60
622.65
623.00
623.13
623.75
623.80
624.05
624.33
624.37
624.54
624.81
624.92
626.84
627.14
627.29
627.52
628.72
629.00
632.62
632.85
633.66
634.10
634.25
634.30
634.78
634.90
635.12
635.29
635.57
636.15
636.48
636.63
636.81
636.83
637.94
638.01
638.02
638.25
638.29
638.97
639.95
640.10
641.24
641.73
642.33
642.95
642.99
643.21
643.43
644.56
644.64
644.74
645.00
645.23
645.43
646.01
646.26
647.19
647.27
647.48
648.33
648.58
649.36
649.57
649.57
650.52
650.93
650.94
651.51
651.72
652.37
652.39
652.59
653.31
653.47
653.48
653.80
654.58
654.64
655.00
655.10
655.18
655.99
656.00
657.36
658.06
658.26
658.30
658.34
658.37
659.33
659.59
660.49
661.03
661.03
661.42
661.52
661.67
661.69
662.02
662.19
662.58
662.83
664.62
664.77
665.12
665.61
665.71
666.30
666.53
666.71
666.85
668.52
668.77
668.77
670.57
671.14
671.45
671.68
672.00
672.66
673.01
673.07
673.08
673.62
673.71
674.54
675.01
675.19
676.06
676.83
676.87
677.45
678.70
678.80
679.04
680.08
680.28
680.61
681.10
681.48
681.48
682.81
683.18
683.53
683.85
684.39
684.85
685.37
685.50
685.98
686.58
687.99
688.40
688.84
689.06
689.40
690.64
692.25
692.33
692.42
692.47
692.71
693.32
693.50
693.80
694.52
694.79
695.19
695.91
696.01
696.83
697.41
697.42
697.50
698.13
698.50
698.97
699.56
699.70
699.82
700.11
701.56
702.35
702.40
703.81
704.17
704.33
705.53
705.61
705.91
706.16
706.19
706.39
706.68
707.14
707.16
707.33
707.93
708.67
708.86
709.15
709.88
709.92
710.37
710.39
710.87
711.77
711.84
712.26
713.86
714.33
714.80
714.88
716.03
716.45
716.72
716.75
717.36
717.64
719.90
719.92
720.15
720.29
721.56
722.00
722.24
722.56
723.00
723.15
723.21
723.84
724.11
724.18
724.77
724.87
725.02
725.17
726.32
726.50
726.83
727.26
727.59
727.80
727.96
728.08
728.35
728.45
728.83
729.19
729.48
729.90
730.23
731.83
731.94
732.02
732.61
732.82
734.07
734.09
734.61
735.26
735.42
735.45
735.48
735.65
735.70
735.88
736.05
736.35
737.42
737.47
737.52
737.77
738.02
738.25
738.38
738.44
738.49
738.83
739.21
739.21
739.47
739.90
740.64
741.22
741.33
742.46
742.46
742.91
743.70
744.44
744.46
745.31
746.03
746.13
746.57
746.80
747.49
747.74
748.26
748.40
748.94
749.24
749.88
750.56
750.57
751.27
752.41
752.64
752.85
752.92
754.29
754.47
754.57
754.87
755.75
755.94
757.33
758.33
758.83
759.64
760.16
760.25
760.32
760.35
760.48
760.63
760.71
760.74
762.14
763.35
764.56
764.64
764.99
765.66
766.29
766.40
766.75
767.29
767.29
768.08
768.91
769.15
769.23
769.63
769.83
769.85
769.98
770.49
770.66
770.68
770.69
771.17
771.59
771.62
772.30
772.55
772.67
772.70
772.82
772.85
772.90
774.09
774.25
775.14
775.19
775.65
776.02
776.58
776.74
777.12
777.67
777.88
778.15
778.78
778.89
779.19
779.22
779.67
780.12
780.35
780.39
781.77
782.84
783.79
783.83
784.52
785.54
785.82
786.22
787.62
787.97
788.34
789.16
789.29
789.31
789.65
791.11
791.38
791.90
792.08
794.10
794.90
795.60
797.09
799.70
800.14
800.26
800.74
801.19
801.29
801.34
801.40
801.65
803.05
803.40
804.35
804.69
805.67
806.30
808.38
808.97
808.98
809.11
809.53
810.24
810.30
810.32
810.66
810.87
811.09
811.40
811.72
812.44
813.29
814.06
814.51
814.72
815.51
815.59
815.82
815.84
816.10
816.14
816.61
818.09
818.23
818.64
818.97
819.88
820.04
820.48
820.51
820.65
821.62
821.80
822.62
822.64
824.18
825.05
825.63
826.11
826.63
827.77
827.90
828.41
828.72
829.27
829.62
829.72
831.45
831.82
832.50
833.76
834.21
837.33
837.45
837.83
838.01
839.07
840.10
840.31
841.25
841.92
842.72
843.07
843.09
843.52
843.89
843.90
846.46
846.62
848.56
848.91
849.11
849.80
849.82
850.14
850.25
850.58
850.77
850.91
851.07
852.38
852.52
852.62
854.41
854.69
855.45
855.68
855.94
856.11
856.93
857.51
857.95
858.36
858.96
859.39
859.83
860.51
860.51
861.35
861.40
862.22
862.57
862.95
863.18
864.38
864.46
866.85
867.49
868.02
868.18
868.28
869.64
869.83
870.57
871.43
872.27
872.47
873.43
874.43
874.96
875.07
875.20
875.72
876.21
877.23
877.77
877.85
878.08
878.12
878.21
879.76
880.46
880.51
880.77
882.11
882.57
882.64
883.71
884.25
885.20
885.25
885.74
886.10
886.11
886.43
886.54
886.65
886.68
886.71
886.79
887.24
887.85
887.86
888.19
889.49
889.94
890.11
890.38
890.45
890.53
890.97
891.39
891.42
892.17
892.20
892.77
893.83
895.82
896.15
896.62
897.11
898.99
899.08
899.14
902.11
902.12
903.30
903.98
905.48
906.68
907.32
907.44
908.77
909.88
910.01
911.07
911.31
912.02
912.16
913.22
913.24
913.63
913.95
914.13
915.39
915.85
916.46
917.08
917.46
917.79
917.91
918.58
919.00
919.17
919.27
919.59
919.84
920.98
921.12
921.53
922.06
922.37
922.40
922.57
922.74
924.82
924.92
925.05
925.67
925.79
926.61
926.74
926.77
927.52
927.70
927.90
928.42
928.50
928.50
928.58
928.60
929.11
929.44
929.53
929.70
931.10
931.43
931.60
931.84
931.90
932.10
932.34
932.97
934.87
934.96
935.07
935.27
935.56
935.62
935.66
935.67
935.99
936.26
936.43
936.60
937.86
938.97
938.98
938.98
939.05
939.09
939.69
939.88
939.96
942.22
942.71
943.34
944.24
944.30
944.34
944.39
945.01
945.78
947.17
947.30
947.96
948.30
948.73
949.92
950.66
950.86
950.88
951.07
952.06
952.17
952.23
952.98
953.36
953.89
955.52
955.67
955.73
956.34
956.90
958.20
958.69
958.78
959.79
959.92
960.99
961.09
961.34
962.73
963.36
963.42
963.59
964.58
965.19
965.66
966.24
966.73
967.40
968.16
968.46
969.92
970.11
970.19
970.23
970.71
971.04
971.36
972.26
974.24
975.34
975.38
976.51
977.35
977.54
978.04
978.36
979.14
979.33
980.58
980.65
981.81
982.11
983.34
983.46
984.50
984.83
985.40
987.46
987.49
990.26
990.62
991.12
991.30
991.78
991.90
992.24
992.83
994.23
994.90
995.26
995.82
995.89
997.04
998.08
999.57
999.94
1001.67
1003.04
1004.51
1004.81
1005.59
1006.66
1007.45
1009.21
1010.01
1010.14
1011.91
1012.52
1014.67
1015.66
1016.02
1017.30
1017.88
1018.74
1018.86
1020.06
1021.28
1021.88
1021.93
1022.60
1022.60
1023.37
1023.60
1023.65
1023.87
1025.17
1025.23
1025.74
1025.80
1025.94
1026.85
1027.34
1027.51
1027.62
1029.01
1029.47
1030.54
1031.61
1032.57
1034.06
1034.07
1035.10
1035.67
1035.90
1037.30
1037.49
1038.17
1038.31
1040.75
1040.99
1041.16
1041.22
1041.30
1041.41
1042.36
1042.67
1042.91
1043.38
1043.79
1043.95
1044.40
1045.17
1045.22
1045.33
1045.37
1045.98
1047.24
1048.49
1049.58
1051.62
1052.67
1052.79
1053.02
1053.50
1054.03
1056.06
1060.92
1061.43
1062.06
1064.18
1064.40
1065.70
1065.99
1066.16
1066.76
1066.98
1066.99
1067.50
1067.54
1067.93
1070.45
1070.67
1071.19
1071.53
1072.33
1072.48
1072.99
1073.58
1074.38
1075.73
1076.21
1076.62
1076.77
1077.50
1077.73
1078.01
1078.26
1078.69
1078.79
1078.89
1079.16
1080.48
1081.24
1081.92
1082.17
1082.58
1083.74
1087.28
1088.45
1088.73
1089.17
1089.25
1089.31
1089.59
1089.87
1090.52
1091.35
1091.35
1091.94
1092.45
1093.80
1094.90
1095.86
1096.85
1097.42
1099.17
1099.46
1100.79
1101.10
1101.59
1102.09
1102.73
1104.15
1104.98
1105.22
1105.77
1105.83
1106.14
1106.22
1107.44
1108.23
1108.25
1109.05
1109.85
1110.84
1111.61
1111.74
1111.78
1111.87
1112.36
1113.26
1114.38
1114.46
1114.46
1115.50
1116.14
1116.55
1116.62
1117.83
1117.83
1117.86
1118.41
1118.56
1118.57
1118.98
1119.64
1119.68
1119.85
1120.33
1120.81
1121.03
1121.04
1121.47
1121.69
1124.26
1125.02
1125.25
1127.04
1128.48
1128.61
1128.78
1129.97
1130.08
1130.27
1131.39
1131.93
1133.23
1133.25
1133.26
1134.58
1134.76
1135.02
1135.08
1135.58
1136.30
1137.33
1137.51
1137.54
1138.61
1138.99
1139.27
1139.48
1139.78
1140.01
1140.08
1141.29
1141.46
1142.01
1142.46
1142.53
1142.74
1142.82
1143.23
1144.27
1144.77
1145.62
1145.71
1147.89
1149.51
1150.93
1151.79
1152.62
1153.38
1153.89
1154.72
1154.81
1156.61
1158.15
1158.54
1159.86
1161.09
1162.11
1162.22
1162.57
1165.04
1165.94
1167.89
1168.82
1169.38
1170.17
1170.38
1170.57
1170.61
1170.99
1171.30
1171.96
1172.18
1173.26
1173.59
1174.53
1175.56
1175.56
1175.84
1177.59
1178.02
1178.03
1178.11
1179.03
1179.73
1179.84
1180.18
1180.20
1183.17
1183.78
1183.96
1184.12
1185.18
1185.98
1190.28
1191.12
1191.43
1192.12
1192.43
1192.69
1192.72
1192.73
1193.75
1193.91
1193.96
1194.15
1194.38
1194.44
1194.46
1194.73
1194.73
1194.82
1196.66
1196.74
1196.93
1197.02
1197.23
1198.53
1199.49
1200.58
1200.67
1200.79
1200.93
1201.41
1203.02
1203.72
1203.72
1206.52
1206.53
1206.55
1207.02
1207.30
1208.16
1208.48
1211.41
1212.71
1215.61
1217.06
1217.07
1218.11
1218.65
1219.56
1219.65
1220.30
1220.86
1221.00
1222.60
1222.92
1225.95
1225.96
1226.24
1227.49
1227.49
1227.80
1227.94
1228.18
1229.66
1230.86
1232.15
1233.14
1233.24
1233.48
1233.78
1233.99
1234.28
1234.92
1234.92
1235.16
1235.87
1235.97
1237.20
1237.24
1238.32
1238.58
1238.66
1240.80
1241.65
1242.78
1242.95
1246.66
1247.01
1247.21
1247.91
1248.32
1248.41
1248.90
1249.14
1249.14
1249.26
1252.00
1252.74
1253.96
1254.00
1254.30
1254.67
1254.97
1255.35
1255.50
1256.57
1257.60
1257.63
1258.09
1258.54
1260.42
1262.01
1262.51
1263.02
1263.55
1264.39
1265.14
1265.58
1267.15
1267.69
1268.04
1268.19
1269.07
1269.65
1270.75
1271.89
1271.97
1272.25
1273.94
1274.19
1274.84
1276.83
1277.32
1277.43
1277.45
1277.71
1278.06
1279.47
1279.91
1280.73
1281.10
1282.96
1283.53
1285.14
1285.46
1285.89
1286.90
1288.36
1290.00
1290.12
1290.66
1291.97
1292.04
1292.94
1293.19
1293.50
1293.58
1293.58
1293.85
1295.04
1295.07
1296.16
1296.39
1298.42
1298.53
1299.15
1299.67
1300.25
1300.29
1301.02
1301.47
1301.50
1301.66
1302.02
1304.14
1304.32
1304.88
1305.17
1306.23
1307.44
1307.87
1308.28
1309.28
1309.35
1309.57
1310.37
1311.30
1312.36
1312.53
1312.73
1313.30
1313.30
1313.75
1313.94
1315.10
1315.63
1316.67
1317.94
1318.11
1318.32
1318.40
1319.11
1319.11
1320.47
1321.29
1321.52
1321.54
1322.14
1322.18
1323.38
1324.29
1325.56
1325.69
1326.11
1326.18
1327.15
1327.73
1328.53
1331.48
1331.81
1331.97
1332.92
1334.19
1334.53
1336.07
1337.23
1338.08
1339.33
1339.36
1339.97
1340.31
1341.23
1341.29
1341.95
1342.43
1342.48
1345.31
1345.33
1346.26
1346.43
1346.64
1347.59
1348.05
1348.75
1349.22
1349.31
1349.67
1351.32
1351.63
1353.21
1354.07
1354.13
1354.54
1355.06
1355.35
1357.99
1358.10
1358.84
1359.02
1359.05
1360.67
1360.68
1361.14
1361.17
1361.32
1361.58
1361.76
1362.97
1363.53
1364.62
1365.80
1366.51
1367.04
1367.95
1368.85
1369.01
1370.85
1371.47
1371.67
1372.41
1373.54
1374.21
1375.59
1376.07
1377.24
1377.81
1378.06
1378.72
1378.90
1379.32
1380.17
1380.53
1381.35
1381.48
1381.87
1382.12
1382.56
1383.68
1384.28
1384.43
1384.59
1386.06
1386.69
1386.86
1386.92
1387.04
1388.80
1388.83
1390.06
1390.15
1390.66
1391.31
1392.77
1393.78
1394.06
1394.11
1394.29
1398.48
1398.49
1398.91
1400.57
1402.23
1402.63
1402.99
1403.02
1403.33
1403.42
1403.58
1406.38
1406.70
1407.75
1407.90
1409.05
1409.06
1410.08
1410.57
1410.97
1413.34
1413.66
1414.22
1416.49
1416.68
1417.09
1417.23
1417.47
1417.66
1417.89
1419.19
1420.80
1421.54
1422.88
1423.30
1424.08
1425.24
1425.45
1426.27
1427.29
1427.34
1428.82
1429.73
1429.87
1430.23
1430.46
1430.51
1430.65
1431.06
1431.53
1431.99
1434.44
1435.14
1435.17
1435.50
1436.00
1436.37
1437.12
1437.27
1439.00
1440.15
1440.71
1441.34
1441.66
1441.90
1442.66
1442.76
1443.02
1443.10
1443.40
1443.96
1445.61
1446.84
1449.55
1451.16
1452.25
1454.15
1454.18
1454.23
1454.26
1454.67
1455.05
1455.22
1456.57
1457.54
1457.72
1458.31
1458.34
1459.14
1460.09
1461.01
1461.56
1462.05
1462.12
1463.35
1464.92
1464.97
1465.63
1465.81
1466.74
1468.44
1469.55
1469.94
1469.94
1471.65
1472.24
1472.85
1473.71
1474.08
1474.43
1475.10
1476.34
1476.36
1476.93
1478.20
1478.60
1479.45
1481.24
1481.40
1483.31
1484.37
1485.12
1487.81
1488.13
1488.23
1488.87
1488.92
1489.23
1489.56
1490.16
1490.66
1492.78
1493.92
1494.26
1495.85
1497.29
1497.68
1499.09
1499.49
1499.72
1500.65
1501.83
1503.57
1504.03
1504.17
1506.76
1507.79
1508.10
1508.23
1508.30
1508.85
1508.85
1510.29
1510.31
1510.76
1511.33
1511.35
1511.84
1512.51
1513.28
1513.61
1514.53
1515.87
1517.89
1520.08
1520.67
1520.91
1522.35
1522.41
1522.48
1524.61
1524.74
1525.10
1525.81
1525.86
1526.40
1526.45
1526.49
1527.68
1527.84
1528.16
1528.35
1528.85
1529.03
1529.43
1530.11
1530.39
1530.56
1530.92
1531.52
1534.55
1535.68
1536.01
1536.13
1536.21
1537.96
1538.28
1538.66
1541.21
1541.31
1541.67
1542.04
1542.93
1544.01
1544.56
1544.95
1545.73
1546.32
1547.47
1547.86
1547.86
1547.93
1548.24
1549.57
1549.87
1549.97
1550.22
1550.29
1551.46
1554.45
1554.86
1559.93
1560.79
1560.89
1561.42
1562.50
1562.90
1563.99
1564.17
1565.04
1565.24
1566.51
1569.94
1571.21
1571.25
1572.49
1573.12
1573.20
1574.10
1575.13
1576.83
1580.61
1580.66
1583.62
1584.29
1586.35
1587.43
1588.96
1591.19
1591.61
1591.78
1592.38
1593.88
1593.90
1594.14
1594.36
1596.70
1596.78
1597.04
1598.56
1598.58
1598.96
1599.13
1599.93
1600.85
1604.07
1604.14
1604.44
1604.66
1605.04
1605.24
1605.81
1605.88
1606.68
1607.27
1608.82
1609.17
1610.09
1610.11
1611.36
1612.76
1613.26
1613.35
1613.70
1614.24
1614.52
1614.94
1615.10
1616.21
1616.86
1619.61
1620.26
1620.56
1621.45
1622.45
1623.37
1624.93
1625.02
1625.61
1626.14
1629.03
1629.56
1630.18
1633.57
1634.13
1636.11
1638.52
1639.25
1640.30
1640.87
1644.65
1645.24
1645.56
1645.88
1646.82
1647.55
1648.18
1649.11
1649.39
1649.73
1649.89
1649.96
1651.21
1653.41
1654.95
1657.62
1657.67
1658.02
1658.64
1658.88
1660.26
1660.31
1660.58
1661.30
1661.55
1661.89
1662.34
1662.69
1663.14
1663.19
1663.73
1664.63
1665.17
1665.40
1666.02
1666.88
1667.57
1668.06
1668.58
1671.16
1674.11
1675.42
1675.62
1677.45
1678.83
1679.21
1679.27
1679.46
1679.96
1680.19
1682.23
1682.37
1682.54
1682.67
1682.83
1682.85
1685.05
1685.42
1685.65
1685.84
1686.40
1687.00
1687.11
1687.70
1688.43
1691.68
1692.93
1693.35
1693.48
1693.81
1693.83
1697.50
1697.55
1698.47
1699.37
1701.10
1703.75
1705.69
1706.37
1707.22
1708.24
1708.59
1710.16
1713.79
1714.94
1715.09
1716.33
1717.34
1719.40
1719.88
1719.92
1722.60
1723.09
1723.74
1724.15
1724.47
1725.03
1725.98
1726.84
1727.10
1727.29
1727.38
1727.66
1727.68
1730.99
1732.19
1733.56
1733.95
1734.97
1735.34
1736.73
1737.54
1737.56
1739.63
1739.72
1740.16
1741.61
1741.80
1742.76
1744.38
1744.74
1745.72
1745.74
1745.98
1746.04
1747.34
1748.08
1748.16
1748.95
1751.62
1752.38
1752.67
1753.65
1755.21
1755.47
1760.82
1761.20
1761.47
1761.96
1764.21
1764.65
1765.30
1766.05
1766.51
1767.58
1769.26
1769.74
1770.05
1770.62
1771.64
1772.23
1772.58
1774.17
1774.21
1774.61
1775.53
1777.30
1777.74
1779.22
1780.48
1781.17
1781.25
1782.13
1783.41
1784.47
1784.58
1784.66
1785.01
1785.51
1786.67
1786.86
1787.21
1788.10
1789.09
1789.77
1792.75
1793.08
1793.53
1794.40
1795.37
1795.62
1796.36
1798.48
1798.58
1799.86
1800.64
1801.52
1802.22
1803.37
1804.60
1805.75
1806.30
1809.88
1814.82
1815.43
1816.02
1816.12
1816.32
1816.43
1816.95
1817.30
1817.46
1817.54
1819.70
1820.76
1821.95
1822.32
1822.68
1823.23
1825.10
1825.14
1826.64
1827.20
1828.15
1830.14
1830.40
1830.88
1832.72
1833.40
1834.23
1834.37
1835.00
1835.46
1836.55
1836.89
1837.15
1837.25
1838.60
1839.46
1839.63
1840.09
1840.73
1840.81
1841.67
1842.14
1844.34
1845.28
1847.05
1848.45
1849.09
1849.29
1850.81
1851.08
1852.06
1852.46
1852.64
1853.36
1855.33
1855.99
1856.39
1856.71
1857.33
1861.28
1862.33
1862.85
1863.03
1863.66
1864.99
1865.35
1866.42
1867.47
1867.77
1868.72
1870.30
1871.76
1872.83
1873.66
1874.15
1875.77
1876.04
1881.53
1882.46
1883.22
1883.60
1884.79
1885.54
1885.85
1886.05
1886.81
1886.97
1886.99
1887.64
1888.44
1888.62
1888.91
1889.13
1889.87
1889.97
1893.06
1897.14
1898.70
1898.99
1900.25
1900.66
1901.13
1902.45
1903.46
1905.37
1905.74
1906.09
1906.63
1906.75
1906.79
1908.30
1909.11
1911.13
1911.61
1911.88
1914.15
1915.33
1915.38
1918.22
1918.45
1921.13
1921.29
1921.42
1921.85
1921.87
1923.25
1923.33
1924.39
1924.66
1926.10
1927.25
1930.54
1933.34
1934.20
1935.10
1935.14
1935.27
1935.92
1936.30
1936.46
1938.50
1939.84
1939.86
1940.89
1940.99
1942.74
1942.82
1944.72
1946.32
1946.84
1946.95
1947.20
1947.85
1948.59
1948.99
1949.77
1951.82
1952.47
1953.93
1959.59
1959.88
1961.41
1962.68
1963.09
1963.55
1964.30
1964.72
1964.79
1965.53
1965.66
1970.47
1974.48
1975.34
1978.85
1979.21
1981.37
1982.08
1982.34
1982.64
1983.41
1983.73
1983.91
1985.32
1986.96
1989.39
1991.15
1992.25
1993.18
1993.67
1994.32
1994.67
1994.69
1998.40
1998.60
2000.18
2002.13
2002.54
2004.23
2004.23
2007.40
2008.55
2010.81
2010.88
2012.05
2012.90
2012.90
2016.50
2016.76
2017.81
2018.86
2019.58
2023.18
2024.67
2026.12
2027.11
2027.70
2027.98
2030.25
2031.54
2031.78
2033.63
2033.79
2035.00
2035.35
2035.57
2035.63
2035.77
2036.05
2036.45
2036.87
2037.16
2037.62
2039.49
2043.56
2044.18
2047.30
2049.67
2050.62
2052.51
2052.82
2052.91
2056.64
2056.71
2057.60
2058.09
2059.20
2059.94
2062.82
2062.95
2063.02
2065.54
2065.65
2066.26
2066.75
2066.93
2067.31
2067.33
2067.35
2069.52
2071.25
2071.38
2071.72
2072.06
2072.80
2073.96
2074.32
2077.78
2078.01
2078.66
2078.79
2079.22
2080.89
2082.60
2082.71
2083.18
2084.20
2084.96
2088.94
2089.03
2089.32
2089.55
2093.87
2096.46
2098.29
2098.79
2101.79
2101.84
2101.95
2101.95
2102.00
2102.66
2102.70
2102.84
2103.11
2103.11
2103.16
2103.68
2107.17
2107.33
2108.15
2109.97
2111.14
2111.27
2112.10
2114.11
2115.57
2116.08
2116.15
2117.04
2118.39
2121.14
2121.24
2121.26
2121.67
2121.85
2121.99
2123.51
2123.85
2124.38
2124.52
2125.62
2126.73
2132.97
2133.32
2133.41
2134.01
2134.80
2135.26
2135.63
2136.95
2138.82
2138.84
2139.05
2139.47
2139.70
2140.79
2141.71
2143.34
2143.80
2144.40
2145.08
2146.10
2149.56
2150.44
2151.59
2151.82
2152.10
2154.75
2156.01
2157.41
2159.33
2159.56
2159.96
2159.96
2161.03
2162.55
2162.55
2163.02
2166.63
2171.51
2173.63
2174.97
2175.23
2176.05
2176.90
2180.81
2181.02
2181.99
2182.61
2183.15
2183.67
2184.31
2184.71
2187.29
2188.21
2188.59
2192.29
2192.43
2196.89
2197.58
2197.65
2198.22
2200.39
2201.22
2203.18
2204.08
2204.42
2204.85
2205.51
2206.09
2206.30
2207.69
2208.36
2208.86
2210.46
2210.55
2211.44
2212.54
2213.14
2216.23
2216.57
2218.17
2219.25
2220.48
2220.79
2220.91
2220.91
2221.85
2224.95
2226.54
2226.61
2226.88
2227.24
2228.45
2229.05
2229.07
2230.28
2230.81
2233.71
2236.20
2239.49
2239.56
2239.69
2239.90
2241.33
2242.16
2245.41
2247.40
2247.84
2252.20
2252.66
2252.86
2253.27
2253.64
2254.49
2254.64
2254.93
2256.64
2259.16
2259.64
2262.24
2262.61
2264.05
2264.25
2265.37
2265.40
2267.14
2267.75
2269.05
2271.21
2273.25
2275.10
2275.22
2276.31
2277.07
2277.59
2278.08
2280.50
2284.70
2285.91
2286.40
2286.77
2289.67
2290.12
2293.49
2293.89
2294.11
2294.28
2295.00
2297.71
2300.82
2303.36
2305.08
2306.65
2307.60
2307.83
2307.90
2308.05
2310.38
2310.45
2311.18
2312.63
2314.48
2317.66
2318.84
2320.22
2321.45
2323.49
2328.02
2328.24
2329.17
2330.64
2331.27
2331.42
2331.47
2331.67
2334.12
2335.84
2335.99
2336.60
2339.73
2340.82
2341.51
2342.54
2343.00
2343.61
2344.22
2344.83
2345.64
2345.94
2346.10
2347.54
2348.36
2348.86
2349.68
2352.25
2356.04
2356.17
2357.27
2357.47
2358.80
2361.15
2361.43
2363.29
2365.08
2365.16
2366.39
2368.08
2370.26
2370.39
2371.87
2373.00
2376.14
2377.91
2379.33
2380.49
2383.91
2385.00
2385.13
2386.44
2386.75
2387.04
2387.92
2389.91
2390.71
2392.57
2394.85
2397.00
2398.38
2399.16
2399.44
2400.01
2400.19
2401.52
2404.90
2405.24
2405.68
2405.94
2406.23
2406.77
2408.86
2411.02
2411.75
2411.80
2414.99
2415.54
2416.98
2417.40
2417.50
2418.42
2418.57
2424.91
2425.02
2425.46
2425.57
2426.20
2428.93
2430.61
2431.46
2431.48
2433.96
2434.54
2435.38
2438.04
2440.36
2441.63
2441.68
2441.76
2441.98
2446.31
2447.13
2451.90
2452.04
2454.29
2454.85
2456.26
2461.66
2461.66
2462.88
2463.76
2466.24
2466.80
2466.91
2468.97
2469.31
2470.97
2471.29
2472.39
2472.47
2473.17
2473.22
2474.29
2475.82
2475.92
2480.24
2480.35
2481.39
2482.31
2483.19
2485.29
2487.17
2488.44
2488.81
2490.00
2490.27
2490.57
2492.67
2495.80
2496.56
2496.69
2498.31
2499.50
2502.67
2503.67
2505.89
2507.71
2507.93
2507.98
2508.52
2512.16
2512.46
2513.25
2513.98
2514.66
2515.10
2515.84
2516.03
2519.73
2519.84
2520.17
2520.71
2521.56
2522.27
2528.17
2528.39
2529.40
2532.63
2535.51
2537.54
2538.91
2540.01
2540.10
2542.30
2543.64
2543.73
2545.54
2545.68
2545.79
2548.96
2549.73
2550.78
2550.95
2553.07
2554.15
2554.59
2556.03
2556.61
2556.83
2557.58
2558.69
2559.55
2562.59
2564.56
2565.95
2567.34
2569.92
2572.18
2572.40
2573.37
2573.99
2576.30
2578.64
2579.03
2580.40
2581.35
2581.69
2582.80
2586.49
2586.61
2588.79
2589.52
2589.80
2594.96
2595.47
2596.00
2596.03
2597.12
2597.83
2598.44
2598.78
2604.30
2604.69
2605.20
2605.48
2605.99
2606.78
2609.49
2609.74
2610.02
2612.06
2612.65
2613.02
2614.35
2614.77
2617.43
2617.52
2617.77
2618.51
2619.16
2621.91
2625.18
2625.49
2625.92
2626.03
2627.62
2627.85
2630.12
2630.75
2632.49
2633.77
2640.16
2644.85
2645.08
2645.48
2646.05
2650.15
2650.35
2650.75
2651.09
2652.87
2653.71
2655.80
2659.71
2661.38
2663.23
2663.37
2663.95
2664.35
2664.38
2664.78
2668.33
2669.37
2669.72
2669.95
2670.53
2675.33
2676.83
2677.91
2680.08
2681.59
2682.92
2683.24
2683.82
2684.06
2684.11
2684.66
2688.36
2691.03
2691.38
2691.67
2691.76
2692.20
2692.90
2694.38
2698.79
2698.79
2703.61
2704.11
2704.17
2704.90
2705.22
2706.42
2709.41
2711.73
2712.17
2714.43
2717.19
2718.48
2718.75
2719.98
2726.41
2727.82
2730.22
2731.84
2734.80
2735.21
2735.45
2737.97
2738.20
2741.49
2741.88
2744.52
2745.56
2746.69
2748.03
2748.41
2748.77
2751.27
2759.38
2760.07
2760.13
2760.54
2761.32
2761.53
2762.58
2767.42
2768.23
2768.53
2772.16
2773.15
2773.57
2773.93
2777.17
2781.59
2782.61
2783.49
2783.79
2784.78
2786.20
2786.74
2789.22
2789.25
2790.27
2791.15
2791.21
2791.27
2791.84
2792.60
2795.32
2796.11
2797.13
2797.38
2799.47
2799.77
2800.80
2801.22
2807.20
2809.33
2809.57
2810.66
2814.53
2814.80
2814.89
2816.88
2817.00
2817.27
2817.76
2819.10
2819.59
2820.23
2824.75
2825.24
2826.95
2826.98
2829.67
2830.26
2830.44
2831.60
2833.44
2834.67
2838.08
2838.17
2839.40
2839.77
2840.87
2840.96
2841.70
2843.64
2845.67
2848.44
2850.29
2850.45
2851.31
2853.01
2855.42
2855.97
2860.02
2860.21
2860.24
2861.26
2861.97
2862.10
2862.78
2862.84
2864.20
2866.59
2869.01
2871.50
2872.43
2873.95
2874.36
2876.04
2876.81
2878.53
2880.24
2881.08
2881.27
2881.67
2882.05
2888.35
2888.82
2890.73
2891.98
2892.39
2892.45
2893.48
2897.59
2899.25
2900.03
2900.10
2902.55
2908.08
2910.31
2912.14
2913.78
2915.04
2915.67
2916.74
2917.12
2920.69
2922.97
2923.70
2931.04
2931.55
2932.88
2933.61
2935.93
2938.63
2938.79
2942.55
2944.43
2944.55
2945.29
2946.37
2948.92
2950.61
2951.86
2953.61
2956.81
2958.64
2960.65
2961.61
2963.44
2966.55
2968.03
2969.22
2970.05
2970.50
2971.40
2971.85
2972.53
2973.33
2973.85
2975.75
2977.42
2979.65
2979.87
2982.06
2982.06
2982.84
2983.58
2984.81
2985.13
2986.81
2988.17
2988.36
2989.82
2991.95
2995.36
2995.45
2996.23
2999.12
3002.95
3003.31
3004.31
3005.45
3008.77
3013.30
3013.40
3014.21
3015.91
3017.90
3018.75
3018.98
3019.01
3021.13
3023.16
3027.68
3029.28
3029.97
3033.32
3033.55
3035.16
3036.44
3037.69
3042.29
3042.46
3042.82
3045.68
3045.98
3046.74
3046.77
3047.13
3048.22
3048.58
3051.06
3053.97
3054.07
3054.96
3055.98
3057.21
3057.77
3060.05
3062.83
3065.32
3066.88
3066.91
3068.97
3070.07
3071.53
3072.59
3073.36
3076.72
3079.82
3084.35
3084.68
3085.02
3085.49
3085.75
3087.72
3088.53
3089.33
3089.63
3091.17
3092.67
3093.74
3093.78
3094.41
3095.68
3099.77
3099.94
3103.33
3104.27
3106.93
3108.00
3108.20
3109.11
3109.25
3111.70
3112.24
3114.30
3114.47
3117.26
3121.31
3121.82
3126.15
3126.82
3129.02
3130.24
3132.24
3133.60
3133.63
3133.94
3134.04
3134.34
3135.09
3140.89
3143.24
3145.04
3147.46
3152.98
3153.32
3153.46
3157.49
3157.97
3158.58
3158.65
3160.33
3162.00
3162.38
3164.77
3165.12
3169.71
3170.53
3171.84
3173.41
3175.82
3176.13
3177.37
3178.47
3179.19
3180.05
3181.36
3185.94
3186.73
3188.14
3189.04
3190.08
3190.32
3191.66
3193.98
3194.64
3194.81
3195.47
3201.45
3201.69
3202.18
3202.87
3203.39
3203.74
3205.09
3206.83
3208.18
3208.67
3209.57
3209.60
3209.60
3210.89
3212.83
3219.24
3222.58
3225.02
3225.86
3226.84
3229.14
3231.42
3231.59
3232.53
3233.69
3236.73
3238.52
3244.66
3248.10
3248.63
3249.37
3251.65
3252.22
3252.88
3253.06
3253.31
3254.72
3256.09
3257.04
3257.25
3258.73
3261.34
3264.13
3265.23
3265.97
3266.43
3268.83
3270.95
3272.19
3274.11
3276.16
3277.97
3279.07
3279.53
3281.62
3283.47
3284.18
3287.74
3289.69
3290.16
3297.39
3299.57
3299.64
3300.96
3303.64
3303.71
3305.32
3307.65
3308.54
3310.33
3314.63
3318.51
3322.60
3325.77
3328.61
3329.44
3329.62
3331.71
3333.05
3334.74
3335.64
3337.41
3338.86
3339.72
3343.45
3343.52
3344.28
3346.34
3346.60
3347.79
3350.11
3350.76
3354.75
3355.41
3358.97
3360.53
3361.84
3362.71
3363.19
3363.29
3363.95
3366.06
3366.32
3367.26
3368.50
3368.58
3370.62
3374.34
3374.67
3378.83
3379.60
3382.60
3386.67
3388.86
3389.34
3389.89
3390.15
3390.44
3390.63
3392.64
3395.62
3396.61
3400.40
3400.95
3402.09
3402.57
3403.45
3404.12
3408.17
3412.97
3413.74
3414.37
3415.15
3419.58
3420.14
3427.07
3427.73
3428.62
3430.18
3431.18
3431.22
3437.61
3439.32
3442.45
3446.77
3448.30
3451.10
3452.63
3453.79
3454.88
3458.69
3460.38
3460.97
3463.33
3465.85
3467.61
3468.06
3468.25
3469.82
3469.94
3469.97
3472.68
3473.54
3475.08
3475.42
3477.15
3477.42
3479.00
3479.18
3479.18
3483.82
3485.17
3485.89
3487.51
3487.93
3493.93
3494.99
3497.15
3498.28
3500.48
3502.91
3504.42
3505.14
3505.48
3506.17
3506.51
3509.09
3509.70
3515.62
3517.18
3517.87
3517.91
3519.81
3528.05
3528.05
3530.57
3532.36
3533.66
3533.89
3534.62
3536.99
3537.57
3538.56
3538.94
3539.48
3539.52
3539.71
3540.32
3540.55
3542.12
3542.31
3542.81
3543.39
3543.39
3545.08
3545.92
3547.99
3548.57
3555.56
3557.26
3557.41
3558.49
3558.68
3561.80
3563.50
3568.78
3569.25
3569.55
3574.19
3574.77
3575.12
3575.74
3575.89
3576.44
3579.30
3584.07
3584.30
3587.44
3587.83
3589.54
3594.98
3595.10
3595.10
3595.87
3596.93
3597.12
3598.87
3602.81
3603.12
3605.65
3608.50
3609.24
3611.86
3611.90
3612.02
3612.10
3612.25
3616.20
3617.69
3618.24
3619.10
3621.06
3621.45
3621.72
3624.19
3625.37
3625.49
3629.53
3630.94
3634.40
3636.17
3637.98
3640.23
3643.10
3645.27
3645.63
3648.35
3652.81
3654.28
3657.84
3658.15
3658.19
3659.42
3659.74
3659.74
3661.76
3663.66
3663.86
3663.90
3664.49
3664.73
3665.40
3671.48
3672.15
3673.86
3674.89
3675.65
3675.85
3676.88
3678.39
3678.87
3680.39
3682.74
3684.33
3686.04
3686.80
3689.56
3689.95
3691.95
3695.47
3699.03
3699.47
3702.43
3706.04
3707.20
3707.76
3710.61
3712.18
3713.06
3713.63
3716.32
3717.53
3718.05
3720.30
3721.51
3721.79
3722.48
3723.64
3724.53
3726.43
3727.51
3727.63
3729.57
3730.14
3735.35
3738.34
3738.62
3742.87
3743.48
3744.37
3745.06
3745.95
3746.44
3749.60
3755.28
3756.62
3756.83
3758.09
3759.02
3762.44
3762.69
3762.93
3763.50
3764.15
3766.35
3767.25
3768.84
3769.61
3770.67
3771.41
3772.84
3773.53
3774.80
3775.25
3775.53
3775.74
3778.15
3778.80
3779.09
3782.65
3784.16
3784.82
3785.14
3786.50
3788.79
3792.15
3793.75
3794.00
3794.41
3795.85
3796.26
3797.66
3798.40
3799.30
3799.59
3804.24
3807.94
3808.97
3814.54
3814.95
3815.78
3818.83
3825.08
3825.24
3825.33
3826.73
3827.81
3832.33
3834.73
3837.18
3838.89
3839.72
3841.88
3842.71
3843.83
3843.96
3844.33
3845.25
3846.08
3848.66
3849.58
3851.28
3852.28
3854.83
3858.83
3858.92
3859.04
3859.38
3860.34
3860.71
3864.22
3864.77
3868.20
3871.97
3872.59
3874.23
3875.40
3876.24
3877.33
3878.09
3878.42
3879.68
3881.11
3881.44
3883.34
3890.78
3891.49
3892.21
3892.76
3897.73
3900.90
3903.26
3905.88
3907.82
3908.71
3914.13
3914.43
3917.52
3919.85
3919.85
3921.46
3922.18
3924.86
3925.07
3926.30
3926.43
3926.51
3926.56
3927.79
3928.34
3930.98
3934.30
3934.81
3937.11
3937.36
3937.70
3938.09
3940.60
3943.89
3944.23
3944.31
3944.83
3949.52
3949.74
3951.79
3953.71
3953.84
3957.78
3957.86
3958.25
3959.62
3960.43
3965.67
3971.08
3971.94
3973.05
3975.89
3976.28
3976.36
3976.75
3976.75
3982.82
3983.25
3984.89
3986.62
3987.57
3987.70
3990.59
3992.36
3993.31
3994.95
3996.51
3996.72
3999.06
3999.28
4003.82
4005.21
4009.24
4009.89
4010.50
4010.63
4012.10
4012.58
4012.80
4013.41
4015.67
4018.62
4019.67
4019.71
4022.28
4025.93
4027.37
4028.98
4029.03
4030.07
4037.93
4040.33
4042.04
4042.43
4042.83
4043.57
4046.98
4047.90
4051.15
4052.55
4055.88
4057.02
4059.17
4059.35
4060.01
4061.20
4061.94
4063.92
4064.23
4066.74
4071.18
4074.05
4075.81
4076.91
4077.71
4081.24
4081.50
4081.72
4083.67
4085.04
4085.26
4086.72
4091.41
4092.51
4094.33
4096.46
4097.65
4101.07
4104.22
4112.18
4114.09
4114.67
4115.65
4116.54
4116.54
4120.28
4121.04
4124.43
4125.06
4126.98
4131.71
4132.29
4132.74
4133.05
4134.13
4135.38
4136.14
4136.59
4139.50
4139.77
4140.12
4141.69
4144.20
4145.46
4145.68
4146.36
4148.33
4148.73
4150.35
4151.83
4156.64
4157.90
4162.13
4162.18
4163.03
4163.53
4170.43
4174.40
4174.58
4176.30
4178.29
4178.78
4181.36
4182.08
4182.99
4184.48
4186.16
4187.74
4188.97
4193.09
4199.45
4199.81
4202.04
4202.81
4211.24
4215.93
4216.84
4218.94
4220.27
4222.14
4226.34
4226.80
4227.44
4227.49
4227.53
4232.39
4232.48
4232.52
4233.12
4235.82
4236.00
4236.51
4238.98
4241.51
4243.76
4246.33
4246.51
4247.75
4250.74
4254.10
4257.05
4257.28
4257.97
4261.79
4262.44
4263.55
4266.92
4267.52
4269.46
4269.96
4272.51
4273.01
4274.82
4275.23
4275.97
4279.31
4280.19
4280.23
4280.42
4284.87
4287.46
4288.67
4294.10
4297.08
4299.77
4300.66
4300.75
4303.17
4304.85
4306.01
4307.08
4307.41
4308.53
4310.58
4310.58
4311.28
4312.26
4314.50
4316.70
4317.63
4318.28
4327.50
4329.00
4330.17
4334.57
4341.80
4344.25
4345.47
4345.94
4348.15
4348.48
4348.53
4348.71
4348.76
4354.60
4354.88
4354.88
4357.52
4358.04
4363.56
4363.89
4364.08
4365.07
4368.47
4371.03
4371.97
4372.63
4376.56
4376.99
4385.52
4392.17
4392.50
4393.41
4397.83
4402.07
4406.55
4409.74
4410.74
4413.03
4413.56
4416.00
4421.69
4421.78
4424.84
4428.34
4429.20
4429.78
4430.98
4431.46
4431.74
4433.47
4434.05
4441.15
4442.11
4443.99
4445.29
4449.14
4449.86
4450.44
4452.75
4458.19
4459.06
4460.12
4460.80
4462.49
4463.41
4465.48
4467.18
4467.71
4468.09
4473.51
4476.95
4477.43
4481.60
4482.67
4483.49
4484.32
4484.90
4484.90
4488.06
4488.15
4488.54
4488.93
4489.08
4490.68
4490.97
4491.02
4491.89
4492.87
4495.98
4497.10
4497.83
4500.94
4502.11
4502.16
4504.94
4505.33
4505.72
4507.13
4508.25
4509.57
4509.81
4515.33
4518.31
4520.12
4531.09
4532.61
4534.33
4535.01
4535.11
4536.78
4537.52
4540.56
4540.91
4544.59
4548.28
4548.43
4550.40
4552.17
4552.32
4555.67
4556.75
4557.35
4559.32
4561.59
4562.72
4563.42
4565.19
4565.49
4565.59
4567.17
4571.27
4573.94
4574.44
4574.84
4577.11
4578.15
4579.24
4580.09
4580.18
4586.04
4593.09
4595.22
4596.47
4601.24
4602.39
4603.49
4604.48
4605.63
4609.17
4610.36
4610.76
4612.61
4613.31
4615.11
4616.95
4618.00
4620.05
4620.25
4620.75
4620.95
4622.15
4624.10
4624.15
4625.60
4625.80
4626.60
4627.36
4632.16
4632.26
4632.31
4635.37
4636.03
4638.03
4642.75
4643.51
4643.86
4644.36
4647.17
4647.53
4647.78
4649.79
4650.19
4650.29
4651.95
4659.61
4663.90
4666.47
4667.28
4669.45
4675.22
4677.54
4681.29
4686.51
4686.76
4689.55
4692.04
4692.60
4693.97
4693.97
4694.58
4696.46
4698.54
4699.46
4700.07
4702.05
4705.51
4709.48
4710.30
4712.54
4717.39
4717.44
4718.82
4728.32
4728.32
4729.45
4729.81
4731.60
4738.62
4739.13
4740.52
4742.47
4743.60
4744.37
4745.03
4745.80
4746.16
4750.99
4752.89
4754.13
4755.36
4756.08
4759.58
4761.23
4763.34
4765.05
4765.05
4765.20
4765.41
4766.75
4767.57
4768.66
4771.65
4775.32
4776.40
4781.93
4782.35
4782.81
4783.28
4785.25
4786.65
4786.75
4787.42
4791.83
4793.18
4794.11
4795.41
4806.78
4810.11
4810.74
4811.99
4814.12
4815.94
4816.26
4817.66
4818.39
4824.81
4825.59
4825.70
4826.80
4834.79
4835.89
4838.61
4839.82
4841.18
4841.70
4845.63
4847.26
4849.83
4854.40
4864.12
4865.60
4866.02
4866.75
4866.81
4867.81
4869.23
4870.44
4881.73
4882.16
4884.74
4891.73
4892.89
4894.11
4897.07
4897.23
4897.60
4901.05
4901.74
4905.77
4910.50
4911.61
4913.47
4914.32
4919.64
4919.80
4922.04
4922.89
4923.16
4923.32
4925.24
4925.72
4925.77
4931.90
4931.90
4933.88
4935.64
4938.74
4939.01
4940.34
4940.61
4941.89
4945.80
4947.51
4947.78
4948.85
4949.97
4952.92
4953.99
4954.63
4958.12
4958.92
4965.37
4967.36
4967.95
4969.29
4974.94
4978.71
4980.49
4981.62
4982.59
4982.80
4985.88
4993.17
4995.92
4998.68
4998.79
5000.30
5000.68
5002.14
5002.47
5006.04
5006.85
5010.76
5014.55
5015.58
5019.17
5021.34
5022.70
5025.36
5027.54
5029.06
5029.06
5029.33
5036.03
5036.68
5037.39
5038.32
5040.17
5045.79
5050.54
5052.18
5053.55
5057.27
5057.98
5063.07
5064.88
5065.10
5065.32
5068.61
5070.42
5071.24
5071.35
5083.27
5086.85
5086.96
5088.56
5095.17
5100.74
5101.57
5102.01
5103.39
5103.44
5103.72
5103.88
5105.04
5106.54
5117.16
5118.82
5121.86
5122.64
5123.14
5126.47
5129.63
5136.24
5138.46
5139.46
5140.80
5144.41
5147.42
5147.59
5148.09
5150.04
5150.98
5151.32
5152.66
5153.83
5155.72
5158.51
5160.64
5163.37
5164.10
5166.28
5171.70
5172.04
5175.57
5177.58
5179.32
5181.67
5186.22
5186.61
5187.00
5193.80
5195.31
5197.45
5198.74
5201.22
5207.58
5207.81
5214.57
5215.70
5216.55
5219.20
5220.39
5229.04
5233.00
5234.02
5246.66
5248.25
5250.47
5259.62
5268.05
5275.64
5276.89
5278.44
5281.52
5287.47
5291.99
5295.20
5295.65
5297.09
5298.29
5298.58
5298.86
5301.22
5302.71
5303.97
5304.77
5308.68
5308.96
5310.23
5311.26
5313.96
5322.08
5322.94
5323.11
5333.95
5338.34
5338.86
5340.71
5342.33
5343.95
5345.85
5356.16
5364.34
5366.54
5367.01
5369.22
5369.91
5371.95
5372.59
5373.92
5374.74
5377.59
5382.24
5383.18
5383.23
5387.66
5390.58
5390.87
5391.63
5399.68
5400.44
5402.31
5404.77
5406.93
5411.56
5412.14
5413.37
5414.78
5417.12
5418.30
5419.64
5423.81
5426.04
5431.38
5431.80
5433.50
5433.50
5433.79
5437.85
5440.09
5448.34
5453.23
5456.24
5461.02
5462.56
5464.98
5465.04
5468.71
5470.13
5477.77
5479.73
5480.56
5481.03
5481.68
5482.75
5483.70
5485.01
5490.83
5492.37
5498.20
5498.67
5498.91
5501.95
5504.39
5509.39
5511.48
5511.66
5518.82
5519.54
5521.87
5525.39
5527.48
5531.37
5531.67
5532.03
5537.54
5539.16
5546.54
5548.34
5551.40
5557.11
5560.42
5562.58
5564.09
5564.39
5565.29
5570.35
5572.70
5574.57
5581.57
5582.36
5584.11
5585.02
5587.13
5588.10
5588.70
5594.27
5597.24
5600.20
5601.90
5604.27
5604.39
5606.81
5607.06
5615.01
5615.56
5621.45
5622.49
5624.31
5630.16
5633.14
5637.41
5643.94
5644.92
5648.52
5652.62
5655.98
5656.66
5656.66
5657.33
5661.62
5661.80
5662.35
5662.60
5668.79
5677.26
5682.91
5684.76
5685.31
5685.93
5687.03
5688.33
5689.07
5689.43
5689.68
5691.28
5694.18
5700.16
5702.68
5708.24
5715.35
5716.15
5717.95
5719.68
5721.91
5722.09
5724.51
5729.40
5729.46
5729.90
5733.25
5738.03
5746.10
5749.27
5753.57
5759.98
5760.98
5762.23
5766.34
5769.96
5772.59
5772.77
5776.77
5777.02
5779.21
5782.28
5787.03
5791.10
5791.98
5798.63
5801.64
5802.27
5802.77
5803.21
5804.28
5806.66
5807.42
5808.61
5809.55
5812.38
5812.82
5813.58
5813.83
5815.40
5818.17
5821.70
5822.83
5822.83
5823.34
5825.10
5826.36
5829.07
5830.21
5834.44
5842.46
5842.84
5844.48
5848.02
5861.52
5864.25
5864.75
5865.39
5866.85
5867.86
5870.53
5871.29
5871.67
5871.74
5872.88
5874.34
5876.31
5876.50
5879.37
5885.79
5889.36
5889.68
5892.17
5895.93
5898.74
5901.23
5909.08
5911.96
5911.96
5917.40
5918.94
5920.35
5920.67
5921.56
5924.51
5925.28
5927.33
5929.58
5930.99
5931.76
5939.27
5940.11
5940.24
5949.57
5954.78
5963.55
5964.78
5968.78
5974.14
5978.60
5980.42
5981.32
5982.68
5983.52
5984.23
5987.02
5988.70
5989.87
5990.71
5992.53
5996.81
5998.30
5999.14
6000.64
6004.02
6009.80
6011.30
6013.38
6020.08
6022.43
6024.25
6028.03
6028.03
6028.88
6032.47
6033.65
6034.95
6035.54
6039.33
6049.46
6055.49
6065.06
6069.13
6070.32
6072.88
6081.16
6081.29
6085.70
6090.18
6090.51
6092.95
6094.07
6096.31
6097.63
6105.16
6107.54
6107.67
6109.98
6112.17
6114.81
6117.72
6117.92
6123.82
6125.07
6126.93
6133.83
6133.90
6136.88
6138.28
6146.12
6146.38
6147.25
6154.57
6154.84
6159.83
6162.70
6162.97
6165.17
6169.10
6170.24
6170.31
6176.45
6178.52
6184.21
6186.08
6188.69
6190.17
6191.77
6192.38
6193.92
6195.33
6196.60
6197.47
6197.94
6200.76
6202.30
6205.32
6208.07
6210.09
6213.92
6215.06
6216.14
6218.02
6218.97
6226.84
6226.98
6227.18
6227.58
6229.40
6231.43
6233.92
6236.35
6242.22
6243.03
6244.32
6255.95
6259.33
6266.79
6271.88
6278.12
6278.33
6279.48
6279.48
6282.40
6283.01
6287.84
6295.81
6305.49
6307.88
6308.29
6308.29
6308.49
6310.88
6313.68
6317.92
6318.46
6321.13
6321.95
6329.75
6330.64
6330.78
6332.43
6332.56
6334.21
6336.47
6345.32
6345.59
6345.66
6347.11
6349.92
6352.40
6352.81
6356.11
6356.93
6359.00
6361.41
6363.47
6367.33
6370.70
6378.01
6378.57
6378.71
6379.81
6382.09
6387.20
6390.24
6393.01
6401.52
6404.02
6408.45
6419.62
6423.72
6427.13
6430.75
6435.41
6439.17
6441.12
6444.82
6445.58
6446.91
6446.98
6448.24
6450.96
6452.49
6455.36
6462.06
6472.07
6476.13
6476.20
6479.43
6482.79
6489.74
6489.88
6491.78
6500.70
6506.76
6508.09
6508.45
6511.83
6514.58
6520.08
6524.24
6527.13
6531.16
6539.15
6539.86
6540.21
6540.92
6551.83
6553.17
6554.31
6554.88
6557.15
6560.69
6563.18
6564.53
6571.28
6571.49
6572.84
6575.83
6576.90
6578.39
6579.46
6580.60
6583.45
6584.38
6588.22
6590.51
6591.79
6599.92
6606.28
6606.28
6606.93
6607.28
6608.86
6609.64
6610.07
6613.72
6615.80
6621.02
6621.88
6623.53
6627.40
6628.62
6629.20
6634.15
6635.51
6636.59
6636.95
6637.23
6639.10
6652.04
6652.26
6656.29
6659.17
6666.31
6670.35
6672.16
6672.59
6677.07
6679.23
6680.39
6685.16
6691.31
6694.50
6699.86
6705.52
6705.81
6710.09
6712.27
6714.45
6719.10
6720.04
6723.39
6728.56
6736.50
6743.06
6747.22
6747.73
6757.96
6765.28
6771.57
6778.24
6786.32
6789.03
6790.36
6792.63
6792.71
6793.00
6795.50
6817.59
6821.80
6828.30
6828.59
6833.69
6836.80
6842.72
6844.35
6845.09
6847.46
6849.68
6849.83
6849.91
6850.50
6851.98
6856.88
6861.26
6865.93
6876.04
6876.86
6886.17
6888.33
6888.93
6895.27
6901.39
6902.28
6903.55
6910.50
6915.36
6916.79
6918.13
6918.73
6923.90
6924.05
6926.45
6927.72
6929.44
6930.49
6936.72
6939.05
6939.42
6942.88
6948.89
6955.13
6955.59
6958.90
6961.99
6965.30
6965.98
6968.54
6969.52
6973.07
6974.73
6978.43
6980.84
6982.81
6983.41
6984.54
6987.95
6988.63
6991.88
6992.86
6994.68
6998.77
7002.78
7003.01
7003.16
7003.24
7005.13
7007.10
7010.06
7012.03
7014.00
7015.07
7019.17
7020.53
7021.90
7024.79
7025.40
7035.28
7036.96
7042.22
7045.72
7064.04
7066.26
7069.09
7074.60
7080.57
7081.41
7086.93
7091.92
7093.84
7095.91
7099.44
7101.44
7102.74
7103.51
7103.90
7109.43
7113.43
7115.97
7117.36
7122.60
7124.99
7129.38
7130.70
7132.62
7138.11
7139.57
7148.00
7151.33
7151.94
7152.10
7162.09
7166.27
7170.31
7174.27
7180.01
7185.30
7185.76
7190.27
7192.61
7194.71
7196.27
7196.42
7201.87
7204.60
7208.03
7209.28
7209.52
7212.09
7212.48
7213.73
7222.24
7228.34
7259.45
7267.47
7267.79
7270.85
7271.32
7273.06
7274.08
7276.05
7277.39
7282.35
7286.60
7291.57
7292.91
7294.41
7297.81
7303.02
7308.16
7313.38
7314.41
7314.65
7315.36
7318.37
7318.68
7319.08
7321.85
7325.65
7328.91
7331.68
7333.19
7334.54
7336.52
7339.78
7343.03
7350.74
7351.14
7352.02
7352.41
7371.93
7373.29
7376.80
7377.92
7380.79
7382.55
7384.22
7386.78
7390.70
7395.90
7400.22
7403.98
7404.79
7409.84
7411.12
7412.88
7413.84
7416.65
7418.98
7423.72
7425.65
7427.41
7427.90
7429.91
7432.48
7434.65
7441.25
7441.89
7449.63
7451.08
7451.97
7457.93
7458.74
7459.31
7461.81
7463.34
7463.50
7463.91
7465.85
7468.35
7469.00
7471.34
7477.65
7480.56
7490.12
7498.07
7499.28
7501.64
7501.80
7503.18
7503.67
7505.53
7507.81
7512.68
7512.76
7523.75
7531.08
7532.71
7533.11
7533.36
7534.99
7535.40
7538.82
7540.04
7541.35
7541.35
7545.51
7548.94
7562.27
7566.60
7573.49
7575.78
7585.46
7590.38
7599.01
7607.90
7614.32
7614.32
7618.85
7620.75
7621.33
7626.61
7628.92
7632.88
7641.97
7643.21
7644.45
7644.70
7644.78
7645.53
7645.86
7652.73
7656.45
7660.93
7661.09
7662.09
7664.16
7668.23
7668.97
7672.87
7674.20
7689.33
7690.91
7692.57
7696.07
7700.32
7702.15
7706.24
7707.40
7709.74
7712.66
7719.09
7721.34
7724.10
7731.12
7731.29
7737.15
7742.84
7745.78
7753.83
7761.88
7764.57
7765.33
7765.75
7771.38
7771.88
7774.32
7777.52
7780.80
7781.48
7783.67
7793.78
7799.77
7799.77
7805.68
7806.78
7808.04
7808.21
7809.73
7810.66
7813.37
7816.33
7825.47
7826.06
7833.34
7836.90
7837.75
7841.14
7842.42
7843.35
7844.11
7846.92
7847.34
7848.95
7850.74
7854.56
7854.99
7855.33
7872.77
7876.86
7878.99
7881.29
7884.36
7884.62
7885.98
7886.58
7894.86
7899.48
7903.41
7906.92
7911.19
7916.76
7917.79
7918.13
7921.39
7922.16
7922.50
7924.13
7925.33
7935.20
7940.09
7946.11
7948.77
7953.08
7957.98
7960.39
7969.79
7972.55
7973.84
7981.18
7983.08
7985.84
7992.93
7993.62
7994.14
7994.14
7999.33
8002.02
8002.62
8004.96
8007.21
8007.99
8008.17
8010.59
8013.54
8016.23
8018.48
8021.69
8035.33
8041.07
8043.60
8048.65
8054.83
8055.79
8061.98
8069.92
8071.58
8074.20
8079.62
8083.29
8086.88
8093.71
8096.77
8097.21
8099.84
8108.52
8111.24
8123.18
8124.85
8131.71
8132.42
8135.85
8136.38
8138.32
8146.33
8151.18
8161.51
8168.13
8176.27
8189.55
8194.87
8197.62
8202.58
8202.76
8209.33
8218.66
8219.64
8223.29
8225.25
8226.31
8227.56
8230.14
8231.83
8236.47
8243.24
8248.51
8250.29
8252.52
8254.58
8255.11
8256.19
8269.24
8271.83
8272.37
8274.34
8274.97
8280.70
8284.37
8287.15
8298.46
8299.18
8306.72
8308.25
8310.86
8311.67
8313.20
8313.56
8316.97
8319.04
8324.09
8335.17
8343.02
8344.38
8345.01
8346.45
8347.45
8352.32
8352.60
8352.96
8354.67
8357.30
8357.39
8360.28
8363.99
8367.25
8370.06
8370.87
8376.04
8377.39
8378.66
8381.75
8387.55
8406.54
8407.18
8411.64
8411.73
8416.10
8422.56
8423.75
8430.95
8434.15
8438.62
8442.36
8444.28
8444.46
8446.84
8452.69
8468.89
8470.18
8470.36
8473.66
8475.68
8497.35
8502.59
8504.43
8506.64
8507.74
8516.86
8518.89
8521.01
8524.51
8541.32
8547.23
8548.07
8550.75
8551.49
8557.04
8565.66
8568.07
8572.80
8574.65
8581.61
8582.17
8587.18
8602.81
8604.95
8605.04
8606.81
8612.40
8616.50
8624.80
8625.46
8626.58
8628.35
8634.98
8644.14
8650.04
8652.56
8653.59
8659.59
8663.99
8674.78
8678.35
8692.07
8713.35
8715.70
8718.53
8719.48
8720.23
8721.08
8723.44
8725.33
8725.42
8725.52
8728.54
8731.75
8735.44
8741.58
8741.96
8746.50
8747.35
8753.41
8755.50
8769.34
8775.60
8782.73
8790.52
8797.18
8805.28
8807.66
8810.71
8811.76
8821.77
8826.55
8830.37
8834.77
8834.96
8835.05
8839.55
8842.22
8848.16
8849.59
8851.51
8852.95
8853.62
8854.57
8858.02
8858.70
8858.79
8859.46
8859.85
8867.52
8867.61
8868.38
8881.06
8888.27
8889.61
8890.48
8897.98
8899.43
8901.55
8903.18
8905.79
8907.33
8908.39
8910.03
8915.81
8918.61
8920.93
8923.15
8925.85
8938.03
8940.45
8941.22
8941.80
8947.51
8947.51
8950.80
8955.45
8959.04
8965.44
8974.46
8978.83
8980.97
8990.01
8990.21
8991.08
8991.76
8995.46
9005.01
9006.66
9015.34
9019.93
9019.93
9023.05
9023.34
9036.63
9038.10
9052.38
9054.93
9060.32
9062.58
9073.37
9076.41
9080.05
9080.73
9081.91
9083.78
9092.73
9095.88
9100.70
9100.80
9105.53
9106.71
9107.10
9110.75
9116.47
9121.50
9123.08
9125.94
9132.27
9136.52
9137.80
9145.91
9152.05
9157.89
9159.88
9160.77
9161.46
9171.48
9174.06
9180.71
9181.31
9196.42
9198.81
9199.90
9203.29
9209.46
9209.96
9210.96
9212.85
9214.35
9214.75
9217.34
9225.62
9225.92
9246.51
9255.11
9261.22
9263.13
9266.54
9274.36
9278.48
9300.29
9302.80
9306.23
9308.54
9314.59
9315.29
9315.80
9316.00
9323.56
9325.88
9329.72
9330.02
9332.54
9335.67
9339.21
9350.23
9360.76
9360.76
9362.68
9365.92
9367.55
9368.15
9379.11
9381.54
9392.51
9392.72
9397.19
9401.26
9409.09
9412.86
9416.32
9427.33
9435.50
9437.33
9439.68
9444.38
9446.53
9450.92
9459.52
9462.90
9466.99
9470.78
9474.17
9477.24
9480.83
9485.24
9485.65
9486.17
9493.15
9500.03
9509.49
9517.83
9522.36
9524.94
9526.07
9526.80
9528.03
9529.89
9532.57
9540.62
9541.75
9542.48
9546.50
9556.53
9571.01
9571.43
9573.40
9576.71
9577.13
9579.92
9581.58
9582.83
9592.68
9600.47
9602.13
9614.71
9621.27
9627.31
9628.35
9631.47
9634.71
9642.42
9659.55
9659.65
9661.85
9663.94
9664.67
9665.51
9667.91
9667.91
9669.06
9674.19
9680.05
9687.28
9689.38
9692.11
9698.72
9698.93
9701.76
9704.38
9707.95
9710.16
9710.69
9714.57
9716.78
9719.62
9720.57
9725.93
9727.93
9731.93
9735.30
9739.52
9740.78
9744.37
9751.64
9770.23
9772.35
9774.04
9783.14
9783.14
9787.69
9797.44
9802.95
9806.77
9810.70
9816.32
9830.35
9834.18
9842.17
9848.77
9849.52
9851.12
9854.21
9859.22
9861.14
9861.78
9863.81
9867.12
9875.34
9876.41
9879.83
9879.94
9879.94
9886.78
9888.92
9891.81
9892.34
9899.41
9903.48
9904.34
9907.98
9908.41
9911.42
9922.57
9925.58
9926.33
9930.31
9930.41
9930.84
9931.70
9938.15
9940.09
9940.84
9942.89
9949.67
9957.53
9968.20
9969.39
9970.03
9974.78
9986.98
9988.93
9990.98
9997.90
10000.28
10001.04
10006.45
10011.00
10012.30
10028.56
10032.25
10033.66
10045.61
10047.14
10049.53
10053.99
10056.27
10062.04
10064.54
10071.30
10071.62
10082.20
10082.53
10084.93
10094.10
10113.34
10119.80
10131.30
10134.48
10139.85
10142.82
10161.49
10169.41
10174.14
10175.13
10175.79
10181.19
10182.95
10183.94
10189.79
10199.38
10209.87
10212.19
10218.38
10218.49
10221.26
10225.46
10230.66
10237.75
10239.74
10251.49
10277.48
10282.15
10284.26
10289.50
10294.17
10298.96
10301.19
10309.11
10310.34
10312.34
10319.60
10321.16
10323.06
10325.41
10329.54
10336.58
10347.77
10355.61
10356.29
10357.07
10357.18
10360.66
10362.79
10377.94
10384.11
10387.04
10393.89
10399.63
10405.93
10407.06
10407.40
10412.80
10416.97
10417.65
10417.76
10422.84
10425.20
10429.15
10439.20
10442.59
10478.13
10481.64
10486.63
10494.01
10494.24
10500.26
10501.51
10508.78
10517.65
10519.25
10522.66
10524.26
10524.71
10525.62
10545.57
10556.53
10559.50
10575.85
10577.57
10598.07
10599.68
10602.09
10603.01
10623.79
10628.62
10628.97
10631.27
10632.99
10634.72
10641.28
10647.04
10651.18
10663.41
10663.52
10673.10
10674.37
10690.32
10698.77
10707.34
10710.24
10718.47
10719.86
10720.21
10723.92
10740.76
10752.50
10753.20
10754.36
10761.81
10763.79
10765.19
10765.77
10767.87
10773.81
10776.03
10781.04
10782.91
10786.53
10788.51
10794.93
10794.93
10795.05
10804.63
10809.19
10816.44
10826.51
10844.57
10844.80
10847.03
10847.85
10849.15
10849.38
10857.48
10857.72
10867.71
10873.00
10875.59
10876.18
10877.24
10877.47
10878.77
10879.83
10882.06
10885.24
10887.01
10899.98
10906.94
10909.06
10912.60
10930.33
10931.27
10933.99
10937.54
10938.49
10941.09
10959.34
10961.71
10966.81
10967.64
10972.39
10977.50
10982.13
10986.88
11009.37
11011.52
11022.37
11034.90
11035.25
11036.69
11052.70
11055.45
11070.77
11077.48
11077.60
11078.80
11081.56
11084.80
11087.79
11091.03
11096.20
11100.28
11106.05
11106.41
11106.89
11108.69
11112.42
11117.47
11123.72
11127.94
11139.98
11155.54
11157.59
11178.62
11184.67
11202.23
11212.90
11220.18
11222.61
11226.26
11228.08
11233.30
11236.46
11242.42
11246.31
11268.73
11270.07
11277.14
11277.63
11280.07
11284.34
11289.11
11294.36
11307.93
11316.50
11318.95
11322.13
11324.71
11335.37
11341.87
11343.72
11345.07
11352.43
11355.87
11358.45
11370.63
11376.66
11380.60
11382.69
11393.53
11398.83
11408.95
11415.37
11417.10
11417.35
11427.85
11430.33
11431.44
11438.12
11446.79
11448.65
11452.49
11458.93
11469.48
11474.81
11479.28
11484.63
11504.65
11509.63
11511.62
11512.00
11514.36
11514.49
11519.10
11520.97
11528.95
11536.19
11539.31
11568.06
11569.43
11583.96
11590.23
11597.63
11602.53
11608.56
11615.34
11616.60
11617.85
11633.07
11648.69
11648.82
11657.52
11668.88
11676.07
11684.29
11688.84
11689.60
11695.42
11697.70
11709.85
11715.43
11716.32
11728.24
11753.14
11754.03
11758.99
11760.77
11762.42
11764.08
11764.97
11785.36
11790.97
11797.73
11807.31
11810.89
11811.65
11813.31
11825.85
11836.09
11841.08
11843.39
11845.82
11852.11
11855.44
11857.62
11865.45
11870.20
11878.17
11891.93
11896.43
11904.16
11905.06
11907.89
11913.30
11916.91
11917.30
11919.49
11920.65
11921.04
11929.82
11936.27
11951.91
11952.55
11955.66
11955.79
11960.70
11966.01
11966.27
11966.40
11977.80
11994.53
11998.94
12000.24
12014.14
12016.61
12026.11
12028.58
12038.34
12060.25
12060.38
12062.99
12063.12
12069.25
12086.11
12098.67
12099.06
12105.74
12106.14
12113.21
12122.39
12128.95
12136.96
12147.47
12148.78
12152.86
12159.17
12165.35
12171.54
12178.66
12188.54
12200.81
12201.08
12208.08
12212.04
12215.48
12222.75
12223.41
12225.13
12226.98
12230.15
12234.39
12236.91
12246.31
12246.44
12249.09
12251.21
12253.73
12258.24
12267.93
12268.19
12288.52
12299.29
12305.68
12306.88
12307.68
12308.74
12311.41
12321.80
12321.94
12330.34
12333.67
12338.35
12347.96
12353.71
12356.51
12365.47
12369.49
12370.02
12377.12
12383.15
12387.17
12414.00
12421.66
12466.36
12469.60
12493.64
12493.64
12498.10
12499.86
12505.95
12508.11
12520.03
12521.79
12527.89
12542.26
12551.90
12566.71
12571.61
12587.94
12588.76
12588.76
12601.30
12607.30
12614.12
12620.13
12623.81
12630.23
12644.04
12645.00
12651.30
12651.71
12653.49
12655.68
12661.70
12666.50
12671.16
12683.92
12683.92
12688.86
12693.25
12696.14
12699.85
12702.18
12731.21
12733.97
12738.10
12740.31
12742.10
12744.58
12750.24
12752.31
12774.68
12780.35
12781.59
12788.37
12811.50
12815.10
12821.76
12822.59
12823.70
12826.76
12832.72
12833.84
12834.67
12834.81
12845.37
12851.76
12866.65
12870.83
12883.23
12887.27
12890.48
12891.59
12895.08
12896.20
12899.54
12907.08
12911.27
12912.81
12919.80
12930.43
12932.95
12935.18
12941.34
12966.43
12971.20
12973.17
12980.05
12980.75
12992.27
12993.12
12993.12
12995.36
13004.51
13005.91
13012.95
13015.49
13023.38
13023.52
13032.82
13040.30
13042.13
13073.49
13077.31
13089.77
13092.04
13095.01
13095.58
13098.56
13101.39
13105.50
13107.91
13109.05
13119.97
13121.96
13122.67
13124.52
13125.65
13127.78
13132.19
13135.46
13137.02
13150.81
13168.90
13184.01
13188.72
13198.14
13201.42
13226.87
13232.74
13235.89
13265.71
13280.07
13295.75
13296.75
13300.21
13302.22
13306.25
13307.26
13314.03
13314.32
13328.30
13333.49
13337.10
13340.13
13343.01
13347.35
13371.92
13386.54
13401.47
13410.02
13415.39
13475.04
13494.01
13501.60
13519.87
13520.02
13525.29
13528.21
13558.40
13562.65
13563.39
13565.59
13582.04
13586.45
13589.68
13597.63
13606.60
13610.87
13629.44
13639.77
13644.93
13647.44
13656.60
13657.64
13659.71
13672.87
13678.49
13681.60
13720.73
13722.66
13731.72
13733.80
13749.86
13755.37
13765.79
13773.09
13775.32
13785.02
13797.25
13810.69
13811.14
13813.98
13823.25
13823.25
13834.17
13858.29
13859.49
13863.24
13866.99
13868.79
13873.45
13877.80
13880.65
13889.82
13890.72
13903.35
13909.52
13913.43
13914.64
13921.86
13936.48
13943.42
13943.72
13951.27
13957.01
13965.62
13970.00
13980.13
13999.51
14006.63
14007.38
14027.10
14029.53
14030.90
14031.35
14038.34
14039.55
14044.41
14054.45
14055.05
14057.94
14065.70
14068.14
14069.96
14070.88
14080.47
14107.62
14116.17
14132.06
14183.53
14184.45
14193.82
14195.81
14201.50
14203.49
14212.10
14213.18
14216.72
14218.87
14230.41
14233.03
14237.50
14244.43
14245.51
14251.06
14254.45
14256.92
14262.01
14265.25
14266.49
14293.84
14294.15
14299.25
14300.64
14301.26
14305.29
14306.52
14325.11
14328.37
14332.55
14340.62
14362.67
14400.01
14407.18
14412.33
14414.82
14421.06
14423.09
14423.87
14460.12
14473.90
14474.99
14478.75
14482.67
14504.47
14506.04
14508.55
14508.55
14513.73
14515.14
14522.21
14523.00
14561.39
14565.64
14569.11
14583.94
14589.30
14590.41
14599.73
14603.83
14606.05
14607.63
14620.28
14628.03
14628.50
14637.05
14641.01
14656.39
14664.79
14674.63
14677.18
14678.29
14686.55
14691.95
14706.74
14709.29
14715.50
14716.61
14724.89
14729.36
14737.33
14742.59
14742.75
14746.74
14756.79
14766.22
14784.60
14794.36
14800.61
14833.95
14836.20
14842.46
14855.15
14858.53
14875.10
14880.09
14880.89
14884.60
14888.62
14888.78
14892.65
14896.68
14918.29
14954.66
14960.00
14962.10
14962.75
14985.27
14985.59
14988.02
14996.95
15002.63
15005.55
15006.36
15039.85
15078.62
15090.38
15092.33
15093.97
15096.91
15097.07
15113.25
15129.12
15141.08
15152.22
15158.29
15163.37
15171.41
15177.00
15181.92
15185.37
15193.26
15197.21
15204.77
15221.40
15230.62
15232.11
15244.64
15253.55
15260.97
15273.86
15274.52
15278.32
15283.28
15301.98
15309.27
15316.06
15320.04
15337.62
15359.37
15361.87
15362.36
15365.02
15374.00
15392.15
15404.81
15431.50
15465.10
15496.42
15521.92
15525.96
15532.00
15535.20
15536.04
15542.26
15557.23
15571.72
15571.88
15580.65
15588.24
15599.37
15611.53
15611.87
15615.08
15618.62
15624.88
15639.93
15640.61
15681.61
15689.42
15694.01
15703.35
15720.52
15734.98
15736.86
15755.26
15775.38
15782.55
15793.83
15806.14
15813.66
15815.37
15818.45
15819.82
15835.07
15841.23
15843.81
15846.55
15849.64
15851.18
15855.81
15858.38
15875.21
15876.41
15881.56
15887.41
15894.29
15895.83
15896.01
15898.41
15900.82
15905.64
15906.67
15911.49
15916.83
15942.68
15943.72
15948.38
15950.45
15962.88
15967.54
15986.04
16005.94
16026.39
16026.56
16036.45
16037.67
16040.62
16051.03
16055.37
16077.63
16082.15
16112.80
16118.91
16118.91
16119.43
16129.20
16151.55
16161.69
16167.81
16169.39
16182.69
16184.97
16187.07
16190.40
16201.61
16203.36
16213.89
16214.24
16233.72
16249.36
16256.40
16275.05
16303.25
16312.25
16325.67
16335.56
16337.51
16340.34
16348.47
16352.36
16390.09
16400.74
16405.35
16425.24
16425.42
16437.33
16459.58
16498.45
16521.13
16539.38
16548.68
16552.27
16553.16
16555.49
16566.06
16570.90
16570.90
16580.23
16599.07
16621.36
16629.81
16641.33
16652.14
16652.14
16662.23
16663.86
16672.51
16679.37
16682.62
16687.13
16691.65
16696.34
16724.55
16727.44
16731.61
16744.83
16752.98
16758.06
16766.58
16782.01
16790.36
16791.27
16797.81
16817.45
16848.78
16866.65
16875.23
16880.90
16883.09
16893.14
16919.11
16924.42
16925.34
16942.01
16950.44
16966.04
16991.76
16996.54
17009.42
17015.68
17035.76
17036.12
17038.89
17039.26
17046.08
17078.02
17099.47
17100.39
17106.87
17120.76
17126.50
17129.28
17138.73
17148.38
17173.82
17177.16
17193.90
17218.47
17230.03
17233.01
17242.89
17251.10
17285.67
17290.35
17297.27
17297.27
17297.46
17302.88
17303.45
17328.18
17328.74
17356.51
17357.83
17376.99
17386.96
17408.80
17413.51
17419.35
17419.54
17423.68
17424.44
17441.79
17452.55
17463.13
17471.82
17475.79
17529.76
17536.21
17540.01
17543.05
17543.81
17546.08
17551.21
17552.92
17559.00
17561.66
17562.99
17570.97
17571.35
17580.67
17597.61
17601.99
17610.37
17624.86
17634.39
17638.40
17659.79
17675.46
17676.04
17677.76
17686.94
17687.52
17703.79
17730.82
17731.01
17745.41
17754.24
17767.11
17767.69
17775.38
17776.73
17787.50
17794.43
17795.97
17797.90
17798.28
17847.65
17853.64
17860.40
17865.62
17873.93
17886.70
17889.41
17902.19
17905.29
17909.55
17918.47
17949.90
17955.54
17976.73
17977.31
17982.56
17995.41
17999.50
18012.16
18022.10
18025.03
18037.32
18043.17
18047.66
18054.70
18060.17
18062.90
18063.49
18092.63
18094.59
18101.64
18105.95
18110.26
18110.65
18119.67
18128.88
18171.70
18175.24
18193.14
18194.91
18216.18
18229.59
18242.81
18284.51
18331.85
18350.90
18355.27
18357.46
18367.59
18391.65
18402.60
18407.38
18445.46
18448.05
18492.42
18498.02
18506.43
18514.64
18524.86
18563.38
18569.41
18569.81
18575.24
18590.32
18591.32
18598.36
18610.24
18624.54
18656.21
18669.13
18682.67
18718.68
18728.00
18745.44
18750.92
18765.12
18786.05
18787.67
18801.09
18850.79
18861.00
18865.49
18869.77
18870.59
18873.65
18875.08
18913.72
18920.47
18953.05
18958.59
18961.67
18975.83
18977.68
19002.33
19003.36
19005.42
19006.86
19028.05
19041.02
19059.99
19064.94
19087.02
19098.18
19101.48
19125.89
19150.32
19160.89
19163.17
19165.45
19179.56
19179.56
19192.43
19209.26
19211.54
19214.66
19224.85
19243.37
19250.04
19276.72
19289.23
19305.73
19316.80
19323.91
19339.60
19353.41
19367.45
19402.26
19404.78
19419.28
19434.83
19448.50
19450.82
19454.61
19458.19
19470.61
19479.67
19487.26
19495.06
19525.46
19526.73
19528.42
19530.74
19589.79
19610.36
19611.21
19611.85
19621.40
19621.61
19628.41
19628.83
19632.02
19649.44
19680.08
19683.06
19756.03
19766.08
19776.35
19780.63
19803.76
19814.90
19831.85
19875.67
19900.41
19904.07
19910.32
19910.97
19914.20
19915.71
19917.22
19926.27
19926.48
19934.68
19942.45
19942.88
19950.21
19951.94
19953.02
19957.12
19961.01
19971.81
19979.59
20003.39
20008.36
20021.79
20030.68
20031.54
20044.98
20047.37
20048.24
20057.13
20059.95
20068.64
20078.63
20097.97
20101.67
20111.46
20122.78
20123.00
20128.22
20130.84
20155.25
20162.01
20172.04
20195.63
20214.21
20216.62
20222.52
20244.42
20255.59
20270.94
20280.59
20313.09
20317.05
20322.99
20329.80
20331.34
20341.02
20346.09
20410.47
20437.65
20440.53
20448.71
20491.46
20533.85
20541.85
20564.08
20575.88
20596.82
20605.07
20619.56
20628.93
20661.55
20664.45
20666.69
20674.96
20681.68
20685.26
20728.50
20732.31
20735.00
20736.12
20737.92
20768.68
20774.53
20816.15
20817.05
20817.73
20824.71
20833.50
20871.86
20876.82
20886.09
20889.93
20896.71
20898.75
20929.30
20929.97
20940.85
20941.75
20952.86
20953.99
20968.28
21049.20
21071.31
21087.73
21094.35
21108.73
21112.84
21153.77
21181.02
21183.32
21206.94
21211.53
21238.86
21243.68
21262.08
21294.77
21301.91
21304.45
21325.21
21331.44
21332.59
21334.21
21341.82
21355.45
21370.71
21387.13
21397.78
21404.03
21420.48
21443.21
21455.27
21458.29
21460.85
21463.86
21474.55
21495.70
21498.26
21498.96
21501.29
21507.80
21508.03
21539.94
21560.69
21579.36
21583.80
21589.17
21592.91
21594.31
21594.78
21595.24
21601.09
21612.78
21616.52
21622.83
21636.41
21640.86
21676.24
21682.11
21689.14
21723.20
21724.61
21726.49
21734.72
21754.01
21762.01
21801.37
21812.23
21817.89
21819.31
21828.75
21848.60
21854.75
21869.65
21895.46
21913.94
21946.21
21947.16
21987.33
21988.76
21992.80
21998.04
22027.81
22057.38
22064.31
22076.96
22106.36
22142.99
22185.92
22194.08
22208.97
22214.26
22263.10
22310.61
22325.82
22342.01
22359.67
22361.84
22418.77
22427.51
22435.27
22439.40
22474.39
22507.97
22530.15
22536.97
22569.43
22579.69
22614.40
22617.10
22623.70
22634.48
22656.77
22672.22
22717.40
22723.30
22743.23
22807.30
22820.63
22834.95
22837.92
22850.52
22900.27
22908.45
22914.90
22931.76
22948.14
22951.62
22984.42
22988.90
23028.73
23100.85
23126.11
23132.12
23155.91
23167.18
23172.95
23189.50
23191.51
23227.42
23275.98
23281.01
23314.79
23324.88
23326.65
23333.21
23369.34
23403.76
23430.36
23441.01
23463.59
23474.51
23514.42
23537.33
23582.45
23614.88
23647.61
23661.43
23677.56
23709.61
23755.83
23771.51
23773.57
23790.55
23818.11
23844.15
23848.28
23856.80
23865.83
23887.02
23922.19
23975.05
24014.00
24028.55
24034.79
24037.91
24039.99
24068.88
24135.38
24141.39
24152.10
24176.68
24191.07
24196.56
24209.66
24226.95
24236.13
24251.60
24271.29
24275.23
24301.25
24324.92
24341.51
24354.16
24357.32
24388.17
24397.94
24410.35
24411.40
24448.41
24461.11
24478.32
24494.22
24494.75
24510.12
24519.94
24532.67
24533.47
24535.59
24585.29
24594.07
24611.37
24625.49
24664.95
24665.75
24671.36
24691.65
24699.67
24713.84
24753.98
24770.05
24778.10
24781.05
24787.48
24799.02
24802.24
24819.15
24836.07
24887.72
24903.61
24925.72
24930.03
24970.80
24974.31
25040.33
25100.55
25103.26
25103.81
25109.78
25131.80
25133.43
25173.17
25206.96
25210.23
25228.24
25229.88
25232.34
25238.89
25245.45
25297.95
25310.27
25322.04
25326.98
25331.64
25341.78
25344.52
25354.12
25390.36
25417.02
25420.04
25420.32
25421.97
25428.30
25471.80
25478.42
25502.41
25532.23
25574.26
25600.28
25633.54
25649.35
25649.91
25697.97
25720.78
25735.53
25739.43
25743.05
25796.86
25801.61
25802.45
25816.69
25896.14
25907.35
25947.75
25956.73
25990.74
26010.15
26082.86
26101.49
26111.09
26115.61
26128.90
26156.05
26169.92
26175.59
26211.86
26270.63
26290.82
26305.05
26381.44
26393.43
26410.86
26414.00
26477.52
26506.76
26525.41
26548.09
26552.11
26563.89
26569.64
26580.28
26590.35
26629.79
26633.83
26650.26
26674.20
26740.66
26794.82
26796.27
26817.16
26831.09
26864.49
26903.47
26928.22
26970.50
26974.01
26987.43
26990.35
26997.66
27003.21
27035.07
27040.63
27051.46
27072.25
27081.04
27111.53
27112.41
27118.27
27119.74
27159.97
27191.73
27240.90
27250.63
27252.40
27262.72
27264.20
27265.38
27273.34
27310.26
27346.92
27362.61
27364.38
27382.16
27422.77
27457.21
27475.64
27476.53
27513.72
27534.27
27689.32
27690.82
27738.49
27782.65
27850.37
27895.90
27919.76
27933.36
27985.09
27992.35
27993.57
28014.17
28047.83
28178.02
28248.54
28252.20
28280.34
28288.91
28336.09
28352.65
28360.01
28374.44
28415.60
28438.67
28539.47
28560.78
28663.87
28664.18
28763.91
28791.31
28830.28
28849.94
28886.17
28913.37
28926.51
28929.02
28930.90
28938.10
28951.88
28965.35
29073.36
29074.93
29139.49
29171.67
29188.40
29193.46
29214.94
29245.62
29247.20
29257.02
29266.51
29272.21
29274.43
29283.93
29339.75
29354.99
29357.54
29382.00
29387.41
29430.68
29450.11
29490.61
29512.32
29545.86
29567.93
29613.39
29629.74
29632.62
29645.77
29665.02
29697.46
29719.32
29740.87
29748.27
29770.17
29870.19
29966.65
29983.52
30071.24
30073.52
30119.76
30120.08
30172.60
30187.94
30194.15
30200.36
30206.24
30234.69
30285.44
30317.57
30387.19
30433.58
30516.67
30589.73
30644.39
30664.62
30713.44
30755.34
30760.99
30765.99
30908.79
30941.92
31108.41
31111.44
31130.64
31162.32
31186.26
31221.38
31268.70
31410.78
31455.34
31498.59
31503.02
31645.13
31683.51
31760.73
31846.76
31851.24
31873.65
31888.83
31924.73
32004.62
32010.51
32097.56
32102.42
32108.33
32123.96
32135.78
32174.75
32215.51
32292.98
32365.74
32431.99
32436.20
32546.59
32596.28
32618.51
32678.20
32727.39
32766.01
32782.32
32824.56
33061.23
33116.00
33116.36
33227.63
33441.14
33545.51
33545.87
33610.54
33655.67
33669.87
33754.86
33759.61
33761.43
33816.64
33851.05
33863.14
33921.08
33974.34
34074.84
34088.48
34152.35
34169.35
34277.48
34411.62
34492.89
34542.19
34610.65
34612.15
34637.62
34639.87
34720.17
34758.51
34758.51
35018.22
35043.23
35421.00
35465.48
35527.32
35581.56
35637.81
35756.77
35793.55
35865.26
36164.53
36319.42
36374.48
36429.62
36551.22
36593.17
36836.28
36837.48
37095.86
37471.42
37559.91
37734.66
38025.65
38250.54
38672.93
40475.27
40524.35
40626.20
40700.55
41288.25
43383.46
43410.23
45353.78
