45.03
45.73
46.17
53.22
53.71
58.92
60.97
65.41
65.77
65.78
65.87
69.98
72.07
74.50
74.76
75.14
75.27
78.22
78.40
79.63
80.39
80.62
81.49
82.15
82.54
82.55
83.58
84.80
86.06
86.17
86.93
86.99
87.66
88.20
88.36
88.79
89.44
90.45
90.68
91.70
92.12
93.09
93.50
94.60
95.09
95.27
96.43
97.50
97.68
98.49
99.14
99.52
99.59
99.59
101.03
103.24
103.33
103.97
104.31
104.96
105.12
105.80
106.04
106.09
106.16
106.32
108.43
108.63
109.37
110.11
112.07
112.26
112.86
112.93
113.23
113.85
113.86
114.24
114.47
116.02
117.44
117.64
117.77
118.21
118.59
120.31
120.37
120.55
120.72
121.45
122.26
122.41
122.43
122.59
122.59
122.78
122.90
123.53
124.22
125.67
125.95
126.76
127.03
127.08
127.32
128.16
128.52
128.70
128.92
129.15
130.33
130.43
130.59
130.67
131.16
131.53
131.96
133.38
133.75
133.86
134.05
134.16
134.48
134.66
135.89
136.40
137.13
137.52
139.27
139.28
139.41
139.57
140.56
140.93
141.02
141.15
141.22
141.29
141.83
141.88
142.04
142.08
142.44
142.54
143.12
143.50
143.70
144.53
144.63
144.64
145.02
145.99
146.11
146.40
146.76
146.97
147.18
147.80
148.05
148.58
149.25
149.66
149.97
150.72
150.92
151.06
151.17
151.23
151.50
152.00
152.36
152.69
153.13
154.02
155.08
155.09
155.22
155.43
155.75
155.92
156.21
156.27
156.99
157.53
157.67
157.84
157.99
158.12
158.16
158.84
158.98
158.99
159.56
159.58
160.54
160.65
161.10
161.13
161.13
161.14
161.20
161.58
162.08
162.12
162.44
162.50
162.54
162.54
162.90
164.02
164.27
164.84
165.27
166.09
166.97
167.72
168.00
168.32
168.65
168.65
168.74
169.34
169.98
170.21
170.50
171.19
171.24
171.47
171.52
171.98
172.05
172.77
173.12
173.51
173.52
174.05
174.20
174.83
174.85
175.05
175.32
175.55
175.66
175.89
175.97
176.07
176.23
176.27
176.32
177.00
177.56
177.74
177.75
177.86
178.15
178.87
179.22
179.34
179.47
179.71
179.89
179.91
179.98
180.02
180.05
180.35
180.35
180.44
180.78
180.81
180.89
181.06
181.15
181.25
181.41
181.90
182.11
182.17
182.20
182.24
182.61
183.04
183.14
183.39
183.79
184.12
184.20
184.42
184.46
184.62
185.13
185.24
185.28
186.01
186.12
186.35
186.61
186.79
186.91
187.38
187.41
187.45
187.78
187.91
187.95
189.21
189.36
190.27
190.52
190.78
192.08
192.32
192.37
193.17
193.26
193.96
194.00
194.36
194.74
195.24
195.25
196.00
196.29
196.64
196.85
196.87
197.05
197.50
197.67
198.42
198.71
198.89
199.14
199.23
199.42
199.46
199.87
200.93
201.02
201.13
201.15
201.27
201.62
201.79
202.13
202.23
202.25
202.42
202.54
202.68
202.84
202.85
202.91
203.50
203.87
204.53
204.53
204.74
204.74
204.75
205.09
205.27
205.69
205.85
205.90
205.95
206.46
206.85
206.90
206.94
207.16
207.88
208.52
208.72
208.86
209.05
209.06
209.15
210.78
211.08
211.18
211.22
211.26
211.37
211.48
211.69
211.91
211.98
212.77
213.16
213.17
213.49
213.62
213.89
214.42
214.45
214.75
215.02
215.41
215.43
215.88
216.66
216.84
217.04
217.07
217.34
217.45
217.59
217.59
218.00
218.16
218.26
218.58
219.22
219.26
219.49
219.64
220.15
220.61
221.33
221.38
221.72
221.73
222.25
223.24
223.47
223.63
223.95
224.13
225.43
225.86
226.07
226.11
226.36
226.52
226.85
227.36
227.62
227.75
228.00
228.15
228.24
228.45
228.52
228.58
229.45
229.52
229.55
230.06
230.38
230.43
230.80
231.19
231.79
231.85
232.05
232.14
232.36
232.43
233.14
233.30
233.33
233.39
233.79
234.39
235.24
235.77
236.39
237.02
237.20
237.72
238.62
239.14
239.27
239.66
239.76
239.83
239.95
240.01
240.14
240.22
240.23
240.25
240.29
240.66
240.96
241.00
241.14
241.14
241.32
241.49
242.07
242.07
242.60
242.63
242.72
243.32
243.46
243.99
244.29
244.39
244.97
245.05
245.15
245.41
245.77
245.78
245.93
246.04
246.30
246.40
246.68
246.73
246.84
247.04
247.24
247.28
247.48
247.59
248.00
248.02
248.07
248.10
248.83
249.31
249.33
249.36
249.64
249.80
250.26
250.86
250.91
251.15
251.16
251.59
252.28
252.69
252.74
252.76
252.83
253.16
253.61
253.85
254.11
254.46
254.74
254.87
254.96
255.18
255.33
255.50
255.59
256.02
256.57
256.64
256.84
257.19
257.75
258.42
258.64
258.74
258.86
259.02
259.16
259.69
259.76
259.78
259.87
259.87
259.88
260.05
260.65
261.52
262.13
262.89
263.75
263.87
264.15
264.42
264.80
265.07
265.14
265.15
265.88
266.64
266.79
266.81
266.86
267.76
267.96
268.02
268.35
268.62
268.77
269.58
269.58
269.76
269.84
270.05
270.08
270.09
270.41
270.55
270.56
270.81
270.82
270.98
271.01
271.03
271.14
271.51
271.58
271.78
272.04
272.09
272.15
272.26
272.38
272.69
272.70
273.49
273.60
273.61
274.00
274.34
274.67
274.72
275.18
275.24
275.50
275.69
275.78
275.89
276.04
276.68
276.68
276.83
276.93
277.34
277.66
277.68
277.88
277.97
277.99
278.29
278.41
279.80
279.95
280.52
280.81
280.95
281.22
281.43
281.81
281.85
282.08
282.35
282.51
282.61
282.76
282.95
283.42
283.85
284.53
285.27
285.54
285.65
285.95
285.97
286.05
286.61
286.62
286.72
286.82
287.07
287.41
288.38
288.43
288.90
289.23
289.26
289.45
289.48
289.49
290.29
290.29
290.92
291.40
291.48
291.66
292.35
292.70
292.81
292.88
293.58
294.11
294.27
294.33
294.46
294.57
294.65
294.97
295.32
295.46
295.50
295.50
295.72
295.83
296.18
296.32
296.75
297.30
297.62
297.97
298.31
298.40
298.49
298.73
298.95
299.76
301.09
301.35
302.01
302.79
302.85
303.06
303.20
303.49
303.57
304.45
304.45
304.48
304.56
304.57
304.96
305.30
305.41
306.07
306.52
306.85
307.01
307.32
308.18
308.50
308.65
309.19
309.46
310.41
310.41
310.56
310.91
311.02
311.11
311.40
311.58
312.49
312.71
312.78
312.91
313.34
313.50
313.50
313.80
316.24
316.30
316.89
317.15
317.42
317.70
317.73
317.76
318.01
318.49
318.69
318.81
318.83
318.85
319.19
319.20
319.43
319.58
320.25
320.76
320.80
321.27
321.29
321.36
321.48
322.01
322.09
323.12
323.44
323.58
323.72
323.91
324.13
324.18
324.46
324.50
324.60
324.83
325.00
325.29
325.31
325.33
325.49
325.93
326.04
326.20
326.31
326.60
326.63
326.79
327.12
327.26
327.60
327.81
328.16
328.17
328.41
328.57
328.62
328.69
328.89
329.22
329.40
329.64
330.01
330.39
330.48
330.49
330.88
331.39
331.42
331.91
332.24
332.55
333.19
333.50
333.51
334.59
334.60
334.61
334.81
335.99
336.16
336.47
336.54
336.75
336.99
337.21
337.24
337.68
337.83
338.02
338.22
338.38
338.38
338.45
338.64
339.29
339.33
339.78
340.07
340.13
340.36
340.48
340.66
341.00
341.01
341.03
341.34
341.55
341.58
342.16
342.26
342.42
342.45
342.50
342.57
343.12
343.78
343.80
344.41
344.44
344.45
344.65
344.74
344.97
345.00
345.33
345.43
345.72
345.76
345.83
345.95
346.18
346.20
346.34
346.36
346.71
347.71
348.35
348.36
348.38
348.72
348.74
348.77
348.96
348.96
349.00
349.17
349.28
349.43
349.56
349.62
349.84
350.16
350.23
350.24
350.34
350.38
350.56
350.57
350.65
350.89
351.01
351.05
351.40
351.47
351.65
351.81
352.33
352.41
352.56
352.70
353.14
353.17
353.27
353.45
353.95
354.17
354.69
354.86
355.04
355.10
355.20
355.42
356.41
356.83
356.97
357.50
358.29
358.33
358.41
358.79
358.79
359.13
359.53
359.85
360.01
361.21
361.38
361.61
361.74
361.82
361.92
362.59
362.62
363.60
363.63
363.77
364.11
364.34
364.38
364.47
365.90
365.91
366.31
366.40
367.28
367.98
368.09
368.30
368.35
368.68
368.70
368.83
368.84
369.35
369.61
370.10
370.18
370.20
370.33
370.46
370.54
370.76
370.81
370.89
371.45
371.96
371.97
372.26
372.70
373.10
373.28
373.78
373.87
374.85
375.96
376.47
376.83
376.95
377.26
377.40
377.56
378.31
378.72
379.18
379.64
380.25
380.40
380.50
380.57
380.72
381.17
381.34
381.37
381.37
381.54
382.75
383.06
383.09
383.29
383.53
383.69
383.77
384.38
384.51
384.68
384.80
384.80
384.98
385.61
386.03
386.19
386.46
386.49
386.99
387.05
387.32
387.34
387.54
387.56
387.61
388.19
388.22
388.57
388.64
388.76
389.04
389.25
389.26
389.26
389.78
389.95
390.11
390.17
390.20
390.25
390.98
391.03
391.14
391.26
391.27
391.84
392.03
392.04
392.25
392.51
392.91
392.99
393.25
393.43
393.60
393.62
393.97
394.02
394.07
394.09
394.44
395.19
395.57
395.85
396.02
396.40
396.45
396.60
396.83
397.03
397.07
397.11
397.27
397.38
397.54
397.76
398.18
398.22
398.50
398.87
398.87
398.89
399.35
399.45
399.69
399.71
399.74
400.14
400.19
400.27
401.36
401.66
401.86
402.29
402.50
402.67
403.39
403.62
404.37
404.42
404.66
404.88
405.41
405.51
405.62
405.72
405.99
406.14
406.17
406.89
407.35
407.86
407.90
408.88
408.91
409.09
409.29
409.44
409.60
409.69
410.18
410.54
410.60
410.63
410.93
411.55
411.94
412.28
412.77
413.09
413.15
413.34
413.59
413.89
413.97
414.71
414.84
415.05
415.05
415.96
416.50
416.52
416.65
416.84
416.91
417.34
417.66
418.10
418.22
418.81
419.17
419.30
419.31
419.60
420.22
420.67
420.92
421.32
422.24
422.47
422.58
422.87
422.90
422.91
423.00
423.61
423.85
423.88
424.00
424.08
424.29
424.32
424.71
425.56
425.60
425.68
425.89
425.94
426.10
426.19
426.19
426.77
427.10
427.36
427.91
428.35
428.53
428.53
429.06
429.18
429.26
429.56
429.65
429.72
429.75
429.96
430.45
430.51
430.93
431.10
431.13
431.14
431.87
431.87
431.88
432.17
432.61
432.88
433.36
433.43
433.57
434.25
434.47
434.63
435.10
435.11
435.24
435.41
435.45
435.47
435.55
435.62
436.00
436.14
436.51
436.55
436.78
436.84
436.94
436.94
437.16
437.29
437.65
438.73
439.08
439.20
439.46
439.89
440.01
440.35
440.82
440.83
441.16
441.55
441.79
441.93
442.06
442.09
442.77
442.96
443.64
443.76
444.05
444.26
444.61
444.77
444.84
445.21
445.51
445.83
446.27
446.28
446.28
446.44
447.44
447.47
448.49
448.89
449.03
449.12
449.15
449.24
449.47
449.55
449.73
450.22
450.31
450.32
450.58
450.75
450.88
451.10
451.21
451.54
451.59
451.76
452.11
452.16
452.19
452.71
452.81
453.51
453.67
453.76
454.17
454.30
454.40
454.49
454.74
454.76
454.79
455.03
455.39
455.46
455.56
455.62
455.92
455.94
456.66
456.67
456.70
456.73
456.93
457.05
457.15
457.36
457.66
457.82
457.87
458.38
458.53
458.95
459.45
459.72
459.92
460.52
460.63
460.87
461.41
461.58
462.51
462.72
463.00
463.10
463.45
463.49
463.67
463.87
464.01
464.38
464.43
464.57
464.83
464.93
464.98
465.36
465.61
465.98
465.99
466.21
466.49
466.61
466.84
466.84
466.95
467.19
467.56
467.59
467.70
467.84
467.92
468.18
468.26
468.45
468.47
468.64
469.05
469.33
469.34
469.56
469.61
469.89
469.97
470.13
470.30
470.30
470.56
470.97
471.64
472.06
472.21
472.45
472.47
472.57
472.93
473.05
473.09
473.14
473.37
473.39
473.56
473.57
473.71
473.86
474.36
474.36
474.45
474.59
474.78
474.91
475.00
475.18
475.31
475.59
475.66
475.85
476.10
476.11
476.17
476.22
476.85
476.94
477.31
477.42
477.50
477.57
477.96
478.07
478.15
478.31
478.49
478.75
478.76
478.90
479.31
479.41
479.88
480.01
480.03
480.23
480.59
480.65
480.67
480.80
481.07
481.10
481.26
481.34
482.65
482.84
483.22
483.38
483.60
484.07
484.29
484.68
485.05
485.17
485.40
486.44
486.49
486.49
486.58
487.14
487.19
487.40
488.13
488.27
489.02
489.13
489.19
489.53
489.53
489.86
489.99
490.07
490.32
490.49
490.54
490.67
490.93
490.96
491.48
491.62
491.72
492.08
492.10
492.29
492.65
493.39
493.43
493.52
493.63
494.17
494.30
494.38
494.48
494.70
494.79
494.92
495.99
496.00
496.34
496.74
496.83
496.91
496.98
498.29
498.36
499.15
499.93
499.94
500.03
500.38
500.75
501.02
501.59
501.75
502.26
502.43
503.00
503.72
503.85
503.90
504.13
504.15
504.31
504.52
504.66
504.78
504.88
505.46
505.76
505.86
506.01
506.70
506.83
507.11
507.52
507.79
507.95
508.05
508.54
508.59
508.70
508.83
509.06
509.86
510.61
510.78
510.82
510.91
511.24
511.28
512.07
512.30
513.18
513.86
513.94
514.00
514.01
514.39
514.48
514.53
514.76
514.88
514.90
514.92
515.29
515.55
515.77
516.50
516.53
516.75
517.04
517.25
517.63
519.09
519.52
519.72
520.53
520.65
520.72
520.80
521.27
521.38
521.66
522.08
522.14
522.69
522.84
522.87
522.91
522.94
523.07
523.17
523.37
523.63
524.19
524.23
524.39
524.43
524.64
525.14
525.59
525.73
525.90
526.34
526.59
526.59
526.61
526.85
527.04
527.24
527.45
527.56
527.94
528.08
528.09
528.22
528.56
528.73
528.90
528.94
528.98
529.05
529.16
529.17
529.47
529.84
530.37
530.80
530.96
531.08
531.17
531.52
531.65
532.17
533.00
533.17
533.76
534.58
534.96
535.19
535.27
535.55
535.86
535.95
536.38
537.02
537.15
537.31
537.90
538.53
538.66
538.82
538.86
538.90
539.21
539.37
539.45
539.73
539.86
539.91
540.06
540.16
540.21
540.88
542.13
542.55
542.63
542.65
542.72
543.31
543.88
543.98
544.08
544.28
544.30
544.80
544.97
545.24
545.36
545.44
545.72
545.99
546.04
546.17
546.34
546.77
547.00
547.22
547.63
547.66
547.69
547.80
548.05
548.12
548.53
549.18
549.37
549.40
549.61
550.00
550.06
550.14
551.22
551.97
552.18
552.30
552.53
552.85
553.21
553.42
553.48
553.73
553.82
554.07
554.41
554.69
555.13
555.67
555.94
555.98
556.45
556.47
556.52
556.63
557.31
557.45
557.71
558.14
558.34
558.43
558.78
558.87
559.97
560.21
560.34
561.04
561.33
561.97
562.06
562.21
562.42
562.62
563.14
563.27
564.00
564.01
564.39
564.62
564.65
565.06
565.36
566.13
566.85
567.01
567.43
567.51
567.61
567.86
568.57
568.93
569.13
569.15
569.25
569.50
571.03
571.67
571.89
572.03
572.18
572.84
573.05
573.20
574.66
574.79
575.00
575.86
575.93
575.93
576.13
576.38
576.90
577.32
577.50
577.63
577.83
577.86
577.90
578.20
578.63
580.54
580.88
581.58
581.63
581.91
581.97
582.12
582.14
582.15
582.20
582.21
582.37
582.91
583.10
583.33
583.35
583.62
583.92
584.70
584.98
585.84
586.34
586.50
586.64
586.86
587.20
588.49
588.55
588.88
589.65
589.90
589.94
590.20
590.25
590.39
590.41
590.49
590.92
591.24
591.38
591.44
592.10
592.40
592.74
592.87
593.31
593.70
594.07
594.14
594.23
594.27
594.29
595.42
595.88
596.37
596.45
596.84
597.09
597.24
597.75
598.76
599.17
599.84
600.52
601.56
601.81
602.41
602.57
602.64
602.87
603.06
603.58
603.62
604.20
604.30
604.64
604.98
605.07
605.22
605.22
605.36
605.42
605.43
605.55
605.57
606.02
606.02
606.15
606.21
606.47
607.27
607.53
607.60
607.98
608.08
608.21
608.27
608.38
608.65
608.67
608.86
609.43
609.61
609.75
609.94
610.02
610.21
610.55
610.65
611.52
612.23
612.54
612.60
612.61
612.66
612.68
612.73
612.95
612.95
613.21
613.24
613.36
613.92
614.50
614.65
615.17
615.25
616.04
616.31
616.57
617.34
617.62
617.70
617.88
617.92
618.03
618.07
618.29
618.77
619.22
619.26
619.27
619.43
619.70
620.17
620.55
620.79
621.21
621.25
621.37
621.43
621.62
621.87
622.28
622.30
622.36
622.39
623.68
623.69
623.84
623.94
624.21
624.32
624.57
624.66
624.70
625.19
625.47
625.63
625.66
625.98
626.09
626.26
626.49
627.28
627.83
627.86
627.87
628.31
628.43
628.48
628.80
628.96
629.54
629.69
629.94
631.10
631.24
631.54
632.30
632.60
633.36
633.59
633.82
634.04
634.09
634.58
634.65
634.69
634.92
635.31
636.24
636.25
636.73
637.53
637.58
637.79
637.90
638.28
638.50
638.52
638.56
638.77
638.98
639.38
639.60
639.73
639.85
640.26
640.80
641.94
642.00
642.33
642.40
642.61
642.61
642.85
643.00
643.20
643.37
643.63
644.06
644.19
644.51
644.73
644.82
644.91
644.94
644.94
645.13
645.34
645.61
645.71
645.72
645.74
645.81
646.25
647.46
647.78
648.40
648.44
648.79
649.19
649.34
649.48
649.67
649.86
649.92
649.93
650.32
650.90
650.99
651.38
651.52
652.42
652.67
652.83
652.97
653.36
653.38
653.49
654.31
654.34
655.15
655.34
655.78
656.05
656.07
656.07
656.34
656.38
656.39
656.71
657.20
657.20
657.23
657.37
657.42
658.16
658.59
658.96
659.15
659.21
659.38
659.45
659.73
660.54
660.73
661.06
661.19
661.30
661.78
662.58
663.10
663.40
663.45
663.53
663.59
664.32
664.43
664.56
664.95
665.42
665.55
666.09
666.30
667.10
667.18
667.44
667.44
667.66
667.88
668.15
668.27
668.35
668.39
668.75
668.80
668.82
669.49
669.56
669.66
669.79
669.99
670.03
670.08
670.37
670.41
670.70
671.04
671.05
671.46
671.70
671.78
672.17
672.20
672.93
672.94
673.03
673.63
673.72
673.85
674.42
674.51
674.70
675.03
675.04
675.33
676.03
676.58
677.46
677.62
678.18
678.40
678.64
679.08
679.14
679.53
680.03
680.80
681.06
681.31
682.18
682.61
682.80
682.86
682.95
683.07
683.17
683.36
683.86
683.89
683.90
684.36
684.85
685.23
685.80
686.40
686.75
686.92
686.93
687.04
687.87
687.90
688.08
688.82
688.96
689.00
690.01
690.76
690.96
691.02
691.80
691.89
691.96
692.39
694.54
694.63
694.68
694.71
694.72
695.25
695.31
696.35
696.86
697.05
697.18
697.62
698.16
698.32
698.32
698.38
698.49
698.50
698.69
698.69
698.72
698.81
699.70
699.76
700.02
700.16
700.16
700.28
701.94
702.04
702.28
702.69
703.18
704.17
704.49
704.52
704.98
705.00
705.03
705.72
705.87
705.89
706.03
706.69
707.35
707.84
707.98
708.05
708.18
708.81
708.85
709.07
709.53
710.63
710.92
711.16
711.16
711.27
711.35
711.59
712.25
712.40
712.71
712.76
713.18
713.70
713.95
713.96
714.02
714.64
714.80
715.00
715.11
715.18
715.76
715.95
716.07
716.48
716.86
717.02
717.42
718.25
719.16
719.97
720.28
720.75
720.96
721.08
721.67
722.22
722.47
722.71
722.85
722.91
723.28
723.53
723.56
724.52
724.54
725.37
725.52
725.64
726.00
726.33
726.77
726.85
727.57
727.96
728.11
728.15
728.55
729.16
729.20
730.08
730.74
730.77
730.84
730.97
731.33
731.59
731.86
732.61
732.88
732.99
733.10
733.82
734.34
734.58
734.59
734.72
735.00
735.08
735.61
736.28
736.31
736.76
737.01
737.13
737.48
737.56
737.57
737.61
737.75
738.27
738.48
738.48
738.73
739.51
739.60
739.74
739.94
739.98
740.10
740.15
740.29
740.33
740.72
740.75
741.08
741.58
742.78
744.23
744.30
744.61
744.72
744.76
745.92
745.94
745.95
746.07
746.42
746.93
747.34
747.36
747.58
748.01
748.65
748.81
749.09
749.18
749.61
749.76
749.88
750.10
750.18
750.20
750.51
750.66
750.83
750.98
751.05
751.16
751.20
751.52
751.90
751.94
751.95
752.27
752.38
752.82
753.01
753.06
753.23
753.37
754.50
754.58
755.04
755.05
755.27
755.28
755.38
755.43
755.67
755.71
755.95
756.31
756.59
757.16
757.58
757.61
757.90
758.05
758.57
758.90
760.04
760.47
760.56
760.88
761.09
761.22
761.29
761.52
762.20
762.53
764.69
764.83
764.93
765.63
765.74
765.82
765.87
766.01
766.08
766.09
766.34
766.50
766.69
766.95
767.49
767.50
768.03
768.06
768.30
769.36
769.70
769.97
770.40
770.80
770.83
771.58
771.65
772.48
772.62
772.85
773.00
773.65
774.14
774.26
774.32
774.33
774.36
774.48
774.55
775.36
775.75
776.62
776.69
776.94
777.57
778.15
778.18
778.23
778.59
778.73
779.21
779.24
779.87
779.97
780.04
780.08
780.13
780.34
780.58
780.67
780.96
781.18
781.21
781.42
781.45
781.50
782.24
782.54
782.57
782.67
782.91
782.98
783.69
784.41
784.55
784.72
784.82
784.99
785.06
785.14
785.40
785.84
786.00
786.06
786.44
786.57
786.83
787.13
787.18
787.38
787.45
787.77
787.78
787.94
788.52
788.57
789.15
789.27
789.32
789.48
789.66
789.86
790.32
790.44
790.59
790.72
790.85
790.90
790.97
791.00
791.76
791.79
791.84
791.88
791.97
792.09
792.69
792.82
793.13
793.29
793.97
794.19
794.54
795.05
795.07
796.01
796.35
796.54
796.56
796.68
796.80
797.08
797.63
797.67
797.79
798.09
798.19
798.84
798.95
799.39
800.17
800.20
800.20
800.69
801.30
801.36
801.41
801.53
801.59
802.04
802.07
802.46
802.83
802.90
803.00
803.11
803.17
803.41
803.56
803.80
804.12
804.46
804.76
805.33
805.54
805.62
805.88
805.90
806.81
806.94
807.24
807.98
808.32
808.35
808.44
808.57
809.44
809.77
809.78
809.84
810.28
810.37
810.53
811.09
811.16
811.33
811.40
811.95
812.31
812.44
813.10
813.51
813.51
813.94
814.17
814.20
814.25
814.33
815.07
815.56
815.83
815.93
817.60
817.88
819.01
819.92
820.55
820.81
821.76
821.81
821.99
822.91
822.95
823.21
823.82
824.06
824.16
824.20
824.22
824.55
824.89
825.69
826.18
826.62
827.12
827.39
827.61
827.67
828.18
829.29
829.97
830.57
830.70
831.14
832.22
832.49
832.50
832.82
833.32
833.85
834.11
834.16
834.27
834.31
835.67
836.27
836.34
836.80
836.98
837.14
837.92
838.36
838.87
839.03
839.21
839.60
839.79
840.38
840.95
840.98
841.10
841.11
841.42
841.46
842.00
842.07
842.12
842.56
842.92
843.78
843.79
843.93
844.25
844.41
844.47
845.42
845.58
846.01
846.40
846.42
846.44
846.89
846.93
846.95
847.68
848.04
848.13
848.44
848.76
848.82
849.07
849.25
849.30
850.19
850.38
850.52
850.59
850.60
851.24
851.30
851.31
851.79
852.13
852.15
852.28
853.70
854.11
854.29
854.43
856.02
856.30
857.22
857.54
857.74
857.81
858.11
858.11
858.22
858.40
859.61
859.67
859.68
860.10
860.49
860.75
860.96
861.10
861.30
861.45
861.76
862.08
862.08
862.29
862.40
862.55
862.95
863.14
863.24
863.42
863.54
863.58
864.44
864.74
864.77
864.97
865.56
865.64
865.94
866.29
866.77
866.88
867.44
867.65
868.85
869.21
869.60
869.96
870.12
870.39
870.41
870.79
871.12
871.29
871.63
871.90
871.95
872.28
872.33
872.40
872.41
873.20
873.28
874.32
874.37
874.41
874.43
875.06
875.30
875.83
875.97
875.99
876.08
876.11
876.43
876.67
876.68
876.83
876.96
877.06
877.40
878.34
878.88
879.36
879.84
879.99
880.15
880.31
880.81
881.19
881.80
881.93
882.61
882.77
882.91
882.93
883.50
883.55
883.70
883.88
884.23
884.64
884.85
885.09
885.53
885.81
885.97
886.13
886.17
886.82
887.08
887.98
888.23
888.30
888.69
888.71
889.28
889.44
889.74
889.90
890.52
890.53
890.59
890.61
890.83
892.01
892.11
892.14
892.35
892.39
893.26
894.32
894.46
895.05
895.12
895.43
895.51
895.84
895.94
896.05
896.23
896.55
896.74
896.75
896.99
897.42
898.69
898.84
899.10
899.50
899.72
899.77
900.15
900.23
900.53
900.97
901.26
901.33
901.36
902.22
902.62
902.69
903.07
903.60
904.33
904.40
904.43
904.52
904.66
905.02
905.15
905.36
905.44
906.12
906.36
906.57
907.35
907.51
907.92
908.34
908.47
908.50
908.91
908.96
909.70
911.08
911.12
911.38
911.63
911.85
911.92
912.50
912.53
912.60
913.18
913.41
913.57
913.63
914.25
915.13
915.18
915.25
915.63
915.72
915.75
915.86
916.48
916.71
916.85
917.13
917.13
917.25
917.44
917.83
918.03
918.14
918.21
918.38
918.42
918.57
918.98
919.05
919.20
919.40
920.41
920.81
921.15
921.34
922.08
922.48
923.39
923.69
923.94
924.50
924.64
924.65
925.00
925.51
925.61
926.07
926.72
926.75
927.76
927.99
928.71
928.77
929.57
929.77
930.20
930.32
930.70
931.43
931.73
931.87
932.04
932.87
933.82
933.86
934.31
934.57
934.75
935.19
936.00
937.77
937.83
938.06
938.11
938.24
938.29
938.66
939.09
939.33
939.84
940.43
941.06
941.28
941.34
941.47
942.29
942.35
942.47
942.62
942.87
943.93
943.95
944.37
944.46
945.17
945.19
945.35
945.61
945.89
946.96
947.33
947.38
947.59
948.07
948.63
948.91
949.81
950.15
950.37
950.41
952.01
952.40
953.03
953.28
953.48
953.66
954.04
954.07
954.16
954.39
954.89
955.78
955.81
956.03
957.07
957.15
957.43
957.64
957.86
958.33
958.60
959.15
959.17
959.67
959.72
960.05
960.66
960.76
961.32
961.37
961.97
962.17
962.79
962.99
963.11
963.41
963.74
963.75
963.76
963.79
964.13
964.47
964.60
965.65
966.02
966.37
967.08
967.13
967.45
967.70
967.91
968.02
968.16
968.34
968.44
969.88
970.00
970.41
970.72
971.66
971.96
973.59
974.31
974.34
975.12
975.88
976.00
976.28
976.28
976.89
976.94
978.09
978.53
978.57
978.69
979.01
979.29
980.76
980.90
981.19
981.20
981.53
982.28
983.16
983.82
983.88
984.40
984.72
984.73
985.69
985.84
986.00
986.21
986.88
987.51
987.81
988.04
988.47
988.72
988.88
989.08
989.25
989.35
990.65
990.86
990.94
991.05
991.36
991.64
991.72
992.16
993.20
993.20
993.21
993.82
994.70
995.27
995.32
995.52
995.75
995.97
996.09
996.14
996.71
997.26
997.57
998.37
999.09
1000.46
1000.61
1000.92
1001.04
1001.47
1002.37
1002.49
1002.50
1002.59
1002.67
1002.69
1002.79
1002.92
1003.77
1004.35
1004.81
1005.09
1006.34
1006.78
1007.45
1008.18
1008.34
1008.83
1009.09
1009.20
1009.43
1009.95
1010.82
1011.14
1011.33
1012.22
1012.61
1012.87
1013.10
1013.36
1013.41
1014.11
1014.62
1015.94
1016.80
1017.44
1018.14
1018.72
1019.12
1019.22
1019.91
1019.97
1020.04
1020.15
1020.31
1020.47
1020.49
1020.55
1020.55
1021.42
1021.66
1021.87
1022.15
1022.75
1022.82
1022.90
1023.73
1024.14
1024.15
1024.81
1025.49
1025.60
1025.61
1025.75
1025.88
1026.37
1026.50
1027.07
1027.43
1027.74
1028.17
1028.20
1028.72
1028.95
1028.98
1029.32
1029.32
1030.48
1030.56
1031.13
1031.27
1031.72
1032.34
1032.66
1033.15
1033.36
1033.46
1033.70
1034.06
1034.43
1034.50
1034.56
1034.86
1035.73
1036.02
1036.50
1036.59
1036.61
1036.64
1036.82
1037.12
1037.65
1037.99
1038.23
1038.74
1038.83
1039.10
1040.72
1040.77
1041.05
1041.73
1041.93
1042.48
1043.10
1043.70
1043.89
1045.64
1045.77
1046.31
1046.53
1047.05
1047.11
1047.23
1047.47
1047.48
1047.68
1047.79
1047.81
1048.02
1048.83
1049.09
1050.42
1050.51
1050.68
1051.08
1051.18
1051.53
1051.58
1052.46
1052.63
1052.63
1053.05
1053.13
1053.14
1053.77
1054.79
1055.84
1056.28
1056.33
1056.57
1058.40
1058.57
1058.66
1058.87
1059.09
1059.55
1060.59
1060.95
1061.10
1061.54
1061.80
1062.27
1062.37
1062.56
1062.58
1062.73
1063.32
1063.69
1064.08
1064.24
1064.70
1064.98
1065.54
1065.54
1066.00
1066.36
1066.66
1067.31
1067.81
1068.65
1068.67
1068.94
1068.98
1070.29
1070.53
1071.40
1071.52
1071.67
1072.00
1072.07
1073.32
1073.42
1073.43
1073.64
1074.72
1075.45
1075.98
1076.23
1076.30
1076.44
1076.98
1077.38
1078.03
1078.58
1079.16
1079.24
1080.14
1081.21
1081.41
1081.58
1083.05
1083.06
1083.47
1083.54
1083.81
1083.92
1084.01
1084.10
1084.55
1085.05
1085.39
1085.50
1085.57
1085.61
1085.68
1085.80
1086.06
1086.08
1086.15
1086.74
1087.00
1087.92
1087.98
1088.19
1088.35
1088.61
1088.63
1088.77
1089.39
1089.46
1089.70
1090.18
1090.29
1090.35
1090.41
1090.77
1091.02
1092.50
1093.63
1093.65
1094.15
1094.84
1094.86
1095.06
1095.17
1095.88
1095.89
1095.94
1097.02
1097.61
1097.80
1098.02
1098.42
1098.52
1098.80
1098.83
1099.31
1099.35
1099.92
1100.03
1100.53
1100.53
1101.14
1101.27
1101.31
1102.12
1102.78
1102.96
1103.13
1103.52
1104.18
1104.20
1104.33
1104.76
1105.22
1105.43
1105.67
1105.86
1106.50
1107.35
1107.77
1108.21
1108.43
1108.89
1109.07
1109.58
1109.67
1109.97
1110.05
1110.62
1110.90
1111.13
1111.99
1112.01
1112.44
1112.68
1114.08
1114.14
1114.54
1114.95
1115.75
1116.20
1116.26
1116.64
1117.58
1117.71
1117.98
1118.46
1118.49
1118.92
1119.32
1119.82
1121.81
1122.04
1122.64
1122.66
1122.74
1123.30
1123.39
1123.52
1123.58
1125.00
1125.17
1125.33
1125.50
1125.98
1126.10
1126.99
1127.05
1127.39
1127.81
1127.83
1127.92
1128.99
1129.20
1129.85
1130.23
1130.90
1131.18
1131.67
1131.73
1132.26
1133.59
1134.99
1135.36
1135.52
1135.95
1135.99
1136.90
1137.57
1137.67
1138.21
1139.15
1139.80
1139.94
1140.03
1140.35
1140.59
1141.94
1142.93
1142.98
1143.02
1143.16
1143.32
1143.62
1143.70
1144.69
1145.18
1145.91
1146.06
1146.37
1147.22
1147.31
1147.44
1148.18
1148.73
1148.79
1148.89
1149.12
1149.50
1149.83
1150.17
1150.27
1150.43
1150.43
1150.70
1150.81
1151.08
1152.07
1152.15
1152.18
1152.53
1152.72
1152.74
1153.24
1153.25
1153.63
1153.74
1153.89
1154.31
1154.41
1154.51
1154.79
1155.12
1155.20
1155.29
1156.81
1156.90
1157.04
1157.04
1157.21
1157.87
1159.46
1160.03
1160.08
1160.51
1160.61
1161.53
1161.67
1161.74
1162.37
1162.51
1162.57
1162.81
1162.94
1163.76
1164.44
1164.62
1165.29
1166.40
1166.57
1166.72
1166.79
1167.08
1167.26
1167.27
1168.56
1169.04
1169.35
1169.42
1170.21
1170.37
1170.59
1170.74
1171.31
1171.49
1171.78
1172.30
1172.53
1172.74
1172.96
1173.17
1173.26
1174.15
1174.38
1175.23
1175.68
1175.87
1176.00
1176.10
1177.05
1177.97
1178.66
1178.90
1178.96
1179.00
1179.07
1179.16
1179.27
1179.36
1179.47
1179.77
1179.95
1181.22
1181.22
1181.53
1182.37
1182.54
1182.66
1182.78
1182.90
1183.76
1183.76
1183.92
1185.00
1185.73
1186.05
1186.13
1186.59
1186.86
1186.93
1187.09
1187.39
1187.57
1187.98
1188.44
1188.45
1188.65
1189.17
1190.67
1190.86
1190.87
1191.91
1192.49
1193.14
1193.51
1193.83
1194.01
1194.32
1194.54
1194.68
1195.31
1195.35
1196.22
1196.41
1197.19
1198.32
1198.88
1198.97
1199.80
1200.33
1201.32
1202.03
1202.53
1202.96
1203.13
1203.99
1204.09
1204.64
1207.18
1207.27
1207.30
1207.52
1207.69
1207.99
1208.24
1208.82
1209.06
1209.60
1209.74
1211.37
1211.49
1211.55
1213.01
1213.35
1213.56
1213.76
1214.40
1214.69
1214.77
1214.81
1215.29
1215.42
1215.61
1215.92
1215.94
1216.32
1216.57
1216.75
1216.89
1217.15
1217.29
1217.39
1217.65
1217.72
1218.12
1218.30
1218.99
1219.38
1220.37
1220.39
1220.84
1221.05
1221.09
1221.13
1221.66
1222.64
1223.54
1223.75
1223.87
1224.69
1225.21
1225.37
1225.69
1225.86
1227.56
1227.77
1227.88
1227.94
1229.17
1229.26
1229.31
1230.88
1231.04
1231.36
1232.08
1232.13
1233.30
1234.78
1235.86
1235.95
1235.98
1236.10
1236.93
1237.29
1237.48
1237.71
1238.10
1239.37
1239.90
1240.31
1240.90
1241.26
1241.37
1241.93
1242.46
1244.23
1244.31
1244.77
1245.54
1246.52
1248.06
1248.76
1249.05
1249.34
1249.40
1249.43
1249.98
1250.13
1250.47
1250.55
1251.52
1251.96
1252.99
1253.37
1253.50
1254.11
1254.17
1254.19
1254.41
1254.65
1255.81
1255.88
1255.89
1255.89
1255.96
1256.34
1256.38
1256.87
1256.92
1257.09
1257.10
1257.32
1257.89
1258.24
1258.73
1259.25
1259.92
1260.70
1261.19
1261.98
1264.21
1266.27
1266.29
1266.33
1266.90
1267.14
1267.41
1267.91
1268.54
1268.65
1268.80
1268.89
1268.89
1269.35
1270.35
1272.43
1273.25
1274.37
1274.45
1274.48
1274.76
1275.16
1275.18
1275.31
1275.63
1275.68
1275.76
1275.79
1276.23
1276.36
1276.91
1277.31
1278.06
1278.31
1278.85
1280.58
1280.77
1281.87
1281.95
1282.23
1282.39
1282.84
1283.20
1284.10
1284.25
1284.60
1285.70
1285.99
1286.03
1286.55
1288.00
1288.44
1288.44
1288.53
1289.20
1289.59
1289.71
1289.77
1289.88
1290.86
1292.21
1292.90
1294.65
1294.69
1294.86
1295.52
1297.45
1297.96
1297.97
1298.22
1298.31
1298.39
1299.26
1299.69
1300.36
1301.59
1301.78
1302.09
1302.22
1302.52
1302.84
1302.88
1303.32
1304.94
1305.01
1305.63
1305.90
1306.13
1306.28
1306.47
1307.36
1307.99
1308.22
1308.39
1308.63
1308.80
1309.25
1310.01
1310.62
1311.00
1311.65
1312.18
1312.30
1315.12
1315.59
1315.62
1315.72
1315.79
1315.90
1316.10
1316.30
1316.33
1316.34
1316.81
1316.93
1317.03
1317.34
1317.64
1317.87
1318.17
1318.20
1318.84
1319.44
1319.68
1321.29
1322.04
1322.50
1323.10
1323.63
1323.94
1323.96
1324.87
1325.06
1325.83
1326.14
1326.72
1326.74
1327.00
1327.15
1328.29
1328.68
1328.73
1328.92
1329.37
1330.30
1330.69
1331.40
1331.71
1331.96
1332.02
1332.06
1333.40
1334.60
1335.39
1335.83
1335.84
1336.03
1336.81
1337.04
1337.11
1337.17
1337.24
1337.45
1337.75
1337.91
1338.21
1338.49
1339.00
1339.02
1339.14
1339.91
1340.21
1340.76
1341.21
1341.82
1342.26
1343.00
1344.63
1344.69
1344.95
1346.03
1346.45
1346.80
1348.20
1348.71
1349.29
1349.66
1350.10
1350.69
1350.74
1350.86
1350.94
1351.64
1352.52
1352.87
1353.18
1353.24
1353.27
1353.30
1353.72
1354.09
1354.29
1354.92
1355.41
1355.61
1355.61
1355.88
1356.63
1356.95
1357.73
1359.99
1360.52
1362.25
1363.04
1363.29
1363.32
1363.66
1363.96
1364.80
1365.00
1365.08
1365.21
1366.27
1366.47
1367.32
1367.83
1368.38
1369.18
1369.96
1370.30
1371.18
1372.17
1372.75
1373.98
1374.18
1374.27
1374.30
1374.44
1376.01
1376.53
1376.53
1376.66
1376.78
1377.23
1377.75
1377.78
1378.03
1378.56
1379.14
1379.30
1380.00
1380.88
1381.81
1382.14
1382.72
1382.95
1383.02
1383.26
1383.89
1383.98
1384.11
1384.67
1385.88
1386.18
1387.01
1387.31
1387.92
1387.98
1388.03
1388.39
1388.83
1388.83
1388.86
1389.08
1389.83
1389.83
1390.36
1390.72
1390.77
1391.11
1391.79
1392.54
1392.54
1392.65
1392.93
1392.93
1392.99
1393.64
1393.67
1393.72
1393.84
1393.99
1394.44
1394.92
1395.24
1395.68
1395.92
1397.42
1397.43
1397.61
1397.70
1398.69
1398.98
1400.70
1402.22
1402.46
1402.90
1402.92
1403.02
1403.58
1404.30
1405.07
1405.09
1405.73
1406.14
1406.27
1407.72
1408.19
1408.30
1409.47
1409.66
1409.84
1410.07
1410.36
1410.76
1412.02
1412.80
1413.69
1414.36
1414.65
1415.01
1417.24
1417.44
1417.55
1418.39
1418.73
1418.82
1419.10
1419.79
1420.01
1420.57
1420.73
1420.77
1421.97
1422.96
1423.00
1423.68
1423.99
1424.04
1424.05
1424.25
1425.61
1425.87
1426.06
1426.18
1426.63
1427.21
1427.57
1428.73
1429.49
1430.99
1432.09
1432.19
1432.24
1432.37
1432.61
1432.69
1432.80
1432.91
1433.25
1434.30
1434.66
1435.55
1435.62
1436.14
1436.52
1436.70
1436.94
1437.05
1437.43
1437.89
1438.10
1438.67
1438.80
1438.81
1438.89
1438.90
1439.11
1439.14
1439.43
1439.54
1440.85
1441.38
1441.69
1443.01
1443.27
1443.75
1444.38
1444.80
1445.36
1445.57
1446.52
1446.73
1447.43
1448.48
1448.56
1448.86
1449.15
1449.59
1449.92
1450.02
1450.05
1450.58
1451.12
1452.70
1452.78
1453.63
1453.96
1454.02
1454.46
1454.50
1454.65
1454.68
1455.09
1455.23
1455.38
1455.44
1455.58
1455.91
1457.08
1457.30
1460.00
1460.27
1460.87
1460.88
1460.88
1461.20
1461.53
1461.89
1462.18
1462.35
1462.61
1463.00
1463.43
1463.57
1463.97
1465.93
1466.38
1466.84
1466.90
1466.92
1468.12
1468.58
1468.90
1469.51
1469.90
1470.37
1470.43
1471.22
1471.56
1471.72
1471.89
1472.16
1472.83
1473.42
1473.71
1473.98
1474.62
1474.70
1475.19
1475.59
1475.86
1476.92
1477.00
1477.05
1478.36
1478.50
1479.78
1481.88
1481.98
1482.28
1483.24
1484.29
1484.88
1485.98
1486.34
1486.94
1488.60
1488.61
1488.68
1490.71
1491.53
1491.87
1492.52
1492.55
1492.58
1492.61
1492.90
1493.16
1494.26
1494.28
1494.81
1495.86
1496.74
1496.85
1497.14
1498.03
1499.06
1499.25
1499.61
1499.61
1499.85
1500.22
1500.56
1500.82
1501.30
1501.95
1502.08
1502.37
1502.60
1502.89
1503.38
1503.44
1503.86
1504.82
1505.04
1505.44
1505.61
1505.72
1506.09
1506.37
1507.30
1507.68
1507.84
1507.97
1508.56
1511.40
1512.04
1512.28
1512.86
1512.99
1513.58
1514.04
1514.07
1514.20
1514.44
1514.79
1515.07
1515.49
1516.36
1516.86
1517.13
1517.27
1517.38
1517.45
1518.40
1518.65
1518.81
1518.86
1519.32
1522.07
1522.69
1522.99
1524.62
1525.05
1525.63
1526.14
1526.44
1526.44
1526.82
1527.74
1528.14
1528.57
1528.67
1528.85
1530.21
1530.31
1530.70
1530.90
1531.30
1531.47
1532.44
1533.82
1534.98
1535.00
1535.05
1535.38
1535.55
1537.36
1537.66
1537.94
1538.08
1539.41
1541.79
1541.81
1542.07
1542.68
1543.73
1543.76
1544.08
1544.08
1544.90
1545.00
1545.06
1545.20
1545.21
1545.35
1547.79
1548.06
1548.33
1548.96
1549.63
1551.46
1551.98
1552.57
1554.15
1554.64
1556.61
1556.84
1557.37
1558.24
1558.61
1559.12
1560.08
1560.25
1560.69
1560.88
1561.92
1563.41
1563.44
1564.82
1565.02
1565.22
1565.27
1565.68
1566.27
1566.51
1566.58
1566.65
1566.97
1567.24
1567.34
1567.63
1568.46
1568.99
1569.19
1569.27
1569.36
1569.77
1570.12
1571.67
1571.74
1572.28
1572.32
1572.90
1573.03
1573.76
1573.88
1574.04
1574.22
1574.72
1576.18
1577.02
1577.07
1578.18
1578.79
1578.88
1579.10
1579.94
1579.96
1581.75
1582.18
1582.30
1583.50
1583.95
1584.05
1584.27
1584.67
1584.80
1584.96
1585.44
1585.64
1586.07
1586.84
1587.20
1587.26
1588.73
1588.99
1589.66
1590.02
1590.16
1590.30
1590.42
1591.26
1591.28
1591.76
1592.12
1592.52
1592.95
1592.99
1593.31
1593.83
1595.33
1596.30
1596.94
1597.06
1597.63
1598.44
1598.44
1598.56
1599.10
1599.13
1599.77
1599.88
1600.71
1601.26
1601.33
1601.71
1602.04
1602.09
1602.15
1603.74
1604.38
1604.44
1606.82
1607.16
1607.62
1608.57
1608.73
1608.96
1609.10
1609.53
1610.44
1611.67
1611.80
1611.95
1612.21
1612.56
1612.60
1612.77
1613.51
1613.59
1614.00
1614.01
1614.03
1614.27
1614.31
1614.75
1615.20
1615.39
1615.57
1615.59
1616.27
1617.14
1617.93
1618.68
1619.84
1620.21
1621.57
1621.73
1622.07
1622.31
1622.54
1622.96
1623.26
1623.38
1624.49
1624.60
1624.77
1625.33
1626.49
1626.64
1627.15
1628.15
1628.18
1628.77
1629.01
1629.14
1630.42
1631.01
1631.84
1631.87
1632.52
1632.95
1633.99
1634.52
1634.96
1635.58
1635.92
1636.01
1636.06
1638.26
1639.87
1639.96
1639.98
1640.19
1641.59
1641.70
1641.86
1642.16
1642.21
1642.55
1642.62
1643.01
1643.30
1643.51
1644.19
1644.30
1644.58
1644.62
1645.45
1645.49
1645.54
1645.86
1646.02
1646.38
1646.40
1646.66
1647.32
1647.39
1647.46
1648.14
1649.11
1649.44
1649.84
1650.43
1650.87
1651.14
1652.02
1652.46
1652.77
1653.04
1653.41
1654.45
1654.59
1656.87
1657.35
1657.76
1659.16
1659.72
1659.81
1660.46
1661.46
1661.70
1663.51
1664.54
1664.63
1666.56
1666.83
1667.44
1667.46
1668.29
1668.38
1669.28
1669.86
1669.90
1670.82
1671.69
1671.87
1672.75
1672.79
1673.32
1673.71
1675.33
1675.60
1676.94
1678.77
1679.99
1680.21
1680.26
1680.86
1682.16
1683.10
1684.27
1684.69
1685.65
1686.09
1686.13
1686.33
1686.37
1687.48
1687.50
1688.48
1689.45
1690.33
1692.18
1692.65
1692.97
1693.00
1694.34
1694.38
1694.56
1694.63
1694.73
1695.17
1697.99
1698.43
1698.51
1699.83
1699.85
1699.92
1700.25
1701.67
1702.28
1702.79
1702.85
1703.73
1705.17
1706.39
1706.69
1707.74
1709.11
1710.83
1710.90
1710.98
1711.20
1711.53
1711.73
1712.59
1713.33
1715.35
1715.35
1715.39
1716.07
1716.87
1716.87
1717.26
1717.41
1718.86
1719.90
1720.05
1720.31
1720.48
1720.87
1721.28
1721.30
1721.39
1721.43
1722.44
1723.14
1723.37
1724.62
1724.90
1725.08
1726.11
1726.24
1726.69
1726.71
1727.06
1729.01
1729.16
1729.35
1729.93
1729.94
1730.17
1730.21
1730.26
1731.10
1731.55
1732.32
1732.34
1732.59
1733.73
1734.54
1735.21
1735.62
1736.36
1737.17
1737.35
1737.73
1737.77
1738.52
1738.82
1738.84
1739.80
1740.06
1740.16
1740.40
1741.06
1741.10
1741.17
1742.02
1744.13
1744.36
1745.46
1745.74
1746.32
1746.80
1746.91
1747.93
1748.54
1748.74
1748.84
1749.22
1750.39
1751.70
1752.48
1753.46
1753.50
1753.99
1754.66
1754.96
1755.04
1756.06
1756.86
1756.90
1758.90
1759.81
1760.21
1760.23
1760.51
1760.78
1761.20
1761.43
1762.00
1762.73
1763.34
1763.93
1764.08
1764.65
1765.42
1765.65
1766.45
1766.56
1766.87
1767.29
1767.33
1768.05
1768.76
1769.18
1769.85
1769.87
1770.18
1770.39
1770.89
1771.14
1771.73
1772.38
1772.42
1772.42
1773.21
1773.82
1773.86
1774.03
1774.53
1774.71
1774.99
1775.01
1775.88
1776.32
1776.49
1776.67
1777.43
1777.92
1778.49
1778.63
1779.07
1779.13
1781.34
1781.69
1782.27
1782.65
1782.92
1783.02
1783.50
1784.08
1785.12
1785.95
1786.50
1786.55
1786.86
1789.22
1789.22
1789.49
1789.73
1789.75
1789.88
1790.15
1790.23
1791.70
1791.84
1792.60
1793.31
1794.21
1794.26
1795.99
1797.49
1797.57
1797.59
1798.21
1798.62
1798.81
1799.75
1800.25
1800.31
1801.54
1802.42
1802.49
1802.90
1803.02
1803.51
1803.70
1803.80
1803.80
1804.19
1804.35
1804.41
1804.56
1804.76
1805.11
1805.32
1806.77
1807.16
1807.73
1808.04
1808.10
1808.24
1808.32
1808.71
1809.55
1809.76
1809.84
1810.29
1813.43
1813.65
1814.18
1815.14
1817.83
1821.04
1822.68
1823.48
1823.68
1824.25
1824.65
1824.71
1825.10
1825.81
1826.96
1827.77
1828.48
1829.97
1830.78
1830.96
1831.16
1831.75
1833.43
1833.57
1834.45
1835.74
1836.11
1838.92
1840.21
1840.51
1841.85
1841.96
1842.44
1844.06
1844.44
1844.96
1845.28
1845.38
1845.44
1845.46
1845.84
1846.41
1847.71
1848.09
1848.31
1848.99
1849.85
1850.15
1850.47
1850.65
1851.08
1851.52
1851.96
1852.20
1852.44
1853.84
1854.34
1854.54
1855.39
1857.11
1858.08
1858.22
1858.46
1858.60
1859.35
1859.55
1859.59
1861.34
1861.44
1862.26
1862.57
1863.51
1863.64
1863.84
1863.90
1864.50
1864.62
1864.74
1866.16
1866.68
1867.13
1867.33
1871.44
1871.94
1872.39
1872.45
1873.42
1873.60
1874.43
1876.06
1876.08
1876.44
1877.56
1877.66
1878.54
1878.74
1878.96
1879.12
1879.82
1881.61
1882.03
1882.93
1884.32
1884.56
1884.62
1884.79
1886.48
1886.95
1888.85
1888.87
1889.01
1889.79
1889.89
1890.95
1893.31
1893.33
1893.47
1894.52
1895.28
1895.44
1896.14
1897.72
1901.79
1902.30
1902.34
1902.53
1904.75
1905.17
1906.86
1907.74
1907.99
1908.16
1908.53
1908.61
1908.67
1909.13
1909.38
1912.19
1912.56
1913.10
1913.37
1914.44
1915.75
1916.45
1917.08
1918.30
1919.21
1920.13
1920.65
1922.14
1922.14
1922.54
1922.73
1923.31
1923.45
1924.02
1925.08
1925.35
1925.62
1926.37
1926.52
1926.72
1927.68
1927.85
1928.79
1929.46
1931.67
1931.96
1935.25
1935.75
1935.88
1937.22
1937.45
1937.57
1939.00
1939.55
1940.64
1940.72
1942.26
1942.95
1943.45
1943.62
1943.66
1943.85
1943.94
1944.36
1945.98
1946.00
1946.50
1946.91
1948.57
1949.90
1949.94
1950.62
1951.08
1951.69
1952.28
1952.77
1952.96
1952.98
1953.17
1953.49
1954.59
1955.71
1956.22
1956.68
1957.19
1957.45
1958.23
1959.88
1959.88
1960.67
1961.64
1961.86
1962.09
1962.24
1962.47
1962.64
1963.64
1963.77
1963.81
1963.96
1966.08
1966.11
1966.64
1967.40
1969.60
1969.60
1970.22
1970.66
1973.39
1973.50
1973.52
1973.78
1973.89
1975.38
1975.87
1975.94
1977.33
1977.52
1977.54
1978.16
1978.67
1979.79
1980.35
1981.22
1981.31
1981.35
1981.46
1981.52
1981.72
1983.71
1983.84
1983.99
1984.21
1984.76
1985.77
1986.83
1986.93
1987.00
1987.75
1988.68
1989.71
1990.05
1990.08
1990.25
1991.02
1991.13
1991.80
1992.04
1992.19
1992.34
1992.47
1992.51
1993.29
1993.76
1996.22
1997.26
1997.45
1999.92
2000.11
2001.39
2001.59
2001.87
2002.30
2002.50
2003.54
2004.19
2004.29
2005.08
2005.77
2007.40
2007.72
2007.77
2008.27
2008.79
2010.27
2010.55
2013.36
2013.92
2014.58
2015.43
2015.76
2017.15
2018.13
2018.77
2019.18
2019.25
2019.47
2019.64
2020.36
2022.40
2023.62
2023.67
2026.12
2026.27
2026.56
2027.19
2027.26
2027.28
2028.40
2028.49
2028.86
2029.87
2030.00
2030.71
2031.43
2031.56
2033.46
2034.45
2034.71
2034.78
2034.82
2035.11
2035.79
2037.00
2038.41
2040.22
2041.19
2041.66
2042.23
2043.73
2044.20
2046.19
2046.48
2047.12
2047.43
2047.85
2047.92
2050.00
2050.16
2051.78
2051.93
2051.95
2052.73
2053.00
2053.40
2055.53
2055.98
2056.04
2056.15
2056.62
2060.63
2061.37
2061.97
2062.80
2062.93
2063.31
2064.80
2065.03
2065.94
2066.15
2067.35
2068.32
2068.34
2069.28
2069.46
2069.77
2070.24
2072.98
2073.15
2073.60
2075.06
2075.13
2075.69
2075.69
2075.96
2075.98
2077.47
2078.55
2078.79
2079.31
2080.21
2081.20
2081.61
2081.70
2082.51
2083.23
2083.39
2083.84
2084.85
2085.05
2085.14
2085.35
2085.78
2086.25
2086.91
2087.22
2087.49
2088.19
2090.45
2090.50
2090.82
2092.76
2095.34
2096.00
2096.41
2097.43
2102.34
2102.68
2102.89
2103.95
2104.91
2106.26
2106.51
2106.76
2107.67
2107.78
2107.92
2107.94
2110.34
2112.03
2112.07
2112.17
2112.94
2112.97
2114.02
2115.94
2115.99
2116.03
2116.19
2117.59
2118.00
2118.14
2118.18
2119.35
2119.51
2119.86
2119.93
2120.16
2120.43
2121.37
2121.85
2122.11
2122.36
2122.52
2122.91
2123.28
2123.62
2124.36
2124.43
2124.68
2124.77
2125.62
2125.72
2127.00
2127.28
2127.46
2128.20
2128.64
2128.78
2129.65
2131.29
2132.47
2132.47
2133.04
2134.36
2134.50
2134.68
2135.26
2136.62
2137.45
2137.50
2140.97
2141.46
2141.74
2142.02
2142.18
2142.57
2144.36
2146.19
2146.61
2147.84
2148.42
2148.68
2148.91
2149.51
2150.31
2151.63
2153.98
2154.31
2154.31
2154.38
2156.90
2157.46
2158.51
2158.60
2158.86
2159.35
2159.73
2159.94
2161.57
2161.64
2162.09
2162.60
2163.02
2163.47
2163.61
2164.03
2164.05
2164.26
2164.83
2165.08
2165.39
2165.86
2165.88
2165.95
2166.02
2166.49
2166.79
2166.93
2168.55
2169.40
2169.82
2170.24
2171.04
2171.56
2173.23
2173.42
2174.10
2176.12
2176.22
2176.40
2178.17
2178.48
2178.64
2181.02
2181.76
2181.92
2182.06
2182.16
2182.37
2183.29
2183.60
2183.88
2184.47
2186.93
2187.45
2187.74
2190.46
2190.86
2192.10
2194.11
2194.30
2195.56
2195.82
2197.46
2197.68
2198.46
2198.89
2200.87
2201.15
2201.41
2201.79
2201.84
2202.27
2202.99
2203.53
2203.65
2204.32
2205.59
2205.85
2206.83
2208.19
2208.62
2208.76
2208.93
2210.46
2212.49
2212.90
2213.24
2214.39
2214.65
2214.89
2215.30
2215.49
2216.21
2216.30
2217.38
2218.03
2218.29
2218.51
2218.82
2221.20
2221.73
2223.65
2224.33
2224.59
2224.66
2225.51
2226.23
2227.79
2229.19
2229.60
2230.81
2231.17
2233.08
2233.39
2234.65
2235.69
2236.30
2236.32
2236.46
2237.02
2237.51
2237.80
2238.45
2238.50
2239.95
2240.36
2241.65
2243.88
2244.15
2245.29
2245.78
2246.17
2246.97
2248.04
2248.21
2248.99
2250.08
2250.30
2250.57
2250.71
2251.74
2253.96
2254.20
2254.39
2256.66
2257.23
2258.42
2260.99
2262.34
2262.80
2262.85
2263.46
2264.71
2265.13
2265.18
2265.89
2266.40
2266.72
2266.80
2270.01
2270.99
2271.04
2271.31
2272.74
2273.11
2274.04
2274.88
2275.25
2276.65
2277.76
2278.60
2278.87
2279.09
2280.08
2280.57
2281.46
2281.73
2282.30
2283.04
2286.13
2286.38
2287.05
2289.15
2289.25
2290.07
2291.53
2294.21
2294.68
2296.32
2296.89
2296.97
2297.39
2299.92
2299.95
2300.02
2302.29
2304.56
2305.85
2306.38
2306.70
2307.38
2309.18
2309.53
2311.55
2314.53
2315.36
2315.98
2316.11
2317.18
2317.74
2317.89
2320.50
2320.60
2321.12
2322.35
2323.86
2324.52
2324.74
2325.17
2325.22
2326.53
2329.63
2330.28
2330.46
2330.74
2330.94
2334.14
2335.23
2335.28
2335.31
2338.52
2339.02
2339.48
2339.53
2339.66
2340.47
2342.06
2343.38
2346.22
2346.30
2349.12
2350.77
2351.10
2351.41
2351.97
2354.23
2355.56
2357.09
2357.55
2358.13
2358.57
2358.82
2358.87
2359.43
2360.07
2361.17
2361.27
2361.76
2361.76
2362.63
2362.93
2364.67
2364.70
2365.42
2366.59
2367.64
2367.93
2368.03
2370.41
2372.44
2374.93
2375.14
2375.24
2377.35
2378.71
2380.20
2380.44
2381.21
2381.65
2382.78
2384.48
2386.21
2388.15
2388.30
2388.38
2389.05
2389.08
2389.13
2389.29
2389.54
2390.01
2390.24
2390.76
2391.25
2391.38
2392.23
2392.78
2394.00
2394.02
2394.98
2396.72
2398.35
2398.95
2399.65
2400.58
2401.16
2401.75
2401.96
2402.40
2403.55
2403.88
2404.51
2404.72
2405.21
2405.86
2405.89
2407.40
2407.48
2408.91
2409.30
2409.46
2410.11
2410.37
2411.41
2411.52
2411.83
2412.43
2412.61
2412.72
2413.19
2413.89
2416.01
2416.45
2419.12
2419.57
2419.62
2421.58
2421.95
2422.37
2424.39
2424.63
2425.28
2425.62
2426.41
2427.51
2427.59
2427.64
2427.88
2428.41
2429.01
2433.27
2433.32
2434.27
2436.70
2437.51
2438.17
2438.20
2438.25
2440.15
2441.00
2441.90
2441.90
2443.61
2445.41
2448.96
2450.66
2451.00
2451.11
2452.09
2452.83
2454.77
2454.93
2455.12
2455.94
2456.44
2458.04
2459.34
2459.90
2460.49
2461.85
2466.00
2467.63
2468.09
2469.10
2469.15
2470.30
2471.37
2472.60
2472.68
2474.10
2475.98
2477.34
2477.93
2478.44
2478.98
2479.76
2480.40
2481.47
2483.06
2484.73
2485.10
2485.21
2487.15
2487.44
2487.87
2489.62
2490.00
2490.73
2493.07
2493.29
2493.48
2493.56
2493.99
2494.83
2496.42
2496.93
2498.80
2499.93
2500.42
2502.78
2503.75
2505.32
2505.35
2510.45
2511.16
2511.27
2511.51
2512.24
2514.18
2515.13
2515.94
2516.11
2517.31
2517.66
2517.77
2518.31
2518.37
2518.53
2519.51
2519.89
2521.48
2523.09
2523.39
2523.66
2524.04
2524.10
2524.59
2524.70
2524.89
2525.19
2526.26
2526.39
2526.99
2527.57
2532.11
2532.33
2533.45
2534.41
2535.35
2535.46
2535.98
2537.90
2538.37
2538.94
2539.13
2539.55
2539.77
2540.59
2541.09
2541.77
2541.94
2543.67
2544.08
2546.26
2547.58
2548.74
2548.88
2550.23
2550.34
2551.42
2556.39
2556.45
2556.45
2556.61
2557.28
2558.02
2558.83
2559.10
2559.91
2560.52
2560.74
2561.04
2561.87
2562.01
2563.37
2567.34
2568.90
2569.12
2569.59
2571.01
2571.26
2571.29
2571.65
2571.87
2573.43
2574.71
2576.10
2579.37
2579.59
2580.26
2582.97
2583.28
2583.33
2585.21
2585.52
2587.98
2588.68
2589.49
2589.57
2589.69
2590.98
2591.56
2591.93
2592.52
2593.28
2594.57
2596.53
2597.74
2600.58
2601.26
2601.85
2603.51
2605.45
2606.07
2607.77
2607.79
2608.98
2610.76
2611.44
2612.45
2613.16
2613.92
2614.15
2614.21
2614.35
2617.52
2619.47
2620.49
2620.64
2620.66
2623.08
2623.30
2624.01
2625.38
2627.65
2629.70
2629.81
2631.26
2632.29
2634.77
2634.91
2635.71
2637.22
2637.93
2638.16
2638.42
2638.76
2639.67
2639.79
2641.79
2642.93
2644.62
2645.71
2645.79
2647.57
2651.64
2652.70
2652.90
2653.42
2654.88
2655.98
2658.88
2660.17
2660.26
2662.07
2664.12
2665.42
2665.45
2665.85
2665.85
2667.32
2667.35
2667.52
2668.13
2668.53
2669.40
2670.30
2671.51
2672.75
2672.87
2673.77
2674.00
2674.26
2675.94
2676.46
2677.56
2678.02
2680.08
2680.22
2681.04
2681.27
2682.37
2682.60
2683.24
2683.91
2684.46
2686.44
2687.46
2687.72
2688.30
2688.56
2691.65
2691.94
2693.57
2694.12
2694.88
2696.02
2697.13
2697.59
2699.23
2699.81
2700.63
2701.13
2701.89
2702.35
2703.03
2703.73
2703.88
2705.84
2709.00
2711.96
2712.14
2712.29
2714.11
2715.13
2715.52
2717.54
2718.40
2718.48
2723.43
2723.78
2724.02
2724.34
2724.82
2725.38
2726.14
2728.27
2729.21
2729.27
2729.45
2730.30
2732.40
2732.46
2735.83
2736.60
2741.41
2741.61
2742.09
2742.50
2742.89
2744.76
2748.03
2748.12
2749.43
2750.26
2751.18
2751.24
2751.33
2751.72
2754.37
2754.40
2756.10
2758.51
2758.66
2759.74
2760.48
2760.63
2760.72
2761.86
2762.46
2764.16
2764.67
2766.34
2766.37
2767.60
2767.78
2769.61
2770.90
2771.71
2772.85
2773.24
2773.87
2774.65
2774.83
2774.92
2775.13
2776.09
2777.95
2780.30
2781.11
2781.71
2782.43
2784.57
2784.75
2785.24
2785.90
2787.19
2788.46
2790.45
2790.57
2790.76
2791.21
2791.72
2792.87
2793.23
2793.63
2794.99
2795.05
2795.68
2796.26
2797.38
2799.53
2801.01
2802.80
2805.65
2805.77
2806.68
2807.26
2808.66
2808.87
2809.90
2811.49
2812.06
2815.41
2816.45
2816.60
2817.97
2818.86
2819.07
2819.44
2819.74
2820.38
2820.90
2821.08
2821.36
2822.06
2822.31
2823.34
2823.65
2824.38
2824.75
2826.03
2826.09
2826.31
2828.36
2830.04
2830.04
2830.59
2831.14
2831.63
2832.19
2833.23
2835.90
2836.36
2837.00
2838.05
2838.41
2841.73
2842.07
2844.07
2844.19
2844.59
2844.65
2846.72
2847.30
2850.63
2850.88
2851.53
2853.97
2856.56
2857.12
2860.02
2861.45
2861.91
2866.22
2867.65
2868.76
2869.60
2869.70
2869.85
2870.81
2871.78
2872.77
2874.20
2874.29
2875.38
2876.53
2876.63
2878.37
2881.36
2883.23
2883.39
2883.86
2883.95
2884.86
2886.35
2886.54
2887.79
2888.57
2888.73
2889.42
2891.39
2893.45
2894.11
2895.05
2895.55
2897.31
2897.65
2899.28
2900.66
2900.76
2901.54
2902.45
2903.05
2903.08
2906.19
2907.23
2909.65
2911.10
2912.05
2912.52
2913.59
2914.19
2914.47
2915.99
2918.39
2919.08
2919.40
2922.30
2924.55
2925.72
2927.53
2935.84
2936.53
2937.08
2940.45
2941.27
2945.00
2946.85
2947.42
2948.86
2949.21
2949.30
2949.69
2950.90
2951.89
2954.25
2954.29
2955.24
2958.83
2962.22
2962.86
2964.72
2967.26
2967.77
2968.77
2969.77
2973.66
2979.87
2981.77
2981.87
2982.97
2983.45
2985.84
2987.07
2988.95
2988.98
2989.46
2989.98
2994.16
2996.30
3000.48
3002.53
3002.69
3004.09
3004.93
3005.32
3005.52
3008.35
3008.51
3010.24
3011.25
3012.35
3013.95
3014.51
3015.61
3016.53
3016.95
3019.01
3019.57
3019.86
3020.64
3024.83
3024.90
3025.45
3025.75
3029.12
3030.56
3030.73
3031.02
3032.20
3033.65
3033.78
3035.29
3036.44
3036.67
3037.55
3039.17
3039.33
3040.94
3042.75
3043.48
3044.23
3045.55
3045.88
3047.40
3047.56
3048.75
3052.48
3053.04
3053.31
3055.16
3056.45
3058.00
3059.03
3059.59
3061.91
3062.17
3062.37
3063.63
3066.55
3067.68
3067.71
3068.91
3069.34
3071.03
3071.60
3071.96
3073.03
3074.42
3075.59
3076.55
3076.85
3078.32
3081.68
3082.08
3083.52
3083.55
3084.05
3086.09
3086.62
3087.32
3087.89
3087.92
3089.13
3090.87
3091.30
3091.63
3092.04
3092.94
3093.04
3093.27
3093.47
3093.51
3095.62
3095.82
3096.92
3100.75
3102.16
3102.32
3104.47
3105.72
3106.35
3106.52
3106.86
3108.00
3109.38
3110.73
3111.50
3112.71
3113.39
3114.80
3116.25
3116.35
3116.82
3119.63
3120.33
3127.40
3129.23
3129.33
3133.29
3133.33
3136.24
3136.99
3137.63
3138.79
3141.54
3143.07
3143.38
3143.72
3145.08
3148.18
3148.92
3149.13
3149.61
3150.63
3153.02
3154.62
3155.20
3157.11
3161.39
3161.76
3162.45
3162.75
3163.54
3163.85
3165.01
3165.22
3165.90
3166.73
3169.81
3170.29
3170.39
3171.32
3171.39
3171.73
3172.76
3173.76
3174.58
3175.41
3175.92
3177.74
3177.78
3178.71
3180.81
3181.49
3181.80
3182.70
3183.49
3185.70
3185.70
3186.28
3186.35
3186.39
3187.66
3188.11
3188.94
3189.63
3190.11
3192.04
3192.56
3192.63
3193.63
3200.07
3200.97
3201.69
3201.83
3201.94
3202.53
3204.47
3205.85
3208.35
3208.98
3209.08
3209.46
3215.96
3216.83
3217.11
3217.50
3218.89
3223.11
3223.52
3225.30
3225.86
3226.00
3227.61
3227.96
3228.34
3230.02
3230.54
3231.14
3232.74
3232.99
3233.13
3235.09
3235.44
3235.44
3236.24
3236.28
3238.49
3238.66
3238.87
3239.64
3239.85
3243.01
3247.05
3247.54
3247.96
3250.42
3251.27
3251.72
3252.11
3252.46
3255.63
3255.84
3258.77
3259.58
3262.54
3265.05
3266.22
3266.46
3266.53
3266.67
3267.81
3272.44
3273.54
3274.07
3274.89
3275.03
3276.44
3276.52
3276.69
3276.83
3277.05
3278.43
3279.57
3280.49
3281.41
3281.52
3283.36
3283.65
3284.93
3286.63
3287.63
3290.12
3290.44
3290.66
3290.76
3293.79
3294.15
3294.47
3295.93
3297.89
3298.39
3300.64
3303.36
3303.75
3304.93
3305.75
3307.50
3311.73
3312.20
3313.23
3315.89
3316.96
3317.68
3320.02
3320.66
3320.91
3321.02
3324.83
3325.52
3327.10
3327.32
3328.22
3328.61
3328.79
3328.83
3333.77
3336.26
3336.51
3337.02
3339.15
3339.54
3342.22
3342.98
3344.68
3346.74
3347.47
3349.28
3350.47
3350.51
3351.71
3352.25
3353.67
3356.39
3359.73
3361.84
3362.79
3365.48
3366.13
3367.70
3368.28
3369.01
3372.26
3372.84
3374.38
3378.94
3387.11
3389.30
3390.63
3391.07
3391.62
3392.42
3392.83
3393.23
3395.25
3396.10
3396.17
3396.83
3398.82
3399.33
3403.23
3403.31
3404.52
3406.03
3406.03
3406.44
3407.25
3416.40
3417.55
3419.58
3421.54
3422.66
3422.73
3424.21
3428.85
3429.70
3430.85
3436.35
3436.38
3436.65
3438.91
3439.17
3439.99
3444.24
3444.54
3445.28
3453.31
3454.95
3456.86
3459.48
3460.26
3460.41
3461.87
3463.00
3463.15
3466.60
3468.81
3471.10
3472.00
3473.32
3473.47
3476.32
3479.45
3480.95
3481.18
3485.25
3486.87
3487.02
3487.48
3487.51
3488.04
3489.82
3491.70
3493.06
3495.37
3496.24
3496.69
3499.12
3501.50
3501.58
3503.74
3503.97
3504.12
3505.79
3506.55
3507.49
3508.10
3512.39
3512.55
3516.16
3518.71
3523.77
3525.83
3526.25
3527.02
3527.28
3527.47
3527.51
3529.57
3530.15
3530.87
3531.64
3536.53
3539.86
3543.50
3543.89
3549.64
3549.95
3550.26
3550.95
3551.95
3552.95
3557.99
3561.84
3564.92
3565.12
3566.00
3566.08
3566.58
3567.78
3568.16
3571.68
3571.91
3572.88
3574.62
3575.82
3576.98
3577.56
3580.66
3580.81
3582.01
3583.17
3585.62
3586.28
3587.09
3590.67
3591.40
3596.07
3596.89
3597.98
3600.04
3601.09
3603.51
3603.66
3606.16
3607.06
3607.68
3607.68
3607.92
3608.58
3609.01
3610.65
3612.17
3612.92
3613.39
3614.05
3614.76
3614.91
3615.54
3616.44
3616.52
3616.95
3616.95
3620.23
3621.37
3621.61
3623.68
3626.08
3626.23
3626.74
3627.76
3629.37
3631.14
3631.42
3631.65
3632.56
3638.93
3642.08
3642.95
3642.99
3646.26
3649.26
3652.38
3655.66
3656.02
3657.36
3658.83
3660.69
3661.20
3665.84
3669.25
3670.92
3676.64
3678.63
3680.70
3681.74
3682.30
3687.88
3689.60
3691.19
3691.55
3691.63
3692.59
3694.11
3694.39
3695.03
3695.67
3706.20
3707.32
3707.48
3710.85
3712.94
3715.68
3717.65
3719.09
3720.70
3721.95
3722.19
3722.60
3722.84
3723.20
3723.36
3727.84
3728.20
3728.76
3730.90
3731.23
3731.75
3732.28
3732.40
3732.56
3734.17
3735.27
3735.55
3738.34
3739.39
3741.41
3742.02
3742.75
3742.91
3745.50
3747.00
3752.03
3753.42
3753.58
3757.36
3759.92
3760.53
3763.50
3764.31
3766.80
3767.17
3767.25
3770.18
3773.94
3776.43
3777.94
3780.36
3780.81
3781.79
3782.28
3784.12
3784.32
3785.35
3788.83
3791.58
3791.95
3793.18
3794.21
3795.60
3801.85
3803.17
3803.58
3806.95
3807.57
3808.19
3809.96
3811.49
3814.91
3817.60
3818.50
3819.95
3821.40
3821.85
3822.18
3822.39
3822.97
3822.97
3824.54
3825.24
3825.58
3825.87
3825.99
3826.07
3826.61
3826.73
3827.73
3829.76
3831.91
3833.37
3833.37
3836.98
3837.18
3837.97
3838.18
3839.01
3841.54
3843.91
3844.87
3846.79
3846.91
3847.49
3847.70
3848.58
3851.49
3851.53
3851.99
3852.83
3855.04
3857.91
3861.84
3862.43
3862.47
3862.63
3864.81
3866.48
3868.28
3872.17
3878.00
3878.42
3879.14
3879.60
3879.85
3880.19
3880.35
3881.95
3886.19
3887.03
3888.42
3888.72
3891.07
3892.72
3892.76
3893.64
3896.09
3897.14
3899.63
3900.35
3900.94
3903.98
3907.06
3907.40
3907.78
3909.60
3910.91
3913.75
3914.47
3916.84
3916.84
3917.35
3918.66
3920.06
3922.91
3924.39
3926.00
3926.13
3926.47
3928.09
3928.34
3929.53
3930.00
3930.77
3933.62
3935.02
3938.26
3940.22
3941.75
3942.01
3942.44
3943.50
3945.85
3946.70
3948.03
3948.58
3948.92
3952.73
3952.77
3955.77
3957.82
3958.25
3959.54
3963.09
3965.32
3965.79
3967.25
3970.78
3972.45
3973.31
3973.40
3973.53
3974.13
3974.56
3976.88
3977.78
3982.31
3984.38
3986.23
3986.96
3989.42
3990.20
3992.36
3993.05
3994.04
3995.04
3995.08
3998.63
4002.39
4006.03
4006.08
4006.34
4007.77
4010.02
4014.49
4016.19
4016.93
4017.84
4020.40
4024.28
4024.80
4025.85
4026.76
4026.89
4030.03
4030.95
4031.82
4035.48
4036.10
4037.71
4037.71
4038.63
4038.80
4040.95
4042.61
4043.79
4045.01
4046.15
4046.41
4051.50
4054.92
4056.36
4057.02
4057.29
4058.74
4060.32
4061.50
4062.60
4062.87
4063.92
4063.96
4065.33
4066.56
4066.74
4069.86
4070.17
4071.98
4076.38
4076.52
4077.57
4077.97
4078.46
4079.38
4083.45
4083.62
4085.52
4088.09
4090.30
4090.57
4091.76
4092.20
4094.24
4095.30
4096.72
4096.81
4099.21
4100.76
4103.64
4104.58
4105.11
4109.38
4112.31
4112.40
4115.11
4115.96
4119.97
4120.91
4124.03
4124.61
4124.79
4126.71
4130.91
4131.76
4133.95
4136.32
4136.36
4136.45
4140.93
4141.92
4146.85
4147.25
4147.75
4148.11
4148.33
4149.68
4150.48
4150.71
4151.43
4151.70
4153.81
4154.12
4155.07
4157.45
4158.71
4159.16
4159.25
4159.66
4159.93
4160.11
4161.91
4167.18
4168.31
4170.74
4170.83
4172.91
4180.09
4180.59
4181.45
4183.17
4185.25
4187.56
4188.56
4188.92
4189.51
4189.83
4193.23
4195.18
4197.50
4201.36
4203.18
4205.32
4205.59
4210.69
4214.56
4215.79
4217.12
4217.44
4221.13
4223.46
4227.08
4229.32
4230.23
4230.87
4232.20
4236.55
4237.33
4238.30
4238.66
4240.68
4241.92
4242.15
4243.53
4244.45
4247.80
4248.03
4249.13
4250.01
4253.78
4255.99
4256.77
4257.19
4259.95
4261.75
4262.76
4266.59
4267.98
4268.26
4268.76
4270.56
4270.70
4272.37
4272.51
4272.97
4274.68
4275.28
4276.90
4277.87
4279.96
4283.94
4284.96
4287.56
4288.86
4289.97
4290.67
4291.27
4293.78
4293.92
4296.10
4296.43
4296.94
4302.99
4303.68
4306.53
4307.78
4307.92
4308.16
4309.60
4309.97
4310.39
4311.23
4314.45
4314.73
4316.13
4317.58
4317.63
4317.77
4318.94
4320.11
4321.42
4321.74
4327.59
4329.46
4330.03
4330.82
4338.19
4339.41
4340.82
4340.86
4342.37
4343.40
4343.45
4343.96
4344.39
4345.66
4348.43
4350.45
4353.56
4358.75
4359.45
4360.63
4360.92
4364.50
4367.24
4369.47
4372.26
4372.63
4377.46
4385.66
4390.08
4390.60
4394.83
4395.93
4398.69
4400.11
4401.07
4401.59
4402.92
4404.78
4405.02
4409.31
4410.89
4413.75
4416.23
4416.47
4417.00
4420.92
4422.74
4424.41
4424.75
4431.60
4432.56
4433.09
4433.61
4436.11
4441.01
4446.83
4450.05
4451.21
4454.00
4456.46
4457.28
4457.81
4458.15
4460.61
4462.25
4463.50
4465.58
4466.02
4466.16
4466.40
4467.03
4468.05
4468.67
4470.37
4473.42
4473.56
4473.71
4474.33
4478.45
4478.55
4479.03
4479.86
4481.80
4481.89
4484.95
4486.89
4488.10
4493.69
4497.63
4498.31
4498.56
4498.95
4500.16
4503.13
4506.69
4506.84
4509.28
4510.06
4511.96
4514.70
4515.23
4519.24
4520.86
4522.23
4523.89
4524.53
4526.24
4526.63
4527.17
4529.91
4530.36
4532.95
4535.95
4535.95
4536.68
4545.33
4545.92
4546.22
4547.25
4548.38
4549.86
4554.83
4555.52
4559.12
4564.30
4565.59
4567.52
4567.81
4569.20
4570.23
4570.93
4571.52
4573.85
4574.49
4580.33
4581.87
4584.45
4586.88
4587.67
4589.86
4592.79
4592.89
4594.03
4594.73
4595.03
4595.03
4597.16
4599.85
4600.25
4601.49
4607.37
4608.22
4610.01
4610.31
4612.11
4615.26
4616.30
4616.80
4620.85
4621.95
4621.95
4625.70
4625.75
4625.95
4628.46
4628.86
4631.11
4631.66
4633.42
4634.42
4635.12
4637.93
4638.08
4639.54
4641.14
4642.60
4644.11
4646.57
4647.17
4649.09
4649.99
4652.41
4656.69
4657.39
4657.85
4665.16
4665.41
4667.33
4667.89
4668.04
4670.46
4670.51
4673.90
4674.25
4676.13
4682.15
4686.56
4687.73
4691.63
4693.41
4695.29
4697.42
4701.49
4705.87
4708.01
4708.11
4712.29
4712.75
4714.33
4715.30
4720.56
4726.07
4726.33
4727.40
4727.81
4729.55
4734.67
4736.16
4736.57
4737.49
4737.65
4737.85
4737.95
4740.57
4741.49
4743.75
4744.37
4744.72
4748.47
4751.09
4754.13
4754.33
4755.47
4755.47
4756.24
4757.52
4759.38
4759.38
4760.92
4766.95
4768.86
4771.65
4772.99
4774.54
4781.88
4782.04
4783.59
4785.97
4791.31
4797.48
4800.55
4805.12
4809.54
4812.25
4815.27
4817.51
4817.61
4817.92
4819.23
4821.78
4822.78
4823.77
4824.45
4828.47
4833.75
4834.22
4835.73
4836.41
4843.85
4848.78
4849.99
4850.72
4854.97
4855.39
4857.18
4858.49
4859.81
4860.86
4863.44
4864.39
4866.60
4868.18
4868.55
4875.66
4878.04
4878.46
4878.67
4880.25
4884.06
4886.91
4887.55
4887.70
4888.34
4891.41
4892.25
4896.60
4896.65
4897.02
4899.09
4901.85
4902.96
4903.60
4903.75
4908.32
4908.43
4909.06
4910.29
4911.24
4912.36
4914.43
4916.77
4916.82
4918.53
4921.40
4925.24
4927.32
4929.08
4935.11
4935.11
4936.55
4937.56
4941.78
4943.55
4949.22
4950.35
4952.28
4953.08
4955.12
4956.56
4958.01
4965.10
4966.12
4971.87
4972.46
4975.85
4981.24
4982.53
4985.23
4986.53
4986.80
4987.34
4987.34
4992.84
4993.81
4996.57
5003.77
5007.94
5013.14
5014.71
5015.26
5015.47
5015.69
5016.56
5016.61
5017.75
5020.25
5022.21
5024.49
5024.65
5024.93
5025.36
5029.93
5031.56
5033.52
5034.39
5034.83
5035.21
5036.14
5036.85
5038.15
5041.54
5051.47
5056.01
5064.94
5065.05
5075.63
5082.06
5088.94
5090.59
5090.76
5091.09
5091.64
5093.68
5095.22
5095.77
5101.40
5104.33
5104.55
5105.71
5106.26
5109.02
5110.29
5115.27
5117.49
5117.65
5124.80
5124.91
5125.97
5127.57
5128.41
5129.41
5139.63
5142.13
5142.63
5143.47
5146.36
5150.09
5152.55
5153.10
5154.89
5159.13
5159.24
5159.69
5164.83
5167.00
5167.23
5170.92
5171.26
5172.93
5174.56
5185.04
5185.99
5187.51
5188.80
5189.25
5192.00
5193.74
5194.36
5196.50
5198.35
5198.58
5207.58
5211.64
5212.26
5213.11
5214.69
5214.97
5214.97
5217.90
5225.98
5227.62
5230.79
5236.17
5236.34
5239.40
5248.65
5250.30
5250.64
5251.21
5251.38
5253.59
5254.11
5259.11
5260.13
5260.82
5261.33
5264.63
5268.51
5274.38
5279.52
5282.95
5283.12
5285.18
5289.36
5291.02
5293.65
5294.22
5295.08
5297.20
5297.55
5300.35
5302.36
5303.11
5303.17
5303.91
5303.91
5305.40
5310.34
5311.95
5312.76
5315.00
5317.47
5318.28
5318.45
5321.44
5322.54
5324.21
5325.99
5326.80
5327.09
5332.51
5332.80
5333.09
5333.89
5336.95
5337.94
5339.03
5340.25
5340.48
5340.54
5340.59
5340.59
5345.16
5345.74
5345.74
5348.11
5351.58
5357.26
5358.65
5361.26
5367.88
5371.54
5372.00
5377.06
5380.09
5381.60
5382.65
5383.18
5392.68
5394.84
5394.90
5395.30
5395.42
5396.71
5396.76
5397.35
5397.99
5401.03
5403.02
5405.12
5407.69
5411.44
5411.56
5413.31
5413.37
5415.25
5420.00
5420.58
5421.05
5421.17
5422.17
5423.28
5424.16
5437.62
5437.73
5441.62
5444.68
5445.51
5445.51
5448.10
5448.22
5450.58
5451.46
5456.42
5459.43
5459.49
5461.26
5465.40
5467.53
5471.26
5472.20
5472.80
5479.08
5480.97
5481.39
5481.45
5482.22
5483.17
5486.13
5494.27
5497.25
5501.71
5502.13
5505.88
5507.01
5509.39
5513.57
5515.36
5516.13
5517.86
5525.87
5526.47
5526.53
5530.72
5534.01
5536.40
5538.32
5538.62
5540.78
5542.28
5544.98
5545.16
5547.14
5551.76
5555.30
5560.72
5565.71
5566.01
5566.68
5569.03
5570.77
5571.38
5573.55
5575.18
5578.25
5580.18
5581.81
5582.84
5583.51
5584.90
5593.60
5598.45
5598.81
5599.17
5604.27
5604.45
5609.60
5612.34
5616.04
5616.95
5620.18
5621.33
5621.51
5621.94
5623.16
5623.89
5628.21
5635.28
5635.34
5638.14
5640.58
5646.14
5648.65
5649.38
5650.60
5654.88
5656.05
5656.53
5657.09
5668.48
5671.30
5673.57
5674.31
5677.75
5680.09
5681.01
5681.19
5682.18
5684.27
5685.00
5687.03
5687.77
5689.00
5689.56
5689.87
5693.01
5695.53
5695.66
5697.32
5705.52
5705.77
5705.89
5707.69
5708.80
5710.16
5715.35
5719.93
5720.36
5721.04
5721.84
5723.95
5725.87
5726.12
5727.48
5731.01
5731.14
5731.82
5738.52
5741.94
5743.24
5746.91
5753.13
5753.57
5758.43
5761.35
5762.04
5766.22
5767.65
5770.46
5771.52
5773.96
5774.52
5775.77
5786.16
5791.17
5792.29
5795.49
5796.12
5798.25
5798.94
5798.94
5799.76
5801.33
5807.73
5808.30
5818.36
5820.25
5823.15
5826.17
5831.66
5832.61
5832.80
5832.98
5833.05
5835.32
5835.57
5836.20
5843.47
5844.23
5844.74
5845.37
5846.82
5847.90
5851.38
5856.95
5860.69
5862.02
5867.29
5868.18
5870.97
5872.82
5874.66
5875.68
5882.67
5888.02
5890.25
5890.70
5900.08
5903.52
5905.57
5915.99
5919.39
5921.37
5925.99
5926.56
5930.99
5934.65
5940.43
5940.62
5944.42
5946.99
5949.11
5952.53
5957.88
5959.81
5959.87
5962.00
5962.71
5963.81
5968.26
5968.26
5968.39
5974.92
5981.06
5984.23
5985.21
5992.66
5993.82
5996.81
5997.39
5999.27
5999.73
6009.93
6014.09
6022.04
6026.47
6027.45
6029.21
6029.27
6034.76
6039.85
6044.49
6045.41
6047.44
6048.29
6051.82
6051.89
6052.93
6054.31
6067.95
6068.21
6069.92
6072.88
6078.33
6082.81
6085.77
6094.40
6098.43
6098.49
6098.82
6102.32
6103.31
6104.30
6113.22
6114.88
6116.33
6122.29
6124.61
6128.99
6134.29
6134.63
6135.02
6142.13
6142.79
6149.58
6153.90
6162.10
6163.63
6164.97
6166.30
6170.44
6171.84
6172.31
6175.85
6176.65
6177.72
6177.92
6182.74
6186.28
6194.79
6200.56
6200.89
6203.24
6204.11
6205.05
6206.19
6207.34
6211.10
6217.15
6219.30
6221.19
6221.59
6223.54
6223.88
6224.08
6224.75
6228.53
6231.43
6233.65
6240.26
6241.35
6243.10
6246.28
6248.10
6253.38
6256.83
6261.30
6262.18
6271.06
6275.41
6276.56
6286.62
6286.75
6294.31
6296.76
6298.33
6298.94
6302.56
6309.72
6309.99
6314.84
6325.58
6326.54
6331.54
6336.26
6336.81
6340.86
6348.41
6350.40
6354.87
6358.24
6363.33
6365.74
6370.29
6373.19
6374.50
6378.57
6398.75
6398.82
6399.17
6399.31
6403.18
6406.79
6409.49
6409.77
6416.64
6417.61
6433.18
6434.37
6434.58
6444.61
6446.21
6450.96
6454.80
6459.90
6460.88
6465.35
6472.98
6474.31
6485.32
6489.18
6493.96
6495.22
6497.89
6499.16
6500.14
6501.27
6501.41
6501.83
6503.45
6512.32
6512.60
6513.17
6515.00
6516.20
6517.89
6521.06
6522.47
6525.16
6527.35
6537.31
6538.09
6538.37
6544.03
6545.80
6547.79
6555.23
6555.30
6560.77
6561.76
6562.04
6565.52
6565.74
6569.01
6571.49
6574.69
6578.25
6581.31
6583.02
6587.37
6601.92
6604.00
6610.57
6611.36
6611.36
6623.89
6636.09
6647.44
6652.76
6655.57
6656.36
6665.81
6667.32
6671.43
6677.79
6678.80
6679.02
6679.45
6686.61
6688.85
6693.56
6694.72
6699.14
6701.53
6702.33
6705.01
6717.21
6722.81
6735.40
6745.98
6750.65
6751.75
6756.13
6758.47
6762.28
6763.23
6763.81
6787.12
6787.20
6787.34
6787.71
6788.59
6792.71
6796.16
6802.78
6808.16
6809.71
6810.96
6812.43
6817.59
6819.81
6820.47
6821.58
6826.23
6841.83
6844.94
6846.57
6847.31
6848.79
6858.36
6861.33
6884.83
6885.80
6886.91
6889.08
6889.90
6894.82
6903.18
6906.84
6908.56
6911.47
6921.73
6923.45
6923.82
6924.95
6933.34
6933.34
6933.87
6938.75
6939.27
6943.10
6943.70
6944.83
6946.41
6957.17
6959.42
6964.55
6965.22
6965.45
6974.05
6974.80
6975.93
6978.50
6979.03
6980.31
6984.24
6988.70
6991.50
6992.03
6999.14
7001.72
7003.46
7005.51
7007.25
7009.45
7013.02
7016.36
7016.96
7028.59
7029.65
7031.71
7032.47
7034.07
7035.44
7038.71
7041.22
7041.91
7061.14
7064.12
7066.79
7078.42
7080.11
7081.72
7085.78
7090.69
7091.30
7092.68
7094.99
7097.14
7113.13
7113.43
7116.90
7117.28
7118.67
7121.52
7123.91
7139.26
7143.59
7145.60
7156.98
7158.99
7164.80
7164.88
7171.94
7174.81
7178.38
7179.86
7182.34
7185.22
7185.92
7194.48
7201.33
7205.07
7211.00
7216.07
7218.80
7221.46
7222.16
7223.57
7230.37
7231.00
7232.88
7235.69
7242.20
7242.43
7244.55
7245.41
7247.21
7247.37
7258.36
7265.03
7270.62
7275.89
7281.40
7285.03
7293.54
7297.49
7302.23
7302.70
7307.68
7308.32
7317.18
7333.66
7341.29
7346.21
7355.04
7358.14
7363.48
7364.12
7364.20
7364.99
7366.59
7371.85
7373.45
7375.52
7384.78
7394.94
7403.18
7403.98
7408.15
7414.01
7416.73
7418.02
7426.13
7430.23
7432.80
7434.81
7438.59
7438.83
7450.27
7454.22
7456.24
7461.81
7466.09
7466.41
7468.43
7469.72
7470.05
7473.20
7483.48
7488.34
7491.17
7491.33
7492.39
7501.07
7501.88
7517.81
7517.81
7522.44
7525.70
7529.28
7535.64
7542.66
7555.23
7557.11
7560.96
7562.35
7564.23
7568.49
7568.90
7569.39
7570.04
7575.78
7582.09
7583.82
7586.77
7588.66
7596.22
7598.77
7613.83
7615.80
7619.10
7619.43
7620.17
7621.66
7623.14
7623.72
7625.12
7627.51
7630.49
7647.18
7658.86
7660.26
7665.07
7670.96
7680.76
7700.49
7702.65
7703.99
7705.65
7706.65
7708.90
7713.41
7718.92
7722.85
7725.60
7726.61
7736.98
7738.40
7740.08
7741.67
7748.04
7751.56
7752.06
7754.16
7764.07
7768.52
7771.04
7773.73
7777.86
7777.94
7793.02
7795.30
7797.74
7802.30
7806.10
7814.97
7816.58
7817.85
7820.39
7839.28
7841.99
7844.96
7847.26
7849.63
7853.97
7855.07
7858.47
7861.02
7863.74
7863.74
7869.45
7875.24
7876.86
7880.78
7881.63
7888.97
7892.04
7899.56
7909.91
7911.79
7915.22
7916.59
7918.99
7923.53
7927.90
7931.42
7936.31
7938.89
7940.52
7942.93
7943.01
7943.79
7955.74
7963.49
7973.32
7979.19
7983.77
7984.46
7984.63
7986.97
7991.72
8003.23
8003.66
8004.18
8005.39
8005.91
8005.91
8009.90
8013.45
8015.36
8015.53
8017.01
8021.95
8027.08
8028.21
8037.33
8038.46
8042.46
8042.64
8052.39
8054.39
8062.33
8065.47
8075.95
8090.64
8108.08
8142.10
8147.04
8149.86
8158.59
8167.07
8174.23
8183.26
8185.12
8206.49
8211.20
8212.89
8216.00
8218.66
8219.91
8224.89
8231.66
8233.88
8236.02
8236.91
8248.06
8254.67
8256.28
8256.45
8290.56
8291.01
8304.12
8305.46
8307.53
8312.21
8315.71
8318.77
8322.65
8331.29
8333.82
8337.43
8337.79
8346.63
8347.81
8354.22
8373.86
8388.91
8389.10
8394.45
8399.00
8405.54
8409.27
8410.18
8413.37
8416.73
8423.84
8427.58
8428.95
8429.49
8435.24
8439.08
8447.57
8447.66
8449.58
8453.42
8459.37
8463.58
8469.81
8477.97
8489.17
8493.58
8495.33
8497.90
8498.36
8502.59
8504.52
8506.09
8506.64
8507.84
8516.12
8520.00
8531.80
8539.19
8553.99
8563.71
8564.27
8564.45
8566.77
8574.84
8582.08
8596.95
8605.51
8616.78
8619.58
8620.79
8624.06
8630.68
8635.73
8636.38
8638.25
8641.06
8642.93
8663.81
8664.74
8665.30
8669.90
8674.69
8675.25
8677.50
8694.14
8696.49
8703.45
8704.49
8709.29
8719.10
8722.40
8731.85
8733.17
8750.29
8762.41
8764.03
8765.35
8771.43
8771.62
8773.32
8780.83
8785.67
8787.86
8792.71
8795.28
8799.47
8804.51
8807.09
8812.14
8818.34
8819.10
8829.13
8830.08
8830.94
8841.27
8847.39
8851.70
8854.00
8860.04
8863.78
8869.44
8873.37
8880.10
8887.69
8894.23
8896.25
8896.44
8904.05
8914.37
8915.14
8916.68
8930.49
8932.52
8936.00
8937.83
8938.90
8941.32
8956.42
8958.94
8975.92
8976.21
8979.13
8981.65
8986.32
8993.52
8995.17
8999.16
9000.14
9008.22
9037.90
9038.88
9041.23
9041.91
9063.46
9069.54
9073.07
9078.77
9079.46
9080.15
9081.62
9081.91
9082.41
9087.32
9096.47
9100.90
9101.79
9109.37
9109.96
9112.72
9115.88
9116.27
9118.05
9118.74
9129.01
9137.50
9143.93
9144.03
9152.35
9154.33
9156.51
9158.98
9162.25
9164.73
9166.91
9180.91
9190.25
9191.25
9197.71
9198.31
9211.56
9224.42
9226.52
9243.51
9251.31
9267.94
9268.14
9268.24
9268.44
9271.35
9277.47
9277.67
9287.01
9305.22
9308.54
9314.38
9316.70
9318.72
9321.44
9334.97
9342.14
9343.25
9356.40
9359.85
9367.55
9368.46
9370.69
9376.06
9386.82
9390.68
9396.27
9408.99
9412.86
9426.92
9428.25
9438.05
9445.92
9451.03
9453.58
9454.81
9455.53
9460.23
9462.59
9462.79
9473.96
9485.86
9490.89
9509.19
9531.23
9531.95
9534.12
9538.14
9544.54
9545.26
9550.64
9552.81
9553.74
9557.87
9558.91
9560.87
9563.46
9570.08
9580.13
9586.98
9590.50
9591.85
9592.89
9595.59
9596.21
9597.25
9598.81
9601.72
9602.34
9612.42
9619.50
9634.71
9639.40
9645.34
9646.60
9647.95
9653.80
9661.12
9666.45
9667.49
9669.38
9671.26
9690.01
9691.69
9692.00
9694.31
9705.22
9705.96
9724.14
9732.46
9739.83
9744.15
9745.74
9748.27
9749.96
9751.64
9755.55
9761.46
9770.97
9775.52
9777.53
9783.98
9803.27
9837.38
9837.91
9846.75
9852.82
9857.09
9860.82
9865.20
9867.12
9873.63
9878.33
9890.63
9902.63
9910.88
9915.71
9927.84
9928.48
9933.32
9933.64
9937.19
9942.46
9953.97
9955.37
9956.45
9964.32
9967.34
9972.62
9974.03
9975.64
9976.62
9980.39
9984.71
9990.87
9994.12
9997.15
9999.96
10017.07
10024.12
10026.61
10029.54
10030.73
10031.39
10043.33
10050.07
10052.36
10053.33
10057.03
10058.88
10061.39
10064.87
10088.42
10096.17
10107.10
10110.17
10115.31
10117.17
10128.34
10140.62
10141.17
10144.35
10153.03
10162.81
10171.06
10181.08
10181.08
10181.63
10183.61
10188.24
10210.42
10212.41
10216.28
10218.27
10235.20
10236.42
10246.06
10249.05
10251.38
10269.59
10270.36
10279.15
10307.10
10315.80
10320.72
10341.95
10347.89
10353.26
10370.42
10377.82
10387.48
10391.87
10393.89
10399.07
10399.40
10399.97
10407.85
10408.41
10410.44
10414.38
10414.61
10416.52
10419.68
10425.65
10429.27
10434.34
10438.97
10439.54
10444.74
10461.70
10462.15
10466.57
10467.93
10504.35
10507.30
10508.55
10536.90
10538.27
10545.34
10552.31
10552.88
10562.70
10572.19
10579.06
10593.15
10593.72
10605.30
10606.56
10615.06
10615.98
10628.51
10637.13
10648.53
10657.06
10657.41
10675.53
10689.28
10695.76
10703.52
10704.44
10708.38
10717.77
10723.92
10729.96
10744.13
10750.64
10759.72
10768.80
10772.41
10775.56
10780.58
10790.85
10811.76
10823.70
10830.97
10837.06
10853.73
10857.72
10865.83
10896.67
10907.29
10908.12
10908.12
10909.65
10913.31
10914.85
10927.96
10937.31
10946.54
10974.29
10979.04
10992.24
10997.95
11005.92
11020.70
11028.45
11031.20
11041.94
11044.09
11044.33
11052.46
11064.90
11076.88
11093.55
11112.90
11116.02
11116.38
11138.66
11145.89
11153.97
11166.65
11184.31
11188.18
11202.84
11221.40
11224.43
11230.14
11235.00
11236.95
11244.25
11248.14
11254.35
11258.12
11270.43
11286.05
11286.18
11289.60
11290.21
11290.82
11294.12
11300.96
11320.30
11320.30
11321.52
11323.48
11349.24
11357.47
11368.29
11380.10
11383.06
11383.67
11383.67
11392.55
11400.56
11403.89
11413.52
11427.36
11435.28
11439.73
11453.73
11468.11
11469.97
11475.93
11485.87
11490.59
11491.83
11516.36
11521.22
11529.32
11531.57
11536.19
11550.17
11596.76
11601.90
11609.18
11613.96
11615.22
11621.37
11626.15
11635.21
11658.02
11660.42
11663.57
11664.84
11667.23
11670.77
11674.94
11688.34
11697.95
11711.25
11745.51
11766.37
11767.77
11784.72
11793.65
11807.18
11819.96
11827.00
11828.41
11830.45
11848.64
11851.85
11928.14
11938.72
11956.31
11967.31
12000.24
12004.27
12017.26
12019.60
12020.90
12027.41
12031.18
12031.96
12034.70
12052.16
12057.12
12097.23
12101.03
12102.21
12126.72
12130.65
12144.97
12147.47
12147.60
12147.99
12153.25
12157.99
12177.21
12179.97
12188.67
12206.36
12211.78
12224.20
12242.20
12256.12
12265.54
12266.07
12270.05
12301.82
12313.01
12354.24
12357.98
12362.67
12367.48
12370.56
12372.43
12407.02
12412.66
12421.80
12422.47
12429.06
12434.84
12436.05
12445.34
12461.91
12470.14
12476.48
12491.88
12497.15
12500.13
12510.41
12522.87
12530.05
12530.19
12533.44
12585.76
12589.98
12593.80
12596.12
12605.93
12611.53
12649.11
12657.59
12682.68
12706.44
12708.09
12710.02
12712.22
12730.80
12744.31
12744.86
12745.27
12754.24
12771.09
12778.14
12842.45
12844.95
12868.74
12873.61
12883.78
12888.66
12935.46
12937.00
12954.93
12958.44
12969.10
12977.38
12978.78
12986.37
12986.51
13003.10
13005.63
13033.67
13036.35
13036.91
13042.69
13048.20
13049.75
13077.31
13080.85
13089.21
13108.05
13113.45
13115.86
13116.99
13138.16
13138.44
13162.34
13166.90
13169.47
13169.75
13185.86
13200.00
13219.43
13220.86
13257.25
13265.71
13286.11
13286.40
13303.66
13314.32
13314.60
13317.49
13333.78
13334.79
13340.13
13367.58
13382.20
13386.25
13412.64
13452.31
13480.14
13481.89
13498.09
13499.41
13499.99
13500.14
13519.29
13520.02
13522.21
13541.25
13562.36
13568.53
13589.24
13590.71
13601.30
13605.13
13609.55
13626.34
13638.14
13662.37
13687.96
13693.89
13714.20
13718.36
13743.76
13783.97
13785.91
13791.58
13801.88
13805.46
13835.07
13860.69
13863.09
13877.35
13885.61
13888.01
13895.53
13897.33
13904.85
13908.92
13944.78
13946.59
13947.50
13970.60
13978.77
13978.77
13988.91
13990.42
13990.42
13996.63
14013.45
14020.12
14036.21
14047.60
14072.86
14078.34
14108.69
14111.89
14116.01
14121.06
14124.88
14142.62
14149.81
14188.60
14239.81
14266.33
14275.91
14287.03
14345.12
14367.33
14402.82
14407.65
14407.81
14411.39
14429.02
14437.77
14477.97
14503.53
14559.34
14567.38
14570.53
14594.67
14594.99
14606.52
14613.79
14626.92
14654.96
14704.20
14729.04
14779.16
14790.04
14796.12
14797.72
14798.68
14810.22
14849.37
14877.67
14880.25
14886.53
14900.55
14930.73
14943.66
14971.17
14990.78
14996.46
15002.63
15006.52
15012.21
15030.41
15051.73
15055.48
15060.53
15078.30
15081.40
15111.13
15126.17
15176.17
15181.76
15187.02
15197.70
15211.35
15219.75
15234.91
15269.23
15277.83
15288.91
15315.06
15317.88
15341.77
15342.43
15401.14
15407.14
15415.65
15425.99
15426.16
15427.16
15440.85
15486.86
15487.20
15493.90
15509.17
15533.68
15541.42
15622.00
15622.17
15624.88
15640.27
15668.56
15669.91
15673.98
15677.88
15708.45
15714.23
15716.10
15734.30
15745.88
15760.03
15795.20
15801.35
15802.55
15804.94
15806.82
15825.82
15860.27
15876.07
15951.14
15964.43
15982.93
15991.06
16002.13
16008.89
16012.52
16019.46
16020.15
16047.91
16064.58
16072.58
16077.63
16128.50
16134.26
16136.53
16155.05
16169.21
16170.61
16206.69
16224.24
16273.82
16281.57
16284.39
16292.67
16299.37
16321.43
16330.97
16335.74
16344.93
16349.71
16350.42
16358.91
16372.19
16373.78
16416.71
16444.27
16446.76
16454.41
16464.92
16466.70
16477.04
16477.75
16486.67
16496.48
16502.37
16529.36
16537.59
16539.20
16543.31
16544.39
16561.40
16593.15
16599.07
16608.24
16677.38
16685.33
16714.42
16729.61
16738.49
16747.00
16747.18
16754.98
16758.24
16767.85
16784.73
16807.63
16815.82
16820.36
16850.60
16851.15
16858.81
16873.96
16875.96
16882.90
16888.39
16894.60
16916.18
16952.28
16987.35
17007.95
17016.60
17037.97
17054.38
17070.07
17088.37
17096.51
17099.47
17115.20
17120.20
17149.68
17151.72
17161.74
17165.83
17210.83
17217.54
17225.74
17242.52
17252.41
17261.19
17298.58
17327.99
17341.31
17348.63
17375.30
17379.44
17392.60
17413.13
17427.27
17429.72
17516.49
17521.99
17559.38
17588.66
17615.13
17652.72
17660.74
17682.92
17688.47
17700.34
17711.84
17727.56
17735.42
17745.41
17779.23
17783.65
17784.23
17798.48
17804.25
17823.91
17877.22
17900.45
17944.08
17966.03
17994.04
18016.64
18038.10
18048.45
18082.26
18110.46
18134.18
18138.69
18146.94
18164.03
18182.91
18205.35
18270.27
18290.64
18298.36
18299.75
18314.80
18391.65
18393.44
18421.13
18437.68
18488.02
18500.42
18518.85
18528.67
18534.08
18546.52
18552.54
18559.77
18707.95
18725.37
18789.71
18830.00
18860.18
18875.90
18893.68
18895.52
18897.76
18926.00
18927.85
18944.03
18945.47
18955.51
18959.00
18985.89
19028.46
19044.32
19064.94
19072.37
19074.22
19089.29
19104.58
19109.13
19129.61
19202.19
19205.10
19224.64
19265.04
19277.97
19294.45
19307.40
19321.40
19338.97
19393.24
19405.41
19415.70
19436.72
19449.56
19453.34
19462.61
19464.08
19541.95
19552.73
19567.34
19600.18
19617.79
19670.50
19701.39
19701.81
19715.89
19756.24
19775.92
19781.91
19837.85
19877.60
19888.14
19987.38
20042.16
20057.35
20102.98
20109.50
20126.26
20138.24
20158.08
20167.90
20175.97
20270.94
20272.91
20289.37
20362.82
20364.59
20388.62
20389.50
20419.08
20422.18
20425.05
20463.98
20490.35
20517.19
20540.29
20594.59
20610.86
20725.13
20772.28
20788.69
20790.04
20853.80
20868.24
20948.55
20969.19
21044.88
21052.62
21056.95
21070.39
21099.82
21108.50
21113.30
21153.31
21167.74
21172.32
21234.03
21265.99
21288.78
21320.36
21320.82
21345.75
21348.98
21497.80
21661.00
21676.94
21683.28
21711.21
21779.21
21864.92
21881.01
21888.11
21982.81
22019.47
22032.82
22047.84
22054.28
22120.24
22158.33
22171.52
22182.80
22211.86
22309.64
22372.73
22479.25
22498.23
22538.43
22574.80
22643.54
22745.44
22754.30
22831.00
22842.86
22886.90
22971.49
22975.47
22977.46
22978.21
23031.97
23055.66
23080.62
23111.85
23180.22
23185.99
23205.57
23250.81
23260.11
23262.88
23318.83
23330.44
23423.26
23471.72
23491.28
23581.94
23627.66
23679.10
23679.61
23684.48
23718.33
23757.11
23772.28
23801.37
23881.33
23914.95
23926.33
24020.49
24039.21
24043.89
24109.80
24235.34
24293.36
24347.31
24385.53
24405.33
24598.59
24638.01
24699.94
24816.73
24857.31
24860.00
24861.34
24907.65
24949.46
24957.02
25100.01
25320.40
25336.57
25476.21
25494.41
25553.51
25574.26
25631.05
25811.66
25837.37
25875.69
25926.14
25951.96
26031.83
26054.37
26069.03
26074.11
26103.47
26192.02
26330.11
26367.17
26506.47
26510.77
26549.53
26562.74
26617.98
26619.13
26653.72
26774.25
26945.13
26985.39
27013.73
27259.77
27380.38
27457.81
27553.93
27577.50
27650.10
27775.74
27841.03
27911.30
27972.98
28078.20
28163.09
28171.62
28236.31
28375.36
28402.69
28601.60
28639.07
28780.41
28912.12
29079.65
29098.54
29158.10
29431.32
29447.57
29454.26
29479.44
29557.69
29705.17
29722.21
29783.05
29885.70
29926.15
30159.87
30224.88
30236.32
30349.73
30440.83
30834.30
30943.92
31167.71
31269.72
31464.19
31991.81
31994.23
32042.04
32446.03
32506.12
32838.77
32884.63
33019.04
33243.09
33354.78
33559.67
33988.31
34208.19
34327.58
34546.67
34610.27
34785.60
35099.39
35352.85
36264.06
36491.16
36721.68
37520.51
37642.50
38003.03
39046.71
40293.06
41543.22
44177.83
44882.70
