26.09
29.64
35.94
36.08
36.09
38.13
39.91
42.73
43.40
44.07
44.50
45.73
46.80
47.05
48.33
51.25
53.75
55.55
58.24
58.68
59.96
62.16
62.95
66.74
67.27
68.47
68.53
68.56
68.66
69.22
69.45
70.68
73.23
76.10
76.13
76.23
76.42
77.72
79.44
80.84
82.50
82.63
82.93
84.30
84.35
84.44
84.51
84.89
85.09
85.28
87.48
88.54
88.84
90.76
90.96
91.37
91.76
92.00
92.25
93.39
93.44
93.51
95.28
95.62
96.09
96.31
96.42
96.95
97.00
97.00
97.03
97.10
98.45
98.93
99.19
99.62
100.35
101.50
101.77
103.58
103.88
104.48
105.24
105.26
105.39
106.05
106.23
106.60
107.30
107.95
108.12
108.85
109.78
110.03
112.49
113.12
113.13
113.79
114.23
114.96
115.04
115.28
115.72
116.23
116.74
118.37
118.51
118.88
119.00
119.29
119.42
119.77
119.98
121.02
121.50
122.28
122.64
122.74
123.05
123.16
123.18
124.04
124.12
124.38
124.47
124.49
125.63
125.63
126.65
126.98
128.19
128.53
128.55
129.60
130.33
130.50
130.95
131.58
133.12
133.40
133.51
133.78
134.81
134.89
134.99
135.65
135.86
136.86
136.97
137.81
139.50
139.60
140.73
141.20
141.25
141.74
141.95
142.31
142.73
143.69
143.69
144.37
144.97
145.35
145.83
146.86
146.89
147.30
147.49
147.59
147.83
148.05
148.17
148.60
149.73
150.24
150.49
150.57
150.57
151.24
151.32
152.27
152.90
154.88
155.82
158.00
158.56
158.84
158.85
160.67
161.56
161.59
161.74
162.66
163.23
164.00
164.12
164.38
164.50
164.88
165.71
166.52
167.68
167.73
167.74
168.31
168.84
169.02
169.11
169.17
169.29
169.40
170.13
170.20
170.21
170.30
170.32
170.33
171.09
172.24
172.24
172.55
172.88
173.58
174.55
174.93
176.11
178.11
178.28
178.76
179.00
179.24
179.96
181.10
181.19
182.03
182.43
182.68
182.81
182.87
183.44
184.12
184.31
184.60
185.05
185.23
185.33
185.43
185.68
185.87
186.36
186.55
186.76
186.93
186.97
188.41
188.69
189.78
190.56
190.96
191.30
192.39
193.11
193.50
193.74
193.83
193.90
194.01
194.27
195.76
196.14
196.17
196.47
196.54
196.80
196.87
197.72
197.97
198.16
200.00
200.05
200.38
201.87
202.72
203.10
204.62
205.30
205.53
205.84
205.88
207.51
207.81
207.83
208.57
208.79
209.94
209.97
211.25
211.84
212.93
213.30
213.43
213.66
213.91
213.93
214.77
214.91
215.89
216.20
216.91
217.69
217.85
217.99
218.39
218.45
219.18
219.35
219.75
220.65
220.95
221.85
222.37
222.49
222.91
223.06
223.62
224.03
224.11
224.54
224.58
225.37
225.68
226.48
226.65
226.85
227.13
227.19
227.67
228.03
228.23
228.49
228.68
228.73
229.01
229.59
230.40
230.95
231.35
231.40
232.04
232.08
232.09
232.12
232.32
232.35
232.64
232.99
233.26
234.20
234.35
234.52
234.91
235.09
237.41
237.41
237.54
238.67
238.92
239.10
240.35
240.51
241.00
241.07
241.72
242.22
242.26
242.34
242.42
242.70
243.61
244.04
244.21
244.47
245.46
245.59
245.94
246.84
246.88
246.92
247.24
247.45
247.47
248.89
249.37
249.41
249.76
250.42
251.45
251.72
251.76
252.04
253.43
253.49
253.68
254.15
254.21
254.80
255.60
255.81
256.14
256.26
256.58
256.76
257.14
257.68
258.18
258.34
258.58
258.76
259.10
260.12
260.13
260.21
260.35
260.43
261.06
261.13
261.17
261.62
262.34
263.32
263.33
265.09
265.13
266.15
266.51
266.53
267.41
267.56
268.01
268.24
268.37
268.77
269.59
270.01
270.56
270.73
271.30
271.46
272.29
272.78
273.11
273.55
273.66
274.27
274.72
275.06
275.24
275.41
275.62
275.63
276.73
276.74
276.80
277.04
277.52
277.81
277.89
278.24
278.43
278.54
279.38
279.53
280.04
280.44
281.23
281.31
282.39
283.17
283.22
283.77
284.26
285.56
285.89
285.99
286.63
286.69
287.08
287.56
287.83
287.94
287.97
287.98
288.06
288.27
288.84
288.89
288.89
289.15
289.18
289.20
289.49
289.82
289.83
289.84
290.52
290.64
290.82
291.33
292.00
292.08
292.38
292.82
292.87
295.81
295.90
296.21
296.22
296.28
296.83
297.41
297.51
297.56
297.77
298.09
298.36
298.97
299.26
299.44
299.50
301.05
301.57
302.02
302.14
302.73
303.99
304.86
305.01
306.34
306.39
306.48
306.61
306.79
307.43
307.64
307.65
308.04
308.13
308.34
308.41
308.90
309.10
309.31
310.21
310.51
310.53
310.60
312.04
312.83
313.13
313.68
313.89
314.58
315.29
315.79
315.89
316.01
316.31
316.71
317.08
317.14
317.33
317.44
317.69
317.88
318.23
318.25
318.31
319.41
320.35
320.67
321.09
321.16
321.59
322.07
323.08
323.22
323.58
324.12
324.84
325.32
325.41
325.48
325.51
325.72
325.96
326.01
326.05
326.39
326.55
326.63
326.67
327.01
327.20
327.64
327.69
327.80
328.01
329.15
329.35
329.39
329.46
330.18
330.32
330.61
331.40
331.43
331.90
333.51
333.51
333.62
334.04
334.44
334.54
335.24
336.03
336.98
337.02
337.06
337.63
338.10
339.33
339.36
339.45
339.84
340.05
340.38
341.44
341.65
342.05
342.77
342.78
343.06
343.09
343.10
343.16
343.43
343.46
343.89
344.31
344.47
344.60
344.61
345.51
346.02
346.02
346.07
346.31
346.64
347.16
347.75
347.86
347.92
348.14
348.15
348.23
348.42
348.73
348.75
348.77
349.40
349.46
349.75
350.28
350.33
352.28
352.82
352.99
353.32
353.35
353.82
353.89
354.15
354.28
354.37
354.88
355.27
355.55
356.35
356.37
356.38
357.26
357.34
357.58
358.22
358.32
358.36
358.91
358.92
359.05
359.69
359.84
360.66
360.78
361.25
361.43
361.85
361.86
362.37
362.64
362.92
363.64
363.95
364.10
364.49
364.77
366.32
366.40
367.06
367.23
367.29
367.65
367.97
367.99
368.09
369.32
369.41
369.57
369.65
371.08
371.14
371.44
371.44
371.73
372.67
372.75
373.09
373.15
373.20
373.43
373.69
373.87
374.00
374.08
374.11
374.21
375.18
375.21
376.50
376.72
376.96
377.32
377.49
378.12
378.65
378.65
379.03
379.84
379.90
379.93
380.70
381.13
381.34
381.81
381.89
382.23
382.41
382.79
383.08
383.35
383.42
383.51
383.58
383.90
384.04
384.58
384.69
384.89
384.91
385.22
385.29
386.49
386.78
386.93
387.09
387.71
387.79
388.07
388.09
388.12
388.33
388.75
388.92
389.05
389.34
389.49
389.69
389.87
390.29
390.44
390.96
391.49
392.11
392.12
392.56
392.58
392.58
393.44
393.81
393.85
394.36
394.42
394.76
394.84
395.71
395.73
396.07
397.14
397.21
398.01
398.06
398.53
398.75
398.97
399.63
400.20
400.28
400.29
400.31
400.52
400.67
401.41
401.53
401.90
401.98
402.58
403.01
403.12
403.41
403.85
404.28
404.77
404.97
405.10
405.35
406.27
406.83
407.04
407.09
407.10
407.40
407.50
407.56
407.59
408.03
408.18
408.68
409.01
409.71
410.96
411.53
411.66
412.21
413.03
413.21
413.28
413.49
414.37
414.68
414.69
414.85
415.38
415.40
415.63
415.85
415.91
416.05
416.25
416.47
417.03
417.83
418.07
419.21
419.26
421.14
421.15
421.31
421.45
421.53
422.12
422.36
422.86
423.07
423.54
424.64
424.99
425.10
425.32
425.53
426.17
426.44
427.64
427.77
428.32
428.38
428.45
429.43
430.21
430.41
430.41
430.42
430.92
432.45
433.01
433.72
434.34
434.45
434.46
434.86
435.45
435.48
435.63
435.85
436.04
436.50
436.71
437.16
437.41
437.49
437.73
438.14
439.09
440.65
440.73
441.37
441.69
441.83
442.48
442.94
442.95
443.54
443.68
443.69
443.71
444.11
444.47
444.74
445.17
445.32
445.66
446.22
446.91
446.92
447.15
448.05
448.29
448.57
448.63
449.17
449.78
449.84
450.07
450.51
450.72
450.87
451.33
451.99
452.08
452.15
452.38
452.39
453.06
453.31
453.90
454.30
454.57
455.35
455.36
455.57
455.73
455.76
457.26
457.41
458.60
458.87
459.51
459.62
459.99
460.33
460.38
460.53
460.60
460.88
460.91
460.98
461.05
461.08
461.36
461.51
462.22
462.51
463.10
463.28
463.29
463.94
463.95
464.35
464.44
465.76
465.79
466.73
466.83
467.59
467.72
467.79
467.89
468.43
469.22
470.92
471.30
472.25
473.20
473.22
473.24
473.77
473.85
473.96
474.09
474.83
475.74
475.94
475.97
475.98
476.38
476.50
476.50
477.10
477.17
477.19
477.19
477.22
478.22
478.50
478.64
478.90
479.07
479.19
479.42
479.53
479.81
480.75
481.46
481.55
481.57
481.59
481.60
481.89
483.10
483.20
483.58
483.63
483.97
484.76
484.78
485.02
485.37
485.40
485.67
486.01
486.85
486.88
487.05
487.28
487.30
487.34
487.37
487.48
487.69
488.35
488.36
488.51
488.71
489.22
489.36
489.73
490.27
490.37
491.09
491.58
491.76
492.22
492.49
492.92
493.51
493.78
493.94
494.22
495.15
495.74
495.85
495.88
496.17
496.43
496.64
498.04
498.10
498.39
499.11
499.45
499.51
499.73
500.29
500.47
501.06
501.17
501.62
502.01
502.40
502.91
503.02
503.07
503.22
503.33
503.47
503.54
503.70
504.39
504.63
504.71
504.83
505.18
505.38
505.51
505.60
505.64
505.81
506.18
506.39
506.76
507.12
507.59
507.61
507.80
508.06
508.06
508.32
508.40
508.68
508.81
509.11
509.36
509.44
509.87
509.91
510.26
510.46
510.51
510.83
510.96
512.05
512.94
513.23
513.42
513.44
514.41
514.60
515.66
515.74
515.88
516.84
517.44
518.36
518.37
518.45
518.83
519.09
519.25
519.27
519.42
520.53
521.14
521.20
521.92
521.96
522.08
522.26
522.64
522.96
523.19
523.37
524.02
524.06
524.22
524.33
524.47
524.54
524.58
524.97
525.40
525.57
526.34
526.68
526.81
526.83
527.10
527.51
527.68
528.15
528.16
528.20
528.50
528.80
529.04
529.08
529.29
529.45
530.21
530.24
530.25
530.53
530.68
531.19
531.57
531.97
532.15
533.85
534.43
535.25
535.58
535.59
535.68
536.15
536.45
536.54
536.58
537.24
537.85
538.12
538.79
538.92
539.48
539.90
540.59
540.70
540.77
541.28
541.41
542.33
542.92
543.21
543.23
543.79
544.24
544.92
545.40
545.43
546.22
546.30
546.39
546.44
548.20
548.33
548.85
549.77
549.79
549.86
550.66
550.84
551.07
552.06
552.27
552.61
552.82
553.25
553.49
553.90
554.02
554.02
554.31
554.52
555.85
556.13
556.29
556.44
557.01
557.26
557.29
557.63
557.77
557.99
558.09
558.12
558.13
558.20
558.35
558.53
558.56
558.63
559.55
560.15
560.25
560.31
560.98
561.84
562.90
563.09
563.36
563.40
563.53
563.54
563.62
564.25
564.49
564.50
564.94
565.30
566.50
566.65
567.61
567.96
568.77
568.97
568.98
569.99
570.14
570.77
570.79
570.82
571.16
571.74
572.37
572.45
572.53
573.97
574.40
575.98
576.56
577.00
577.93
578.61
578.99
579.06
579.12
579.36
581.03
581.25
581.71
581.72
582.82
583.45
583.67
583.88
584.08
584.43
584.45
584.98
585.02
585.07
585.21
585.64
585.90
586.06
586.43
586.47
586.61
586.73
586.87
587.72
587.97
588.44
588.59
589.51
589.65
590.35
590.41
590.41
591.60
593.15
593.17
593.30
593.67
593.76
594.91
595.04
595.32
596.19
596.41
596.80
597.30
597.30
597.43
597.50
598.73
599.53
600.24
601.12
601.99
602.16
602.67
602.75
602.88
603.04
603.08
603.43
603.51
603.64
603.75
603.93
603.93
604.36
604.88
605.14
605.17
605.44
605.57
606.09
606.27
606.53
607.11
607.34
607.36
607.53
607.55
607.59
607.73
608.38
608.42
608.50
608.77
608.80
609.61
609.96
610.49
611.21
611.43
611.54
612.07
612.25
612.28
612.37
612.92
613.59
613.71
613.98
614.05
614.10
614.16
614.42
614.50
614.72
615.22
615.73
615.80
615.83
617.29
617.86
618.20
618.48
618.74
618.82
618.89
619.17
619.18
619.62
620.05
620.33
620.40
620.70
620.72
620.82
620.89
621.71
621.83
621.93
622.22
622.32
623.06
623.32
624.13
624.44
624.46
625.21
625.22
625.35
625.46
626.09
626.24
626.80
626.95
627.06
627.97
628.58
628.73
628.97
629.01
629.20
630.38
630.51
630.59
631.30
631.38
631.53
631.81
632.28
632.86
633.32
634.20
634.29
634.29
634.32
634.36
634.76
634.95
635.11
636.09
636.39
636.59
636.77
636.81
637.20
637.61
637.69
637.76
637.99
638.61
638.63
638.65
639.10
639.46
640.61
640.97
641.27
642.46
642.60
642.76
643.06
643.10
643.18
643.55
643.71
643.78
644.21
644.33
644.35
644.49
644.68
645.39
645.55
645.71
646.00
648.35
648.49
649.61
649.71
649.79
650.33
650.33
650.47
651.12
651.16
651.22
651.29
651.37
651.76
651.94
651.95
652.16
652.18
652.33
652.42
652.90
653.37
653.86
654.83
655.22
655.55
655.92
656.40
656.52
657.82
657.97
658.21
658.24
658.72
658.76
658.91
659.60
660.33
660.49
660.74
661.26
661.38
661.63
661.80
662.19
662.67
663.05
663.39
663.42
664.25
664.57
664.86
664.96
666.39
666.79
667.05
667.42
667.43
667.64
668.54
669.25
670.43
671.25
672.34
672.39
672.60
672.73
673.11
673.33
673.60
673.90
674.90
675.22
675.43
675.49
675.61
676.11
676.39
676.39
676.44
676.61
676.86
677.08
677.11
677.16
677.32
677.52
677.95
677.96
678.07
678.40
678.65
678.74
679.33
679.91
680.67
681.62
682.00
682.15
682.51
682.68
682.77
683.11
683.43
683.53
683.63
684.26
684.50
684.77
685.11
685.28
685.36
685.61
685.65
686.16
686.69
686.97
687.00
687.27
687.60
687.71
687.85
688.22
688.38
688.41
688.70
689.05
689.72
690.82
690.96
691.90
692.16
692.31
692.66
693.68
694.05
694.83
694.99
695.60
696.02
697.64
697.98
698.10
698.95
699.04
699.09
699.52
699.70
699.96
700.65
701.16
701.32
701.66
701.75
701.89
702.22
702.38
702.67
702.86
702.92
703.02
703.68
703.81
705.07
705.40
705.49
706.22
706.22
706.78
707.20
707.83
708.00
708.23
708.37
709.32
709.64
709.65
710.19
710.30
710.60
710.66
711.13
711.24
712.73
713.20
713.88
713.91
714.16
714.24
714.37
714.46
715.14
715.34
715.35
715.45
716.62
718.00
718.51
719.13
719.38
719.41
719.59
720.32
720.89
720.92
720.92
721.17
721.33
721.46
722.08
722.10
722.36
722.50
722.64
722.80
722.92
723.35
723.36
723.86
724.04
724.75
724.81
725.57
725.61
726.39
726.46
726.74
726.81
727.34
728.28
728.44
728.81
729.06
729.41
729.74
730.58
731.51
731.65
732.09
732.13
732.83
732.92
733.51
733.60
733.86
734.23
734.39
735.06
735.48
735.51
735.52
736.26
736.66
736.77
737.58
737.76
737.82
737.82
737.84
738.32
739.29
739.55
739.73
740.18
741.61
742.83
743.51
743.67
743.77
744.74
745.76
746.41
746.48
746.62
746.71
747.66
748.00
748.68
749.03
749.19
749.27
749.61
750.28
750.30
750.68
753.68
754.62
754.98
754.99
755.14
755.35
755.72
755.92
756.25
757.21
757.72
757.80
757.88
758.44
758.64
758.68
759.18
759.21
759.84
759.92
759.93
760.21
760.30
760.55
760.63
760.76
760.82
760.92
761.23
761.42
761.45
761.45
763.01
764.07
764.58
764.69
765.10
765.24
765.39
765.54
766.13
766.58
766.84
767.00
767.31
767.71
767.77
768.23
768.43
768.61
769.23
769.35
769.37
770.43
770.52
770.55
770.60
771.54
771.65
773.36
773.42
773.86
774.14
775.48
776.07
776.37
776.43
776.75
776.76
777.81
778.31
778.39
779.42
779.44
780.14
780.36
780.63
780.90
781.27
782.12
782.59
783.51
783.81
783.81
784.39
784.54
784.58
785.21
785.27
785.34
785.38
785.65
785.89
786.06
786.09
786.19
786.29
786.52
786.55
786.94
787.84
787.91
788.86
789.24
789.35
789.38
789.49
789.52
790.12
790.12
790.71
790.94
790.96
790.98
791.10
791.21
791.33
792.00
792.33
792.68
792.70
793.23
793.65
793.82
794.02
794.39
794.76
794.92
795.11
795.19
795.25
795.60
795.96
796.24
796.58
797.05
797.08
797.36
797.81
798.62
798.75
798.78
798.79
798.84
799.08
799.20
799.22
799.24
799.42
799.98
800.14
800.57
800.58
800.87
800.97
801.06
801.32
801.59
802.00
802.52
802.61
803.19
803.56
804.30
804.40
804.65
804.83
805.06
806.18
806.46
806.59
807.22
807.26
807.46
807.90
807.98
807.99
808.51
808.82
810.09
811.23
811.44
811.53
811.92
812.01
812.12
812.89
812.96
813.05
813.17
815.10
815.50
815.74
815.83
816.19
816.62
817.68
818.24
819.00
819.01
819.53
821.00
821.33
822.78
822.86
823.35
823.66
823.97
824.01
824.30
824.36
824.41
824.79
826.00
826.63
826.90
827.32
827.39
827.59
827.64
828.00
828.31
828.32
828.98
829.85
830.39
830.63
832.06
833.48
833.50
833.51
833.53
833.65
833.69
833.77
833.86
833.95
834.61
835.21
835.34
835.34
835.57
835.67
836.91
837.51
837.63
837.77
838.03
838.48
839.01
839.12
839.53
840.44
841.13
841.45
841.50
841.61
841.81
842.12
842.17
843.32
843.57
843.76
843.87
844.00
844.24
844.60
844.62
844.83
845.25
845.26
846.04
846.43
846.57
847.05
847.63
848.37
848.42
848.45
849.96
850.11
851.06
851.46
851.80
851.99
852.95
853.42
853.82
853.97
854.65
854.69
854.76
854.97
855.08
855.58
856.42
857.32
857.45
857.98
858.14
858.60
858.65
859.24
859.46
859.70
860.01
861.08
861.56
862.05
862.31
863.75
864.24
864.71
865.25
865.59
866.34
867.10
867.55
867.88
867.95
868.08
868.14
868.54
868.54
869.33
869.84
871.10
871.48
872.81
872.95
872.95
873.00
873.38
873.66
873.98
874.69
874.85
874.88
875.08
875.42
875.73
876.41
876.87
877.43
877.49
877.82
877.82
877.98
878.00
878.21
878.38
878.43
879.17
879.30
879.85
880.37
881.29
881.41
882.87
882.90
883.10
883.40
883.42
883.53
883.89
884.10
884.12
884.47
884.80
885.91
887.02
887.54
888.37
888.40
888.67
888.75
889.15
889.64
889.97
890.72
890.81
891.08
891.08
891.12
891.19
891.32
891.55
891.75
891.94
892.46
892.72
892.93
893.30
893.90
894.33
894.43
894.73
894.91
895.08
895.34
895.61
896.23
896.47
896.68
897.06
897.54
897.61
898.25
898.36
898.52
898.55
898.64
899.38
899.42
899.87
899.88
900.55
900.59
901.17
901.64
901.68
901.99
902.24
903.75
904.55
905.05
905.29
906.29
906.39
906.97
907.33
908.36
908.49
908.64
909.87
909.87
909.94
910.12
910.14
910.15
910.31
910.48
911.22
911.29
911.66
912.13
912.65
912.85
913.88
914.09
914.40
914.70
914.77
915.19
915.42
916.68
916.99
917.54
917.58
918.34
918.88
919.25
919.27
919.47
919.63
919.86
919.99
920.23
921.28
921.50
921.67
921.84
922.42
922.57
922.74
922.89
922.98
923.00
923.59
924.97
925.38
925.50
925.64
925.64
926.17
926.65
927.12
927.78
927.85
928.01
928.53
929.22
929.29
929.38
929.54
930.19
930.26
930.71
931.49
931.65
933.17
933.25
933.26
933.41
934.10
935.26
935.37
935.74
935.91
936.44
936.50
936.54
936.91
937.94
938.39
938.97
939.29
939.98
940.02
940.50
941.11
941.72
942.24
942.40
942.51
942.66
942.70
943.08
943.36
943.83
943.96
944.06
944.55
944.76
944.79
946.37
947.03
947.13
947.30
947.41
947.59
948.27
948.74
948.77
949.20
949.58
949.75
949.97
950.13
950.51
950.88
951.13
951.17
951.31
951.72
951.74
952.32
952.39
952.68
952.73
952.90
952.98
953.05
953.06
953.39
953.52
954.11
954.12
954.70
954.75
955.22
955.53
956.33
956.47
957.24
958.19
958.64
959.07
959.20
959.30
959.58
959.68
960.22
961.09
962.11
963.41
963.90
964.26
964.54
964.99
965.09
965.60
965.79
965.97
966.91
966.94
966.98
967.06
967.55
968.19
968.91
969.32
969.43
969.85
969.95
970.69
971.36
971.55
971.92
972.22
972.52
972.78
973.06
973.08
973.19
973.45
973.92
974.01
974.32
974.69
975.18
975.41
975.49
976.24
976.47
976.99
977.12
977.26
977.37
978.16
978.65
979.04
979.16
979.28
979.54
979.81
981.07
981.17
981.46
982.51
982.54
982.56
982.58
982.67
982.91
983.73
983.87
984.53
984.81
985.02
985.45
985.81
986.32
986.49
987.09
987.96
988.11
989.50
989.86
989.92
990.80
990.90
991.00
991.03
991.12
992.02
992.19
992.49
993.37
993.46
993.67
993.86
994.13
994.47
994.57
995.39
996.36
997.13
997.17
997.97
997.98
998.68
998.74
998.78
998.99
999.32
999.33
1000.24
1000.91
1001.36
1001.70
1002.16
1002.31
1002.34
1002.49
1003.09
1003.26
1003.28
1003.99
1004.05
1004.40
1005.37
1006.44
1006.84
1007.49
1007.56
1007.96
1008.10
1008.41
1008.79
1008.84
1009.07
1009.63
1009.82
1009.97
1010.55
1010.69
1011.65
1011.87
1012.23
1012.65
1012.72
1013.03
1013.04
1013.75
1013.90
1014.02
1014.31
1015.28
1015.57
1015.68
1015.69
1015.91
1016.80
1016.99
1017.62
1017.92
1018.58
1018.62
1018.69
1019.14
1019.23
1019.40
1019.42
1019.70
1020.32
1020.32
1020.38
1020.61
1020.73
1021.40
1022.49
1022.63
1022.83
1024.02
1024.17
1024.83
1024.98
1024.98
1025.03
1025.46
1025.83
1026.10
1026.41
1026.74
1026.81
1027.10
1028.09
1028.92
1029.02
1029.20
1030.27
1031.21
1031.23
1033.50
1034.05
1034.27
1034.58
1035.15
1036.24
1036.86
1036.98
1037.00
1037.01
1037.31
1038.24
1038.58
1038.61
1039.60
1039.64
1040.30
1040.50
1040.57
1041.43
1041.87
1041.88
1042.84
1043.06
1043.57
1043.76
1044.24
1044.30
1044.55
1044.80
1044.83
1045.53
1046.12
1046.80
1047.24
1047.54
1047.81
1048.81
1049.31
1049.58
1049.87
1050.79
1050.83
1050.96
1051.68
1051.95
1052.10
1052.68
1053.01
1053.69
1054.42
1054.53
1054.79
1055.82
1056.11
1056.20
1056.23
1056.97
1057.18
1057.26
1057.47
1057.50
1058.43
1058.70
1058.73
1058.81
1058.82
1059.92
1059.94
1060.19
1060.20
1060.35
1060.41
1061.49
1061.63
1061.87
1062.21
1062.83
1062.90
1063.17
1063.66
1064.34
1064.36
1064.75
1065.44
1065.89
1065.99
1066.22
1066.50
1066.89
1067.02
1067.87
1068.03
1068.40
1068.67
1068.82
1069.50
1070.09
1070.12
1070.34
1070.86
1071.62
1071.95
1072.12
1072.50
1073.08
1073.44
1073.56
1073.70
1074.20
1074.47
1074.52
1074.84
1075.27
1075.57
1076.33
1076.43
1076.47
1077.06
1077.26
1077.66
1078.22
1078.71
1079.02
1079.62
1079.69
1081.18
1081.20
1081.45
1081.69
1081.82
1082.56
1082.75
1083.20
1083.75
1084.50
1084.64
1085.00
1085.31
1085.65
1085.96
1086.58
1087.00
1087.26
1087.67
1087.95
1088.03
1088.66
1089.09
1089.65
1089.69
1089.77
1090.19
1090.46
1091.46
1091.65
1092.20
1092.63
1092.67
1092.78
1092.95
1093.48
1093.57
1094.60
1095.41
1097.21
1097.33
1097.34
1098.23
1099.68
1099.69
1099.78
1099.92
1099.92
1099.94
1100.46
1102.03
1102.17
1102.49
1102.88
1103.33
1103.88
1104.61
1105.44
1105.66
1105.78
1105.83
1105.92
1106.87
1106.92
1106.93
1107.05
1107.19
1107.30
1108.47
1108.81
1108.89
1109.16
1109.90
1110.25
1110.38
1111.63
1111.96
1113.02
1113.21
1113.46
1113.80
1114.15
1114.20
1115.95
1116.00
1116.02
1116.38
1116.55
1116.66
1116.81
1116.90
1116.99
1117.14
1117.40
1118.16
1118.74
1119.21
1119.43
1119.77
1120.55
1121.01
1121.19
1121.72
1121.75
1121.86
1121.86
1122.28
1122.33
1122.67
1123.35
1123.62
1123.70
1123.70
1123.74
1124.02
1124.59
1125.99
1126.48
1126.84
1127.21
1128.01
1128.22
1128.59
1128.86
1128.89
1128.97
1129.70
1129.75
1129.96
1129.97
1131.55
1131.74
1131.76
1132.09
1132.61
1132.93
1134.04
1134.23
1134.34
1134.35
1134.65
1135.98
1136.04
1137.22
1137.85
1138.28
1138.60
1139.00
1139.19
1139.35
1139.56
1139.84
1139.99
1140.06
1140.45
1141.20
1141.61
1142.05
1142.34
1142.41
1142.84
1143.61
1144.01
1144.03
1144.97
1145.07
1145.62
1145.65
1145.91
1145.97
1146.78
1148.87
1148.97
1149.41
1149.68
1150.85
1151.06
1151.21
1151.36
1151.37
1151.59
1152.39
1152.81
1154.16
1154.48
1154.56
1154.67
1154.71
1155.22
1155.27
1155.47
1155.76
1156.04
1156.94
1157.31
1157.53
1157.92
1158.53
1158.63
1158.65
1158.84
1158.97
1159.07
1159.17
1159.31
1159.86
1160.45
1161.01
1162.06
1162.56
1162.59
1162.82
1163.23
1163.59
1163.62
1165.31
1166.11
1166.14
1166.28
1166.53
1166.91
1167.20
1167.58
1167.80
1169.57
1169.82
1169.95
1170.03
1171.25
1171.47
1171.64
1172.65
1172.77
1174.10
1174.15
1174.66
1174.67
1175.17
1175.78
1175.82
1176.03
1176.68
1177.32
1177.64
1177.99
1180.00
1180.74
1181.05
1181.89
1182.35
1182.85
1183.25
1183.82
1184.03
1184.17
1184.39
1184.47
1184.86
1185.04
1185.15
1185.68
1186.58
1186.67
1187.19
1187.50
1187.81
1189.15
1189.15
1189.39
1189.61
1189.61
1189.92
1190.36
1191.07
1191.14
1191.42
1191.67
1191.82
1192.06
1192.25
1192.56
1192.61
1194.27
1194.32
1195.10
1195.55
1195.78
1196.44
1197.11
1197.23
1197.40
1197.54
1197.87
1198.50
1198.51
1198.68
1198.68
1199.07
1199.10
1199.11
1199.24
1199.30
1199.49
1200.07
1200.25
1200.25
1200.33
1200.43
1200.58
1201.23
1201.66
1201.69
1201.76
1202.61
1202.70
1202.75
1203.33
1204.95
1205.64
1206.08
1206.44
1206.44
1207.12
1207.22
1208.32
1208.74
1208.79
1208.85
1208.89
1209.70
1209.78
1210.19
1210.71
1210.95
1211.24
1211.26
1212.21
1212.73
1212.75
1212.77
1213.41
1213.51
1213.56
1213.81
1214.35
1214.40
1215.67
1217.04
1217.53
1217.69
1217.74
1217.87
1218.65
1218.81
1218.94
1219.40
1219.84
1219.90
1220.58
1220.70
1221.13
1221.20
1221.41
1221.56
1222.88
1223.22
1224.76
1224.82
1225.49
1225.61
1225.81
1225.88
1226.04
1226.73
1226.77
1227.36
1227.42
1227.70
1228.14
1228.18
1228.66
1229.68
1229.94
1230.02
1230.36
1231.59
1232.19
1232.71
1232.84
1233.14
1233.68
1233.70
1234.00
1234.40
1234.42
1234.62
1234.76
1235.55
1236.01
1236.26
1236.69
1236.85
1237.51
1237.84
1238.23
1238.34
1238.51
1238.54
1238.97
1239.34
1240.04
1240.07
1240.82
1241.17
1241.46
1242.19
1243.01
1243.21
1243.41
1243.48
1244.14
1244.82
1245.70
1246.33
1246.83
1246.99
1247.33
1248.36
1248.41
1248.56
1248.78
1249.14
1249.33
1249.60
1250.07
1250.55
1250.64
1250.66
1251.08
1251.08
1251.56
1251.71
1252.05
1252.12
1252.28
1252.69
1253.03
1253.34
1254.11
1255.47
1255.67
1256.04
1256.83
1256.90
1257.41
1257.90
1258.30
1258.82
1259.12
1259.17
1259.37
1259.58
1260.23
1261.75
1261.88
1261.95
1262.35
1262.54
1263.25
1263.69
1264.28
1265.25
1265.26
1265.73
1266.22
1266.48
1266.56
1266.78
1266.86
1267.22
1267.25
1268.47
1268.48
1268.85
1269.21
1269.97
1270.12
1270.38
1271.08
1271.12
1271.24
1271.57
1272.25
1272.70
1272.70
1273.18
1275.02
1275.02
1275.18
1275.40
1276.47
1276.51
1279.40
1279.43
1280.34
1280.58
1281.68
1282.70
1283.36
1283.57
1283.82
1283.86
1283.93
1284.93
1284.98
1285.06
1285.17
1285.52
1286.39
1287.05
1287.08
1287.30
1287.36
1287.75
1289.39
1289.53
1289.80
1290.05
1290.10
1290.30
1292.35
1292.41
1294.18
1295.94
1296.27
1296.41
1296.55
1297.17
1297.94
1298.10
1298.13
1298.20
1299.15
1299.50
1301.23
1301.42
1301.50
1301.88
1302.33
1303.50
1303.57
1303.71
1304.18
1304.21
1304.56
1305.86
1306.74
1306.89
1306.92
1307.12
1308.12
1308.74
1309.33
1309.35
1310.16
1311.18
1311.20
1311.76
1311.93
1312.47
1313.72
1314.28
1314.45
1315.18
1315.25
1315.40
1315.72
1315.76
1316.29
1316.50
1316.67
1317.04
1318.41
1318.85
1318.89
1319.08
1319.72
1320.62
1320.65
1320.72
1320.74
1321.12
1321.15
1321.25
1322.35
1322.60
1322.74
1323.23
1323.66
1323.96
1324.24
1325.42
1325.66
1326.11
1327.86
1328.26
1328.30
1328.72
1330.36
1330.82
1331.30
1331.40
1331.61
1331.90
1332.05
1332.09
1332.12
1333.17
1333.42
1333.55
1333.83
1334.02
1335.19
1335.77
1335.78
1335.87
1336.13
1337.45
1338.74
1338.76
1339.14
1339.18
1339.31
1339.56
1339.85
1340.02
1340.11
1340.29
1340.63
1341.21
1341.40
1341.52
1341.71
1341.74
1341.78
1341.87
1342.13
1342.20
1342.45
1342.46
1342.56
1342.83
1343.36
1345.33
1345.40
1345.60
1346.26
1347.19
1348.01
1348.01
1348.30
1348.36
1349.15
1349.19
1350.62
1351.35
1351.67
1352.23
1353.58
1353.78
1353.93
1353.94
1354.15
1354.29
1354.79
1355.44
1355.50
1355.98
1356.82
1357.55
1357.60
1358.87
1358.95
1359.84
1360.46
1360.74
1360.85
1361.39
1361.92
1362.08
1362.08
1362.75
1362.95
1363.42
1363.45
1365.30
1365.52
1366.08
1367.96
1368.58
1368.63
1369.06
1369.23
1369.28
1369.58
1369.61
1370.49
1370.58
1371.28
1372.75
1372.78
1373.30
1373.60
1373.70
1374.86
1374.88
1374.89
1375.59
1377.00
1377.59
1377.82
1378.33
1378.56
1379.57
1379.72
1380.59
1380.97
1381.51
1381.92
1382.27
1382.50
1382.77
1383.16
1383.64
1383.68
1383.86
1384.74
1385.07
1385.18
1386.57
1387.40
1387.52
1387.58
1388.18
1388.69
1388.93
1389.22
1389.40
1389.77
1389.92
1390.36
1391.52
1393.08
1393.25
1393.76
1394.02
1394.47
1394.71
1394.98
1395.14
1396.00
1396.25
1396.51
1396.62
1397.27
1397.27
1397.39
1397.55
1398.32
1399.20
1400.19
1400.19
1401.28
1401.38
1401.61
1402.17
1403.25
1403.55
1403.98
1404.85
1405.93
1406.76
1407.23
1407.23
1408.18
1408.22
1408.36
1408.54
1409.53
1409.53
1409.82
1410.24
1410.56
1410.89
1411.79
1411.87
1411.87
1412.21
1412.89
1413.38
1413.44
1413.66
1413.84
1414.01
1414.16
1414.55
1414.73
1415.19
1415.25
1415.42
1415.45
1416.12
1416.64
1417.52
1417.52
1418.29
1419.22
1419.79
1419.91
1420.17
1420.30
1420.50
1420.87
1420.99
1421.14
1421.20
1421.20
1422.40
1422.85
1422.85
1423.44
1423.70
1424.41
1424.53
1424.53
1425.02
1425.73
1426.57
1426.58
1427.20
1427.41
1428.51
1428.67
1428.88
1428.88
1428.98
1429.08
1429.10
1429.42
1429.42
1429.50
1429.76
1429.86
1429.93
1431.42
1432.09
1432.16
1432.61
1432.92
1433.16
1435.31
1436.28
1436.29
1436.87
1437.01
1437.01
1437.05
1437.10
1437.13
1437.38
1437.75
1437.75
1438.11
1438.19
1438.61
1438.84
1439.00
1439.54
1439.57
1439.85
1440.63
1440.82
1441.20
1441.83
1442.02
1442.33
1442.54
1442.82
1443.08
1443.30
1445.30
1445.41
1446.07
1446.79
1447.35
1447.78
1448.46
1448.53
1448.54
1448.87
1449.11
1451.12
1451.29
1453.17
1453.22
1453.39
1453.65
1453.71
1453.76
1454.02
1454.50
1454.51
1454.64
1455.16
1456.29
1456.43
1457.60
1458.29
1458.97
1459.08
1459.35
1459.57
1459.95
1460.77
1460.87
1460.91
1461.18
1461.28
1461.33
1461.97
1462.92
1463.21
1463.86
1463.92
1464.86
1465.08
1465.08
1465.66
1466.57
1467.68
1467.84
1468.66
1469.40
1469.71
1469.82
1469.92
1469.98
1470.29
1470.32
1470.45
1471.59
1472.67
1473.84
1474.08
1474.22
1474.38
1474.81
1475.77
1475.77
1475.80
1475.82
1476.30
1476.66
1476.84
1476.95
1477.06
1477.40
1477.99
1478.77
1479.33
1479.93
1479.94
1481.48
1482.07
1482.09
1482.27
1482.51
1482.91
1482.91
1483.05
1483.97
1485.72
1486.09
1486.89
1487.25
1487.68
1487.99
1488.20
1488.95
1489.07
1489.26
1490.31
1490.79
1490.95
1491.52
1491.63
1492.21
1492.94
1493.57
1493.87
1494.02
1495.05
1495.43
1495.83
1495.94
1496.06
1496.14
1496.53
1497.09
1497.09
1497.26
1497.84
1498.23
1498.28
1498.41
1498.63
1498.75
1498.86
1499.41
1499.90
1500.50
1500.58
1500.73
1500.95
1501.77
1502.48
1502.63
1503.98
1504.25
1505.02
1505.48
1505.64
1505.74
1505.98
1507.19
1507.61
1507.97
1508.70
1509.70
1511.14
1513.00
1513.00
1513.13
1513.20
1514.12
1514.20
1516.20
1516.20
1517.87
1517.89
1517.97
1518.07
1518.07
1519.11
1519.20
1519.58
1519.96
1520.72
1521.33
1522.84
1522.94
1523.20
1523.95
1524.01
1524.04
1524.92
1525.27
1526.01
1526.02
1526.59
1526.97
1527.13
1527.21
1527.35
1527.68
1528.27
1528.44
1528.85
1529.58
1529.93
1529.98
1530.29
1530.47
1530.67
1531.47
1531.60
1531.65
1532.13
1532.53
1533.17
1533.27
1534.92
1535.05
1535.48
1535.56
1536.11
1541.02
1541.14
1543.71
1544.35
1544.78
1545.06
1545.16
1545.55
1545.97
1546.45
1546.85
1547.00
1547.66
1547.98
1548.33
1549.42
1549.63
1550.14
1550.71
1550.91
1550.99
1552.15
1552.25
1552.27
1553.68
1554.20
1554.30
1554.69
1554.71
1554.93
1555.41
1556.24
1556.39
1556.41
1556.64
1556.93
1556.95
1557.00
1557.86
1558.93
1559.00
1559.12
1559.15
1559.19
1559.51
1561.37
1561.57
1561.89
1562.09
1562.18
1562.57
1562.65
1562.73
1563.07
1563.07
1563.11
1563.88
1564.32
1564.49
1565.53
1566.34
1566.59
1566.71
1566.73
1567.20
1567.71
1567.78
1567.85
1568.60
1568.71
1569.53
1570.28
1571.14
1571.40
1571.65
1571.93
1572.11
1572.86
1572.95
1573.81
1574.34
1574.58
1576.05
1576.05
1576.13
1576.61
1577.02
1578.06
1578.08
1578.13
1578.79
1578.88
1579.36
1579.41
1579.50
1579.68
1579.68
1579.79
1579.91
1579.91
1581.65
1581.65
1581.77
1581.84
1581.91
1583.02
1584.79
1585.76
1586.00
1586.45
1586.64
1588.08
1588.51
1588.97
1589.06
1589.75
1590.26
1590.83
1592.54
1592.69
1593.02
1593.07
1593.50
1593.69
1593.99
1594.07
1595.59
1596.30
1596.33
1596.38
1596.56
1597.18
1597.28
1597.35
1600.05
1601.05
1601.26
1601.59
1602.46
1603.08
1604.38
1604.78
1606.33
1606.69
1607.34
1607.43
1609.58
1609.62
1611.38
1611.57
1611.88
1611.97
1612.16
1612.28
1613.58
1613.59
1613.93
1613.94
1615.17
1615.24
1615.69
1616.56
1616.76
1616.77
1617.19
1618.10
1618.44
1619.21
1619.31
1619.38
1621.05
1621.15
1621.57
1622.45
1625.46
1625.86
1626.27
1626.27
1626.76
1626.81
1627.52
1628.08
1628.36
1628.63
1628.78
1629.54
1629.67
1629.82
1630.60
1630.97
1631.84
1632.10
1632.29
1632.68
1633.00
1633.32
1634.27
1634.31
1634.36
1634.47
1634.75
1634.91
1635.87
1636.31
1637.57
1637.60
1637.85
1638.06
1638.08
1638.20
1638.54
1639.09
1639.23
1639.68
1641.31
1641.38
1641.81
1643.25
1645.51
1645.83
1645.99
1646.04
1646.13
1646.41
1646.56
1647.54
1647.73
1647.84
1648.07
1648.78
1648.87
1650.44
1650.73
1651.30
1651.73
1651.86
1652.89
1653.97
1654.61
1655.15
1655.72
1655.99
1656.24
1656.72
1656.78
1656.90
1657.62
1657.69
1658.82
1659.31
1660.22
1660.67
1660.78
1660.82
1660.83
1661.19
1661.25
1661.52
1661.70
1662.45
1662.63
1662.69
1664.36
1664.90
1664.99
1666.04
1668.33
1668.58
1668.67
1668.87
1668.89
1669.10
1669.36
1669.37
1669.81
1670.57
1670.84
1671.07
1671.60
1674.13
1674.38
1674.86
1675.80
1675.82
1676.83
1677.87
1677.98
1678.18
1678.21
1678.32
1679.19
1679.25
1679.63
1680.23
1680.70
1681.25
1682.28
1682.54
1682.74
1683.43
1684.23
1685.56
1685.98
1686.04
1686.09
1686.69
1686.82
1687.19
1688.10
1688.58
1688.96
1689.11
1689.65
1690.42
1691.46
1692.53
1692.98
1693.64
1693.68
1693.70
1694.16
1694.29
1694.43
1694.85
1694.95
1695.18
1695.51
1696.14
1696.17
1696.71
1696.91
1696.98
1697.00
1697.18
1697.31
1700.00
1700.99
1701.74
1702.98
1703.24
1703.46
1703.49
1703.64
1703.96
1704.19
1704.31
1705.01
1705.19
1705.34
1705.50
1705.98
1706.46
1706.69
1707.89
1708.00
1708.16
1708.18
1708.53
1708.74
1709.48
1710.51
1710.53
1710.55
1710.61
1711.77
1711.86
1712.14
1712.74
1713.57
1713.98
1714.39
1715.00
1716.33
1717.10
1717.36
1717.89
1718.69
1719.18
1719.29
1719.57
1720.33
1721.41
1721.52
1721.69
1722.23
1722.42
1723.20
1723.93
1724.11
1724.90
1724.93
1724.95
1725.12
1725.36
1725.42
1725.48
1725.49
1725.53
1725.94
1726.75
1727.62
1727.70
1728.05
1728.19
1728.50
1728.86
1729.20
1729.74
1731.54
1731.54
1732.72
1732.83
1733.00
1733.45
1733.65
1734.03
1734.03
1734.05
1734.35
1735.08
1735.55
1736.00
1736.39
1736.58
1736.90
1737.05
1737.09
1737.13
1738.46
1739.08
1739.69
1739.99
1740.48
1741.23
1741.27
1741.34
1742.17
1742.32
1742.40
1743.04
1743.53
1743.61
1743.79
1744.02
1744.74
1745.04
1745.08
1745.46
1746.95
1747.55
1747.72
1748.54
1748.63
1749.14
1749.33
1749.58
1749.96
1750.41
1750.96
1751.57
1751.87
1752.87
1753.23
1753.42
1753.46
1754.07
1754.13
1754.79
1755.02
1755.34
1756.18
1756.22
1757.55
1757.64
1757.66
1757.75
1759.03
1759.52
1761.28
1761.37
1761.89
1762.04
1762.15
1762.27
1762.86
1763.15
1763.45
1764.50
1765.00
1766.74
1766.85
1767.86
1768.17
1768.71
1769.80
1769.85
1770.08
1770.37
1770.45
1770.89
1772.25
1772.33
1772.56
1772.71
1772.94
1773.00
1773.25
1773.67
1774.53
1775.30
1776.13
1776.51
1777.07
1777.11
1777.30
1777.67
1777.88
1778.15
1778.24
1778.63
1778.80
1779.80
1779.88
1780.28
1780.42
1780.61
1780.76
1781.03
1781.38
1781.79
1781.81
1783.21
1784.16
1784.68
1784.78
1784.80
1785.07
1785.07
1785.88
1786.07
1786.36
1786.46
1786.71
1791.02
1791.49
1791.65
1792.93
1793.10
1793.66
1794.44
1795.00
1795.45
1795.86
1796.32
1796.63
1797.14
1797.55
1797.57
1798.68
1799.26
1800.68
1802.16
1803.57
1804.68
1804.82
1804.90
1804.99
1805.42
1805.83
1805.85
1806.36
1806.85
1807.18
1807.36
1808.43
1808.59
1808.61
1809.04
1809.35
1809.35
1809.55
1809.78
1810.29
1810.59
1810.98
1811.35
1811.53
1811.59
1811.72
1812.96
1813.19
1813.47
1813.67
1813.82
1814.33
1815.57
1816.18
1816.55
1817.02
1817.04
1817.55
1817.81
1820.88
1821.30
1821.49
1821.65
1822.24
1822.44
1822.73
1823.01
1824.02
1824.35
1824.39
1825.50
1826.07
1826.41
1826.60
1828.11
1828.17
1828.32
1828.90
1829.23
1829.67
1829.97
1831.17
1831.37
1831.89
1832.13
1832.13
1832.17
1832.25
1833.22
1833.57
1834.09
1834.17
1835.30
1835.84
1835.90
1836.81
1837.17
1837.19
1837.41
1837.59
1838.46
1839.14
1840.09
1840.55
1840.71
1840.97
1843.66
1844.14
1845.02
1845.22
1845.46
1845.46
1845.60
1845.70
1845.80
1845.84
1846.06
1846.35
1846.71
1847.21
1847.69
1848.39
1848.53
1849.19
1849.57
1849.61
1850.47
1851.36
1851.42
1851.76
1851.88
1852.00
1854.86
1855.33
1855.39
1855.91
1856.27
1857.21
1857.96
1858.12
1858.76
1858.76
1859.10
1859.83
1859.91
1859.97
1860.45
1861.18
1861.58
1862.43
1862.89
1862.97
1863.33
1863.37
1863.94
1864.08
1864.16
1864.50
1864.68
1864.91
1864.93
1866.08
1866.24
1866.36
1866.74
1867.33
1867.51
1868.36
1869.07
1869.80
1870.02
1870.36
1870.54
1870.61
1870.69
1870.83
1871.46
1871.58
1872.06
1872.20
1872.37
1872.75
1872.81
1872.87
1872.95
1876.24
1876.32
1876.40
1876.77
1877.01
1879.02
1879.69
1880.32
1880.37
1880.43
1880.45
1880.65
1881.22
1881.48
1883.40
1884.03
1884.34
1884.48
1884.62
1885.11
1885.25
1886.70
1886.83
1887.28
1887.66
1887.85
1888.93
1889.01
1889.09
1889.18
1889.34
1889.93
1891.00
1891.67
1891.85
1891.96
1892.02
1892.43
1892.76
1893.29
1894.25
1894.37
1895.19
1896.14
1896.77
1897.45
1897.57
1897.62
1897.74
1898.17
1898.29
1898.31
1898.48
1898.75
1900.35
1902.12
1902.38
1902.41
1904.07
1904.24
1905.89
1908.63
1908.94
1910.80
1910.95
1911.05
1911.53
1911.57
1911.57
1911.86
1912.33
1912.66
1913.18
1913.62
1913.82
1913.91
1914.51
1915.50
1915.62
1915.71
1916.25
1916.64
1917.20
1918.34
1918.38
1920.69
1920.92
1921.06
1921.23
1921.52
1921.54
1922.02
1922.10
1922.25
1923.62
1924.52
1924.66
1925.06
1925.58
1926.60
1927.60
1928.46
1929.44
1929.60
1930.23
1930.54
1931.19
1931.78
1932.55
1932.55
1933.01
1933.68
1933.97
1934.01
1934.31
1935.06
1935.06
1935.10
1935.50
1936.30
1936.48
1937.39
1937.45
1939.34
1939.40
1939.61
1939.76
1940.11
1940.30
1940.41
1941.84
1942.53
1942.95
1943.14
1943.35
1943.66
1943.73
1944.17
1944.27
1945.03
1945.56
1946.34
1947.16
1947.26
1948.06
1948.38
1948.53
1948.76
1948.84
1949.71
1950.09
1950.70
1951.21
1952.56
1953.70
1953.87
1954.44
1955.98
1956.20
1956.70
1957.34
1957.47
1958.53
1958.89
1958.93
1960.82
1961.01
1961.26
1961.52
1961.69
1961.90
1962.28
1962.36
1962.36
1962.39
1962.68
1963.09
1963.38
1963.55
1964.11
1964.32
1964.40
1964.60
1964.94
1966.32
1966.45
1966.68
1967.45
1967.49
1967.89
1968.23
1968.68
1969.30
1969.81
1970.43
1971.20
1971.60
1972.01
1972.13
1972.16
1972.26
1972.37
1974.48
1974.65
1974.93
1975.98
1976.47
1976.83
1978.18
1978.46
1979.38
1980.50
1980.50
1981.74
1983.13
1983.20
1983.63
1983.71
1984.51
1984.57
1984.59
1985.28
1985.88
1985.92
1986.76
1987.60
1987.90
1988.48
1988.50
1988.89
1988.91
1989.04
1989.37
1989.52
1990.16
1990.87
1990.94
1990.94
1991.00
1991.17
1992.04
1992.29
1992.40
1992.64
1992.92
1993.42
1993.93
1994.11
1994.11
1995.51
1995.68
1995.98
1996.63
1996.85
1998.15
1998.40
1998.71
1999.57
2003.02
2003.04
2003.10
2004.90
2005.23
2005.49
2005.64
2005.68
2005.92
2006.05
2006.62
2007.01
2009.57
2010.14
2010.38
2010.48
2011.05
2011.12
2011.14
2011.16
2012.05
2012.25
2012.53
2013.36
2013.62
2014.95
2015.19
2015.91
2016.19
2016.24
2016.58
2016.93
2017.00
2017.09
2017.17
2017.48
2018.03
2018.75
2018.88
2019.47
2020.45
2021.67
2022.20
2022.48
2022.55
2022.83
2023.34
2024.39
2024.61
2025.16
2026.91
2027.90
2028.71
2029.26
2029.35
2029.52
2029.98
2030.27
2031.17
2031.39
2031.72
2032.03
2032.11
2033.59
2033.59
2033.83
2033.90
2034.03
2034.16
2035.22
2035.37
2035.39
2036.98
2038.46
2039.43
2039.65
2040.04
2040.35
2041.19
2041.55
2042.41
2042.74
2042.83
2043.34
2043.56
2044.20
2044.55
2044.93
2047.39
2049.18
2050.13
2050.29
2050.31
2050.49
2050.67
2050.67
2050.96
2051.02
2051.09
2051.22
2051.42
2051.49
2051.53
2051.60
2052.29
2053.22
2054.15
2054.58
2054.75
2055.02
2055.42
2055.84
2057.11
2058.34
2058.47
2058.47
2059.00
2059.25
2059.38
2059.58
2059.63
2059.70
2059.85
2060.81
2061.32
2061.86
2062.66
2064.31
2065.10
2065.39
2065.45
2066.32
2066.95
2069.12
2069.30
2069.77
2069.95
2070.08
2071.29
2071.32
2071.90
2072.46
2072.50
2074.05
2075.22
2075.67
2075.67
2075.85
2075.98
2076.68
2077.15
2077.31
2078.14
2078.64
2079.67
2080.30
2081.04
2081.70
2082.17
2082.91
2083.39
2084.11
2085.08
2085.35
2085.51
2085.51
2085.75
2086.25
2086.63
2088.94
2090.09
2090.88
2091.68
2092.99
2093.44
2093.62
2093.87
2094.60
2094.62
2094.64
2094.98
2095.00
2095.30
2095.66
2096.25
2096.52
2097.52
2097.93
2098.38
2098.50
2098.52
2099.16
2099.41
2099.68
2101.00
2101.04
2101.52
2102.32
2102.63
2103.61
2103.80
2104.05
2105.46
2105.53
2105.89
2106.00
2106.73
2106.76
2107.28
2107.37
2107.49
2107.60
2107.76
2108.44
2108.70
2108.76
2109.24
2109.47
2109.49
2109.59
2109.65
2109.84
2110.70
2110.80
2112.28
2112.67
2112.94
2113.17
2113.22
2113.90
2113.99
2114.43
2114.43
2115.85
2116.10
2116.10
2116.15
2116.33
2116.54
2116.76
2116.99
2117.57
2117.75
2118.02
2118.12
2118.48
2118.64
2119.49
2119.86
2120.29
2121.14
2121.44
2121.83
2121.85
2123.21
2123.35
2123.53
2123.95
2123.99
2124.04
2124.15
2125.19
2126.75
2127.05
2127.99
2129.01
2129.19
2129.42
2130.23
2130.94
2131.08
2131.80
2131.82
2132.77
2132.81
2134.47
2134.61
2135.19
2136.69
2137.27
2137.82
2138.50
2140.19
2140.81
2141.69
2141.81
2142.27
2142.34
2143.62
2143.71
2144.31
2144.52
2144.71
2144.94
2145.43
2145.73
2149.14
2150.40
2150.77
2152.89
2153.89
2153.96
2154.68
2156.32
2158.32
2158.72
2158.77
2159.37
2159.66
2159.91
2160.47
2161.69
2162.55
2162.77
2162.88
2163.05
2163.26
2163.40
2163.47
2163.58
2164.57
2164.83
2165.20
2165.32
2165.79
2166.02
2166.40
2167.36
2168.06
2168.34
2168.44
2168.55
2168.60
2168.60
2168.69
2168.86
2170.41
2170.48
2170.55
2170.76
2171.51
2171.65
2171.86
2171.98
2172.05
2172.12
2172.92
2172.94
2173.91
2174.10
2174.78
2175.16
2175.34
2175.58
2177.16
2177.49
2177.49
2177.61
2177.96
2178.34
2179.07
2179.21
2179.49
2179.87
2181.28
2181.43
2182.42
2182.68
2184.05
2184.66
2185.13
2185.16
2185.49
2186.08
2186.17
2186.72
2187.19
2188.19
2188.35
2188.54
2189.25
2189.54
2191.24
2191.74
2192.07
2192.40
2192.55
2192.74
2192.81
2192.90
2193.09
2193.38
2193.66
2193.95
2195.42
2196.06
2196.08
2196.35
2197.06
2197.23
2198.91
2198.94
2199.70
2199.77
2200.46
2200.68
2200.75
2202.03
2202.03
2202.41
2202.72
2202.75
2203.46
2203.56
2203.70
2206.18
2206.80
2207.16
2207.35
2208.52
2209.81
2210.55
2211.08
2212.30
2213.59
2213.69
2213.74
2213.79
2214.05
2215.01
2215.20
2215.70
2215.75
2215.82
2216.40
2217.60
2217.72
2218.41
2218.87
2219.21
2219.25
2219.61
2219.93
2220.02
2220.38
2221.20
2221.25
2222.28
2223.94
2224.35
2224.49
2226.64
2226.90
2226.95
2227.26
2227.89
2227.94
2227.94
2229.43
2230.04
2230.33
2231.61
2231.78
2232.36
2232.57
2232.93
2233.76
2233.85
2234.00
2234.58
2234.65
2236.37
2237.43
2237.75
2237.80
2238.33
2238.40
2238.50
2238.72
2238.76
2238.93
2241.12
2241.84
2243.03
2244.08
2244.95
2246.87
2247.33
2249.55
2250.37
2251.49
2251.57
2252.08
2252.93
2253.54
2253.66
2254.13
2254.71
2256.13
2256.93
2256.98
2257.25
2258.42
2258.69
2259.06
2259.72
2260.60
2261.26
2263.07
2263.12
2263.54
2263.90
2264.17
2268.59
2269.05
2269.47
2269.54
2270.40
2270.77
2271.24
2273.06
2273.23
2275.40
2275.62
2276.43
2276.82
2278.08
2278.77
2279.73
2279.98
2280.40
2281.04
2281.21
2281.39
2281.76
2281.90
2282.77
2283.14
2284.08
2284.13
2285.26
2285.31
2287.10
2289.13
2289.65
2289.79
2290.31
2291.60
2292.62
2292.79
2292.94
2293.07
2293.27
2293.31
2293.49
2293.96
2294.28
2294.33
2294.90
2295.18
2295.18
2295.38
2296.37
2296.74
2296.92
2297.09
2297.64
2297.98
2299.40
2300.07
2300.80
2301.12
2301.24
2301.29
2301.77
2301.79
2302.94
2303.19
2306.13
2306.85
2306.85
2307.05
2307.38
2307.43
2307.98
2308.28
2308.78
2309.38
2309.40
2309.98
2309.98
2310.93
2311.00
2311.55
2311.80
2312.73
2312.78
2313.50
2314.35
2315.03
2315.28
2315.48
2315.81
2316.46
2316.66
2316.98
2317.81
2318.74
2318.86
2320.70
2321.68
2321.85
2322.15
2322.18
2322.43
2323.51
2323.66
2323.96
2324.27
2324.39
2324.42
2326.40
2327.08
2328.39
2328.87
2330.54
2331.97
2332.40
2332.48
2332.53
2332.68
2332.91
2332.98
2333.08
2333.18
2334.60
2334.65
2334.80
2337.15
2337.51
2338.26
2340.06
2340.34
2340.59
2342.14
2342.24
2342.39
2343.79
2344.62
2345.13
2345.66
2345.71
2347.01
2347.01
2348.99
2349.45
2349.98
2350.44
2350.54
2351.30
2351.53
2351.69
2351.86
2353.42
2353.95
2354.54
2354.59
2354.92
2355.15
2355.43
2356.09
2356.09
2357.42
2357.72
2358.44
2359.74
2360.76
2361.71
2362.22
2362.86
2363.68
2364.52
2364.85
2365.65
2366.85
2366.87
2367.00
2367.08
2367.16
2367.64
2369.33
2369.57
2369.74
2370.51
2371.13
2371.41
2371.54
2371.64
2372.00
2372.77
2373.11
2373.39
2374.06
2374.26
2374.49
2374.98
2375.29
2376.37
2376.47
2377.06
2377.27
2378.38
2378.48
2378.66
2379.53
2379.66
2381.03
2381.85
2381.93
2382.63
2383.42
2383.66
2384.30
2384.71
2384.87
2385.75
2385.95
2386.06
2387.30
2387.45
2388.59
2389.31
2390.11
2390.66
2390.97
2391.20
2391.41
2391.69
2391.74
2394.02
2394.98
2395.06
2395.24
2396.28
2396.35
2396.51
2396.54
2396.98
2397.08
2397.34
2397.52
2397.75
2398.33
2398.56
2398.71
2399.08
2399.08
2399.29
2399.49
2401.10
2401.99
2402.04
2402.45
2404.43
2404.51
2404.67
2406.38
2406.41
2407.24
2407.37
2407.87
2407.89
2408.21
2408.26
2408.73
2409.61
2410.29
2414.78
2415.43
2415.77
2415.96
2416.06
2416.14
2418.00
2418.36
2418.36
2418.44
2418.76
2418.78
2419.99
2420.54
2421.58
2422.11
2422.45
2427.46
2427.49
2429.14
2429.40
2430.04
2430.46
2432.43
2433.35
2434.64
2435.54
2436.33
2436.51
2436.67
2436.83
2436.96
2437.49
2438.86
2439.23
2439.94
2440.68
2440.89
2442.24
2442.40
2444.20
2444.22
2445.54
2448.80
2449.52
2449.94
2451.37
2452.94
2454.45
2454.45
2454.80
2455.51
2455.70
2455.94
2456.90
2458.49
2458.73
2458.78
2458.84
2460.89
2461.55
2462.59
2463.31
2463.63
2463.68
2463.92
2463.92
2464.00
2465.66
2466.11
2466.54
2466.70
2467.93
2467.95
2468.09
2468.19
2469.26
2469.26
2469.66
2470.41
2471.56
2471.72
2472.26
2472.39
2473.22
2474.10
2474.21
2474.40
2475.65
2477.10
2477.61
2478.04
2478.47
2478.90
2479.38
2480.32
2480.40
2481.18
2482.58
2482.84
2483.52
2485.02
2485.99
2486.37
2487.07
2487.71
2487.98
2488.06
2488.22
2488.90
2489.22
2489.43
2490.00
2490.32
2490.75
2490.75
2492.48
2493.29
2493.34
2493.67
2494.50
2495.18
2498.23
2498.66
2500.18
2500.69
2501.61
2502.80
2506.05
2506.57
2507.19
2507.74
2508.09
2508.63
2508.93
2509.42
2509.83
2510.59
2510.67
2511.54
2512.33
2512.52
2512.57
2513.74
2514.72
2514.75
2515.18
2515.37
2515.70
2515.89
2515.92
2517.14
2517.69
2519.38
2520.39
2521.53
2522.16
2522.27
2523.50
2524.83
2524.94
2525.13
2525.74
2525.93
2526.39
2526.47
2526.67
2527.16
2527.59
2529.48
2529.54
2531.10
2531.32
2532.60
2532.71
2533.23
2534.93
2535.15
2535.76
2536.94
2537.87
2538.67
2538.75
2538.97
2539.55
2539.77
2540.40
2541.39
2542.76
2543.23
2543.75
2544.88
2545.46
2545.93
2545.98
2546.51
2546.67
2546.67
2546.92
2547.94
2548.16
2549.13
2549.71
2551.86
2552.25
2554.59
2556.34
2556.89
2557.36
2557.44
2557.94
2561.68
2562.62
2563.18
2563.84
2564.79
2564.92
2565.45
2566.98
2567.45
2569.70
2570.23
2571.34
2571.68
2571.84
2572.29
2572.73
2572.79
2573.60
2573.74
2573.96
2576.52
2577.11
2578.56
2578.64
2579.26
2579.70
2583.05
2583.11
2583.14
2585.21
2585.24
2586.02
2586.16
2588.57
2589.83
2590.22
2590.61
2592.55
2592.63
2592.94
2593.47
2593.70
2594.37
2594.54
2595.61
2595.75
2596.17
2596.90
2596.93
2597.21
2597.49
2597.54
2598.58
2598.89
2599.06
2599.32
2600.24
2600.98
2601.54
2603.65
2603.73
2603.73
2603.99
2604.02
2605.43
2605.79
2606.53
2607.48
2609.94
2610.17
2610.48
2610.98
2611.83
2612.26
2613.44
2615.45
2615.76
2616.07
2616.56
2617.60
2618.57
2620.30
2620.41
2620.69
2621.54
2623.42
2623.50
2625.55
2625.72
2626.26
2627.25
2628.50
2630.01
2630.29
2630.32
2630.72
2631.09
2631.63
2631.97
2634.34
2635.76
2635.94
2635.94
2636.76
2637.28
2637.30
2637.56
2637.85
2638.19
2639.13
2639.45
2640.13
2640.93
2641.05
2641.73
2641.99
2642.22
2642.47
2643.93
2644.85
2645.22
2645.91
2646.19
2646.57
2647.00
2647.17
2648.23
2648.86
2649.14
2651.78
2651.87
2652.44
2652.70
2652.79
2653.99
2654.28
2656.44
2656.78
2657.21
2657.84
2658.39
2658.45
2662.19
2663.11
2663.49
2663.75
2665.01
2665.48
2666.54
2668.04
2670.04
2672.09
2672.26
2672.70
2674.84
2677.50
2678.43
2678.86
2679.38
2679.70
2680.22
2681.65
2681.65
2682.17
2682.60
2684.08
2685.01
2685.48
2686.82
2686.93
2688.65
2688.85
2689.93
2690.07
2690.48
2690.80
2692.69
2693.45
2693.74
2693.89
2695.73
2696.34
2696.46
2696.63
2696.78
2697.16
2697.97
2698.26
2699.26
2699.52
2699.78
2700.25
2700.31
2702.03
2703.93
2704.02
2704.05
2705.28
2705.34
2706.16
2706.19
2707.04
2707.30
2707.33
2709.03
2709.62
2709.85
2710.29
2710.99
2711.79
2712.23
2712.73
2713.99
2714.66
2715.99
2716.04
2716.10
2716.16
2716.78
2716.93
2716.93
2717.13
2718.40
2718.69
2718.95
2719.04
2720.75
2721.28
2721.57
2722.05
2722.13
2722.55
2722.99
2724.31
2724.84
2724.84
2725.29
2726.11
2726.64
2727.00
2728.21
2728.41
2730.13
2730.28
2731.28
2733.38
2734.77
2735.15
2736.46
2736.54
2737.08
2738.20
2738.97
2739.09
2739.69
2742.09
2743.99
2744.52
2745.09
2745.65
2746.75
2746.75
2747.64
2748.68
2750.56
2751.75
2752.22
2752.94
2755.26
2756.48
2756.93
2757.11
2757.23
2757.92
2757.95
2758.13
2758.63
2758.75
2759.41
2760.93
2761.44
2761.83
2762.70
2762.90
2763.08
2763.08
2763.71
2764.76
2765.09
2765.36
2765.99
2766.05
2767.03
2768.26
2769.88
2770.06
2770.33
2770.45
2770.84
2771.38
2771.44
2772.01
2772.22
2773.60
2775.04
2775.28
2775.79
2775.88
2776.42
2776.42
2776.48
2776.96
2777.29
2777.86
2778.07
2778.43
2778.52
2778.67
2779.91
2780.33
2780.75
2780.81
2780.84
2781.11
2781.44
2781.80
2783.40
2783.40
2783.49
2783.76
2783.91
2784.33
2785.69
2786.56
2787.23
2787.29
2787.83
2788.70
2789.79
2790.76
2791.21
2791.24
2793.90
2794.68
2794.99
2795.38
2795.83
2796.68
2796.98
2797.38
2797.53
2798.77
2799.16
2799.37
2799.50
2801.80
2802.19
2802.65
2802.71
2803.56
2804.86
2805.17
2805.26
2805.86
2806.38
2807.29
2807.75
2809.60
2810.91
2811.58
2811.67
2812.46
2813.19
2813.34
2814.26
2814.74
2814.80
2815.38
2817.42
2817.76
2818.89
2819.22
2820.23
2820.84
2821.48
2822.37
2825.06
2825.30
2825.54
2826.49
2826.95
2827.10
2828.11
2829.37
2830.84
2830.99
2830.99
2831.30
2832.52
2833.78
2833.84
2834.27
2834.45
2835.13
2835.87
2836.45
2837.40
2837.40
2837.89
2837.89
2838.54
2838.54
2838.69
2838.69
2840.96
2841.12
2841.67
2843.15
2844.07
2844.56
2845.49
2845.52
2845.64
2846.72
2848.17
2848.91
2852.45
2853.04
2853.53
2855.08
2856.19
2857.21
2857.30
2857.89
2858.01
2858.48
2859.41
2860.05
2861.51
2865.44
2865.60
2866.13
2868.08
2868.76
2869.66
2870.10
2870.47
2870.88
2871.53
2871.87
2871.99
2873.24
2874.11
2874.14
2875.66
2876.66
2876.69
2877.00
2877.37
2878.15
2878.34
2878.90
2882.61
2883.14
2883.76
2884.04
2885.67
2886.26
2888.14
2889.95
2893.92
2894.33
2894.36
2895.52
2897.65
2897.68
2897.71
2899.75
2900.10
2900.51
2901.67
2901.98
2902.36
2902.99
2904.43
2905.40
2905.47
2905.63
2906.25
2908.20
2909.75
2910.03
2910.12
2912.17
2912.93
2914.25
2914.41
2914.85
2915.77
2919.74
2921.04
2922.08
2922.40
2923.85
2924.77
2925.63
2926.67
2927.40
2927.78
2928.25
2928.57
2929.05
2929.55
2929.65
2930.12
2930.60
2931.65
2931.80
2931.93
2933.30
2934.34
2934.88
2936.44
2936.44
2936.44
2937.77
2938.06
2938.76
2938.98
2939.55
2940.35
2940.35
2941.37
2942.26
2943.25
2943.72
2943.76
2945.67
2945.70
2946.88
2947.87
2947.90
2948.57
2949.30
2949.56
2950.68
2951.51
2952.85
2953.17
2953.68
2953.84
2953.90
2955.34
2956.56
2957.07
2958.67
2958.76
2958.83
2959.05
2959.15
2960.14
2960.88
2961.45
2961.55
2962.22
2963.95
2965.37
2966.20
2968.58
2970.38
2970.63
2971.37
2971.53
2971.53
2971.53
2972.72
2972.95
2974.81
2975.97
2976.04
2976.65
2976.91
2977.10
2977.58
2978.00
2979.58
2981.48
2982.13
2982.23
2983.58
2984.45
2984.71
2985.16
2985.33
2986.59
2986.97
2988.75
2989.27
2990.66
2990.98
2992.41
2993.41
2993.57
2994.80
2995.71
2995.78
2996.94
2997.27
2998.83
3000.12
3000.22
3000.35
3000.45
3002.43
3002.46
3002.72
3003.40
3003.92
3005.06
3005.81
3007.05
3009.91
3011.02
3011.08
3011.28
3012.81
3013.56
3014.99
3015.32
3015.39
3015.45
3016.04
3016.53
3017.83
3019.66
3019.96
3020.45
3021.26
3022.02
3022.05
3022.90
3024.73
3024.80
3025.65
3026.17
3026.30
3026.60
3028.04
3030.37
3032.14
3032.99
3033.29
3033.58
3036.04
3037.00
3037.29
3040.71
3041.01
3042.49
3043.05
3045.65
3045.95
3048.22
3048.65
3049.24
3049.77
3051.52
3051.59
3051.98
3052.05
3052.25
3054.26
3054.36
3054.69
3055.35
3056.15
3058.33
3059.95
3060.95
3061.15
3062.50
3066.75
3068.84
3068.91
3072.66
3072.96
3075.29
3075.85
3078.38
3078.42
3079.32
3082.12
3084.68
3084.72
3085.32
3085.32
3085.45
3086.52
3088.43
3088.49
3088.79
3089.39
3089.59
3089.63
3090.50
3092.00
3092.44
3092.67
3093.11
3095.32
3095.45
3096.46
3096.52
3097.56
3097.56
3097.63
3098.26
3099.57
3100.78
3101.92
3102.53
3107.19
3107.43
3107.43
3108.47
3109.15
3110.73
3110.93
3112.28
3113.76
3116.86
3117.03
3118.38
3118.78
3119.93
3120.20
3121.35
3122.12
3122.53
3123.24
3123.85
3124.12
3127.67
3127.70
3129.53
3130.44
3130.61
3130.99
3132.51
3132.85
3133.05
3134.72
3135.36
3136.38
3136.68
3138.41
3141.06
3141.64
3141.81
3141.98
3144.81
3145.38
3145.49
3145.89
3146.06
3147.12
3147.66
3148.35
3148.69
3152.57
3153.90
3155.10
3155.99
3156.33
3156.74
3157.86
3158.45
3160.12
3161.11
3161.15
3161.76
3161.86
3162.51
3162.58
3162.93
3167.21
3168.37
3168.75
3169.40
3171.39
3172.45
3172.52
3172.97
3173.52
3174.79
3176.02
3178.64
3179.64
3180.67
3181.87
3182.60
3182.94
3183.18
3183.66
3185.01
3186.01
3186.39
3186.59
3186.63
3187.35
3187.63
3188.39
3188.42
3188.59
3189.04
3189.18
3189.70
3190.11
3190.87
3191.53
3192.11
3192.36
3192.49
3194.05
3194.08
3194.08
3194.53
3194.88
3196.02
3197.40
3197.51
3197.58
3197.85
3197.89
3198.72
3203.81
3204.19
3204.33
3205.09
3206.65
3210.19
3210.23
3210.89
3211.10
3211.55
3211.86
3212.07
3212.66
3212.90
3213.01
3213.49
3215.65
3216.59
3216.83
3216.94
3217.22
3217.88
3217.91
3218.23
3218.37
3218.89
3219.97
3220.18
3220.67
3220.84
3221.05
3222.20
3222.69
3224.47
3224.61
3224.74
3225.13
3225.20
3228.93
3229.21
3229.60
3229.98
3231.17
3232.43
3233.55
3234.88
3237.72
3237.82
3238.49
3238.63
3239.75
3239.89
3240.10
3240.69
3241.05
3242.10
3247.01
3247.29
3249.23
3249.40
3250.60
3250.98
3251.41
3252.22
3253.24
3253.94
3254.54
3255.53
3256.09
3257.46
3259.12
3264.41
3265.37
3265.44
3266.00
3266.11
3266.96
3266.99
3267.03
3268.48
3269.19
3270.07
3270.74
3272.12
3272.83
3273.36
3273.86
3275.03
3275.38
3275.66
3276.37
3276.48
3276.94
3276.98
3277.19
3277.22
3277.65
3277.97
3278.08
3279.64
3280.95
3280.99
3283.15
3283.22
3283.47
3284.04
3284.50
3285.78
3287.24
3287.56
3287.60
3288.20
3289.80
3290.48
3291.62
3292.33
3292.94
3293.79
3293.97
3296.36
3297.11
3299.25
3299.68
3300.10
3300.85
3303.18
3305.21
3305.29
3305.46
3306.90
3307.58
3308.76
3309.37
3310.69
3311.37
3311.77
3313.49
3313.59
3315.74
3315.82
3315.96
3317.47
3317.65
3319.59
3319.73
3320.23
3320.23
3320.23
3321.49
3321.89
3323.11
3323.43
3323.61
3324.58
3325.99
3329.91
3330.70
3331.28
3335.21
3335.21
3335.46
3335.90
3336.37
3338.39
3339.25
3339.83
3340.37
3340.41
3340.52
3340.70
3340.74
3342.04
3342.65
3342.72
3345.04
3348.88
3350.58
3352.11
3352.72
3352.98
3353.81
3356.75
3357.11
3357.44
3357.59
3358.49
3360.24
3361.80
3365.70
3366.46
3366.75
3366.75
3366.79
3368.21
3370.33
3372.15
3372.19
3372.33
3372.40
3373.24
3374.05
3374.41
3375.00
3375.03
3375.69
3375.76
3376.68
3377.22
3379.34
3380.66
3384.28
3385.13
3385.35
3385.49
3386.78
3387.29
3387.76
3387.84
3387.87
3388.94
3389.52
3389.71
3390.07
3390.66
3391.87
3393.16
3395.73
3395.95
3396.13
3396.24
3396.28
3397.75
3398.60
3398.71
3399.92
3401.76
3402.46
3402.86
3403.64
3405.37
3406.11
3408.17
3409.20
3410.68
3411.56
3415.07
3417.07
3417.22
3417.22
3417.81
3418.36
3419.40
3421.80
3422.21
3423.29
3424.99
3425.36
3426.36
3426.62
3426.99
3427.25
3427.40
3430.11
3430.33
3432.82
3440.37
3440.44
3441.07
3441.93
3442.67
3442.71
3443.61
3443.79
3445.32
3446.59
3447.63
3448.12
3448.49
3449.46
3450.36
3450.69
3450.69
3450.99
3451.92
3457.01
3457.12
3458.17
3458.54
3458.80
3460.60
3463.37
3463.45
3463.52
3463.90
3464.05
3464.38
3464.61
3466.93
3468.25
3469.26
3469.71
3470.12
3471.51
3472.41
3475.16
3477.38
3480.50
3480.54
3481.18
3482.65
3482.91
3483.44
3483.63
3484.72
3485.17
3488.12
3489.06
3489.14
3489.63
3489.82
3490.00
3490.19
3490.23
3491.36
3492.80
3493.48
3494.09
3495.07
3496.35
3496.92
3497.11
3501.84
3505.60
3505.82
3506.20
3506.74
3507.91
3508.44
3509.77
3509.92
3510.57
3511.52
3512.70
3514.83
3517.98
3518.90
3518.97
3519.96
3520.69
3521.18
3522.59
3523.81
3524.23
3526.41
3528.77
3529.61
3529.65
3530.91
3533.66
3534.24
3535.35
3535.65
3537.45
3538.02
3538.87
3540.40
3541.43
3543.08
3543.89
3545.11
3547.76
3548.07
3548.45
3548.84
3549.76
3550.41
3550.91
3550.99
3551.03
3551.37
3551.41
3551.72
3551.83
3552.22
3552.45
3552.72
3552.87
3553.06
3554.60
3556.52
3556.83
3557.10
3557.18
3557.26
3558.29
3559.83
3561.11
3561.57
3562.72
3562.99
3566.00
3566.93
3567.04
3568.74
3568.82
3569.36
3569.71
3571.45
3571.72
3572.18
3572.34
3572.72
3572.95
3573.73
3574.35
3576.01
3576.67
3577.29
3579.26
3582.83
3583.25
3583.56
3585.04
3586.05
3586.70
3586.98
3588.10
3588.22
3588.57
3589.19
3590.08
3592.03
3592.65
3592.96
3595.25
3595.84
3596.65
3597.16
3597.74
3598.17
3599.07
3599.14
3600.24
3600.31
3600.66
3603.04
3606.04
3610.53
3610.73
3611.74
3611.94
3613.15
3615.03
3615.97
3616.40
3617.26
3617.85
3618.16
3621.72
3622.04
3622.12
3622.55
3622.78
3623.61
3624.47
3625.02
3625.92
3626.04
3626.47
3626.51
3626.78
3627.53
3627.80
3630.16
3630.94
3631.38
3631.49
3632.40
3632.40
3632.44
3634.05
3634.44
3634.72
3634.76
3635.66
3635.98
3636.21
3637.83
3639.64
3640.03
3640.31
3640.86
3642.79
3645.04
3645.51
3646.06
3647.21
3649.30
3649.61
3650.17
3650.32
3653.45
3653.60
3654.55
3656.06
3657.84
3658.31
3659.97
3663.66
3665.28
3665.64
3665.92
3668.93
3669.21
3671.12
3671.20
3671.99
3672.03
3672.59
3673.38
3673.62
3674.22
3674.89
3677.24
3677.44
3677.44
3678.39
3679.63
3680.39
3680.94
3681.78
3682.06
3682.34
3682.38
3683.77
3683.77
3684.73
3685.73
3686.92
3687.64
3688.24
3688.44
3688.88
3689.32
3689.72
3690.95
3692.91
3695.27
3696.63
3697.43
3697.47
3698.75
3698.91
3700.19
3700.55
3701.11
3702.75
3704.60
3706.32
3706.36
3708.33
3708.97
3710.13
3710.33
3711.34
3712.86
3713.34
3713.34
3714.31
3716.20
3717.20
3721.15
3722.92
3723.28
3723.36
3724.05
3724.33
3725.26
3727.07
3727.31
3727.80
3728.44
3728.93
3729.01
3730.70
3731.23
3731.39
3731.47
3734.05
3735.67
3736.15
3737.04
3739.51
3740.81
3741.17
3742.55
3742.63
3742.79
3742.95
3743.07
3743.60
3745.91
3746.52
3746.60
3747.45
3747.49
3750.78
3753.17
3754.23
3755.08
3755.49
3758.17
3758.37
3760.85
3761.87
3761.95
3764.48
3765.21
3768.06
3768.27
3768.72
3768.80
3769.37
3770.23
3770.59
3770.84
3772.88
3775.65
3776.19
3776.35
3777.86
3778.47
3779.78
3784.16
3784.41
3784.69
3784.94
3785.14
3785.14
3785.27
3785.64
3786.66
3787.89
3788.38
3790.55
3790.92
3792.85
3792.89
3794.29
3796.55
3797.45
3797.86
3798.64
3800.78
3801.31
3801.73
3802.10
3802.14
3802.84
3803.17
3803.91
3805.88
3809.34
3809.96
3811.16
3811.82
3811.90
3812.81
3814.33
3814.42
3814.83
3815.53
3815.74
3816.36
3817.14
3818.30
3821.11
3821.23
3822.76
3822.97
3823.51
3823.88
3824.95
3825.04
3825.78
3826.24
3828.02
3828.72
3830.17
3833.03
3834.98
3835.65
3835.73
3837.31
3839.26
3840.09
3842.00
3842.29
3842.92
3843.00
3843.12
3844.46
3845.62
3845.99
3846.54
3847.74
3848.12
3848.62
3848.70
3849.66
3850.95
3851.16
3852.03
3852.87
3853.53
3854.53
3854.66
3854.74
3855.49
3856.04
3857.37
3858.54
3859.25
3863.09
3865.06
3865.81
3866.06
3866.27
3866.56
3866.69
3868.62
3868.82
3870.16
3870.25
3870.37
3870.42
3870.88
3871.04
3874.35
3874.98
3875.15
3877.04
3877.29
3877.54
3877.88
3877.96
3878.46
3879.30
3880.27
3881.74
3882.20
3882.37
3882.75
3882.83
3884.47
3885.60
3885.98
3887.54
3889.14
3889.18
3890.48
3891.28
3891.37
3895.16
3896.47
3897.44
3897.77
3898.41
3898.41
3899.29
3900.98
3901.36
3901.57
3901.66
3901.95
3904.19
3905.96
3906.81
3909.90
3911.00
3913.24
3915.06
3918.15
3918.32
3919.43
3921.17
3922.48
3926.17
3927.15
3928.94
3929.06
3929.19
3930.51
3931.45
3931.66
3932.30
3933.15
3935.23
3936.30
3937.62
3938.73
3940.52
3940.56
3942.27
3942.56
3943.42
3948.97
3949.22
3950.42
3950.51
3951.75
3951.96
3952.60
3953.33
3953.50
3953.76
3955.00
3955.13
3955.17
3956.45
3958.25
3958.46
3958.59
3958.85
3959.41
3959.66
3959.66
3959.75
3960.52
3962.79
3963.14
3965.54
3965.79
3965.97
3968.33
3968.59
3973.48
3974.43
3974.52
3976.71
3977.57
3979.29
3979.68
3981.40
3982.05
3982.26
3983.13
3983.73
3983.77
3984.16
3984.38
3985.45
3987.31
3988.56
3989.90
3990.03
3990.24
3992.44
3992.57
3992.70
3994.73
3995.69
3997.29
3997.29
3997.50
3998.89
4000.70
4000.88
4004.78
4005.90
4006.29
4006.42
4007.07
4008.11
4010.15
4010.28
4012.32
4013.41
4015.27
4018.23
4018.49
4018.66
4018.88
4020.27
4020.58
4020.80
4021.32
4021.84
4022.14
4022.19
4022.62
4023.93
4024.76
4024.89
4027.72
4027.89
4028.63
4030.77
4033.61
4034.22
4034.31
4034.39
4034.52
4034.74
4035.05
4036.27
4037.27
4037.62
4039.02
4040.25
4042.17
4042.83
4044.71
4045.36
4046.06
4047.03
4047.29
4050.93
4052.24
4053.34
4053.86
4055.88
4059.48
4060.10
4062.34
4064.27
4065.20
4066.38
4067.18
4068.19
4069.95
4073.52
4073.65
4074.36
4077.22
4077.97
4078.41
4078.50
4078.85
4080.18
4080.71
4080.84
4081.94
4088.71
4089.86
4091.01
4091.23
4091.32
4095.04
4099.74
4099.83
4101.29
4102.58
4102.71
4102.98
4105.60
4106.80
4107.69
4112.00
4112.98
4113.11
4115.83
4117.70
4117.74
4117.92
4118.41
4119.35
4119.70
4121.09
4121.40
4121.80
4123.27
4124.30
4125.68
4126.89
4129.70
4131.80
4131.93
4132.02
4132.25
4132.52
4136.54
4137.26
4138.15
4138.91
4140.75
4140.75
4140.93
4142.27
4142.41
4142.86
4144.29
4145.01
4146.71
4147.61
4149.00
4149.36
4150.26
4151.52
4152.06
4152.10
4153.23
4155.16
4158.13
4158.44
4158.71
4160.06
4160.15
4160.51
4164.38
4164.61
4166.91
4167.31
4171.42
4172.05
4172.59
4173.41
4175.03
4176.07
4177.20
4177.56
4179.73
4180.55
4183.53
4183.67
4183.89
4184.12
4187.06
4191.14
4193.23
4194.18
4194.59
4196.14
4199.09
4203.13
4203.91
4204.36
4207.18
4208.14
4208.82
4210.60
4210.83
4211.33
4212.06
4212.65
4213.24
4214.56
4215.43
4218.94
4220.72
4223.24
4223.60
4228.31
4228.40
4229.68
4230.42
4232.84
4234.03
4235.09
4236.10
4236.33
4238.71
4240.59
4241.05
4241.23
4241.74
4243.44
4245.69
4246.88
4247.11
4248.95
4250.24
4253.82
4255.39
4255.67
4255.76
4257.00
4257.28
4258.98
4258.98
4259.07
4261.20
4261.79
4262.90
4263.59
4264.15
4265.95
4266.09
4266.45
4267.61
4270.70
4271.90
4274.63
4275.23
4275.56
4277.69
4278.43
4281.81
4282.83
4282.97
4283.11
4283.75
4287.32
4290.80
4292.15
4292.29
4292.62
4295.03
4295.40
4296.75
4296.84
4299.87
4300.10
4301.36
4305.22
4310.07
4310.53
4310.67
4314.13
4314.73
4315.90
4317.77
4318.80
4321.70
4322.07
4323.29
4323.29
4332.75
4333.59
4333.82
4334.67
4337.06
4337.39
4338.47
4339.97
4340.35
4341.47
4343.35
4344.20
4346.50
4347.35
4354.32
4355.12
4356.11
4356.67
4360.68
4361.34
4361.72
4362.47
4363.32
4363.61
4366.77
4372.63
4373.06
4374.95
4375.57
4375.90
4376.33
4376.94
4377.51
4383.77
4385.24
4386.14
4387.52
4388.94
4389.27
4390.41
4390.51
4391.88
4398.73
4398.78
4399.88
4403.21
4403.69
4403.97
4406.88
4407.59
4408.02
4408.02
4409.60
4410.79
4412.17
4417.24
4419.53
4424.08
4424.36
4424.94
4425.94
4425.94
4426.71
4427.72
4430.74
4431.07
4434.38
4434.53
4434.57
4435.20
4436.64
4437.12
4438.13
4438.13
4441.15
4442.59
4442.88
4444.32
4446.63
4448.56
4449.28
4453.81
4459.40
4459.64
4461.28
4461.62
4465.97
4467.47
4467.71
4468.19
4470.46
4472.30
4472.30
4472.54
4473.80
4473.90
4474.87
4475.59
4475.64
4476.03
4480.29
4481.94
4482.14
4484.85
4485.43
4488.59
4488.83
4489.90
4492.38
4494.03
4495.15
4495.30
4497.29
4498.70
4500.70
4501.72
4501.82
4502.36
4504.21
4504.65
4505.67
4507.62
4507.77
4508.35
4510.40
4510.60
4510.89
4512.21
4513.13
4513.87
4514.26
4517.14
4521.35
4521.88
4522.42
4523.65
4526.14
4526.19
4527.22
4527.46
4527.71
4527.76
4528.54
4531.43
4534.28
4535.11
4539.09
4539.43
4541.59
4542.38
4544.40
4544.84
4545.43
4546.27
4547.05
4547.05
4550.45
4551.97
4557.69
4559.02
4560.11
4560.55
4562.43
4562.67
4563.51
4565.19
4565.34
4567.81
4569.84
4570.78
4573.35
4574.79
4576.32
4578.10
4579.24
4579.89
4584.05
4585.24
4586.73
4587.92
4591.05
4591.15
4591.25
4591.45
4591.75
4592.29
4592.84
4594.98
4596.32
4597.66
4601.05
4601.84
4604.38
4604.53
4604.88
4608.42
4608.47
4611.91
4612.36
4613.51
4618.90
4621.65
4622.20
4623.35
4624.65
4629.51
4630.61
4631.46
4631.56
4632.01
4632.31
4632.77
4633.57
4635.62
4635.62
4637.48
4638.03
4639.89
4639.99
4643.20
4645.16
4645.47
4647.12
4647.17
4648.18
4648.93
4651.15
4651.15
4654.52
4654.87
4654.92
4656.94
4659.36
4660.17
4660.57
4663.65
4664.00
4664.15
4665.51
4665.61
4665.77
4668.44
4669.35
4669.86
4670.87
4671.62
4672.08
4672.33
4672.89
4674.00
4677.85
4678.00
4681.04
4681.09
4682.25
4682.35
4682.45
4682.71
4682.76
4683.37
4683.47
4684.03
4688.69
4689.05
4690.57
4694.02
4697.53
4698.14
4698.39
4700.22
4700.53
4703.63
4703.98
4704.14
4708.47
4708.57
4710.50
4711.22
4712.29
4712.49
4713.05
4714.99
4717.59
4719.74
4720.81
4724.54
4725.46
4725.51
4726.48
4726.53
4728.32
4730.32
4730.47
4731.45
4733.34
4733.65
4734.47
4736.31
4736.36
4738.77
4739.08
4740.06
4743.08
4743.49
4748.99
4752.79
4756.96
4758.04
4758.91
4760.25
4764.89
4764.99
4765.25
4765.56
4768.30
4768.50
4769.95
4772.37
4773.56
4774.85
4775.47
4775.89
4776.40
4776.61
4777.75
4779.14
4780.02
4782.14
4783.69
4788.82
4789.34
4790.17
4790.79
4791.62
4794.26
4796.24
4800.18
4805.01
4805.07
4805.27
4808.45
4809.44
4810.06
4811.88
4815.48
4815.74
4819.12
4822.41
4822.62
4822.88
4823.09
4825.65
4826.22
4826.27
4826.90
4827.84
4828.62
4830.40
4830.40
4832.49
4833.69
4835.79
4839.40
4841.86
4844.16
4844.79
4845.89
4847.68
4849.46
4852.19
4853.24
4854.40
4855.18
4858.65
4858.81
4860.02
4861.49
4862.75
4864.33
4865.12
4868.28
4868.44
4869.70
4873.45
4875.13
4875.77
4876.08
4876.82
4877.83
4878.72
4880.68
4880.78
4887.49
4888.60
4889.56
4892.10
4892.94
4894.58
4897.29
4899.30
4900.04
4900.36
4900.52
4900.68
4902.80
4903.33
4905.51
4907.79
4908.90
4911.24
4913.16
4913.42
4917.14
4917.14
4917.73
4917.89
4922.31
4923.48
4923.53
4925.45
4928.38
4931.96
4932.28
4936.71
4940.82
4943.92
4944.51
4945.05
4954.04
4956.83
4958.76
4960.27
4962.90
4963.65
4964.78
4966.76
4966.76
4967.03
4967.95
4969.24
4969.40
4969.56
4970.26
4970.90
4971.71
4976.66
4976.99
4978.06
4979.25
4979.79
4983.29
4987.39
4991.17
4991.33
4991.65
4993.22
4995.44
4997.54
4998.41
5001.28
5002.14
5004.74
5005.77
5007.23
5007.45
5007.67
5013.74
5014.61
5014.93
5015.85
5016.72
5017.05
5018.35
5023.95
5024.44
5024.93
5025.41
5030.80
5038.15
5040.06
5040.39
5042.57
5042.79
5042.84
5046.01
5046.50
5046.88
5049.23
5049.34
5054.26
5057.54
5059.08
5059.95
5060.99
5063.89
5068.72
5070.64
5070.86
5072.72
5073.11
5074.76
5077.50
5081.46
5085.75
5086.35
5088.06
5088.23
5091.20
5092.03
5092.63
5092.85
5093.29
5097.76
5098.37
5099.19
5100.13
5102.84
5103.72
5105.27
5105.82
5108.30
5112.34
5115.00
5119.15
5120.09
5122.31
5129.41
5129.52
5130.24
5130.79
5130.79
5131.24
5133.63
5135.57
5136.90
5138.68
5140.18
5146.14
5146.47
5148.31
5151.43
5151.60
5151.88
5156.67
5161.86
5162.20
5162.87
5165.89
5166.67
5167.73
5168.79
5169.30
5170.58
5173.66
5174.22
5175.62
5178.14
5178.53
5185.37
5187.39
5189.42
5192.50
5193.18
5194.02
5195.43
5196.27
5196.66
5198.97
5199.08
5204.26
5204.77
5206.46
5208.65
5211.13
5211.64
5212.49
5213.39
5213.73
5219.88
5219.88
5220.33
5220.90
5220.95
5226.32
5228.08
5229.94
5230.62
5230.68
5234.02
5238.50
5239.40
5241.50
5243.26
5244.28
5247.57
5248.03
5249.39
5249.50
5259.39
5261.56
5263.66
5264.63
5269.65
5270.50
5272.84
5273.18
5274.95
5275.24
5276.61
5277.64
5282.49
5283.01
5283.18
5283.58
5284.49
5284.72
5289.81
5290.16
5291.59
5291.76
5293.53
5296.97
5298.12
5300.99
5306.15
5307.76
5308.62
5309.54
5315.29
5316.84
5317.41
5318.28
5318.51
5318.62
5321.44
5321.79
5323.98
5325.48
5326.51
5329.86
5334.07
5334.13
5334.41
5336.03
5336.09
5336.55
5338.05
5339.15
5340.54
5342.62
5345.74
5345.97
5346.43
5346.55
5347.01
5348.46
5352.68
5356.45
5362.42
5363.93
5364.92
5366.37
5366.66
5368.17
5370.09
5373.46
5373.81
5374.91
5376.07
5378.40
5378.81
5382.07
5386.38
5388.13
5389.18
5392.91
5395.89
5399.33
5404.42
5404.65
5406.47
5408.69
5410.85
5410.91
5411.03
5415.60
5417.77
5422.87
5423.28
5425.16
5425.63
5431.62
5433.74
5436.15
5437.38
5438.79
5442.44
5444.50
5445.04
5447.69
5448.39
5450.46
5450.93
5451.58
5453.35
5454.06
5458.13
5461.20
5463.74
5464.33
5465.87
5467.82
5468.95
5469.84
5471.73
5473.03
5476.05
5476.23
5477.24
5482.34
5482.63
5484.71
5485.24
5487.38
5487.92
5489.28
5491.72
5495.76
5499.57
5502.48
5505.82
5506.00
5506.18
5508.08
5508.20
5510.76
5512.08
5512.91
5513.21
5516.67
5517.33
5519.78
5522.10
5523.18
5527.37
5527.48
5528.32
5528.44
5529.82
5534.43
5534.79
5536.88
5537.54
5540.00
5540.48
5540.84
5543.12
5544.44
5549.30
5551.16
5551.70
5552.60
5557.53
5559.27
5560.66
5560.84
5561.44
5562.88
5567.04
5567.82
5568.30
5568.66
5569.09
5572.52
5572.58
5573.31
5578.86
5584.29
5585.02
5587.43
5590.52
5595.18
5595.36
5599.36
5601.11
5605.30
5607.48
5608.27
5612.94
5616.83
5620.30
5620.30
5620.97
5621.09
5627.66
5628.94
5633.33
5635.83
5636.19
5639.18
5639.91
5640.03
5640.34
5643.88
5646.26
5649.01
5650.85
5652.19
5653.72
5655.37
5655.49
5656.78
5661.43
5662.11
5663.09
5664.56
5664.80
5664.86
5675.42
5678.24
5681.01
5681.93
5683.40
5685.00
5688.70
5690.30
5690.85
5691.28
5691.71
5694.30
5697.32
5699.17
5701.76
5709.48
5711.21
5714.67
5715.10
5715.72
5719.86
5720.11
5726.37
5727.73
5728.29
5728.53
5730.08
5733.74
5741.63
5746.16
5747.35
5751.58
5754.31
5757.06
5766.16
5768.09
5768.28
5768.65
5770.84
5777.90
5784.28
5784.53
5785.40
5785.65
5786.91
5787.91
5798.69
5804.47
5809.30
5810.31
5811.50
5812.89
5829.96
5830.90
5831.79
5832.16
5834.06
5837.66
5838.23
5839.17
5843.03
5845.68
5845.68
5849.99
5850.37
5850.87
5859.11
5868.05
5869.26
5872.82
5875.68
5875.68
5878.67
5880.77
5881.47
5883.63
5885.60
5892.74
5894.46
5894.91
5895.86
5896.69
5899.18
5900.08
5900.78
5901.23
5901.67
5902.95
5903.59
5906.08
5907.74
5909.08
5909.72
5910.87
5913.69
5914.78
5917.27
5920.48
5920.67
5921.12
5921.50
5921.95
5925.09
5931.31
5931.63
5932.92
5933.43
5936.26
5936.38
5938.89
5941.01
5941.20
5949.57
5956.20
5959.23
5962.97
5971.56
5973.37
5974.98
5978.93
5981.13
5985.14
5986.37
5990.84
5991.36
5998.56
5999.34
6004.73
6006.29
6006.48
6006.94
6008.43
6012.92
6014.68
6018.91
6019.43
6021.45
6022.10
6028.16
6028.36
6028.36
6029.66
6030.25
6033.45
6035.93
6041.35
6042.01
6049.66
6050.64
6052.28
6053.26
6058.77
6061.59
6061.91
6064.28
6066.05
6070.32
6074.13
6074.65
6078.53
6079.39
6079.85
6083.79
6088.34
6088.60
6090.38
6090.78
6100.40
6101.46
6104.37
6104.76
6106.35
6109.72
6111.77
6114.02
6116.13
6121.10
6121.70
6121.83
6129.18
6130.11
6131.90
6131.90
6132.24
6132.24
6136.28
6138.54
6139.14
6142.53
6144.72
6150.64
6151.64
6153.11
6153.50
6158.90
6160.63
6161.03
6163.50
6165.10
6165.43
6169.37
6174.31
6174.51
6175.38
6177.72
6179.99
6184.61
6186.08
6187.82
6188.56
6189.90
6190.30
6193.25
6194.92
6199.15
6204.31
6206.73
6207.94
6209.75
6212.11
6212.71
6214.06
6217.35
6221.32
6222.87
6223.41
6225.97
6226.71
6235.47
6237.90
6242.83
6243.03
6250.81
6261.91
6262.65
6269.57
6270.72
6272.96
6286.69
6291.65
6292.13
6302.62
6302.90
6303.24
6308.76
6308.97
6310.95
6311.29
6320.99
6326.67
6326.88
6331.06
6332.56
6332.84
6336.20
6341.54
6342.71
6343.74
6356.25
6365.33
6367.05
6367.53
6368.22
6372.36
6373.05
6380.02
6388.17
6389.69
6392.11
6397.30
6397.64
6399.86
6400.14
6400.76
6402.56
6404.36
6404.43
6409.91
6411.92
6413.45
6421.78
6422.19
6424.28
6426.43
6435.06
6437.92
6444.61
6446.98
6449.00
6450.68
6452.98
6453.05
6454.17
6464.93
6466.54
6466.61
6467.66
6468.29
6468.85
6472.77
6474.45
6476.55
6478.66
6480.06
6480.13
6480.34
6480.90
6485.67
6486.02
6490.86
6490.93
6501.62
6501.62
6503.24
6505.21
6506.62
6506.90
6509.08
6510.63
6515.77
6521.84
6522.83
6523.11
6526.07
6527.13
6527.42
6529.96
6531.02
6531.30
6531.73
6534.34
6537.74
6548.14
6573.27
6574.62
6574.84
6578.89
6581.95
6588.37
6593.86
6597.07
6597.64
6600.35
6601.42
6602.50
6607.50
6608.43
6611.36
6612.50
6625.18
6628.26
6641.62
6644.71
6647.30
6651.47
6655.28
6655.36
6657.88
6661.12
6665.81
6666.09
6668.62
6672.59
6675.04
6677.28
6678.08
6678.80
6680.10
6682.05
6691.46
6695.51
6697.18
6697.61
6698.48
6699.28
6700.44
6704.29
6710.02
6712.70
6733.22
6736.35
6736.86
6737.37
6744.08
6751.53
6752.92
6754.60
6758.40
6760.08
6763.74
6765.06
6765.79
6768.06
6768.86
6777.95
6780.59
6783.53
6783.89
6789.62
6790.50
6794.18
6797.71
6809.19
6811.77
6815.01
6817.45
6823.94
6829.41
6829.78
6839.83
6841.31
6842.20
6842.28
6848.13
6853.91
6864.08
6866.68
6872.77
6877.31
6877.38
6882.00
6882.97
6888.48
6889.75
6890.05
6890.72
6891.24
6893.10
6895.04
6899.00
6906.17
6906.76
6908.26
6908.71
6909.08
6909.98
6912.15
6915.74
6917.83
6921.73
6922.18
6925.10
6929.67
6929.89
6930.79
6954.00
6958.82
6959.80
6960.18
6966.58
6967.71
6989.00
6993.32
7000.66
7003.77
7007.86
7011.65
7013.93
7015.37
7017.34
7018.25
7019.55
7021.14
7021.82
7022.66
7022.96
7025.55
7028.13
7033.00
7033.46
7036.12
7036.43
7036.88
7040.62
7050.22
7066.26
7066.49
7068.78
7070.69
7072.68
7077.58
7079.19
7084.86
7089.62
7090.08
7090.31
7094.45
7098.13
7098.44
7101.82
7104.82
7105.05
7107.66
7108.90
7110.28
7110.51
7114.13
7129.15
7135.56
7138.80
7145.37
7145.60
7147.92
7149.93
7153.49
7156.12
7158.52
7159.30
7168.52
7169.30
7169.53
7171.47
7178.77
7182.65
7185.53
7189.57
7192.37
7197.12
7199.07
7203.98
7206.47
7211.47
7212.25
7217.24
7218.26
7219.90
7220.76
7222.55
7230.14
7230.45
7232.25
7239.45
7248.78
7251.21
7254.74
7259.77
7269.91
7278.17
7279.98
7288.34
7293.15
7294.97
7298.83
7300.10
7301.68
7305.23
7307.37
7307.92
7312.11
7317.97
7320.66
7321.69
7323.67
7324.55
7325.02
7327.80
7334.30
7338.43
7344.70
7346.37
7346.77
7350.19
7352.97
7358.86
7359.98
7361.25
7366.59
7366.91
7367.70
7375.44
7375.84
7382.63
7383.82
7385.34
7395.26
7398.46
7400.78
7405.03
7412.88
7413.20
7414.73
7416.17
7418.26
7420.10
7421.15
7427.17
7430.95
7436.50
7438.11
7438.75
7440.12
7442.62
7443.99
7449.22
7456.32
7457.93
7458.50
7461.08
7462.13
7462.45
7484.69
7488.82
7491.09
7493.04
7494.01
7502.37
7506.51
7511.87
7512.36
7517.15
7522.04
7522.93
7525.13
7525.46
7527.00
7528.22
7532.71
7534.34
7542.25
7545.68
7548.37
7550.33
7550.66
7552.78
7553.52
7554.09
7558.67
7561.53
7564.31
7566.20
7569.23
7573.08
7575.78
7590.47
7597.70
7619.92
7620.17
7628.34
7629.16
7630.07
7635.94
7637.92
7638.42
7642.38
7652.81
7661.18
7662.09
7666.48
7667.64
7668.64
7676.19
7677.94
7678.02
7681.10
7681.26
7687.66
7698.99
7704.15
7705.15
7713.16
7713.24
7717.00
7720.34
7726.02
7731.88
7744.77
7750.22
7754.08
7758.94
7759.45
7759.78
7761.88
7763.40
7764.24
7768.27
7769.11
7778.19
7781.98
7783.08
7785.10
7787.03
7798.25
7799.18
7805.26
7805.76
7823.52
7838.18
7851.67
7851.93
7853.03
7853.71
7855.33
7861.96
7864.94
7868.77
7869.53
7889.82
7894.78
7910.51
7916.33
7918.73
7926.96
7929.79
7937.00
7946.97
7947.91
7948.26
7952.47
7952.82
7960.39
7961.17
7962.37
7968.84
7969.96
7977.98
7979.19
7979.36
7985.41
7985.93
7990.60
7996.56
8001.32
8006.17
8009.38
8014.75
8015.97
8032.55
8035.07
8039.51
8040.46
8041.33
8042.55
8050.74
8051.43
8061.54
8068.52
8078.66
8081.81
8082.68
8087.23
8088.63
8088.72
8089.94
8094.23
8100.01
8107.82
8109.40
8113.79
8127.93
8141.31
8142.90
8146.24
8155.50
8178.04
8180.07
8181.93
8203.92
8206.67
8208.27
8218.66
8224.00
8225.07
8229.52
8236.20
8238.34
8242.53
8247.97
8255.74
8256.01
8260.92
8264.32
8272.55
8273.18
8280.52
8283.92
8284.55
8297.11
8299.36
8305.10
8306.27
8308.16
8310.14
8324.90
8328.32
8329.49
8330.39
8342.03
8342.39
8357.12
8360.55
8366.62
8367.52
8368.43
8371.60
8372.23
8385.01
8386.74
8391.18
8392.82
8397.90
8398.72
8410.09
8415.73
8420.10
8429.86
8430.50
8430.59
8450.77
8452.87
8470.27
8501.03
8507.19
8509.31
8510.41
8512.62
8517.05
8525.81
8531.53
8537.53
8545.20
8546.96
8570.20
8571.03
8577.53
8577.71
8579.38
8587.46
8592.11
8592.20
8597.69
8601.04
8601.41
8623.31
8624.24
8634.14
8653.78
8654.62
8662.77
8665.21
8666.62
8666.90
8667.27
8671.96
8672.62
8689.72
8692.44
8693.57
8713.63
8729.58
8745.37
8748.20
8750.95
8754.26
8769.81
8783.58
8791.95
8799.56
8813.19
8813.57
8818.43
8819.01
8823.68
8823.97
8830.56
8835.05
8844.52
8845.09
8845.76
8850.55
8858.98
8880.86
8884.90
8885.09
8891.44
8897.02
8902.90
8907.13
8911.09
8914.17
8919.96
8924.50
8924.69
8948.77
8949.06
8951.48
8954.39
8956.91
8962.63
8977.77
8978.54
8985.64
8992.35
8992.54
8998.09
9004.42
9008.32
9019.05
9026.17
9029.49
9031.06
9036.73
9046.12
9050.62
9051.60
9052.09
9061.50
9067.38
9068.85
9072.49
9072.58
9078.57
9081.03
9082.21
9086.93
9098.44
9105.73
9112.92
9113.51
9121.01
9121.40
9147.40
9168.40
9170.98
9174.36
9180.12
9192.04
9202.79
9205.18
9205.28
9214.55
9221.73
9223.72
9253.91
9255.51
9263.83
9267.54
9283.10
9285.20
9289.32
9301.29
9305.02
9306.83
9309.65
9310.15
9321.44
9324.06
9324.17
9324.97
9339.82
9350.74
9356.81
9358.53
9361.97
9379.11
9381.04
9385.10
9390.07
9396.38
9431.92
9436.31
9443.46
9453.38
9460.13
9467.81
9473.86
9481.55
9483.50
9509.60
9510.01
9514.02
9520.51
9529.27
9537.21
9577.85
9581.79
9590.71
9590.92
9599.64
9600.47
9615.23
9622.20
9634.81
9635.75
9636.90
9639.29
9643.36
9644.20
9649.31
9657.14
9678.06
9685.08
9688.23
9708.27
9714.47
9737.62
9740.36
9760.30
9763.89
9765.05
9775.62
9781.55
9790.23
9802.74
9807.30
9809.63
9828.44
9836.42
9839.82
9853.03
9857.83
9895.24
9899.30
9902.73
9906.91
9913.88
9918.17
9924.83
9932.99
9940.63
9947.41
9954.83
9970.25
9975.75
9977.59
9986.77
10025.42
10077.62
10090.28
10106.56
10135.14
10137.33
10139.85
10144.68
10146.00
10147.76
10169.96
10177.44
10193.98
10195.85
10197.28
10208.99
10210.64
10227.89
10251.82
10286.38
10291.05
10294.06
10314.58
10319.82
10328.09
10345.42
10350.91
10360.21
10368.84
10368.84
10371.54
10376.81
10379.84
10385.24
10387.48
10390.86
10415.62
10416.18
10418.33
10418.44
10425.54
10452.31
10455.82
10458.65
10466.34
10476.09
10480.28
10501.17
10509.58
10510.15
10511.97
10519.59
10522.44
10522.66
10526.08
10528.59
10551.85
10566.47
10616.67
10618.85
10619.88
10626.90
10636.67
10649.46
10652.57
10659.14
10661.56
10677.15
10680.84
10686.85
10717.42
10719.16
10731.81
10741.45
10750.52
10759.48
10768.10
10773.58
10780.93
10795.75
10853.84
10858.89
10862.07
10873.47
10887.83
10901.15
10920.75
10938.25
10945.71
10948.91
10958.27
10970.85
11014.38
11017.72
11018.67
11023.80
11029.29
11039.67
11059.76
11084.20
11109.17
11125.05
11142.51
11146.61
11149.87
11153.01
11154.09
11160.85
11161.34
11175.60
11176.44
11185.03
11192.42
11193.99
11194.23
11199.20
11204.90
11222.61
11229.90
11242.18
11250.33
11283.73
11293.02
11295.09
11306.46
11318.70
11347.64
11379.86
11387.74
11405.62
11409.69
11416.11
11430.33
11430.58
11433.92
11434.04
11438.99
11440.47
11458.81
11516.61
11552.80
11559.55
11561.30
11562.55
11564.05
11571.56
11587.35
11607.43
11609.94
11614.34
11630.68
11639.50
11675.44
11679.61
11710.74
11743.10
11743.35
11757.72
11769.30
11777.45
11781.91
11806.67
11815.36
11817.79
11834.94
11835.58
11847.75
11858.39
11871.10
11905.06
11939.50
11958.25
11961.74
11984.02
11990.90
11996.61
12007.51
12098.93
12103.52
12116.49
12123.70
12131.70
12146.41
12151.15
12160.09
12162.46
12170.36
12185.51
12344.89
12358.79
12368.95
12411.72
12433.22
12501.08
12512.58
12521.11
12602.80
12607.02
12608.52
12617.53
12627.64
12636.38
12647.19
12652.25
12652.94
12689.68
12716.07
12718.82
12732.45
12744.58
12804.71
12894.94
12898.15
12902.89
12924.97
12926.93
12962.36
13007.74
13035.36
13099.69
13099.69
13157.79
13184.87
13207.85
13237.90
13262.27
13269.45
13319.65
13395.67
13415.83
13521.04
13537.73
13564.71
13599.68
13656.75
13659.56
13684.85
13706.49
13734.99
13767.87
13820.56
13898.54
13903.50
13909.07
13942.67
13950.67
13989.97
13998.29
14029.53
14047.30
14139.10
14208.11
14236.57
14326.20
14454.18
14459.03
14480.95
14490.66
14518.13
14525.04
14538.72
14571.00
14587.09
14671.94
14712.95
14799.64
14800.29
14810.70
14959.02
14960.48
14985.11
14995.16
15106.88
15150.25
15194.90
15217.61
15317.38
15395.98
15442.69
15450.88
15488.87
15575.09
15642.64
15657.20
15675.85
15691.12
15703.69
15732.26
15748.61
15762.08
15836.78
15940.96
15971.52
15974.45
16005.42
16008.89
16028.99
16051.21
16223.01
16347.23
16347.76
16349.00
16391.69
16682.80
16712.43
16734.86
16783.10
16792.72
16845.86
16847.87
16992.68
17038.52
17073.21
17113.53
17160.07
17168.06
17211.95
17254.09
17257.64
17394.49
17414.26
17466.53
17477.31
17693.64
17718.16
17801.17
17859.05
17903.16
17914.40
18021.52
18044.15
18076.78
18139.68
18151.46
18341.37
18342.17
18456.44
18493.62
18538.90
18594.34
18831.02
18865.89
18941.37
18968.64
18994.73
19086.20
19252.95
19628.19
19632.44
19635.63
19748.12
20140.20
20226.03
20275.98
20524.52
20538.96
20686.60
20851.54
20964.20
20991.43
21061.28
21157.43
21199.60
21283.02
21348.06
21441.12
21540.41
21566.99
21692.66
22830.51
23373.39
23463.34
23683.20
23872.03
24013.74
24139.30
24186.36
24231.93
24322.82
24426.99
24506.94
24834.73
25106.52
26603.30
27065.51
27575.11
28056.03
29754.39
34286.38
34609.15
