10.49
10.63
10.66
11.66
12.69
13.21
13.31
13.49
14.96
15.29
16.07
17.66
18.58
18.84
20.95
21.15
21.26
21.43
21.74
22.91
23.07
23.50
23.52
24.79
25.26
26.67
27.26
27.28
27.54
27.67
27.74
27.76
27.88
27.98
27.98
28.00
28.64
28.67
28.80
29.06
29.86
29.97
30.16
30.49
30.83
30.90
31.15
31.35
31.49
32.14
32.28
32.76
32.89
33.19
33.33
33.40
33.57
33.57
33.89
34.13
34.16
34.50
34.59
35.19
35.25
35.31
35.39
35.41
35.61
35.85
36.51
36.57
36.87
36.88
37.11
37.28
37.30
37.47
37.70
37.83
37.97
38.03
38.08
38.33
38.39
38.85
38.90
39.29
39.44
39.68
39.74
39.76
40.08
40.20
40.39
40.49
40.86
40.87
41.51
41.66
41.93
42.02
42.65
43.31
43.32
43.59
44.36
44.67
44.75
45.17
45.29
45.73
46.03
46.39
46.42
46.59
46.65
46.86
47.11
47.27
47.43
47.53
47.58
47.76
48.00
48.82
48.91
49.07
49.13
49.16
49.38
49.74
49.84
50.21
50.62
50.73
51.09
51.13
51.77
51.96
52.03
52.29
52.59
52.82
52.83
52.96
52.97
53.03
53.28
53.29
53.45
53.64
54.02
54.24
54.85
55.28
55.38
55.65
55.83
55.86
55.94
55.98
56.02
56.04
56.39
56.45
56.73
56.79
56.82
56.86
56.96
57.03
57.18
57.31
57.34
57.44
57.59
57.92
58.07
58.94
59.48
59.49
59.54
59.58
59.72
60.45
60.46
60.66
60.69
60.73
60.73
60.91
60.96
60.97
61.06
61.08
61.29
61.54
61.73
62.14
62.22
62.25
62.33
62.35
62.57
62.60
62.77
62.83
62.85
63.11
63.11
63.14
63.32
63.32
63.36
63.37
63.46
63.79
64.28
64.79
64.84
65.03
65.26
65.28
65.52
65.68
65.68
65.85
65.99
66.01
66.07
67.52
67.61
67.63
68.03
68.59
68.63
68.83
68.91
69.04
69.16
69.24
69.54
70.07
70.36
70.67
70.69
70.86
71.03
71.41
71.48
71.83
71.83
72.08
72.16
72.37
72.44
72.78
72.80
72.92
72.93
73.16
73.49
74.03
74.07
74.35
74.38
74.51
74.61
74.75
74.86
74.90
74.98
75.48
75.99
76.22
76.34
76.42
76.49
76.61
76.69
76.69
76.80
77.15
77.20
77.62
77.63
77.78
77.83
78.15
78.55
78.59
78.80
78.92
79.18
79.21
79.23
79.24
79.34
80.25
80.33
80.71
80.79
80.88
80.94
80.96
81.13
81.55
81.56
81.57
81.67
81.80
81.82
81.96
82.20
82.25
82.44
82.47
82.71
82.86
83.20
83.20
83.27
83.39
84.07
84.14
84.28
84.40
84.42
84.56
84.57
84.86
85.12
85.35
85.42
85.58
85.92
86.04
86.15
86.49
86.71
86.96
87.38
87.59
87.67
87.69
87.73
87.81
87.92
88.12
88.27
88.33
88.55
88.67
89.06
89.48
89.49
89.72
90.32
90.51
90.52
90.77
90.84
91.04
91.06
91.35
91.38
91.40
91.61
91.94
91.97
91.98
92.04
92.23
92.40
92.57
92.63
92.67
92.92
93.29
93.43
93.46
93.57
93.76
94.40
94.51
95.11
95.25
95.35
95.37
95.42
95.51
95.71
95.93
96.15
96.25
96.29
96.39
96.51
96.52
96.71
97.08
97.21
97.25
97.39
97.45
97.99
98.39
98.69
98.88
98.96
98.98
99.44
99.95
100.00
100.04
100.19
100.33
100.53
100.59
100.66
100.86
100.99
101.08
101.17
101.22
101.24
102.02
102.11
102.23
102.36
102.38
102.47
103.01
103.22
103.35
103.46
103.76
103.80
103.81
103.82
103.94
103.94
104.03
104.06
104.14
104.17
104.55
104.55
105.01
105.04
105.10
105.12
105.15
105.19
105.32
105.65
105.87
106.69
106.70
106.90
106.94
106.98
107.22
107.33
107.40
107.65
107.73
107.80
108.00
108.12
108.17
108.29
108.45
108.60
108.65
108.83
108.85
108.96
109.45
109.46
109.63
110.01
110.11
110.25
110.54
110.55
110.62
110.64
110.65
110.70
110.77
110.85
110.98
111.00
111.22
111.34
111.42
111.50
111.54
111.58
111.64
112.55
112.67
112.74
112.82
112.90
112.95
113.10
113.16
113.77
113.79
113.81
113.84
113.93
114.35
114.68
114.76
114.84
114.86
114.96
115.01
115.13
115.16
115.21
115.22
115.38
115.40
115.83
115.95
116.62
116.77
116.89
117.11
117.30
117.30
117.48
117.85
117.99
118.06
118.10
118.11
118.28
118.46
118.65
119.02
119.18
119.21
119.23
119.57
119.67
119.92
119.94
120.15
120.25
120.28
120.36
120.70
120.93
121.35
121.73
121.86
122.42
122.64
123.00
123.15
123.15
123.25
123.41
123.46
123.48
123.53
123.64
123.92
124.08
124.49
124.52
124.56
124.78
125.11
125.35
125.46
125.49
125.67
125.95
126.74
126.82
126.83
127.04
127.60
128.13
128.16
128.70
128.74
128.93
129.13
129.18
129.28
129.43
129.46
129.64
129.76
129.78
129.88
130.18
130.20
130.32
130.35
130.41
130.47
130.49
130.85
131.07
131.24
131.77
131.85
132.10
132.28
132.53
132.87
133.04
133.04
133.19
133.69
133.95
134.07
134.07
134.13
134.32
134.51
134.55
134.89
135.08
135.22
135.45
135.93
135.97
136.05
136.13
136.46
137.36
137.61
137.89
138.04
138.17
138.30
138.33
138.54
138.99
139.22
139.62
139.67
139.69
139.75
139.80
140.06
140.08
140.10
140.82
140.84
140.89
141.22
141.42
141.64
141.67
141.79
142.12
142.13
142.48
142.58
142.64
142.77
142.91
142.91
143.09
143.44
143.71
143.81
144.20
144.37
144.55
144.69
144.72
144.82
144.96
145.18
145.22
145.36
145.44
146.24
146.45
147.00
147.00
147.47
147.50
147.53
147.69
147.78
148.34
148.41
148.65
148.66
149.04
149.30
149.84
149.99
150.29
150.46
150.52
150.76
150.97
151.15
151.19
151.25
151.48
151.73
151.79
151.87
151.88
151.90
151.95
152.63
152.80
152.87
153.55
153.79
154.02
154.22
154.24
154.28
154.44
154.55
154.56
154.86
154.89
154.91
154.98
155.78
155.95
156.03
156.21
156.31
156.90
157.59
157.69
157.77
157.83
157.89
158.11
158.14
158.34
158.39
158.50
158.52
158.92
159.10
159.37
159.53
159.89
159.94
160.72
161.11
161.17
161.28
161.63
161.65
161.66
161.77
161.90
162.27
162.33
162.46
162.49
162.50
163.06
163.26
163.96
163.99
163.99
164.04
164.08
164.18
164.38
164.69
164.94
165.00
165.42
165.44
166.38
166.73
166.77
166.85
166.98
167.04
167.08
167.15
167.41
167.53
167.68
167.75
167.85
168.23
168.62
168.88
168.91
169.11
169.41
169.44
169.66
170.48
170.50
170.58
170.61
170.61
171.08
171.12
171.17
171.33
171.53
171.63
171.69
172.15
172.31
172.74
173.12
173.27
173.52
173.62
173.97
174.52
174.76
175.29
175.51
175.70
175.97
175.98
176.06
176.28
176.52
176.96
177.46
177.48
177.58
177.60
177.90
178.05
178.15
178.16
178.39
179.08
179.19
179.53
179.78
180.06
180.11
180.16
180.42
180.58
180.71
181.01
181.14
181.19
181.19
181.22
181.54
181.60
181.82
181.89
181.89
182.37
182.72
183.11
183.34
183.38
183.71
183.89
183.98
185.13
185.44
185.79
186.45
186.48
186.75
187.24
187.29
187.81
187.94
188.12
188.14
188.21
188.28
188.33
188.39
188.61
188.70
189.38
189.44
189.67
190.30
190.53
190.68
190.77
190.94
191.06
191.90
191.98
191.98
192.61
193.09
193.16
193.85
193.95
195.01
195.56
195.89
195.93
196.29
196.36
196.58
196.63
196.84
197.05
197.11
197.36
197.39
197.51
197.62
197.89
198.13
198.28
198.30
198.69
198.95
199.10
199.12
199.66
199.74
199.77
200.19
200.25
200.37
200.57
200.68
201.45
201.50
201.85
202.03
202.18
202.43
202.56
202.63
202.63
203.00
203.07
203.21
203.24
203.41
203.45
203.92
203.92
204.02
204.12
204.50
204.83
204.87
204.88
204.93
205.24
205.42
205.44
205.81
206.50
206.58
206.66
206.76
207.09
208.50
208.52
208.96
209.30
209.37
209.38
209.42
209.66
209.99
210.10
210.17
210.38
210.38
210.51
210.63
210.65
211.17
211.75
212.26
212.57
212.75
212.83
213.32
213.83
214.17
214.18
214.27
214.40
214.42
214.51
214.79
214.79
215.09
215.36
215.84
215.90
216.25
217.07
217.09
217.34
217.43
217.60
217.67
217.94
218.21
218.79
219.14
219.33
219.95
220.35
220.43
220.44
220.58
220.59
220.72
220.87
220.93
221.30
222.46
222.72
222.85
222.89
223.22
223.29
223.67
223.68
223.90
224.04
224.85
225.19
226.26
226.55
227.02
227.35
227.40
227.59
227.88
227.96
228.17
228.45
228.53
228.54
228.63
228.68
229.23
229.45
229.48
229.48
230.30
230.77
230.99
231.31
231.46
231.93
231.99
232.42
232.42
232.45
232.89
233.48
233.69
233.73
233.92
233.96
234.25
234.55
234.73
234.76
235.18
235.48
235.76
235.99
236.06
236.10
236.16
236.46
236.56
236.59
236.77
236.91
236.98
237.06
237.17
237.26
237.49
237.82
237.91
237.93
238.14
238.27
238.33
238.39
238.46
238.55
238.79
238.91
239.74
240.11
240.15
240.52
240.74
240.98
240.99
241.05
241.37
241.88
241.93
242.15
242.18
242.23
242.34
242.35
242.80
243.19
243.20
243.23
243.63
243.70
244.35
244.40
244.47
244.50
244.53
244.68
244.78
244.93
244.96
245.67
245.73
245.75
245.78
246.27
246.32
246.41
246.47
247.16
247.30
247.39
247.80
248.13
248.78
248.99
249.09
249.15
249.15
249.84
249.97
250.17
250.44
250.91
250.95
251.03
251.51
251.96
252.47
252.98
253.04
253.06
253.08
253.13
253.15
253.65
253.91
254.36
254.37
254.43
254.85
254.87
255.24
255.39
255.49
255.71
255.76
255.87
256.11
256.56
256.69
256.79
257.09
257.10
257.17
257.54
257.57
258.09
258.11
258.12
258.17
258.66
258.94
259.19
259.27
259.31
259.34
259.46
259.48
259.52
259.88
260.00
260.16
260.32
260.41
260.47
260.58
260.75
261.29
261.35
261.67
262.12
262.55
262.57
262.71
262.81
263.06
263.42
263.55
263.82
264.03
264.45
264.57
264.90
265.09
265.22
265.25
265.59
265.67
266.30
266.32
266.40
267.33
268.16
268.56
269.00
270.15
270.21
270.28
270.74
270.98
271.41
271.43
272.04
272.13
272.71
273.69
273.83
273.84
273.96
274.49
274.96
274.97
275.78
275.96
276.07
277.07
277.20
277.21
277.54
277.68
277.73
277.91
278.07
278.20
278.53
278.73
278.79
279.20
279.29
279.97
280.22
280.55
280.75
281.24
281.54
281.57
281.96
282.07
282.39
282.46
282.53
282.80
282.92
283.00
283.36
283.46
283.85
283.86
284.49
285.00
285.01
285.80
286.06
286.42
286.48
286.58
286.79
287.29
287.29
287.32
287.49
287.55
287.80
287.91
288.06
288.14
288.24
289.27
289.33
289.62
289.91
289.98
290.35
290.62
291.12
291.65
292.06
292.15
292.83
292.87
293.07
293.24
293.62
294.10
294.12
294.49
294.60
295.13
295.56
296.22
296.43
296.89
296.98
297.05
297.30
297.77
297.78
298.37
298.74
298.76
298.96
299.34
299.54
299.65
300.16
300.75
300.81
301.01
301.14
301.27
301.53
301.79
301.94
301.97
302.27
302.42
302.44
302.83
302.87
302.90
302.99
303.10
303.35
303.76
304.27
304.39
304.51
304.66
304.76
304.93
305.77
305.80
306.47
306.89
307.05
307.18
307.19
307.28
307.35
307.67
307.80
307.94
309.66
309.71
309.73
309.83
310.35
310.47
310.84
311.02
311.37
311.44
311.50
311.61
311.64
311.77
311.96
312.16
312.16
312.54
312.86
312.92
313.30
313.51
313.84
313.86
314.02
314.05
314.06
314.53
314.66
314.95
315.12
315.70
316.29
316.38
317.06
317.95
318.06
318.09
318.09
318.23
318.56
318.79
318.91
319.13
319.15
319.24
319.68
320.10
321.06
321.10
321.22
321.28
321.44
321.51
321.60
322.07
322.20
322.38
322.56
322.70
324.18
324.47
324.65
325.16
325.17
325.18
325.35
326.11
326.59
327.14
327.24
327.27
327.31
327.32
327.61
328.15
328.16
328.41
328.67
328.95
329.45
330.75
331.06
331.08
331.40
331.52
331.89
332.03
332.10
332.27
332.35
332.42
332.42
332.99
333.22
333.30
333.47
333.87
334.00
334.17
334.26
334.41
334.57
334.92
335.22
335.26
335.35
335.58
336.40
336.40
336.51
337.37
337.83
338.72
339.21
339.30
339.33
340.01
340.06
340.24
340.42
340.96
341.34
341.39
341.40
341.56
342.03
342.09
342.17
342.19
343.23
343.72
344.19
344.36
344.41
344.44
344.62
344.64
345.06
345.17
345.17
345.52
345.62
345.83
346.33
346.41
346.47
346.49
346.88
346.91
346.99
347.06
347.10
347.12
347.62
347.66
347.73
347.79
348.16
348.43
348.58
348.58
348.77
348.98
350.20
350.42
350.82
351.25
351.82
352.06
352.10
352.48
352.60
352.72
353.33
353.33
353.35
353.37
353.47
353.67
353.71
353.98
353.99
354.37
354.65
354.81
355.28
355.73
356.10
356.36
356.51
356.78
356.99
357.22
357.50
357.72
357.94
358.11
358.11
358.32
359.41
359.54
359.55
360.57
360.62
360.62
360.83
361.06
361.20
361.42
361.51
361.85
361.88
362.29
362.60
362.86
363.03
363.08
363.24
363.29
364.10
364.55
365.05
365.31
365.47
366.31
366.52
367.33
368.02
368.50
368.67
368.68
369.07
369.08
369.10
369.38
369.59
369.71
369.83
370.39
370.41
370.51
370.55
370.75
371.39
371.41
371.73
371.94
372.04
372.65
372.85
373.00
373.02
373.03
373.17
373.88
374.31
374.34
374.76
375.34
375.92
375.97
376.42
376.72
377.12
377.84
377.94
378.08
378.25
378.34
378.53
378.53
378.72
378.75
379.08
380.29
381.00
381.08
381.09
381.22
381.47
381.60
381.66
382.06
382.39
382.96
383.02
383.19
383.70
383.75
384.28
384.48
384.69
384.86
384.91
385.14
385.22
385.27
385.34
385.67
385.87
385.96
386.23
386.61
387.29
387.32
387.35
387.35
387.68
387.95
388.12
388.27
388.67
388.68
388.84
388.87
388.89
388.91
388.95
389.16
389.27
389.34
389.55
389.62
389.71
389.97
390.36
390.45
390.56
390.68
390.87
390.95
391.53
391.54
391.73
391.97
392.62
392.62
393.57
393.90
393.95
394.43
394.80
395.31
395.58
396.22
396.54
396.74
397.00
397.06
397.59
397.60
397.70
398.50
399.96
400.12
400.22
400.76
401.13
401.77
401.91
401.96
402.00
402.71
402.91
403.30
403.39
403.43
403.83
404.78
405.10
406.29
406.31
406.98
407.60
407.87
408.27
408.29
408.49
408.71
408.72
408.82
409.24
409.74
410.53
410.55
411.02
411.06
411.08
411.33
411.51
411.63
412.63
413.01
413.33
414.67
414.77
414.86
414.93
415.01
415.02
415.43
416.09
416.09
416.77
416.77
417.06
417.06
417.43
417.43
417.71
417.84
417.93
418.96
418.99
419.02
419.04
419.14
419.55
420.47
420.86
421.25
423.07
423.53
423.79
423.93
424.36
425.03
425.15
425.26
425.50
425.80
425.91
426.69
426.94
427.68
427.85
428.12
428.40
428.60
428.78
429.04
429.27
429.54
429.57
430.77
431.47
432.12
432.52
432.67
432.70
433.11
433.11
433.14
433.50
433.85
433.89
434.11
435.14
435.81
435.86
435.94
436.21
436.42
438.06
438.28
438.50
438.59
438.67
438.78
439.31
439.41
439.47
440.03
440.08
440.53
441.10
441.13
441.24
441.86
442.00
442.23
442.26
442.53
442.65
443.13
443.31
443.36
443.52
443.79
443.97
443.97
444.04
444.07
444.58
445.22
445.93
446.05
446.31
446.92
447.11
447.25
447.34
447.69
447.91
447.99
448.42
448.42
448.59
449.28
449.45
449.99
450.21
450.76
451.12
451.90
452.09
453.86
454.39
455.14
456.30
456.42
456.76
457.14
457.22
457.33
457.95
458.46
458.47
459.00
459.14
459.73
460.06
460.07
460.60
460.85
461.79
462.08
462.31
462.43
463.09
463.27
463.34
464.27
464.36
465.41
465.63
466.38
466.97
467.00
467.02
467.08
467.96
468.22
468.40
468.64
468.75
468.78
469.35
469.39
469.76
470.63
470.71
471.03
471.19
472.61
472.99
473.43
473.83
473.92
474.41
474.89
475.40
475.41
476.29
476.86
476.89
477.03
477.15
477.64
478.23
478.32
478.76
478.93
479.33
479.43
479.56
479.89
480.05
480.21
480.23
480.67
481.29
481.92
481.99
482.46
483.35
483.49
483.55
483.98
484.49
485.06
485.10
485.12
485.16
485.24
485.31
486.08
486.36
486.83
487.08
487.47
487.83
488.77
489.24
489.64
490.08
490.14
490.36
490.50
490.61
490.87
490.96
491.68
492.27
492.59
493.09
493.11
493.25
493.51
493.66
494.14
494.24
494.25
495.10
495.75
495.77
495.82
496.26
497.38
497.50
497.73
499.17
499.37
499.42
499.47
499.64
500.55
501.11
501.30
501.83
502.72
504.52
504.74
504.82
505.01
505.75
506.12
506.56
507.58
507.83
507.89
507.96
508.02
508.08
508.12
508.52
508.75
509.44
509.72
509.81
510.52
511.08
511.34
511.82
512.08
512.87
513.14
513.37
513.49
513.64
513.74
513.81
514.03
514.04
514.29
514.38
514.59
514.61
515.16
515.75
516.01
516.07
516.45
516.83
517.29
517.45
518.60
518.98
519.27
519.43
519.84
519.93
520.73
521.00
521.00
521.16
521.75
522.09
522.63
523.42
523.56
524.41
524.52
524.65
524.86
525.12
526.13
526.15
526.88
527.03
527.05
527.16
527.60
528.78
529.44
529.46
529.64
530.30
530.47
530.58
530.77
531.56
531.58
532.18
532.90
533.06
533.67
534.10
534.31
534.35
535.13
535.63
535.82
536.14
536.19
536.93
540.71
541.12
541.41
541.64
541.76
542.30
542.64
543.71
544.05
544.51
544.52
544.75
544.87
544.88
544.99
545.41
545.43
545.46
545.52
545.57
545.71
546.01
546.29
546.32
546.74
547.09
547.14
547.38
547.38
547.47
547.87
548.04
548.16
548.25
549.07
549.58
551.02
551.21
551.44
552.55
552.96
552.97
553.22
553.69
554.07
554.15
554.65
554.77
554.94
555.14
555.17
555.26
555.86
556.14
556.27
556.59
556.73
557.00
557.22
557.71
557.99
558.92
559.03
559.18
559.30
559.53
559.69
560.31
560.68
561.11
561.52
561.66
561.83
561.87
563.32
563.37
563.55
563.56
563.68
563.97
563.99
564.25
564.42
564.45
564.72
564.94
565.17
565.45
566.12
566.51
566.83
567.67
568.12
569.27
569.63
570.30
570.34
570.77
570.99
571.53
572.34
572.37
572.57
572.76
573.94
574.54
575.09
575.17
575.25
575.83
576.73
576.89
579.15
580.53
581.22
581.38
581.92
582.93
582.94
583.09
583.28
583.43
583.45
583.73
584.17
584.21
584.89
585.27
585.51
586.62
587.52
587.83
588.54
588.74
588.87
589.18
589.64
589.65
590.00
590.82
590.97
591.40
591.42
591.62
591.65
592.92
593.59
593.96
594.01
594.11
594.23
594.97
595.66
596.30
596.48
598.12
598.40
598.54
598.62
599.22
599.25
599.94
600.39
600.80
601.75
602.12
602.47
602.74
603.30
603.34
603.41
603.60
603.82
603.88
604.38
604.53
604.62
604.69
604.69
604.89
605.57
606.14
608.69
610.06
610.31
610.33
610.76
610.84
611.39
611.39
611.41
611.47
611.78
611.86
612.10
612.66
613.05
613.33
613.62
613.75
614.05
614.06
614.98
616.99
617.60
617.98
618.06
618.91
619.26
619.33
619.49
619.71
620.05
620.37
620.89
621.67
622.01
622.04
622.39
622.40
623.73
625.91
626.07
626.61
626.74
626.90
627.34
627.49
628.05
628.14
628.45
628.56
629.00
629.07
629.15
629.15
629.29
629.29
629.57
629.58
629.70
629.83
629.91
630.53
630.76
631.43
631.94
632.01
632.73
633.27
633.51
634.67
635.20
635.63
636.40
637.23
637.35
638.30
638.39
638.59
638.66
639.10
639.41
639.91
640.38
640.81
640.98
641.54
641.73
642.17
642.25
643.55
643.67
643.83
645.16
645.67
645.81
646.04
646.64
647.90
648.93
648.96
649.77
649.84
650.00
650.14
650.30
650.37
650.59
650.60
650.69
650.97
651.38
651.46
652.08
652.49
653.00
653.35
653.72
654.06
654.68
655.18
655.78
655.87
656.17
657.54
657.89
658.24
658.26
658.91
659.25
659.82
659.88
660.38
660.48
662.19
662.26
662.44
662.45
662.69
663.36
665.09
665.17
665.32
665.52
665.72
666.74
666.95
667.57
667.61
668.05
669.11
669.18
670.85
670.90
671.13
671.25
672.06
672.55
672.60
672.68
672.86
672.90
673.20
673.51
673.68
674.52
674.80
675.11
675.62
676.03
676.81
677.33
678.02
678.19
678.58
678.91
678.91
678.94
679.14
679.15
679.72
681.34
681.70
683.25
683.54
683.86
684.00
684.85
685.08
685.25
685.88
686.77
687.23
687.36
687.39
687.47
688.85
689.40
690.76
690.77
690.96
691.57
691.58
691.91
692.17
692.95
693.02
693.14
693.92
694.07
694.23
694.36
694.95
695.04
695.92
696.72
697.68
697.92
700.49
701.94
703.18
703.46
704.02
704.11
704.68
705.13
705.16
705.78
707.14
707.17
708.22
708.24
708.54
708.57
708.65
709.56
709.96
710.61
711.56
711.64
711.83
712.13
712.19
712.96
714.40
714.85
715.08
715.11
715.46
715.66
715.82
715.82
716.59
717.31
717.35
718.15
718.20
718.65
719.16
719.66
720.58
721.02
721.53
721.73
722.03
722.03
722.46
722.55
722.93
723.03
723.32
723.48
723.71
724.30
724.38
724.40
724.58
724.61
725.55
725.79
726.03
726.58
728.02
728.75
728.90
729.02
729.37
729.45
730.65
732.08
732.81
732.87
733.04
733.47
734.93
735.31
736.33
736.82
737.02
737.88
738.16
738.36
738.58
739.11
739.17
739.45
740.24
741.65
742.55
742.65
742.69
743.83
743.91
743.99
744.44
744.86
744.89
745.19
745.29
745.63
746.07
746.74
747.57
747.66
749.59
749.84
750.07
750.57
750.96
751.06
751.06
751.20
752.15
752.36
752.40
753.16
753.28
753.36
753.76
754.65
755.59
755.82
755.85
758.00
758.02
758.07
759.61
760.53
761.75
762.08
762.28
764.33
765.99
766.47
767.36
767.49
767.73
767.90
768.21
768.72
769.66
770.65
771.19
773.21
773.24
773.74
774.16
774.61
774.86
774.96
775.43
775.92
776.46
776.92
778.16
778.20
780.28
781.02
782.24
784.21
784.26
784.30
786.45
788.19
788.37
788.62
789.01
789.54
789.84
790.33
790.54
790.63
791.12
791.53
791.72
791.73
792.55
792.56
792.66
792.85
792.92
793.29
793.67
793.95
794.84
795.09
795.12
795.64
796.77
796.87
797.17
797.92
798.05
798.44
798.61
798.62
799.44
799.63
799.77
799.86
800.94
801.65
803.07
803.38
804.63
805.05
806.16
806.24
806.62
806.97
807.19
807.26
808.28
808.50
808.83
809.23
809.54
809.81
810.11
810.19
810.59
811.22
811.66
812.79
812.97
813.19
813.41
813.68
814.96
815.04
815.82
816.43
816.44
816.54
816.76
817.04
817.47
817.54
817.74
818.04
818.24
818.28
818.46
818.49
818.75
819.79
820.49
823.11
823.38
823.86
824.03
824.63
825.22
825.40
825.47
826.53
826.95
827.47
827.65
827.82
828.34
828.95
829.27
830.11
831.60
832.68
832.95
833.22
835.30
835.42
836.03
836.12
836.87
836.93
837.21
837.60
837.62
838.15
838.65
842.14
842.79
843.37
844.43
844.57
844.61
844.81
845.24
845.50
846.40
846.43
847.10
847.15
847.59
847.84
848.18
848.61
849.93
850.04
850.16
850.19
850.23
850.64
850.96
851.78
851.81
851.84
851.87
853.08
853.85
853.87
854.65
854.67
855.18
855.67
855.81
855.92
856.88
857.12
857.62
857.69
857.76
858.10
858.40
858.51
859.46
859.90
860.01
860.71
861.51
861.95
862.29
863.46
864.05
864.08
864.65
866.12
866.30
868.19
868.36
868.37
868.43
868.89
868.94
869.17
869.17
869.61
870.31
870.74
871.05
871.07
872.09
872.48
872.97
873.11
873.12
873.38
873.97
874.09
874.36
875.71
876.31
877.42
877.52
878.76
879.77
880.46
881.80
882.06
882.43
882.62
882.78
882.79
882.87
883.82
884.05
884.06
884.13
884.92
885.17
886.09
886.76
886.80
887.03
887.30
887.53
888.12
888.49
888.60
888.69
889.28
889.29
889.35
889.41
889.59
890.59
890.74
890.75
891.12
891.19
891.81
892.06
893.11
893.85
893.87
894.80
894.96
895.15
895.79
895.90
896.18
896.64
897.25
897.26
898.25
899.40
900.00
900.07
900.07
900.19
901.46
901.76
902.54
903.68
904.03
904.67
904.69
905.17
905.21
905.77
906.17
906.20
906.46
906.80
906.86
907.65
907.68
908.21
908.23
908.25
908.67
908.88
908.89
908.99
909.20
909.90
910.27
910.28
911.43
911.49
912.51
914.08
914.57
914.89
914.92
914.96
915.26
915.49
915.58
916.00
916.07
916.19
916.29
916.99
916.99
917.29
917.68
919.83
919.89
920.27
921.92
922.46
922.63
923.86
925.44
926.12
926.37
926.78
927.11
927.48
927.72
927.91
928.35
928.49
928.49
931.37
931.93
933.44
933.96
933.98
934.71
935.07
935.68
935.78
936.46
936.80
937.91
938.44
939.59
939.89
939.92
940.02
940.31
940.34
940.35
940.39
940.57
940.67
942.45
942.57
942.58
942.73
942.74
942.96
943.19
943.58
943.86
943.87
944.49
944.83
945.87
947.08
947.99
948.31
948.39
948.90
950.18
950.61
950.83
950.87
952.30
952.81
952.88
953.10
954.28
954.39
954.88
955.16
955.49
955.93
956.40
957.41
957.47
958.06
958.22
959.23
959.50
960.51
960.57
960.88
961.04
961.85
961.91
962.99
963.22
963.42
963.76
964.41
964.42
964.43
964.68
964.73
965.64
966.03
967.13
968.85
969.46
970.42
971.29
971.51
971.63
973.06
973.41
973.65
973.94
974.01
974.62
974.67
974.81
975.93
977.02
978.60
978.64
978.88
979.52
980.44
981.41
981.62
981.85
982.49
982.82
983.49
983.58
983.97
984.40
985.16
985.45
985.67
986.47
986.66
987.18
987.47
987.87
988.03
989.09
989.54
989.97
990.12
990.16
990.48
991.02
991.38
991.71
991.83
993.23
993.27
993.45
994.59
995.69
995.83
996.63
997.07
997.45
997.96
998.02
998.09
998.76
1001.21
1001.73
1002.22
1002.48
1003.25
1004.21
1004.83
1005.12
1008.56
1009.49
1009.84
1009.85
1010.25
1011.68
1013.16
1013.48
1013.53
1013.90
1013.97
1014.12
1014.28
1014.66
1014.75
1015.27
1015.32
1015.97
1016.52
1016.57
1017.09
1017.40
1018.56
1018.99
1021.13
1022.04
1022.45
1026.97
1027.88
1028.12
1028.51
1028.67
1028.78
1028.86
1028.96
1031.26
1033.39
1033.80
1034.82
1035.97
1036.59
1036.91
1037.68
1038.53
1038.62
1039.02
1039.15
1039.88
1040.00
1040.42
1041.03
1042.03
1042.73
1043.14
1043.18
1043.63
1044.68
1044.97
1045.20
1046.86
1048.32
1048.52
1048.97
1049.34
1050.15
1050.15
1050.74
1052.66
1052.81
1052.90
1054.08
1054.88
1055.17
1055.48
1056.12
1059.06
1059.16
1059.37
1060.76
1061.08
1061.79
1062.06
1062.20
1064.00
1064.02
1064.03
1064.51
1065.10
1065.67
1065.77
1065.91
1065.94
1066.43
1066.52
1066.86
1067.85
1068.67
1068.76
1070.87
1071.10
1071.25
1071.53
1072.38
1072.76
1073.83
1073.83
1073.90
1074.02
1075.75
1076.35
1076.56
1077.26
1077.80
1078.09
1078.33
1078.65
1079.36
1079.89
1079.90
1080.21
1080.26
1080.54
1080.62
1081.09
1082.15
1082.24
1082.82
1084.12
1084.22
1085.12
1085.39
1086.57
1086.93
1087.26
1087.54
1087.62
1088.47
1088.98
1089.85
1089.95
1090.96
1091.05
1091.09
1091.67
1091.98
1092.01
1092.54
1092.54
1093.00
1093.35
1094.26
1094.65
1094.84
1095.41
1096.21
1096.76
1098.10
1099.61
1100.67
1101.09
1101.98
1103.14
1105.28
1105.36
1105.43
1106.03
1106.64
1106.83
1106.89
1107.06
1107.10
1109.25
1110.68
1110.86
1111.42
1111.72
1113.37
1114.28
1114.92
1115.62
1116.32
1116.37
1116.41
1116.53
1118.00
1118.22
1119.29
1119.31
1120.05
1120.36
1120.47
1121.22
1122.06
1123.81
1124.55
1125.33
1125.39
1126.56
1126.93
1128.14
1128.37
1128.71
1128.92
1129.00
1130.76
1131.45
1135.05
1135.24
1135.40
1135.98
1137.22
1137.24
1140.06
1141.11
1141.41
1141.46
1141.54
1141.66
1142.25
1142.84
1143.98
1144.51
1144.71
1145.48
1145.68
1145.80
1145.94
1145.96
1147.95
1147.97
1148.27
1148.73
1149.46
1149.63
1151.79
1151.89
1152.74
1153.34
1154.44
1154.95
1155.22
1155.27
1155.72
1156.36
1156.69
1156.86
1156.96
1157.04
1157.20
1157.63
1157.75
1157.76
1157.87
1158.09
1158.74
1159.09
1161.03
1161.92
1162.11
1162.30
1162.84
1163.03
1163.39
1163.76
1164.06
1165.03
1165.47
1166.20
1167.89
1168.04
1168.10
1168.32
1168.89
1170.16
1171.16
1172.11
1172.70
1173.44
1173.99
1174.32
1175.54
1175.86
1176.50
1176.81
1177.12
1177.55
1177.99
1178.15
1179.91
1180.25
1181.17
1182.66
1183.10
1183.26
1183.44
1183.48
1183.58
1183.65
1184.04
1184.13
1184.14
1184.71
1184.72
1184.83
1185.17
1185.74
1186.12
1187.21
1188.83
1189.05
1189.70
1190.27
1191.34
1191.44
1193.35
1195.25
1195.90
1196.17
1196.32
1196.96
1197.05
1197.15
1197.88
1198.88
1199.23
1199.59
1200.51
1201.55
1204.01
1204.19
1204.30
1204.45
1205.90
1206.48
1207.19
1207.91
1208.67
1210.11
1210.56
1210.99
1211.24
1215.10
1215.16
1217.02
1217.94
1219.06
1220.22
1220.31
1220.39
1221.69
1221.97
1221.97
1222.08
1222.11
1223.22
1223.45
1223.49
1223.75
1223.87
1225.69
1226.03
1226.60
1227.13
1228.01
1228.01
1228.57
1228.99
1230.64
1231.23
1231.32
1232.04
1232.16
1232.17
1232.57
1232.69
1233.10
1234.24
1235.11
1236.03
1236.46
1237.09
1237.77
1238.71
1239.29
1239.93
1240.56
1241.01
1241.06
1241.35
1242.24
1243.24
1244.31
1244.88
1245.00
1245.65
1245.90
1246.17
1246.75
1247.43
1248.47
1248.68
1248.86
1249.21
1249.25
1249.45
1250.25
1250.51
1250.55
1250.85
1251.60
1252.72
1253.09
1255.01
1256.95
1257.03
1257.48
1258.48
1259.21
1259.63
1261.26
1261.64
1261.94
1262.91
1263.44
1263.56
1263.78
1265.62
1267.92
1268.06
1268.34
1268.87
1268.95
1268.98
1269.81
1270.93
1271.08
1272.61
1272.66
1272.69
1273.57
1273.82
1274.38
1275.03
1275.21
1275.96
1276.94
1278.20
1280.70
1282.86
1283.53
1283.64
1283.81
1284.25
1284.52
1284.61
1285.27
1285.38
1285.85
1285.95
1286.27
1286.42
1286.98
1287.36
1287.88
1289.40
1290.30
1290.98
1291.97
1293.85
1294.70
1295.94
1296.03
1296.65
1297.34
1297.77
1297.96
1298.39
1298.76
1299.62
1300.15
1301.70
1302.01
1302.68
1302.84
1303.32
1303.45
1303.49
1304.12
1305.56
1306.35
1306.76
1306.81
1307.85
1308.08
1309.21
1310.13
1310.36
1310.42
1310.80
1311.88
1313.41
1314.54
1314.66
1314.82
1315.42
1315.73
1316.67
1316.84
1316.96
1317.10
1318.28
1318.98
1319.24
1321.31
1323.78
1324.31
1325.76
1325.85
1326.68
1327.30
1327.56
1327.61
1327.64
1328.13
1329.19
1329.45
1329.78
1329.81
1330.26
1330.52
1332.55
1332.71
1333.39
1334.51
1334.60
1335.70
1336.00
1336.39
1337.10
1337.40
1338.42
1338.68
1339.29
1339.56
1340.04
1340.43
1341.24
1342.40
1342.75
1342.93
1342.99
1343.44
1343.89
1344.27
1344.43
1345.53
1345.57
1345.75
1346.51
1346.57
1346.74
1348.34
1353.49
1353.99
1356.49
1357.24
1357.38
1357.49
1357.54
1357.67
1358.24
1359.45
1361.05
1361.64
1361.82
1362.07
1362.27
1362.69
1362.73
1362.94
1363.28
1363.50
1363.65
1363.88
1364.35
1366.17
1367.03
1367.09
1367.18
1367.86
1369.95
1370.88
1372.17
1372.19
1372.25
1374.99
1375.22
1375.74
1376.07
1376.27
1377.11
1378.18
1378.47
1378.78
1379.14
1379.88
1381.06
1383.46
1383.89
1385.24
1385.82
1386.24
1386.59
1387.10
1387.67
1387.71
1388.74
1389.11
1389.22
1389.70
1390.28
1392.42
1392.75
1393.51
1393.76
1394.79
1395.54
1395.83
1395.85
1396.27
1396.81
1398.95
1399.22
1399.25
1399.76
1399.94
1400.32
1404.56
1405.06
1405.62
1405.67
1405.77
1405.77
1407.04
1408.51
1408.56
1409.23
1409.61
1411.38
1411.64
1411.72
1412.45
1412.85
1413.25
1413.80
1414.87
1416.08
1416.89
1417.84
1417.95
1418.38
1419.90
1420.02
1420.39
1420.48
1421.07
1421.13
1422.36
1422.56
1422.68
1423.25
1423.87
1426.63
1427.45
1428.33
1429.18
1429.30
1430.51
1431.42
1431.56
1432.57
1434.46
1436.59
1436.74
1436.80
1437.83
1438.20
1439.90
1439.98
1443.44
1443.69
1444.02
1444.19
1444.29
1445.49
1445.65
1445.65
1446.15
1448.04
1448.90
1449.17
1449.45
1450.63
1451.73
1452.03
1452.28
1454.65
1455.35
1455.69
1455.96
1456.27
1456.86
1457.79
1458.06
1458.66
1458.88
1459.22
1460.87
1461.89
1462.21
1462.31
1464.46
1464.48
1464.93
1465.49
1468.43
1469.16
1469.32
1471.03
1472.16
1473.92
1474.17
1474.83
1475.61
1477.25
1477.48
1478.45
1478.58
1480.02
1480.37
1481.77
1482.65
1483.13
1484.67
1484.75
1486.18
1486.25
1486.62
1487.41
1487.60
1488.26
1488.78
1489.24
1489.65
1490.15
1490.29
1490.45
1492.00
1492.32
1492.92
1493.21
1493.63
1495.51
1495.69
1495.69
1497.32
1497.60
1497.84
1498.84
1499.06
1499.46
1501.12
1503.46
1503.62
1504.45
1505.17
1505.98
1506.86
1508.15
1509.05
1509.28
1509.36
1510.55
1512.63
1513.28
1515.58
1516.13
1516.99
1517.02
1517.17
1517.53
1519.01
1519.32
1519.89
1519.91
1520.19
1520.72
1523.32
1523.98
1524.14
1524.72
1526.85
1529.07
1529.46
1530.92
1532.00
1532.63
1532.63
1533.21
1533.57
1534.20
1534.80
1534.90
1535.02
1535.30
1537.14
1537.74
1537.88
1539.31
1540.64
1540.94
1542.24
1545.25
1546.02
1546.30
1546.77
1546.79
1547.64
1547.91
1548.71
1553.88
1554.47
1557.62
1560.52
1560.76
1560.84
1561.30
1562.46
1562.79
1563.29
1563.41
1563.51
1565.34
1565.65
1566.27
1568.46
1571.77
1571.86
1573.66
1574.63
1575.13
1575.13
1576.10
1576.99
1577.57
1577.80
1578.03
1578.90
1579.85
1580.73
1581.55
1582.78
1583.33
1584.36
1585.37
1586.36
1587.65
1588.17
1588.58
1590.59
1590.80
1590.82
1591.78
1592.64
1592.66
1593.07
1594.38
1595.42
1596.35
1596.68
1597.20
1597.37
1597.77
1599.06
1600.71
1601.21
1601.87
1601.99
1602.87
1603.67
1604.25
1606.52
1608.10
1611.31
1611.59
1611.64
1613.87
1614.10
1614.68
1614.90
1615.01
1615.41
1615.53
1617.09
1617.77
1618.94
1619.94
1621.01
1622.47
1624.35
1625.84
1628.43
1628.91
1629.37
1629.38
1629.91
1630.34
1630.58
1630.72
1631.04
1631.41
1632.03
1632.31
1633.76
1634.10
1634.42
1634.63
1635.11
1636.50
1637.37
1638.06
1638.72
1639.50
1641.40
1641.52
1641.56
1641.91
1642.23
1642.53
1642.66
1642.87
1644.76
1644.79
1645.47
1645.81
1646.48
1646.91
1647.43
1647.84
1647.84
1648.02
1648.07
1648.07
1648.23
1648.73
1650.21
1650.84
1651.25
1651.78
1651.93
1653.70
1654.65
1656.06
1656.53
1658.77
1659.42
1660.01
1660.46
1660.73
1661.79
1662.18
1662.47
1662.88
1663.96
1664.45
1666.16
1667.03
1667.42
1667.71
1668.36
1668.49
1669.18
1672.45
1673.57
1673.95
1674.44
1674.91
1676.23
1676.74
1677.01
1677.34
1679.92
1680.77
1681.26
1681.68
1683.18
1686.69
1686.91
1687.11
1687.77
1688.37
1689.73
1690.11
1690.20
1691.72
1693.31
1694.08
1697.86
1698.53
1698.86
1699.55
1700.36
1700.88
1701.06
1702.04
1703.57
1703.94
1704.40
1706.04
1706.17
1708.57
1709.44
1710.20
1710.31
1710.44
1711.88
1711.96
1712.48
1713.33
1713.62
1714.13
1714.29
1717.23
1718.25
1719.57
1719.85
1719.85
1720.37
1720.63
1721.69
1723.72
1726.75
1727.72
1728.91
1730.09
1730.09
1731.44
1733.24
1733.26
1734.20
1734.24
1736.17
1736.66
1737.13
1738.50
1739.01
1739.31
1740.44
1740.76
1741.89
1743.06
1744.42
1744.55
1745.19
1746.32
1748.65
1750.03
1750.11
1751.30
1752.49
1752.70
1753.39
1753.73
1754.13
1756.01
1757.13
1757.24
1760.55
1760.74
1763.07
1763.51
1763.57
1765.46
1765.51
1766.41
1767.54
1767.79
1768.30
1769.45
1770.03
1770.43
1770.87
1770.97
1772.75
1773.21
1773.29
1773.69
1773.94
1776.68
1777.51
1778.55
1778.82
1780.96
1783.83
1785.34
1785.41
1785.86
1787.11
1787.87
1789.38
1789.94
1790.77
1791.10
1791.12
1793.39
1793.91
1794.30
1795.58
1797.98
1799.79
1800.55
1800.99
1803.78
1804.78
1805.27
1810.27
1811.16
1812.02
1812.66
1812.96
1815.73
1815.75
1816.75
1817.32
1817.44
1817.77
1817.93
1818.91
1819.05
1822.34
1824.35
1825.12
1825.24
1825.54
1825.69
1827.32
1827.32
1827.79
1828.32
1829.83
1830.16
1830.18
1831.33
1831.61
1832.68
1833.06
1834.01
1834.70
1835.38
1836.79
1837.33
1837.65
1837.76
1838.90
1839.14
1841.93
1842.74
1842.94
1843.08
1843.78
1844.86
1847.59
1847.73
1848.47
1848.61
1849.15
1852.22
1852.60
1853.00
1853.16
1853.70
1854.28
1854.80
1855.15
1855.39
1855.49
1857.23
1857.50
1857.80
1859.29
1860.43
1861.62
1861.96
1862.10
1862.20
1862.28
1863.11
1863.74
1863.78
1863.78
1864.66
1866.60
1866.72
1867.67
1868.04
1868.62
1869.23
1869.29
1869.96
1871.11
1871.21
1871.50
1872.39
1875.31
1876.20
1876.93
1877.36
1878.92
1879.04
1879.17
1879.90
1880.20
1880.79
1880.92
1884.95
1885.58
1886.07
1886.50
1887.87
1888.50
1888.95
1888.95
1889.32
1890.26
1890.28
1890.42
1891.20
1892.96
1893.39
1894.64
1895.03
1895.44
1896.04
1896.43
1897.55
1898.03
1898.09
1898.44
1898.85
1900.02
1900.68
1901.87
1903.33
1903.37
1904.14
1905.80
1907.25
1907.97
1909.35
1909.91
1910.86
1910.90
1911.11
1911.15
1912.02
1913.66
1916.81
1917.14
1917.51
1918.74
1919.92
1920.71
1921.08
1921.60
1922.81
1923.35
1925.12
1926.18
1926.31
1927.66
1927.91
1928.33
1929.37
1930.92
1931.76
1931.99
1932.24
1932.82
1933.09
1933.26
1933.66
1933.99
1934.47
1935.04
1936.02
1937.89
1938.27
1938.43
1939.74
1940.97
1941.79
1944.78
1946.86
1947.20
1947.92
1949.16
1949.46
1952.09
1955.12
1955.20
1956.49
1963.04
1964.68
1965.34
1966.47
1966.85
1967.94
1968.34
1968.57
1969.02
1970.13
1972.69
1972.90
1973.69
1975.42
1976.30
1976.56
1976.98
1978.67
1981.29
1981.89
1982.34
1982.66
1983.30
1983.37
1986.87
1987.36
1987.77
1991.22
1992.36
1992.42
1992.66
1993.63
1993.67
1996.01
1996.14
1996.22
1996.44
1997.89
1998.17
2000.33
2000.78
2001.09
2001.91
2002.41
2003.54
2003.64
2003.75
2003.77
2003.82
2003.99
2005.29
2005.49
2006.79
2008.98
2009.27
2009.68
2009.68
2014.10
2014.51
2016.32
2016.41
2016.93
2018.18
2018.33
2018.37
2020.10
2020.28
2020.76
2021.06
2021.43
2022.59
2022.62
2024.52
2024.78
2025.92
2026.51
2026.89
2028.25
2028.69
2030.20
2031.26
2032.29
2032.62
2036.47
2038.85
2040.18
2042.63
2043.34
2046.04
2046.94
2047.03
2048.34
2048.56
2049.45
2049.49
2050.20
2050.49
2052.15
2055.04
2055.71
2056.02
2057.18
2057.58
2057.58
2060.48
2060.63
2062.13
2062.59
2062.73
2062.82
2063.38
2063.58
2064.76
2065.12
2065.65
2067.71
2067.93
2068.72
2069.01
2069.39
2069.66
2070.15
2074.14
2074.37
2074.59
2074.99
2075.58
2076.32
2076.88
2077.40
2078.16
2078.48
2079.29
2079.80
2080.21
2082.01
2083.23
2083.63
2083.63
2083.84
2084.31
2085.87
2088.74
2089.59
2090.39
2092.01
2092.13
2092.24
2092.81
2093.83
2094.39
2094.57
2094.78
2095.98
2096.16
2096.21
2096.86
2097.02
2097.45
2100.07
2100.84
2101.27
2101.63
2103.14
2103.89
2104.59
2104.66
2105.66
2105.87
2106.23
2107.21
2109.54
2110.57
2111.78
2116.95
2117.34
2117.75
2119.38
2119.58
2119.81
2121.03
2121.49
2122.93
2123.53
2125.23
2130.27
2130.34
2131.54
2131.84
2132.77
2133.25
2133.60
2135.93
2136.74
2136.97
2137.20
2137.45
2139.17
2139.33
2140.63
2141.07
2141.16
2141.99
2142.92
2143.48
2143.52
2144.52
2145.98
2146.12
2146.86
2146.96
2147.72
2151.38
2153.19
2153.96
2154.03
2154.87
2155.36
2155.50
2156.01
2157.18
2157.83
2157.86
2159.89
2160.47
2161.46
2163.82
2164.33
2166.98
2167.40
2167.64
2173.96
2174.36
2174.80
2175.34
2178.01
2178.45
2180.20
2180.32
2181.33
2183.29
2184.90
2185.49
2185.70
2186.79
2187.12
2188.45
2188.45
2189.11
2190.77
2191.17
2191.81
2191.95
2192.10
2192.48
2192.62
2193.73
2196.35
2196.87
2197.04
2197.80
2197.96
2198.01
2198.20
2199.94
2200.22
2200.63
2201.60
2201.96
2202.03
2204.11
2205.39
2205.59
2206.56
2207.95
2208.07
2208.43
2208.52
2209.34
2210.44
2211.18
2213.74
2214.55
2214.62
2215.13
2215.15
2217.05
2217.07
2217.91
2222.19
2222.67
2223.27
2223.89
2224.42
2227.41
2227.72
2227.96
2231.97
2233.01
2233.32
2234.72
2240.24
2242.96
2243.11
2244.22
2244.63
2246.89
2247.79
2247.82
2249.81
2251.59
2252.40
2253.08
2253.42
2257.13
2259.40
2259.82
2260.57
2261.26
2262.26
2266.80
2266.89
2267.07
2270.13
2272.00
2274.09
2277.34
2280.08
2280.79
2280.97
2282.35
2287.79
2287.79
2289.57
2289.72
2290.02
2290.22
2291.68
2292.72
2292.94
2296.47
2297.19
2297.41
2298.31
2299.95
2302.44
2302.46
2305.01
2306.48
2306.93
2308.48
2310.93
2311.53
2312.75
2313.38
2314.08
2314.40
2316.38
2318.97
2319.64
2320.47
2321.65
2322.91
2325.07
2325.10
2327.23
2329.48
2329.98
2330.91
2333.36
2333.74
2334.35
2336.17
2336.82
2338.54
2338.90
2339.83
2341.45
2342.98
2343.30
2343.58
2344.17
2344.67
2345.87
2346.58
2346.91
2347.97
2348.74
2349.24
2350.34
2351.18
2352.96
2353.93
2355.48
2355.63
2356.47
2357.14
2358.59
2358.77
2360.30
2360.89
2361.30
2364.44
2365.85
2366.49
2367.54
2368.87
2371.00
2371.75
2371.82
2371.90
2372.16
2372.23
2373.29
2373.70
2373.75
2374.52
2375.78
2377.01
2378.56
2379.35
2379.74
2384.74
2385.15
2386.08
2386.34
2386.37
2387.66
2389.29
2393.68
2393.87
2395.65
2396.35
2396.61
2397.26
2401.00
2404.09
2404.64
2406.12
2410.47
2410.58
2412.82
2414.42
2414.44
2414.62
2415.75
2416.01
2416.35
2416.77
2417.24
2422.00
2423.05
2426.62
2427.59
2428.12
2428.69
2429.01
2429.77
2431.27
2433.03
2433.51
2433.77
2435.14
2437.07
2439.04
2442.56
2443.09
2443.14
2443.43
2446.71
2448.11
2448.51
2448.91
2449.38
2451.40
2452.04
2455.06
2455.67
2456.02
2456.79
2458.44
2458.68
2465.18
2469.93
2470.78
2472.28
2473.78
2476.91
2477.83
2477.88
2478.28
2478.34
2478.39
2478.52
2480.32
2482.58
2484.35
2484.67
2484.75
2484.78
2486.45
2486.72
2487.25
2487.28
2487.68
2492.53
2492.75
2494.07
2494.26
2494.91
2495.12
2496.39
2496.64
2496.69
2497.45
2499.34
2503.51
2504.16
2504.51
2508.66
2508.85
2510.99
2511.62
2514.18
2514.28
2514.42
2515.15
2515.64
2516.76
2517.31
2522.13
2523.58
2527.40
2529.48
2532.58
2535.51
2536.44
2536.69
2537.35
2540.92
2542.27
2543.09
2543.73
2545.90
2546.01
2546.29
2546.45
2546.81
2546.87
2548.08
2549.84
2550.26
2550.56
2554.12
2554.34
2556.34
2556.75
2557.44
2559.68
2561.32
2564.26
2566.28
2566.90
2567.26
2567.84
2569.48
2572.57
2574.29
2581.46
2581.71
2582.44
2583.50
2584.12
2584.23
2585.85
2586.77
2588.68
2591.65
2592.74
2594.54
2595.10
2596.25
2596.79
2598.81
2598.98
2599.99
2600.22
2600.52
2605.43
2606.38
2608.02
2608.27
2609.60
2612.09
2612.45
2613.36
2614.52
2617.43
2617.72
2618.82
2619.13
2620.30
2621.77
2623.02
2623.36
2623.98
2631.72
2636.36
2637.30
2637.42
2638.62
2638.87
2640.76
2642.53
2642.87
2644.08
2644.59
2646.97
2649.00
2649.46
2650.26
2650.58
2650.86
2651.61
2653.16
2653.30
2653.88
2655.11
2655.52
2658.10
2659.11
2659.63
2659.71
2659.77
2659.80
2660.40
2661.04
2661.07
2664.78
2665.01
2665.59
2665.62
2667.78
2668.39
2669.69
2670.87
2672.87
2673.79
2673.79
2674.95
2675.33
2675.47
2675.62
2676.40
2676.95
2677.76
2677.91
2682.14
2682.55
2682.75
2687.16
2688.97
2689.05
2698.35
2699.32
2699.52
2702.24
2702.30
2704.26
2705.08
2705.66
2707.45
2708.21
2708.62
2714.11
2718.04
2718.16
2719.13
2719.48
2722.22
2724.28
2724.99
2725.08
2725.46
2725.61
2726.91
2727.03
2731.43
2732.11
2733.32
2733.59
2733.70
2735.69
2738.41
2748.44
2749.87
2750.70
2755.80
2756.19
2757.74
2758.22
2759.38
2761.23
2762.64
2765.03
2765.81
2766.61
2767.78
2768.26
2771.65
2772.04
2774.20
2774.41
2774.53
2775.40
2775.58
2777.71
2778.58
2779.27
2780.63
2783.73
2785.48
2785.66
2785.99
2787.35
2788.37
2789.67
2790.82
2791.21
2794.05
2795.05
2795.53
2796.71
2796.89
2796.89
2798.68
2799.07
2802.62
2804.86
2805.32
2806.44
2806.74
2807.38
2813.13
2814.59
2814.77
2815.20
2815.35
2815.53
2816.08
2816.20
2817.30
2817.48
2819.74
2822.64
2825.51
2825.57
2826.65
2827.59
2827.81
2828.11
2828.14
2829.67
2830.20
2832.58
2832.89
2833.87
2836.60
2837.58
2838.23
2839.27
2843.05
2843.21
2843.33
2844.62
2848.54
2851.06
2851.19
2851.87
2852.08
2852.08
2853.63
2853.72
2854.68
2855.66
2861.54
2862.10
2862.93
2864.36
2865.17
2865.51
2867.58
2868.14
2872.37
2874.08
2874.95
2877.13
2878.46
2878.68
2885.98
2887.35
2887.95
2888.73
2888.79
2890.39
2891.32
2892.04
2893.01
2895.64
2896.24
2896.46
2899.44
2899.47
2899.63
2899.69
2900.00
2900.10
2900.60
2900.79
2901.32
2903.33
2904.24
2904.65
2905.28
2906.22
2906.51
2908.68
2909.37
2909.68
2910.16
2911.35
2912.20
2912.27
2913.59
2916.68
2920.06
2920.47
2921.29
2921.67
2925.63
2926.73
2927.15
2927.40
2927.84
2927.84
2928.73
2929.90
2935.07
2936.69
2937.74
2939.52
2940.25
2941.05
2942.20
2944.62
2946.08
2947.17
2949.05
2949.18
2950.01
2951.63
2952.21
2952.75
2953.42
2954.13
2957.26
2957.71
2959.31
2963.73
2965.40
2965.94
2966.36
2966.71
2968.06
2969.57
2972.27
2973.69
2977.97
2978.07
2979.61
2981.32
2981.65
2983.58
2983.74
2986.26
2986.49
2987.26
2988.59
2992.18
2992.50
2993.96
2995.29
2996.04
2997.37
2999.60
3000.58
3000.77
3000.87
3001.13
3001.91
3002.27
3004.80
3005.22
3007.08
3008.38
3008.58
3008.64
3009.55
3010.63
3011.18
3011.80
3014.37
3014.73
3017.74
3018.00
3019.43
3020.61
3023.16
3023.26
3028.50
3031.32
3031.42
3036.24
3037.16
3038.44
3038.54
3039.96
3040.25
3041.50
3041.90
3041.93
3042.88
3043.34
3045.68
3046.61
3050.00
3050.66
3053.34
3055.26
3055.39
3056.78
3057.17
3057.37
3057.50
3059.82
3062.30
3063.70
3065.59
3067.28
3068.47
3068.87
3069.44
3070.13
3071.50
3071.66
3071.76
3076.09
3076.92
3077.45
3080.75
3081.92
3082.32
3082.38
3083.12
3083.55
3084.52
3085.62
3086.62
3090.80
3092.20
3092.50
3093.58
3094.71
3095.05
3097.83
3098.20
3103.16
3103.80
3105.48
3107.23
3107.50
3109.31
3110.15
3111.27
3111.50
3111.53
3111.94
3112.95
3114.40
3114.57
3114.80
3119.02
3119.46
3119.63
3121.08
3125.50
3125.84
3127.77
3130.00
3130.68
3131.46
3132.92
3140.45
3141.10
3142.25
3142.46
3144.43
3144.87
3146.92
3147.15
3147.83
3148.14
3148.28
3148.41
3148.65
3150.56
3153.70
3154.18
3155.95
3157.76
3158.65
3159.20
3159.71
3160.05
3162.34
3162.58
3163.61
3164.02
3164.94
3165.29
3167.17
3167.24
3167.69
3167.82
3168.27
3170.19
3170.29
3170.81
3172.25
3172.66
3173.07
3173.11
3173.72
3173.83
3175.58
3176.02
3178.40
3178.53
3178.67
3179.39
3179.81
3180.32
3182.08
3182.91
3184.08
3184.15
3185.28
3185.97
3186.18
3187.59
3188.52
3188.66
3189.59
3192.63
3194.88
3195.53
3198.09
3198.41
3198.92
3199.51
3201.63
3204.85
3205.26
3205.92
3206.13
3206.62
3208.98
3209.98
3212.38
3212.70
3213.04
3214.57
3214.61
3215.06
3215.27
3218.99
3221.15
3223.66
3223.73
3225.65
3226.77
3226.94
3228.13
3230.16
3231.52
3231.59
3233.16
3235.86
3238.24
3238.94
3240.03
3240.41
3241.54
3248.00
3248.17
3249.16
3250.07
3254.61
3255.74
3256.69
3257.04
3260.74
3261.55
3262.12
3264.84
3268.65
3269.04
3269.57
3275.49
3277.72
3278.89
3281.27
3284.32
3284.61
3288.27
3288.41
3289.73
3289.91
3292.47
3293.72
3295.39
3298.25
3304.68
3304.89
3305.32
3305.36
3305.71
3306.32
3311.23
3311.26
3312.23
3313.23
3313.95
3314.31
3316.14
3316.35
3317.97
3321.42
3321.78
3322.46
3323.25
3324.80
3325.63
3326.53
3327.50
3327.97
3328.94
3329.41
3329.77
3330.88
3331.24
3331.39
3331.64
3339.07
3342.76
3346.49
3347.47
3348.23
3350.26
3350.51
3352.11
3355.01
3356.75
3357.91
3358.64
3359.22
3366.57
3366.83
3367.48
3369.49
3369.63
3371.09
3372.40
3374.59
3374.85
3375.00
3379.53
3381.10
3381.39
3381.80
3383.00
3383.15
3384.25
3384.98
3388.39
3389.93
3390.81
3391.25
3396.10
3397.31
3398.26
3398.52
3402.13
3404.93
3405.44
3408.17
3409.17
3413.52
3416.18
3418.36
3419.18
3420.43
3420.77
3422.03
3423.32
3424.62
3426.03
3426.92
3427.14
3428.07
3428.70
3429.03
3429.44
3430.63
3431.63
3434.15
3435.05
3440.48
3443.01
3446.10
3447.89
3448.12
3449.31
3449.68
3449.76
3453.05
3456.15
3457.42
3458.17
3461.35
3463.90
3464.05
3465.88
3466.75
3466.90
3467.68
3471.03
3472.41
3474.52
3476.10
3476.74
3477.60
3478.69
3478.88
3484.61
3485.89
3487.21
3489.21
3491.06
3491.82
3491.89
3494.31
3495.22
3497.34
3497.45
3498.32
3504.80
3505.22
3506.66
3508.52
3511.33
3514.94
3516.23
3516.80
3519.81
3521.22
3521.45
3523.13
3528.51
3529.77
3532.21
3532.36
3533.59
3533.59
3535.80
3536.19
3538.06
3539.02
3542.43
3543.50
3544.42
3545.57
3549.34
3551.45
3552.33
3557.22
3557.37
3562.19
3564.31
3565.73
3567.74
3567.93
3567.97
3568.05
3568.70
3570.71
3571.64
3572.80
3574.58
3576.75
3576.98
3579.11
3581.28
3581.55
3582.90
3587.13
3587.33
3589.15
3589.66
3589.89
3590.04
3593.04
3596.15
3596.65
3598.44
3599.65
3600.94
3601.99
3611.24
3612.17
3615.30
3617.85
3618.90
3619.29
3619.53
3623.02
3626.55
3626.74
3628.86
3630.43
3630.94
3631.22
3634.56
3634.80
3638.14
3640.78
3641.05
3644.76
3645.27
3645.86
3648.51
3648.67
3651.43
3651.86
3659.18
3660.41
3660.92
3661.64
3662.59
3663.62
3664.97
3665.56
3666.12
3666.59
3668.42
3670.68
3671.91
3674.77
3675.97
3679.95
3680.31
3684.45
3686.88
3687.24
3687.60
3688.16
3688.28
3688.40
3691.35
3698.23
3699.91
3702.95
3703.03
3703.67
3703.71
3704.11
3709.13
3710.25
3710.61
3711.30
3714.27
3714.75
3717.12
3717.57
3721.03
3725.78
3727.47
3730.70
3735.27
3735.55
3736.72
3742.87
3744.25
3747.37
3749.68
3751.91
3751.91
3752.60
3753.82
3760.77
3766.23
3768.43
3770.51
3773.45
3774.22
3776.59
3778.80
3778.92
3779.17
3779.33
3780.68
3784.16
3785.68
3788.50
3788.87
3789.49
3790.76
3793.34
3795.27
3798.68
3801.93
3802.01
3809.30
3810.41
3814.33
3814.75
3816.19
3818.63
3821.60
3828.35
3830.42
3830.55
3830.88
3835.85
3837.39
3838.18
3839.34
3841.71
3842.83
3843.33
3844.50
3847.12
3847.49
3851.20
3851.32
3854.28
3855.91
3856.20
3856.91
3856.95
3857.66
3859.88
3863.30
3864.18
3864.85
3867.69
3868.03
3868.07
3870.21
3870.83
3871.25
3872.68
3875.61
3877.71
3880.56
3882.70
3884.60
3885.52
3893.98
3894.78
3897.18
3897.31
3899.00
3899.21
3901.53
3902.46
3904.61
3904.78
3909.56
3912.94
3914.89
3916.16
3916.92
3918.20
3918.24
3919.60
3923.84
3924.39
3929.40
3929.49
3930.25
3930.30
3931.91
3932.59
3934.21
3935.28
3936.64
3936.72
3940.64
3948.63
3948.75
3949.05
3952.43
3952.69
3955.34
3955.38
3956.11
3956.84
3957.09
3957.27
3962.84
3963.95
3965.15
3967.64
3970.09
3970.09
3972.88
3975.98
3976.11
3978.47
3980.80
3981.83
3984.29
3984.55
3984.94
3985.63
3985.71
3986.27
3986.40
3989.16
3989.51
3991.54
3993.96
3994.04
3994.73
3995.25
4000.96
4004.17
4005.47
4007.07
4008.33
4009.24
4013.88
4017.97
4019.06
4021.97
4024.37
4026.67
4028.16
4029.46
4031.25
4032.38
4033.74
4035.83
4039.72
4039.90
4041.47
4043.88
4044.97
4046.20
4048.17
4052.33
4052.81
4053.07
4054.96
4055.09
4056.10
4056.15
4057.11
4057.11
4057.95
4061.90
4062.69
4063.17
4063.88
4064.01
4064.05
4070.61
4072.68
4073.43
4073.78
4075.59
4075.94
4078.10
4080.93
4083.93
4091.01
4091.89
4093.58
4094.99
4096.55
4097.48
4098.81
4099.74
4099.83
4100.80
4100.85
4101.60
4103.78
4106.31
4107.15
4109.73
4110.13
4111.78
4112.71
4113.38
4116.45
4119.61
4119.70
4119.79
4122.69
4124.56
4126.48
4130.55
4132.87
4133.77
4137.44
4138.69
4142.01
4144.83
4145.64
4147.93
4152.24
4153.05
4153.49
4154.48
4158.08
4159.97
4162.76
4165.96
4170.97
4172.23
4172.41
4174.31
4175.66
4175.89
4175.89
4177.16
4180.86
4182.58
4184.53
4185.62
4190.10
4190.51
4190.65
4193.28
4193.41
4193.78
4194.91
4203.50
4206.50
4208.18
4208.55
4210.87
4211.92
4212.24
4212.51
4213.24
4213.61
4213.70
4213.97
4215.93
4217.85
4217.85
4218.21
4222.87
4223.74
4224.24
4225.29
4226.66
4227.17
4227.58
4228.13
4229.04
4233.80
4234.35
4236.74
4238.57
4239.95
4240.22
4241.14
4242.84
4245.41
4247.06
4249.41
4250.51
4251.20
4251.66
4252.49
4255.85
4258.61
4262.16
4263.59
4264.10
4265.25
4265.62
4265.72
4267.93
4268.86
4269.96
4270.84
4273.29
4274.91
4275.97
4279.45
4280.60
4283.24
4287.51
4289.23
4291.27
4293.17
4295.31
4297.63
4298.47
4302.19
4302.71
4304.01
4305.13
4305.50
4305.55
4305.73
4307.69
4308.02
4308.72
4313.66
4316.79
4319.08
4319.83
4320.62
4320.62
4323.15
4325.02
4329.46
4333.45
4335.79
4342.08
4342.65
4342.69
4344.86
4345.09
4350.17
4351.21
4352.53
4353.42
4353.85
4356.53
4358.13
4361.15
4362.43
4364.84
4367.72
4371.92
4378.79
4379.41
4379.41
4379.69
4380.83
4381.68
4382.06
4383.20
4386.28
4388.27
4390.41
4391.46
4393.88
4396.97
4397.12
4397.97
4399.92
4400.83
4401.21
4401.88
4402.26
4407.88
4411.36
4412.84
4417.57
4420.35
4422.64
4422.88
4426.14
4426.28
4430.59
4432.70
4435.05
4436.01
4436.35
4439.95
4441.92
4448.56
4448.70
4451.40
4452.55
4455.78
4461.23
4462.20
4463.60
4466.74
4467.47
4468.67
4468.92
4469.35
4471.14
4472.83
4473.85
4473.90
4475.01
4477.00
4477.10
4479.57
4480.58
4481.31
4483.11
4485.92
4485.97
4487.67
4493.84
4494.28
4495.10
4495.83
4498.61
4503.38
4504.40
4511.96
4512.65
4513.43
4514.45
4515.87
4516.02
4516.46
4516.90
4517.24
4518.70
4525.51
4528.64
4530.06
4530.75
4530.89
4531.63
4531.97
4534.57
4536.78
4537.47
4540.61
4541.94
4543.12
4546.66
4556.36
4558.97
4561.05
4562.97
4564.21
4564.80
4566.38
4569.39
4569.64
4573.35
4578.45
4580.68
4580.83
4582.46
4584.70
4587.72
4588.52
4589.16
4589.56
4591.00
4591.05
4595.08
4595.42
4597.11
4601.00
4602.44
4612.51
4612.71
4613.16
4615.06
4619.55
4620.40
4622.20
4625.15
4625.30
4625.85
4628.41
4633.32
4633.72
4634.12
4634.22
4636.53
4638.18
4640.64
4645.92
4646.12
4648.08
4650.59
4651.15
4655.73
4659.36
4659.56
4661.53
4662.23
4665.77
4668.24
4669.70
4669.91
4672.18
4672.18
4672.28
4672.74
4675.16
4675.82
4676.53
4679.67
4681.49
4681.54
4681.64
4681.69
4687.02
4688.59
4689.35
4692.29
4695.75
4699.81
4700.32
4702.61
4704.49
4704.80
4705.10
4712.54
4713.16
4713.87
4714.38
4717.24
4717.64
4718.26
4718.46
4721.07
4721.07
4722.50
4722.50
4723.11
4726.13
4727.97
4728.89
4732.62
4734.72
4735.34
4735.80
4738.06
4741.08
4742.72
4743.08
4743.95
4745.49
4747.34
4747.91
4755.88
4757.78
4763.34
4766.54
4771.08
4771.55
4773.66
4775.11
4778.42
4779.92
4779.92
4779.97
4783.85
4784.52
4789.49
4790.84
4791.15
4793.90
4797.17
4797.33
4801.58
4803.20
4803.30
4806.78
4808.34
4808.92
4811.62
4811.78
4815.01
4819.54
4819.85
4820.27
4822.31
4824.76
4828.83
4831.92
4834.06
4834.27
4837.36
4838.87
4843.43
4843.85
4844.48
4848.41
4848.46
4848.52
4851.51
4853.45
4853.50
4853.87
4859.55
4861.18
4864.02
4864.39
4867.86
4868.86
4870.49
4872.34
4874.92
4876.82
4881.84
4883.26
4886.33
4886.75
4887.65
4887.92
4890.98
4892.10
4892.20
4892.73
4894.64
4896.65
4897.92
4900.15
4905.72
4909.97
4912.89
4915.02
4915.39
4916.56
4919.49
4919.49
4920.39
4921.77
4922.57
4923.48
4925.88
4927.00
4929.56
4933.93
4934.89
4935.32
4941.84
4942.16
4942.64
4945.37
4945.42
4946.28
4946.87
4947.19
4952.01
4952.17
4958.07
4959.62
4959.84
4959.89
4960.43
4960.96
4961.72
4965.10
4967.79
4968.00
4969.40
4969.67
4970.20
4975.10
4975.10
4981.40
4981.67
4987.01
4990.79
4991.06
4995.76
4999.38
5003.33
5007.83
5008.59
5008.64
5010.59
5011.84
5014.88
5020.03
5020.14
5025.09
5026.34
5036.19
5040.88
5041.48
5043.50
5044.21
5045.08
5045.96
5050.22
5051.09
5057.93
5065.21
5069.76
5070.14
5084.59
5094.84
5095.17
5095.61
5095.94
5112.17
5112.67
5113.45
5119.15
5119.54
5120.37
5121.14
5124.47
5124.91
5126.35
5127.30
5128.24
5129.63
5133.51
5135.07
5139.24
5142.85
5145.36
5145.58
5147.92
5149.81
5154.33
5158.96
5159.24
5160.08
5161.75
5163.04
5166.11
5167.84
5171.98
5173.05
5173.05
5174.45
5175.40
5182.51
5182.68
5183.24
5186.16
5187.11
5187.34
5187.73
5188.29
5193.80
5195.93
5199.64
5200.26
5206.12
5206.63
5208.54
5210.06
5210.46
5214.69
5215.42
5215.48
5224.23
5226.27
5226.38
5233.51
5235.04
5237.53
5241.33
5246.49
5247.40
5247.69
5250.13
5252.80
5252.91
5254.50
5261.33
5261.90
5271.70
5271.93
5272.50
5272.90
5273.13
5273.30
5273.53
5276.32
5278.55
5281.86
5283.41
5283.52
5285.29
5287.30
5290.56
5292.85
5293.08
5297.55
5298.52
5305.00
5306.21
5310.92
5312.07
5312.12
5315.98
5319.66
5324.44
5326.34
5327.38
5327.61
5328.82
5331.47
5333.55
5335.16
5336.72
5337.13
5340.36
5340.94
5341.00
5342.33
5342.85
5348.98
5351.70
5352.86
5353.15
5354.48
5355.06
5355.35
5356.51
5358.01
5361.26
5364.11
5366.14
5367.59
5368.40
5369.51
5370.55
5370.84
5374.04
5376.02
5376.66
5377.76
5378.52
5379.16
5381.08
5384.57
5388.19
5388.54
5390.93
5391.86
5394.95
5396.24
5400.15
5401.03
5401.26
5401.90
5405.30
5408.16
5409.86
5418.41
5422.34
5422.40
5422.93
5423.10
5425.98
5426.22
5426.22
5428.45
5440.79
5449.22
5449.69
5451.22
5461.97
5468.30
5477.48
5480.26
5481.86
5485.72
5486.73
5488.27
5492.25
5494.81
5496.12
5497.60
5501.23
5503.49
5503.61
5504.39
5504.92
5506.77
5510.82
5519.18
5519.72
5521.39
5522.70
5523.42
5526.11
5528.08
5530.06
5530.18
5531.49
5533.65
5541.26
5551.46
5551.94
5556.81
5556.99
5566.80
5567.34
5567.34
5569.93
5571.56
5571.62
5573.67
5575.30
5578.01
5579.82
5580.37
5580.73
5583.02
5583.39
5583.93
5584.29
5586.10
5589.43
5589.85
5590.88
5593.36
5596.57
5597.30
5599.30
5600.75
5602.45
5603.24
5603.54
5605.54
5610.76
5610.82
5611.97
5612.34
5617.32
5618.23
5626.02
5627.29
5628.76
5630.10
5631.80
5633.20
5638.02
5638.69
5641.25
5642.90
5643.21
5643.51
5646.51
5654.58
5656.05
5658.19
5662.29
5664.56
5664.86
5671.73
5671.79
5674.62
5680.70
5682.36
5682.97
5685.19
5685.19
5685.87
5686.73
5687.28
5690.36
5690.48
5690.85
5692.27
5692.51
5693.25
5693.31
5694.30
5694.55
5700.28
5700.96
5704.72
5705.03
5706.02
5708.98
5712.50
5719.74
5720.05
5720.42
5721.41
5724.26
5724.26
5725.31
5725.75
5726.18
5730.89
5734.55
5735.23
5736.10
5738.71
5743.18
5746.29
5747.16
5747.41
5750.39
5751.51
5756.68
5758.43
5761.54
5762.98
5763.16
5768.40
5769.28
5781.59
5781.84
5782.78
5783.09
5784.03
5784.03
5784.28
5785.84
5793.11
5796.12
5798.44
5798.82
5798.82
5806.10
5806.91
5814.46
5816.91
5817.86
5820.56
5821.64
5828.95
5829.45
5830.15
5834.56
5837.72
5844.42
5844.74
5846.00
5846.32
5846.95
5854.17
5857.52
5857.71
5860.57
5860.88
5862.34
5863.99
5867.10
5869.83
5870.15
5872.94
5873.77
5876.63
5878.48
5879.68
5886.18
5895.16
5896.69
5900.97
5902.31
5903.08
5905.31
5911.19
5912.35
5914.65
5914.78
5917.85
5920.09
5923.87
5924.71
5925.73
5926.31
5932.92
5934.46
5939.53
5939.72
5943.00
5943.00
5943.13
5943.32
5943.52
5944.10
5955.04
5955.17
5956.97
5957.75
5960.20
5963.16
5964.71
5967.94
5973.04
5973.11
5974.14
5975.11
5976.53
5976.86
5982.62
5984.88
5985.46
5986.82
5988.83
5990.52
5990.58
5992.59
5992.66
5993.95
5994.67
6004.60
6004.86
6006.22
6008.43
6011.17
6012.01
6014.29
6014.35
6015.59
6018.32
6020.28
6021.84
6022.30
6023.41
6024.90
6030.32
6033.25
6036.19
6036.58
6041.09
6047.83
6054.11
6057.72
6059.55
6059.75
6060.01
6062.57
6067.36
6067.43
6067.69
6069.26
6080.18
6082.15
6082.87
6083.73
6085.90
6087.02
6087.42
6090.78
6097.30
6100.07
6102.72
6106.94
6108.00
6108.13
6112.10
6113.09
6114.15
6114.48
6132.77
6134.16
6137.15
6137.15
6138.21
6146.19
6146.92
6147.32
6148.25
6148.65
6154.04
6159.57
6161.23
6162.17
6166.30
6167.24
6167.84
6168.57
6168.77
6173.11
6174.51
6179.59
6181.06
6186.28
6187.15
6187.49
6194.25
6196.46
6196.60
6196.67
6199.48
6200.29
6203.11
6204.05
6208.68
6212.98
6214.06
6215.80
6228.33
6229.07
6230.68
6236.08
6236.89
6237.02
6238.24
6239.45
6241.55
6243.98
6244.59
6247.16
6249.45
6259.54
6261.16
6263.20
6264.01
6270.59
6271.26
6275.81
6276.15
6278.39
6279.55
6284.78
6285.33
6287.37
6288.25
6289.54
6290.16
6291.99
6293.22
6299.62
6300.65
6301.46
6301.53
6302.28
6305.90
6313.68
6317.23
6318.81
6320.45
6320.93
6327.84
6328.45
6329.48
6332.91
6333.86
6335.78
6337.16
6340.10
6340.17
6342.16
6351.30
6354.32
6355.15
6357.83
6360.17
6362.99
6370.08
6375.32
6375.39
6375.39
6376.57
6377.05
6379.60
6381.19
6387.68
6388.10
6395.29
6396.81
6397.16
6397.71
6398.61
6400.62
6413.17
6413.86
6416.15
6417.82
6419.69
6422.33
6423.86
6425.53
6425.74
6429.15
6431.86
6432.00
6432.35
6437.01
6438.20
6439.38
6442.59
6443.35
6446.49
6447.89
6447.96
6455.22
6461.57
6463.11
6463.60
6463.74
6465.77
6472.70
6475.92
6481.18
6484.48
6485.25
6488.06
6490.09
6490.16
6492.62
6492.69
6495.36
6498.66
6499.02
6499.09
6501.76
6504.36
6510.77
6511.47
6512.32
6512.81
6516.34
6517.61
6520.50
6524.52
6532.22
6533.71
6533.71
6534.62
6537.52
6537.67
6539.72
6541.70
6542.97
6549.70
6555.66
6557.36
6559.42
6570.07
6577.40
6582.74
6585.87
6586.16
6590.29
6592.22
6592.29
6596.71
6600.50
6601.85
6607.00
6610.86
6610.93
6611.43
6614.44
6617.44
6619.52
6622.89
6624.46
6629.41
6632.35
6635.37
6638.02
6638.67
6640.11
6643.27
6645.86
6646.50
6646.65
6646.94
6648.52
6649.53
6650.32
6653.92
6655.14
6655.79
6659.10
6659.46
6660.25
6661.34
6663.21
6664.00
6666.67
6667.03
6669.34
6671.07
6672.59
6674.18
6675.62
6675.62
6677.43
6682.92
6687.62
6688.92
6693.27
6698.12
6699.86
6702.11
6712.41
6712.70
6715.47
6721.57
6722.37
6729.07
6730.23
6730.45
6732.64
6738.25
6740.36
6743.86
6749.05
6749.92
6758.11
6759.35
6760.89
6769.74
6774.65
6777.22
6780.15
6780.74
6781.11
6790.50
6791.02
6792.12
6795.13
6800.80
6801.31
6801.53
6814.94
6817.45
6817.52
6830.15
6831.11
6836.95
6838.35
6849.68
6856.13
6856.80
6859.03
6859.25
6862.29
6862.37
6863.48
6865.27
6866.16
6868.76
6869.50
6872.99
6875.15
6875.15
6875.60
6880.36
6883.64
6883.71
6888.26
6890.57
6893.03
6898.47
6902.73
6906.39
6906.76
6908.48
6909.46
6912.52
6913.87
6914.47
6915.44
6916.56
6920.53
6920.75
6921.95
6926.90
6935.15
6935.15
6936.27
6938.07
6938.15
6941.08
6947.39
6948.74
6949.49
6953.78
6956.19
6957.47
6959.65
6960.40
6960.78
6972.69
6975.86
6977.75
6979.94
6983.26
6984.54
6984.77
6985.83
6986.43
6988.02
6989.84
6998.16
7000.58
7002.25
7004.60
7004.60
7008.31
7008.54
7011.50
7014.23
7020.15
7024.86
7029.58
7031.25
7036.05
7036.20
7040.77
7041.07
7042.14
7044.88
7046.94
7048.08
7049.69
7050.60
7055.41
7056.86
7060.60
7061.37
7065.11
7067.94
7074.52
7075.13
7078.19
7085.17
7086.85
7087.24
7093.76
7097.21
7098.52
7100.52
7103.82
7109.36
7109.82
7115.44
7117.98
7122.45
7122.60
7122.75
7123.14
7123.68
7128.07
7130.08
7135.40
7136.33
7138.42
7141.74
7142.43
7148.54
7149.16
7155.12
7160.31
7169.61
7169.69
7170.85
7174.11
7176.28
7186.00
7186.62
7190.82
7193.70
7197.59
7199.30
7202.58
7216.30
7221.46
7224.59
7228.96
7233.11
7234.13
7243.06
7245.57
7245.96
7250.98
7251.76
7252.31
7267.94
7271.40
7277.94
7279.75
7282.51
7285.11
7291.18
7292.60
7293.78
7294.65
7297.89
7302.07
7303.97
7306.26
7312.03
7325.89
7327.00
7327.16
7334.46
7335.33
7337.87
7344.46
7347.48
7348.68
7352.02
7361.49
7362.45
7364.20
7371.37
7375.52
7376.32
7377.20
7378.15
7381.51
7387.50
7388.46
7393.58
7397.66
7399.58
7400.06
7401.58
7402.62
7415.05
7415.85
7419.22
7420.35
7421.15
7421.31
7421.55
7421.79
7422.59
7423.32
7423.32
7424.68
7434.09
7442.54
7443.75
7445.92
7453.34
7453.58
7456.32
7462.13
7474.33
7477.33
7478.78
7487.93
7491.50
7498.39
7499.04
7499.12
7501.64
7515.20
7516.59
7517.64
7518.21
7520.57
7525.70
7534.01
7544.78
7546.33
7549.02
7552.95
7558.42
7560.79
7562.10
7564.97
7565.54
7566.20
7572.99
7574.55
7574.55
7576.35
7576.76
7581.36
7581.44
7591.04
7602.96
7603.21
7605.76
7607.65
7608.23
7611.60
7626.28
7629.74
7631.48
7633.87
7638.17
7642.47
7642.80
7645.20
7646.35
7648.26
7648.67
7655.71
7656.70
7659.02
7660.02
7663.25
7679.43
7681.01
7681.60
7682.76
7697.99
7702.40
7705.07
7706.90
7707.07
7709.07
7710.91
7714.58
7716.42
7717.67
7719.34
7724.94
7730.45
7734.22
7734.39
7734.72
7737.40
7740.00
7740.08
7741.17
7743.68
7745.19
7747.37
7755.50
7759.20
7771.55
7774.66
7778.45
7778.70
7778.87
7779.20
7779.46
7781.06
7782.49
7797.83
7800.44
7813.20
7817.09
7819.29
7824.11
7825.80
7834.19
7835.46
7837.33
7842.93
7843.35
7843.78
7845.90
7847.17
7848.61
7848.78
7854.31
7855.58
7861.62
7867.83
7868.00
7870.21
7870.89
7872.77
7873.45
7875.67
7883.76
7885.39
7890.93
7896.66
7904.26
7905.29
7908.28
7916.33
7917.70
7919.33
7921.90
7923.53
7925.42
7937.17
7945.33
7948.17
7948.26
7951.53
7952.73
7953.33
7953.68
7954.88
7967.29
7967.72
7968.32
7968.75
7969.53
7971.94
7972.46
7972.98
7974.10
7974.62
7975.48
7981.87
7989.56
7991.63
7997.86
8004.27
8012.50
8034.29
8035.16
8042.20
8046.64
8056.49
8058.49
8064.68
8067.65
8067.74
8072.37
8074.64
8083.47
8083.64
8083.99
8092.39
8103.26
8106.94
8109.31
8114.49
8115.37
8115.45
8125.82
8126.88
8128.02
8133.12
8140.87
8145.89
8146.77
8147.30
8152.15
8152.24
8152.86
8160.18
8163.45
8166.10
8167.60
8168.31
8173.44
8173.44
8174.85
8176.53
8180.96
8181.58
8185.47
8190.17
8191.41
8191.59
8192.65
8193.80
8195.31
8196.02
8201.96
8203.38
8209.33
8212.89
8223.82
8228.81
8229.96
8230.41
8232.19
8236.82
8238.16
8242.44
8246.19
8258.06
8264.68
8267.00
8269.95
8279.80
8283.92
8287.06
8288.59
8289.12
8298.82
8302.68
8309.96
8310.68
8315.26
8316.16
8329.04
8329.58
8332.83
8343.83
8343.92
8345.28
8346.36
8346.63
8355.04
8355.04
8360.73
8363.90
8364.17
8364.26
8367.79
8368.15
8373.77
8374.04
8374.31
8377.76
8383.74
8387.82
8390.28
8391.64
8396.63
8397.18
8398.90
8399.36
8404.36
8412.91
8437.52
8445.01
8446.20
8447.57
8449.58
8451.23
8463.12
8470.18
8475.13
8476.69
8479.35
8483.02
8483.02
8485.59
8490.82
8495.88
8497.44
8507.93
8510.51
8511.43
8518.43
8521.56
8527.10
8534.30
8536.60
8544.46
8547.60
8555.65
8559.36
8563.25
8563.53
8566.86
8579.48
8585.51
8588.86
8589.04
8599.09
8605.69
8610.82
8616.41
8618.83
8619.21
8627.04
8627.04
8627.32
8629.28
8637.13
8646.01
8648.82
8652.00
8658.84
8659.12
8680.88
8683.51
8683.61
8693.67
8700.91
8702.61
8703.45
8714.01
8728.63
8730.24
8730.81
8731.47
8733.26
8735.06
8737.61
8747.26
8752.09
8755.21
8763.93
8764.78
8768.58
8775.41
8776.17
8777.22
8778.36
8778.45
8785.77
8792.23
8794.52
8801.18
8802.90
8810.90
8812.14
8823.97
8825.98
8827.12
8849.02
8862.15
8863.68
8865.31
8866.37
8868.09
8868.48
8870.88
8870.97
8871.64
8871.74
8876.25
8882.59
8882.69
8884.71
8887.88
8888.75
8889.23
8895.10
8897.89
8899.24
8901.93
8902.03
8913.11
8916.20
8917.84
8918.61
8921.99
8922.09
8922.76
8924.79
8924.98
8929.62
8931.65
8933.00
8938.99
8939.19
8939.67
8950.51
8954.10
8956.42
8957.29
8957.39
8965.34
8970.00
8970.68
8987.19
8989.92
8994.00
8995.46
8998.97
9002.47
9017.49
9019.93
9025.00
9025.59
9033.60
9037.31
9037.41
9039.37
9040.35
9041.81
9042.30
9042.79
9046.31
9051.80
9054.83
9059.34
9060.81
9063.46
9064.83
9065.22
9065.52
9071.50
9071.99
9076.61
9092.93
9094.11
9097.06
9103.95
9117.75
9122.79
9123.77
9127.13
9127.23
9134.04
9137.41
9140.77
9148.19
9149.67
9152.84
9159.08
9162.75
9164.44
9166.42
9166.72
9168.01
9174.95
9179.82
9181.01
9182.60
9187.97
9188.56
9189.76
9192.54
9196.72
9197.61
9202.59
9208.87
9210.26
9211.06
9218.14
9218.34
9221.23
9228.02
9230.81
9244.61
9251.61
9264.13
9268.74
9272.35
9277.77
9289.32
9289.63
9295.36
9300.09
9310.96
9311.76
9311.76
9312.67
9319.83
9334.06
9335.98
9339.92
9341.43
9353.47
9353.47
9359.74
9361.47
9362.28
9364.51
9367.95
9376.27
9378.40
9384.18
9398.41
9400.65
9406.04
9415.10
9419.28
9429.47
9434.48
9438.05
9442.95
9443.46
9452.77
9453.99
9454.91
9457.16
9457.37
9468.22
9469.04
9472.63
9478.78
9480.73
9482.27
9482.47
9486.27
9495.00
9496.13
9498.18
9500.03
9500.14
9507.23
9507.33
9515.98
9521.44
9522.36
9523.91
9525.25
9527.52
9532.16
9533.70
9536.39
9538.04
9541.13
9541.24
9551.05
9554.15
9565.32
9566.05
9574.33
9575.16
9580.03
9582.00
9586.46
9587.70
9587.91
9590.71
9592.06
9592.37
9606.91
9616.38
9627.72
9629.70
9632.10
9645.14
9647.95
9653.17
9654.11
9656.83
9665.19
9671.99
9677.23
9680.26
9684.87
9689.49
9696.62
9701.86
9702.39
9706.59
9714.47
9719.94
9721.72
9724.99
9729.41
9729.83
9734.14
9734.46
9736.46
9746.16
9750.69
9753.54
9753.86
9757.76
9758.08
9759.67
9764.74
9767.38
9772.98
9776.68
9779.96
9780.38
9788.96
9791.08
9795.10
9796.91
9798.50
9802.95
9805.92
9807.51
9815.69
9815.90
9818.77
9825.14
9841.42
9848.88
9850.69
9851.54
9866.05
9866.58
9868.72
9874.49
9875.02
9879.08
9888.17
9888.28
9890.95
9894.59
9894.70
9899.09
9906.16
9916.56
9919.78
9934.71
9936.22
9937.29
9944.72
9959.04
9960.11
9963.67
9977.16
9981.15
9983.31
9986.88
9988.50
9989.04
9993.04
9998.23
9998.88
10000.18
10005.48
10017.72
10021.95
10023.47
10034.32
10035.29
10036.81
10044.74
10049.09
10056.49
10059.54
10062.58
10075.66
10084.27
10086.02
10086.46
10090.82
10103.93
10105.57
10107.76
10123.41
10125.93
10129.66
10133.49
10162.70
10176.34
10178.88
10180.86
10188.68
10193.75
10196.62
10197.40
10201.04
10201.48
10201.59
10204.46
10206.89
10208.21
10208.66
10231.77
10236.20
10238.30
10243.29
10258.70
10264.03
10269.25
10275.70
10279.15
10279.48
10282.26
10291.61
10299.30
10309.44
10310.45
10317.03
10332.00
10334.01
10335.35
10336.92
10347.10
10347.33
10351.13
10356.74
10357.18
10363.57
10376.59
10385.12
10401.54
10406.16
10406.27
10407.73
10409.31
10410.44
10419.57
10422.50
10428.36
10432.88
10440.33
10459.66
10463.51
10465.10
10465.89
10470.87
10482.44
10485.95
10488.56
10490.72
10496.06
10497.19
10499.69
10501.05
10501.74
10502.42
10512.31
10516.40
10522.55
10523.00
10526.65
10526.99
10527.56
10531.66
10531.78
10537.93
10539.75
10540.10
10540.90
10543.40
10554.36
10559.50
10563.27
10567.62
10573.91
10575.39
10596.24
10597.39
10602.43
10612.53
10617.47
10623.79
10624.71
10628.16
10639.90
10640.70
10643.70
10645.77
10659.60
10665.14
10668.60
10670.68
10676.68
10677.84
10683.62
10694.84
10704.79
10707.57
10713.83
10715.11
10718.58
10722.76
10730.07
10730.54
10737.04
10737.27
10738.78
10743.78
10744.13
10744.48
10744.83
10747.85
10778.71
10779.18
10782.09
10791.66
10791.90
10795.17
10798.55
10804.51
10806.27
10817.03
10818.90
10822.30
10835.30
10852.08
10852.67
10857.72
10859.95
10871.71
10872.88
10873.71
10877.12
10885.95
10895.61
10897.26
10902.69
10905.05
10907.29
10921.34
10925.83
10925.83
10928.20
10931.15
10946.30
10951.75
10951.99
10965.86
10966.58
10971.68
10980.59
10983.44
11006.99
11009.02
11020.58
11027.14
11032.63
11045.65
11048.28
11057.84
11061.79
11081.32
11082.88
11088.75
11096.20
11100.76
11101.36
11104.48
11108.21
11110.73
11110.85
11112.78
11114.82
11120.23
11121.44
11123.00
11124.45
11135.16
11141.19
11144.69
11146.13
11150.47
11153.49
11154.46
11160.01
11160.49
11163.75
11168.59
11169.31
11170.28
11172.82
11177.77
11178.50
11180.43
11190.72
11196.66
11200.17
11209.75
11212.05
11214.84
11215.09
11219.58
11223.34
11224.07
11225.53
11228.68
11234.76
11263.36
11266.78
11272.87
11284.47
11286.91
11290.33
11296.68
11302.80
11303.28
11311.48
11320.79
11325.20
11335.62
11342.12
11348.01
11348.38
11348.50
11348.50
11351.94
11358.58
11362.51
11367.43
11368.04
11370.75
11375.92
11380.60
11391.31
11396.74
11414.76
11420.44
11421.80
11422.42
11423.53
11428.35
11433.05
11437.63
11441.46
11446.66
11449.39
11449.64
11456.95
11457.44
11460.92
11472.70
11487.61
11490.84
11492.21
11493.70
11503.16
11520.22
11520.72
11522.59
11532.94
11544.55
11562.93
11563.93
11568.56
11574.32
11583.59
11588.35
11595.50
11597.76
11599.27
11603.41
11606.92
11614.34
11618.86
11619.11
11625.90
11627.79
11630.68
11637.35
11640.00
11642.14
11647.31
11658.40
11669.25
11674.94
11675.95
11688.46
11701.12
11710.11
11710.11
11710.99
11722.40
11737.63
11739.54
11741.06
11751.10
11759.63
11770.32
11771.34
11774.90
11776.81
11776.94
11777.83
11781.79
11785.74
11786.12
11789.31
11794.54
11797.22
11810.89
11811.91
11821.11
11824.70
11832.63
11839.03
11839.80
11848.77
11868.53
11869.43
11884.34
11891.54
11892.31
11893.60
11912.27
11913.30
11921.82
11924.27
11925.30
11925.81
11931.62
11937.17
11945.44
11950.23
11952.43
11953.20
11959.93
11962.91
11969.77
11982.08
11987.00
11991.93
11993.10
11995.96
11996.87
12005.57
12009.59
12016.61
12034.31
12036.52
12037.69
12055.16
12057.90
12058.94
12062.33
12064.03
12067.69
12068.34
12070.04
12073.82
12080.36
12092.65
12095.92
12097.76
12102.86
12126.72
12139.06
12144.97
12150.36
12153.91
12155.49
12156.14
12158.38
12165.49
12192.24
12207.02
12208.34
12211.51
12235.32
12238.36
12240.75
12241.54
12257.98
12259.57
12263.02
12264.48
12278.68
12279.48
12287.59
12291.44
12300.89
12309.81
12311.01
12311.94
12314.61
12319.27
12321.80
12324.20
12326.07
12328.60
12341.55
12342.22
12349.96
12360.39
12365.47
12374.58
12380.47
12384.35
12387.97
12391.46
12394.81
12399.91
12407.96
12419.38
12423.41
12429.59
12432.55
12444.93
12447.09
12453.82
12454.50
12464.88
12467.71
12502.97
12503.92
12512.58
12530.87
12541.99
12545.93
12549.46
12550.68
12553.94
12556.25
12562.91
12569.70
12572.70
12577.19
12583.58
12587.67
12587.81
12590.12
12590.80
12604.16
12609.62
12620.81
12626.27
12631.87
12635.70
12638.57
12642.81
12646.64
12656.23
12656.77
12670.06
12670.89
12678.98
12695.72
12708.23
12713.87
12718.41
12725.84
12727.08
12732.45
12734.80
12736.31
12740.03
12746.65
12750.24
12753.41
12767.77
12768.18
12791.00
12791.97
12800.83
12820.65
12825.92
12826.48
12827.73
12830.23
12833.00
12877.51
12894.80
12896.06
12897.73
12898.43
12909.60
12920.36
12930.15
12930.85
12931.41
12934.20
12941.48
12951.15
12955.07
12962.78
12963.49
12967.55
12973.87
12986.23
12997.47
13006.34
13009.29
13017.32
13019.71
13023.66
13025.63
13032.54
13041.85
13054.27
13056.39
13064.16
13066.71
13067.27
13073.92
13079.58
13085.10
13087.36
13090.48
13102.52
13116.28
13116.71
13117.70
13123.52
13130.06
13131.34
13136.17
13137.02
13153.52
13155.65
13161.92
13169.04
13171.18
13179.59
13182.01
13187.15
13188.86
13190.00
13195.14
13202.14
13204.71
13205.28
13210.71
13218.58
13230.02
13242.62
13272.46
13285.97
13295.60
13297.04
13298.77
13298.91
13300.06
13306.11
13311.44
13311.58
13343.16
13345.18
13350.09
13360.06
13365.12
13388.86
13408.14
13409.15
13410.32
13412.35
13436.89
13439.22
13462.80
13467.75
13469.35
13470.52
13470.96
13481.02
13483.21
13489.19
13493.71
13498.09
13506.13
13506.42
13509.64
13514.75
13524.41
13526.02
13558.55
13571.61
13575.43
13576.60
13579.98
13586.45
13587.33
13598.51
13633.13
13673.90
13678.78
13678.93
13694.48
13702.63
13712.27
13720.58
13733.65
13738.71
13739.30
13742.13
13745.84
13753.58
13754.32
13763.85
13775.62
13801.88
13804.12
13814.88
13816.07
13826.39
13840.01
13858.14
13858.29
13866.54
13873.45
13881.85
13884.11
13908.31
13914.49
13917.20
13927.14
13953.08
13980.13
13986.18
13986.64
14010.26
14011.02
14029.53
14031.96
14044.11
14049.28
14052.47
14054.14
14060.99
14067.99
14092.82
14097.39
14112.81
14121.97
14134.97
14142.00
14142.31
14144.76
14157.62
14178.93
14182.76
14186.29
14186.45
14201.34
14209.03
14213.03
14213.18
14214.41
14216.72
14223.64
14224.26
14233.19
14246.74
14253.53
14254.15
14256.77
14260.32
14260.47
14265.10
14273.28
14273.44
14300.49
14305.29
14309.16
14312.87
14313.34
14317.52
14338.60
14354.44
14354.75
14356.61
14358.78
14360.80
14370.91
14375.88
14397.99
14399.08
14404.53
14411.70
14411.70
14414.82
14420.75
14444.17
14444.96
14452.30
14460.59
14477.81
14485.96
14501.33
14523.47
14555.40
14569.74
14576.84
14581.57
14584.25
14589.15
14595.15
14609.52
14612.37
14615.53
14618.69
14625.02
14626.29
14628.66
14648.14
14659.08
14663.37
14670.82
14674.32
14675.59
14698.47
14701.33
14716.77
14718.84
14736.05
14736.69
14767.97
14796.44
14796.76
14801.41
14811.50
14847.92
14853.39
14864.48
14865.12
14868.34
14868.82
14885.88
14890.39
14896.20
14898.94
14900.39
14909.90
14926.20
14943.33
14945.27
14957.41
14959.67
14968.58
14971.82
14977.97
14983.97
14991.43
14992.24
15000.35
15005.06
15010.10
15020.98
15048.47
15050.59
15051.73
15083.68
15085.15
15088.25
15101.81
15116.85
15121.10
15124.05
15127.16
15136.00
15147.47
15147.63
15162.39
15172.40
15195.89
15226.01
15229.96
15276.01
15285.43
15288.91
15298.50
15307.11
15313.90
15317.88
15319.37
15320.20
15325.67
15334.63
15340.77
15343.76
15351.07
15353.72
15366.19
15369.18
15371.84
15376.67
15376.83
15382.32
15387.32
15387.48
15387.65
15409.14
15412.14
15415.31
15427.49
15436.51
15439.52
15440.85
15446.03
15454.72
15468.44
15494.07
15494.57
15499.60
15501.95
15522.60
15538.06
15565.99
15608.83
15615.75
15619.98
15636.72
15645.35
15650.93
15663.98
15666.52
15671.10
15671.27
15678.22
15716.44
15733.96
15739.07
15741.11
15744.86
15749.63
15753.04
15756.79
15757.30
15762.76
15779.14
15802.37
15814.01
15816.23
15845.52
15853.92
15859.93
15866.28
15867.48
15872.98
15880.88
15885.86
15889.99
15891.02
15891.19
15891.36
15894.63
15903.40
15903.92
15904.61
15907.02
15913.56
15920.45
15920.62
15944.06
15946.82
15948.72
15949.41
15955.11
15958.22
15967.89
15990.54
16023.96
16036.97
16057.81
16070.67
16087.20
16088.24
16101.13
16103.22
16113.50
16115.42
16116.64
16118.56
16129.72
16131.99
16148.23
16162.92
16172.89
16177.09
16181.11
16181.46
16184.79
16188.47
16190.75
16195.65
16199.86
16226.00
16226.52
16229.33
16232.14
16241.28
16243.21
16252.53
16256.22
16261.15
16269.59
16273.11
16288.26
16291.44
16306.78
16310.48
16317.01
16336.80
16338.04
16343.16
16350.95
16358.73
16369.36
16377.33
16379.45
16381.76
16411.21
16427.20
16433.24
16445.69
16447.29
16449.07
16465.46
16487.38
16492.20
16496.13
16504.70
16524.17
16528.28
16530.07
16530.61
16530.61
16544.57
16551.19
16551.37
16566.42
16605.00
16611.11
16621.00
16635.21
16640.61
16644.94
16666.56
16696.16
16702.48
16709.17
16717.67
16721.65
16746.09
16754.07
16776.38
16780.37
16804.36
16818.18
16835.66
16892.04
16894.05
16894.05
16895.51
16903.01
16919.84
16986.98
17016.78
17019.73
17033.18
17056.23
17072.29
17077.46
17079.87
17091.70
17092.07
17099.10
17101.87
17108.53
17110.76
17120.01
17134.10
17136.69
17137.25
17148.56
17161.74
17201.15
17202.27
17204.13
17205.44
17217.73
17237.30
17238.23
17246.25
17247.19
17247.37
17250.73
17268.85
17271.09
17281.93
17291.66
17298.21
17298.39
17303.07
17329.86
17339.81
17351.07
17351.25
17351.63
17360.08
17370.60
17379.06
17387.71
17388.47
17388.47
17390.72
17405.41
17405.78
17424.25
17450.47
17453.87
17454.82
17500.96
17502.09
17504.37
17509.86
17525.40
17550.26
17565.08
17570.78
17581.62
17584.66
17605.61
17627.53
17656.73
17665.90
17669.15
17690.39
17710.11
17712.60
17723.72
17731.97
17745.21
17763.08
17767.88
17773.46
17786.35
17787.89
17825.65
17845.72
17850.74
17900.83
17908.39
17915.95
17919.05
17919.83
17943.88
17951.46
17959.81
17965.45
17969.92
17981.20
18006.70
18008.26
18009.04
18011.97
18012.35
18014.89
18020.74
18029.32
18037.90
18044.93
18068.38
18081.87
18113.00
18123.79
18140.66
18141.25
18143.21
18155.19
18173.27
18176.22
18180.74
18204.76
18214.02
18219.14
18219.93
18232.95
18243.01
18244.98
18255.84
18305.09
18342.96
18379.52
18380.11
18384.89
18390.26
18396.63
18400.01
18400.01
18402.80
18425.71
18435.08
18469.02
18482.42
18483.82
18490.62
18498.22
18506.03
18524.26
18532.48
18546.72
18556.35
18587.30
18597.96
18609.64
18620.31
18626.56
18635.23
18655.60
18665.09
18672.36
18677.62
18680.85
18687.93
18692.58
18695.00
18717.27
18727.40
18737.12
18773.65
18779.14
18780.56
18782.39
18782.59
18783.40
18793.98
18800.28
18832.24
18852.63
18861.81
18867.32
18871.00
18888.36
18909.01
18924.77
18947.31
18971.52
19005.01
19005.62
19033.40
19054.21
19083.31
19104.58
19114.92
19116.99
19147.63
19168.56
19175.62
19177.69
19183.50
19192.84
19195.34
19196.38
19228.80
19233.59
19241.71
19255.45
19274.84
19276.72
19286.73
19300.72
19301.34
19328.51
19335.41
19336.88
19358.02
19373.53
19380.86
19401.84
19411.71
19411.92
19434.20
19451.45
19483.26
19497.60
19502.45
19508.57
19509.62
19514.06
19533.91
19535.61
19542.16
19559.08
19562.04
19564.16
19565.01
19567.34
19568.40
19587.25
19603.15
19610.36
19623.52
19674.33
19678.80
19694.57
19697.97
19736.38
19743.64
19753.89
19765.65
19768.43
19779.34
19783.41
19806.33
19815.76
19824.12
19829.49
19849.66
19899.34
19899.55
19902.14
19906.66
19907.31
19942.01
19960.36
19967.06
19998.19
20001.22
20007.93
20017.89
20019.41
20021.57
20029.16
20038.26
20038.70
20042.82
20046.50
20050.41
20053.66
20074.72
20087.76
20112.33
20121.91
20128.22
20132.14
20141.08
20148.05
20184.27
20201.31
20201.53
20234.12
20272.91
20295.52
20301.89
20317.49
20328.48
20330.90
20365.69
20378.25
20399.87
20440.53
20451.14
20466.64
20475.72
20476.83
20532.07
20564.31
20585.23
20605.29
20612.42
20640.10
20647.02
20659.98
20662.44
20665.35
20665.35
20674.52
20676.98
20700.71
20709.67
20725.81
20745.10
20777.00
20778.12
20786.67
20786.67
20839.14
20850.64
20850.64
20861.92
20870.05
20891.29
20896.26
20897.84
20903.04
20905.31
20906.21
20913.68
20921.82
20924.31
20942.21
20959.21
20976.90
20990.07
21016.89
21020.07
21039.87
21043.74
21054.44
21082.71
21088.41
21102.34
21102.56
21114.90
21116.27
21139.81
21140.73
21154.46
21156.75
21180.80
21195.70
21239.54
21271.51
21282.56
21288.78
21295.46
21298.69
21326.59
21336.98
21337.21
21343.90
21350.60
21367.01
21386.44
21409.59
21438.57
21487.56
21491.75
21503.38
21515.48
21528.76
21593.38
21594.54
21604.59
21613.95
21634.77
21637.58
21652.57
21675.07
21703.70
21716.38
21716.38
21724.14
21729.78
21738.48
21750.24
21771.43
21812.46
21822.14
21835.84
21885.98
21947.88
21974.25
21986.86
21987.09
22043.55
22054.28
22060.49
22061.20
22065.50
22127.90
22148.02
22174.88
22204.17
22219.55
22283.35
22285.76
22310.61
22320.51
22320.99
22340.32
22349.27
22356.76
22369.10
22380.24
22387.02
22405.19
22455.43
22462.48
22467.34
22476.09
22481.44
22494.83
22501.64
22529.41
22535.75
22539.17
22546.48
22552.10
22585.79
22586.77
22589.22
22595.82
22617.58
22630.07
22634.72
22635.21
22653.34
22661.92
22680.81
22682.28
22694.07
22701.68
22704.63
22718.39
22757.75
22758.00
22800.64
22803.10
22830.75
22851.26
22866.60
22868.58
22873.03
22877.74
22917.13
22938.96
22975.72
22991.39
23016.77
23025.49
23048.17
23066.88
23097.85
23114.60
23135.87
23136.12
23160.92
23167.94
23190.51
23198.79
23203.31
23205.57
23220.39
23222.90
23224.66
23241.75
23254.08
23263.14
23268.17
23301.93
23302.69
23350.64
23363.53
23372.12
23392.87
23413.13
23418.95
23436.45
23442.02
23456.23
23458.52
23465.12
23466.13
23469.94
23500.43
23517.48
23556.69
23562.81
23616.41
23704.22
23755.31
23775.63
23787.98
23943.43
23954.31
23976.35
23981.02
23983.10
24019.71
24022.05
24035.05
24062.89
24068.62
24081.65
24102.24
24114.76
24123.63
24220.66
24246.88
24261.58
24272.08
24295.99
24313.87
24316.77
24348.36
24350.99
24358.37
24440.21
24470.11
24477.26
24493.95
24524.98
24560.03
24594.07
24614.30
24622.29
24640.95
24657.48
24666.82
24690.05
24696.46
24698.60
24717.85
24740.32
24781.31
24788.29
24849.51
24855.70
24859.73
24864.57
24887.45
24892.03
24897.42
24908.19
24918.98
24933.27
24946.76
24957.83
24964.04
24971.34
24974.85
24985.39
25008.38
25084.26
25086.16
25090.50
25098.92
25118.21
25158.19
25165.27
25166.90
25168.54
25179.16
25202.60
25218.15
25238.35
25285.63
25304.52
25326.98
25345.34
25373.33
25373.33
25375.80
25384.86
25389.26
25400.25
25407.40
25415.92
25417.02
25434.08
25464.64
25486.42
25531.13
25536.38
25539.97
25551.02
25567.06
25573.15
25581.45
25586.44
25591.14
25611.36
25633.26
25633.54
25650.74
25727.46
25729.68
25739.15
25763.95
25839.88
25845.75
25875.97
25897.26
25902.87
25909.59
25929.50
25944.94
25954.49
26055.21
26059.73
26077.21
26094.15
26119.29
26161.71
26195.14
26210.44
26225.48
26264.67
26275.75
26291.11
26328.97
26346.92
26352.91
26353.76
26428.86
26429.44
26471.51
26489.27
26490.99
26666.70
26681.42
26732.27
26790.18
26808.45
26827.89
26835.15
26857.52
26868.56
26907.55
26954.75
26961.75
26986.27
27004.38
27007.88
27164.38
27174.96
27177.90
27190.55
27192.61
27206.15
27217.92
27246.80
27306.71
27338.05
27341.30
27342.48
27510.44
27530.10
27565.56
27608.55
27663.57
27671.65
27721.99
27804.00
27832.29
27840.42
27866.34
27893.49
27915.53
27926.41
27947.26
27956.03
27996.29
28038.73
28048.75
28056.03
28070.00
28081.84
28088.53
28131.11
28145.11
28174.67
28283.40
28288.60
28300.24
28311.88
28325.36
28348.35
28513.85
28630.71
28729.39
28833.71
28912.75
28914.00
28924.32
28928.71
28934.34
28958.14
28985.73
28996.08
29042.86
29056.38
29095.39
29107.67
29167.57
29175.77
29186.82
29220.32
29338.80
29399.49
29461.27
29626.21
29654.75
29707.10
29754.71
29776.93
29796.91
29814.33
30002.99
30111.61
30161.50
30237.63
30244.83
30305.43
30335.61
30373.05
30415.81
30523.28
30710.44
30716.76
30738.04
30752.67
30869.35
30885.05
30899.43
30919.83
30944.93
30962.34
30969.38
31065.36
31071.08
31115.48
31117.84
31154.56
31157.93
31162.32
31232.53
31316.44
31407.72
31432.88
31452.61
31537.81
31625.62
31657.46
31667.06
31818.17
31973.82
32044.47
32267.83
32296.47
32361.54
32432.69
32658.76
32726.33
32820.29
32835.21
32901.00
33147.55
33153.65
33312.58
33479.15
33506.70
33604.00
34142.74
34382.60
34400.83
34426.89
34614.02
35024.66
35134.35
35134.73
35143.09
35247.81
35312.71
35319.59
35378.87
35458.96
36467.08
36813.17
37740.78
38011.67
38226.13
38731.55
39608.81
41786.20
41964.26
44165.40
