14.65
17.81
19.70
19.74
23.46
25.25
25.36
25.76
25.81
26.64
27.45
28.00
28.41
29.07
30.12
30.30
31.16
31.17
31.55
31.70
31.78
31.80
32.11
32.35
33.10
33.19
34.89
35.11
35.29
36.08
37.13
37.31
39.45
39.77
40.91
41.21
41.68
41.68
42.20
42.58
42.84
42.98
42.99
43.18
43.33
43.45
44.40
44.58
44.88
45.26
45.38
45.39
45.76
46.23
46.63
47.17
47.46
48.26
48.31
48.49
48.51
48.64
49.31
49.92
50.20
50.37
51.03
51.07
52.47
53.14
53.62
53.66
53.77
53.97
54.02
54.51
55.45
55.66
56.42
57.02
58.84
59.81
60.00
60.76
60.76
60.77
61.37
61.42
61.61
61.75
61.86
61.93
62.10
62.64
63.33
64.27
64.45
64.82
65.49
65.95
66.49
66.70
67.09
68.03
68.12
68.34
68.39
68.41
68.45
68.80
68.97
69.82
69.91
70.01
70.27
70.34
71.10
71.50
71.53
71.60
71.92
71.93
72.19
73.91
73.92
74.00
74.14
74.31
74.76
75.41
75.53
75.66
75.81
76.11
77.01
77.14
77.31
77.73
78.32
78.71
78.79
79.21
80.23
80.50
80.56
80.56
81.47
81.52
82.40
82.45
82.46
82.79
83.17
83.27
83.60
84.31
84.48
84.53
84.55
84.85
84.90
84.92
85.51
85.72
85.81
85.85
86.51
87.35
88.05
88.34
88.53
88.61
88.61
88.62
89.06
89.47
90.34
90.48
90.55
90.62
91.98
92.03
92.23
92.30
92.79
92.80
94.04
94.09
94.46
94.48
94.66
95.26
95.48
96.37
96.69
96.81
96.87
97.84
97.93
97.95
98.31
98.35
98.71
98.87
98.92
99.87
100.28
100.29
100.80
100.99
101.44
102.83
103.07
103.30
103.43
103.47
103.86
104.05
104.79
104.86
105.43
106.41
106.66
107.09
107.36
107.70
108.24
108.28
108.54
108.67
109.15
109.52
110.06
110.66
110.66
110.69
110.86
111.38
111.69
112.15
113.33
113.36
113.94
114.49
115.05
115.35
115.42
115.73
115.82
115.88
116.00
116.97
117.09
117.34
117.96
118.03
118.22
118.37
118.50
118.56
119.34
119.46
119.83
119.87
120.45
121.12
121.19
121.43
121.59
121.67
121.76
122.02
122.22
122.35
122.39
122.48
123.17
123.26
123.48
123.88
124.43
124.67
124.97
125.42
125.66
125.67
125.68
125.72
125.75
125.94
126.01
126.59
126.69
126.80
126.90
127.00
127.15
127.20
127.31
127.86
129.36
129.60
129.63
129.66
131.06
131.19
131.37
131.97
132.02
132.05
132.15
132.38
132.44
132.44
132.94
133.32
133.40
133.64
134.45
134.89
135.11
135.45
135.67
136.08
136.20
136.48
136.70
136.87
137.17
137.51
137.54
137.59
137.60
137.74
138.52
138.71
139.22
139.43
139.44
139.88
140.42
140.82
140.95
141.01
141.26
141.54
141.80
142.19
142.26
142.31
142.46
143.17
144.23
144.48
144.51
144.70
144.91
145.30
145.60
145.75
146.18
146.51
146.84
147.11
147.42
148.73
148.91
149.03
149.17
149.20
149.27
149.29
149.40
149.41
149.85
149.96
149.96
150.11
150.44
150.56
150.64
151.09
151.12
151.29
151.62
151.64
151.76
151.96
151.96
152.03
152.05
152.19
152.85
152.91
153.40
153.65
154.03
154.06
154.13
154.27
154.28
154.29
154.37
154.46
154.55
154.73
154.89
155.17
155.77
156.61
156.65
156.87
156.91
156.93
157.17
157.20
157.29
157.51
157.74
157.87
158.13
158.17
158.19
158.47
158.91
158.95
159.00
159.32
159.41
159.53
160.87
160.87
161.22
161.78
162.67
162.98
163.16
163.24
163.29
163.42
163.60
163.92
163.93
163.96
164.21
164.40
164.43
164.85
165.55
165.93
165.98
166.47
167.04
167.71
168.01
168.09
168.28
168.64
168.95
169.09
169.30
169.65
169.68
169.89
169.91
170.00
170.44
171.33
171.40
171.70
171.89
172.12
172.26
172.56
172.79
172.87
173.57
173.99
174.14
174.20
174.46
174.58
174.70
174.95
175.26
175.38
175.39
175.71
175.98
176.12
176.22
176.54
176.56
176.94
176.97
176.97
177.16
177.16
177.53
177.67
178.09
178.16
178.28
178.56
179.63
179.84
179.90
180.39
180.41
180.59
180.86
181.16
181.46
181.57
182.07
182.57
183.38
183.72
183.92
184.31
184.36
184.52
184.68
184.70
184.84
185.25
185.76
186.29
186.60
186.83
187.02
187.04
187.65
188.09
188.63
189.10
189.62
189.73
190.14
190.18
190.61
190.65
190.93
191.02
192.99
193.28
194.00
194.04
194.14
194.15
194.35
194.58
194.89
195.12
195.20
195.34
195.37
195.39
195.43
195.45
195.63
195.91
196.35
197.05
197.32
197.46
198.00
198.18
198.74
199.07
199.13
199.19
199.23
199.52
199.54
199.73
199.77
199.81
199.84
200.20
200.46
200.54
200.93
201.22
201.46
201.65
201.74
201.92
201.94
202.24
202.40
202.44
202.46
203.52
203.67
203.79
203.84
203.92
203.92
203.95
204.42
204.51
204.53
204.99
205.03
205.15
206.03
206.18
206.38
206.86
207.03
207.28
207.70
207.78
208.06
208.24
208.29
208.78
208.83
209.38
209.39
209.66
209.67
210.02
210.57
210.62
210.63
211.37
211.44
211.49
212.20
212.46
212.72
212.75
212.77
213.17
213.46
213.50
214.06
214.15
214.58
215.09
215.10
215.24
215.50
215.86
216.16
216.20
216.24
216.47
216.63
217.31
217.46
217.46
218.58
218.63
218.66
218.68
220.42
220.99
221.12
221.25
221.34
221.45
222.25
223.05
223.42
223.95
224.06
224.56
224.90
225.09
225.45
225.58
226.05
226.17
226.47
227.05
227.42
228.34
228.82
228.97
229.32
229.97
230.47
231.22
231.24
231.51
232.18
232.23
232.27
232.40
232.40
232.65
233.31
233.33
233.65
234.23
234.50
234.51
234.70
234.82
235.03
235.16
235.17
235.35
235.35
235.64
235.65
236.09
236.10
236.38
236.63
236.64
236.92
237.09
237.09
237.14
237.18
237.22
237.29
237.57
238.07
238.14
238.88
238.92
239.53
239.84
239.86
239.86
239.94
241.23
241.48
241.77
241.91
241.97
242.23
242.29
242.50
242.71
243.03
243.59
243.64
243.86
244.83
245.08
245.46
245.59
245.88
245.97
246.01
246.78
246.99
247.09
247.13
247.38
247.44
247.52
247.53
248.32
248.85
248.96
248.98
249.02
249.34
250.10
250.24
251.25
251.42
251.44
251.82
251.85
252.36
252.49
252.59
252.81
252.99
253.06
253.84
254.39
254.43
254.83
255.06
255.42
255.49
255.63
255.95
256.56
256.76
256.92
256.94
257.14
257.55
257.93
258.12
258.66
259.03
259.37
259.41
259.55
259.73
259.98
260.25
260.80
260.96
261.41
261.89
262.25
262.53
262.74
262.77
263.13
263.14
263.31
263.55
263.62
263.69
263.91
264.58
265.21
266.42
266.50
266.93
267.06
267.17
269.24
269.45
269.97
270.51
270.75
270.79
271.25
271.41
272.11
272.17
272.21
272.47
272.96
273.63
273.92
274.47
274.60
275.04
275.37
275.51
276.25
276.26
276.35
276.47
277.15
277.31
277.42
277.84
278.39
278.80
278.82
280.08
280.93
280.95
281.05
281.14
281.22
281.64
281.87
282.41
282.43
282.83
283.25
283.32
283.48
283.53
283.82
284.15
284.60
284.67
285.09
285.19
285.33
285.45
285.54
286.13
286.39
286.44
286.58
287.61
288.25
288.34
288.54
288.65
288.82
288.96
289.26
289.26
289.83
290.75
291.48
291.64
291.67
291.71
292.12
292.14
292.34
292.40
292.52
292.61
292.88
293.35
293.65
293.83
294.35
294.52
294.77
294.87
295.04
295.43
295.92
296.13
296.29
296.91
297.39
297.62
297.95
298.00
298.37
298.43
298.74
298.88
299.68
300.18
300.55
300.79
301.65
301.79
301.94
302.15
302.22
302.28
302.55
302.58
302.68
302.82
303.01
303.19
303.58
304.22
304.59
305.16
305.58
305.77
306.16
306.57
306.72
307.23
307.28
307.65
307.79
308.51
308.59
308.75
308.91
309.48
309.84
309.93
310.13
310.20
310.47
311.02
311.33
311.58
311.69
312.85
312.86
313.20
313.25
313.44
313.50
313.63
313.82
314.22
314.27
314.39
314.67
314.75
316.01
316.33
316.37
316.48
316.66
316.68
316.98
317.59
317.67
317.77
317.89
317.95
317.99
318.11
318.15
318.40
318.76
318.79
319.32
319.41
319.97
320.32
320.49
321.11
321.36
322.00
322.16
322.48
322.49
323.12
323.67
324.02
324.06
324.20
324.36
324.39
325.41
325.48
325.98
326.02
326.26
326.78
327.25
327.54
328.03
328.04
328.10
328.53
329.39
329.70
329.87
330.49
330.53
330.97
331.01
331.20
331.43
331.48
331.94
331.95
332.00
332.04
332.50
332.66
332.68
332.69
332.83
333.28
333.41
333.83
334.26
334.63
334.72
335.19
335.45
335.67
335.79
335.94
336.09
336.49
336.69
336.80
336.95
337.09
337.41
337.66
337.94
337.99
338.04
338.05
338.39
338.64
338.96
339.09
339.48
339.50
339.60
339.60
339.61
340.30
340.86
341.28
341.32
341.73
341.90
341.90
342.07
342.23
342.26
342.28
342.71
343.26
343.73
343.80
344.25
344.36
344.39
344.65
345.15
345.35
345.56
345.58
345.69
346.05
346.47
346.47
346.78
347.17
347.32
347.59
347.91
347.92
348.39
348.56
348.71
349.18
349.42
349.82
350.18
350.19
350.63
350.76
350.79
351.28
351.51
352.37
352.41
352.42
352.56
352.68
352.72
353.05
353.51
353.53
353.93
354.16
354.18
354.38
354.51
354.59
354.94
355.07
355.10
355.14
355.74
356.02
356.48
356.62
356.84
357.05
357.46
358.29
358.32
358.67
358.70
358.77
359.02
359.15
360.00
360.06
360.86
360.99
361.02
361.50
361.65
361.65
361.72
361.83
361.93
362.00
362.02
362.60
362.61
363.02
363.73
364.58
365.06
365.79
365.95
367.25
367.87
368.04
368.21
368.22
368.22
368.28
368.63
369.14
369.68
370.40
370.77
370.91
371.03
371.38
371.80
372.11
372.77
372.89
374.28
374.76
374.97
375.33
375.81
376.41
376.55
376.59
376.78
378.08
378.61
378.80
379.30
379.55
379.62
379.84
380.36
380.79
381.94
382.00
382.74
382.75
382.75
382.92
383.12
383.27
383.36
383.49
383.64
383.68
383.94
384.20
384.80
385.77
386.88
386.92
387.71
388.18
388.51
388.68
388.70
389.36
389.41
389.43
390.06
390.11
390.20
390.57
390.80
391.35
391.43
391.57
391.90
392.23
392.42
392.66
392.73
392.79
392.95
393.22
393.52
393.79
394.66
394.79
394.85
395.11
395.50
395.77
395.91
396.35
396.81
396.86
397.24
397.38
397.63
398.35
398.38
399.06
399.16
399.52
399.53
399.82
400.00
400.13
400.81
401.56
402.09
402.59
403.27
403.63
404.16
404.21
404.40
404.66
404.95
405.05
405.43
406.76
406.77
407.15
407.51
407.66
407.75
408.12
408.29
408.33
408.45
408.55
408.90
409.32
409.59
409.63
410.35
410.79
410.98
411.07
411.08
411.39
411.41
411.49
411.55
412.09
412.26
412.37
412.64
412.74
413.70
414.69
414.75
414.80
414.80
415.28
415.33
415.50
415.76
415.82
415.87
415.95
416.64
417.64
417.88
418.19
418.51
418.54
418.63
419.16
419.18
420.23
420.59
420.76
421.00
421.32
421.51
421.81
422.29
422.41
422.98
423.07
423.74
423.94
425.22
425.46
425.52
426.36
426.90
427.14
427.21
427.47
427.58
427.63
427.88
427.90
428.00
428.11
429.11
429.35
429.58
429.72
429.92
430.36
431.43
431.51
431.52
431.56
431.59
431.83
432.20
432.87
432.90
433.44
433.46
433.65
434.08
434.14
434.61
435.22
435.82
436.36
436.59
436.63
436.65
436.94
437.61
438.22
438.22
438.31
438.54
438.74
439.49
439.54
440.16
440.28
440.60
440.74
441.82
441.95
442.13
442.21
442.55
442.78
442.87
443.35
443.76
443.76
443.90
443.97
444.17
444.52
444.67
444.80
445.04
445.68
445.87
446.00
446.59
446.59
446.93
447.05
447.32
448.13
449.09
449.32
449.33
449.39
449.40
449.93
450.19
450.56
450.78
451.34
451.54
451.72
452.72
453.25
453.35
453.55
453.72
453.75
454.13
454.33
454.60
454.63
454.70
454.88
455.06
455.18
455.29
455.92
456.28
456.80
457.05
457.15
457.78
459.15
459.15
459.16
459.18
459.28
459.42
460.09
460.77
461.54
461.83
462.43
462.89
463.36
463.38
463.48
463.54
463.80
464.04
464.27
464.47
464.61
464.72
464.79
465.18
465.53
466.18
466.68
467.03
467.47
467.78
468.33
468.43
468.52
468.54
468.69
468.93
469.32
469.54
470.57
471.57
471.94
472.40
472.48
472.60
472.86
473.05
473.18
473.73
474.04
474.49
474.77
474.91
474.93
476.33
476.38
476.61
477.11
477.29
477.45
477.69
478.03
478.10
478.24
478.26
478.55
478.78
479.23
479.93
480.46
480.59
480.98
481.04
481.09
481.11
481.11
481.30
481.40
482.00
482.34
482.40
482.64
482.71
482.97
483.05
483.38
483.50
483.51
483.58
483.76
484.18
484.30
484.32
484.35
484.76
484.83
485.14
485.24
485.34
485.77
486.00
486.01
487.19
487.33
487.36
488.17
488.31
488.37
488.43
488.62
488.86
488.88
488.95
489.53
489.72
489.88
489.92
490.27
490.28
490.35
490.70
490.83
491.74
492.30
492.37
492.64
492.81
493.27
493.73
493.87
494.19
494.63
494.70
494.93
495.30
495.46
495.76
496.07
496.18
496.35
496.51
496.58
496.60
496.69
496.92
496.93
497.31
497.47
498.17
500.26
501.08
501.43
501.91
502.06
502.20
502.27
502.42
502.66
503.13
503.91
504.45
504.87
505.49
505.57
505.84
506.24
506.69
506.80
507.13
507.29
507.31
507.63
508.19
508.61
508.95
509.00
509.18
509.88
510.10
510.17
510.70
510.73
510.87
511.18
512.59
512.80
512.96
513.43
513.49
514.48
514.56
514.57
514.67
514.68
514.78
514.79
514.90
515.00
515.54
515.59
515.72
515.81
516.26
517.80
517.83
518.07
518.87
519.01
519.13
519.38
519.66
519.78
519.85
521.11
521.23
521.74
523.42
524.30
524.33
524.60
525.58
525.86
525.95
526.34
526.36
526.96
527.08
527.34
527.49
527.82
527.90
527.94
528.24
528.58
528.69
529.30
529.41
529.54
530.09
530.22
530.60
531.00
531.72
532.31
533.21
534.12
534.16
534.25
534.36
536.47
536.68
536.99
537.09
537.40
537.42
538.27
538.89
539.05
540.31
540.42
540.50
540.80
540.95
541.29
541.31
541.53
542.10
542.54
542.67
542.93
543.74
544.74
545.03
545.24
545.28
545.54
545.59
545.60
545.85
546.13
546.34
546.44
547.13
547.68
547.83
548.19
548.38
548.52
549.16
549.31
549.79
550.32
550.48
550.73
550.83
550.92
551.25
551.43
551.46
551.54
552.09
552.33
552.62
552.90
553.30
553.37
553.48
553.50
554.05
554.08
554.35
554.36
554.90
555.50
555.74
556.41
556.57
556.73
557.19
557.23
557.53
557.77
557.83
558.13
558.20
558.37
558.43
558.77
558.80
558.97
559.32
559.64
559.94
559.96
560.47
560.58
560.79
561.28
561.80
561.88
561.97
562.32
562.55
563.01
563.90
564.15
564.54
564.82
565.08
565.41
565.50
566.14
566.46
566.56
566.82
567.29
567.76
567.87
567.96
568.05
569.10
570.05
570.74
571.63
571.77
571.83
572.03
572.03
572.10
572.49
572.50
572.67
573.54
575.17
575.27
575.78
575.84
576.48
577.65
578.49
578.75
578.79
579.14
579.50
579.52
579.82
579.94
580.01
580.02
580.08
580.32
580.48
580.95
581.03
581.59
581.75
581.83
582.08
583.23
583.33
583.58
583.64
584.34
584.88
585.15
585.15
585.40
585.43
585.44
585.72
586.07
586.68
587.02
587.30
588.62
589.55
590.11
590.25
590.61
591.24
591.40
591.58
592.01
592.21
592.86
593.37
593.60
594.37
594.65
595.37
595.47
596.17
596.78
597.09
598.74
599.37
599.94
600.54
601.15
601.43
601.54
601.60
601.61
601.69
601.95
601.96
602.26
602.66
602.66
602.87
603.05
603.22
603.25
603.37
604.03
605.38
605.40
605.55
606.12
606.17
606.20
606.80
606.93
607.21
607.42
607.88
608.33
608.55
609.00
609.04
609.47
609.85
610.46
610.92
611.30
612.64
612.83
612.93
614.12
615.26
615.26
615.65
616.46
617.20
617.38
617.42
618.41
619.07
619.62
619.89
620.17
620.64
620.71
621.23
622.01
622.50
622.75
622.78
623.09
623.43
623.45
623.79
624.92
625.66
626.40
626.72
627.49
627.52
627.72
627.88
628.23
628.46
628.59
629.30
629.67
629.85
629.88
629.93
630.21
630.28
630.31
630.33
630.87
631.04
631.55
631.88
631.98
632.09
632.80
633.11
633.65
633.69
634.40
634.41
634.53
634.78
635.04
635.53
635.58
635.70
635.81
635.97
636.06
636.14
636.26
636.41
636.51
636.67
638.47
638.54
638.66
638.78
639.17
639.22
639.82
640.21
640.24
640.79
640.90
641.05
641.47
641.65
642.04
642.36
642.64
642.69
642.72
643.18
643.63
643.85
643.88
644.35
644.53
645.02
645.02
645.06
645.06
645.78
646.43
646.93
647.11
647.84
648.16
648.26
648.30
648.87
648.95
649.00
649.50
649.52
649.79
650.03
650.19
650.31
650.48
650.82
650.92
651.03
651.24
651.76
652.62
652.81
652.82
653.11
653.69
653.73
653.81
654.32
654.41
655.14
655.57
655.60
655.83
655.96
656.54
656.82
656.91
657.03
657.59
658.04
658.33
658.47
658.48
658.63
660.70
660.79
660.90
661.30
661.33
661.53
661.97
662.48
662.52
662.79
662.88
663.86
664.03
664.85
665.22
665.43
665.53
666.04
666.18
666.67
666.68
667.39
667.45
668.04
668.27
668.53
668.56
668.56
668.67
668.88
668.92
669.03
669.25
669.32
669.46
669.96
670.07
670.26
671.12
671.14
671.17
671.41
671.43
671.50
672.02
672.20
672.41
672.56
672.58
672.90
673.14
674.35
674.56
675.19
675.43
675.43
675.74
675.92
676.14
676.28
676.66
676.95
677.06
677.39
677.48
677.70
678.63
679.61
679.79
680.08
681.02
681.32
682.47
683.34
683.60
683.85
683.91
684.19
684.69
684.75
684.80
685.03
685.20
685.45
685.88
686.03
686.24
686.36
687.07
687.08
687.43
690.81
690.84
690.98
691.11
691.39
691.43
692.09
692.16
692.30
692.33
692.61
693.02
693.77
694.32
695.32
695.40
696.00
696.37
696.65
696.75
697.86
698.00
698.51
698.91
699.80
699.92
700.59
700.63
700.93
700.96
701.12
701.51
701.98
702.41
702.63
702.64
702.80
703.01
703.22
704.11
704.20
704.23
704.31
705.27
705.48
706.19
706.68
706.83
708.23
708.90
709.20
709.27
709.28
709.73
710.22
710.27
711.52
711.85
711.87
712.53
712.55
712.79
713.05
713.41
713.52
713.58
714.12
714.59
714.97
715.01
715.48
715.64
715.95
716.14
716.14
716.98
718.38
719.39
719.59
719.82
720.45
720.66
720.71
720.86
721.55
721.64
721.87
722.34
722.39
722.65
722.72
722.77
722.77
722.89
723.03
723.29
723.51
723.76
724.02
724.44
725.45
725.51
725.76
726.04
726.90
727.04
727.06
727.56
727.66
728.87
728.92
728.93
729.22
729.67
730.77
731.11
731.11
731.36
731.71
731.90
731.93
732.04
732.41
732.71
733.08
733.09
733.15
733.78
733.97
734.23
734.43
734.87
735.22
735.46
736.47
736.89
736.97
736.99
737.25
737.78
738.01
738.10
738.27
738.34
738.37
738.88
739.27
739.31
739.35
739.53
739.76
740.59
741.01
741.04
741.73
743.00
743.01
743.02
743.04
744.15
744.27
745.73
746.28
746.57
747.03
747.16
747.33
747.37
747.71
748.19
748.32
748.39
748.43
748.70
748.94
749.58
750.28
750.30
750.97
751.11
752.79
753.15
753.18
753.28
753.33
753.67
753.85
753.98
754.15
755.54
755.76
755.77
756.55
756.56
757.07
757.25
757.43
757.54
758.34
758.57
759.13
760.04
760.10
760.16
760.44
760.93
761.03
761.96
762.05
762.27
762.76
762.95
763.68
763.98
764.23
764.53
764.65
764.91
765.29
766.33
767.13
767.24
767.38
767.43
768.37
768.67
769.00
769.48
770.20
770.25
770.72
771.23
771.66
772.08
772.13
772.26
772.28
772.60
772.67
772.92
773.20
774.80
774.81
775.25
775.37
775.41
775.50
776.13
776.28
776.48
776.55
776.67
776.80
777.05
777.06
777.23
777.93
777.95
778.39
778.43
778.47
779.26
779.72
779.98
780.11
780.70
781.05
781.16
781.25
782.30
782.64
782.70
783.25
783.28
783.47
783.53
783.95
784.07
784.73
784.93
785.11
785.49
785.68
786.31
787.40
787.44
787.62
788.11
788.35
788.79
789.70
790.70
791.47
791.92
792.38
792.62
792.72
792.73
792.89
792.90
793.35
793.71
794.29
794.55
794.95
794.97
795.11
795.23
795.47
795.57
795.71
795.73
795.94
797.01
797.51
797.59
797.60
798.36
798.48
798.78
798.90
799.50
799.58
799.91
800.31
800.42
801.19
801.32
801.65
801.82
801.84
802.40
802.61
802.97
802.99
803.03
803.11
803.42
803.89
804.43
806.26
806.40
806.67
807.17
807.24
807.25
807.44
808.61
809.93
812.33
812.46
813.16
813.30
813.98
814.42
814.50
815.47
815.71
816.69
816.78
817.35
817.46
817.99
818.67
819.11
819.98
819.98
820.00
820.74
820.86
821.04
821.31
821.36
821.36
821.60
822.12
822.54
823.98
823.98
824.04
824.13
824.35
824.36
824.97
825.04
825.16
825.72
826.39
827.45
827.46
828.34
828.70
828.98
830.16
830.29
830.50
831.15
833.55
833.70
833.87
834.95
834.96
836.14
836.19
836.40
836.81
837.24
837.63
838.10
838.62
839.52
839.53
840.00
840.78
840.99
841.05
841.09
842.00
842.98
843.30
843.39
843.85
843.98
844.21
844.78
845.82
845.91
845.92
846.06
846.14
846.88
847.07
847.26
847.66
847.66
847.71
847.87
849.26
849.57
850.91
852.21
853.16
853.63
853.85
854.19
854.38
854.54
854.94
855.06
855.23
855.75
855.93
855.95
857.03
858.41
858.65
858.73
858.77
858.96
859.17
860.26
860.52
860.78
860.99
861.12
861.26
861.31
861.59
862.57
862.96
863.12
863.32
863.76
864.95
865.51
865.57
866.82
866.96
867.50
868.26
868.83
868.96
869.17
869.52
869.58
869.78
870.00
870.03
870.11
870.34
870.44
870.62
870.97
871.78
872.42
872.51
872.92
873.44
873.61
873.83
875.07
876.06
876.22
876.25
876.65
876.66
876.83
877.58
877.79
878.75
879.94
880.55
880.84
880.93
881.13
881.54
881.96
884.16
884.41
884.50
885.28
885.34
885.98
886.31
886.98
887.50
887.69
887.97
888.82
888.83
889.31
889.35
889.92
890.60
890.69
891.23
891.37
891.66
891.72
891.86
891.92
892.02
892.19
893.36
893.47
895.23
895.52
895.61
895.69
896.09
896.18
896.49
896.70
896.91
897.05
897.14
898.35
898.69
899.01
900.37
901.06
902.04
902.29
902.40
903.20
903.36
903.76
904.27
904.65
905.72
905.87
906.01
906.02
906.79
908.84
909.59
909.79
910.06
910.09
910.37
910.38
910.66
912.73
913.87
914.91
916.67
916.73
917.19
917.58
917.65
917.72
917.79
918.33
919.01
919.48
919.50
919.65
919.79
919.81
920.02
920.12
921.00
921.78
922.15
922.19
923.86
924.52
925.26
925.51
925.98
926.25
926.27
926.35
927.20
927.63
927.92
928.19
928.24
928.66
928.70
928.81
929.50
929.73
929.77
929.96
931.24
931.94
932.08
932.15
932.68
932.82
932.89
933.13
933.20
933.37
933.44
933.98
934.16
934.30
934.90
935.17
935.85
935.86
936.02
936.05
936.08
936.34
936.55
936.96
937.34
937.44
938.12
938.68
938.73
939.39
939.56
940.10
940.84
941.10
943.74
943.81
943.91
944.10
944.53
944.75
945.63
945.96
946.08
946.40
946.55
946.67
947.15
947.35
947.40
949.91
950.03
950.11
950.91
951.01
951.20
951.46
952.44
952.57
952.98
953.01
953.22
953.46
953.77
954.15
954.39
954.64
954.82
955.18
955.20
955.29
955.65
956.37
956.42
956.73
957.74
958.37
958.38
959.41
962.34
962.89
963.02
963.10
963.12
963.22
963.30
964.50
965.53
965.62
966.18
967.16
967.95
968.65
968.97
969.69
969.93
970.41
970.68
972.28
972.56
973.22
973.25
973.68
973.78
974.21
974.66
975.07
975.42
976.19
977.30
977.35
978.03
978.52
979.34
979.50
980.45
980.67
980.69
980.70
980.96
981.38
981.78
982.65
982.86
982.87
983.06
983.94
984.99
985.51
985.74
986.78
987.02
987.19
987.22
988.59
989.03
989.20
989.42
989.65
989.70
990.57
990.60
990.63
991.04
991.27
991.44
991.46
991.86
991.98
992.18
992.25
992.51
994.43
994.59
994.61
995.20
996.08
996.50
996.59
996.66
996.70
996.78
997.06
997.15
997.74
997.77
998.76
998.85
998.89
998.99
1000.02
1000.55
1000.55
1000.87
1001.05
1001.17
1001.79
1001.79
1002.46
1002.46
1002.59
1002.80
1002.98
1004.62
1004.96
1005.10
1005.93
1006.12
1006.43
1006.47
1006.68
1007.38
1007.83
1008.80
1009.48
1009.50
1010.02
1010.02
1010.24
1011.01
1011.42
1011.60
1011.68
1012.04
1012.64
1013.66
1013.73
1013.81
1013.98
1014.56
1014.77
1014.77
1015.25
1015.70
1016.13
1016.20
1016.62
1017.28
1017.67
1018.26
1018.51
1018.60
1019.11
1019.60
1019.81
1020.14
1021.15
1021.21
1022.22
1022.80
1023.33
1023.42
1024.80
1025.53
1025.59
1025.71
1025.92
1026.13
1026.75
1026.85
1026.92
1028.47
1031.13
1031.85
1032.02
1032.22
1032.61
1032.83
1033.06
1033.07
1033.52
1033.64
1033.90
1034.49
1035.38
1035.67
1035.80
1036.23
1036.77
1036.84
1037.06
1037.36
1037.38
1038.14
1038.31
1038.32
1038.78
1039.37
1039.62
1039.64
1041.25
1042.12
1042.98
1043.17
1043.43
1043.59
1043.93
1043.95
1043.95
1044.05
1044.55
1044.74
1045.02
1045.09
1045.11
1045.76
1046.01
1046.19
1046.52
1047.12
1048.27
1048.44
1049.36
1049.93
1050.82
1051.66
1052.49
1052.65
1052.73
1052.95
1053.33
1054.10
1054.20
1054.31
1054.56
1056.08
1056.85
1056.99
1057.02
1057.96
1058.45
1059.05
1059.13
1059.44
1059.55
1060.71
1061.09
1061.21
1061.58
1061.58
1062.19
1062.36
1062.54
1064.57
1064.72
1065.09
1065.48
1066.62
1066.86
1067.56
1068.24
1068.28
1068.32
1069.07
1069.13
1069.18
1069.63
1069.66
1070.57
1072.22
1072.25
1072.75
1073.06
1073.23
1074.41
1074.70
1075.64
1076.08
1076.42
1076.68
1076.68
1076.96
1078.64
1079.22
1080.33
1080.61
1080.68
1081.99
1083.13
1083.72
1084.17
1084.22
1084.56
1084.80
1084.99
1085.32
1086.90
1087.44
1087.47
1088.57
1089.01
1089.92
1090.51
1091.17
1091.39
1091.78
1091.98
1092.59
1092.71
1093.26
1094.00
1094.13
1094.77
1095.09
1096.65
1096.90
1097.36
1097.61
1097.71
1097.91
1097.96
1098.33
1098.45
1099.56
1099.85
1099.86
1100.09
1102.79
1103.43
1103.64
1106.92
1108.17
1108.23
1108.34
1108.64
1108.74
1109.19
1109.65
1111.77
1113.63
1114.19
1115.18
1115.33
1116.09
1116.10
1116.59
1116.62
1116.77
1116.95
1117.14
1117.24
1117.37
1117.78
1118.55
1119.21
1119.22
1119.85
1119.95
1120.02
1120.06
1120.85
1121.09
1121.13
1121.75
1122.06
1122.26
1122.73
1123.60
1124.53
1125.05
1125.14
1125.86
1126.31
1127.12
1127.17
1127.51
1127.55
1127.58
1127.60
1127.99
1128.20
1128.32
1128.55
1128.91
1128.91
1129.81
1130.32
1130.71
1130.81
1131.33
1133.99
1134.12
1134.77
1135.13
1135.62
1135.91
1136.69
1137.29
1137.45
1137.51
1138.41
1138.78
1138.82
1139.69
1139.72
1140.30
1141.27
1142.00
1142.22
1142.69
1143.15
1144.46
1144.53
1144.69
1145.06
1145.33
1146.09
1147.04
1147.22
1147.63
1147.81
1147.92
1148.12
1148.52
1149.20
1149.55
1149.78
1151.29
1151.93
1152.10
1152.96
1153.08
1153.59
1154.06
1154.20
1154.46
1154.56
1154.60
1155.06
1155.86
1157.29
1157.58
1157.84
1157.85
1158.07
1158.81
1159.41
1159.73
1159.87
1160.10
1161.00
1161.03
1161.15
1161.34
1162.41
1163.53
1163.73
1163.74
1165.22
1165.72
1166.90
1167.94
1168.51
1170.18
1170.65
1172.58
1173.24
1173.26
1173.75
1173.95
1175.02
1175.21
1175.49
1175.56
1175.72
1175.82
1175.83
1175.97
1176.26
1176.52
1176.66
1178.11
1178.66
1178.82
1178.86
1179.19
1179.36
1179.87
1181.08
1181.10
1181.35
1181.75
1183.49
1183.69
1184.28
1185.18
1185.22
1185.58
1186.13
1188.33
1188.69
1188.78
1188.78
1189.06
1190.00
1190.05
1190.51
1191.56
1191.75
1192.09
1192.95
1193.58
1193.76
1193.79
1194.82
1194.89
1195.20
1195.60
1196.13
1196.57
1196.58
1197.02
1197.17
1197.32
1197.32
1197.52
1198.51
1198.84
1199.12
1199.58
1200.30
1201.50
1201.55
1201.72
1202.23
1202.50
1203.43
1203.78
1203.99
1204.57
1205.16
1205.35
1205.48
1205.90
1205.97
1206.32
1206.57
1206.93
1209.64
1209.87
1210.06
1210.92
1212.05
1212.18
1213.39
1214.60
1215.25
1215.99
1216.12
1217.31
1217.53
1217.61
1218.11
1218.72
1219.32
1219.90
1220.18
1220.22
1220.27
1221.49
1222.89
1223.37
1223.47
1223.49
1223.69
1224.43
1224.71
1225.05
1227.37
1227.66
1227.88
1228.46
1229.26
1229.82
1230.58
1230.86
1231.24
1231.40
1231.96
1233.03
1233.20
1233.20
1233.36
1234.31
1235.03
1235.81
1236.54
1237.48
1237.60
1239.07
1239.17
1239.30
1239.86
1239.96
1240.54
1240.63
1240.95
1241.42
1242.59
1242.73
1242.85
1242.91
1243.79
1244.46
1245.20
1245.70
1246.90
1247.05
1247.43
1247.62
1248.02
1248.51
1249.72
1250.55
1251.56
1251.67
1251.89
1252.20
1252.80
1254.03
1255.95
1256.45
1256.45
1257.16
1257.35
1257.69
1258.08
1258.46
1259.62
1260.26
1260.61
1260.92
1261.26
1261.35
1261.39
1261.90
1262.29
1263.30
1263.32
1263.36
1264.17
1264.36
1264.70
1265.12
1265.88
1266.29
1266.30
1266.47
1267.11
1267.75
1267.95
1269.76
1270.93
1273.36
1273.46
1273.87
1274.36
1274.84
1275.25
1275.85
1276.04
1276.07
1276.15
1277.17
1277.93
1277.95
1278.00
1278.55
1280.40
1280.67
1281.80
1281.96
1281.98
1282.28
1282.32
1282.99
1284.70
1285.23
1287.49
1288.68
1288.78
1288.89
1289.10
1289.28
1289.49
1289.70
1289.80
1289.96
1290.05
1290.47
1291.32
1291.75
1291.81
1292.07
1293.19
1293.19
1293.43
1293.57
1294.48
1294.49
1295.07
1295.61
1296.89
1297.34
1297.37
1297.80
1298.29
1298.50
1298.93
1299.90
1299.94
1300.47
1300.74
1300.97
1301.39
1301.94
1302.29
1304.80
1306.48
1306.72
1307.88
1308.35
1308.59
1308.76
1311.76
1312.26
1313.00
1313.03
1313.37
1313.37
1313.47
1313.87
1314.11
1314.32
1314.76
1315.03
1315.22
1315.35
1315.86
1316.02
1316.11
1316.31
1316.43
1316.51
1316.70
1316.98
1318.92
1319.09
1319.11
1319.39
1319.48
1319.51
1319.59
1320.02
1320.22
1321.27
1321.77
1322.08
1322.52
1322.65
1323.27
1323.35
1324.11
1324.14
1324.29
1324.44
1324.56
1324.73
1325.09
1325.46
1326.03
1326.15
1326.18
1326.68
1327.13
1327.97
1328.39
1328.58
1329.58
1330.26
1330.81
1331.17
1331.20
1331.89
1333.17
1333.26
1333.33
1333.70
1334.27
1334.35
1335.32
1335.67
1335.90
1335.94
1338.14
1338.45
1338.62
1338.76
1340.46
1340.71
1341.01
1341.49
1342.39
1342.51
1343.07
1343.64
1343.68
1344.03
1344.53
1345.37
1345.88
1346.14
1346.19
1346.29
1346.33
1346.46
1346.58
1347.16
1347.50
1347.60
1348.52
1349.04
1349.50
1349.50
1349.72
1350.71
1351.09
1351.76
1352.92
1352.96
1353.25
1353.78
1355.17
1355.95
1356.95
1356.99
1357.36
1357.46
1358.40
1359.26
1359.39
1359.61
1359.70
1359.82
1360.04
1360.68
1361.61
1361.71
1362.58
1363.54
1363.78
1364.18
1364.64
1365.67
1365.88
1366.19
1368.17
1368.27
1368.52
1369.16
1369.43
1369.74
1371.21
1371.25
1371.38
1371.64
1371.99
1372.36
1373.54
1373.89
1374.61
1375.83
1376.35
1376.74
1377.15
1377.33
1377.35
1377.68
1377.81
1379.47
1380.35
1380.35
1380.76
1380.93
1380.97
1381.41
1382.12
1382.20
1383.01
1383.77
1384.26
1384.35
1384.80
1384.94
1384.98
1385.48
1386.29
1386.48
1387.26
1388.31
1388.33
1389.01
1389.17
1391.35
1391.70
1391.70
1392.14
1393.85
1393.88
1394.31
1395.00
1395.94
1396.36
1396.53
1397.04
1397.27
1397.58
1397.87
1398.16
1399.49
1399.78
1400.11
1400.75
1402.79
1403.01
1403.02
1403.34
1403.36
1404.16
1404.33
1404.63
1404.77
1405.20
1408.83
1408.93
1409.08
1409.93
1410.01
1411.35
1411.53
1411.69
1411.81
1412.40
1413.15
1413.22
1413.43
1413.77
1414.32
1414.82
1415.05
1415.08
1415.28
1415.34
1415.76
1416.31
1417.06
1417.70
1417.89
1419.18
1419.18
1419.96
1420.64
1421.10
1421.11
1421.51
1421.60
1422.65
1422.65
1422.74
1423.34
1423.81
1424.04
1424.27
1424.34
1424.82
1425.18
1425.93
1427.03
1427.85
1428.45
1428.57
1429.66
1429.76
1430.34
1430.57
1430.68
1430.97
1431.25
1431.28
1431.36
1431.75
1432.24
1433.23
1433.33
1433.93
1434.01
1434.32
1434.94
1435.24
1435.45
1435.69
1436.49
1437.29
1437.78
1438.25
1438.45
1438.56
1438.81
1439.65
1441.20
1442.01
1442.21
1443.57
1444.33
1444.71
1445.15
1445.77
1447.09
1447.12
1448.65
1448.70
1449.12
1449.39
1449.67
1449.91
1449.99
1450.79
1452.54
1452.83
1453.52
1454.37
1454.64
1455.31
1456.35
1456.46
1457.30
1457.80
1457.82
1458.81
1458.85
1458.88
1459.19
1459.59
1459.75
1460.60
1461.10
1461.21
1462.21
1463.14
1463.60
1464.38
1465.38
1466.17
1466.47
1466.57
1467.70
1469.22
1469.49
1469.49
1470.21
1470.48
1470.75
1472.42
1475.31
1477.09
1477.25
1477.33
1478.90
1480.01
1481.40
1481.94
1482.55
1482.84
1483.04
1487.29
1488.94
1489.97
1490.24
1490.73
1491.71
1492.34
1493.16
1494.62
1494.73
1496.67
1498.49
1498.67
1498.76
1499.31
1500.01
1500.94
1501.25
1501.54
1501.75
1501.85
1501.93
1502.87
1503.13
1505.08
1505.26
1505.48
1506.50
1506.89
1506.99
1507.84
1508.17
1510.16
1510.34
1510.65
1510.65
1510.96
1511.02
1511.42
1513.30
1513.76
1513.82
1514.17
1514.79
1515.00
1515.46
1516.17
1517.64
1518.71
1519.12
1519.53
1519.75
1519.93
1520.11
1520.68
1521.74
1522.23
1522.58
1522.89
1523.37
1524.03
1524.16
1524.51
1524.85
1525.25
1526.14
1526.73
1528.07
1528.87
1528.88
1528.88
1531.02
1531.35
1531.76
1532.00
1532.89
1533.69
1535.07
1536.20
1536.58
1537.84
1538.01
1538.63
1538.89
1539.17
1539.44
1540.57
1541.91
1542.89
1542.99
1544.15
1544.45
1544.55
1546.35
1546.57
1546.95
1547.37
1547.76
1547.94
1547.99
1548.39
1548.70
1549.18
1550.26
1551.01
1551.87
1552.64
1553.80
1553.88
1553.92
1554.30
1554.39
1554.40
1554.64
1555.21
1556.04
1556.66
1556.69
1557.00
1558.33
1559.24
1560.76
1561.25
1561.38
1561.65
1562.55
1562.79
1562.97
1563.02
1565.36
1565.54
1567.44
1567.75
1570.43
1570.79
1571.40
1571.43
1572.18
1573.07
1573.22
1573.92
1574.16
1574.48
1574.51
1574.72
1575.38
1575.64
1575.86
1576.20
1576.41
1576.44
1576.83
1577.46
1579.80
1579.87
1580.03
1580.06
1580.74
1582.04
1583.02
1584.58
1585.21
1586.31
1586.52
1587.57
1588.20
1588.32
1588.41
1588.48
1589.70
1589.73
1589.94
1590.30
1590.90
1591.11
1591.74
1592.78
1592.80
1593.09
1593.23
1594.16
1594.93
1595.42
1595.45
1595.83
1596.78
1596.80
1597.89
1598.82
1599.77
1599.88
1599.93
1600.05
1602.08
1602.44
1602.61
1603.40
1603.81
1605.01
1607.70
1608.31
1608.85
1609.17
1609.39
1609.84
1609.84
1609.90
1612.28
1612.83
1612.91
1614.24
1614.83
1615.08
1616.18
1616.21
1616.21
1616.58
1616.62
1617.60
1617.84
1618.24
1618.75
1619.31
1619.38
1620.77
1620.87
1620.89
1621.01
1622.12
1622.26
1623.21
1623.22
1623.49
1623.84
1624.77
1624.81
1625.67
1626.11
1626.58
1626.81
1627.62
1627.80
1629.03
1630.12
1631.13
1633.60
1633.69
1635.14
1637.73
1637.94
1638.67
1638.82
1639.46
1640.26
1640.40
1642.57
1643.42
1644.24
1644.54
1644.58
1644.78
1645.22
1645.63
1645.77
1646.48
1646.68
1646.70
1646.98
1647.25
1647.32
1647.48
1647.55
1648.78
1648.82
1649.03
1650.07
1650.43
1650.87
1651.09
1651.37
1651.39
1651.41
1651.82
1651.91
1651.98
1652.00
1652.00
1652.71
1653.77
1654.18
1655.34
1656.15
1656.17
1657.21
1657.23
1657.39
1658.37
1658.97
1660.13
1660.67
1660.71
1661.14
1661.77
1662.07
1662.38
1664.50
1664.67
1664.90
1665.24
1665.24
1665.78
1666.83
1667.32
1668.76
1668.76
1668.89
1669.10
1670.02
1670.40
1670.55
1671.43
1672.27
1672.65
1675.54
1676.20
1676.43
1680.16
1680.66
1680.90
1681.28
1683.78
1684.78
1684.83
1685.27
1685.75
1686.62
1688.83
1689.05
1689.25
1689.40
1690.28
1690.37
1690.37
1690.48
1691.19
1691.30
1692.56
1693.97
1694.14
1694.58
1694.82
1696.36
1696.56
1696.85
1696.87
1697.68
1698.76
1699.21
1699.46
1699.50
1699.72
1700.14
1700.35
1702.65
1702.70
1703.42
1704.03
1704.62
1704.80
1704.99
1705.06
1705.10
1706.45
1707.31
1707.96
1708.57
1708.79
1709.18
1709.22
1711.11
1711.48
1711.49
1713.42
1713.64
1714.46
1714.98
1716.20
1717.69
1717.99
1719.96
1719.98
1720.03
1720.28
1720.41
1721.60
1721.71
1721.91
1722.32
1722.92
1723.35
1723.98
1724.10
1724.71
1724.80
1724.84
1726.00
1726.52
1727.57
1728.13
1728.43
1728.65
1728.84
1729.18
1729.64
1729.91
1729.94
1730.04
1730.90
1731.85
1732.06
1732.27
1735.81
1736.71
1737.65
1737.90
1738.59
1739.01
1739.63
1739.89
1740.93
1741.68
1742.45
1742.49
1742.70
1743.11
1743.38
1744.74
1745.30
1745.66
1745.95
1746.14
1746.93
1748.37
1748.61
1750.22
1750.62
1751.11
1751.91
1752.17
1752.61
1752.68
1753.41
1753.71
1754.18
1754.70
1754.71
1755.19
1755.53
1755.59
1755.65
1755.72
1757.01
1757.47
1757.58
1758.10
1758.17
1759.51
1760.27
1761.26
1761.39
1762.71
1763.64
1765.13
1765.30
1765.72
1767.06
1767.63
1768.40
1768.57
1768.84
1770.29
1770.56
1770.95
1770.97
1771.54
1771.69
1772.82
1773.63
1774.42
1776.61
1776.82
1778.07
1778.13
1779.67
1779.92
1783.83
1784.74
1785.14
1785.80
1785.95
1790.79
1791.10
1791.26
1791.30
1791.47
1792.73
1792.96
1793.53
1793.74
1794.63
1795.45
1797.28
1798.11
1798.44
1800.18
1801.31
1801.33
1802.48
1802.51
1803.12
1803.33
1804.02
1804.72
1805.27
1805.44
1805.62
1805.85
1805.89
1806.73
1807.06
1807.87
1808.04
1808.20
1808.96
1809.04
1810.04
1810.94
1811.21
1811.74
1811.82
1811.96
1813.70
1813.84
1815.41
1815.75
1815.81
1817.83
1818.52
1818.81
1819.70
1820.55
1822.14
1823.62
1824.49
1824.49
1824.67
1824.90
1825.69
1826.37
1826.60
1826.76
1826.86
1826.90
1827.02
1827.30
1827.30
1827.49
1827.83
1828.54
1828.92
1829.65
1829.71
1829.87
1830.24
1831.47
1834.35
1834.98
1835.08
1835.10
1835.56
1835.88
1836.57
1837.43
1837.57
1837.74
1837.86
1839.00
1840.27
1841.05
1841.05
1841.07
1841.71
1841.93
1842.00
1842.40
1842.56
1844.22
1844.22
1844.52
1844.76
1845.14
1845.98
1846.55
1846.63
1846.71
1847.01
1847.29
1848.19
1848.91
1848.93
1850.29
1852.84
1853.14
1853.78
1854.06
1854.58
1855.15
1855.77
1855.97
1856.15
1856.33
1856.97
1857.27
1857.56
1858.54
1859.04
1859.24
1859.31
1860.09
1860.35
1860.61
1861.98
1862.69
1864.16
1864.30
1865.19
1865.85
1866.20
1866.40
1866.93
1869.21
1869.29
1870.61
1871.46
1871.88
1872.25
1873.38
1873.48
1875.37
1876.93
1877.07
1878.58
1880.43
1880.49
1880.77
1880.83
1881.40
1882.01
1883.75
1885.11
1885.91
1886.05
1886.60
1886.76
1886.93
1887.40
1887.95
1888.09
1888.93
1891.51
1892.18
1893.39
1894.39
1895.07
1895.50
1896.18
1897.25
1897.43
1897.84
1898.40
1899.67
1900.37
1901.25
1902.71
1902.76
1903.35
1903.76
1904.49
1907.33
1908.26
1908.57
1908.61
1908.84
1908.92
1909.89
1910.68
1911.57
1912.75
1913.30
1914.20
1914.73
1915.87
1916.04
1916.56
1917.76
1918.16
1918.40
1918.65
1918.94
1918.96
1919.53
1920.44
1921.10
1921.23
1921.46
1922.06
1923.64
1925.54
1926.02
1927.06
1930.08
1930.50
1931.65
1931.71
1931.96
1931.99
1932.30
1932.45
1932.55
1932.97
1933.87
1934.29
1937.05
1937.91
1939.78
1940.20
1940.22
1941.14
1941.88
1942.63
1942.65
1942.72
1944.38
1944.46
1950.60
1951.40
1952.22
1953.00
1953.30
1953.47
1954.12
1954.36
1954.55
1954.65
1955.60
1955.71
1956.03
1956.24
1956.53
1957.23
1957.55
1957.66
1957.70
1958.06
1958.19
1958.91
1959.65
1959.92
1961.07
1962.56
1962.64
1964.62
1964.72
1965.79
1965.89
1966.28
1966.47
1968.98
1969.06
1969.47
1970.56
1970.58
1971.20
1971.92
1973.31
1973.93
1974.48
1975.81
1976.09
1976.81
1976.96
1977.69
1978.16
1978.61
1978.63
1978.89
1979.38
1979.45
1982.21
1983.52
1983.93
1984.06
1985.09
1985.99
1986.05
1986.42
1986.59
1986.61
1986.70
1986.76
1987.13
1987.17
1987.95
1988.63
1989.69
1989.80
1990.61
1991.02
1991.50
1993.33
1994.02
1994.45
1995.10
1995.40
1995.88
1996.22
1996.59
1997.28
1998.19
1998.43
1998.64
2000.01
2002.52
2003.02
2003.06
2004.06
2004.53
2005.05
2005.62
2005.99
2006.40
2006.68
2007.38
2007.75
2007.94
2009.29
2009.51
2010.46
2011.83
2012.99
2013.71
2015.73
2015.84
2016.10
2016.45
2016.69
2017.02
2018.18
2018.27
2018.72
2019.49
2019.71
2019.90
2020.56
2020.80
2021.28
2022.27
2023.01
2023.47
2023.78
2023.86
2024.52
2024.74
2025.09
2026.30
2026.84
2028.60
2028.86
2029.17
2029.30
2029.52
2031.78
2031.85
2033.92
2033.98
2034.56
2035.06
2036.08
2039.14
2039.56
2039.65
2039.71
2040.24
2040.91
2042.85
2044.09
2044.51
2044.86
2045.64
2046.04
2046.10
2048.67
2049.98
2050.76
2050.78
2051.02
2051.38
2051.42
2051.73
2053.22
2054.80
2056.13
2056.27
2056.73
2057.13
2057.47
2058.58
2059.20
2060.36
2060.54
2061.19
2061.81
2062.17
2062.37
2062.88
2063.11
2063.46
2065.32
2066.03
2067.64
2068.54
2070.08
2070.55
2072.37
2074.64
2074.75
2076.03
2076.34
2077.71
2078.34
2078.99
2079.94
2080.66
2081.16
2081.88
2084.13
2086.05
2086.57
2086.66
2089.35
2091.38
2093.12
2093.58
2094.76
2094.82
2095.14
2095.21
2097.18
2097.27
2098.45
2099.63
2099.77
2101.04
2103.14
2104.75
2106.73
2107.62
2109.54
2109.63
2110.11
2112.19
2112.35
2112.51
2112.62
2113.61
2114.61
2115.39
2116.70
2116.97
2117.57
2117.68
2117.73
2117.84
2118.30
2118.69
2119.10
2119.61
2120.29
2121.35
2121.72
2121.81
2122.45
2122.47
2124.54
2124.57
2125.49
2125.99
2126.54
2129.05
2129.19
2129.51
2129.81
2131.38
2132.47
2132.81
2134.22
2135.72
2136.00
2136.60
2137.04
2137.22
2138.61
2138.63
2140.19
2141.13
2141.27
2141.53
2143.64
2143.99
2144.66
2146.01
2146.26
2148.00
2148.05
2148.54
2148.68
2148.79
2150.19
2151.28
2151.84
2152.12
2152.47
2152.59
2152.82
2153.03
2153.45
2154.57
2154.73
2155.08
2155.10
2156.13
2157.23
2157.37
2157.53
2157.97
2158.14
2158.18
2158.37
2158.53
2158.67
2159.70
2160.29
2160.75
2160.82
2160.96
2161.08
2161.74
2161.90
2162.65
2163.07
2163.96
2164.38
2164.85
2165.27
2166.11
2166.70
2167.03
2169.63
2171.65
2171.77
2171.98
2172.36
2172.71
2173.06
2173.65
2176.59
2177.65
2178.29
2179.18
2179.33
2179.99
2181.07
2181.43
2181.87
2182.06
2182.11
2182.75
2183.34
2184.09
2184.16
2184.16
2184.26
2184.59
2185.99
2187.57
2187.69
2187.85
2188.71
2189.35
2190.06
2191.29
2191.69
2191.91
2193.31
2193.85
2194.66
2195.59
2195.82
2197.06
2198.84
2199.15
2199.44
2200.48
2201.18
2201.25
2201.77
2202.10
2202.44
2202.75
2203.11
2203.37
2204.20
2204.70
2207.42
2210.15
2210.29
2211.32
2212.11
2213.16
2213.47
2214.50
2214.72
2214.84
2215.61
2215.99
2216.47
2216.59
2216.64
2216.76
2217.91
2218.22
2219.06
2219.54
2220.17
2220.21
2220.94
2221.78
2222.67
2222.81
2223.00
2223.58
2223.85
2223.92
2224.78
2225.00
2226.06
2226.49
2227.48
2228.23
2228.86
2229.68
2229.89
2232.89
2233.22
2233.90
2235.21
2235.81
2237.14
2238.28
2239.15
2239.90
2240.36
2240.39
2240.92
2241.43
2241.46
2242.30
2243.88
2244.25
2244.49
2244.51
2244.85
2244.93
2245.14
2245.41
2245.46
2247.67
2249.64
2253.66
2254.61
2254.88
2254.98
2255.47
2256.22
2256.59
2256.98
2257.23
2258.03
2258.23
2260.01
2260.82
2261.58
2262.19
2262.73
2263.39
2263.61
2264.07
2265.32
2265.74
2266.30
2267.41
2267.53
2267.68
2269.08
2270.21
2270.55
2270.94
2271.21
2273.85
2274.17
2274.39
2274.61
2275.12
2275.52
2276.04
2276.97
2277.32
2278.15
2279.44
2280.15
2281.48
2282.32
2282.77
2283.44
2283.46
2284.47
2284.62
2284.62
2286.53
2287.71
2288.58
2289.35
2289.70
2290.74
2291.06
2291.83
2292.03
2292.10
2293.59
2293.81
2293.86
2293.86
2293.89
2294.08
2294.56
2294.66
2295.85
2296.79
2296.87
2297.09
2297.09
2298.90
2299.05
2299.48
2300.27
2300.45
2300.67
2302.64
2303.04
2304.78
2306.83
2307.85
2309.18
2311.90
2312.90
2314.03
2314.43
2314.60
2314.73
2315.48
2316.61
2318.06
2318.56
2320.22
2320.57
2321.65
2322.48
2324.37
2325.62
2327.11
2327.54
2328.39
2328.42
2329.43
2329.60
2331.24
2333.46
2334.27
2334.62
2334.90
2336.47
2336.49
2337.56
2339.15
2340.09
2342.29
2342.42
2342.62
2343.36
2344.14
2344.70
2345.08
2345.13
2346.40
2346.78
2346.81
2347.01
2347.49
2347.95
2350.72
2351.84
2351.92
2353.42
2354.67
2354.97
2355.30
2356.35
2356.83
2356.91
2357.01
2357.01
2357.14
2357.27
2358.75
2359.13
2360.43
2362.32
2362.45
2362.73
2363.42
2364.72
2366.90
2367.08
2367.28
2367.62
2370.33
2373.47
2373.62
2374.60
2374.85
2374.93
2375.44
2375.50
2375.68
2377.63
2377.84
2381.16
2381.93
2382.29
2382.78
2383.19
2383.27
2383.32
2383.89
2385.10
2385.28
2385.59
2386.50
2386.78
2389.13
2390.60
2391.69
2391.79
2391.87
2394.59
2395.24
2396.46
2396.92
2397.08
2397.21
2397.42
2397.73
2398.14
2398.30
2398.51
2399.13
2399.21
2399.52
2401.26
2401.70
2402.61
2402.71
2404.74
2404.85
2405.86
2406.93
2407.22
2407.89
2408.02
2408.41
2409.07
2409.30
2410.08
2410.32
2411.52
2412.20
2413.89
2416.06
2416.51
2416.77
2417.32
2418.55
2419.83
2420.61
2421.11
2423.71
2424.81
2424.89
2428.22
2429.09
2429.69
2431.17
2431.88
2432.90
2433.17
2434.17
2434.48
2434.90
2437.12
2437.36
2440.02
2441.13
2443.67
2446.44
2446.47
2446.87
2447.27
2447.58
2447.98
2449.33
2450.87
2451.21
2451.98
2452.06
2452.41
2454.32
2455.06
2455.67
2456.02
2456.31
2456.84
2457.59
2457.75
2458.33
2459.37
2459.69
2459.82
2460.38
2460.70
2463.20
2463.34
2463.79
2464.54
2464.59
2466.80
2467.21
2468.78
2470.33
2471.29
2471.80
2471.85
2472.39
2473.78
2473.89
2474.02
2474.93
2475.33
2476.19
2476.65
2476.81
2477.96
2478.25
2478.87
2479.57
2479.86
2480.27
2483.17
2483.49
2485.77
2486.04
2487.36
2487.71
2489.22
2489.38
2491.00
2491.19
2491.83
2492.40
2492.97
2493.69
2494.23
2495.07
2495.18
2495.77
2497.34
2497.42
2498.45
2498.66
2498.85
2498.96
2499.23
2499.23
2499.80
2500.45
2500.88
2501.23
2501.29
2502.32
2502.51
2504.18
2504.37
2505.59
2506.11
2506.46
2506.54
2506.71
2506.79
2508.36
2509.45
2511.40
2512.60
2513.39
2514.37
2514.96
2515.40
2517.17
2520.93
2521.20
2521.20
2522.79
2523.41
2524.56
2524.56
2525.54
2525.87
2527.21
2527.38
2527.54
2529.67
2530.41
2531.13
2532.47
2532.96
2533.15
2533.40
2534.74
2536.47
2536.99
2538.09
2538.15
2538.45
2538.75
2539.02
2539.66
2539.79
2541.83
2542.10
2543.37
2543.86
2544.33
2545.19
2545.21
2547.94
2548.91
2548.91
2549.84
2552.77
2553.05
2553.35
2554.12
2555.59
2555.87
2556.86
2558.49
2560.32
2560.76
2562.54
2562.95
2563.40
2563.56
2563.62
2565.65
2568.37
2569.48
2570.12
2570.70
2571.40
2571.84
2571.84
2572.32
2575.07
2577.44
2577.53
2578.59
2581.35
2581.88
2582.33
2582.83
2583.73
2585.99
2586.33
2588.65
2590.89
2591.26
2592.18
2592.60
2592.74
2593.16
2593.95
2594.09
2594.34
2594.79
2594.85
2594.85
2595.10
2596.14
2596.31
2597.85
2598.08
2599.06
2599.12
2599.74
2601.88
2601.99
2602.07
2604.78
2606.50
2607.51
2609.40
2610.56
2612.26
2613.30
2613.33
2613.92
2620.18
2620.44
2621.69
2621.88
2622.91
2625.57
2626.40
2627.93
2628.93
2629.41
2630.41
2631.15
2631.32
2631.55
2632.40
2632.49
2636.25
2636.36
2636.85
2637.88
2638.10
2641.30
2644.22
2645.28
2647.00
2647.54
2648.51
2648.89
2652.90
2658.19
2658.88
2659.34
2659.77
2661.73
2666.74
2667.99
2668.33
2669.69
2672.26
2674.20
2676.37
2676.98
2677.04
2677.64
2678.54
2678.75
2678.77
2679.24
2681.24
2682.46
2683.47
2684.90
2686.70
2686.90
2687.77
2688.56
2689.08
2689.11
2691.06
2692.49
2692.61
2693.54
2694.18
2694.88
2695.29
2695.67
2696.22
2696.48
2699.20
2700.28
2701.10
2703.93
2703.99
2704.08
2705.05
2705.25
2705.25
2705.40
2705.90
2706.16
2707.42
2707.89
2708.15
2708.50
2708.74
2709.94
2710.14
2710.32
2711.40
2711.79
2713.90
2715.81
2715.99
2717.22
2718.81
2718.93
2719.54
2720.07
2720.54
2721.93
2723.19
2724.31
2724.79
2726.70
2729.06
2731.52
2731.72
2733.76
2736.81
2737.37
2737.97
2738.62
2739.09
2739.54
2740.43
2740.84
2741.05
2741.85
2743.30
2743.96
2744.25
2744.82
2745.14
2747.20
2747.76
2748.44
2748.65
2748.74
2749.31
2749.48
2752.04
2752.22
2752.76
2753.18
2754.19
2754.22
2754.70
2754.93
2757.71
2758.51
2760.75
2761.47
2761.83
2762.43
2764.31
2766.76
2766.79
2767.09
2768.86
2769.34
2769.85
2770.12
2772.40
2773.15
2773.78
2774.08
2774.74
2774.86
2775.19
2775.94
2777.02
2777.44
2778.19
2778.58
2778.79
2779.12
2779.18
2779.94
2780.57
2780.84
2782.10
2783.10
2784.15
2786.38
2786.62
2787.13
2787.86
2788.37
2789.34
2790.63
2790.85
2792.27
2792.78
2793.35
2793.41
2795.38
2796.32
2796.56
2796.80
2797.80
2799.86
2800.34
2800.95
2801.74
2805.83
2806.08
2807.29
2810.97
2811.36
2812.34
2814.83
2814.86
2815.29
2815.66
2816.36
2816.36
2817.09
2817.27
2817.45
2817.61
2818.25
2820.63
2820.84
2823.80
2823.86
2825.48
2826.46
2827.38
2827.65
2827.72
2828.33
2829.15
2830.72
2830.87
2831.39
2833.04
2833.47
2833.90
2835.16
2835.16
2835.47
2836.51
2837.09
2838.41
2839.18
2840.56
2841.67
2842.01
2842.04
2844.78
2845.73
2845.73
2849.40
2851.40
2856.22
2858.63
2859.44
2859.68
2860.74
2860.83
2861.32
2861.51
2864.55
2865.04
2867.71
2868.05
2868.95
2870.35
2875.63
2877.72
2879.06
2879.62
2880.58
2883.70
2884.73
2885.17
2885.26
2885.70
2885.73
2885.76
2886.07
2886.10
2887.39
2887.57
2887.64
2888.20
2888.35
2889.26
2890.48
2890.86
2891.64
2892.70
2893.86
2894.27
2894.55
2897.90
2899.09
2901.35
2901.45
2901.89
2901.95
2902.67
2903.02
2903.11
2906.25
2907.80
2907.89
2908.86
2910.69
2911.45
2911.70
2912.05
2912.20
2915.39
2916.08
2917.94
2918.67
2919.43
2921.51
2921.54
2923.13
2923.16
2923.16
2924.23
2924.99
2925.78
2926.61
2926.77
2927.94
2928.32
2929.05
2930.47
2931.27
2933.26
2933.77
2935.77
2936.19
2937.39
2938.22
2939.68
2940.76
2941.30
2943.31
2943.60
2943.85
2945.67
2947.96
2950.84
2952.94
2953.68
2953.71
2954.03
2955.08
2955.08
2955.15
2956.78
2957.45
2958.19
2958.73
2961.55
2961.71
2963.09
2963.15
2964.44
2967.10
2967.61
2967.97
2968.48
2968.58
2969.60
2970.47
2971.05
2971.73
2972.66
2972.82
2972.92
2975.65
2975.84
2976.52
2976.94
2978.36
2982.00
2983.19
2985.10
2988.78
2989.82
2991.40
2991.83
2992.67
2993.09
2998.70
3000.19
3000.19
3001.55
3002.66
3002.69
3002.88
3004.96
3005.06
3005.97
3006.62
3008.18
3008.84
3009.49
3010.95
3012.06
3013.10
3014.44
3016.20
3016.59
3018.23
3018.55
3019.01
3019.27
3023.98
3024.24
3024.67
3025.42
3026.70
3028.50
3028.79
3029.71
3030.82
3032.50
3033.06
3033.25
3033.74
3033.94
3036.27
3036.54
3037.46
3040.58
3043.31
3043.51
3044.79
3044.89
3045.32
3046.08
3047.50
3048.29
3048.32
3048.35
3052.35
3053.07
3053.40
3053.93
3056.28
3057.47
3060.25
3061.08
3061.71
3062.24
3062.40
3063.03
3063.56
3064.72
3066.95
3067.01
3069.44
3069.80
3069.80
3070.70
3071.73
3072.33
3074.29
3074.56
3075.12
3075.79
3076.92
3077.05
3077.68
3079.02
3079.05
3079.75
3080.88
3081.05
3082.68
3083.05
3084.58
3084.68
3085.62
3085.65
3085.85
3087.36
3088.12
3091.13
3092.57
3095.32
3095.65
3095.92
3097.19
3097.66
3098.30
3098.67
3099.71
3100.71
3101.25
3101.28
3101.35
3102.02
3102.19
3102.83
3107.19
3107.30
3107.56
3108.71
3109.21
3109.52
3111.06
3111.67
3112.65
3113.93
3113.93
3114.94
3116.02
3116.52
3117.26
3117.47
3118.75
3121.72
3123.31
3123.54
3124.12
3124.19
3125.03
3125.61
3126.35
3128.72
3129.67
3131.36
3133.39
3133.73
3134.68
3135.80
3137.53
3138.79
3139.09
3139.33
3140.25
3141.30
3142.76
3146.27
3147.19
3150.19
3150.36
3150.97
3152.47
3158.89
3160.36
3161.08
3162.27
3162.62
3163.68
3164.26
3165.87
3168.17
3168.37
3168.37
3169.13
3169.13
3169.71
3169.95
3170.15
3171.94
3175.65
3175.78
3177.61
3183.18
3185.25
3186.28
3187.14
3187.80
3188.70
3191.39
3192.15
3192.98
3193.46
3194.88
3195.26
3196.54
3199.17
3199.82
3200.38
3200.69
3201.76
3202.04
3203.74
3204.29
3204.33
3205.30
3205.33
3206.62
3207.55
3208.21
3208.84
3211.20
3211.51
3212.66
3213.43
3214.22
3216.56
3217.43
3219.65
3219.90
3223.42
3224.08
3225.06
3225.44
3225.97
3226.66
3227.68
3228.03
3228.13
3233.83
3235.23
3236.63
3238.84
3242.10
3242.55
3245.75
3246.66
3247.29
3248.70
3251.51
3252.18
3254.68
3257.85
3260.14
3261.24
3261.66
3263.85
3263.99
3264.73
3264.80
3264.94
3266.04
3266.22
3266.64
3267.98
3267.98
3268.94
3270.39
3271.31
3273.01
3273.82
3274.25
3274.39
3274.57
3275.17
3275.31
3279.21
3279.67
3280.63
3287.77
3288.84
3289.48
3289.66
3290.23
3291.08
3291.69
3292.04
3292.15
3294.00
3294.32
3294.86
3297.36
3299.07
3299.28
3299.60
3300.78
3301.00
3302.18
3302.50
3302.85
3303.82
3306.22
3306.54
3308.51
3310.22
3310.73
3313.23
3315.74
3317.68
3317.75
3317.90
3318.15
3320.20
3321.56
3321.96
3322.42
3325.16
3325.19
3327.14
3328.54
3329.19
3329.62
3333.84
3336.29
3336.69
3342.04
3343.34
3343.88
3344.21
3346.27
3346.49
3347.14
3348.26
3348.34
3352.50
3353.30
3354.79
3355.63
3356.35
3356.57
3356.64
3359.80
3359.91
3361.66
3361.66
3361.95
3363.00
3367.41
3369.71
3372.44
3372.77
3373.90
3374.08
3374.78
3375.80
3377.99
3378.72
3378.94
3379.38
3379.75
3380.00
3380.62
3381.94
3382.56
3383.85
3386.41
3387.33
3387.91
3389.56
3391.21
3391.73
3392.97
3393.56
3393.89
3394.22
3394.48
3396.35
3397.27
3397.71
3400.14
3400.36
3403.45
3403.71
3407.17
3407.40
3407.87
3408.80
3410.12
3411.01
3414.26
3414.70
3415.00
3415.22
3418.18
3418.40
3420.03
3420.14
3420.18
3422.10
3424.66
3426.32
3426.69
3427.47
3427.81
3427.99
3429.51
3431.59
3431.96
3433.30
3433.45
3435.08
3438.13
3438.39
3438.91
3439.58
3439.70
3440.03
3440.78
3440.89
3443.53
3448.04
3448.34
3448.86
3449.76
3450.17
3450.51
3451.59
3452.30
3453.34
3453.79
3458.88
3460.41
3460.79
3462.02
3464.57
3465.96
3470.31
3471.18
3471.55
3473.77
3474.03
3475.23
3475.31
3476.36
3478.54
3478.73
3479.90
3480.35
3480.73
3480.84
3482.16
3483.21
3483.70
3484.04
3484.38
3486.00
3486.68
3488.57
3489.89
3490.38
3494.05
3494.80
3495.11
3495.26
3495.79
3495.94
3496.54
3498.97
3499.57
3500.18
3502.75
3504.04
3506.58
3507.27
3509.09
3512.13
3513.50
3514.56
3517.03
3517.18
3517.41
3518.14
3519.13
3520.31
3520.69
3522.14
3522.17
3522.36
3522.94
3523.47
3523.62
3523.97
3524.35
3526.83
3528.24
3529.54
3534.50
3535.08
3535.19
3537.18
3537.34
3539.94
3540.28
3541.09
3541.13
3544.96
3547.99
3548.26
3548.57
3549.68
3549.72
3551.18
3551.76
3551.91
3552.64
3552.91
3553.79
3554.60
3554.75
3555.37
3555.45
3555.87
3555.99
3556.25
3557.26
3557.33
3558.79
3558.79
3559.22
3561.30
3561.53
3561.68
3562.49
3563.53
3564.96
3564.96
3566.50
3566.66
3567.01
3568.09
3573.38
3573.84
3574.15
3577.05
3578.37
3579.65
3579.73
3580.27
3580.89
3581.47
3583.33
3584.03
3587.71
3588.18
3589.97
3590.51
3593.15
3594.59
3595.02
3595.17
3596.54
3600.82
3601.72
3601.95
3603.78
3604.83
3605.93
3607.45
3607.72
3608.42
3608.66
3608.82
3610.85
3612.92
3613.27
3613.35
3617.02
3617.06
3618.20
3618.20
3619.33
3621.61
3621.96
3624.70
3625.33
3626.39
3626.82
3627.65
3628.27
3628.78
3629.22
3630.08
3630.59
3631.30
3638.65
3638.73
3639.91
3640.70
3640.74
3641.76
3642.32
3644.76
3644.76
3645.19
3645.31
3647.72
3648.86
3650.72
3652.42
3654.32
3655.94
3660.77
3664.69
3667.86
3669.97
3670.52
3672.15
3674.97
3677.20
3677.56
3677.68
3677.72
3679.39
3679.91
3680.86
3681.22
3681.98
3682.06
3682.93
3684.37
3686.48
3687.24
3688.20
3688.96
3689.87
3690.07
3690.99
3690.99
3694.51
3695.07
3695.55
3696.59
3698.19
3698.55
3698.83
3702.63
3702.75
3705.00
3707.00
3707.36
3708.08
3713.26
3714.75
3718.29
3718.57
3718.81
3721.19
3722.60
3724.93
3725.34
3726.38
3726.99
3727.39
3727.76
3728.16
3728.24
3732.72
3733.57
3734.17
3737.45
3742.71
3745.46
3746.23
3746.84
3747.49
3749.07
3749.56
3751.22
3752.32
3752.48
3753.29
3754.19
3756.87
3759.84
3760.12
3761.06
3761.51
3761.87
3762.40
3763.58
3763.83
3765.25
3766.68
3767.29
3769.61
3770.80
3771.00
3776.39
3776.43
3778.39
3778.84
3780.03
3781.95
3786.99
3787.81
3788.22
3789.28
3789.36
3789.69
3790.55
3791.74
3792.89
3795.19
3795.64
3797.00
3797.78
3797.90
3799.92
3801.07
3801.07
3801.23
3802.01
3802.43
3805.18
3806.75
3807.90
3809.38
3813.34
3814.83
3815.28
3817.97
3820.41
3820.53
3820.82
3822.51
3825.20
3826.24
3826.98
3827.52
3827.52
3830.09
3830.09
3833.03
3833.57
3833.90
3833.95
3834.90
3835.81
3835.94
3836.44
3839.22
3840.59
3841.88
3842.42
3845.37
3847.33
3849.82
3850.16
3850.28
3850.32
3850.99
3853.66
3855.49
3855.79
3856.20
3859.79
3860.00
3861.59
3863.18
3863.18
3863.43
3864.31
3864.72
3865.35
3865.44
3867.07
3867.32
3867.57
3869.37
3870.16
3870.67
3871.09
3873.39
3873.77
3874.77
3876.58
3877.79
3878.97
3879.39
3880.98
3881.86
3881.99
3882.75
3884.22
3885.06
3885.52
3886.40
3886.45
3887.50
3891.12
3891.62
3891.87
3892.84
3892.88
3893.77
3896.47
3900.94
3901.23
3901.95
3907.23
3907.91
3908.16
3913.54
3914.38
3915.53
3916.20
3917.60
3918.79
3920.23
3926.13
3927.02
3927.07
3928.94
3931.28
3932.64
3935.96
3938.30
3938.68
3939.41
3940.01
3944.57
3944.74
3945.04
3945.04
3945.98
3947.77
3949.44
3950.55
3950.59
3950.81
3950.98
3952.13
3952.90
3952.94
3959.02
3959.96
3961.76
3962.11
3962.19
3963.86
3966.91
3968.03
3970.47
3970.69
3972.28
3972.62
3973.10
3973.44
3974.00
3974.95
3975.46
3975.98
3977.61
3978.09
3978.47
3979.42
3981.62
3982.56
3984.20
3984.94
3987.18
3987.48
3989.98
3990.46
3992.40
3993.14
3994.00
3994.22
3995.34
3996.38
3998.37
4001.31
4001.74
4003.22
4003.91
4004.95
4004.99
4005.90
4007.25
4009.41
4010.02
4012.50
4016.06
4017.49
4017.93
4019.53
4020.62
4023.15
4024.06
4024.54
4024.80
4028.63
4029.94
4030.38
4031.47
4031.64
4031.99
4032.78
4033.87
4035.09
4035.48
4035.92
4038.37
4039.55
4041.47
4043.57
4046.11
4049.35
4050.88
4050.93
4051.36
4054.17
4054.57
4055.31
4055.75
4056.23
4056.32
4067.00
4067.97
4068.98
4069.07
4070.17
4072.37
4072.42
4072.94
4073.43
4074.66
4075.02
4075.10
4075.85
4076.87
4078.81
4082.61
4084.86
4089.68
4089.95
4090.34
4090.57
4091.14
4091.76
4092.47
4092.51
4096.32
4096.37
4096.50
4099.34
4100.23
4101.65
4102.67
4103.07
4103.20
4106.04
4106.40
4107.24
4107.37
4107.60
4107.77
4109.20
4109.95
4113.16
4114.22
4115.25
4116.01
4117.39
4118.54
4118.68
4120.19
4120.33
4122.91
4124.25
4124.74
4126.48
4126.98
4127.20
4128.76
4130.28
4131.62
4134.26
4134.48
4134.89
4136.01
4138.33
4138.38
4139.54
4139.59
4141.06
4142.01
4142.10
4142.27
4142.59
4146.27
4150.31
4152.15
4152.19
4154.48
4155.07
4155.25
4155.83
4158.58
4160.06
4163.66
4165.47
4167.72
4169.12
4170.70
4171.33
4171.33
4171.42
4172.50
4173.86
4173.86
4178.74
4181.32
4181.41
4183.08
4184.03
4184.12
4184.21
4184.30
4186.29
4186.29
4186.34
4187.43
4188.56
4190.42
4191.46
4192.23
4195.59
4196.50
4198.36
4199.91
4203.27
4203.59
4204.36
4205.04
4207.68
4212.97
4213.65
4214.43
4215.48
4217.94
4218.26
4218.58
4218.71
4219.17
4219.35
4220.22
4222.32
4224.29
4226.89
4227.03
4227.40
4227.53
4232.89
4233.30
4235.36
4235.59
4236.97
4238.25
4239.72
4241.09
4245.04
4245.55
4245.73
4246.65
4246.79
4250.56
4251.16
4255.48
4257.37
4257.60
4258.11
4260.23
4260.50
4263.41
4265.30
4265.67
4267.93
4273.89
4276.58
4278.01
4280.79
4282.97
4283.43
4283.80
4284.45
4284.54
4286.40
4288.99
4290.15
4290.53
4290.71
4291.78
4292.89
4296.80
4300.89
4301.03
4301.59
4302.15
4308.44
4309.60
4312.26
4312.45
4314.69
4317.12
4317.82
4319.41
4321.42
4322.86
4323.33
4326.19
4326.80
4328.01
4328.25
4330.87
4331.43
4332.18
4337.29
4339.50
4341.29
4343.87
4344.53
4345.09
4346.50
4347.02
4348.76
4350.60
4351.54
4354.50
4355.02
4355.82
4356.72
4356.77
4358.42
4359.74
4361.29
4361.81
4365.59
4365.69
4366.82
4368.38
4368.90
4371.31
4371.55
4372.92
4373.15
4374.72
4377.75
4380.16
4380.68
4381.16
4386.52
4386.66
4388.08
4388.65
4388.65
4389.98
4390.89
4390.98
4392.07
4393.55
4396.97
4397.31
4397.64
4399.73
4403.30
4405.83
4409.55
4410.46
4410.55
4411.32
4413.13
4413.85
4415.04
4415.57
4415.95
4416.14
4416.19
4417.00
4417.95
4420.39
4420.54
4421.11
4421.21
4422.64
4422.98
4423.50
4425.37
4427.33
4428.63
4431.41
4433.23
4435.87
4437.93
4440.05
4442.16
4446.39
4446.83
4447.84
4449.81
4449.86
4456.46
4456.94
4457.23
4457.66
4458.24
4458.53
4460.56
4462.30
4465.58
4470.42
4471.72
4471.77
4472.35
4477.43
4478.02
4478.35
4479.86
4481.46
4484.22
4484.76
4485.34
4486.21
4486.65
4487.81
4488.78
4492.67
4496.51
4497.44
4501.33
4504.99
4508.40
4509.28
4509.67
4514.26
4516.16
4517.04
4518.51
4518.90
4519.88
4521.35
4522.67
4526.53
4526.78
4526.78
4527.71
4532.81
4532.95
4533.35
4533.35
4534.77
4537.27
4537.81
4538.65
4540.96
4541.84
4542.38
4543.12
4545.48
4545.82
4547.35
4548.48
4549.32
4551.29
4551.48
4552.17
4553.30
4554.59
4555.37
4556.46
4557.35
4557.99
4562.87
4568.65
4569.00
4569.05
4570.18
4572.06
4578.05
4578.35
4578.80
4581.82
4583.06
4589.36
4589.56
4591.80
4596.02
4599.00
4608.77
4609.57
4611.16
4611.91
4612.51
4613.21
4615.36
4618.90
4618.95
4620.80
4622.90
4624.00
4625.55
4626.45
4627.11
4628.46
4628.51
4628.81
4630.91
4636.38
4641.04
4643.86
4644.56
4645.57
4646.77
4648.03
4648.98
4654.92
4659.91
4660.11
4667.58
4667.94
4669.30
4671.17
4671.32
4671.93
4672.89
4676.38
4676.78
4678.00
4678.71
4678.86
4681.19
4681.69
4684.58
4685.14
4686.15
4686.20
4687.12
4689.55
4691.68
4695.29
4699.97
4702.41
4702.56
4703.53
4706.63
4707.55
4708.26
4708.47
4709.08
4711.06
4711.22
4712.44
4714.43
4718.05
4721.07
4721.17
4722.85
4723.93
4724.85
4725.15
4725.72
4727.71
4728.02
4730.01
4731.86
4732.52
4734.67
4734.98
4735.54
4740.57
4744.78
4746.11
4747.19
4748.01
4748.88
4749.40
4750.02
4750.12
4753.31
4754.28
4757.11
4757.32
4763.55
4766.08
4768.30
4769.95
4771.24
4772.68
4772.73
4775.27
4780.64
4783.80
4785.20
4787.06
4788.04
4789.29
4789.70
4791.41
4792.03
4795.30
4798.42
4802.68
4803.14
4804.60
4806.83
4806.89
4807.30
4807.87
4808.29
4808.39
4808.50
4808.60
4810.11
4810.84
4813.34
4819.28
4821.42
4825.23
4827.00
4827.68
4832.44
4834.48
4836.15
4836.57
4837.46
4844.22
4844.69
4848.41
4850.30
4850.35
4850.83
4851.51
4851.56
4852.35
4853.24
4853.77
4855.71
4858.02
4858.34
4861.23
4861.97
4862.12
4863.02
4865.86
4868.02
4869.65
4874.50
4875.03
4876.88
4878.25
4878.56
4879.62
4882.10
4882.58
4882.74
4883.16
4885.33
4885.54
4886.12
4886.65
4887.44
4889.40
4892.47
4892.63
4898.24
4899.78
4900.78
4901.31
4901.37
4901.79
4903.17
4903.54
4903.70
4904.76
4909.70
4909.81
4911.08
4912.09
4913.69
4915.71
4917.14
4917.36
4917.84
4919.27
4920.66
4924.54
4926.94
4927.21
4927.21
4927.42
4929.61
4931.32
4931.69
4932.38
4934.36
4934.62
4936.55
4936.60
4939.27
4943.18
4943.23
4943.66
4943.87
4944.99
4945.42
4947.13
4948.15
4948.95
4949.54
4949.65
4951.95
4956.78
4957.96
4958.01
4958.33
4960.16
4961.34
4962.20
4962.79
4963.27
4963.43
4964.19
4964.45
4965.31
4967.57
4968.91
4968.97
4969.45
4972.68
4973.65
4978.39
4979.03
4979.62
4979.79
4983.24
4985.23
4985.34
4987.23
4989.17
4990.36
4991.55
4992.57
4993.27
4994.19
4995.49
4995.76
4999.38
5007.07
5007.72
5009.24
5010.54
5010.65
5011.24
5014.77
5017.75
5019.60
5020.47
5021.94
5022.75
5025.36
5027.48
5032.98
5034.12
5035.65
5036.25
5038.37
5039.24
5039.35
5042.74
5043.01
5043.88
5044.97
5045.08
5054.92
5055.63
5056.89
5063.02
5065.98
5066.69
5068.94
5068.99
5069.16
5070.25
5070.31
5070.42
5072.67
5074.43
5074.54
5078.00
5078.49
5079.09
5079.15
5080.30
5081.29
5085.80
5086.19
5089.66
5091.86
5091.97
5094.89
5096.77
5097.48
5098.42
5099.14
5102.78
5103.17
5105.04
5109.08
5110.68
5113.78
5116.16
5118.04
5118.32
5119.81
5125.80
5129.85
5131.24
5131.85
5132.63
5132.96
5133.51
5134.18
5136.01
5139.91
5141.19
5146.47
5147.36
5147.75
5148.03
5155.45
5158.85
5159.13
5159.46
5161.31
5164.15
5164.60
5166.17
5166.50
5168.40
5168.63
5169.07
5169.13
5172.26
5172.49
5173.77
5174.05
5178.14
5181.00
5189.70
5189.98
5190.15
5192.50
5194.64
5194.75
5196.38
5199.19
5199.53
5199.76
5199.76
5206.29
5207.58
5208.82
5210.85
5211.53
5215.20
5216.72
5219.77
5221.80
5226.55
5227.23
5228.81
5230.28
5231.42
5233.91
5235.21
5238.50
5241.33
5242.92
5247.29
5249.79
5250.75
5250.87
5251.95
5253.71
5253.93
5254.50
5256.72
5260.13
5266.34
5268.39
5269.76
5270.16
5275.58
5277.18
5278.38
5280.61
5281.01
5281.98
5281.98
5282.21
5283.35
5285.87
5292.27
5293.19
5293.94
5300.47
5302.02
5303.80
5304.49
5305.17
5305.40
5309.42
5315.29
5316.21
5318.34
5318.74
5319.95
5320.41
5321.04
5321.39
5322.25
5325.36
5328.59
5334.76
5340.71
5342.73
5352.57
5354.48
5360.74
5365.21
5366.43
5368.98
5378.40
5378.63
5379.68
5383.18
5383.23
5383.29
5387.55
5387.90
5389.06
5389.35
5389.35
5389.99
5390.17
5391.04
5397.41
5398.63
5398.92
5403.07
5403.42
5406.88
5407.46
5408.81
5408.81
5410.21
5411.67
5412.03
5413.08
5415.60
5417.18
5418.59
5423.34
5423.40
5426.27
5426.45
5428.80
5429.09
5429.21
5430.39
5430.86
5433.50
5433.91
5436.32
5438.68
5438.68
5443.86
5444.98
5452.58
5454.65
5456.06
5458.43
5460.67
5464.27
5467.05
5468.71
5471.43
5473.98
5477.53
5479.79
5481.27
5483.40
5485.19
5486.85
5487.20
5489.93
5491.54
5491.60
5498.67
5499.27
5502.13
5502.84
5504.45
5509.33
5510.53
5511.72
5514.70
5516.79
5524.50
5524.91
5530.42
5530.72
5532.27
5535.27
5536.76
5537.90
5538.74
5539.34
5539.70
5540.42
5540.66
5542.22
5545.40
5548.46
5553.26
5555.06
5555.18
5559.51
5560.72
5563.79
5564.21
5567.76
5568.00
5568.72
5568.97
5570.47
5578.55
5579.70
5582.48
5588.58
5588.82
5590.52
5590.70
5592.33
5595.30
5596.69
5605.05
5607.42
5613.31
5613.61
5615.92
5619.69
5620.36
5622.73
5626.87
5627.96
5634.12
5638.39
5640.77
5641.13
5644.61
5644.73
5648.46
5652.92
5654.03
5655.43
5655.56
5656.96
5658.92
5659.04
5662.90
5663.03
5666.89
5669.77
5671.06
5682.73
5683.77
5686.54
5687.46
5689.99
5694.30
5694.36
5694.55
5694.61
5695.59
5695.59
5698.92
5698.98
5704.29
5706.20
5707.44
5708.24
5713.93
5715.16
5720.85
5721.84
5723.39
5724.14
5724.14
5724.88
5726.06
5727.48
5730.39
5731.01
5731.08
5732.38
5732.75
5735.85
5737.53
5741.69
5751.83
5752.76
5754.07
5756.93
5757.55
5758.05
5760.11
5762.04
5762.29
5765.53
5771.71
5772.84
5773.02
5775.27
5778.52
5779.09
5781.96
5785.47
5790.60
5790.85
5792.48
5793.67
5794.11
5795.24
5796.87
5801.39
5802.08
5803.59
5804.97
5805.41
5810.18
5810.50
5812.19
5820.82
5821.51
5821.82
5821.95
5828.00
5833.11
5835.45
5836.52
5837.34
5838.29
5839.11
5840.69
5841.01
5843.03
5843.41
5844.36
5853.53
5854.42
5857.65
5859.81
5860.12
5862.79
5868.50
5872.31
5873.77
5877.58
5882.04
5886.88
5889.55
5892.74
5893.82
5898.35
5902.18
5902.69
5905.76
5906.02
5907.87
5909.92
5910.30
5911.39
5916.25
5917.02
5918.94
5921.18
5923.04
5927.78
5928.94
5932.47
5932.72
5944.16
5949.69
5950.27
5950.85
5951.43
5952.08
5955.10
5958.84
5961.81
5962.58
5962.65
5968.97
5973.75
5976.60
5980.16
5980.54
5980.67
5982.55
5982.55
5983.85
5983.98
5985.01
5985.85
5987.15
5988.06
5992.33
5994.02
5996.16
5996.87
5998.17
6001.42
6003.56
6011.10
6011.49
6016.31
6017.41
6018.52
6018.84
6019.43
6020.99
6023.34
6024.97
6025.23
6027.90
6031.43
6032.99
6038.15
6039.00
6042.40
6042.79
6045.80
6050.05
6056.73
6061.39
6064.67
6066.84
6068.15
6068.54
6070.05
6080.77
6081.56
6082.87
6083.33
6088.73
6095.39
6096.64
6097.11
6100.40
6102.98
6103.44
6103.97
6109.39
6111.57
6111.77
6119.58
6120.50
6124.35
6125.80
6126.80
6126.86
6127.26
6130.51
6133.96
6134.36
6135.09
6138.74
6139.27
6139.87
6141.53
6144.32
6144.52
6146.85
6149.25
6150.04
6151.04
6152.71
6153.50
6158.43
6162.43
6168.24
6170.57
6171.64
6172.84
6175.58
6176.38
6176.85
6178.32
6182.60
6182.67
6185.61
6189.30
6191.44
6192.24
6192.51
6192.91
6204.05
6206.33
6211.64
6212.04
6217.82
6218.56
6232.24
6238.85
6239.86
6240.80
6241.82
6243.71
6243.84
6247.76
6248.17
6251.35
6256.02
6256.15
6258.11
6261.50
6262.86
6263.47
6264.75
6268.42
6272.55
6272.83
6274.59
6276.08
6276.22
6276.49
6280.02
6281.52
6285.87
6286.41
6287.50
6288.80
6289.14
6294.72
6296.22
6296.63
6299.49
6302.96
6307.88
6311.36
6312.45
6313.95
6314.91
6315.87
6318.12
6321.61
6324.96
6337.16
6337.70
6339.69
6339.97
6346.62
6353.84
6355.35
6356.93
6357.07
6359.62
6360.85
6362.23
6365.26
6374.22
6376.22
6381.12
6382.29
6384.02
6385.20
6391.69
6394.60
6397.16
6398.20
6402.70
6405.47
6411.02
6413.03
6415.04
6418.44
6420.81
6421.01
6424.14
6424.84
6424.97
6426.23
6428.10
6428.10
6429.77
6431.93
6432.70
6434.71
6437.99
6440.50
6441.61
6445.45
6449.98
6450.12
6450.54
6451.79
6455.77
6458.36
6461.92
6463.46
6467.24
6475.64
6477.67
6479.57
6483.14
6484.41
6486.09
6486.51
6486.51
6496.27
6496.34
6499.51
6500.07
6501.20
6506.54
6515.00
6516.97
6519.79
6523.32
6523.46
6524.52
6524.66
6536.53
6537.17
6538.09
6540.28
6544.11
6546.37
6548.71
6552.61
6556.58
6559.99
6560.13
6561.26
6564.10
6572.63
6576.69
6577.82
6578.18
6579.18
6581.67
6589.22
6590.22
6592.07
6594.71
6599.85
6602.50
6602.50
6602.64
6605.21
6607.36
6613.36
6615.08
6616.01
6617.87
6618.02
6623.25
6624.18
6625.97
6626.26
6626.90
6626.90
6628.48
6628.48
6630.85
6637.88
6642.77
6643.13
6643.99
6645.71
6646.72
6647.66
6651.76
6652.55
6656.00
6657.23
6660.11
6660.61
6661.41
6667.39
6669.48
6671.07
6672.66
6672.66
6674.68
6675.40
6681.47
6688.92
6690.59
6694.50
6695.30
6696.53
6696.96
6697.90
6703.92
6704.58
6704.79
6706.32
6706.39
6706.82
6707.04
6709.51
6715.10
6715.10
6720.84
6720.99
6723.46
6724.63
6725.86
6727.25
6727.32
6740.65
6742.33
6749.34
6751.16
6755.11
6764.47
6768.13
6774.51
6775.31
6778.24
6785.66
6788.23
6794.69
6794.91
6795.57
6804.99
6810.22
6819.14
6830.59
6830.96
6835.69
6841.54
6849.09
6852.43
6854.95
6857.84
6857.99
6859.10
6859.84
6863.04
6864.00
6865.49
6866.38
6881.03
6888.18
6889.45
6892.73
6898.33
6901.09
6903.48
6910.73
6911.85
6914.99
6916.26
6916.34
6917.53
6917.83
6920.00
6920.83
6923.90
6928.84
6932.52
6933.27
6933.42
6947.31
6947.39
6948.29
6949.49
6950.17
6953.55
6956.41
6957.24
6966.81
6967.64
6967.94
6971.94
6971.94
6971.94
6972.92
6973.82
6975.03
6978.73
6985.75
7000.21
7001.11
7003.08
7004.83
7005.21
7005.96
7010.67
7011.35
7013.55
7015.60
7017.42
7018.63
7026.76
7028.21
7028.36
7029.05
7030.95
7034.60
7034.60
7035.51
7036.58
7042.29
7051.14
7056.55
7058.69
7060.76
7063.05
7063.58
7065.03
7065.34
7066.41
7067.18
7069.70
7071.15
7072.84
7073.68
7074.14
7086.32
7089.31
7092.30
7096.52
7097.83
7102.28
7108.82
7113.90
7114.82
7115.51
7120.21
7126.68
7131.78
7134.09
7136.95
7139.26
7144.06
7145.52
7161.39
7164.18
7164.57
7165.11
7165.73
7166.58
7176.98
7180.87
7181.41
7186.62
7188.48
7202.11
7205.62
7205.85
7209.75
7210.69
7213.57
7216.70
7219.66
7221.77
7222.32
7226.38
7237.42
7238.90
7239.14
7239.69
7244.86
7244.94
7246.66
7246.82
7250.98
7251.53
7255.45
7257.73
7279.04
7288.81
7291.41
7291.65
7301.20
7313.06
7323.83
7325.26
7330.73
7331.21
7331.92
7333.03
7333.51
7334.93
7338.43
7338.67
7339.46
7341.68
7345.18
7346.13
7356.23
7357.51
7371.61
7373.45
7381.83
7384.38
7384.62
7387.98
7391.58
7394.30
7398.14
7398.14
7404.79
7413.12
7423.16
7425.57
7425.81
7428.86
7429.26
7433.28
7438.67
7441.25
7444.39
7446.08
7461.89
7465.77
7476.11
7477.24
7478.05
7479.43
7479.51
7484.85
7485.66
7488.01
7497.17
7500.99
7501.64
7506.26
7506.51
7511.95
7516.18
7527.25
7534.66
7540.37
7544.04
7544.78
7549.27
7550.41
7553.76
7557.93
7560.30
7562.92
7563.25
7570.45
7575.53
7577.99
7578.81
7584.15
7585.87
7593.18
7600.99
7603.37
7605.10
7605.10
7607.98
7608.97
7609.21
7610.45
7612.18
7622.56
7623.64
7624.05
7629.00
7632.22
7633.05
7637.01
7644.04
7644.78
7644.95
7651.82
7658.94
7663.91
7665.41
7667.73
7671.30
7671.88
7674.45
7676.53
7678.35
7681.60
7682.18
7686.75
7687.66
7691.16
7695.99
7696.15
7698.74
7701.32
7712.49
7713.08
7715.33
7719.51
7726.11
7730.04
7731.37
7736.73
7743.18
7743.26
7749.38
7750.39
7752.15
7752.99
7755.00
7755.25
7757.35
7759.36
7762.81
7763.31
7767.26
7773.40
7774.32
7781.22
7784.26
7785.18
7786.11
7787.46
7789.23
7793.10
7795.46
7799.85
7808.30
7816.16
7818.10
7822.16
7824.87
7827.33
7833.51
7835.38
7836.82
7847.43
7858.73
7861.19
7862.47
7863.40
7863.66
7871.15
7871.58
7873.62
7875.32
7880.18
7880.44
7882.74
7887.52
7887.52
7890.34
7891.27
7893.07
7897.17
7899.39
7900.84
7904.43
7907.86
7910.17
7910.68
7911.36
7934.42
7935.11
7938.55
7940.01
7945.33
7951.35
7962.72
7965.99
7972.46
7973.15
7973.50
7981.52
7985.24
7989.47
7991.63
7991.72
7994.23
7996.56
7997.95
7998.99
8012.24
8013.28
8013.97
8015.62
8016.31
8027.34
8028.90
8040.46
8045.77
8046.38
8047.25
8049.78
8053.87
8055.09
8056.57
8061.28
8067.22
8068.44
8070.80
8072.54
8075.42
8079.27
8083.90
8087.58
8093.27
8099.58
8103.96
8105.54
8108.78
8110.19
8114.31
8117.30
8117.39
8118.18
8119.14
8120.28
8121.78
8122.22
8130.22
8137.88
8142.10
8143.42
8144.92
8154.18
8155.86
8156.03
8160.27
8164.16
8171.31
8179.90
8184.32
8186.45
8193.62
8194.25
8194.60
8195.31
8195.66
8196.46
8203.21
8204.98
8215.91
8216.08
8216.80
8217.69
8219.37
8221.06
8221.87
8223.02
8225.16
8238.16
8241.91
8253.86
8259.04
8260.12
8262.08
8263.60
8267.90
8269.51
8272.37
8274.34
8277.29
8279.98
8279.98
8285.54
8286.70
8287.87
8288.86
8296.12
8296.84
8300.43
8305.64
8306.00
8306.45
8307.80
8312.03
8313.56
8313.92
8315.08
8315.89
8316.43
8318.23
8321.02
8321.47
8327.96
8328.32
8329.22
8331.93
8337.52
8347.45
8348.62
8354.76
8355.49
8355.67
8355.67
8357.39
8360.91
8368.61
8380.11
8387.55
8390.73
8393.18
8396.45
8401.63
8410.54
8414.46
8428.31
8431.14
8433.32
8435.42
8444.74
8445.47
8449.77
8451.50
8452.87
8458.46
8459.00
8482.19
8484.12
8487.06
8490.36
8492.29
8497.44
8506.82
8514.65
8518.52
8520.92
8524.70
8527.28
8528.20
8530.23
8537.99
8541.41
8545.85
8546.40
8546.68
8561.76
8565.10
8570.01
8571.96
8572.98
8580.96
8581.24
8582.08
8588.58
8593.60
8593.78
8594.90
8594.90
8603.37
8611.93
8623.40
8624.80
8629.00
8630.78
8633.77
8634.33
8635.35
8637.32
8637.60
8648.91
8651.63
8653.87
8660.24
8665.59
8669.81
8672.53
8679.57
8688.02
8697.34
8702.79
8703.45
8704.11
8712.03
8724.20
8725.33
8726.56
8729.01
8734.77
8735.34
8737.99
8743.57
8751.14
8755.50
8757.49
8758.34
8766.49
8779.21
8793.66
8794.52
8797.18
8805.66
8808.71
8818.24
8819.01
8819.29
8821.97
8830.27
8839.74
8841.46
8844.23
8855.44
8861.38
8862.82
8867.42
8874.81
8880.38
8883.36
8890.96
8895.29
8902.61
8905.21
8906.75
8907.13
8914.08
8917.26
8918.32
8919.77
8920.15
8923.05
8926.62
8930.00
8933.19
8936.48
8937.25
8937.45
8959.91
8960.59
8960.98
8965.05
8967.09
8972.52
8973.20
8973.40
8978.25
8980.68
8981.17
8986.42
8991.18
9001.79
9004.03
9007.83
9016.02
9024.12
9026.76
9042.89
9045.04
9045.24
9049.06
9056.60
9057.77
9058.36
9068.36
9069.93
9071.31
9073.27
9080.93
9089.78
9111.05
9111.24
9121.70
9131.08
9137.60
9147.40
9149.48
9152.35
9156.51
9165.53
9168.11
9186.77
9192.54
9195.03
9202.79
9202.89
9210.56
9214.35
9216.04
9225.42
9231.51
9235.11
9237.31
9238.31
9239.41
9245.21
9247.31
9262.33
9268.14
9268.54
9272.76
9275.06
9285.10
9290.03
9296.46
9299.38
9302.60
9305.32
9312.77
9315.90
9328.71
9334.06
9337.59
9347.20
9356.81
9358.23
9360.96
9366.53
9378.50
9385.71
9388.04
9393.83
9397.09
9399.43
9400.44
9402.58
9402.88
9405.33
9406.95
9407.26
9416.12
9416.42
9423.05
9429.27
9447.96
9453.89
9456.86
9474.68
9483.60
9488.01
9502.19
9502.50
9506.00
9514.64
9515.36
9523.50
9525.66
9527.00
9527.72
9527.72
9531.54
9532.78
9538.45
9543.41
9544.44
9544.64
9547.64
9548.78
9552.81
9562.42
9567.18
9571.43
9587.39
9588.64
9591.75
9598.08
9598.29
9601.09
9607.74
9608.47
9614.09
9614.82
9631.58
9634.08
9638.67
9643.88
9646.70
9648.89
9659.76
9668.33
9668.65
9683.30
9686.97
9697.14
9704.59
9706.27
9716.15
9718.88
9721.62
9725.09
9727.20
9728.35
9729.93
9738.46
9738.78
9743.42
9745.74
9746.37
9747.21
9747.85
9749.01
9767.69
9779.22
9780.70
9787.90
9788.32
9795.21
9807.94
9811.97
9814.09
9817.92
9827.27
9827.70
9838.55
9839.93
9855.06
9856.02
9856.55
9856.55
9861.99
9864.13
9870.32
9871.60
9898.23
9899.63
9905.41
9905.73
9907.56
9908.95
9912.17
9916.89
9921.18
9927.51
9930.31
9931.49
9938.58
9944.93
9946.65
9949.24
9978.34
9996.82
9997.80
10014.25
10021.73
10022.71
10024.88
10027.48
10031.93
10032.15
10041.05
10042.25
10047.79
10061.39
10067.27
10069.23
10069.66
10075.33
10091.59
10093.66
10096.94
10111.26
10120.89
10125.93
10126.15
10126.81
10132.73
10134.70
10138.54
10141.39
10142.16
10147.32
10150.83
10153.25
10155.77
10162.37
10163.25
10164.57
10168.31
10172.05
10184.16
10184.49
10188.90
10190.23
10191.55
10211.86
10221.37
10223.47
10225.46
10225.90
10234.76
10235.53
10236.09
10247.94
10259.59
10263.37
10270.81
10277.70
10282.48
10292.28
10297.96
10307.66
10316.03
10318.04
10322.28
10328.20
10334.91
10340.05
10343.41
10358.08
10363.24
10375.24
10385.91
10390.52
10390.97
10399.52
10405.26
10408.30
10416.75
10420.81
10430.85
10431.75
10432.65
10448.01
10458.42
10458.76
10462.95
10468.72
10470.08
10472.01
10480.05
10484.59
10487.88
10491.63
10502.98
10508.33
10509.01
10512.88
10514.13
10515.72
10520.61
10526.65
10537.70
10538.04
10551.28
10554.25
10560.53
10560.53
10584.78
10602.20
10608.17
10613.22
10632.99
10635.18
10636.21
10638.98
10654.07
10657.18
10668.02
10684.54
10705.95
10710.58
10711.16
10720.21
10754.01
10755.18
10757.04
10758.09
10759.13
10762.05
10771.36
10775.68
10782.44
10787.69
10793.30
10794.47
10812.58
10818.79
10826.87
10843.87
10844.80
10845.74
10846.21
10847.85
10850.79
10853.49
10856.90
10857.01
10858.31
10861.83
10864.89
10873.83
10889.60
10894.79
10908.35
10919.33
10930.33
10935.53
10948.08
10961.71
10965.86
10973.22
10973.58
10992.95
11010.21
11015.21
11016.41
11053.54
11057.37
11057.37
11058.20
11062.39
11064.31
11077.36
11086.72
11089.59
11097.88
11116.74
11121.56
11122.16
11126.37
11134.92
11135.40
11135.64
11161.46
11170.40
11184.43
11192.42
11193.39
11195.57
11195.57
11204.05
11205.50
11205.50
11206.84
11213.51
11216.18
11226.62
11238.04
11269.82
11269.82
11283.12
11287.52
11289.72
11297.90
11306.10
11312.46
11315.77
11321.64
11323.85
11344.33
11356.98
11363.00
11388.85
11395.63
11403.15
11407.96
11419.45
11423.03
11424.27
11446.54
11454.97
11456.20
11456.20
11468.98
11469.10
11498.18
11500.42
11504.65
11516.36
11520.34
11524.08
11524.58
11538.56
11541.05
11559.92
11559.92
11562.43
11562.93
11564.30
11565.43
11566.56
11567.81
11571.06
11580.96
11582.96
11591.24
11591.74
11591.99
11596.88
11597.01
11613.58
11634.84
11658.15
11666.98
11670.64
11700.86
11715.05
11724.69
11726.46
11729.89
11731.41
11732.05
11735.73
11779.49
11785.74
11790.97
11794.41
11796.96
11800.03
11822.39
11822.90
11833.40
11840.31
11840.44
11843.26
11848.00
11853.13
11868.79
11869.30
11871.23
11875.73
11877.40
11893.47
11901.45
11903.64
11911.50
11918.98
11926.46
11928.91
11939.24
11958.63
11963.55
11999.85
12009.59
12059.85
12068.73
12089.51
12095.01
12097.49
12100.11
12100.90
12102.08
12106.40
12121.86
12123.18
12128.95
12134.46
12146.55
12157.72
12164.04
12167.07
12167.86
12173.12
12188.28
12188.94
12207.81
12223.67
12237.70
12242.33
12263.15
12264.61
12288.65
12299.16
12311.27
12332.34
12334.87
12344.49
12348.09
12349.30
12395.88
12470.95
12493.64
12535.21
12576.23
12577.73
12581.81
12610.98
12644.59
12652.12
12658.83
12665.68
12672.81
12685.43
12709.19
12731.49
12738.38
12748.72
12753.83
12754.24
12758.24
12758.38
12766.94
12812.05
12818.71
12819.54
12826.76
12838.42
12840.64
12842.86
12847.87
12853.85
12853.85
12864.14
12876.54
12895.64
12895.78
12900.38
12903.45
12909.74
12915.19
12921.20
12939.38
12953.67
12982.01
12982.72
12986.79
12989.88
13000.57
13019.99
13023.38
13034.65
13055.97
13064.16
13067.27
13077.60
13108.48
13126.22
13130.77
13134.18
13141.43
13153.52
13155.37
13179.45
13188.86
13191.29
13200.85
13211.86
13218.00
13236.47
13248.64
13253.09
13277.20
13277.63
13281.80
13287.55
13296.18
13300.35
13310.00
13336.95
13341.72
13358.47
13365.70
13370.47
13396.25
13399.00
13426.72
13435.29
13438.49
13441.84
13444.60
13502.77
13503.94
13505.11
13508.18
13509.20
13513.58
13523.09
13539.20
13551.07
13558.25
13566.18
13585.57
13607.63
13612.35
13615.59
13622.07
13693.30
13701.00
13710.05
13710.05
13729.20
13737.96
13769.81
13783.82
13796.06
13797.70
13807.41
13815.77
13819.36
13843.76
13845.55
13916.14
13925.63
13926.84
13934.83
13954.14
13960.63
13982.85
13985.88
13996.32
14002.38
14014.66
14025.89
14029.68
14064.94
14065.55
14073.62
14074.84
14081.54
14101.67
14123.19
14124.26
14132.83
14164.05
14177.24
14187.21
14205.65
14212.26
14214.56
14221.64
14240.12
14241.81
14251.99
14257.54
14274.05
14285.49
14287.34
14330.38
14349.16
14390.82
14397.21
14397.68
14409.36
14419.66
14426.99
14441.99
14450.43
14461.69
14493.80
14507.92
14514.04
14516.71
14525.36
14550.52
14551.63
14581.73
14603.68
14627.71
14632.14
14654.33
14668.60
14715.18
14715.66
14733.02
14749.29
14753.92
14756.15
14764.78
14792.44
14816.79
14824.33
14842.78
14856.44
14864.00
14882.18
14937.84
14946.08
14959.67
14985.92
14988.19
14990.62
14991.27
14992.89
14996.14
15014.16
15036.59
15053.68
15056.45
15066.07
15151.07
15157.30
15159.76
15161.08
15173.38
15187.18
15188.82
15205.27
15220.08
15238.37
15241.83
15289.73
15326.17
15348.08
15375.00
15390.98
15397.31
15400.31
15419.15
15445.36
15453.05
15461.25
15463.09
15524.44
15536.71
15537.55
15549.16
15554.03
15598.53
15608.66
15613.89
15614.06
15628.94
15633.16
15639.76
15664.66
15691.80
15691.80
15697.74
15700.80
15702.33
15725.11
15780.33
15813.32
15817.77
15823.76
15861.30
15914.59
15978.43
15982.41
16007.67
16029.17
16072.93
16106.70
16122.57
16140.37
16172.54
16177.44
16228.98
16233.02
16240.75
16248.83
16267.13
16280.33
16292.67
16316.84
16326.20
16348.12
16381.23
16396.65
16433.24
16442.13
16466.88
16508.80
16563.73
16578.79
16583.64
16593.15
16598.72
16599.07
16635.21
16657.01
16703.75
16765.67
16775.29
16797.81
16826.74
16880.53
16884.18
16887.84
16890.58
16938.16
16950.81
17020.28
17028.20
17030.96
17045.34
17049.03
17060.84
17112.42
17120.76
17146.71
17181.07
17194.27
17284.55
17291.28
17413.32
17436.51
17455.95
17471.44
17486.38
17488.65
17550.26
17602.94
17609.23
17616.47
17641.45
17648.90
17724.11
17739.84
17764.81
17774.23
17815.82
17877.80
17951.65
17968.95
17991.51
18001.44
18006.12
18037.32
18040.83
18060.17
18066.03
18073.07
18077.57
18106.54
18120.45
18135.95
18168.16
18181.33
18221.31
18274.62
18336.61
18348.52
18365.20
18378.72
18389.06
18409.17
18413.15
18462.63
18493.42
18536.89
18564.99
18619.30
18631.80
18651.56
18671.76
18695.81
18779.14
18790.93
18813.30
18833.26
18836.32
18847.53
18859.77
18897.56
18903.29
18924.57
18970.90
18991.44
19021.67
19044.53
19129.41
19208.22
19228.60
19236.92
19430.63
19436.93
19438.83
19481.57
19483.68
19507.30
19587.88
19620.12
19696.48
19791.55
19803.11
19892.66
19901.06
19905.80
19950.00
19988.67
20073.63
20141.73
20182.31
20300.35
20311.99
20322.33
20335.96
20354.01
20372.52
20442.52
20448.27
20698.91
20765.09
20767.33
20790.49
20796.34
20801.74
20854.02
20924.31
20939.26
20957.62
20977.81
20997.57
21083.85
21097.54
21119.70
21144.16
21213.13
21241.61
21244.37
21291.08
21300.99
21355.68
21362.85
21424.42
21427.90
21447.38
21453.18
21480.36
21521.07
21573.29
21595.24
21603.89
21621.20
21910.86
21932.21
22010.66
22107.32
22109.71
22124.55
22201.52
22203.45
22234.94
22257.08
22260.70
22263.10
22289.86
22297.58
22367.41
22390.65
22424.60
22492.64
22603.88
22727.73
22728.22
22883.92
22889.37
22928.04
23124.86
23131.37
23188.75
23263.14
23279.00
23402.49
23535.80
23544.97
23601.85
23625.36
23754.28
23779.74
23846.99
23988.29
24000.49
24047.02
24049.88
24053.26
24074.09
24254.23
24351.26
24412.20
24438.10
24513.57
24786.95
24874.53
24876.68
24954.59
24992.42
25047.37
25064.45
25242.99
25705.20
25796.31
25991.58
26037.46
26060.29
26077.50
26183.52
26186.07
26603.87
26748.48
26814.25
27283.08
27330.36
27369.42
27627.97
27637.24
27638.73
27645.61
28006.59
28030.24
28093.70
28213.72
28378.73
28494.42
28732.18
28838.39
28918.69
28921.82
28922.13
28924.01
28980.71
29590.33
30299.20
30589.73
30818.96
31182.55
31483.26
31712.32
31800.62
31819.21
32768.14
33912.64
35121.43
36382.75
36625.65
38453.46
40744.17
41597.64
44816.22
