18.92
21.40
21.65
22.09
24.72
26.01
26.72
27.30
28.14
28.32
29.27
29.42
30.73
31.90
32.13
32.23
32.39
32.69
32.80
32.83
32.84
32.89
33.08
33.77
33.83
34.69
34.99
35.43
35.76
35.93
35.97
36.11
36.47
36.61
36.95
37.01
37.87
37.91
38.44
38.54
38.86
38.92
39.01
39.58
39.88
40.01
40.73
40.81
41.29
41.45
41.50
41.53
41.91
42.02
42.26
42.26
42.26
42.36
42.48
42.77
43.06
43.07
43.09
44.21
44.35
44.35
46.15
46.44
46.49
46.71
46.98
47.19
47.22
47.24
47.38
47.40
47.44
47.62
47.64
47.89
47.90
48.30
48.45
48.76
48.96
49.06
49.29
49.39
49.53
49.92
50.17
50.20
50.25
50.29
50.36
50.62
50.71
51.29
51.39
51.44
51.56
51.58
51.98
52.20
52.44
52.50
53.16
53.32
53.34
53.39
53.55
53.71
54.03
54.72
55.13
55.47
55.55
55.60
56.38
56.41
56.79
56.82
56.91
57.02
57.18
57.19
57.24
57.34
57.41
57.84
58.09
58.36
58.46
58.51
58.61
58.91
58.95
59.21
59.47
59.47
59.54
59.57
59.62
59.63
59.79
59.90
60.15
60.18
60.20
60.30
60.32
60.47
60.93
61.57
61.61
61.73
62.06
62.42
62.55
62.79
63.08
63.52
63.55
63.78
64.56
64.62
64.76
64.87
64.88
64.93
64.97
65.18
65.21
65.29
65.32
65.41
65.61
65.72
65.87
66.16
66.80
66.84
67.08
67.24
67.28
67.33
67.40
67.72
67.72
67.76
68.01
68.03
68.15
68.44
68.66
68.90
68.90
69.07
70.07
70.08
70.17
70.46
70.47
70.59
71.27
71.31
72.02
72.32
72.40
72.41
72.46
72.55
72.80
72.82
72.89
73.21
73.47
73.58
73.76
73.82
74.01
74.10
74.25
74.35
74.37
74.46
74.75
74.77
74.89
75.00
75.04
75.22
75.48
75.51
75.66
75.89
75.95
76.28
76.40
76.40
76.46
76.48
76.61
76.62
76.64
77.13
77.19
77.38
77.50
77.71
77.76
77.77
77.79
77.87
78.00
78.20
78.45
78.77
78.77
78.79
78.90
79.03
79.17
79.19
79.20
79.26
79.32
79.35
79.37
79.39
79.69
79.72
80.11
80.13
80.39
80.52
80.57
80.68
81.01
81.08
81.28
81.40
81.41
81.52
81.58
81.61
81.75
81.77
81.96
82.16
82.23
82.27
82.32
82.37
82.51
82.64
82.65
82.67
82.69
82.76
82.89
83.02
83.07
83.09
83.11
83.19
83.22
83.71
83.87
83.90
83.99
84.04
84.15
84.20
84.26
84.36
84.46
84.52
84.58
84.62
84.83
85.40
85.47
85.70
85.72
85.80
85.96
86.14
86.20
86.23
86.49
86.64
86.65
86.80
86.95
87.02
87.24
87.26
87.30
87.30
87.30
87.63
87.69
87.77
87.87
87.89
87.89
88.01
88.19
88.49
88.92
89.25
89.41
89.43
89.44
89.67
90.07
90.29
90.46
90.58
90.59
90.73
90.88
90.89
90.92
91.10
91.38
91.39
92.16
92.20
92.23
92.33
92.47
92.73
92.84
92.85
92.87
92.91
93.11
93.37
93.46
93.74
93.78
93.78
93.83
93.92
93.93
93.94
94.11
94.17
94.47
94.48
94.53
94.65
94.78
94.79
94.93
95.01
95.12
95.48
95.74
95.80
95.92
96.04
96.05
96.19
96.24
96.51
96.65
96.80
96.81
96.81
96.83
96.96
97.04
97.04
97.14
97.18
97.21
97.31
97.31
97.43
97.62
97.63
97.71
97.75
98.13
98.16
98.24
98.29
98.34
98.56
98.57
98.67
98.97
99.03
99.18
99.19
99.25
99.29
99.54
99.63
99.92
99.94
100.09
100.22
100.31
100.44
100.60
100.86
100.88
101.03
101.07
101.17
101.29
101.38
101.38
101.62
101.69
101.83
101.84
101.86
101.97
102.08
102.12
102.17
102.25
102.26
102.30
102.39
102.50
102.60
103.16
103.18
103.29
103.37
103.46
103.47
103.50
103.58
103.65
103.72
103.75
103.76
103.78
103.78
103.90
103.93
104.05
104.17
104.25
104.27
104.41
104.49
104.54
104.86
104.95
105.04
105.11
105.41
105.42
105.50
105.61
105.62
105.65
105.97
106.00
106.00
106.00
106.03
106.09
106.11
106.12
106.13
106.15
106.45
106.46
106.56
107.05
107.16
107.18
107.29
107.34
107.37
107.41
107.54
107.58
107.63
107.65
107.75
107.98
108.15
108.16
108.34
108.35
108.43
108.45
108.72
108.72
108.79
108.88
109.35
109.37
109.63
109.84
110.07
110.13
110.14
110.19
110.22
110.28
110.35
110.45
110.51
110.58
110.59
110.67
110.76
110.78
110.78
110.85
110.90
110.91
110.97
111.01
111.04
111.17
111.17
111.57
111.66
111.76
112.20
112.22
112.41
112.42
112.63
112.83
112.86
113.11
113.18
113.20
113.28
113.28
113.31
113.42
113.47
113.47
113.75
114.07
114.12
114.16
114.23
114.29
114.32
114.42
114.43
114.46
114.62
114.64
114.68
114.82
114.89
114.96
115.31
115.45
115.46
115.51
115.62
115.93
116.00
116.43
116.47
116.56
116.60
116.61
116.78
116.81
116.96
117.07
117.08
117.19
117.27
117.30
117.48
117.64
117.77
118.03
118.13
118.16
118.17
118.23
118.46
118.74
118.77
118.85
118.95
118.97
118.97
119.04
119.48
119.67
119.82
119.84
119.98
119.99
120.01
120.02
120.09
120.11
120.14
120.21
120.27
120.46
120.71
120.81
120.82
120.88
120.94
121.00
121.13
121.19
121.37
121.60
121.64
121.71
121.92
121.98
121.99
122.05
122.09
122.09
122.14
122.15
122.23
122.39
122.55
122.57
122.81
122.87
122.88
122.91
123.05
123.42
123.59
123.59
123.59
123.75
123.81
123.89
123.94
123.96
123.99
124.01
124.04
124.04
124.16
124.20
124.22
124.22
124.27
124.32
124.34
124.38
124.81
124.96
125.06
125.07
125.10
125.14
125.31
125.53
125.56
125.61
125.67
125.70
125.79
125.80
125.86
125.88
125.93
125.96
126.17
126.25
126.26
126.33
126.37
126.41
126.49
126.72
126.75
126.78
126.80
126.85
127.05
127.07
127.15
127.21
127.33
127.47
127.67
127.86
127.90
127.90
128.06
128.09
128.20
128.22
128.36
128.49
128.74
128.79
128.82
128.86
128.87
128.90
129.01
129.05
129.22
129.33
129.40
129.42
129.48
129.65
129.70
129.88
129.93
130.22
130.43
130.47
130.48
130.62
130.63
130.73
130.74
130.86
130.90
130.94
131.01
131.10
131.25
131.43
131.48
131.52
131.65
131.73
131.83
131.89
131.98
132.02
132.03
132.10
132.17
132.45
132.52
132.56
132.67
132.70
132.73
132.73
132.73
132.75
132.95
133.01
133.05
133.05
133.07
133.12
133.19
133.20
133.39
133.51
133.53
133.57
133.72
133.82
133.85
133.91
134.37
134.52
134.54
134.69
134.78
134.97
135.28
135.40
135.46
135.49
135.69
135.75
135.85
135.99
136.25
136.26
136.39
136.48
136.54
136.67
136.72
136.76
136.81
136.83
136.99
137.07
137.12
137.28
137.28
137.42
137.44
137.57
137.66
137.66
137.68
137.81
137.86
137.90
137.90
137.93
138.02
138.13
138.14
138.17
138.21
138.25
138.32
138.58
138.68
138.87
138.88
138.91
139.16
139.18
139.27
139.30
139.38
139.54
139.66
139.74
139.75
139.77
139.89
139.92
139.97
140.01
140.07
140.13
140.15
140.25
140.30
140.42
140.51
140.60
140.68
140.75
140.79
140.83
140.84
140.88
141.03
141.14
141.26
141.26
141.50
141.69
141.83
142.08
142.14
142.23
142.30
142.41
142.44
142.56
142.90
142.94
143.07
143.10
143.11
143.14
143.26
143.30
143.30
143.35
143.41
143.42
143.49
143.59
143.69
143.71
143.79
144.16
144.27
144.35
144.43
144.60
144.67
144.68
144.80
145.00
145.13
145.19
145.36
145.60
145.72
145.75
145.78
145.81
145.89
146.28
146.31
146.50
146.56
146.62
146.70
146.74
146.83
146.97
146.98
147.10
147.23
147.25
147.32
147.34
147.45
147.48
147.53
148.02
148.09
148.14
148.21
148.23
148.29
148.35
148.44
148.48
148.65
148.73
148.85
148.89
149.03
149.04
149.23
149.42
149.44
149.53
149.61
149.70
149.72
149.72
149.94
150.02
150.14
150.18
150.18
150.19
150.23
150.30
150.31
150.32
150.34
150.36
150.51
150.52
150.56
150.78
150.82
150.86
150.90
150.91
151.03
151.22
151.30
151.30
151.37
151.40
151.42
151.52
151.69
151.71
151.88
152.08
152.11
152.13
152.18
152.20
152.21
152.24
152.24
152.25
152.26
152.31
152.36
152.37
152.66
152.67
152.67
152.68
152.72
152.76
153.25
153.38
153.39
153.55
153.63
153.68
153.71
153.79
153.86
153.91
154.19
154.58
154.62
154.77
154.94
155.05
155.24
155.33
155.38
155.51
155.74
155.83
155.86
155.90
156.05
156.10
156.18
156.19
156.35
156.43
156.51
156.54
156.54
156.59
156.60
156.68
156.73
156.83
156.85
156.96
157.08
157.08
157.40
157.44
157.60
157.64
157.75
157.81
157.86
158.00
158.03
158.04
158.15
158.19
158.28
158.36
158.37
158.39
158.42
158.44
158.63
158.65
158.66
158.74
158.77
158.91
159.04
159.29
159.34
159.48
159.48
159.50
159.59
159.67
159.79
159.86
159.87
159.91
159.94
160.33
160.41
160.44
160.59
160.77
160.82
160.88
160.89
160.95
161.06
161.23
161.25
161.29
161.31
161.35
161.43
161.47
161.62
161.73
161.82
161.87
161.97
162.06
162.28
162.53
162.54
162.63
162.65
162.66
162.74
162.75
162.87
162.88
162.92
162.92
162.97
163.17
163.30
163.37
163.41
163.55
163.76
163.79
163.80
163.81
163.87
164.02
164.14
164.17
164.29
164.31
164.44
164.47
164.51
164.52
164.53
164.57
164.70
164.78
165.17
165.32
165.33
165.53
165.60
165.62
165.74
165.76
165.80
165.83
165.94
166.00
166.06
166.11
166.13
166.17
166.23
166.26
166.40
166.59
166.62
166.62
166.64
166.69
166.86
166.87
166.90
166.91
166.94
166.95
167.01
167.02
167.19
167.26
167.26
167.27
167.41
167.51
167.55
168.01
168.45
168.46
168.58
168.58
168.62
168.67
168.72
168.73
168.74
168.77
168.78
168.97
169.00
169.07
169.10
169.10
169.17
169.66
169.70
169.74
169.77
169.83
169.87
169.89
170.23
170.23
170.27
170.69
170.87
170.94
170.96
171.04
171.20
171.36
171.51
171.55
171.62
171.74
171.75
171.77
171.92
171.93
171.94
171.98
172.13
172.28
172.47
172.61
172.61
172.69
172.69
172.76
172.81
172.87
172.97
173.13
173.18
173.33
173.34
173.36
173.42
173.56
173.63
173.68
173.70
173.74
173.80
173.80
173.80
173.84
173.92
174.02
174.16
174.46
174.49
174.55
174.75
175.11
175.13
175.28
175.33
175.42
175.43
175.44
175.49
175.61
175.72
175.79
175.99
176.17
176.18
176.33
176.40
176.42
176.47
176.47
176.48
176.51
176.58
176.63
176.64
176.65
176.80
176.85
176.90
176.93
176.96
177.08
177.12
177.17
177.21
177.26
177.41
177.49
177.50
177.63
177.64
177.68
177.76
177.81
177.95
177.95
177.98
177.99
178.00
178.04
178.38
178.40
178.45
178.52
178.65
178.76
178.81
178.83
178.84
178.93
178.94
179.34
179.44
179.58
179.65
179.68
179.77
179.85
179.86
180.05
180.36
180.38
180.56
180.77
180.85
180.93
180.94
181.09
181.09
181.17
181.36
181.61
181.72
181.83
181.88
181.90
182.21
182.29
182.29
182.47
182.51
182.57
182.63
182.66
182.68
182.97
183.10
183.22
183.29
183.37
183.43
183.51
183.57
183.77
183.82
183.83
183.86
183.86
183.97
184.03
184.23
184.33
184.35
184.39
184.50
184.52
184.55
184.70
184.71
184.81
184.89
184.94
185.01
185.05
185.19
185.46
185.51
185.56
185.64
186.00
186.06
186.08
186.14
186.23
186.32
186.33
186.34
186.35
186.43
186.45
186.63
186.81
186.92
186.98
187.02
187.09
187.29
187.39
187.42
187.43
187.48
187.55
187.81
187.93
188.06
188.26
188.31
188.41
188.51
188.75
188.79
188.83
188.84
188.94
189.00
189.02
189.14
189.15
189.48
189.55
189.61
189.68
189.68
189.72
189.73
189.74
189.81
189.87
189.92
189.95
189.99
190.06
190.10
190.24
190.39
190.43
190.47
190.47
190.53
190.53
190.54
190.68
190.73
190.84
190.85
190.87
190.97
191.01
191.01
191.05
191.12
191.39
191.48
191.76
191.82
191.88
191.91
191.92
192.00
192.03
192.17
192.19
192.26
192.31
192.32
192.48
192.86
192.86
192.94
193.05
193.15
193.35
193.37
193.46
193.89
193.91
193.97
194.06
194.28
194.56
194.59
194.79
194.86
194.96
194.99
195.03
195.18
195.23
195.24
195.30
195.33
195.41
195.48
195.58
195.58
195.58
195.59
195.83
195.91
196.17
196.20
196.21
196.22
196.26
196.49
196.53
196.64
196.74
196.79
197.00
197.53
197.56
197.62
197.69
197.69
197.84
197.85
197.91
197.98
198.07
198.09
198.14
198.34
198.61
198.65
198.83
198.85
198.90
199.02
199.23
199.44
199.49
199.49
199.53
199.54
199.58
199.74
200.03
200.07
200.09
200.12
200.35
200.42
200.54
200.81
200.94
201.09
201.13
201.15
201.21
201.25
201.29
201.32
201.35
201.39
201.40
201.43
201.49
201.61
201.76
201.85
201.87
201.96
201.98
202.00
202.05
202.06
202.28
202.40
202.52
202.59
202.67
202.68
202.70
202.97
203.03
203.03
203.03
203.12
203.13
203.23
203.38
203.50
203.56
203.70
203.71
203.88
203.95
203.99
204.00
204.04
204.10
204.20
204.21
204.31
204.32
204.33
204.34
204.37
204.44
204.44
204.61
204.62
204.63
204.84
204.85
205.20
205.29
205.36
205.39
205.51
205.71
205.75
205.76
205.88
205.92
205.96
206.08
206.13
206.22
206.27
206.30
206.41
206.55
206.57
206.89
206.95
207.24
207.32
207.36
207.49
207.53
207.55
207.62
207.63
207.66
207.80
207.86
207.98
208.01
208.26
208.30
208.41
208.43
208.56
208.59
208.66
208.86
208.94
209.11
209.20
209.25
209.41
209.55
209.71
209.88
210.12
210.24
210.25
210.36
210.36
210.49
210.62
210.75
210.76
210.88
210.89
210.90
210.95
211.12
211.15
211.31
211.36
211.45
211.46
211.70
211.92
211.96
212.10
212.11
212.34
212.45
212.48
212.56
212.65
212.69
212.73
213.02
213.23
213.42
213.44
213.86
214.01
214.07
214.19
214.32
214.40
214.43
214.45
214.47
214.73
214.91
214.96
214.99
215.02
215.17
215.23
215.25
215.28
215.29
215.47
215.47
215.47
215.62
215.81
215.82
215.87
216.16
216.21
216.27
216.29
216.34
216.37
216.56
216.57
216.66
216.67
216.82
216.92
217.08
217.09
217.16
217.24
217.25
217.30
217.31
217.41
217.53
217.55
217.65
217.73
217.73
217.99
218.13
218.20
218.41
218.44
218.44
218.46
218.48
218.51
218.52
218.61
218.67
218.76
218.90
219.01
219.07
219.11
219.35
219.39
219.53
219.73
219.78
219.86
220.04
220.14
220.48
220.50
220.52
220.55
220.56
220.59
220.68
220.72
220.79
220.81
221.26
221.27
221.29
221.37
221.40
221.44
221.49
221.52
221.55
221.70
221.79
221.79
221.83
221.84
221.84
221.86
221.92
221.92
221.97
221.99
222.07
222.22
222.31
222.34
222.58
222.59
222.76
222.81
222.94
222.96
223.01
223.09
223.22
223.22
223.29
223.33
223.71
224.06
224.19
224.20
224.59
224.63
224.68
224.69
224.81
224.81
224.86
224.92
225.02
225.28
225.52
225.68
225.76
225.91
226.12
226.17
226.24
226.47
226.57
226.61
226.66
226.80
226.80
226.81
226.88
226.89
226.89
226.97
226.98
227.02
227.04
227.26
227.27
227.32
227.38
227.39
227.43
227.45
227.53
227.55
227.60
227.84
228.02
228.17
228.21
228.29
228.38
228.45
228.47
228.49
228.59
228.69
228.74
228.97
229.21
229.24
229.25
229.33
229.42
229.72
229.74
229.81
229.85
229.94
229.96
230.16
230.19
230.29
230.33
230.33
230.41
230.44
230.47
230.69
230.88
230.90
230.92
230.93
230.96
231.07
231.17
231.35
231.42
231.50
231.52
231.53
231.61
232.06
232.10
232.17
232.48
232.54
232.62
232.70
232.80
232.91
233.09
233.35
233.42
233.43
233.50
233.51
233.53
233.59
233.63
233.71
233.77
233.88
233.91
233.97
234.13
234.30
234.35
234.38
234.40
234.41
234.59
234.62
234.68
234.85
234.90
234.95
235.03
235.05
235.07
235.10
235.22
235.38
235.54
235.55
235.58
235.62
235.69
235.74
235.75
235.76
236.01
236.04
236.12
236.16
236.30
236.33
236.35
236.64
236.79
236.96
237.21
237.21
237.22
237.24
237.27
237.29
237.29
237.29
237.38
237.45
237.48
237.52
237.66
237.76
237.85
237.88
237.90
238.00
238.55
238.58
238.61
238.66
238.92
238.99
239.18
239.22
239.29
239.48
239.52
239.70
239.70
239.81
239.98
239.98
240.01
240.01
240.01
240.02
240.13
240.20
240.24
240.25
240.34
240.37
240.42
240.53
240.62
240.72
240.75
240.76
240.79
240.93
240.96
241.00
241.02
241.07
241.11
241.17
241.24
241.24
241.25
241.32
241.36
241.36
241.52
241.54
241.60
241.64
241.71
241.71
241.76
241.90
241.91
242.12
242.15
242.40
242.44
242.46
242.66
242.68
242.71
242.84
243.36
243.40
243.41
243.43
243.44
243.53
243.56
243.85
243.89
243.89
244.11
244.23
244.56
244.67
244.95
245.00
245.04
245.05
245.09
245.13
245.37
245.40
245.51
245.52
245.56
245.60
245.67
245.96
246.03
246.15
246.16
246.16
246.27
246.42
246.54
246.59
246.69
246.75
246.77
246.88
246.93
247.02
247.10
247.19
247.20
247.30
247.32
247.36
247.52
247.87
247.88
247.90
247.93
248.21
248.22
248.23
248.36
248.38
248.61
248.72
248.79
248.79
249.16
249.47
249.50
249.70
249.70
249.85
249.89
250.00
250.54
250.66
250.82
250.85
250.85
250.97
251.34
251.36
251.37
251.58
251.67
251.79
251.79
251.88
252.06
252.20
252.28
252.34
252.39
252.41
252.49
252.51
252.68
252.76
252.82
253.13
253.16
253.26
253.27
253.28
253.30
253.50
253.60
253.65
253.66
253.77
253.81
253.82
254.69
254.70
254.72
254.75
255.07
255.15
255.20
255.41
255.53
255.70
255.73
255.75
255.76
255.77
255.89
255.92
256.20
256.23
256.39
256.77
256.79
257.14
257.18
257.22
257.22
257.62
257.74
257.75
257.79
257.81
257.92
258.01
258.08
258.12
258.23
258.27
258.28
258.29
258.36
258.40
258.55
258.69
258.70
258.78
258.86
259.16
259.19
259.32
259.32
259.34
259.46
259.52
259.71
259.72
259.81
259.88
259.91
260.01
260.09
260.09
260.15
260.19
260.33
260.41
260.47
260.70
260.95
261.42
261.43
261.45
261.50
261.70
261.87
261.91
261.97
262.16
262.20
262.25
262.83
263.06
263.10
263.14
263.14
263.60
263.70
263.72
263.73
263.73
263.76
263.81
263.84
263.93
263.94
264.08
264.11
264.20
264.23
264.27
264.43
264.71
264.76
264.79
264.86
264.98
265.02
265.12
265.18
265.20
265.37
265.40
265.73
265.80
265.83
265.92
266.05
266.07
266.24
266.26
266.42
266.49
266.59
266.60
266.63
266.64
266.72
266.74
266.85
267.01
267.02
267.04
267.12
267.16
267.17
267.22
267.31
267.58
267.58
267.74
267.80
267.86
268.10
268.20
268.20
268.42
268.45
268.52
268.65
268.74
268.74
268.78
268.81
268.82
268.83
268.87
268.87
268.99
269.04
269.06
269.13
269.22
269.43
269.64
269.96
269.97
270.29
270.39
270.43
270.45
270.50
270.52
270.61
270.84
270.95
271.35
271.42
271.43
271.60
271.66
271.74
271.87
272.13
272.21
272.29
272.32
272.35
272.37
272.50
272.50
272.57
272.66
272.68
272.71
272.79
272.79
272.93
272.95
273.04
273.13
273.26
273.49
273.53
274.00
274.01
274.08
274.39
274.49
274.58
274.59
274.70
274.74
274.78
274.83
274.98
275.02
275.14
275.37
275.41
275.42
275.52
275.64
275.73
275.82
275.90
275.93
276.11
276.17
276.24
276.62
276.70
276.70
276.81
277.07
277.26
277.46
277.54
277.54
277.60
277.75
278.39
278.66
278.80
278.88
278.89
279.05
279.15
279.16
279.55
279.58
279.88
279.88
280.01
280.06
280.06
280.19
280.25
280.25
280.28
280.29
280.33
280.46
280.49
280.52
280.57
280.64
280.66
280.76
280.98
281.07
281.13
281.27
281.37
281.41
281.45
281.53
281.76
281.79
281.86
282.05
282.24
282.36
282.49
282.57
282.77
282.88
282.95
283.02
283.06
283.09
283.17
283.21
283.25
283.41
283.41
283.42
283.49
283.69
284.08
284.10
284.10
284.27
284.50
284.54
284.58
284.67
284.75
284.76
284.78
284.78
284.88
285.16
285.19
285.52
285.55
285.57
285.57
285.81
285.86
285.87
285.99
286.02
286.15
286.18
286.28
286.35
286.63
286.67
286.68
286.70
286.81
286.95
287.00
287.01
287.67
287.72
287.79
288.02
288.03
288.15
288.32
288.47
288.52
288.67
288.68
288.71
289.05
289.08
289.09
289.19
289.28
289.31
289.32
289.33
289.50
289.59
289.69
289.84
289.84
289.88
289.94
290.20
290.28
290.29
290.30
290.39
290.46
290.58
290.72
290.80
290.86
290.92
290.94
290.98
291.03
291.12
291.17
291.26
291.33
291.40
291.45
291.48
291.48
291.62
291.65
291.69
291.81
291.86
291.96
292.01
292.03
292.23
292.34
292.36
292.52
292.56
292.64
292.74
292.74
292.98
293.09
293.13
293.23
293.44
293.53
293.60
293.65
293.69
293.74
293.75
293.76
293.80
293.85
294.11
294.12
294.25
294.26
294.27
294.46
294.47
294.48
294.57
294.60
295.03
295.14
295.51
295.58
295.76
295.93
296.13
296.19
296.33
296.39
296.42
296.53
296.56
296.65
296.93
296.95
297.08
297.28
297.33
297.34
297.34
297.36
297.46
297.51
297.67
297.78
298.03
298.21
298.26
298.35
298.36
298.36
298.39
298.55
298.57
298.61
298.61
298.62
298.63
298.68
298.71
298.86
298.93
299.33
299.58
299.60
299.67
299.75
299.90
300.02
300.05
300.08
300.16
300.24
300.25
300.39
300.54
300.60
300.66
300.71
300.81
301.08
301.12
301.34
301.43
301.48
301.80
301.85
302.22
302.28
302.44
302.50
302.60
302.65
302.67
302.74
302.84
302.84
302.94
303.08
303.11
303.14
303.37
303.50
303.54
303.54
303.63
303.79
303.82
304.03
304.25
304.25
304.25
304.32
304.37
304.40
304.45
304.52
304.52
304.77
304.82
304.89
305.34
305.41
305.48
305.63
305.71
305.80
305.86
305.95
305.95
306.08
306.24
306.30
306.38
306.44
306.45
306.49
306.57
306.59
306.65
306.73
306.83
306.91
306.97
306.99
307.18
307.36
307.37
307.39
307.46
307.86
307.89
308.01
308.08
308.47
308.48
308.49
308.50
308.57
308.71
308.81
308.84
309.07
309.10
309.15
309.44
309.51
309.59
309.68
309.70
309.86
309.89
309.95
310.10
310.11
310.43
310.55
310.56
310.58
310.60
310.76
310.82
310.90
311.05
311.08
311.14
311.25
311.26
311.35
311.36
311.42
311.54
311.55
311.72
311.76
311.81
311.89
311.90
311.98
312.04
312.17
312.21
312.25
312.29
312.37
312.63
312.71
312.79
313.06
313.14
313.15
313.17
313.21
313.47
313.58
313.81
313.88
314.10
314.14
314.22
314.36
314.54
314.59
314.63
314.91
314.99
315.26
315.27
315.35
315.36
315.47
315.57
315.60
315.65
315.67
315.70
315.70
315.73
315.81
315.87
316.01
316.05
316.18
316.20
316.23
316.34
316.36
316.57
316.64
316.71
316.73
316.88
317.06
317.07
317.36
317.38
317.47
317.55
317.57
317.60
317.68
317.76
317.99
318.00
318.31
318.40
318.42
318.48
318.62
318.72
318.79
318.85
318.89
319.05
319.12
319.27
319.41
319.55
319.59
319.66
319.69
319.72
319.73
319.77
320.31
320.41
320.61
320.66
320.74
320.75
320.76
320.83
320.87
320.93
321.01
321.26
321.52
321.53
321.64
321.65
321.76
321.84
321.86
321.89
321.93
322.06
322.10
322.16
322.36
322.49
322.55
322.60
322.70
322.78
322.95
323.25
323.28
323.30
323.35
323.53
323.60
323.67
323.76
323.96
323.96
323.98
324.03
324.05
324.06
324.07
324.13
324.15
324.16
324.19
324.28
324.29
324.47
324.49
324.64
324.79
324.94
325.08
325.13
325.21
325.46
325.47
325.58
325.73
325.85
325.86
326.07
326.12
326.14
326.14
326.36
326.36
326.44
326.54
326.58
326.80
326.90
326.95
327.15
327.26
327.31
327.35
327.75
327.97
328.00
328.05
328.18
328.18
328.27
328.29
328.41
328.49
328.56
328.66
329.27
329.28
329.39
329.40
329.42
329.43
329.49
329.71
329.73
329.74
329.77
329.82
329.97
330.01
330.07
330.12
330.31
330.32
330.33
330.36
330.38
330.68
330.77
330.80
330.90
331.01
331.14
331.27
331.30
331.68
331.75
331.78
331.97
332.03
332.17
332.18
332.28
332.44
332.54
332.57
332.58
332.83
332.88
332.89
332.98
333.23
333.39
333.51
333.59
333.81
333.83
333.99
334.13
334.18
334.24
334.30
334.35
334.41
334.63
334.69
334.80
334.82
334.84
334.99
335.04
335.06
335.32
335.37
335.58
335.70
335.75
336.26
336.34
336.48
336.53
336.71
337.57
337.60
337.60
337.75
338.00
338.01
338.20
338.21
338.24
338.35
338.96
339.07
339.21
339.39
339.41
339.45
339.53
339.77
339.78
339.80
339.99
340.07
340.15
340.24
340.58
340.77
340.86
340.95
341.10
341.11
341.17
341.29
341.31
341.39
341.40
341.40
341.68
341.74
341.79
341.79
341.80
342.00
342.20
342.26
342.60
342.75
342.79
342.97
342.99
343.00
343.21
343.25
343.26
343.30
343.30
343.42
343.66
343.88
344.23
344.26
344.26
344.48
344.49
344.68
345.08
345.21
345.26
345.35
345.36
345.59
345.61
345.66
345.79
346.07
346.14
346.18
346.23
346.39
346.40
346.46
346.51
346.74
346.86
346.94
347.11
347.17
347.27
347.36
347.37
347.39
347.39
347.44
347.45
347.52
347.95
348.15
348.32
348.37
348.38
348.49
348.50
348.69
348.76
348.91
348.96
348.98
348.98
349.06
349.08
349.14
349.26
349.28
349.43
349.52
349.55
349.55
349.77
349.83
349.91
349.92
350.40
350.46
350.55
350.72
350.76
350.83
350.93
350.97
351.04
351.17
351.19
351.31
351.38
351.41
351.49
351.54
351.58
351.62
351.90
352.09
352.13
352.24
352.46
352.49
352.51
352.56
352.78
352.94
353.17
353.21
353.22
353.24
353.56
353.57
353.61
353.65
353.70
353.75
353.79
353.86
353.87
353.92
354.09
354.55
354.56
354.59
354.78
354.97
355.02
355.13
355.24
355.61
355.61
355.95
356.08
356.09
356.17
356.40
356.46
356.47
356.49
356.69
356.84
356.85
357.26
357.46
357.95
357.96
358.32
358.42
358.44
358.47
358.53
358.86
358.89
358.98
359.09
359.25
359.35
359.43
359.55
359.69
359.93
360.04
360.07
360.21
360.26
360.40
360.41
360.73
360.87
360.90
361.14
361.40
361.50
361.70
361.96
362.12
362.19
362.31
362.31
362.50
362.50
362.51
362.53
362.55
362.83
362.99
363.00
363.07
363.10
363.16
363.28
363.46
363.60
363.78
364.21
364.29
364.53
364.57
364.63
364.70
364.76
364.78
365.00
365.02
365.05
365.12
365.15
365.55
365.57
365.77
365.83
365.90
365.93
366.10
366.11
366.34
366.34
366.53
366.54
366.91
366.92
366.96
367.07
367.08
367.17
367.20
367.25
367.32
367.39
367.42
367.51
367.73
367.75
368.13
368.32
368.48
368.79
369.07
369.15
369.59
369.66
369.74
369.77
369.98
370.19
370.36
370.43
370.46
370.73
370.89
370.96
371.14
371.29
371.33
371.33
371.39
371.43
371.59
371.80
372.02
372.22
372.46
372.60
372.78
372.79
373.01
373.23
373.26
373.31
373.44
373.47
373.51
373.52
373.57
373.58
373.64
373.73
373.81
374.19
374.33
374.36
374.41
374.64
374.70
374.79
374.95
375.16
375.31
375.36
375.57
375.71
375.85
375.93
376.06
376.37
376.49
376.53
376.54
376.56
376.60
376.66
376.80
376.90
377.26
377.36
377.42
377.48
377.53
377.77
377.90
377.97
378.13
378.47
378.73
378.76
378.82
379.04
379.08
379.11
379.13
379.14
379.14
379.22
379.29
379.38
379.57
379.79
379.92
379.93
380.02
380.04
380.10
380.11
380.18
380.36
380.41
380.44
380.53
380.60
380.67
380.80
380.82
380.91
381.16
381.19
381.44
381.45
381.49
381.62
381.67
381.70
381.78
381.85
381.89
381.99
382.09
382.19
382.87
382.88
383.02
383.07
383.67
383.72
383.77
383.82
383.84
383.87
384.01
384.09
384.22
384.24
384.25
384.71
384.76
384.91
385.19
385.23
385.29
385.31
385.39
385.40
385.69
385.89
386.08
386.20
386.22
386.25
386.30
386.45
386.46
386.60
386.62
386.70
386.76
386.78
386.92
387.12
387.21
387.44
387.88
388.26
388.31
388.48
388.50
388.51
388.69
389.17
389.32
389.34
389.46
389.48
389.57
389.59
389.83
389.91
389.91
390.02
390.05
390.08
390.21
390.35
390.37
390.41
390.53
390.70
390.74
390.78
390.85
391.16
391.18
391.22
391.27
391.38
391.54
391.55
391.90
391.91
392.17
392.20
392.38
392.42
392.44
392.52
392.69
392.99
393.13
393.27
393.39
393.40
393.46
393.88
394.33
394.39
394.61
394.75
394.81
394.99
395.06
395.35
395.81
396.00
396.39
396.39
396.40
396.51
396.69
396.74
396.77
396.89
396.99
396.99
397.11
397.30
397.31
397.48
397.49
397.92
398.28
398.32
398.50
398.53
398.53
398.93
398.95
399.02
399.12
399.49
399.58
399.64
399.74
399.83
400.09
400.17
400.25
400.44
400.45
400.48
400.50
400.90
401.07
401.09
401.19
401.22
401.34
401.38
401.44
401.74
401.81
401.96
402.06
402.14
402.39
402.71
402.71
402.74
402.85
402.91
403.07
403.31
403.46
403.58
403.85
403.87
404.03
404.12
404.17
404.19
404.32
404.34
404.39
404.53
405.30
405.76
405.78
405.81
405.92
406.36
406.57
406.72
406.82
406.92
407.25
407.52
407.63
407.68
407.74
407.74
407.88
407.88
408.09
408.09
408.14
408.21
408.24
408.25
408.36
408.38
408.75
408.82
408.84
409.01
409.09
409.46
409.60
410.02
410.22
410.31
410.33
410.54
410.67
410.95
411.07
411.42
411.43
411.65
411.73
411.84
411.95
412.01
412.23
412.36
412.41
412.47
412.87
413.25
413.69
413.98
414.24
414.47
414.65
414.74
414.74
414.76
414.79
414.89
415.09
415.15
415.22
415.73
415.77
415.84
417.14
417.29
417.33
417.73
417.90
418.14
418.15
418.31
418.32
418.37
418.41
418.54
418.55
418.77
418.97
419.27
419.34
419.35
419.39
419.42
419.44
419.47
419.71
419.73
419.84
419.92
419.93
419.96
420.12
420.17
420.23
420.38
420.46
420.60
420.68
420.92
421.05
421.37
421.55
421.55
421.66
422.26
422.44
422.61
422.66
422.99
423.09
423.32
423.34
423.48
423.61
423.72
423.79
423.79
423.83
424.03
424.04
424.08
424.27
424.36
424.42
424.51
424.57
424.58
424.69
425.07
425.39
425.44
425.48
425.54
425.85
425.90
426.09
426.35
426.45
426.69
426.72
426.78
426.81
426.93
426.95
427.05
427.06
427.15
427.48
427.58
427.61
428.05
428.06
428.34
428.41
428.52
428.53
428.54
428.56
428.99
429.14
429.73
430.07
430.22
430.28
430.31
430.31
430.32
430.32
431.04
431.10
431.59
431.73
432.02
432.23
432.42
432.69
432.78
432.95
433.03
433.19
433.36
433.55
433.57
433.71
433.74
433.96
434.01
434.15
434.28
434.38
434.42
434.56
434.97
435.38
435.74
435.84
436.41
436.50
436.66
436.67
436.90
437.00
437.04
437.16
437.21
437.26
437.26
437.41
437.47
437.47
437.49
437.73
438.03
438.08
438.16
438.30
438.33
438.47
438.69
438.77
438.85
439.23
439.31
439.39
439.62
439.68
439.69
439.70
439.79
440.00
440.07
440.15
440.17
440.19
440.41
440.69
440.73
440.91
440.96
441.13
441.26
441.71
442.32
442.34
442.40
442.64
442.91
443.13
443.21
443.28
443.61
443.76
443.93
444.07
444.16
444.32
444.57
444.90
444.94
445.22
445.22
445.27
445.37
445.43
445.55
445.87
446.00
446.16
446.22
446.24
446.31
446.35
446.36
446.36
446.39
446.53
446.56
446.56
446.67
446.78
446.85
446.89
447.11
447.49
447.50
447.50
447.60
447.70
448.04
448.12
448.15
448.22
448.54
448.56
449.00
449.09
449.10
449.30
449.48
449.55
449.55
449.71
449.79
449.82
449.82
449.98
450.19
450.34
450.37
450.46
450.57
451.03
451.06
451.24
451.49
451.70
451.80
452.04
452.12
452.44
452.52
453.21
453.21
453.31
453.45
453.47
453.56
453.61
453.88
454.13
454.17
454.21
454.23
454.23
454.51
454.59
454.83
455.13
455.18
455.24
455.43
455.73
455.75
455.97
456.01
456.24
456.73
456.77
456.95
457.25
457.26
457.37
457.40
457.55
457.56
457.58
457.74
457.79
457.79
457.95
458.59
458.74
458.75
458.75
458.92
459.13
459.16
459.40
459.48
459.56
459.87
460.13
460.38
460.44
460.67
460.93
461.13
461.25
461.51
461.56
461.57
462.07
462.14
462.14
462.34
462.61
462.66
462.96
463.01
463.12
463.27
463.31
463.46
463.55
463.56
463.61
463.82
463.99
464.03
464.37
464.43
464.63
464.80
464.95
464.96
464.96
465.13
465.56
465.60
465.69
465.98
466.07
466.18
466.39
466.41
466.51
467.01
467.04
467.22
467.38
467.82
467.83
468.05
468.11
468.25
468.54
468.79
468.83
469.00
469.14
469.15
469.29
469.49
469.56
469.62
469.66
469.72
470.22
470.34
470.53
470.90
470.96
470.99
471.08
471.32
471.76
472.05
472.06
472.10
472.11
472.13
472.23
472.27
472.29
472.32
472.67
472.78
472.80
472.90
472.91
473.16
473.18
473.27
473.45
473.60
473.68
473.71
473.72
473.78
473.83
474.08
474.38
474.44
474.52
474.98
475.21
475.43
475.43
475.68
475.81
476.15
476.46
476.76
476.77
476.81
476.93
477.04
477.06
477.21
477.48
477.65
477.86
477.96
477.99
478.39
478.41
478.44
478.54
478.65
478.91
478.96
479.24
479.41
479.43
479.51
479.72
479.76
480.11
480.19
480.51
480.81
480.89
480.93
480.94
481.07
481.21
481.49
481.50
481.74
481.81
481.92
482.02
482.14
482.32
482.36
482.39
482.50
482.75
482.84
483.17
483.18
483.22
483.25
483.38
483.39
483.46
483.86
483.91
484.01
484.23
484.25
484.65
484.66
484.72
485.12
485.19
485.22
485.41
486.10
486.29
486.64
486.75
486.86
486.94
487.08
487.40
487.59
487.60
487.65
487.73
487.76
487.86
488.88
488.93
489.03
489.06
489.16
489.84
489.89
490.28
490.44
490.65
490.83
490.93
491.12
491.27
491.29
491.56
491.56
491.62
491.62
491.65
491.95
492.36
492.40
492.54
492.56
492.86
492.96
493.38
493.41
493.50
493.54
493.59
493.62
493.74
493.76
493.96
493.99
494.09
494.12
494.18
494.19
494.21
494.22
494.36
494.64
494.67
495.00
495.19
495.23
495.30
495.47
495.77
495.93
496.71
496.81
496.93
497.13
497.20
497.27
497.75
497.75
498.11
498.18
498.50
498.57
498.68
498.75
498.80
498.83
499.22
499.51
499.77
499.99
500.04
500.10
500.40
500.46
500.88
500.93
501.11
501.37
501.68
502.07
502.15
502.23
502.28
502.35
502.46
502.52
502.88
502.93
503.06
503.07
503.14
503.19
503.19
503.67
503.81
504.27
504.34
504.53
504.64
504.72
504.77
504.78
504.90
504.90
504.99
505.18
505.28
505.30
505.56
505.79
505.84
505.87
506.11
506.18
506.49
506.52
506.61
506.69
506.69
506.78
507.52
507.55
507.76
507.79
508.25
508.33
508.40
508.57
508.73
508.99
509.12
509.73
509.99
510.11
510.14
510.20
510.63
510.65
510.94
510.96
511.07
511.14
511.24
511.65
511.77
511.88
511.90
511.90
511.93
512.14
512.14
512.52
512.54
512.61
512.61
512.66
513.42
513.63
513.68
513.77
513.79
514.26
514.28
514.37
514.42
514.63
514.66
514.80
514.87
515.06
515.08
515.10
515.34
515.59
515.61
515.65
515.68
515.71
516.08
516.16
516.66
516.69
516.73
516.85
516.88
517.10
517.39
517.48
517.51
517.78
517.85
517.85
518.61
518.69
518.98
519.26
519.35
519.44
519.45
519.63
519.65
520.04
520.15
520.25
520.69
520.73
520.80
520.99
521.00
521.04
521.09
521.32
521.74
521.74
521.99
522.03
522.41
522.69
522.71
522.81
522.86
523.00
523.31
523.50
523.54
523.68
523.81
523.81
523.95
524.29
524.35
524.68
524.74
525.16
525.29
525.64
525.92
526.02
526.44
526.48
526.52
526.82
527.17
527.18
527.18
527.33
527.33
527.71
527.90
527.94
528.04
528.12
528.17
528.43
529.22
529.29
529.58
529.72
529.83
530.06
530.37
530.46
530.57
530.57
530.58
530.83
531.28
531.41
531.63
531.70
531.71
531.86
531.86
531.89
532.14
532.21
532.71
532.75
532.99
533.01
533.26
533.45
533.56
533.64
533.77
533.79
533.83
533.88
534.07
534.14
534.31
534.50
534.67
534.75
534.80
535.02
535.09
535.25
535.28
535.31
535.58
535.65
535.73
536.26
536.68
536.80
536.98
537.22
537.23
537.26
537.60
537.66
537.72
537.77
538.18
538.47
538.52
538.53
538.92
539.09
539.18
539.37
539.38
539.56
539.56
539.67
539.91
539.95
540.18
540.18
540.22
540.28
540.32
540.34
540.76
540.83
541.09
541.10
541.23
541.64
541.66
541.80
541.89
541.99
542.15
542.16
542.20
542.23
542.40
542.41
542.78
543.13
543.47
543.69
543.91
543.99
544.07
544.46
544.71
544.79
544.85
544.95
545.06
545.17
545.21
545.26
545.26
545.27
545.30
545.92
546.13
546.32
546.61
546.66
546.77
546.82
546.98
547.08
547.31
547.54
547.68
547.91
547.91
547.96
548.03
548.33
548.82
548.84
548.87
549.54
549.60
549.76
549.99
550.11
550.14
550.26
550.35
550.70
550.75
551.03
551.28
551.43
551.44
551.51
552.21
552.59
552.60
552.62
552.63
552.64
552.85
552.89
552.93
553.17
553.31
553.34
553.57
553.87
553.93
553.99
554.32
554.44
554.55
554.61
554.63
555.59
555.63
556.02
556.20
556.39
556.55
556.74
557.41
557.83
557.96
557.97
557.99
558.06
558.08
558.40
559.01
559.03
559.13
559.44
559.58
559.58
559.81
559.98
560.23
560.28
560.86
561.23
561.24
561.26
561.69
562.15
562.18
562.62
562.98
563.36
563.57
563.73
564.18
564.26
564.34
564.36
564.37
564.48
564.76
564.86
565.09
565.23
565.67
565.87
565.97
566.06
566.12
566.34
566.40
566.51
566.55
566.80
566.81
566.95
567.16
567.21
567.37
567.66
567.84
568.01
568.07
568.20
568.23
568.25
568.29
568.64
568.68
568.83
568.93
568.99
569.03
569.07
569.35
569.43
569.56
569.59
569.75
570.10
570.34
570.36
570.51
570.67
570.77
570.80
571.19
571.27
571.32
571.50
571.56
571.64
571.68
571.93
572.05
572.07
572.42
572.60
572.68
573.09
573.09
573.09
573.15
573.30
573.58
573.69
574.12
574.37
574.37
574.56
574.56
575.27
575.38
575.70
575.73
575.77
575.97
576.12
576.16
576.16
576.17
576.45
577.31
577.34
577.61
577.68
577.71
577.96
577.97
578.09
578.09
578.33
578.43
578.43
578.63
578.81
578.86
578.92
579.06
579.40
579.72
580.26
580.26
580.39
580.68
581.13
581.14
581.44
582.00
582.09
582.45
582.46
582.68
582.76
583.00
583.49
583.60
583.82
583.84
583.88
583.90
583.91
583.92
583.93
583.94
583.96
584.15
584.34
584.93
585.14
585.15
585.30
585.42
585.46
585.60
585.66
585.67
585.72
586.24
586.33
586.51
586.68
587.21
587.32
587.35
587.44
587.53
587.62
587.84
587.87
587.90
588.08
588.12
588.68
588.95
588.97
589.17
589.26
589.27
589.33
589.39
589.60
589.97
590.02
590.08
590.52
591.05
591.07
591.08
591.39
591.41
591.75
591.78
591.95
592.01
592.06
592.70
592.83
592.97
593.10
593.20
593.35
593.56
593.57
593.73
593.91
593.94
594.33
594.43
594.46
594.59
594.77
594.88
595.13
595.14
595.20
595.38
595.65
595.96
596.03
596.03
596.26
596.91
597.00
597.02
597.23
597.24
597.30
597.55
597.73
597.88
598.06
598.08
598.09
598.25
598.91
598.93
599.66
599.72
599.77
600.05
600.15
600.41
600.76
600.78
600.79
600.80
600.99
601.37
601.61
601.80
601.82
601.93
602.13
602.17
602.74
602.94
602.97
603.21
603.24
603.38
603.40
603.88
603.94
604.24
604.28
604.39
604.41
604.48
604.54
604.62
604.71
604.90
604.90
605.46
605.49
605.59
605.68
605.90
606.04
606.10
606.16
606.46
607.02
607.93
608.01
608.07
608.11
608.42
608.98
608.98
608.98
609.20
609.35
609.64
609.66
609.75
610.17
610.22
610.75
610.88
611.25
611.31
611.37
611.43
611.47
611.56
611.78
611.86
612.21
612.49
612.56
612.77
612.94
612.94
612.96
613.10
613.18
613.21
613.42
614.40
614.56
614.69
614.72
614.78
614.82
615.00
615.02
615.17
615.53
615.53
615.67
616.01
616.29
616.33
616.33
616.40
616.73
616.95
616.95
617.36
617.57
617.91
618.36
618.80
618.81
619.18
619.40
619.45
619.48
619.52
619.56
619.64
619.74
619.80
619.82
620.01
620.02
620.17
620.39
620.40
620.56
620.64
620.93
621.05
621.32
621.59
621.65
621.97
622.05
622.53
622.62
623.09
623.38
623.48
623.61
623.70
623.90
623.96
624.24
624.58
624.73
624.83
625.38
625.45
625.67
626.02
626.29
626.45
626.53
627.40
627.71
627.88
628.13
628.19
628.32
628.43
628.56
628.63
629.09
629.20
629.32
629.71
629.93
629.97
630.07
630.76
630.78
630.83
630.85
630.85
630.88
631.11
631.50
631.50
631.78
632.17
632.32
632.65
632.82
632.90
632.92
632.92
633.09
633.25
633.64
633.70
633.84
634.11
634.37
634.42
634.93
634.94
635.68
635.75
635.79
635.88
635.90
636.16
636.53
636.56
636.78
636.79
636.81
637.11
637.21
637.56
637.98
638.08
638.30
638.43
638.46
638.56
638.65
638.65
638.77
638.91
638.96
638.99
639.15
639.19
639.33
639.54
639.62
639.84
639.91
640.13
640.18
640.32
640.54
640.61
640.69
640.72
641.17
641.24
641.75
642.38
642.68
643.20
643.25
643.59
643.64
643.73
643.77
643.94
644.10
644.14
644.53
645.06
645.34
645.56
645.84
646.30
646.43
647.16
647.31
647.38
647.40
647.94
648.09
648.11
648.23
648.55
648.59
648.60
648.71
648.87
649.10
649.10
649.17
649.51
649.70
649.91
649.96
649.99
650.12
650.17
650.17
650.57
650.66
650.83
650.99
651.56
651.59
651.71
652.63
652.63
652.84
653.19
653.46
653.53
653.64
653.65
653.72
654.53
654.57
654.71
654.73
654.75
654.78
654.80
654.97
655.01
655.43
655.60
655.73
656.03
656.18
656.29
656.49
656.64
656.86
656.86
657.05
657.46
657.60
657.62
657.74
658.09
658.32
658.66
659.04
659.10
659.13
659.17
659.26
659.53
659.64
659.72
659.75
659.80
659.84
660.17
660.37
661.28
661.46
661.49
661.88
662.07
662.34
662.46
662.48
662.68
662.68
662.81
662.82
662.86
663.45
663.84
664.01
664.15
664.25
664.54
665.06
665.25
665.78
665.84
666.14
666.33
666.97
667.43
667.46
667.67
667.93
667.96
668.08
668.10
668.24
668.26
668.74
668.77
669.49
669.68
669.73
670.08
670.12
670.27
670.62
670.66
670.85
670.86
670.87
670.92
671.20
671.37
671.38
671.54
671.90
672.02
672.07
672.14
672.21
672.29
672.32
672.45
672.95
673.12
673.21
673.21
673.29
673.44
673.60
673.76
674.19
674.41
674.42
675.24
675.69
675.73
675.86
676.03
676.09
676.68
676.80
676.80
676.82
676.91
677.03
677.38
677.47
677.54
677.62
677.70
678.28
678.28
678.53
678.57
678.66
678.67
678.80
678.98
679.06
679.28
679.40
679.57
679.78
679.82
680.34
680.56
680.75
680.78
680.80
681.07
681.12
681.20
681.23
681.24
681.55
681.92
681.95
682.23
682.27
682.98
683.00
683.11
683.43
683.66
683.71
683.74
684.05
684.41
684.77
684.92
684.97
685.02
685.30
685.63
685.64
685.76
685.88
686.73
686.86
687.05
687.38
687.39
687.44
687.85
688.04
688.61
688.64
688.93
688.97
689.27
689.74
689.74
689.94
690.02
690.37
690.59
691.36
692.39
692.54
692.63
693.14
693.35
693.99
694.07
694.10
694.16
694.51
694.71
694.71
694.77
694.96
695.01
695.16
695.22
695.28
695.40
695.42
695.43
695.56
695.60
695.82
696.13
696.17
696.27
696.70
697.05
697.38
697.38
697.51
698.06
698.16
698.83
699.12
699.44
699.52
699.66
699.67
699.68
699.73
699.83
699.87
700.56
700.95
701.16
701.61
701.82
702.20
702.39
702.44
702.76
702.80
702.99
703.51
703.71
703.83
704.11
704.20
704.33
705.06
705.10
705.22
705.26
705.33
705.63
705.81
705.82
705.84
705.89
705.89
706.39
706.45
706.46
706.48
706.64
706.70
706.72
706.97
707.14
707.60
707.60
707.91
708.09
708.15
708.54
708.56
708.64
709.21
709.31
709.36
709.97
710.16
710.46
710.61
710.62
710.80
710.89
711.16
711.26
711.42
711.49
711.63
711.69
713.10
713.38
713.60
713.82
714.05
714.77
714.89
715.04
715.17
715.35
715.90
716.40
717.10
717.42
717.79
717.90
718.05
718.06
718.30
718.41
718.49
718.92
719.47
719.54
719.77
719.83
720.32
720.73
720.75
721.13
721.14
721.21
721.37
721.86
722.10
722.13
722.29
722.34
722.55
722.58
722.58
722.71
722.92
723.19
723.28
723.53
724.45
724.62
724.73
724.78
724.78
725.02
725.93
726.01
726.15
726.19
726.35
726.64
726.81
727.33
727.55
727.66
728.56
728.65
728.67
728.85
728.93
729.05
729.15
729.37
729.50
729.62
729.68
730.06
730.13
730.20
730.44
730.61
731.37
731.71
732.36
732.70
733.32
733.96
734.27
734.47
734.49
734.57
734.59
734.67
734.71
734.91
734.93
735.16
735.29
735.34
735.44
735.86
736.33
736.43
736.44
736.78
737.17
737.52
737.60
738.00
738.71
738.91
739.09
739.25
739.42
739.50
739.55
739.67
739.75
740.13
741.39
741.70
741.78
741.98
742.01
742.02
742.46
742.51
742.88
743.10
743.31
743.92
744.22
744.85
744.98
745.09
745.13
745.13
745.25
745.27
745.40
745.45
745.57
745.69
745.88
746.27
746.48
746.67
746.71
746.79
746.81
746.83
746.88
747.07
747.14
747.52
747.58
747.64
748.07
748.17
748.20
748.60
748.61
749.14
749.37
749.45
749.55
749.92
750.27
750.32
750.74
750.86
750.92
751.07
751.70
752.07
752.13
752.68
753.23
753.27
753.75
753.94
754.03
754.12
754.25
754.34
754.35
754.76
755.19
755.36
755.37
755.41
755.63
755.68
755.86
756.75
756.89
757.16
757.43
757.91
758.22
758.29
759.04
760.73
760.89
761.03
761.12
761.18
761.43
761.66
761.79
761.92
762.25
762.37
762.47
762.64
762.97
763.52
763.76
763.90
763.98
764.11
764.14
764.22
764.52
764.63
764.88
765.18
765.69
766.22
766.34
766.50
766.56
766.69
767.33
767.57
767.74
767.87
768.21
768.45
768.46
769.75
769.96
770.15
770.40
770.40
770.94
771.23
771.30
771.56
771.69
771.76
771.89
772.36
772.74
772.93
772.97
773.06
773.39
773.61
773.71
774.17
774.21
774.78
775.14
775.84
775.87
777.53
777.70
777.97
778.00
778.23
778.46
778.79
778.89
778.93
779.33
779.60
779.69
779.70
780.49
780.95
781.33
781.68
782.20
782.36
782.99
783.50
783.51
783.70
783.74
784.09
784.26
784.32
784.59
784.62
784.71
785.24
785.29
785.73
785.79
786.01
786.05
786.06
786.10
786.46
786.51
787.44
787.61
787.92
788.09
788.53
788.89
789.58
789.61
789.62
789.93
790.08
790.49
790.85
790.97
791.04
791.17
791.67
791.86
791.96
792.02
792.32
792.88
793.02
793.11
793.34
793.85
794.18
794.77
794.93
795.67
796.04
796.68
797.25
797.43
797.58
797.72
797.87
798.11
798.36
799.04
799.46
799.63
800.02
800.35
800.38
801.66
801.78
801.96
802.11
802.14
802.16
802.35
802.70
802.76
802.94
803.23
803.30
803.37
803.45
803.46
803.46
803.69
804.01
804.05
804.16
804.64
804.78
804.97
805.30
805.82
805.98
806.15
806.56
806.59
806.65
806.83
807.08
807.29
807.79
808.04
808.33
808.75
808.78
808.81
809.23
809.42
809.45
809.50
809.54
809.83
809.92
810.19
810.22
810.50
810.53
810.59
810.76
810.80
810.92
811.02
811.12
811.25
811.53
811.54
811.61
812.16
812.60
812.65
812.97
813.05
813.16
813.41
813.60
813.78
813.89
813.94
814.32
814.98
814.99
815.01
815.03
815.11
815.33
815.36
815.47
815.48
815.66
815.79
816.17
816.36
816.63
817.02
817.61
817.63
817.64
818.63
818.76
819.67
819.78
819.83
819.90
820.27
820.33
820.39
820.52
820.70
820.82
820.87
820.89
820.97
821.05
821.27
821.63
821.84
823.11
823.82
824.08
824.18
824.72
824.83
825.00
825.34
825.37
825.52
825.64
825.85
826.47
826.73
826.76
826.86
826.97
827.16
827.52
829.42
829.92
830.30
830.39
830.48
830.83
831.16
831.31
831.70
831.94
832.05
832.17
832.40
832.52
832.55
832.70
832.91
833.09
833.11
833.24
833.43
833.46
833.49
833.74
833.95
834.05
834.49
834.95
835.01
835.02
835.24
836.38
837.26
837.81
837.92
837.95
838.07
838.33
838.37
838.40
838.52
838.57
838.82
839.33
839.82
839.99
840.00
840.20
840.50
841.01
841.27
841.32
841.32
841.80
841.83
842.13
842.76
843.16
843.74
843.97
844.10
844.30
844.83
844.83
845.35
845.68
845.81
845.82
846.03
846.35
846.53
846.95
846.97
847.01
847.25
847.72
847.93
848.20
848.37
848.59
848.70
850.21
850.37
850.73
850.87
850.92
851.03
851.33
851.43
851.46
851.65
851.67
851.81
852.18
852.23
852.50
853.37
853.89
854.58
854.78
855.26
855.42
855.50
855.51
855.68
856.00
856.20
856.32
856.48
857.13
857.23
857.59
857.65
858.06
858.51
859.61
859.84
859.86
860.15
860.17
860.99
861.05
862.00
862.36
862.74
863.48
863.50
864.14
864.48
864.64
865.04
865.36
865.56
865.61
865.85
865.92
866.57
866.75
867.81
867.98
868.16
868.30
868.77
869.80
870.59
870.97
871.01
871.39
871.39
871.55
871.78
871.85
872.46
872.64
872.92
873.00
873.75
873.79
873.92
875.17
875.31
875.45
875.47
876.80
876.85
876.97
876.98
877.16
877.78
878.12
878.17
878.19
878.27
878.36
878.44
878.65
879.46
879.51
879.75
879.97
880.28
880.28
880.89
880.95
881.18
881.36
881.45
882.10
883.05
883.06
883.13
883.15
883.18
883.50
884.34
884.66
886.09
886.11
886.41
886.57
886.80
887.02
887.31
887.37
887.45
887.54
888.22
888.42
889.05
889.27
889.48
889.61
890.13
890.32
890.72
890.92
891.95
892.04
892.04
892.53
892.73
893.66
894.17
894.69
894.74
894.84
895.07
895.13
895.24
895.32
895.43
895.50
896.03
897.15
897.41
897.61
897.69
897.90
897.93
898.33
898.53
899.08
899.33
899.41
899.55
899.77
899.93
900.07
900.56
901.05
901.36
901.48
901.55
901.85
902.74
902.82
902.90
903.40
903.44
903.99
904.10
904.38
904.68
904.79
905.58
905.86
905.88
905.90
906.33
906.47
906.66
906.71
906.72
907.06
907.11
907.32
907.76
907.78
907.81
908.12
908.30
908.77
909.10
909.38
909.68
910.05
910.20
910.29
910.70
910.76
910.87
911.07
911.27
911.36
911.87
912.17
913.16
913.50
913.64
913.73
914.02
914.27
914.55
914.63
915.30
915.95
916.12
916.27
916.50
916.56
917.59
917.65
917.73
917.85
918.32
918.80
919.26
919.38
919.38
919.65
919.66
920.41
921.03
921.42
921.56
921.71
921.86
922.20
922.40
923.19
923.36
923.81
924.20
924.33
925.10
925.19
925.28
926.05
926.69
926.95
927.18
928.63
928.70
928.87
929.52
929.72
931.10
931.26
931.37
931.81
931.91
932.16
932.47
932.56
933.40
933.60
933.82
934.04
934.36
934.99
935.02
935.60
935.88
935.89
935.97
936.13
936.19
936.42
936.77
937.65
937.67
938.30
938.40
938.58
938.75
939.00
939.08
939.09
939.43
939.83
940.25
940.40
940.43
940.62
940.65
940.71
941.98
942.02
942.24
942.49
942.54
942.55
942.64
943.54
943.72
943.89
944.03
944.83
945.09
945.28
945.31
945.48
946.11
946.41
946.71
946.72
947.94
948.53
948.55
949.24
949.27
949.62
949.68
949.82
950.04
950.07
950.23
951.14
951.32
951.62
951.83
952.77
952.85
952.97
953.76
953.96
954.23
954.48
954.77
955.03
955.55
955.55
955.64
955.95
956.22
956.28
956.41
956.41
956.93
957.20
957.87
958.58
958.92
958.96
959.42
959.50
959.60
960.26
960.95
960.98
961.30
961.71
961.92
964.18
964.56
964.77
964.97
965.03
965.75
965.96
967.00
967.10
967.33
967.47
967.49
968.31
968.76
968.85
969.43
970.02
970.23
970.32
970.77
970.95
970.95
971.05
971.09
971.32
971.43
972.06
972.29
972.62
972.65
972.81
973.25
973.38
973.55
973.65
973.97
974.02
974.08
974.13
974.78
975.07
975.27
975.57
976.98
977.39
977.64
977.85
977.91
977.95
978.24
978.36
978.38
979.74
979.74
979.79
979.97
980.35
980.93
981.42
981.46
981.60
981.65
982.14
982.16
983.81
984.15
984.52
984.66
984.87
985.88
986.26
987.06
987.42
987.44
987.65
988.65
988.81
988.96
988.98
989.10
989.11
989.21
989.48
990.20
990.57
991.18
991.26
991.63
992.39
992.69
992.71
992.75
993.07
993.28
993.28
993.67
993.77
993.81
993.98
994.09
994.16
994.98
995.19
995.78
995.91
995.94
996.18
996.34
996.74
996.77
996.86
997.52
997.89
998.05
999.22
999.33
999.61
999.73
999.84
1000.06
1000.21
1000.72
1000.77
1001.07
1001.13
1001.68
1002.14
1003.03
1003.04
1003.06
1003.18
1003.38
1003.39
1003.70
1003.83
1003.96
1004.98
1005.01
1005.38
1006.10
1006.48
1006.77
1006.79
1007.06
1007.15
1007.33
1007.38
1007.55
1007.89
1008.13
1008.26
1008.99
1009.22
1009.36
1009.56
1010.06
1010.13
1010.40
1011.65
1011.72
1011.78
1012.24
1012.96
1013.15
1014.21
1014.26
1014.33
1014.35
1014.85
1015.24
1015.78
1016.73
1016.82
1017.09
1017.72
1018.99
1019.55
1019.60
1019.67
1019.74
1020.40
1020.43
1021.08
1021.67
1021.75
1022.22
1022.29
1023.06
1023.13
1023.53
1024.42
1025.16
1025.31
1025.43
1025.50
1025.51
1025.60
1026.34
1026.42
1026.57
1026.60
1026.61
1026.97
1027.28
1028.15
1028.60
1028.78
1028.96
1029.06
1029.29
1029.78
1029.80
1030.47
1030.64
1030.92
1031.23
1031.88
1032.01
1032.01
1032.29
1032.59
1032.84
1033.08
1033.20
1034.01
1034.93
1035.53
1036.69
1036.86
1037.10
1037.45
1037.85
1038.71
1038.99
1039.17
1041.34
1041.97
1042.15
1042.41
1042.90
1043.20
1043.67
1043.78
1043.94
1044.31
1045.09
1045.69
1045.92
1046.41
1046.44
1046.92
1047.60
1047.65
1050.83
1051.47
1051.62
1052.17
1052.26
1052.41
1052.67
1053.06
1053.06
1053.12
1053.58
1053.94
1054.27
1054.82
1056.01
1057.01
1057.76
1057.81
1058.03
1058.60
1058.60
1058.77
1058.93
1059.02
1059.09
1059.14
1059.29
1059.42
1059.76
1059.86
1060.18
1060.64
1060.73
1061.31
1061.44
1061.82
1062.03
1062.03
1062.11
1062.27
1062.35
1063.00
1063.05
1063.32
1063.64
1064.13
1064.79
1065.15
1066.13
1066.90
1068.23
1069.00
1069.42
1069.72
1069.97
1070.07
1070.51
1070.78
1071.68
1071.97
1071.99
1072.28
1072.41
1072.54
1072.89
1072.99
1073.34
1074.13
1074.75
1074.85
1075.48
1076.55
1076.81
1077.23
1077.47
1077.98
1078.04
1078.33
1078.60
1078.78
1079.15
1079.15
1079.63
1079.65
1079.71
1079.78
1080.49
1080.56
1080.63
1081.37
1081.39
1081.90
1082.18
1082.56
1083.21
1083.95
1084.07
1084.15
1084.22
1084.90
1085.72
1085.76
1086.10
1086.81
1087.05
1087.46
1087.91
1088.20
1088.41
1088.47
1088.54
1088.81
1089.18
1089.60
1089.64
1090.05
1090.55
1090.85
1091.22
1092.65
1092.71
1093.15
1093.17
1093.36
1093.39
1094.41
1094.66
1094.72
1094.80
1094.86
1095.28
1095.73
1095.80
1096.20
1096.55
1097.22
1097.58
1097.79
1097.97
1098.14
1099.65
1100.54
1101.11
1101.64
1102.15
1103.28
1103.76
1104.39
1104.40
1104.52
1104.72
1104.76
1104.91
1105.13
1105.52
1105.65
1105.92
1106.09
1106.14
1106.61
1106.62
1107.79
1107.90
1107.91
1108.28
1108.49
1109.00
1109.15
1109.34
1109.46
1109.94
1111.02
1111.42
1111.56
1111.57
1112.22
1112.38
1112.78
1113.72
1113.92
1114.14
1114.56
1114.81
1115.46
1115.88
1116.53
1116.82
1117.39
1117.77
1117.88
1117.95
1117.98
1118.51
1118.74
1118.85
1119.15
1119.43
1119.52
1119.68
1119.94
1120.11
1120.16
1120.16
1120.21
1120.56
1120.58
1120.67
1120.81
1121.27
1121.76
1121.77
1121.77
1121.96
1122.12
1122.79
1123.11
1123.57
1124.20
1124.26
1124.61
1125.09
1125.27
1125.64
1125.67
1126.66
1126.98
1127.87
1128.60
1128.97
1129.20
1129.24
1129.66
1129.94
1129.98
1130.19
1130.30
1131.16
1131.24
1131.56
1132.04
1132.74
1132.99
1133.25
1134.42
1135.12
1135.15
1135.35
1135.88
1136.34
1136.45
1136.49
1137.05
1138.14
1138.31
1138.46
1138.73
1139.16
1139.26
1139.36
1139.45
1139.50
1139.67
1139.67
1140.17
1140.68
1141.03
1141.22
1141.82
1143.21
1143.89
1143.98
1143.98
1144.91
1145.08
1145.32
1146.06
1146.87
1147.45
1148.35
1148.72
1149.07
1149.30
1150.12
1150.14
1150.22
1150.22
1150.62
1151.19
1151.64
1152.64
1152.74
1153.95
1153.99
1154.66
1154.69
1155.17
1155.21
1155.50
1155.62
1155.81
1156.39
1156.93
1156.96
1157.63
1158.10
1158.63
1158.72
1159.52
1159.60
1159.93
1160.83
1161.87
1162.47
1163.89
1163.99
1164.13
1164.20
1164.22
1164.56
1164.61
1165.32
1165.43
1165.46
1166.26
1167.15
1167.19
1167.79
1167.87
1167.91
1168.12
1169.07
1169.26
1169.97
1170.02
1171.55
1171.93
1172.01
1172.41
1172.46
1173.01
1173.26
1173.33
1173.97
1174.02
1174.65
1175.22
1175.68
1176.29
1176.58
1176.71
1176.90
1176.91
1176.98
1177.32
1177.59
1178.53
1178.77
1178.79
1178.79
1178.86
1180.18
1182.13
1182.16
1182.61
1182.62
1182.82
1183.45
1183.50
1184.04
1184.14
1184.33
1184.65
1184.68
1184.78
1185.87
1185.90
1186.28
1186.35
1187.70
1189.14
1189.56
1189.96
1189.99
1190.55
1190.91
1191.14
1191.56
1191.98
1192.56
1192.92
1193.94
1193.98
1194.06
1194.37
1194.45
1195.24
1195.26
1195.43
1196.74
1197.13
1197.18
1197.23
1197.49
1197.66
1198.41
1198.82
1198.89
1199.38
1199.68
1199.80
1199.90
1200.49
1200.58
1201.67
1201.79
1202.93
1202.96
1204.26
1205.02
1205.15
1206.01
1206.06
1206.97
1207.09
1207.98
1208.06
1208.15
1208.49
1208.63
1208.80
1209.18
1209.33
1209.42
1210.23
1210.60
1210.92
1211.08
1211.15
1212.00
1212.64
1212.75
1212.78
1212.94
1213.38
1213.82
1214.69
1215.50
1216.78
1217.02
1217.43
1218.80
1219.24
1219.65
1219.69
1220.18
1221.01
1221.26
1221.41
1222.35
1222.75
1222.92
1223.00
1223.29
1223.54
1223.80
1223.95
1224.59
1225.42
1225.50
1225.86
1226.84
1227.72
1227.86
1227.97
1228.02
1228.22
1229.19
1229.44
1229.72
1229.78
1231.00
1231.34
1231.51
1232.04
1232.39
1232.88
1232.89
1232.96
1234.14
1234.32
1234.66
1235.03
1235.06
1235.42
1236.18
1236.30
1236.33
1236.76
1236.80
1237.14
1237.16
1237.24
1237.32
1237.40
1237.81
1237.91
1238.91
1239.46
1239.82
1240.35
1240.88
1241.10
1241.61
1241.88
1242.05
1242.86
1243.22
1244.56
1244.72
1244.78
1245.59
1246.37
1246.75
1246.98
1247.62
1247.68
1248.18
1248.71
1248.74
1249.12
1249.40
1250.29
1251.58
1251.70
1252.08
1252.36
1252.42
1252.73
1252.99
1253.00
1253.53
1254.04
1254.45
1256.58
1256.82
1257.35
1257.73
1259.18
1259.69
1260.07
1261.62
1261.80
1262.36
1263.00
1265.60
1265.93
1266.04
1266.63
1266.96
1267.23
1268.48
1269.10
1269.29
1269.44
1269.77
1269.98
1270.86
1271.29
1272.15
1272.22
1274.94
1274.96
1275.69
1277.57
1277.78
1277.93
1278.64
1278.79
1280.22
1281.81
1282.55
1283.09
1283.52
1283.66
1286.48
1286.67
1287.27
1287.95
1288.22
1290.94
1291.26
1291.40
1292.24
1292.88
1292.98
1293.11
1293.13
1293.23
1294.48
1294.49
1294.96
1295.12
1295.25
1295.84
1296.15
1297.17
1297.52
1298.66
1299.88
1300.91
1301.42
1301.95
1302.09
1302.98
1303.06
1303.81
1304.22
1305.08
1305.21
1305.82
1305.82
1307.10
1307.40
1307.50
1307.73
1307.95
1308.43
1308.60
1308.63
1308.66
1309.91
1309.98
1310.87
1310.88
1311.89
1312.29
1312.36
1312.59
1313.23
1313.58
1313.64
1315.25
1315.73
1315.97
1316.34
1316.81
1317.27
1317.37
1317.41
1317.45
1318.37
1319.04
1319.08
1319.29
1319.55
1320.15
1320.18
1320.67
1320.68
1321.99
1322.61
1323.45
1323.58
1324.26
1325.22
1326.15
1326.94
1327.31
1328.49
1328.59
1329.37
1329.53
1329.84
1330.17
1330.40
1330.55
1330.63
1331.17
1332.03
1332.68
1333.63
1333.67
1333.72
1334.35
1334.77
1335.09
1336.04
1337.76
1337.87
1338.05
1338.10
1338.36
1339.92
1340.52
1340.71
1341.04
1341.16
1341.45
1341.97
1344.25
1345.65
1345.90
1346.11
1346.73
1347.45
1347.56
1347.60
1348.02
1349.95
1350.01
1350.94
1351.51
1351.75
1353.39
1354.46
1354.66
1355.12
1355.57
1355.61
1355.86
1357.54
1359.02
1359.54
1359.64
1360.11
1360.14
1360.36
1360.43
1361.58
1362.22
1362.45
1362.86
1363.48
1363.68
1363.72
1363.90
1364.31
1364.95
1364.97
1365.06
1365.18
1365.36
1366.69
1367.44
1368.11
1368.32
1369.29
1369.53
1369.84
1370.72
1371.31
1371.59
1371.59
1372.20
1372.94
1373.08
1373.95
1374.37
1374.59
1375.13
1375.13
1375.49
1376.32
1378.57
1378.88
1379.24
1379.69
1379.69
1380.78
1382.60
1384.59
1385.03
1385.27
1386.23
1387.04
1387.29
1387.35
1388.33
1389.44
1389.53
1389.65
1390.31
1390.98
1391.29
1391.79
1391.85
1392.44
1392.69
1393.11
1393.39
1394.12
1395.20
1396.12
1396.80
1397.42
1398.11
1398.95
1398.99
1399.44
1399.51
1399.52
1399.55
1399.60
1399.78
1402.52
1403.14
1405.45
1405.61
1406.34
1406.69
1406.82
1407.10
1407.16
1407.23
1407.23
1407.37
1408.10
1408.25
1408.67
1409.78
1410.10
1411.21
1411.32
1411.41
1411.72
1412.39
1412.92
1413.17
1414.79
1418.02
1418.38
1418.96
1418.98
1419.01
1419.15
1419.22
1419.48
1421.77
1422.05
1422.16
1422.93
1424.04
1425.82
1426.66
1427.26
1427.40
1429.59
1429.83
1429.89
1431.14
1434.20
1434.72
1435.05
1435.30
1435.39
1435.50
1435.75
1436.31
1436.60
1437.86
1437.91
1438.50
1438.78
1439.03
1439.25
1439.40
1439.64
1439.78
1440.21
1440.21
1440.60
1440.71
1440.87
1440.90
1441.16
1441.40
1441.46
1441.54
1442.55
1443.44
1443.77
1444.21
1445.04
1445.88
1446.10
1446.33
1446.99
1447.18
1447.29
1447.70
1448.89
1450.38
1450.57
1450.85
1450.86
1451.26
1451.98
1452.32
1452.51
1453.32
1454.07
1454.26
1454.34
1455.05
1455.99
1456.81
1456.84
1457.24
1457.82
1458.39
1459.18
1460.49
1460.58
1460.63
1460.96
1461.37
1462.45
1462.67
1462.72
1463.11
1463.54
1467.25
1467.49
1468.22
1468.81
1468.95
1469.24
1469.46
1469.86
1470.06
1470.73
1471.89
1472.53
1472.79
1473.02
1473.20
1473.52
1473.81
1475.94
1478.10
1478.77
1479.40
1480.65
1481.00
1481.48
1482.59
1484.85
1486.12
1487.68
1487.87
1488.61
1489.10
1490.56
1491.86
1491.94
1492.10
1492.34
1492.71
1493.10
1496.20
1497.52
1497.68
1500.27
1500.43
1500.66
1500.78
1501.10
1501.30
1501.41
1501.41
1502.17
1502.30
1502.71
1503.93
1505.64
1506.76
1507.20
1507.73
1507.92
1508.61
1508.87
1509.18
1511.96
1513.23
1513.33
1513.53
1513.79
1513.92
1514.54
1514.95
1514.97
1516.18
1517.74
1518.40
1518.94
1519.35
1519.43
1520.09
1520.26
1520.78
1521.08
1524.34
1524.37
1524.57
1524.98
1525.84
1525.98
1526.27
1526.85
1527.21
1527.33
1529.03
1529.15
1529.25
1529.69
1531.10
1531.65
1532.53
1533.62
1533.85
1535.25
1535.35
1536.70
1536.76
1538.14
1538.79
1540.99
1541.74
1541.91
1542.64
1543.46
1543.54
1544.46
1544.60
1545.10
1545.33
1545.33
1546.64
1546.97
1547.71
1547.79
1547.93
1548.65
1548.78
1551.82
1552.56
1553.88
1554.84
1554.86
1555.08
1555.28
1555.83
1556.12
1556.69
1556.76
1557.00
1557.20
1557.47
1557.84
1557.84
1558.97
1559.76
1560.08
1560.20
1561.04
1561.82
1562.68
1563.24
1563.77
1564.21
1564.36
1565.46
1565.68
1566.04
1566.37
1567.34
1567.39
1569.48
1569.97
1570.02
1571.43
1571.62
1571.93
1573.81
1574.14
1576.85
1577.99
1578.71
1580.26
1580.76
1580.85
1580.90
1582.47
1582.63
1583.29
1583.41
1584.17
1584.46
1587.62
1589.35
1589.66
1590.90
1592.18
1592.85
1593.33
1594.59
1594.59
1594.73
1595.49
1595.71
1596.09
1596.64
1596.78
1597.35
1597.40
1597.66
1598.80
1599.69
1600.02
1601.52
1601.85
1604.51
1604.70
1604.82
1605.17
1609.32
1609.72
1609.88
1610.45
1610.47
1611.52
1615.74
1616.69
1617.61
1618.35
1618.94
1619.12
1619.66
1619.82
1621.15
1621.28
1621.40
1622.14
1622.79
1623.19
1624.61
1626.21
1626.39
1627.50
1627.55
1627.73
1628.08
1628.20
1628.94
1629.31
1629.67
1630.99
1631.50
1632.65
1633.51
1633.57
1635.07
1636.11
1636.61
1638.24
1638.56
1638.65
1638.74
1638.79
1640.63
1641.81
1642.36
1643.74
1643.87
1644.06
1645.27
1645.43
1646.04
1646.48
1647.64
1648.84
1648.91
1649.12
1649.50
1649.59
1649.61
1650.37
1650.39
1650.50
1651.14
1651.25
1651.48
1651.61
1651.98
1653.13
1654.04
1654.13
1654.45
1656.13
1656.15
1656.17
1658.34
1658.34
1659.70
1661.63
1662.04
1663.48
1663.86
1664.32
1665.26
1666.00
1666.05
1666.22
1666.50
1667.33
1667.33
1668.16
1668.87
1669.57
1670.04
1671.24
1671.36
1671.56
1671.58
1671.67
1671.72
1671.94
1673.01
1673.35
1674.38
1675.18
1676.78
1677.56
1677.76
1678.23
1678.94
1679.65
1680.37
1681.23
1681.36
1681.81
1682.07
1683.67
1684.09
1685.00
1686.80
1686.95
1689.11
1689.31
1690.66
1690.92
1691.61
1693.09
1693.61
1694.54
1694.78
1695.18
1697.88
1697.99
1698.29
1699.24
1700.20
1703.62
1704.23
1704.82
1705.43
1706.87
1709.44
1709.79
1710.03
1711.36
1714.92
1716.17
1717.63
1718.34
1718.88
1719.87
1721.28
1721.34
1721.71
1721.99
1722.70
1723.00
1723.52
1723.96
1724.39
1724.47
1725.01
1725.18
1725.23
1725.66
1727.83
1728.69
1729.55
1729.87
1730.39
1730.49
1730.79
1731.63
1733.22
1734.25
1735.17
1736.15
1736.19
1736.47
1737.97
1738.20
1738.61
1739.25
1740.40
1741.44
1741.51
1742.72
1742.78
1743.34
1745.87
1747.42
1748.61
1748.74
1749.75
1751.26
1751.81
1753.23
1753.29
1753.37
1753.44
1753.90
1755.97
1756.37
1756.82
1757.60
1759.62
1763.28
1764.10
1764.12
1765.70
1766.10
1766.47
1766.93
1767.40
1767.77
1768.42
1768.59
1769.80
1769.99
1770.28
1770.58
1770.60
1771.33
1771.39
1771.54
1771.58
1771.96
1773.15
1775.69
1776.18
1776.84
1777.01
1781.71
1782.71
1783.19
1783.31
1783.75
1784.04
1784.56
1785.01
1786.07
1787.23
1787.42
1788.39
1788.66
1789.01
1790.39
1791.16
1791.24
1793.55
1795.24
1795.93
1796.54
1796.65
1796.95
1797.31
1797.57
1797.98
1800.97
1801.15
1801.62
1802.14
1802.57
1802.59
1802.65
1802.67
1802.71
1803.20
1803.78
1803.82
1803.96
1804.78
1805.03
1805.79
1806.44
1806.71
1807.69
1807.96
1809.41
1810.10
1811.04
1813.12
1815.81
1816.53
1818.93
1820.01
1820.94
1821.71
1822.50
1824.41
1824.96
1827.08
1827.49
1834.84
1835.22
1835.92
1836.23
1837.09
1838.12
1839.59
1843.16
1843.34
1843.88
1843.92
1844.26
1845.14
1845.60
1846.08
1846.55
1847.39
1849.43
1853.90
1854.26
1855.45
1856.27
1856.57
1857.62
1857.74
1858.12
1858.64
1859.35
1859.63
1859.75
1862.31
1865.45
1865.47
1865.63
1866.68
1866.72
1867.01
1867.49
1867.73
1867.85
1868.00
1868.78
1871.66
1872.29
1873.08
1874.76
1875.75
1875.96
1876.40
1876.87
1878.31
1878.66
1880.24
1880.32
1881.99
1882.50
1883.15
1884.91
1886.66
1886.68
1888.36
1889.18
1889.50
1889.93
1891.75
1892.49
1892.78
1893.94
1894.01
1895.36
1895.54
1896.14
1896.98
1897.96
1898.75
1899.09
1899.24
1900.43
1901.15
1902.43
1902.63
1902.67
1903.11
1903.95
1905.89
1906.24
1906.90
1907.41
1908.03
1909.48
1910.00
1910.20
1910.28
1911.40
1911.50
1911.84
1914.05
1914.34
1916.95
1917.28
1919.77
1920.88
1920.92
1922.00
1923.12
1925.35
1925.37
1927.50
1927.54
1928.06
1929.17
1934.01
1935.19
1935.75
1936.76
1936.97
1938.20
1939.40
1939.46
1940.68
1942.95
1943.79
1943.98
1944.34
1944.59
1946.00
1946.19
1948.34
1950.45
1950.47
1950.60
1951.12
1953.32
1954.08
1954.33
1954.67
1957.11
1957.74
1957.81
1958.76
1959.18
1963.36
1964.19
1964.70
1965.36
1966.51
1966.98
1967.19
1967.28
1967.53
1968.13
1969.19
1969.38
1969.87
1971.15
1971.32
1972.11
1973.52
1974.14
1974.68
1975.49
1975.81
1977.56
1979.02
1979.15
1979.75
1980.41
1981.18
1981.48
1981.85
1983.03
1983.88
1984.59
1986.46
1986.70
1989.26
1989.73
1989.92
1990.36
1990.46
1990.46
1991.32
1993.24
1993.42
1993.76
1997.67
1997.86
1998.79
1999.33
1999.98
2001.80
2002.37
2002.45
2003.12
2003.51
2004.23
2005.40
2006.07
2008.05
2009.48
2010.33
2011.62
2012.44
2012.70
2012.77
2015.32
2015.56
2015.62
2019.12
2019.23
2019.69
2019.90
2020.63
2022.09
2022.66
2023.16
2023.34
2024.39
2025.24
2026.76
2027.76
2029.56
2030.51
2030.71
2033.83
2033.90
2036.76
2038.35
2043.73
2044.38
2045.22
2046.43
2046.54
2046.61
2047.52
2048.14
2049.78
2053.04
2053.06
2054.66
2055.73
2057.69
2058.31
2058.38
2060.72
2061.30
2062.33
2062.93
2064.67
2064.85
2067.64
2067.73
2069.52
2069.99
2070.38
2072.80
2073.54
2073.58
2074.01
2074.88
2074.95
2075.29
2075.35
2077.04
2078.79
2078.82
2079.85
2081.92
2083.50
2085.42
2085.73
2086.45
2087.47
2089.35
2093.46
2094.80
2094.85
2096.96
2097.11
2097.34
2099.04
2099.61
2101.11
2101.16
2102.38
2103.98
2104.23
2105.16
2107.35
2108.63
2109.97
2111.32
2111.94
2111.98
2112.44
2113.90
2114.29
2115.12
2116.28
2116.81
2118.94
2123.32
2125.23
2127.51
2132.40
2134.61
2135.17
2135.63
2139.31
2144.22
2145.36
2145.40
2148.17
2148.38
2149.12
2149.51
2149.58
2149.82
2151.45
2151.89
2152.40
2153.91
2154.19
2155.38
2155.73
2156.99
2157.58
2158.37
2158.65
2161.50
2162.48
2166.14
2168.11
2168.34
2169.21
2169.61
2169.66
2169.84
2171.14
2171.68
2172.97
2173.16
2173.96
2175.06
2178.95
2180.60
2182.23
2184.45
2185.80
2185.80
2186.34
2189.70
2191.10
2191.76
2194.56
2197.01
2198.27
2199.60
2200.48
2200.56
2200.58
2200.75
2205.39
2206.02
2206.30
2206.78
2207.26
2207.81
2209.14
2210.65
2210.77
2211.25
2212.45
2213.12
2213.71
2213.79
2213.95
2214.60
2215.20
2216.25
2217.33
2217.91
2223.39
2223.65
2224.81
2226.04
2228.78
2229.05
2229.34
2229.82
2232.28
2232.64
2234.43
2235.40
2238.67
2238.81
2239.59
2239.88
2242.06
2242.28
2242.67
2243.20
2244.42
2244.56
2244.93
2245.17
2253.05
2253.71
2254.39
2255.13
2256.30
2256.88
2259.60
2260.18
2260.55
2262.21
2262.41
2267.09
2268.73
2269.45
2269.74
2269.99
2270.18
2271.17
2274.88
2274.98
2279.31
2281.26
2281.98
2282.27
2284.03
2284.57
2284.82
2285.64
2285.69
2287.05
2287.37
2288.61
2290.51
2290.64
2291.01
2291.28
2291.73
2293.24
2294.70
2295.30
2295.97
2297.02
2299.23
2301.14
2303.01
2303.04
2303.41
2303.49
2303.93
2304.41
2305.08
2305.38
2308.78
2309.03
2309.65
2310.63
2313.13
2313.30
2313.75
2314.15
2320.25
2320.35
2321.53
2321.85
2324.04
2328.19
2330.46
2330.74
2331.12
2332.30
2332.38
2332.55
2332.55
2333.51
2334.27
2336.37
2338.72
2340.54
2341.86
2345.61
2346.17
2348.13
2348.86
2349.30
2352.96
2353.72
2353.90
2354.51
2356.07
2356.37
2357.65
2360.79
2361.68
2368.54
2369.57
2369.80
2370.95
2374.78
2375.91
2377.73
2378.76
2381.59
2384.30
2384.71
2387.81
2387.97
2388.98
2390.48
2393.56
2397.00
2398.51
2399.31
2399.65
2401.03
2401.36
2401.73
2402.30
2402.82
2403.81
2404.80
2404.80
2408.15
2408.78
2409.30
2411.36
2411.70
2413.42
2413.63
2414.02
2414.62
2415.20
2415.36
2417.34
2421.19
2421.74
2421.74
2422.13
2422.37
2422.74
2423.26
2423.92
2425.10
2428.88
2430.88
2432.01
2432.14
2432.46
2433.40
2433.40
2434.11
2434.35
2434.67
2435.30
2436.38
2437.57
2437.59
2439.10
2439.49
2444.20
2448.64
2448.85
2452.20
2457.53
2459.13
2459.42
2459.58
2461.90
2463.36
2463.71
2464.43
2466.54
2466.56
2468.17
2469.53
2471.24
2474.21
2474.58
2475.20
2476.11
2477.10
2480.99
2481.64
2481.82
2482.47
2485.77
2486.31
2489.62
2489.84
2490.05
2490.30
2490.70
2493.59
2493.88
2497.04
2498.47
2499.20
2499.61
2500.85
2504.08
2505.49
2505.97
2506.11
2506.38
2508.47
2508.55
2508.58
2508.66
2512.43
2513.33
2513.74
2516.43
2516.62
2516.73
2516.79
2516.92
2518.56
2518.99
2519.68
2520.28
2525.63
2527.46
2527.79
2528.72
2530.22
2530.69
2530.85
2531.62
2534.00
2539.11
2541.91
2542.32
2545.21
2546.59
2546.87
2547.00
2547.44
2547.67
2547.94
2549.18
2549.54
2549.73
2550.26
2555.37
2555.87
2556.09
2557.05
2557.33
2557.47
2559.66
2560.27
2562.04
2563.29
2567.06
2567.40
2567.40
2569.42
2570.95
2570.98
2571.20
2572.54
2573.18
2573.49
2574.52
2575.66
2581.46
2582.16
2582.19
2584.56
2585.35
2588.71
2591.03
2592.94
2594.43
2594.93
2597.15
2601.76
2601.93
2602.35
2602.50
2604.02
2609.06
2611.75
2612.34
2613.95
2614.69
2614.91
2615.40
2615.88
2616.90
2620.95
2622.05
2622.99
2623.19
2626.26
2626.28
2632.03
2632.17
2632.60
2639.36
2640.02
2640.02
2645.56
2647.80
2648.77
2651.07
2653.68
2654.17
2655.63
2655.66
2657.67
2660.63
2660.63
2661.90
2662.71
2667.67
2669.31
2673.01
2673.39
2674.26
2676.17
2677.01
2682.20
2685.25
2686.61
2691.56
2692.11
2692.78
2693.16
2693.77
2694.68
2697.36
2697.42
2698.12
2699.58
2701.77
2709.38
2709.94
2710.73
2713.31
2714.11
2715.72
2724.14
2727.00
2728.98
2731.52
2734.59
2740.37
2743.27
2743.78
2750.08
2750.29
2750.91
2752.55
2753.44
2754.22
2754.49
2757.32
2759.71
2759.83
2760.45
2760.84
2761.50
2766.97
2767.84
2772.64
2773.39
2773.51
2780.90
2786.23
2786.29
2789.34
2793.29
2794.11
2794.20
2795.17
2797.53
2797.71
2799.71
2800.19
2801.28
2802.47
2803.86
2805.01
2806.65
2807.14
2807.41
2808.54
2810.76
2813.49
2817.09
2817.76
2822.58
2823.62
2828.85
2835.07
2835.13
2837.19
2839.27
2843.36
2847.30
2848.10
2851.53
2851.77
2854.74
2854.86
2855.02
2856.53
2856.78
2863.58
2868.89
2870.78
2873.36
2875.35
2876.41
2879.71
2880.46
2880.80
2882.80
2884.79
2886.01
2890.20
2892.04
2894.74
2896.49
2897.62
2898.34
2899.28
2900.94
2905.88
2906.95
2907.01
2907.32
2907.76
2908.83
2912.05
2913.59
2915.13
2918.61
2919.40
2921.13
2921.17
2921.32
2923.88
2925.53
2926.80
2927.56
2930.92
2934.31
2939.40
2943.09
2945.25
2946.11
2946.34
2948.57
2955.47
2957.74
2959.02
2962.13
2962.54
2964.28
2966.07
2967.77
2967.77
2969.48
2971.53
2972.08
2973.08
2973.14
2976.13
2981.13
2988.04
2989.82
2990.63
2991.86
2992.02
2992.83
3000.22
3000.32
3004.12
3005.45
3008.05
3008.15
3012.03
3013.53
3018.32
3019.30
3025.42
3025.75
3025.98
3026.89
3029.25
3035.81
3036.60
3036.60
3041.37
3043.77
3045.22
3045.72
3046.28
3046.38
3048.06
3052.55
3055.39
3057.54
3065.22
3068.47
3069.50
3069.64
3071.86
3072.79
3078.05
3078.65
3080.88
3081.25
3081.45
3081.92
3082.95
3086.85
3087.22
3091.90
3095.99
3100.21
3100.81
3105.04
3106.52
3107.50
3110.09
3110.93
3111.03
3112.17
3112.58
3120.91
3122.50
3126.08
3129.40
3130.34
3132.88
3133.36
3133.80
3135.46
3135.63
3136.99
3139.57
3139.71
3141.57
3141.98
3143.48
3147.87
3155.54
3156.60
3156.63
3157.49
3161.80
3163.51
3165.46
3171.77
3171.97
3173.11
3174.93
3175.58
3178.33
3181.53
3184.11
3187.66
3188.39
3192.42
3196.71
3199.62
3204.19
3204.74
3211.83
3213.53
3215.76
3216.03
3220.87
3224.01
3226.77
3229.95
3232.19
3232.85
3233.23
3236.91
3242.48
3251.34
3253.13
3258.56
3258.98
3259.51
3260.99
3261.87
3263.07
3264.63
3272.16
3283.54
3283.72
3284.40
3285.71
3287.60
3289.09
3289.73
3297.50
3297.89
3297.93
3299.93
3303.61
3304.93
3309.04
3309.19
3309.22
3310.26
3311.16
3313.16
3313.99
3314.67
3315.78
3321.20
3326.60
3327.14
3327.78
3330.49
3343.67
3345.29
3346.56
3349.89
3350.04
3359.88
3365.04
3366.03
3369.34
3370.11
3373.61
3375.51
3380.70
3383.81
3385.27
3387.84
3393.71
3394.52
3395.88
3397.09
3397.24
3399.07
3400.14
3403.53
3405.11
3416.40
3416.92
3417.03
3419.62
3419.99
3421.14
3422.43
3423.47
3425.40
3427.36
3431.74
3436.94
3439.29
3444.46
3444.95
3445.02
3445.43
3445.58
3447.18
3461.42
3461.69
3465.17
3465.43
3466.30
3468.25
3468.96
3469.90
3470.91
3472.49
3475.84
3481.82
3484.23
3484.61
3485.89
3487.82
3492.08
3499.12
3502.60
3506.39
3508.71
3514.26
3520.57
3521.45
3526.75
3528.51
3533.43
3537.68
3538.25
3538.94
3539.52
3540.51
3541.74
3542.47
3544.15
3549.99
3557.45
3559.22
3559.91
3567.35
3567.97
3572.10
3573.88
3574.69
3582.79
3584.30
3584.76
3584.96
3585.77
3586.05
3589.23
3590.78
3591.71
3593.46
3595.49
3598.83
3599.65
3600.00
3602.22
3608.23
3614.32
3615.42
3617.45
3620.04
3620.08
3621.14
3621.84
3626.23
3626.27
3631.02
3633.54
3634.95
3635.54
3635.66
3641.61
3641.76
3644.68
3648.67
3651.86
3656.33
3659.14
3661.99
3668.62
3668.78
3670.68
3670.76
3675.77
3678.04
3683.77
3686.76
3690.47
3691.03
3697.51
3701.99
3702.35
3703.43
3712.10
3713.75
3713.87
3715.27
3719.62
3723.52
3731.35
3731.59
3733.33
3734.17
3737.49
3737.61
3741.25
3742.22
3750.13
3757.97
3759.47
3765.58
3766.11
3767.90
3769.41
3772.39
3779.78
3788.87
3796.30
3800.29
3800.99
3803.08
3808.77
3811.90
3822.10
3823.13
3828.02
3843.42
3846.41
3850.99
3852.66
3856.87
3862.80
3864.77
3865.02
3865.69
3877.62
3881.11
3885.65
3890.23
3897.10
3897.44
3900.09
3901.61
3916.76
3918.03
3919.09
3921.46
3922.27
3929.40
3930.25
3934.04
3937.24
3939.41
3942.52
3946.62
3948.24
3950.63
3951.92
3952.05
3952.09
3957.91
3960.95
3962.75
3977.01
3977.31
3978.95
3983.38
3989.25
4001.44
4003.91
4010.85
4014.15
4015.10
4015.54
4017.75
4017.88
4023.89
4026.02
4026.98
4030.03
4030.99
4032.82
4033.30
4034.04
4036.92
4038.02
4041.51
4050.49
4051.23
4053.78
4056.45
4056.80
4057.99
4058.56
4064.01
4064.36
4084.51
4085.61
4088.13
4088.57
4089.11
4089.50
4096.46
4096.81
4099.65
4101.73
4103.82
4111.91
4112.98
4132.83
4135.07
4136.23
4148.91
4154.03
4158.76
4160.92
4164.02
4164.20
4180.23
4180.50
4182.63
4186.34
4186.79
4190.65
4195.86
4210.28
4210.64
4213.65
4222.46
4222.60
4230.42
4232.43
4241.00
4241.87
4247.75
4252.35
4253.64
4255.48
4260.92
4263.36
4268.86
4268.90
4273.71
4279.17
4282.97
4286.72
4289.32
4290.99
4312.68
4315.48
4322.96
4330.03
4343.59
4343.73
4351.25
4352.10
4356.30
4364.84
4364.88
4367.24
4371.40
4376.23
4383.24
4385.66
4391.88
4399.49
4404.64
4405.16
4407.55
4409.03
4409.69
4412.03
4412.60
4412.75
4416.38
4424.13
4428.96
4429.15
4432.65
4433.23
4438.75
4439.95
4441.15
4442.35
4446.10
4457.95
4462.97
4464.95
4466.69
4474.67
4481.46
4482.52
4486.07
4486.16
4491.26
4504.45
4524.58
4525.85
4528.69
4534.13
4540.91
4541.10
4551.53
4552.61
4553.55
4554.59
4554.93
4567.27
4575.87
4577.01
4578.95
4581.52
4583.70
4588.22
4591.80
4597.16
4604.28
4612.81
4616.40
4617.35
4623.25
4628.46
4631.81
4631.96
4646.67
4646.72
4653.82
4662.74
4671.32
4678.91
4683.11
4690.47
4692.24
4696.71
4702.81
4725.82
4727.86
4737.54
4745.55
4757.01
4758.81
4767.52
4776.09
4776.14
4780.12
4781.00
4782.56
4788.04
4791.83
4792.45
4796.55
4804.18
4804.96
4810.89
4817.40
4820.58
4849.25
4851.30
4851.88
4854.29
4872.23
4873.08
4875.82
4881.63
4882.58
4892.57
4898.93
4912.30
4926.41
4930.57
4931.80
4939.65
4946.28
4954.04
4954.69
4956.40
4957.64
4959.73
4961.93
4973.59
4973.86
4981.46
4982.00
4982.43
4984.48
4999.92
5004.69
5005.45
5007.99
5007.99
5012.27
5023.29
5030.86
5034.34
5035.70
5043.39
5048.63
5051.31
5059.62
5059.95
5060.17
5067.79
5068.66
5068.99
5071.24
5075.52
5080.74
5081.18
5097.26
5098.14
5108.08
5109.96
5113.06
5115.94
5118.26
5154.27
5154.50
5157.90
5158.24
5173.16
5176.63
5176.97
5192.11
5192.90
5195.71
5196.16
5199.87
5206.96
5209.10
5215.20
5216.44
5220.73
5223.61
5228.08
5240.88
5256.95
5257.29
5295.71
5298.12
5298.58
5310.23
5311.55
5320.41
5322.65
5324.55
5326.46
5327.49
5329.63
5347.07
5348.86
5353.61
5366.54
5380.85
5381.84
5389.30
5397.23
5397.82
5399.33
5418.82
5420.82
5430.03
5452.64
5472.32
5473.39
5480.97
5485.60
5485.96
5490.35
5506.71
5508.80
5510.65
5512.20
5512.20
5513.93
5529.46
5534.37
5539.04
5543.48
5547.26
5567.40
5567.46
5574.03
5580.97
5585.74
5600.27
5602.08
5606.87
5623.58
5624.37
5640.28
5641.07
5651.58
5667.68
5671.79
5675.48
5685.68
5685.68
5715.78
5725.99
5735.23
5735.79
5737.16
5738.09
5741.50
5759.73
5775.77
5799.19
5804.47
5809.68
5814.52
5814.84
5816.16
5819.87
5825.23
5829.01
5846.19
5857.59
5861.90
5864.44
5884.58
5899.25
5925.86
5925.92
5929.77
5938.25
5943.26
5960.52
5971.10
5973.50
5978.47
5985.27
5989.93
6000.77
6007.72
6010.84
6031.82
6042.20
6052.93
6061.19
6063.23
6063.49
6072.48
6119.44
6124.74
6143.86
6159.70
6161.30
6185.41
6199.28
6213.38
6214.93
6227.11
6270.04
6272.55
6287.98
6299.76
6302.35
6318.60
6331.54
6335.92
6359.96
6363.26
6368.22
6379.46
6390.10
6397.51
6419.07
6439.17
6470.74
6487.92
6515.63
6553.10
6571.14
6584.23
6618.09
6628.91
6655.86
6691.17
6699.86
6714.23
6729.50
6730.09
6731.54
6731.54
6750.29
6750.51
6753.14
6754.67
6758.03
6766.37
6778.02
6783.16
6785.95
6797.56
6803.81
6811.11
6819.88
6820.84
6823.79
6829.63
6854.73
6878.43
6893.70
6900.79
6912.00
6926.22
6955.36
6956.41
6957.32
6991.05
7045.57
7053.58
7076.82
7100.82
7127.84
7141.35
7146.14
7164.41
7170.70
7190.97
7213.10
7223.80
7232.80
7236.71
7238.90
7247.76
7306.81
7314.49
7319.87
7358.54
7362.76
7364.76
7404.15
7417.46
7455.59
7455.76
7492.79
7573.40
7625.04
7628.83
7649.99
7652.56
7674.12
7714.91
7726.44
7739.16
7746.20
7762.39
7787.46
7789.14
7800.53
7808.72
7828.68
7838.77
7842.33
7886.41
7888.97
7946.80
7954.02
7960.14
8000.11
8017.96
8034.90
8063.03
8070.62
8079.01
8150.83
8156.48
8172.99
8189.90
8221.06
8222.40
8231.75
8262.80
8277.83
8278.55
8297.20
8320.48
8343.29
8405.45
8425.30
8433.05
8438.71
8453.70
8483.29
8484.58
8501.03
8514.83
8533.56
8666.71
8668.12
8676.47
8684.73
8736.57
8743.57
8793.85
8800.61
8824.64
8830.37
8901.93
8919.96
8954.77
9015.53
9046.90
9270.25
9314.69
9336.48
9347.09
9374.54
9387.33
9409.91
9419.18
9471.09
9502.60
9506.82
9535.87
9576.71
9622.93
9649.21
9661.12
9766.53
9770.23
9781.34
9835.78
9957.20
10066.83
10068.68
10073.37
10094.32
10098.03
10197.62
10258.59
10307.66
10342.29
10365.48
10473.25
10539.30
10592.57
10644.85
10673.33
10706.41
10725.78
10750.99
10788.28
10790.14
10809.19
10819.96
10824.29
10837.88
10841.17
10849.62
10852.79
10951.16
11008.30
11020.10
11108.33
11130.34
11183.70
11205.87
11215.94
11273.36
11305.00
11401.42
11432.80
11471.09
11476.30
11528.82
11544.18
11596.00
11669.51
11672.29
11677.72
11687.96
11735.73
11811.78
11855.06
11901.45
11903.51
11904.80
11957.21
11961.35
12087.68
12113.60
12596.25
12763.21
12837.59
12865.53
12970.50
12982.58
13074.63
13175.17
13180.30
13251.94
13422.22
13594.83
13601.01
13650.25
13813.23
14071.79
14185.99
14284.25
14586.30
14589.30
14697.04
14737.80
14834.11
15138.29
15150.42
15234.74
15350.73
15578.12
15705.56
15707.94
15976.01
16008.19
16103.91
16208.27
16425.78
16559.97
16863.73
17044.42
17303.82
17445.94
17702.45
17886.51
18326.89
18396.43
18671.55
18696.22
19010.76
19028.67
19072.57
19167.94
19285.27
20425.27
20867.34
21947.88
23152.90
23932.55
23984.13
24297.04
25203.96
26490.13
26753.11
28216.16
30208.53
36331.61
38347.51
