12.55
13.27
13.79
14.05
14.19
14.23
14.74
15.05
15.31
15.32
15.64
15.94
16.44
17.53
17.88
19.57
19.67
20.13
20.25
20.39
20.43
20.61
20.70
21.19
21.83
21.86
22.09
22.30
22.92
22.94
22.99
22.99
23.39
23.68
23.74
23.90
24.09
24.29
24.39
24.57
24.67
24.70
24.86
25.13
25.21
25.33
25.34
25.37
25.42
25.48
25.48
25.80
25.88
26.21
26.31
26.44
26.49
26.53
26.62
26.69
27.01
27.38
27.45
27.76
27.80
28.00
28.05
28.10
28.15
28.18
28.51
28.65
28.73
29.21
29.31
29.89
30.07
30.13
31.41
31.43
31.48
31.79
31.89
31.94
32.74
33.43
33.50
33.75
33.83
33.85
33.90
34.02
34.03
34.15
34.19
34.80
34.86
35.03
35.30
35.38
35.43
35.72
35.83
36.00
36.35
36.36
36.66
36.68
36.87
36.92
37.17
37.22
37.24
37.28
37.46
37.54
37.70
37.97
38.46
38.51
38.60
38.68
38.78
38.82
39.13
39.43
39.52
39.65
39.67
39.88
40.05
40.51
40.70
41.04
41.93
42.10
42.38
42.70
42.77
42.78
42.98
43.05
43.15
43.24
43.27
43.28
43.34
43.41
43.46
43.48
44.10
44.16
44.34
44.41
44.67
44.70
44.76
45.32
45.39
46.01
46.07
46.10
46.13
46.15
46.27
46.69
46.69
46.71
46.77
46.84
46.92
47.03
47.16
47.20
47.21
47.24
47.29
47.39
47.45
47.56
47.59
47.62
47.65
47.74
47.78
47.80
48.06
48.19
48.34
48.35
48.43
48.58
48.76
48.95
48.98
48.99
49.30
49.75
49.75
49.96
50.34
50.43
50.53
50.64
50.70
51.13
51.38
51.63
52.05
52.30
52.36
52.55
52.58
52.68
52.71
53.20
53.38
53.41
53.66
53.99
54.31
54.70
54.70
54.71
54.83
54.89
55.09
55.31
55.46
55.66
55.97
56.12
56.25
56.51
56.59
57.16
57.43
57.50
57.52
57.74
57.84
57.91
58.36
58.44
58.64
58.71
59.11
59.15
59.35
59.47
59.68
59.73
59.82
60.10
60.62
61.02
61.28
61.31
61.37
62.07
62.26
62.30
62.39
62.46
62.51
62.86
62.94
62.98
63.04
63.21
63.21
63.56
63.58
63.65
63.73
63.77
63.92
64.03
64.13
64.17
64.22
64.22
64.28
64.31
64.42
64.51
64.53
64.56
64.67
64.72
65.07
65.25
65.38
65.44
65.68
65.91
65.92
65.95
66.10
66.26
66.30
66.43
66.45
66.50
66.51
66.58
66.58
66.62
66.63
66.63
66.68
66.94
66.96
67.20
67.45
67.79
67.80
68.00
68.07
68.14
68.37
68.45
68.64
68.99
69.36
69.59
69.70
69.95
69.95
70.14
70.17
70.32
70.48
70.52
70.73
70.75
70.82
70.87
71.07
71.23
71.25
71.31
71.32
71.35
71.47
71.53
71.61
71.78
72.04
72.04
72.31
72.35
72.35
72.41
72.47
72.64
72.70
72.90
73.27
73.50
73.88
73.89
74.13
74.15
74.34
74.42
74.65
74.91
74.95
75.03
75.15
75.44
75.58
75.58
75.69
75.70
75.90
76.13
76.17
76.52
76.83
77.03
77.11
77.44
77.72
77.76
77.85
78.06
78.09
78.22
78.71
79.76
79.84
80.57
80.64
80.64
80.65
80.66
80.80
80.96
81.01
81.22
81.46
81.46
81.53
81.60
82.27
82.30
82.34
82.44
82.52
82.58
82.58
82.72
82.81
82.84
82.85
82.93
83.02
83.03
83.13
83.18
83.26
83.34
83.51
83.63
83.78
83.95
84.14
84.14
84.25
84.27
84.34
84.45
84.47
84.78
84.82
84.84
84.86
85.01
85.09
85.16
85.23
85.70
85.79
85.86
85.88
85.96
86.09
86.62
87.05
87.08
87.11
87.11
87.19
87.22
87.57
88.43
88.56
88.60
88.70
88.91
88.95
89.25
89.30
89.36
89.38
89.47
89.48
89.48
89.49
89.52
89.62
89.87
89.95
90.23
90.47
90.58
90.67
90.75
90.98
91.08
91.10
91.14
91.19
91.20
91.37
91.60
91.64
91.68
91.68
91.73
92.05
92.09
92.80
92.90
93.09
93.25
93.27
93.35
93.37
93.80
94.47
94.54
94.55
94.68
94.72
94.80
94.83
94.89
95.20
95.33
95.40
95.42
95.48
95.61
95.89
95.97
96.02
96.02
96.23
96.29
96.48
97.05
97.09
97.22
97.26
97.28
97.31
97.44
97.44
97.51
97.87
98.21
98.21
98.36
98.40
98.43
98.52
98.53
98.70
98.93
99.17
99.37
99.38
99.40
99.60
99.66
99.71
99.72
99.84
99.97
100.51
100.80
100.86
101.16
101.51
101.59
101.76
101.86
102.24
102.73
102.99
103.08
103.34
103.41
103.44
103.57
103.69
103.69
103.75
103.94
104.17
104.25
104.31
104.31
104.34
104.42
104.44
104.49
104.51
104.55
104.61
104.87
105.05
105.54
105.61
106.07
106.35
106.44
106.47
106.63
106.66
106.91
106.98
107.28
107.41
107.79
107.91
107.93
108.09
108.14
108.17
108.28
108.38
108.40
108.53
108.90
108.93
109.24
109.36
109.64
109.66
109.77
109.96
110.07
110.13
110.14
110.36
110.37
110.80
110.85
110.85
110.94
111.03
111.03
111.35
111.46
111.56
111.63
111.94
112.01
112.09
112.71
112.71
112.75
112.77
113.07
113.34
113.41
113.54
113.87
113.90
113.93
113.94
113.95
114.04
114.11
114.17
114.23
114.31
114.36
114.36
114.37
114.39
114.40
114.48
114.54
114.85
114.95
115.39
115.46
115.49
115.60
115.62
115.86
115.89
116.69
116.74
117.00
117.24
117.32
117.38
117.50
117.92
118.24
118.25
118.33
118.61
118.88
119.21
119.44
119.60
119.71
119.77
119.98
120.04
120.17
120.24
120.28
120.34
120.38
120.46
120.48
120.53
120.75
120.90
120.91
121.05
121.06
121.32
121.34
121.42
122.01
122.04
122.36
122.54
122.55
122.64
122.72
123.03
123.15
123.41
123.85
123.91
123.94
124.38
124.49
124.51
124.62
124.66
124.87
124.90
125.08
125.22
125.86
126.08
126.14
126.15
126.20
126.34
126.35
126.54
126.60
126.75
126.89
127.01
127.05
127.11
127.22
127.23
127.37
127.70
127.86
127.88
128.23
128.52
128.53
128.53
128.68
128.69
128.83
128.86
128.94
129.07
129.17
129.31
129.40
129.41
129.68
129.80
130.02
130.19
130.46
130.80
130.81
130.90
131.18
131.22
131.24
131.53
131.55
131.66
131.90
132.14
132.27
132.48
132.48
132.51
132.66
132.68
132.75
132.91
133.06
133.12
133.17
133.27
133.62
133.67
133.70
133.74
133.75
134.06
134.10
134.52
134.63
134.64
134.65
134.75
134.77
134.83
135.13
135.26
135.60
135.68
135.77
135.82
135.95
136.00
136.22
136.25
136.45
136.51
136.53
136.77
136.78
136.79
136.92
136.92
137.13
137.17
137.40
137.51
137.57
137.68
137.74
138.16
138.19
138.29
138.30
138.43
138.49
138.54
138.59
139.05
139.27
139.33
139.61
140.01
140.06
140.28
140.34
140.34
140.80
140.81
140.91
141.40
141.55
141.69
141.82
141.98
142.06
142.09
142.09
142.13
142.19
142.28
142.62
142.69
142.77
142.81
142.95
142.98
143.10
143.28
143.37
143.43
144.20
144.28
144.37
144.47
144.50
144.52
144.74
144.79
145.15
145.21
145.45
145.46
145.48
145.77
145.92
146.18
146.36
146.52
146.69
146.72
146.75
146.79
146.92
147.18
147.22
147.25
147.27
147.31
147.61
147.67
147.78
148.06
148.79
148.92
149.32
149.52
149.52
149.69
149.80
149.91
149.99
150.22
150.26
150.38
150.39
150.41
150.42
150.53
150.70
150.70
150.77
150.89
150.91
151.07
151.07
151.46
151.68
151.75
151.89
152.08
152.08
152.27
152.29
152.33
152.37
152.38
152.45
152.71
152.75
152.77
152.98
152.99
153.04
153.31
153.34
153.60
153.91
154.04
154.32
154.38
154.50
154.80
155.10
155.13
155.14
155.44
155.60
155.80
155.94
156.05
156.33
156.64
156.74
156.79
156.89
156.91
156.96
157.07
157.21
157.42
157.55
157.66
157.83
157.86
158.11
158.21
158.41
158.42
158.49
158.73
158.73
158.93
159.62
159.67
159.72
159.83
160.13
160.38
161.05
161.18
161.21
161.39
161.42
161.74
161.74
161.89
162.03
162.20
162.22
162.32
162.36
162.46
162.48
162.52
162.64
162.96
162.97
163.02
163.13
163.30
163.94
164.03
164.05
164.10
164.12
164.15
164.20
164.21
164.30
164.73
164.85
164.87
164.89
164.89
164.94
165.19
165.30
165.46
165.55
165.70
165.74
165.87
166.03
166.14
166.16
166.54
166.71
166.73
166.95
167.16
167.29
167.43
167.45
167.52
167.88
167.93
167.94
168.15
168.20
168.36
168.78
168.81
168.87
169.50
169.99
169.99
170.08
170.26
170.52
170.95
170.97
171.24
171.37
171.84
172.08
172.39
172.54
172.79
172.83
173.07
173.16
173.19
173.24
173.34
173.54
173.71
174.24
174.28
174.62
174.69
175.06
175.26
175.61
175.62
175.69
175.84
176.00
176.35
176.61
176.66
176.83
176.94
177.00
177.16
177.19
177.25
177.40
177.62
177.67
177.78
178.24
178.55
178.60
178.73
178.84
179.08
179.13
179.42
179.59
179.78
179.79
179.91
180.12
180.87
180.91
180.91
181.14
181.21
181.35
181.35
181.58
181.64
181.78
182.01
182.15
182.41
182.75
182.87
183.00
183.09
183.36
183.55
183.73
183.77
183.83
183.97
183.98
183.99
184.37
184.53
185.01
185.26
185.57
185.65
185.69
185.99
186.14
186.37
186.39
186.45
186.83
187.16
187.26
187.45
187.65
187.67
187.78
187.79
187.93
188.20
188.58
188.75
188.82
189.68
189.75
189.79
189.95
190.21
190.49
190.66
190.67
191.05
191.52
191.63
191.86
191.88
191.94
191.96
192.02
192.05
192.08
192.19
192.30
192.45
192.46
192.72
192.80
192.81
192.84
192.89
193.06
193.37
193.42
193.78
193.81
194.16
194.36
194.37
194.39
194.52
194.55
195.01
195.15
195.26
195.38
195.62
195.71
196.22
196.24
196.37
196.38
196.63
196.81
197.07
197.22
197.39
197.42
197.56
197.68
198.30
198.50
198.67
198.81
198.84
199.15
199.15
199.32
199.48
199.50
199.58
199.81
199.99
200.17
200.41
200.70
200.75
200.98
201.19
201.20
201.62
202.18
202.21
202.29
202.40
202.50
202.56
202.73
202.81
202.97
203.12
203.22
203.62
203.87
203.97
204.12
204.25
204.26
204.49
205.02
205.16
205.19
205.40
205.45
205.50
205.55
205.76
206.16
206.23
206.54
206.83
206.93
207.21
207.33
207.34
207.65
207.71
208.17
208.26
208.34
208.38
209.27
209.43
209.67
209.67
209.74
209.87
210.19
210.25
210.35
210.72
211.11
211.36
211.50
212.18
212.23
212.34
212.47
212.51
213.11
213.12
213.17
213.19
213.37
213.44
213.62
213.74
213.74
213.82
214.01
214.43
214.78
214.89
215.15
215.30
215.77
215.79
216.18
216.23
216.29
216.50
216.57
216.73
216.79
217.09
217.70
217.71
217.84
217.93
218.17
218.44
218.65
218.83
218.89
219.06
219.29
219.35
219.99
220.08
220.12
220.12
220.17
220.46
220.51
220.70
220.89
220.95
221.19
221.23
221.26
221.27
221.32
221.55
221.59
221.59
221.83
221.97
222.08
222.40
222.45
222.57
222.67
222.81
222.91
222.94
222.99
223.00
223.04
223.09
223.10
223.12
223.52
223.61
223.83
223.94
223.97
224.09
224.14
224.18
224.26
224.37
224.49
224.74
224.89
224.94
225.33
225.36
225.36
225.45
225.48
225.52
225.57
225.64
225.79
225.82
225.82
226.06
226.36
226.70
226.72
226.76
226.79
227.22
227.35
228.09
228.14
228.20
228.49
229.02
229.08
229.09
229.24
229.26
229.34
229.93
230.12
230.16
230.21
230.26
230.32
230.32
230.34
230.44
230.48
230.58
231.06
231.12
231.16
231.28
231.52
231.78
232.04
232.20
232.26
232.51
232.80
232.82
232.87
233.10
233.26
233.26
233.83
233.93
234.24
234.33
234.57
234.59
235.10
235.50
236.11
236.41
236.45
236.87
237.24
237.46
237.48
237.49
237.64
237.69
237.72
238.08
238.16
238.51
238.86
238.97
239.04
239.08
239.62
239.74
239.91
240.37
240.74
241.00
241.09
241.57
241.69
241.85
241.86
242.18
242.32
242.36
242.54
243.18
243.48
243.57
243.73
243.79
243.94
243.98
244.05
244.09
244.17
244.18
244.71
244.88
244.98
245.08
245.20
245.81
245.84
245.90
245.98
246.07
246.51
247.16
247.48
247.90
247.99
248.14
248.16
248.69
248.86
248.91
248.96
249.25
249.39
249.56
249.64
250.07
250.18
250.44
250.56
251.23
251.30
251.51
251.80
252.08
252.15
252.44
252.48
252.85
253.02
253.04
253.16
253.20
253.21
253.24
253.46
253.85
253.95
254.43
254.45
255.22
255.23
255.23
255.28
255.40
255.46
255.51
256.28
256.31
257.06
257.08
257.41
257.73
258.06
258.10
258.60
258.63
258.71
259.51
259.65
259.96
260.56
260.63
261.06
261.62
262.10
262.14
262.36
262.46
262.53
262.80
262.84
262.89
263.28
263.38
263.40
263.54
263.55
263.82
264.16
264.20
264.29
264.40
264.46
264.50
264.54
264.69
264.74
264.93
264.99
265.17
265.45
265.68
266.40
266.50
266.64
266.80
267.03
267.04
267.05
267.07
267.12
267.27
267.55
267.59
267.62
267.76
267.81
267.95
267.95
268.00
268.12
268.22
269.01
269.33
269.45
269.74
269.95
270.28
270.57
270.61
271.17
271.41
271.82
271.92
272.14
272.53
272.90
272.97
273.43
273.77
275.09
275.36
276.08
276.31
276.52
276.59
276.64
276.80
276.93
277.03
277.05
277.07
277.16
277.37
277.43
277.87
278.03
278.43
278.55
278.64
278.73
278.80
278.88
279.12
279.34
279.53
279.96
280.22
280.33
280.33
280.41
280.42
280.60
281.01
281.21
281.42
281.52
281.63
281.70
282.17
283.10
283.31
283.35
283.58
283.77
283.85
283.87
283.89
284.03
284.22
284.94
285.09
285.56
285.91
286.34
286.36
286.52
286.88
287.19
287.26
287.35
287.39
287.48
287.54
287.66
287.89
288.18
288.90
289.27
289.55
289.62
289.75
289.77
289.84
289.85
290.17
290.22
290.28
290.47
290.48
291.08
291.11
291.12
291.12
291.13
291.35
291.42
291.67
291.77
292.00
292.31
292.55
292.63
293.05
293.06
293.45
293.47
293.63
293.70
293.77
294.07
294.24
294.26
294.29
294.39
294.41
294.47
294.49
294.64
294.84
295.06
295.56
295.84
295.86
296.12
296.38
296.72
296.96
297.05
297.20
297.21
297.34
297.37
297.43
297.50
297.53
297.68
297.98
298.31
298.33
298.47
298.62
298.81
299.37
299.50
299.63
299.64
299.86
300.04
300.11
300.32
300.35
300.43
300.63
300.92
301.14
301.55
302.14
302.18
302.47
302.48
302.49
303.30
303.41
304.17
304.36
304.41
304.85
304.99
305.02
305.11
305.18
305.53
305.73
305.84
306.28
306.52
306.56
306.60
306.68
306.76
306.78
306.79
306.88
306.93
306.94
306.98
307.09
307.11
307.30
307.44
307.68
307.86
307.87
307.97
308.05
308.13
308.14
308.21
308.29
308.36
308.47
308.57
308.69
308.87
308.88
309.18
309.20
309.43
309.92
309.99
310.46
310.74
310.75
310.77
311.32
311.38
311.51
311.63
311.90
311.93
312.43
312.58
313.19
313.54
313.60
313.67
314.21
314.69
314.75
315.16
315.27
315.44
315.82
316.09
316.35
316.42
316.75
316.84
316.95
316.98
317.26
317.37
317.43
317.80
317.81
317.87
317.91
318.06
318.18
318.30
318.89
318.95
319.15
319.17
319.27
319.52
319.63
319.66
319.68
320.17
320.21
320.45
320.50
320.65
320.92
321.38
321.60
321.63
321.72
321.77
321.86
321.90
321.91
321.95
321.99
322.02
322.13
322.19
322.22
322.37
322.40
322.49
322.83
323.52
323.54
323.62
323.67
323.87
324.01
324.03
324.35
324.76
324.86
325.39
325.59
325.69
325.95
326.15
326.29
326.32
326.35
326.60
327.12
327.15
327.17
327.25
327.27
327.33
327.43
327.70
328.12
328.27
328.30
328.54
328.60
328.88
329.02
329.04
329.18
329.19
329.35
329.50
329.86
330.37
330.39
330.71
331.04
331.06
331.39
331.63
331.66
331.81
332.19
332.24
332.31
332.38
332.48
332.91
332.91
333.10
333.17
333.97
334.31
334.54
334.73
335.03
335.15
335.22
335.34
335.40
335.60
336.13
336.23
336.32
336.50
336.83
336.97
337.23
337.51
337.56
337.66
337.79
338.34
338.49
338.54
338.74
338.86
339.22
339.85
340.61
341.05
341.43
341.51
341.59
341.97
342.29
342.39
342.57
343.14
343.51
343.89
343.92
344.19
344.23
344.55
344.73
344.74
344.84
345.15
345.46
345.55
346.11
346.45
346.70
346.72
346.88
346.92
347.30
347.52
347.94
348.17
348.20
348.25
348.38
348.50
348.57
348.73
348.87
348.98
349.44
349.79
349.94
350.19
350.63
350.64
350.90
351.48
351.66
351.86
352.40
352.45
352.49
352.59
352.65
352.76
352.83
353.60
353.81
354.30
354.44
354.84
355.00
355.10
355.21
355.71
355.78
355.82
356.04
356.18
356.26
356.43
356.49
356.93
357.28
357.77
357.99
358.14
358.26
358.38
358.40
358.75
358.75
358.86
359.09
359.17
359.37
359.38
359.41
360.36
360.40
360.49
360.67
361.03
361.16
361.40
361.86
362.14
362.69
363.22
363.33
363.56
363.62
364.30
364.38
364.39
364.55
364.66
364.71
364.72
364.91
364.92
365.15
365.21
365.25
365.26
365.41
365.87
366.07
366.14
366.29
366.36
366.56
366.67
366.69
367.07
367.54
367.77
367.81
367.94
368.11
368.36
368.39
368.57
368.85
368.89
369.45
369.57
369.73
370.35
370.56
370.83
371.27
371.29
371.56
371.87
371.90
372.00
372.02
372.35
372.37
372.92
372.99
373.15
373.88
374.05
374.24
375.09
375.41
375.48
375.56
375.60
375.62
375.75
376.18
376.37
376.44
376.86
376.87
376.91
377.24
377.29
377.31
377.53
377.56
377.69
377.88
378.02
378.02
378.04
378.10
378.23
378.25
378.42
378.45
379.20
379.24
379.69
380.10
380.14
380.18
380.24
380.47
380.79
380.99
381.00
381.12
381.23
381.58
381.65
381.99
382.18
382.75
382.97
383.01
383.12
383.21
383.42
383.57
383.61
384.55
385.07
387.03
387.24
387.26
387.30
387.57
387.59
387.72
387.90
388.01
388.13
388.21
388.49
388.77
389.10
389.11
389.24
389.48
389.48
389.70
389.82
389.83
390.09
390.80
391.37
392.18
392.19
392.26
392.31
392.32
392.44
393.03
393.53
393.60
393.64
393.85
394.44
394.65
394.92
394.98
395.21
395.77
395.82
395.87
396.01
396.08
396.19
396.25
396.82
397.36
397.56
398.91
398.97
399.01
399.11
399.19
399.21
399.38
399.43
400.03
400.04
400.30
400.64
400.72
400.83
401.60
401.83
401.98
402.03
402.21
402.32
402.71
402.76
402.87
402.89
402.96
402.98
403.40
403.51
403.52
403.57
403.65
404.04
404.19
404.31
404.46
404.57
404.65
404.68
404.89
405.02
405.03
405.06
405.60
405.69
405.69
405.71
406.30
406.63
406.77
407.22
407.41
407.56
407.58
407.72
407.73
407.78
408.29
409.26
409.34
409.35
409.46
409.66
409.72
409.92
410.56
410.57
410.67
411.28
411.28
411.42
411.92
412.00
412.16
412.43
413.33
414.33
414.40
415.08
415.11
415.16
415.77
416.05
416.27
416.35
416.67
416.95
417.44
417.83
418.27
418.33
418.35
418.55
418.84
419.09
419.29
419.43
419.68
419.84
419.87
420.06
420.09
420.22
420.27
420.63
420.79
420.93
421.13
421.71
421.76
421.83
421.94
422.03
422.05
422.44
423.29
423.65
423.80
423.86
423.87
423.89
423.94
424.12
424.19
424.25
424.76
425.10
425.45
426.40
426.46
426.51
426.70
426.75
426.98
427.15
427.73
427.96
428.01
428.17
428.63
428.64
428.68
428.69
428.86
428.95
428.96
429.93
430.57
430.66
430.95
431.01
431.08
431.23
431.84
431.98
432.09
432.27
433.10
433.39
433.78
433.82
434.07
434.15
434.17
434.26
434.31
434.54
434.56
435.21
435.22
435.40
435.90
435.94
436.17
436.44
436.61
436.77
436.78
437.01
437.07
437.37
437.41
437.51
437.59
437.89
438.68
438.84
439.23
439.46
439.59
440.50
441.13
441.18
441.38
441.44
441.47
441.65
441.84
441.86
442.00
442.13
442.35
442.66
443.04
443.15
443.37
443.51
443.94
443.94
443.98
444.05
444.24
444.82
444.94
445.34
445.62
445.64
446.55
446.98
447.01
447.06
447.47
447.52
447.77
448.15
448.91
449.07
449.17
449.45
450.08
450.11
450.88
451.19
451.39
451.44
451.53
451.80
451.86
452.46
452.50
452.57
452.62
452.83
453.17
453.19
453.46
453.47
453.58
453.85
454.44
454.59
455.04
455.22
455.32
455.57
455.93
455.94
456.25
456.67
456.72
456.84
457.12
457.18
457.31
457.33
457.63
458.06
459.45
459.60
460.53
461.13
461.59
461.65
462.05
462.26
462.48
462.71
463.09
463.34
463.78
463.90
464.07
464.18
464.27
464.44
464.52
464.66
464.91
464.93
465.12
465.66
466.12
466.17
467.04
467.32
467.63
467.66
468.10
468.15
468.34
468.58
468.64
468.67
469.00
469.03
469.16
469.55
469.60
469.79
470.02
470.05
470.52
470.54
470.99
471.37
471.37
471.78
471.86
471.92
472.05
472.23
472.28
472.39
473.17
473.19
473.36
473.50
473.79
473.89
473.93
474.06
474.61
474.62
474.68
474.68
474.72
474.73
475.24
476.27
476.33
476.63
477.19
477.46
477.67
478.90
478.91
479.13
479.26
479.31
479.32
479.51
479.66
479.75
479.85
479.86
480.05
480.06
480.22
480.30
480.67
480.93
481.19
481.38
481.76
481.76
481.88
483.00
483.06
483.39
483.50
483.59
483.84
483.92
483.99
484.58
484.79
484.87
484.92
485.36
485.57
485.86
485.94
485.96
486.05
486.05
486.40
486.43
486.79
487.13
487.20
487.50
487.75
487.78
488.35
488.50
488.58
488.75
489.31
489.53
489.82
490.18
490.53
491.03
491.72
492.42
492.86
493.31
493.63
493.84
493.85
494.07
494.29
494.89
495.43
495.92
495.94
496.42
496.92
497.05
497.10
497.68
497.74
498.60
498.88
499.20
499.33
499.66
499.74
499.82
499.98
500.27
500.56
500.75
500.89
500.99
501.27
501.28
501.49
501.68
502.49
503.02
503.07
503.20
503.81
503.83
504.23
505.47
506.01
506.07
506.27
506.73
506.75
506.80
507.38
507.42
507.56
507.80
508.08
508.14
508.30
508.97
509.23
509.28
509.61
510.09
510.35
510.72
510.96
510.98
511.20
511.26
511.45
511.73
511.91
512.10
512.36
512.92
512.98
513.04
513.44
514.08
514.33
514.68
515.17
515.18
515.58
515.84
515.96
516.20
516.52
516.68
516.94
517.01
517.15
517.37
517.38
517.88
518.08
518.41
518.48
518.74
519.05
519.14
519.24
519.27
519.48
519.64
519.75
519.86
520.29
520.39
520.46
520.59
521.05
521.63
521.64
522.03
522.66
523.05
523.09
523.13
523.23
523.54
523.84
524.44
524.57
525.11
525.35
525.44
525.55
525.65
525.87
526.08
526.11
526.53
526.57
526.59
526.87
526.89
527.17
527.85
527.93
528.29
528.32
528.97
529.19
529.45
530.22
530.48
530.64
530.89
531.28
531.41
531.49
531.68
532.31
532.59
532.80
532.84
532.87
533.51
534.03
534.28
535.73
535.79
535.87
536.08
536.15
536.38
536.91
537.56
538.09
538.11
538.12
538.46
538.47
538.62
539.04
539.65
540.07
540.49
540.59
540.81
540.91
541.43
541.45
542.63
542.87
542.94
543.04
543.62
543.73
543.87
544.11
544.31
544.36
544.47
544.48
544.64
544.71
544.98
545.11
545.14
545.76
545.76
546.11
546.34
546.81
547.38
547.76
548.07
548.09
548.26
548.42
548.88
549.09
549.10
549.84
549.90
550.92
550.94
551.03
551.79
551.90
551.90
552.55
552.60
552.90
553.73
553.94
554.12
554.17
554.64
554.64
555.07
555.53
555.55
555.73
556.02
556.17
556.24
556.35
557.20
558.25
558.54
558.76
558.77
558.80
559.01
559.08
560.16
560.28
560.31
560.69
560.78
561.16
561.22
561.45
561.45
561.71
562.02
562.37
562.39
562.50
562.50
563.20
563.74
564.07
564.73
564.75
565.08
565.25
565.88
566.37
566.79
566.90
567.31
567.58
567.74
567.81
568.04
568.42
568.50
568.65
568.89
569.21
569.35
569.70
570.65
570.74
571.09
571.16
571.54
571.69
571.73
571.83
572.41
572.44
572.55
572.82
572.83
573.21
574.05
574.27
574.44
574.61
574.71
574.89
575.17
576.78
577.70
578.12
578.41
578.76
579.25
579.73
579.87
580.22
580.58
580.61
580.77
580.87
581.27
581.36
581.38
581.80
581.88
582.19
582.97
582.99
583.13
583.50
583.67
583.89
583.98
584.11
584.27
584.36
584.47
584.50
584.52
584.65
584.89
585.09
585.21
585.21
585.27
585.43
585.46
586.02
586.73
587.15
587.20
587.27
587.46
587.72
587.84
588.46
588.96
589.28
590.06
591.42
591.57
591.60
591.78
592.04
592.28
592.99
593.21
593.35
593.56
593.90
594.28
594.43
594.54
594.81
594.83
594.84
596.13
596.24
596.28
596.44
596.64
597.33
597.71
598.02
598.15
598.44
598.63
598.71
599.10
599.11
600.26
600.67
600.79
601.15
601.27
601.34
602.06
602.24
602.40
602.65
603.09
603.09
603.26
603.82
604.12
604.19
604.49
604.58
604.66
604.85
605.17
605.20
605.53
606.30
606.46
607.36
607.46
608.17
608.94
609.07
609.11
609.40
609.85
609.85
610.03
610.55
610.75
611.21
611.40
611.40
611.42
611.85
611.92
611.95
612.07
612.52
613.08
613.27
613.31
614.19
614.41
614.54
614.83
615.08
615.72
615.98
616.05
617.04
617.68
617.94
618.04
618.37
618.57
618.89
619.00
619.07
619.15
619.64
619.66
619.78
619.84
620.14
620.16
620.67
620.81
621.30
621.34
621.53
622.02
622.09
622.25
622.36
622.39
624.18
624.28
624.55
624.56
625.13
625.26
625.68
625.71
625.71
625.77
625.88
626.05
626.08
626.32
626.84
627.31
627.44
627.60
627.61
627.70
628.54
628.58
628.60
628.79
628.80
628.86
629.52
629.78
629.80
629.87
629.97
630.25
630.31
631.50
631.73
631.80
632.10
632.28
632.69
633.11
633.32
633.44
634.69
635.11
635.66
636.53
636.90
637.17
637.92
638.22
639.05
639.15
639.20
640.00
640.12
640.44
641.13
641.16
641.56
641.65
641.70
641.83
642.06
642.56
643.19
643.23
643.82
644.10
644.21
644.26
645.10
645.27
645.55
645.84
646.25
646.26
647.03
647.22
647.28
647.39
647.45
648.02
648.13
648.26
648.42
648.69
649.15
649.65
649.66
650.81
651.55
651.79
652.43
652.90
653.11
653.19
653.29
653.67
653.78
654.00
654.22
654.24
654.37
654.40
654.86
654.92
654.97
655.11
655.15
655.41
655.55
655.63
655.65
655.82
656.10
656.10
656.32
657.09
657.72
658.75
658.76
658.78
658.78
659.09
659.85
659.94
660.28
660.31
660.39
660.83
661.03
661.46
661.86
661.96
662.15
663.00
663.53
663.56
663.68
663.97
664.24
664.31
664.68
665.09
665.12
665.14
665.35
665.44
665.44
665.53
665.66
666.05
666.12
666.24
666.26
666.74
667.46
667.51
667.51
667.67
667.98
668.10
668.78
668.91
669.17
669.42
669.53
669.75
670.15
670.34
670.51
671.36
671.72
671.86
671.89
672.01
672.10
672.16
672.43
672.80
673.35
673.59
674.11
676.58
677.00
677.05
677.08
677.11
677.30
677.42
677.59
678.59
678.94
679.28
679.38
679.41
679.45
679.57
680.05
680.42
680.58
680.72
680.82
681.12
681.12
681.46
681.57
682.06
682.48
683.10
683.38
683.76
685.17
685.32
685.33
685.48
685.57
685.63
685.96
686.34
687.97
688.37
689.56
689.56
689.78
690.52
690.67
690.73
690.96
691.85
691.87
692.04
692.36
692.69
692.81
693.19
693.51
693.51
693.77
693.80
694.25
694.98
695.14
695.44
695.47
695.56
696.06
696.11
696.59
696.85
696.93
697.15
697.18
697.26
698.10
698.35
698.35
698.82
699.09
699.34
699.45
700.32
700.39
700.68
701.34
701.41
701.59
701.78
702.34
702.77
703.08
703.73
704.04
704.20
704.35
705.02
705.42
706.19
706.38
708.08
708.39
708.45
708.46
708.64
709.17
709.78
710.91
710.92
710.93
710.98
711.34
713.77
714.29
714.66
714.70
715.26
715.37
715.57
715.90
716.10
716.53
717.35
717.63
717.86
717.87
718.07
718.82
718.90
719.13
719.56
719.76
721.14
721.81
721.83
722.18
722.24
723.39
724.29
724.29
724.79
724.95
725.09
725.19
725.26
725.49
725.60
725.71
726.27
726.41
726.48
726.74
726.87
727.40
728.06
728.39
728.43
728.85
729.29
729.37
729.37
729.45
729.49
729.54
729.78
729.93
730.21
730.35
730.82
731.03
731.23
731.50
731.92
732.03
732.64
732.90
733.09
733.29
733.93
734.81
734.91
735.02
735.12
735.17
735.45
735.53
737.29
737.75
738.02
738.12
739.03
739.41
739.75
740.20
740.28
740.46
740.51
740.86
741.04
741.33
741.82
742.06
742.25
743.18
743.47
743.69
744.03
744.42
745.35
745.96
746.15
747.41
747.62
747.73
748.27
748.81
749.50
750.03
750.24
750.41
750.53
751.26
751.58
751.61
751.70
751.73
751.89
752.27
752.35
752.61
752.80
752.89
753.30
753.75
753.94
753.94
754.06
754.87
755.14
755.18
755.74
755.76
755.84
756.17
756.42
756.63
757.28
757.82
757.86
757.98
758.95
759.06
759.29
759.37
759.63
760.12
760.27
760.65
761.07
761.45
761.81
762.40
762.91
764.23
764.25
764.52
764.92
766.24
766.40
766.43
766.98
767.52
767.55
768.06
768.17
768.41
768.82
769.10
769.16
769.58
769.74
770.07
770.28
771.52
771.74
772.69
772.72
773.36
773.49
773.74
774.54
775.01
775.04
775.35
775.42
775.61
775.70
775.98
777.03
777.23
777.98
777.98
778.13
778.30
778.81
778.97
779.05
779.17
779.21
779.21
779.55
779.76
781.32
781.45
782.70
782.83
782.91
783.30
783.80
784.37
784.47
784.53
784.61
784.92
785.43
785.65
785.84
785.90
786.06
786.45
786.47
786.59
787.15
787.87
788.08
788.55
788.97
789.26
790.69
791.23
791.79
792.53
793.05
793.26
793.65
793.79
793.93
794.51
794.76
794.97
795.02
795.32
795.39
795.47
795.90
796.03
796.53
797.54
798.10
798.19
798.24
798.34
798.88
798.89
799.53
800.16
800.35
800.82
801.31
801.56
802.30
802.71
802.72
802.93
803.00
803.22
803.45
803.50
803.52
804.24
805.37
806.15
806.40
806.69
807.45
807.48
807.55
807.57
807.71
808.12
808.68
808.97
809.08
809.16
810.30
810.44
810.44
811.95
812.16
812.41
812.92
813.08
813.21
813.33
813.35
813.56
813.81
814.42
814.45
815.08
815.40
815.91
816.53
816.80
817.01
817.28
817.69
817.92
818.18
818.34
818.41
818.47
818.60
819.25
819.59
820.10
820.12
820.15
820.16
820.19
820.89
821.09
822.37
822.50
822.61
822.74
822.87
823.48
824.46
824.69
824.76
824.83
825.04
826.24
826.63
826.96
827.15
827.48
827.56
827.70
827.91
828.54
828.86
829.82
830.01
830.51
830.97
831.74
831.91
832.25
833.44
833.50
833.61
833.87
835.24
835.26
835.39
835.78
835.79
835.84
835.90
836.19
837.07
837.51
837.69
837.94
838.23
838.82
839.19
839.50
839.53
840.32
840.56
840.86
841.57
841.68
843.40
843.62
844.21
844.44
844.52
844.71
845.02
845.14
845.15
845.97
846.98
847.33
847.45
848.30
848.67
849.25
849.36
849.41
850.01
851.25
851.46
851.72
851.80
851.85
852.02
852.73
852.84
853.17
853.35
853.84
854.34
855.35
855.41
856.06
856.57
857.10
857.32
857.39
858.05
859.08
859.78
859.93
860.57
860.75
862.46
862.68
863.22
863.75
863.81
864.08
864.34
864.53
864.82
864.90
865.39
865.55
865.82
866.35
866.93
867.79
867.96
868.00
868.20
868.23
868.28
868.30
868.84
869.18
869.59
869.98
870.37
870.81
871.12
871.32
871.34
871.44
871.69
871.76
872.27
872.43
872.49
873.21
873.22
873.50
873.91
874.16
874.32
874.36
874.50
874.61
874.91
875.10
875.51
875.99
876.02
876.08
876.13
876.58
876.72
878.17
878.40
878.42
878.58
878.66
878.87
879.17
879.35
879.81
880.10
880.75
881.65
882.63
882.70
882.92
883.64
883.67
883.93
884.32
884.42
884.47
885.09
885.33
885.53
885.59
886.21
886.37
886.38
886.55
888.87
889.10
890.14
890.24
890.44
890.70
890.70
890.84
890.99
892.01
892.37
892.55
892.90
892.90
893.11
893.39
893.91
894.13
894.43
894.55
894.73
895.46
895.56
895.65
896.00
896.30
896.79
896.96
896.98
897.23
897.30
898.29
898.81
899.07
899.85
899.95
900.17
900.47
900.71
901.27
901.52
901.53
902.22
902.47
902.61
902.64
902.69
903.43
904.26
904.89
905.48
905.55
905.80
906.11
906.46
907.06
907.32
907.73
907.82
908.16
908.26
908.43
908.85
909.79
909.85
910.06
910.32
910.43
910.79
910.87
911.09
911.48
911.76
912.10
912.12
912.55
912.71
912.74
913.14
913.25
914.21
914.23
914.51
914.97
915.82
916.02
916.45
916.51
916.57
916.78
917.14
917.53
917.69
918.01
918.14
918.30
918.54
918.58
919.16
919.24
919.52
919.84
920.38
920.44
921.08
921.22
921.25
921.41
921.67
922.07
922.22
924.65
925.42
925.57
925.80
928.18
928.68
928.96
929.04
929.10
929.64
929.70
930.16
930.26
931.04
932.81
932.86
933.11
933.34
933.49
933.55
934.27
934.37
934.56
935.17
935.79
936.16
936.56
936.67
936.91
937.38
937.64
938.19
938.55
938.83
939.34
939.40
939.90
940.36
940.45
940.75
941.09
941.43
941.79
941.92
941.93
942.76
943.07
943.20
945.44
946.10
946.14
946.24
946.46
946.58
947.16
947.29
947.56
947.57
948.40
948.82
949.06
949.16
949.55
950.40
950.95
951.77
951.96
952.11
952.24
954.27
954.36
954.48
954.95
955.67
955.86
955.90
956.71
956.98
957.46
957.63
958.00
958.63
959.28
959.55
960.60
960.93
962.12
962.47
962.77
962.85
963.15
963.50
963.77
963.83
965.15
965.39
965.89
966.18
966.52
966.81
966.95
967.51
967.97
968.06
968.29
968.62
968.77
969.00
969.00
969.84
969.84
969.91
969.94
970.33
970.38
970.44
970.91
971.19
971.19
971.25
971.43
971.60
971.95
972.75
972.87
973.22
973.23
973.62
974.00
974.09
974.18
974.26
974.42
974.69
975.01
975.28
975.40
975.68
976.08
976.52
977.48
977.90
978.96
979.07
979.23
979.48
980.31
980.85
981.26
982.13
982.89
983.03
983.05
983.50
983.62
983.81
984.07
984.24
984.44
984.81
985.29
985.33
985.76
986.41
986.65
987.13
987.73
987.78
988.58
988.94
988.98
989.32
989.42
989.45
989.53
989.60
990.94
991.86
991.94
992.32
993.11
993.46
993.59
993.63
994.99
995.13
995.41
996.27
996.64
997.60
998.02
998.14
998.35
998.41
998.42
998.75
998.94
999.00
999.61
999.90
1000.00
1000.32
1000.35
1000.36
1000.52
1000.93
1003.03
1003.25
1003.26
1003.30
1003.48
1003.84
1003.95
1004.94
1005.02
1005.96
1005.98
1007.47
1007.60
1007.72
1008.05
1008.06
1008.15
1008.73
1009.26
1009.35
1009.66
1010.31
1010.38
1010.45
1011.02
1011.30
1012.15
1012.24
1013.37
1013.85
1013.90
1014.12
1014.28
1015.05
1015.24
1015.90
1016.79
1016.98
1017.17
1017.22
1017.32
1017.54
1017.62
1017.91
1018.36
1018.71
1018.76
1018.95
1019.10
1019.38
1019.88
1020.29
1020.35
1021.08
1021.88
1021.96
1022.07
1022.77
1023.48
1023.97
1024.11
1024.31
1024.72
1025.14
1025.89
1026.15
1026.20
1026.73
1027.77
1028.23
1028.37
1028.92
1029.07
1029.17
1029.23
1029.66
1029.88
1030.32
1030.52
1030.76
1030.85
1031.10
1031.58
1031.63
1032.28
1032.39
1032.57
1032.69
1033.42
1033.97
1034.01
1034.12
1034.24
1035.04
1035.38
1036.02
1036.25
1036.67
1036.85
1037.06
1037.60
1037.65
1037.79
1037.89
1037.96
1040.14
1040.15
1040.36
1040.61
1041.08
1041.58
1041.94
1042.23
1042.43
1042.63
1043.28
1043.69
1043.97
1044.80
1044.89
1044.94
1045.49
1045.58
1045.98
1046.23
1046.46
1047.25
1048.44
1048.53
1048.87
1049.10
1049.29
1049.62
1050.08
1050.23
1050.25
1050.50
1050.58
1051.07
1051.40
1051.47
1052.39
1052.53
1052.69
1052.89
1053.15
1053.67
1053.82
1055.17
1055.91
1057.26
1057.63
1058.15
1058.29
1058.43
1059.63
1060.35
1060.38
1061.40
1062.42
1062.52
1062.94
1063.52
1063.61
1063.72
1063.88
1063.93
1064.60
1065.01
1066.71
1066.91
1067.26
1067.33
1067.44
1068.21
1068.28
1068.28
1068.50
1068.73
1068.83
1069.51
1069.88
1070.76
1071.03
1071.03
1071.04
1071.54
1071.81
1072.36
1073.15
1074.37
1075.23
1075.68
1075.77
1076.04
1076.37
1076.51
1078.23
1078.50
1079.30
1079.77
1079.78
1080.20
1080.36
1080.77
1081.48
1082.04
1082.34
1082.58
1083.72
1084.09
1085.13
1085.57
1085.58
1085.71
1085.76
1086.38
1086.66
1087.01
1087.04
1087.62
1088.05
1088.31
1088.81
1089.25
1089.29
1089.62
1089.77
1089.82
1089.83
1090.65
1091.76
1092.08
1092.11
1092.16
1093.02
1093.67
1093.75
1094.50
1094.63
1095.09
1095.78
1097.33
1097.85
1098.43
1099.83
1100.63
1100.96
1101.11
1101.44
1102.02
1102.09
1102.28
1102.35
1102.54
1102.70
1104.25
1104.32
1105.27
1105.52
1105.65
1106.14
1106.47
1107.01
1107.13
1107.82
1108.52
1109.09
1109.41
1109.64
1110.76
1110.91
1112.34
1112.64
1113.54
1114.31
1114.68
1115.81
1116.20
1116.37
1116.62
1117.03
1117.94
1117.94
1117.95
1118.00
1118.49
1118.76
1119.45
1121.67
1121.87
1122.77
1122.89
1123.57
1123.79
1123.86
1124.03
1124.36
1124.48
1124.58
1125.32
1125.37
1125.54
1125.56
1126.39
1127.37
1127.38
1128.04
1128.04
1128.54
1128.88
1129.25
1129.48
1129.80
1129.88
1130.37
1131.55
1132.44
1132.66
1132.69
1132.85
1132.97
1133.27
1133.27
1133.53
1133.77
1134.18
1134.42
1134.67
1135.02
1135.40
1137.21
1137.82
1137.96
1138.76
1139.09
1139.90
1140.20
1140.21
1140.36
1140.51
1140.93
1141.14
1141.73
1141.88
1142.04
1142.85
1143.36
1144.07
1144.60
1144.98
1145.63
1146.61
1146.69
1147.94
1149.76
1150.37
1150.58
1151.12
1151.36
1151.36
1151.78
1151.85
1152.81
1153.11
1155.05
1155.69
1155.81
1156.10
1156.61
1157.05
1157.10
1157.88
1157.95
1158.12
1158.39
1158.53
1159.03
1160.01
1160.11
1160.17
1160.21
1160.30
1160.40
1160.42
1161.25
1161.45
1161.55
1161.67
1162.26
1163.84
1163.97
1164.78
1164.91
1165.34
1165.47
1165.56
1166.79
1167.02
1167.03
1167.10
1167.39
1168.31
1168.46
1169.69
1169.90
1170.22
1171.32
1171.41
1171.64
1172.35
1174.71
1175.27
1175.35
1176.77
1177.10
1177.35
1177.35
1178.08
1178.25
1179.41
1179.61
1179.90
1180.71
1180.73
1180.89
1181.61
1181.79
1183.62
1185.01
1185.63
1185.71
1186.13
1186.89
1187.43
1187.53
1188.94
1190.77
1191.63
1191.65
1192.91
1193.47
1193.88
1194.66
1194.73
1194.91
1195.00
1195.15
1195.33
1196.92
1197.14
1198.05
1198.40
1198.47
1199.41
1199.58
1199.91
1199.98
1200.04
1200.58
1201.40
1201.75
1201.90
1202.20
1202.27
1202.58
1202.76
1203.10
1203.92
1205.24
1205.63
1205.76
1207.21
1207.38
1207.73
1207.81
1208.07
1209.05
1209.18
1210.22
1210.60
1211.18
1212.02
1213.32
1213.70
1214.72
1214.91
1215.69
1216.70
1216.93
1216.94
1216.99
1217.14
1217.50
1217.91
1218.82
1218.91
1220.31
1222.60
1223.09
1223.35
1223.76
1224.00
1224.36
1224.84
1225.55
1225.62
1226.55
1226.64
1230.42
1231.32
1231.62
1232.19
1232.60
1232.87
1233.28
1233.67
1234.42
1235.02
1235.47
1236.46
1236.57
1236.61
1237.39
1239.10
1239.37
1240.21
1240.40
1240.62
1241.05
1241.99
1242.24
1242.67
1243.38
1243.79
1243.99
1244.34
1245.28
1245.69
1246.16
1246.54
1246.74
1247.45
1248.64
1248.91
1249.07
1249.20
1249.80
1250.13
1250.39
1250.40
1251.44
1251.51
1251.51
1251.86
1252.50
1252.62
1253.00
1253.31
1253.90
1254.00
1254.07
1254.14
1254.25
1254.82
1254.89
1255.54
1258.28
1260.10
1260.44
1260.97
1261.52
1261.56
1263.30
1263.33
1263.59
1264.06
1264.13
1264.21
1264.34
1264.41
1265.74
1267.23
1267.38
1267.52
1267.77
1268.55
1268.80
1269.13
1270.32
1270.36
1270.58
1271.49
1271.56
1272.63
1272.96
1273.42
1273.85
1276.29
1276.66
1277.09
1277.28
1278.06
1279.68
1281.17
1281.45
1284.11
1284.35
1284.56
1284.96
1286.24
1286.81
1286.84
1287.27
1289.35
1290.23
1291.35
1291.65
1292.87
1293.67
1294.03
1294.25
1294.32
1294.48
1295.00
1295.39
1297.17
1297.42
1297.77
1298.34
1300.54
1300.63
1300.99
1302.56
1303.66
1303.91
1304.64
1304.83
1304.93
1305.53
1306.06
1307.32
1307.80
1307.97
1308.21
1309.28
1309.45
1309.98
1310.30
1310.60
1311.38
1311.52
1312.30
1312.33
1314.36
1316.19
1316.76
1318.25
1318.52
1318.74
1318.79
1319.11
1319.44
1320.59
1320.82
1320.87
1321.29
1321.87
1322.12
1323.93
1324.24
1324.59
1325.83
1325.83
1325.88
1326.68
1326.80
1327.61
1327.74
1328.00
1328.22
1328.22
1328.29
1328.72
1329.28
1329.38
1330.55
1330.85
1331.34
1331.57
1331.67
1333.24
1333.30
1333.83
1333.95
1334.24
1334.27
1335.41
1335.73
1335.80
1337.66
1337.76
1338.26
1339.36
1339.88
1340.84
1340.88
1341.32
1341.33
1341.46
1341.71
1342.40
1342.45
1345.27
1345.27
1345.46
1345.98
1347.70
1347.99
1348.07
1349.83
1350.93
1351.13
1351.50
1351.63
1351.86
1352.04
1352.29
1353.09
1353.11
1354.66
1354.68
1355.39
1356.32
1357.98
1358.04
1359.17
1359.49
1360.88
1361.46
1361.67
1362.02
1362.25
1362.81
1362.89
1363.38
1363.40
1363.79
1363.87
1365.20
1365.30
1366.32
1366.72
1366.98
1367.46
1368.20
1368.81
1369.28
1369.40
1370.24
1370.49
1370.51
1370.66
1370.79
1371.43
1371.53
1371.79
1371.81
1373.39
1373.88
1373.88
1374.25
1375.44
1376.41
1376.92
1378.15
1378.27
1378.45
1379.33
1379.70
1380.26
1380.90
1382.83
1383.10
1383.13
1383.23
1383.74
1384.32
1384.46
1384.91
1385.03
1385.09
1385.12
1385.48
1385.97
1386.71
1387.23
1387.28
1387.71
1388.39
1389.79
1390.07
1391.76
1391.94
1392.00
1392.01
1392.78
1394.37
1394.73
1394.77
1395.08
1396.30
1396.37
1396.48
1397.11
1397.58
1397.72
1398.04
1398.13
1399.49
1400.54
1401.13
1401.14
1402.52
1402.90
1404.22
1404.37
1404.92
1405.67
1405.76
1406.75
1407.10
1407.45
1409.72
1410.37
1410.63
1411.81
1412.02
1412.36
1413.26
1414.91
1415.45
1418.25
1418.44
1420.73
1421.79
1422.25
1423.57
1425.50
1425.58
1425.62
1425.81
1425.98
1426.94
1427.12
1427.41
1428.43
1428.82
1428.98
1429.44
1429.86
1429.89
1431.08
1431.37
1432.64
1432.71
1433.44
1434.02
1435.53
1436.17
1436.32
1437.57
1438.10
1438.30
1438.36
1438.84
1438.92
1440.31
1440.49
1442.41
1442.60
1442.68
1443.01
1443.85
1444.69
1445.26
1445.47
1446.29
1446.91
1447.26
1447.56
1447.84
1447.87
1447.99
1448.26
1448.31
1448.45
1449.61
1449.70
1450.16
1450.25
1450.61
1451.68
1452.07
1452.21
1452.54
1454.84
1454.90
1455.55
1456.79
1457.58
1457.79
1458.01
1458.13
1458.21
1458.72
1459.00
1459.00
1459.27
1459.30
1459.81
1459.95
1459.98
1460.77
1460.91
1460.95
1461.34
1461.36
1461.37
1462.35
1462.62
1467.09
1467.93
1468.17
1469.06
1470.24
1472.34
1472.82
1472.93
1473.44
1474.33
1474.79
1475.05
1475.31
1476.60
1477.64
1478.01
1478.34
1478.95
1479.77
1480.29
1480.66
1481.62
1481.66
1481.90
1482.38
1482.51
1483.05
1485.85
1485.98
1486.43
1486.52
1486.80
1488.66
1489.18
1491.27
1491.94
1492.34
1494.47
1497.26
1497.39
1497.56
1497.86
1498.16
1498.44
1499.74
1500.14
1500.32
1501.38
1501.98
1502.99
1503.67
1503.90
1504.12
1504.53
1505.49
1506.34
1506.55
1507.73
1508.30
1508.70
1508.88
1508.97
1509.00
1509.46
1509.52
1509.62
1509.67
1509.73
1509.80
1509.91
1509.99
1510.40
1510.47
1510.73
1510.94
1510.99
1511.11
1511.87
1512.55
1514.25
1514.84
1515.72
1515.84
1515.87
1516.71
1516.81
1518.32
1518.42
1520.06
1520.09
1520.27
1520.31
1521.79
1521.82
1522.46
1522.68
1523.19
1523.20
1524.54
1525.78
1526.04
1526.88
1526.93
1527.33
1527.53
1530.69
1532.31
1532.83
1533.11
1533.57
1535.03
1536.23
1536.60
1537.44
1538.44
1538.76
1539.12
1539.19
1539.32
1539.62
1539.86
1540.46
1540.76
1541.52
1542.79
1543.01
1544.28
1544.65
1544.90
1545.28
1545.82
1547.39
1547.42
1547.69
1548.13
1548.28
1548.58
1549.90
1551.87
1552.56
1553.03
1553.85
1554.19
1554.94
1555.62
1555.75
1556.95
1557.23
1557.47
1557.57
1558.36
1560.62
1561.45
1562.06
1562.14
1563.80
1565.61
1566.48
1566.78
1567.65
1567.68
1568.10
1568.77
1569.09
1570.57
1571.36
1572.73
1572.93
1573.05
1573.13
1574.45
1574.58
1576.29
1577.79
1578.97
1580.66
1580.73
1580.78
1581.02
1581.21
1582.06
1582.39
1582.71
1583.04
1583.45
1583.50
1584.85
1585.13
1586.19
1586.28
1587.19
1588.20
1588.42
1589.82
1590.47
1590.75
1590.83
1591.69
1594.45
1594.49
1594.52
1594.55
1594.78
1594.93
1595.02
1595.62
1596.06
1596.33
1596.59
1596.75
1597.06
1597.16
1598.27
1598.49
1599.08
1599.10
1600.90
1601.18
1601.71
1602.58
1602.89
1603.24
1604.07
1605.13
1605.60
1605.74
1607.06
1607.23
1607.56
1607.74
1608.16
1608.66
1609.74
1610.18
1610.21
1610.51
1612.09
1612.11
1612.86
1612.97
1613.94
1614.62
1615.32
1616.00
1617.53
1617.56
1618.10
1618.28
1618.96
1619.82
1620.93
1621.57
1623.63
1623.73
1623.82
1623.87
1624.65
1625.30
1625.58
1626.41
1626.55
1626.71
1627.06
1627.90
1628.27
1629.37
1629.54
1630.28
1630.88
1630.88
1631.50
1632.14
1632.14
1632.54
1635.18
1635.83
1637.58
1637.97
1638.67
1639.06
1640.65
1643.35
1644.38
1645.10
1646.41
1646.70
1647.52
1648.05
1648.53
1649.52
1651.68
1652.27
1656.33
1656.67
1659.16
1659.95
1660.58
1661.61
1661.61
1663.19
1663.93
1664.04
1664.43
1664.79
1665.10
1665.15
1665.40
1666.52
1666.72
1666.83
1669.30
1669.79
1669.90
1671.69
1673.33
1674.84
1676.69
1676.76
1676.92
1677.43
1677.63
1677.70
1678.21
1679.14
1679.66
1680.72
1680.76
1680.88
1682.21
1682.65
1682.74
1683.34
1683.56
1683.98
1685.40
1686.51
1690.35
1691.37
1692.16
1695.50
1695.73
1695.94
1697.09
1697.15
1697.35
1697.59
1698.69
1698.97
1699.09
1699.39
1699.61
1700.64
1701.12
1702.30
1702.85
1703.09
1703.22
1703.38
1703.42
1703.49
1703.51
1703.66
1703.79
1704.10
1705.15
1705.86
1705.97
1706.59
1707.28
1707.76
1708.11
1709.42
1709.70
1710.16
1710.25
1711.07
1711.48
1711.86
1711.86
1712.44
1713.40
1713.68
1714.77
1716.67
1716.76
1718.73
1719.08
1719.25
1719.49
1719.59
1720.55
1721.09
1721.93
1722.12
1722.77
1722.81
1723.00
1723.11
1723.87
1724.39
1724.52
1725.31
1726.09
1728.43
1729.08
1730.39
1731.65
1731.85
1732.19
1733.05
1734.40
1734.91
1735.68
1736.49
1736.66
1737.24
1737.84
1738.09
1739.05
1741.64
1742.21
1742.95
1743.25
1743.85
1744.62
1744.78
1745.42
1749.92
1750.52
1750.54
1750.77
1751.04
1752.17
1752.19
1752.49
1753.77
1754.94
1755.15
1756.90
1759.05
1760.21
1760.61
1760.90
1761.18
1763.01
1763.01
1764.10
1765.11
1765.67
1766.66
1769.15
1769.89
1769.93
1770.01
1770.20
1771.08
1771.27
1772.23
1773.04
1773.82
1774.13
1774.78
1776.24
1776.36
1778.42
1778.93
1780.55
1781.81
1782.15
1784.00
1784.29
1784.70
1785.12
1786.48
1787.04
1787.54
1788.88
1789.63
1789.94
1790.02
1791.10
1793.33
1794.50
1795.10
1796.79
1797.30
1798.44
1798.66
1799.03
1799.18
1799.28
1800.19
1800.25
1800.55
1800.90
1801.29
1801.48
1802.30
1802.44
1802.46
1802.71
1802.92
1803.10
1803.24
1804.15
1804.90
1805.60
1806.79
1809.04
1809.31
1809.49
1811.37
1813.90
1820.33
1824.51
1825.32
1825.75
1825.85
1826.15
1826.41
1827.49
1830.60
1830.98
1832.32
1833.67
1835.40
1836.47
1837.59
1837.82
1840.53
1840.57
1840.59
1842.22
1844.12
1845.30
1846.25
1847.73
1848.53
1848.71
1849.57
1851.34
1851.84
1852.52
1852.82
1853.72
1854.32
1854.84
1855.23
1855.75
1856.31
1858.92
1859.33
1860.47
1860.63
1862.45
1862.65
1863.35
1865.29
1865.96
1866.86
1867.71
1868.06
1869.15
1870.24
1870.99
1871.01
1871.44
1872.75
1873.52
1877.93
1878.03
1880.10
1880.22
1881.91
1881.97
1883.58
1884.66
1884.79
1885.76
1885.85
1886.27
1887.09
1888.15
1888.58
1889.52
1889.83
1890.22
1892.08
1892.69
1893.08
1894.46
1895.36
1896.10
1896.79
1897.35
1898.27
1898.44
1898.72
1902.47
1902.69
1904.42
1904.67
1905.85
1906.86
1907.62
1907.70
1908.34
1908.65
1909.25
1911.90
1913.45
1913.49
1913.70
1913.88
1913.93
1918.09
1918.72
1919.61
1919.75
1920.02
1922.37
1922.91
1923.16
1924.70
1924.81
1925.18
1925.62
1925.81
1926.04
1926.50
1926.56
1927.18
1928.94
1930.88
1932.78
1933.62
1933.83
1935.17
1936.63
1937.66
1938.62
1938.98
1939.38
1939.80
1940.89
1942.07
1942.55
1943.26
1943.83
1945.24
1945.54
1948.59
1948.74
1949.05
1949.96
1950.49
1951.84
1951.90
1952.20
1953.55
1954.00
1954.48
1954.61
1956.39
1956.92
1958.86
1959.71
1960.48
1960.54
1960.60
1960.73
1961.15
1961.71
1962.85
1963.66
1964.79
1965.51
1965.53
1965.79
1965.85
1965.96
1966.40
1967.38
1972.13
1972.77
1975.59
1975.81
1978.18
1978.55
1979.36
1979.94
1980.65
1981.05
1981.20
1982.58
1982.92
1983.11
1984.01
1985.45
1987.04
1987.79
1990.20
1990.31
1991.15
1991.15
1992.64
1994.04
1994.06
1995.03
1995.06
1997.56
1998.56
1998.71
1999.07
1999.49
1999.55
1999.90
2000.14
2000.33
2000.83
2002.54
2003.12
2003.60
2003.62
2004.10
2004.90
2005.29
2005.88
2008.01
2008.11
2009.46
2011.55
2011.68
2011.79
2012.60
2013.86
2015.30
2016.32
2016.52
2017.96
2018.09
2018.61
2019.20
2019.29
2021.06
2022.24
2022.24
2022.62
2023.93
2025.40
2025.48
2025.68
2026.19
2026.69
2026.82
2027.63
2027.79
2029.78
2030.42
2031.52
2032.47
2033.48
2033.72
2035.13
2035.24
2035.44
2036.87
2037.42
2038.13
2038.39
2038.65
2038.90
2039.14
2039.78
2039.91
2040.38
2040.66
2040.68
2042.78
2043.07
2043.49
2044.33
2045.24
2046.72
2050.13
2050.38
2050.62
2052.47
2053.38
2053.71
2053.84
2053.84
2054.22
2054.93
2054.98
2055.42
2057.51
2058.00
2058.87
2060.19
2060.36
2060.68
2061.48
2062.26
2062.59
2063.55
2063.80
2064.20
2066.37
2066.44
2067.60
2067.76
2068.18
2068.54
2068.96
2070.13
2070.60
2073.24
2073.49
2075.49
2075.89
2076.63
2077.26
2080.93
2081.11
2081.63
2082.19
2083.32
2083.90
2085.26
2085.55
2086.77
2087.00
2087.45
2087.85
2091.34
2092.31
2092.88
2093.40
2093.74
2094.73
2094.80
2096.05
2100.18
2100.61
2100.82
2101.41
2101.57
2102.36
2103.55
2103.59
2103.75
2105.91
2107.24
2108.35
2108.81
2109.13
2109.22
2111.98
2112.71
2112.85
2113.83
2114.41
2115.46
2116.17
2116.63
2116.76
2117.15
2117.75
2117.96
2119.08
2119.61
2119.93
2122.18
2122.98
2124.68
2124.70
2124.73
2125.58
2125.81
2126.06
2127.65
2129.19
2129.42
2132.51
2133.46
2134.50
2134.68
2137.15
2137.73
2138.89
2139.12
2139.24
2139.54
2139.70
2139.98
2140.51
2140.90
2141.09
2141.23
2141.74
2142.71
2143.71
2144.29
2145.84
2147.52
2147.65
2149.19
2149.26
2149.49
2149.98
2150.51
2151.82
2152.21
2152.26
2152.73
2155.78
2155.99
2156.64
2156.69
2157.44
2157.53
2158.51
2160.19
2163.12
2163.14
2163.68
2166.96
2167.90
2168.46
2169.56
2171.04
2173.06
2174.76
2174.90
2176.38
2176.95
2177.86
2177.89
2180.01
2180.25
2180.32
2183.05
2183.48
2185.28
2187.12
2190.60
2191.27
2192.90
2192.90
2194.61
2194.85
2195.47
2195.99
2196.04
2196.27
2197.72
2199.68
2200.08
2201.46
2201.51
2203.03
2204.42
2204.82
2204.87
2207.85
2208.88
2209.89
2212.21
2212.35
2213.24
2213.59
2214.89
2215.54
2215.73
2216.01
2216.76
2217.17
2217.69
2218.20
2218.22
2218.46
2218.68
2220.53
2221.70
2222.11
2222.33
2223.39
2224.81
2225.55
2225.79
2225.89
2227.24
2229.24
2230.64
2232.81
2232.86
2232.98
2233.56
2233.68
2236.17
2236.39
2238.30
2238.64
2239.83
2240.99
2241.33
2241.33
2241.99
2242.06
2242.35
2243.59
2243.83
2245.92
2246.41
2246.94
2248.60
2249.52
2252.25
2253.08
2254.76
2255.86
2257.71
2258.84
2259.23
2260.13
2261.19
2263.73
2263.93
2264.98
2265.23
2265.45
2266.08
2269.84
2272.03
2272.39
2272.64
2274.93
2275.10
2276.65
2277.34
2277.88
2277.96
2279.36
2279.51
2284.77
2286.70
2287.39
2287.84
2287.96
2288.83
2290.22
2290.41
2290.61
2290.83
2292.25
2292.47
2292.84
2293.14
2293.61
2293.66
2295.90
2297.44
2297.84
2298.03
2298.68
2299.13
2299.38
2299.40
2299.83
2299.85
2300.32
2300.95
2301.17
2302.49
2302.51
2302.71
2303.04
2303.81
2304.33
2304.46
2304.98
2305.06
2305.16
2306.88
2306.90
2307.70
2308.20
2308.55
2308.80
2308.85
2308.98
2309.30
2309.50
2310.10
2310.13
2311.55
2315.20
2316.01
2316.51
2316.53
2318.11
2318.14
2321.83
2321.98
2322.53
2322.73
2323.01
2324.22
2326.00
2326.38
2326.83
2327.01
2328.39
2333.54
2333.54
2333.84
2335.91
2336.77
2338.85
2340.31
2340.64
2341.89
2342.37
2343.51
2343.58
2344.45
2344.57
2344.67
2344.93
2345.08
2345.38
2345.49
2345.92
2346.02
2347.24
2347.39
2347.92
2348.48
2348.66
2348.84
2349.93
2349.96
2354.72
2356.83
2357.32
2358.36
2359.49
2360.15
2360.25
2360.28
2360.48
2361.27
2362.65
2364.32
2365.95
2366.08
2366.62
2367.31
2368.36
2370.41
2370.67
2372.08
2373.29
2374.31
2375.03
2375.19
2375.86
2377.35
2377.99
2380.90
2381.03
2381.16
2381.93
2383.09
2384.84
2385.02
2387.04
2388.92
2389.29
2389.75
2390.29
2390.40
2391.04
2391.07
2393.27
2394.88
2395.14
2395.37
2396.95
2397.34
2398.56
2399.21
2402.66
2403.78
2404.12
2404.64
2404.95
2407.09
2407.66
2409.22
2409.33
2409.35
2413.01
2413.71
2413.87
2416.30
2418.70
2419.28
2421.16
2422.42
2424.05
2424.94
2424.99
2427.46
2427.93
2428.06
2428.62
2429.67
2432.46
2433.88
2434.88
2435.54
2436.09
2436.38
2436.46
2436.64
2439.15
2441.26
2441.90
2442.08
2444.51
2444.83
2445.81
2446.84
2448.09
2448.59
2448.93
2451.00
2452.96
2453.84
2453.87
2454.77
2457.51
2459.93
2460.75
2461.13
2463.55
2464.86
2465.47
2468.03
2468.38
2472.09
2472.47
2474.40
2475.92
2476.14
2478.12
2479.49
2481.21
2481.66
2486.39
2486.42
2487.09
2488.33
2489.33
2490.16
2491.46
2491.59
2492.59
2496.58
2496.93
2497.50
2500.10
2502.88
2503.89
2503.89
2505.38
2506.98
2508.31
2509.72
2510.10
2510.78
2512.16
2512.30
2514.69
2515.07
2517.17
2517.22
2517.52
2518.18
2520.44
2522.73
2527.90
2530.63
2530.88
2534.08
2534.30
2534.72
2537.71
2539.82
2540.65
2540.76
2541.09
2541.61
2542.54
2543.64
2544.41
2545.87
2545.96
2546.92
2546.98
2548.71
2548.91
2548.96
2549.71
2549.76
2553.16
2553.18
2554.40
2555.87
2557.28
2560.93
2562.29
2565.62
2570.09
2571.34
2571.43
2571.43
2571.84
2573.54
2574.29
2575.44
2575.88
2576.10
2576.55
2577.05
2579.37
2579.48
2580.32
2581.13
2582.69
2583.98
2584.23
2584.87
2585.24
2586.24
2587.17
2587.61
2588.15
2588.79
2590.19
2590.89
2595.61
2596.00
2597.63
2597.77
2598.08
2599.17
2599.62
2599.85
2599.88
2600.89
2601.54
2602.52
2603.37
2608.78
2608.84
2609.52
2609.60
2609.63
2609.74
2610.39
2618.82
2619.96
2620.24
2622.56
2622.85
2622.99
2624.78
2631.72
2632.66
2634.68
2637.25
2637.90
2638.22
2640.05
2642.76
2645.96
2645.99
2649.95
2650.35
2650.35
2650.84
2652.18
2652.27
2652.59
2652.64
2653.88
2654.54
2654.97
2655.75
2656.26
2656.95
2657.38
2661.35
2663.34
2664.55
2665.24
2665.39
2666.14
2666.43
2666.51
2667.58
2668.56
2672.70
2674.11
2674.75
2676.08
2676.37
2677.44
2679.67
2680.22
2681.24
2682.84
2685.13
2685.45
2686.29
2686.61
2690.13
2691.97
2692.34
2694.30
2695.00
2695.14
2698.41
2698.91
2699.29
2699.32
2701.57
2702.30
2704.99
2705.57
2707.92
2708.65
2713.61
2713.72
2714.05
2714.99
2715.81
2716.78
2718.07
2718.25
2718.93
2719.07
2720.13
2720.78
2721.75
2722.10
2722.55
2723.58
2723.72
2725.08
2725.32
2725.58
2725.61
2725.88
2726.88
2727.06
2727.82
2729.21
2729.89
2731.34
2732.99
2734.06
2735.72
2735.80
2735.98
2736.43
2736.96
2737.64
2739.51
2740.37
2740.66
2740.69
2740.93
2741.67
2742.50
2744.34
2744.52
2745.09
2748.21
2749.10
2750.23
2751.90
2753.74
2753.83
2754.43
2755.08
2756.87
2757.29
2757.50
2758.54
2759.38
2760.93
2761.17
2761.59
2763.20
2763.62
2763.92
2765.36
2767.06
2768.80
2770.84
2771.02
2773.27
2775.52
2776.06
2778.82
2781.26
2781.86
2782.74
2784.12
2785.54
2786.08
2787.01
2788.25
2788.73
2790.27
2791.78
2792.72
2794.68
2795.47
2796.04
2796.35
2799.22
2799.71
2799.98
2800.40
2800.86
2801.62
2803.62
2803.98
2804.16
2806.05
2806.38
2808.60
2808.63
2809.87
2811.64
2812.86
2815.66
2816.36
2818.13
2819.28
2820.26
2820.44
2820.75
2820.96
2822.67
2824.14
2824.20
2825.76
2827.07
2827.32
2827.90
2829.67
2830.38
2830.75
2831.27
2831.54
2832.40
2833.04
2833.35
2833.69
2834.21
2835.07
2835.44
2839.58
2841.09
2844.13
2844.44
2844.56
2845.70
2847.12
2850.14
2852.79
2853.66
2853.66
2854.58
2858.51
2858.79
2860.83
2861.01
2862.31
2863.43
2864.30
2866.00
2866.41
2866.47
2868.67
2868.76
2869.63
2870.29
2870.69
2871.25
2872.30
2873.52
2873.86
2874.36
2877.78
2879.21
2879.62
2880.12
2880.46
2880.58
2880.74
2881.42
2885.23
2886.54
2886.79
2887.76
2887.95
2888.48
2889.10
2889.54
2890.92
2891.45
2892.45
2896.05
2897.34
2897.37
2901.95
2904.78
2906.51
2909.46
2910.44
2910.53
2913.56
2914.03
2914.13
2915.45
2920.91
2926.99
2929.05
2930.38
2930.69
2931.20
2931.23
2932.09
2934.03
2935.65
2935.74
2938.22
2938.54
2938.98
2941.05
2942.83
2945.41
2947.87
2947.93
2953.61
2953.65
2955.28
2955.47
2956.01
2959.18
2959.50
2959.85
2960.30
2962.13
2963.44
2964.79
2966.14
2968.06
2968.09
2968.67
2970.44
2970.76
2970.92
2971.31
2971.34
2971.92
2972.37
2972.66
2972.75
2973.66
2974.07
2975.91
2978.29
2979.52
2980.26
2983.90
2984.26
2986.84
2987.52
2987.59
2989.11
2989.95
2994.06
2994.06
2999.15
2999.31
2999.34
3000.03
3000.16
3003.47
3005.39
3005.74
3007.86
3008.35
3008.93
3012.09
3012.78
3013.01
3015.29
3017.25
3019.01
3019.01
3019.76
3020.38
3020.87
3023.88
3024.47
3025.03
3027.02
3027.29
3027.35
3028.46
3029.97
3033.32
3036.60
3036.77
3037.36
3038.18
3039.00
3041.01
3043.02
3043.02
3044.14
3044.23
3044.89
3044.93
3045.52
3047.27
3052.84
3055.35
3056.11
3056.31
3056.35
3056.48
3060.91
3061.18
3063.76
3066.65
3067.48
3067.68
3068.24
3068.27
3069.04
3069.80
3069.87
3070.00
3070.70
3071.10
3071.70
3078.68
3078.82
3080.18
3081.25
3082.08
3083.08
3084.42
3086.82
3087.62
3091.53
3092.97
3092.97
3097.19
3098.06
3099.10
3099.94
3100.18
3100.81
3101.89
3102.93
3103.60
3110.79
3112.61
3114.43
3115.24
3117.03
3117.30
3117.57
3120.57
3122.50
3124.59
3139.37
3140.49
3143.04
3143.38
3144.77
3148.79
3149.13
3151.00
3152.95
3153.77
3153.94
3159.47
3160.74
3161.80
3164.16
3164.71
3165.73
3166.25
3167.89
3167.93
3168.41
3169.33
3169.64
3170.33
3170.98
3172.59
3174.44
3175.30
3175.89
3176.57
3176.68
3176.71
3176.82
3178.40
3178.64
3179.19
3179.74
3180.32
3181.29
3184.21
3187.56
3187.66
3187.97
3188.04
3188.28
3188.66
3189.25
3189.46
3190.35
3192.42
3192.49
3196.16
3196.33
3196.81
3196.95
3198.61
3199.58
3202.66
3204.02
3204.61
3206.65
3213.88
3213.91
3216.38
3217.43
3218.71
3222.55
3223.52
3225.93
3233.23
3233.86
3234.63
3235.37
3236.59
3237.05
3241.61
3242.34
3243.82
3244.13
3244.41
3244.62
3245.61
3248.59
3250.03
3250.11
3251.16
3251.55
3252.95
3256.48
3256.90
3257.39
3262.97
3263.57
3265.47
3267.31
3267.52
3271.45
3271.84
3273.75
3274.35
3274.53
3275.28
3277.54
3277.83
3280.31
3281.20
3283.12
3283.40
3285.11
3288.09
3289.77
3291.58
3292.29
3292.65
3294.36
3294.54
3295.61
3298.64
3298.85
3301.89
3308.79
3309.90
3311.37
3313.06
3313.41
3314.85
3316.53
3319.33
3320.16
3322.21
3323.75
3323.79
3325.05
3325.88
3325.91
3327.64
3330.99
3331.14
3332.00
3333.73
3334.74
3335.57
3337.09
3341.31
3341.31
3341.53
3346.81
3347.97
3348.66
3349.39
3349.64
3351.27
3351.45
3353.56
3353.70
3355.99
3357.15
3357.48
3357.84
3358.20
3359.37
3364.13
3365.22
3365.99
3368.47
3368.58
3371.02
3371.31
3372.40
3375.29
3376.02
3378.80
3380.88
3386.41
3387.03
3391.87
3392.20
3393.56
3394.55
3395.03
3397.09
3397.38
3398.37
3398.85
3399.77
3401.32
3402.68
3404.45
3405.18
3406.03
3406.07
3408.06
3408.72
3412.97
3413.85
3414.55
3416.07
3417.18
3419.10
3420.55
3420.80
3422.99
3423.14
3424.40
3425.99
3426.58
3428.70
3429.03
3429.81
3430.22
3430.33
3430.70
3432.56
3433.23
3434.60
3435.20
3435.83
3439.81
3443.05
3445.28
3446.07
3446.10
3446.77
3446.96
3447.07
3451.25
3451.77
3452.22
3457.08
3461.80
3462.40
3462.40
3465.58
3475.76
3476.70
3479.97
3481.37
3481.71
3485.14
3490.42
3490.68
3490.87
3491.02
3492.31
3495.71
3497.64
3500.44
3503.09
3505.37
3506.32
3506.43
3506.58
3506.96
3511.25
3511.37
3512.01
3515.24
3521.11
3521.98
3523.89
3525.15
3527.78
3528.09
3529.35
3536.07
3536.46
3541.70
3544.92
3549.14
3550.60
3554.10
3554.22
3555.18
3555.29
3555.52
3555.72
3557.56
3560.22
3562.07
3562.11
3563.19
3564.07
3565.62
3567.04
3570.75
3574.31
3575.31
3582.21
3583.10
3585.58
3587.29
3588.72
3588.84
3588.84
3590.94
3592.96
3604.91
3605.46
3605.81
3606.36
3611.78
3613.66
3614.64
3614.95
3615.77
3618.51
3619.14
3619.45
3621.76
3623.33
3625.45
3625.64
3627.41
3629.22
3629.88
3630.63
3632.24
3633.03
3633.77
3633.81
3634.17
3634.21
3636.88
3637.47
3639.28
3639.87
3639.99
3641.72
3642.04
3644.40
3645.98
3648.47
3649.65
3649.73
3651.71
3655.07
3655.11
3661.00
3662.11
3663.54
3664.21
3665.88
3668.46
3670.96
3671.44
3673.07
3673.66
3673.90
3673.90
3678.43
3679.35
3679.35
3680.03
3680.90
3688.56
3691.19
3691.79
3699.67
3701.67
3701.83
3702.83
3706.12
3708.81
3709.37
3710.65
3710.85
3711.70
3712.18
3712.66
3713.06
3713.59
3714.39
3714.59
3715.03
3715.59
3716.24
3717.65
3718.41
3722.56
3724.53
3724.85
3728.89
3729.97
3730.10
3735.71
3740.97
3741.49
3741.94
3744.41
3747.17
3749.92
3750.86
3752.16
3754.88
3755.61
3759.43
3759.92
3760.08
3764.36
3765.37
3765.58
3765.82
3768.10
3769.82
3770.88
3772.22
3773.00
3773.29
3773.29
3775.16
3776.23
3776.35
3777.21
3779.41
3780.15
3780.81
3783.96
3785.76
3788.34
3791.78
3793.10
3796.59
3797.66
3799.55
3801.93
3802.22
3803.58
3803.62
3810.29
3814.21
3814.33
3819.12
3820.65
3823.92
3827.69
3832.49
3832.87
3833.49
3834.78
3839.51
3840.63
3841.30
3842.29
3842.33
3844.91
3845.83
3846.08
3846.58
3846.83
3849.33
3855.99
3857.71
3858.16
3863.76
3864.64
3865.06
3869.20
3870.75
3870.96
3876.66
3880.60
3883.12
3886.70
3889.26
3890.44
3893.10
3898.36
3899.55
3901.53
3901.70
3901.82
3905.75
3906.43
3907.15
3909.52
3910.62
3915.95
3916.16
3918.20
3919.43
3919.89
3920.91
3923.75
3925.37
3925.66
3929.57
3930.89
3933.06
3937.79
3942.27
3943.67
3943.97
3946.19
3953.24
3955.00
3955.64
3958.38
3961.21
3962.28
3962.79
3962.88
3964.29
3965.24
3965.75
3970.26
3971.03
3971.42
3971.76
3973.31
3973.57
3974.13
3974.52
3977.48
3977.74
3977.78
3979.08
3979.85
3980.41
3981.83
3983.25
3986.06
3987.05
3988.43
3990.59
3992.62
3993.31
3993.44
3994.22
3996.72
3997.37
3997.55
3997.59
3998.67
4000.92
4001.09
4001.92
4002.26
4002.70
4005.47
4005.82
4007.77
4009.93
4012.10
4012.45
4016.19
4019.84
4020.40
4020.84
4025.98
4029.77
4030.64
4033.82
4033.87
4035.40
4040.73
4041.16
4042.17
4044.58
4047.11
4048.91
4049.92
4051.67
4054.17
4056.58
4057.07
4063.44
4065.77
4067.26
4068.50
4069.64
4072.59
4073.69
4075.15
4077.93
4079.74
4079.91
4082.65
4086.81
4087.96
4089.95
4089.99
4093.62
4097.21
4097.48
4097.48
4098.05
4098.41
4102.49
4106.13
4107.42
4110.22
4110.98
4112.22
4115.56
4115.69
4117.97
4122.29
4122.78
4124.97
4130.68
4131.67
4137.08
4141.42
4142.90
4146.80
4147.30
4147.66
4147.75
4148.11
4148.20
4153.63
4161.37
4161.68
4162.36
4165.24
4166.41
4170.29
4171.46
4173.13
4174.13
4177.20
4177.88
4179.05
4181.00
4190.37
4192.19
4192.23
4192.91
4193.64
4194.32
4198.50
4202.45
4203.22
4204.27
4209.87
4213.70
4213.92
4214.52
4216.25
4218.30
4218.49
4219.40
4220.40
4220.54
4224.10
4227.26
4231.42
4232.89
4233.35
4236.97
4243.11
4245.13
4247.20
4248.21
4250.93
4251.57
4253.92
4254.05
4257.46
4259.90
4265.62
4268.81
4269.32
4270.33
4272.97
4275.33
4277.50
4281.11
4282.73
4282.83
4286.58
4288.11
4290.80
4292.43
4293.78
4297.45
4300.24
4300.29
4301.78
4302.29
4302.71
4303.31
4308.72
4309.74
4310.16
4312.07
4314.22
4319.87
4323.52
4325.44
4328.39
4330.03
4330.07
4330.50
4330.59
4330.78
4337.90
4337.90
4341.71
4342.37
4342.51
4344.01
4348.85
4350.78
4351.30
4358.04
4365.12
4374.76
4375.85
4376.04
4380.07
4381.87
4382.77
4384.86
4385.90
4387.23
4393.45
4396.40
4398.92
4399.78
4401.40
4403.45
4406.12
4408.60
4409.07
4412.56
4413.27
4415.37
4418.82
4422.93
4423.50
4425.04
4432.65
4436.59
4437.16
4437.98
4443.80
4444.18
4445.38
4448.46
4458.34
4459.98
4462.34
4464.66
4467.03
4467.51
4467.71
4467.76
4470.12
4470.42
4471.33
4471.96
4474.04
4476.66
4476.85
4477.43
4480.10
4480.34
4482.09
4484.46
4491.51
4493.40
4495.93
4497.58
4498.61
4501.04
4504.60
4509.72
4512.35
4518.56
4519.88
4519.88
4523.30
4523.99
4524.33
4527.66
4530.16
4530.55
4531.43
4536.29
4536.68
4539.19
4545.48
4546.27
4546.27
4546.41
4554.54
4555.77
4558.48
4563.27
4565.93
4568.95
4571.47
4572.81
4575.97
4579.09
4579.29
4583.36
4584.84
4587.28
4587.52
4590.65
4590.90
4593.63
4593.68
4601.44
4601.94
4602.39
4603.68
4604.53
4604.83
4605.13
4611.21
4613.76
4613.86
4615.01
4616.70
4616.80
4616.95
4617.05
4620.55
4620.65
4620.70
4622.95
4625.40
4626.55
4629.11
4629.81
4630.06
4631.86
4633.42
4634.27
4634.42
4638.28
4639.39
4641.90
4643.35
4643.46
4643.46
4649.24
4649.44
4649.54
4660.72
4662.79
4665.61
4666.27
4669.91
4674.41
4680.63
4680.78
4682.00
4688.28
4689.70
4691.53
4691.73
4694.02
4700.02
4700.83
4705.00
4705.05
4705.46
4706.63
4709.94
4714.33
4717.70
4721.01
4723.83
4724.29
4726.02
4729.66
4729.86
4730.12
4731.50
4733.09
4733.60
4733.70
4734.78
4736.01
4744.37
4745.49
4745.70
4748.32
4752.17
4754.13
4755.11
4756.34
4758.45
4760.46
4761.13
4761.54
4762.88
4763.96
4767.16
4767.88
4770.57
4772.73
4775.52
4779.35
4782.76
4786.96
4789.39
4792.55
4792.71
4794.16
4795.20
4797.22
4797.38
4797.64
4799.56
4800.91
4803.61
4804.29
4808.24
4809.80
4810.11
4819.38
4820.38
4827.42
4828.73
4829.51
4829.88
4835.11
4839.24
4843.75
4845.11
4846.10
4849.20
4850.14
4850.20
4851.09
4853.03
4854.61
4855.03
4858.81
4859.18
4860.86
4861.12
4862.12
4862.54
4862.54
4865.33
4867.44
4868.12
4872.97
4873.55
4873.66
4874.55
4877.51
4884.96
4888.02
4888.50
4889.71
4892.15
4892.25
4893.63
4896.12
4896.81
4903.49
4905.40
4905.72
4911.51
4911.88
4912.09
4912.52
4918.10
4918.69
4919.96
4924.76
4925.02
4927.10
4931.26
4936.65
4937.62
4938.36
4943.87
4951.53
4951.69
4953.62
4953.94
4955.44
4962.68
4974.89
4975.37
4975.96
4976.99
4978.65
4982.05
4982.10
4985.50
4987.98
4988.47
4989.87
4996.90
5002.30
5003.44
5005.99
5010.86
5010.92
5016.34
5016.45
5018.08
5023.62
5027.64
5029.17
5029.44
5031.51
5036.36
5037.45
5039.46
5040.17
5043.66
5052.18
5059.29
5059.29
5065.32
5065.48
5065.92
5066.53
5070.53
5070.69
5070.80
5072.01
5074.54
5078.44
5081.07
5081.90
5082.45
5082.67
5084.65
5090.10
5092.36
5092.85
5093.57
5093.79
5094.23
5100.30
5106.37
5112.84
5115.00
5115.38
5123.30
5125.02
5133.85
5134.13
5134.24
5139.57
5144.58
5146.19
5147.53
5150.09
5150.93
5156.84
5157.01
5162.98
5164.15
5165.38
5168.74
5169.30
5169.35
5171.59
5176.46
5180.10
5182.85
5187.34
5187.68
5189.53
5189.64
5194.30
5197.56
5199.19
5202.91
5209.78
5214.24
5216.61
5221.01
5227.74
5229.21
5230.28
5231.53
5232.43
5233.17
5233.85
5236.46
5238.27
5239.86
5239.91
5247.12
5250.87
5252.12
5255.02
5259.51
5261.61
5262.07
5263.49
5264.35
5264.80
5267.03
5269.02
5269.19
5269.70
5279.24
5281.35
5281.58
5283.92
5287.01
5290.04
5293.99
5295.88
5299.09
5302.94
5303.17
5305.17
5313.56
5314.14
5314.54
5316.90
5319.54
5320.70
5324.55
5331.01
5332.45
5335.45
5335.45
5336.67
5336.67
5337.47
5340.88
5342.67
5343.37
5346.84
5349.33
5349.56
5351.41
5352.05
5355.64
5358.13
5361.84
5370.14
5373.75
5374.16
5380.26
5385.27
5387.49
5387.49
5388.25
5390.29
5397.70
5404.65
5412.20
5415.83
5416.36
5418.88
5423.22
5425.16
5430.97
5433.91
5437.09
5439.79
5440.50
5444.92
5447.04
5458.25
5459.72
5462.80
5469.72
5471.97
5473.33
5479.73
5482.99
5483.23
5494.87
5497.72
5500.34
5501.89
5504.45
5517.98
5522.10
5522.22
5526.11
5526.65
5533.83
5533.89
5536.94
5537.66
5538.20
5539.10
5542.82
5543.06
5546.66
5553.20
5556.63
5558.97
5560.90
5562.28
5569.39
5573.06
5576.56
5582.96
5583.69
5585.68
5587.56
5594.45
5597.96
5603.72
5607.66
5611.61
5613.07
5617.44
5618.53
5622.43
5624.13
5624.68
5630.71
5631.62
5632.78
5634.36
5635.64
5638.57
5641.56
5642.17
5646.38
5647.55
5652.37
5653.54
5655.43
5656.90
5657.21
5657.64
5659.41
5659.96
5662.96
5664.01
5664.68
5665.48
5669.89
5671.43
5675.36
5680.21
5680.70
5681.19
5692.39
5693.38
5695.10
5696.64
5705.09
5705.77
5708.43
5708.49
5713.06
5714.17
5715.04
5719.12
5723.14
5727.98
5728.10
5729.40
5729.65
5732.88
5734.05
5738.03
5743.18
5748.71
5750.21
5750.39
5759.61
5760.17
5760.54
5761.11
5763.23
5769.09
5769.28
5769.96
5771.02
5771.34
5774.71
5775.71
5777.40
5779.09
5779.34
5781.84
5784.65
5786.34
5789.22
5793.42
5795.93
5796.93
5800.82
5814.21
5824.03
5831.53
5836.08
5838.54
5844.17
5845.24
5846.82
5849.48
5849.54
5854.36
5856.13
5857.65
5862.79
5864.25
5866.72
5867.67
5869.20
5872.82
5884.08
5889.23
5895.04
5895.93
5898.10
5899.06
5899.50
5900.65
5921.82
5925.67
5932.40
5934.52
5935.16
5941.59
5944.61
5952.01
5953.43
5959.62
5962.13
5969.81
5970.52
5971.62
5974.72
5974.72
5979.19
5989.87
5995.58
5997.07
5999.79
6002.78
6003.56
6005.18
6012.21
6027.06
6032.01
6035.21
6042.53
6054.90
6057.72
6059.62
6060.21
6060.47
6066.44
6068.35
6070.97
6072.55
6090.45
6094.73
6094.99
6104.70
6108.13
6111.17
6113.42
6116.20
6117.92
6120.57
6125.21
6127.59
6128.59
6128.65
6130.64
6131.11
6131.57
6132.17
6138.34
6141.00
6144.72
6146.32
6146.65
6164.37
6174.11
6181.73
6183.87
6189.90
6192.24
6194.12
6195.59
6197.81
6202.57
6203.84
6204.05
6208.41
6210.63
6216.01
6221.19
6227.45
6236.75
6237.97
6241.62
6243.03
6249.05
6249.72
6249.93
6250.06
6254.80
6256.90
6261.16
6265.16
6266.25
6266.65
6270.18
6273.84
6274.79
6284.58
6287.77
6289.75
6291.86
6294.72
6298.40
6302.01
6305.35
6307.74
6309.38
6311.49
6312.18
6319.22
6320.99
6326.88
6330.17
6332.63
6334.62
6344.98
6354.18
6358.65
6360.58
6369.05
6370.77
6380.50
6387.75
6394.32
6397.23
6399.86
6405.40
6407.62
6411.78
6415.94
6416.36
6424.84
6427.20
6429.49
6433.25
6439.31
6441.19
6442.31
6448.72
6449.00
6452.21
6463.53
6472.56
6474.94
6476.27
6476.97
6477.60
6477.96
6479.64
6482.93
6484.55
6499.02
6499.37
6499.51
6500.07
6507.18
6510.84
6511.47
6516.34
6522.40
6526.57
6526.92
6530.38
6533.42
6535.40
6536.18
6538.87
6540.21
6546.23
6553.25
6555.23
6559.84
6561.83
6581.03
6581.17
6582.81
6583.31
6587.94
6592.43
6594.43
6594.50
6594.50
6597.71
6602.92
6606.93
6608.50
6611.29
6613.08
6618.66
6618.80
6619.45
6638.24
6641.33
6643.56
6643.92
6651.32
6653.41
6654.13
6656.80
6657.08
6660.61
6663.71
6670.42
6675.69
6678.01
6680.53
6680.61
6684.29
6686.90
6688.20
6690.66
6695.01
6695.59
6700.59
6705.45
6705.95
6714.74
6715.54
6720.19
6721.94
6725.79
6727.61
6729.65
6732.20
6736.86
6738.90
6740.00
6741.89
6747.00
6754.01
6754.09
6756.13
6756.79
6757.38
6766.89
6772.01
6775.09
6779.86
6780.89
6783.82
6785.00
6785.66
6791.24
6792.41
6795.72
6799.55
6809.63
6813.54
6815.68
6816.27
6819.29
6819.44
6822.39
6823.65
6824.31
6828.15
6828.89
6830.59
6830.89
6833.77
6838.35
6838.72
6843.83
6845.76
6849.31
6849.83
6855.91
6858.14
6865.79
6871.51
6874.41
6877.68
6889.00
6890.19
6890.72
6892.58
6893.10
6894.67
6895.27
6898.70
6909.83
6909.90
6911.92
6916.19
6918.36
6919.78
6927.42
6930.42
6935.07
6944.46
6944.91
6963.64
6964.77
6965.07
6970.95
6975.18
6976.09
6977.14
6978.88
6980.09
6987.79
6989.91
6991.95
6993.77
7002.86
7012.94
7021.60
7027.45
7029.73
7033.76
7039.63
7052.36
7052.51
7053.42
7057.39
7059.38
7060.37
7061.44
7061.90
7065.49
7066.10
7068.48
7070.31
7079.96
7080.11
7081.41
7084.78
7091.15
7093.37
7100.98
7104.51
7107.59
7120.13
7123.83
7124.60
7127.38
7128.54
7139.96
7142.28
7144.91
7145.83
7153.72
7153.96
7155.66
7157.36
7161.24
7164.03
7165.89
7166.66
7167.44
7168.29
7171.47
7182.81
7192.37
7192.53
7197.12
7197.12
7213.18
7217.94
7223.57
7225.21
7226.07
7247.29
7249.72
7252.55
7258.51
7258.90
7273.92
7274.39
7275.02
7275.26
7280.14
7285.97
7288.81
7293.47
7294.65
7298.99
7302.47
7311.01
7313.30
7314.17
7316.39
7320.58
7328.59
7342.87
7343.51
7345.02
7353.61
7356.55
7357.99
7364.04
7368.02
7369.54
7374.24
7374.32
7376.80
7379.27
7386.70
7388.94
7388.94
7394.94
7397.82
7399.74
7402.06
7403.34
7409.35
7412.08
7414.49
7417.54
7417.94
7419.06
7420.91
7421.15
7432.16
7440.20
7446.48
7447.45
7457.77
7458.10
7462.53
7465.93
7466.01
7467.95
7475.55
7476.76
7478.78
7484.21
7484.37
7493.12
7505.13
7511.06
7544.12
7555.48
7560.22
7569.14
7572.91
7573.16
7582.75
7584.06
7584.88
7600.90
7601.23
7611.19
7617.12
7618.36
7618.94
7627.10
7641.89
7649.75
7650.99
7651.07
7669.47
7691.33
7703.74
7708.15
7715.16
7716.42
7716.58
7726.52
7733.05
7738.24
7748.29
7757.77
7766.17
7766.42
7767.76
7787.29
7790.24
7831.48
7839.53
7840.72
7840.89
7850.99
7854.90
7858.30
7861.36
7862.64
7878.82
7889.82
7889.91
7890.93
7898.88
7901.27
7901.44
7905.89
7913.59
7914.70
7914.96
7921.39
7921.64
7933.48
7938.03
7944.56
7956.95
7958.15
7963.06
7964.70
7976.26
7976.60
7978.24
7980.66
7982.13
7984.98
7987.05
7989.13
7991.37
7993.62
8016.66
8020.91
8023.00
8027.25
8029.51
8031.25
8033.85
8034.46
8038.81
8046.64
8051.08
8051.96
8054.92
8061.63
8067.83
8070.62
8077.08
8091.61
8104.22
8112.29
8113.70
8116.16
8129.51
8130.66
8145.45
8147.21
8149.77
8151.62
8157.09
8158.51
8167.78
8171.31
8175.47
8179.98
8180.25
8181.67
8184.41
8199.21
8208.27
8210.22
8214.48
8220.89
8224.18
8225.16
8227.65
8242.89
8259.58
8260.47
8273.09
8273.98
8276.85
8290.74
8296.12
8299.09
8307.17
8341.85
8348.17
8350.97
8354.49
8364.17
8367.07
8374.13
8380.30
8381.75
8392.55
8393.27
8401.90
8407.09
8408.72
8412.27
8427.03
8428.58
8437.07
8450.68
8451.69
8452.87
8478.34
8483.38
8485.77
8490.46
8493.21
8499.00
8502.68
8510.78
8513.54
8516.22
8524.79
8527.37
8531.99
8532.63
8536.70
8545.20
8547.51
8553.99
8556.58
8561.86
8566.21
8566.58
8571.87
8573.17
8578.36
8581.24
8587.65
8592.02
8593.69
8606.81
8644.70
8645.92
8648.07
8652.00
8652.94
8653.03
8667.93
8678.07
8685.20
8688.78
8689.34
8694.61
8701.95
8726.84
8732.70
8742.62
8743.85
8772.47
8777.31
8794.52
8803.28
8805.66
8806.71
8811.95
8814.43
8817.29
8819.20
8823.40
8831.90
8837.73
8840.31
8847.77
8866.08
8878.37
8886.53
8886.63
8890.00
8892.02
8893.08
8898.47
8906.36
8908.20
8908.29
8924.89
8927.40
8932.52
8933.97
8941.03
8944.99
8947.12
8951.09
8955.16
8960.01
8972.23
8979.90
8984.37
8994.39
8994.49
9001.50
9011.44
9013.78
9019.05
9022.66
9052.78
9055.23
9064.54
9100.90
9106.12
9115.78
9118.64
9122.19
9127.52
9131.38
9133.55
9143.34
9147.20
9149.67
9149.77
9152.94
9168.80
9175.15
9175.25
9180.71
9181.71
9184.98
9188.36
9195.33
9196.32
9198.41
9203.59
9205.38
9219.03
9221.03
9224.82
9252.01
9252.21
9259.42
9263.73
9264.03
9270.95
9273.66
9278.48
9279.48
9284.90
9295.16
9296.06
9308.04
9319.73
9324.37
9334.06
9339.01
9349.22
9353.37
9359.04
9361.67
9364.91
9367.44
9372.51
9375.86
9404.21
9404.41
9411.13
9412.04
9425.50
9426.41
9430.70
9434.37
9443.26
9465.97
9470.37
9477.14
9485.55
9493.66
9502.81
9507.33
9508.57
9511.35
9511.55
9514.02
9514.85
9533.81
9536.80
9552.08
9552.39
9552.70
9555.80
9559.11
9560.56
9563.67
9571.22
9572.36
9589.67
9601.72
9601.82
9610.24
9630.02
9632.62
9639.50
9639.92
9647.85
9655.06
9656.52
9658.29
9661.95
9666.03
9693.37
9696.51
9696.62
9702.39
9706.80
9712.47
9715.52
9726.99
9737.09
9737.30
9751.33
9754.60
9771.82
9773.19
9774.46
9783.98
9786.31
9790.12
9803.69
9808.57
9811.55
9820.79
9824.08
9830.99
9832.91
9850.80
9853.35
9853.89
9863.49
9882.07
9882.72
9887.53
9907.23
9923.76
9929.66
9938.15
9953.65
9958.71
9960.65
9969.71
9970.25
9974.03
9975.64
9977.70
9979.21
9982.99
9988.39
9990.23
9992.50
10032.91
10038.23
10039.85
10043.11
10049.85
10050.40
10060.30
10067.38
10075.22
10078.27
10080.56
10092.35
10093.66
10139.20
10144.57
10148.52
10153.58
10163.58
10163.58
10167.65
10169.96
10171.06
10172.82
10180.09
10192.65
10194.75
10211.53
10243.29
10253.16
10253.27
10254.60
10268.81
10281.15
10313.57
10315.69
10316.03
10327.64
10336.92
10341.17
10342.07
10346.32
10369.41
10372.10
10389.17
10391.42
10422.27
10422.50
10423.96
10431.30
10438.18
10442.93
10443.49
10443.49
10449.48
10455.82
10473.71
10475.07
10477.11
10477.67
10486.97
10497.08
10508.90
10511.63
10529.27
10544.66
10556.30
10558.36
10559.50
10582.49
10584.90
10588.33
10591.54
10593.60
10594.98
10600.14
10600.60
10603.24
10604.84
10629.08
10634.37
10637.71
10640.82
10643.70
10660.64
10661.45
10674.26
10685.00
10687.90
10690.67
10708.38
10737.62
10739.83
10754.25
10766.01
10774.40
10779.99
10788.39
10795.17
10810.95
10816.56
10819.37
10819.96
10838.82
10847.85
10849.03
10858.54
10858.89
10879.00
10885.48
10906.11
10909.65
10917.68
10924.77
10927.25
10932.81
10934.70
10944.17
10948.79
10950.92
10958.98
10994.38
11012.00
11013.78
11040.39
11045.05
11079.16
11084.56
11088.99
11090.07
11090.55
11099.56
11127.21
11133.96
11134.80
11135.64
11169.55
11216.06
11218.73
11225.40
11236.58
11292.53
11294.24
11299.62
11300.72
11316.01
11318.83
11326.05
11328.26
11330.10
11350.71
11360.30
11365.46
11369.77
11377.64
11389.96
11391.93
11395.51
11398.34
11398.96
11407.22
11420.93
11430.33
11431.94
11447.04
11464.26
11472.83
11473.82
11484.00
11485.99
11487.11
11488.98
11499.67
11523.09
11532.69
11533.69
11541.43
11542.80
11543.93
11562.55
11581.96
11600.40
11603.53
11614.96
11633.96
11642.90
11645.29
11680.50
11684.67
11698.33
11716.44
11719.87
11721.52
11723.80
11729.51
11736.49
11738.90
11740.94
11741.83
11762.55
11762.81
11763.32
11766.37
11786.12
11791.61
11792.75
11794.03
11794.28
11805.26
11805.39
11806.41
11818.43
11820.22
11823.67
11840.31
11846.85
11873.28
11883.31
11914.98
11914.98
11916.53
11959.93
11966.01
11966.01
11966.53
11971.32
11983.89
11985.58
11992.97
11999.85
12022.72
12025.33
12027.15
12031.83
12042.51
12071.21
12075.52
12080.23
12090.95
12100.50
12113.34
12136.04
12156.01
12195.53
12220.10
12254.26
12265.27
12272.44
12274.30
12278.95
12286.66
12299.56
12303.82
12312.61
12316.47
12317.94
12337.01
12340.48
12347.56
12358.39
12370.56
12374.84
12380.07
12381.67
12393.60
12403.13
12410.91
12413.33
12418.30
12418.44
12424.62
12439.82
12446.82
12453.55
12467.31
12484.58
12497.29
12498.78
12518.67
12523.01
12527.61
12534.39
12565.76
12578.41
12589.71
12594.34
12603.61
12616.58
12628.59
12646.92
12658.55
12660.20
12661.43
12687.21
12693.11
12715.52
12719.37
12727.36
12741.00
12744.45
12745.82
12776.06
12804.43
12808.03
12830.92
12845.23
12868.88
12871.94
12926.51
12933.64
12937.00
12942.88
12958.86
12976.40
12977.94
12981.73
12985.39
12997.05
13007.74
13008.59
13032.96
13050.74
13066.85
13070.10
13074.06
13082.13
13088.07
13132.61
13141.85
13144.55
13154.80
13164.77
13181.01
13186.58
13222.44
13224.15
13243.05
13270.59
13279.07
13281.94
13283.95
13321.23
13323.11
13326.42
13364.11
13369.46
13377.27
13388.86
13389.29
13400.74
13410.90
13419.46
13423.38
13423.53
13446.78
13465.42
13489.77
13494.15
13512.85
13519.29
13537.58
13538.17
13562.21
13570.14
13651.43
13675.38
13676.27
13691.37
13691.52
13719.99
13720.88
13726.52
13735.14
13747.18
13748.67
13758.19
13758.49
13780.84
13786.81
13838.66
13841.06
13874.80
13878.40
13889.67
13907.41
13937.39
13940.25
13958.82
13992.84
13994.05
13997.38
14009.20
14015.42
14023.00
14057.94
14091.14
14092.97
14125.18
14126.71
14159.30
14159.46
14173.71
14186.29
14209.18
14246.90
14259.85
14264.02
14265.87
14311.32
14316.90
14317.67
14321.86
14324.34
14327.75
14341.86
14386.46
14391.29
14397.52
14398.77
14418.88
14421.53
14423.72
14463.57
14473.74
14475.15
14485.33
14517.34
14528.50
14529.60
14535.10
14555.09
14581.57
14616.16
14620.75
14632.30
14638.95
14658.61
14678.92
14785.40
14859.82
14879.60
14911.35
14951.10
14960.48
14972.30
14996.46
15000.35
15002.14
15048.80
15082.38
15113.09
15150.09
15186.85
15214.32
15230.62
15254.37
15282.62
15298.50
15303.47
15316.39
15325.67
15326.83
15330.32
15331.31
15340.27
15353.06
15355.88
15356.71
15368.85
15375.33
15378.83
15380.99
15406.47
15437.68
15444.36
15447.70
15453.55
15477.65
15502.62
15504.97
15518.73
15529.32
15578.96
15608.49
15623.36
15637.22
15657.37
15679.41
15689.93
15723.24
15723.92
15725.11
15730.22
15745.37
15753.72
15768.56
15795.37
15796.39
15817.09
15832.50
15840.38
15847.06
15873.32
15880.53
15918.90
15950.62
15999.88
16028.12
16028.64
16101.13
16126.06
16146.49
16151.73
16170.96
16229.68
16267.48
16316.84
16324.96
16329.02
16332.56
16351.83
16366.17
16367.94
16376.62
16379.99
16385.66
16411.74
16418.31
16422.22
16444.45
16487.03
16505.95
16526.32
16551.37
16598.36
16600.15
16672.15
16728.35
16761.68
16776.56
16778.56
16825.64
16862.09
16877.43
16932.30
16964.76
17034.28
17035.57
17188.50
17189.80
17198.18
17203.95
17260.07
17263.24
17350.50
17363.84
17388.65
17397.87
17421.80
17463.51
17482.41
17486.95
17497.36
17503.80
17551.02
17574.77
17601.03
17617.42
17638.21
17642.60
17646.99
17659.21
17669.54
17694.21
17732.74
17739.65
17751.74
17752.13
17757.51
17773.27
17774.81
17786.93
17815.62
17874.90
17893.86
17900.45
17934.37
17953.98
17982.56
17999.30
18003.20
18011.38
18031.66
18043.76
18086.37
18097.53
18098.31
18128.30
18193.93
18216.38
18229.00
18243.21
18321.34
18336.61
18400.61
18411.56
18467.82
18511.64
18523.06
18568.61
18573.43
18644.70
18645.92
18650.15
18654.59
18673.57
18700.67
18705.32
18760.86
18845.29
18877.12
18892.24
18893.27
18914.13
18915.77
18941.16
18978.70
19064.53
19064.53
19124.23
19167.94
19219.24
19250.25
19283.81
19309.49
19313.25
19324.12
19333.74
19341.90
19356.55
19368.29
19401.00
19480.52
19482.83
19490.63
19519.34
19528.21
19540.89
19574.96
19653.27
19705.01
19719.30
19846.44
19860.83
19883.63
19952.37
19966.19
19971.16
19977.00
20028.51
20143.47
20148.92
20167.03
20209.62
20238.28
20317.05
20340.58
20408.92
20463.98
20483.48
20558.08
20632.73
20726.70
20747.79
20796.79
20818.63
20853.35
20861.47
20866.21
20959.89
20968.96
20983.03
21002.79
21003.93
21118.78
21124.04
21184.92
21211.99
21216.12
21224.61
21286.02
21342.75
21390.37
21407.74
21415.15
21427.43
21534.35
21583.80
21602.49
21682.57
21684.45
21742.95
21768.61
21772.61
21773.79
21789.11
21789.34
21807.27
21841.27
21867.52
21912.52
21953.10
22085.80
22111.39
22187.84
22265.03
22351.93
22470.74
22471.96
22504.81
22540.14
22574.56
22604.86
22639.13
22659.47
22681.06
22702.42
22718.14
22829.27
22891.35
22928.04
22981.94
23005.57
23054.91
23075.87
23093.86
23125.11
23158.66
23184.74
23193.77
23194.52
23201.80
23353.67
23463.85
23579.64
23583.73
23586.79
23589.09
23611.56
23634.31
23692.17
23769.71
23787.21
23969.09
23983.61
24129.90
24141.91
24180.60
24191.33
24226.95
24262.10
24305.19
24363.38
24364.17
24423.56
24446.56
24649.48
24653.48
24655.88
24717.85
24876.95
24893.38
24900.11
24900.11
24967.01
25040.06
25081.00
25150.02
25169.90
25186.79
25189.24
25190.60
25206.42
25274.96
25316.84
25392.56
25457.20
25466.29
25469.88
25475.11
25497.17
25583.67
25636.87
25674.07
25841.56
25843.52
25857.22
25906.23
25965.16
26072.98
26073.26
26111.38
26200.24
26210.16
26241.37
26315.58
26344.07
26357.47
26466.92
26482.68
26642.18
26653.43
26692.68
26756.29
26775.98
26782.07
26784.68
26789.89
26830.22
26888.05
26903.47
26914.24
26920.36
27009.64
27076.93
27176.14
27400.53
27482.48
27668.95
27690.52
27743.90
27767.02
27849.76
27861.52
27895.90
27958.45
28074.25
28140.24
28237.23
28313.41
28424.83
28474.39
28506.45
28562.02
29183.35
29205.15
29258.60
29327.06
29405.54
29636.15
29661.81
29765.66
29843.37
29856.29
29884.09
29985.79
30001.04
30016.30
30149.10
30430.62
30463.89
30467.19
30478.07
30775.64
30953.97
31074.77
31186.60
31272.76
31348.65
31357.47
31370.03
31520.75
31774.82
31862.61
32568.08
32667.25
33008.69
33243.09
33569.47
34088.85
34601.66
34818.73
34852.65
34882.46
35101.29
36021.60
36128.94
36250.72
36797.64
38174.88
38672.09
38734.49
39219.46
39915.12
40875.75
42212.90
43126.99
44262.04
46331.87
