21.11
23.03
25.65
26.20
26.28
27.69
27.87
28.44
30.70
30.94
33.24
33.81
35.44
35.66
35.76
37.05
37.46
37.96
38.36
38.47
39.28
39.52
39.70
39.87
40.33
41.17
41.61
41.86
42.22
43.48
43.62
43.75
43.88
43.89
44.69
45.16
45.21
45.78
46.02
47.03
47.42
47.58
47.72
48.23
48.34
48.41
48.50
48.56
48.57
49.20
49.37
49.62
49.72
50.23
50.52
50.82
51.07
51.79
52.02
52.23
52.55
52.57
52.59
53.35
53.47
53.98
54.11
54.24
54.36
54.51
54.65
55.25
55.50
55.55
55.72
56.05
56.72
56.82
57.38
57.91
58.03
58.21
58.42
58.91
59.23
59.28
61.64
61.68
61.77
62.63
62.78
63.12
63.19
64.07
64.51
64.59
65.16
65.44
65.69
65.93
65.98
66.29
66.34
66.82
67.05
68.80
69.21
69.66
70.31
70.55
70.55
70.82
71.10
71.53
71.78
72.04
72.09
72.26
72.56
72.71
72.98
73.17
73.45
73.52
73.79
74.04
74.53
75.00
75.09
75.43
75.88
77.32
77.48
78.23
78.25
78.94
79.43
79.50
79.57
80.04
80.19
80.33
80.76
80.86
81.05
81.06
81.06
81.06
81.08
81.65
81.94
82.07
82.25
82.48
82.49
83.11
83.31
83.94
84.11
84.12
84.42
84.83
84.99
85.20
85.37
85.79
85.93
86.29
86.37
86.46
86.53
86.71
87.28
87.33
87.48
88.65
88.83
88.89
89.00
89.37
89.41
89.66
89.69
89.75
89.96
90.22
90.52
90.59
91.81
92.06
92.10
92.95
92.98
93.54
93.65
94.16
94.20
94.51
94.59
94.93
95.43
95.54
95.78
96.00
96.02
96.17
96.23
96.47
97.00
97.14
97.36
97.45
97.45
97.68
97.74
98.10
98.25
98.34
98.93
98.95
99.04
99.49
99.73
99.97
100.08
100.21
100.26
100.30
100.73
101.02
101.06
101.24
101.48
101.54
101.71
101.89
102.10
102.19
102.31
102.39
102.43
102.93
103.33
103.40
103.76
103.96
104.02
104.20
104.31
104.35
104.76
104.86
105.11
105.17
105.34
105.35
105.37
105.58
105.61
105.65
106.03
106.18
106.68
107.01
107.49
108.36
108.47
109.00
109.13
109.18
109.25
109.31
109.34
109.37
109.42
109.69
110.18
110.49
110.61
110.81
110.85
111.01
111.10
111.19
111.67
112.23
112.28
112.30
112.45
112.46
112.97
113.13
113.25
113.72
113.98
114.61
114.88
115.14
115.63
116.18
116.21
116.25
116.37
116.38
116.54
116.72
116.85
116.86
116.89
117.05
117.35
117.42
117.73
117.85
117.94
118.08
118.20
118.20
118.21
118.48
119.03
119.11
119.26
120.03
120.14
120.62
120.77
120.78
120.86
120.96
121.02
121.18
121.27
121.34
121.38
121.41
121.51
122.08
122.11
122.39
122.86
123.04
123.37
123.47
123.68
124.34
124.78
125.14
125.34
125.58
125.62
125.91
125.96
126.01
126.05
126.28
126.30
126.52
126.76
127.34
127.36
127.39
127.58
127.59
127.60
127.74
127.83
128.19
128.42
128.52
128.72
128.94
128.97
129.16
129.18
129.20
129.26
129.32
129.40
129.50
130.15
130.23
130.30
130.47
130.84
131.21
131.57
131.75
132.16
132.24
132.27
132.32
132.52
133.03
133.28
133.66
133.70
133.99
134.23
134.39
134.39
134.52
134.65
135.00
135.50
135.60
135.74
136.05
136.06
136.25
136.41
136.86
136.91
137.01
137.39
137.93
138.38
138.42
138.67
138.77
138.79
138.84
138.98
138.99
139.05
139.52
139.60
139.62
139.68
139.87
140.13
140.13
140.52
140.85
140.90
140.99
141.07
141.19
142.35
142.80
142.82
143.03
143.30
143.86
143.93
143.94
144.42
145.12
145.57
146.03
146.16
146.23
146.32
146.44
146.67
146.84
146.85
146.95
146.97
147.05
147.15
147.16
147.72
147.77
147.79
148.05
148.21
148.33
148.38
148.55
148.64
148.81
148.97
149.33
149.70
149.96
150.01
150.49
150.57
150.64
150.70
150.89
150.99
151.46
151.49
152.54
152.61
152.64
152.74
152.75
152.79
152.85
152.92
153.17
153.19
153.49
153.70
153.85
153.96
154.23
154.81
154.91
155.11
155.65
155.71
155.80
155.82
155.83
155.90
156.39
156.47
156.65
156.75
156.86
157.98
158.57
158.77
159.12
159.13
159.50
159.73
160.28
160.49
160.72
160.95
161.06
161.07
161.37
161.39
161.53
161.67
161.71
161.91
162.49
162.59
162.80
163.16
163.36
163.72
163.74
163.82
163.90
163.95
164.20
164.57
164.57
164.64
165.08
165.68
165.82
166.00
166.21
166.45
166.72
166.96
167.10
167.11
167.56
167.83
167.95
168.46
168.49
168.56
168.58
168.64
168.65
168.78
168.94
169.00
169.06
169.09
169.11
169.11
169.16
169.48
169.56
169.62
169.67
169.71
169.93
170.07
170.10
170.15
170.54
170.86
171.09
171.09
171.18
171.21
171.78
172.63
172.77
172.89
172.90
173.20
173.42
173.44
173.58
173.64
173.66
173.91
173.94
173.98
174.13
174.57
174.71
174.80
174.92
175.21
175.54
175.56
175.71
175.98
176.20
176.33
176.86
177.74
177.89
178.25
178.31
178.34
178.37
178.79
178.88
178.90
178.90
179.15
179.19
179.31
179.51
179.88
180.67
180.71
180.74
180.92
181.06
181.37
181.62
181.65
181.90
182.33
182.34
182.42
183.00
183.06
183.06
183.15
183.23
183.40
183.44
183.49
183.63
183.69
183.77
183.78
183.81
184.18
184.19
184.31
184.57
184.81
184.81
184.96
185.11
185.12
185.41
185.60
185.61
185.66
185.94
186.12
186.29
186.74
186.82
187.31
187.87
187.88
187.97
188.01
188.40
188.63
188.70
188.76
189.05
189.30
189.47
189.48
189.60
189.71
189.87
189.88
190.15
190.16
190.47
190.49
190.51
190.58
190.64
190.74
191.19
191.26
191.41
191.67
191.82
191.91
192.08
192.41
193.02
193.27
193.48
194.07
194.15
194.71
194.81
194.98
195.29
195.62
195.84
196.19
196.30
196.59
196.80
196.82
196.83
196.92
196.92
196.98
197.15
197.52
197.56
197.93
198.05
198.21
198.59
198.68
198.90
198.95
199.22
199.28
199.42
199.43
199.45
199.62
199.63
199.94
200.28
200.28
200.33
200.48
200.55
200.57
200.91
200.95
200.96
200.98
201.18
201.26
201.50
201.66
201.66
202.21
202.30
202.95
203.11
203.16
203.20
203.67
204.03
204.33
204.33
204.51
204.59
204.65
204.72
204.80
204.88
204.91
204.99
205.21
205.51
205.61
205.83
206.18
206.25
206.40
206.41
206.69
206.79
207.08
207.13
207.53
207.55
207.70
207.87
207.94
208.05
208.20
208.85
208.90
208.93
208.99
209.08
209.44
209.62
209.69
209.97
210.24
210.31
210.39
210.49
210.55
210.57
210.69
210.70
210.75
211.14
211.16
211.36
211.43
211.65
211.71
211.82
211.86
212.26
212.32
212.53
212.82
212.82
213.24
213.31
213.38
213.68
213.68
213.81
213.82
213.93
214.07
214.60
214.62
215.32
215.41
215.79
216.02
216.20
216.34
216.59
216.66
216.70
216.87
216.92
217.04
217.11
217.52
217.54
217.62
217.71
217.82
218.57
218.69
218.70
218.79
218.92
219.12
219.12
219.90
220.25
220.57
220.71
220.85
221.72
221.90
222.13
222.30
222.42
222.47
222.74
222.90
223.02
223.18
223.69
223.71
223.76
223.77
223.91
224.44
224.56
224.90
225.14
225.23
225.29
225.54
225.75
226.01
226.05
226.26
226.39
226.81
227.05
227.30
227.66
227.69
227.79
227.86
227.99
228.02
228.22
228.41
228.46
228.60
228.72
228.72
228.78
228.82
229.64
229.70
229.75
229.86
229.96
230.05
230.14
230.86
230.87
230.90
231.25
231.26
231.56
231.72
232.03
232.08
232.10
232.15
232.30
232.40
232.41
232.67
233.33
233.79
234.00
234.12
234.50
234.67
234.79
234.95
235.18
235.45
235.81
235.89
236.05
236.25
236.52
236.76
237.30
237.43
237.72
238.01
238.09
238.54
238.71
238.76
239.98
240.40
240.43
240.56
240.76
241.05
241.06
241.17
241.25
241.26
241.28
241.44
241.46
241.57
241.61
241.64
241.74
242.13
242.39
242.59
242.68
242.88
242.98
243.21
243.60
243.73
243.83
243.86
243.94
244.04
244.55
244.82
244.87
244.99
245.15
245.67
245.71
245.78
245.80
245.95
246.16
246.38
246.67
247.07
247.08
247.12
247.24
247.49
247.70
247.74
248.03
248.23
248.24
248.30
248.50
248.69
248.98
249.20
249.30
249.32
249.53
249.86
249.92
249.93
250.05
250.21
250.48
250.57
250.91
251.32
251.45
251.81
251.81
251.82
251.84
251.86
251.92
252.80
253.22
253.36
253.57
253.76
253.89
254.09
254.33
254.51
254.72
254.98
255.00
255.32
255.33
255.58
255.74
255.92
256.03
256.40
256.70
256.79
256.80
257.06
257.35
257.44
257.72
257.84
257.98
258.31
258.35
258.55
258.67
259.01
259.12
259.46
259.65
259.75
259.77
259.78
259.91
260.29
260.47
260.62
260.71
260.80
261.30
261.48
261.70
261.70
261.76
262.20
262.38
262.78
262.99
263.05
263.31
263.34
263.89
264.39
264.45
264.80
266.17
266.23
266.41
266.41
266.54
266.60
266.78
266.88
266.92
266.94
267.50
267.62
267.82
267.90
268.24
268.41
268.55
268.68
268.79
269.12
269.51
269.54
269.63
269.67
269.78
269.81
269.83
269.92
270.06
270.45
270.68
270.70
270.71
270.78
270.80
271.13
271.26
271.44
271.66
271.67
271.77
272.06
272.62
273.37
273.46
273.49
273.56
273.93
274.40
274.41
274.42
274.55
274.61
274.65
274.68
275.25
275.49
275.64
275.94
275.95
275.95
276.07
276.52
276.83
277.18
277.19
277.41
277.74
277.91
278.03
278.09
278.19
278.23
278.34
278.35
278.43
278.46
278.51
278.56
278.83
278.84
279.03
279.10
279.38
279.47
279.65
279.67
280.11
280.22
280.52
280.67
281.34
281.42
281.55
281.67
281.78
281.95
282.89
282.90
282.98
283.01
283.08
283.39
283.53
283.55
283.98
284.10
284.11
284.40
284.66
284.81
284.86
284.91
285.02
285.18
285.26
285.45
285.66
285.70
285.75
285.85
286.59
286.86
287.01
287.15
287.21
287.26
287.31
287.38
287.54
287.56
287.62
287.69
287.73
287.76
287.90
287.90
288.11
288.22
289.07
289.11
289.28
289.32
289.54
289.83
289.90
289.97
290.27
290.31
290.48
290.75
290.87
290.88
291.35
291.48
291.56
291.73
292.04
292.14
292.15
292.23
292.34
292.40
292.63
292.83
292.92
293.28
293.30
293.46
293.67
293.79
293.83
293.84
293.86
293.91
294.07
294.24
294.37
294.66
294.70
294.78
294.80
295.21
295.62
295.84
296.10
296.26
296.78
296.93
296.98
297.09
297.10
297.13
297.47
297.72
298.09
298.37
298.38
298.69
298.76
298.97
299.38
299.40
299.54
299.54
299.55
299.71
299.80
299.83
299.86
299.97
300.09
300.29
300.72
301.00
301.10
301.39
301.89
302.20
302.23
302.62
302.63
302.70
302.80
302.96
303.08
303.14
303.21
303.31
303.70
303.94
303.96
303.98
304.13
304.57
304.63
304.86
304.98
305.17
305.23
305.84
305.88
306.04
306.15
306.30
306.41
306.50
306.57
306.68
306.69
306.77
306.93
307.05
307.10
307.67
307.85
308.13
308.17
308.30
308.41
308.45
308.65
308.68
308.91
309.04
309.10
309.24
309.32
309.34
309.44
309.60
309.74
309.75
309.83
309.84
309.86
309.93
309.97
309.99
310.04
310.10
310.39
310.41
310.75
310.76
311.10
311.53
311.84
312.92
313.03
313.11
313.27
313.29
313.83
313.90
313.97
314.03
314.52
314.68
314.69
314.79
314.97
315.04
315.11
315.86
316.33
316.42
316.64
316.95
317.04
317.26
317.26
317.71
317.78
318.27
318.32
318.35
318.40
318.43
318.51
318.62
318.75
318.85
318.93
319.52
319.76
319.86
320.06
320.20
320.55
320.59
321.00
321.02
321.19
321.28
321.53
322.17
322.44
322.45
322.48
322.48
322.69
322.69
322.91
323.14
323.51
323.51
323.55
323.72
324.17
324.24
324.49
325.11
325.22
325.34
325.52
325.57
325.80
326.30
326.77
326.95
327.14
327.25
327.39
327.40
327.44
327.78
328.00
328.02
328.06
328.26
328.87
328.91
329.28
329.51
329.64
329.85
330.13
330.23
330.27
330.33
330.39
330.70
331.53
331.54
331.76
331.76
331.96
332.01
333.01
333.16
333.22
333.77
333.80
333.83
333.92
334.23
334.73
334.74
334.84
335.13
335.14
335.38
335.40
335.48
335.50
335.58
335.63
335.80
336.12
336.12
336.27
336.42
336.64
336.86
337.01
337.61
337.62
337.84
338.00
338.11
338.15
338.68
339.03
339.30
339.33
339.66
339.69
339.92
340.44
340.59
340.65
340.76
340.86
341.25
341.44
341.58
341.60
341.64
341.66
341.77
341.87
341.98
342.06
342.06
342.28
342.32
342.65
342.87
343.22
343.23
343.34
343.36
343.38
343.77
343.83
343.85
343.89
344.01
344.28
344.36
344.36
344.83
344.91
344.92
344.98
345.41
345.49
345.67
345.85
346.14
346.48
346.78
346.86
346.89
346.90
347.01
347.03
347.11
347.44
347.59
347.61
348.34
348.64
348.65
348.94
349.05
349.21
349.32
349.49
349.54
349.77
349.97
350.44
351.15
351.21
351.40
351.64
352.07
352.30
352.31
352.63
352.70
353.18
353.36
353.50
353.51
353.70
353.80
354.08
354.10
354.10
354.62
354.87
354.98
355.35
355.96
356.15
356.36
356.37
357.05
357.17
357.29
357.60
357.65
358.04
358.21
358.34
358.42
358.45
358.47
358.56
358.56
358.90
359.04
359.29
359.58
359.71
359.81
360.46
360.59
361.02
361.09
361.17
361.23
361.28
361.36
361.38
361.47
361.65
361.67
361.67
362.03
362.31
362.43
362.62
362.89
362.91
362.92
363.23
363.34
363.40
363.43
363.56
363.94
364.05
364.12
364.27
364.49
364.70
365.05
365.41
366.23
366.57
366.69
366.84
366.91
367.05
367.23
367.31
367.67
367.76
368.20
368.23
368.62
369.10
369.28
369.36
369.56
369.60
369.60
369.61
369.65
370.05
370.17
370.35
370.47
370.83
370.88
371.24
371.45
371.56
372.14
372.35
372.49
372.69
373.11
373.15
373.37
373.56
373.58
373.80
374.04
374.24
374.44
374.87
374.95
375.02
375.21
375.25
376.03
376.36
376.41
376.42
376.70
376.78
376.89
376.89
377.11
377.15
377.47
377.63
378.09
378.47
378.55
378.77
378.82
378.84
379.04
379.29
379.51
379.57
379.64
379.65
379.91
380.03
380.07
380.15
380.35
380.44
380.50
380.54
380.62
380.66
380.76
381.05
381.11
381.46
381.68
381.87
381.94
382.03
382.15
382.25
382.41
382.52
382.67
383.26
383.36
383.39
383.69
383.72
384.14
384.30
384.71
384.76
385.19
386.11
386.24
386.24
386.94
387.04
387.19
387.22
387.48
387.62
387.63
387.67
387.76
387.94
388.66
388.74
388.74
388.77
389.09
389.38
389.50
389.79
390.01
390.05
390.10
390.32
390.33
390.37
390.44
390.52
390.78
390.87
391.16
391.31
391.33
391.42
391.44
391.85
391.88
392.30
392.39
392.40
392.40
392.46
392.65
393.16
393.41
393.47
393.71
393.99
393.99
394.07
394.14
394.14
394.35
394.44
394.67
394.99
395.11
395.11
395.22
395.27
395.37
396.24
396.26
396.35
396.61
396.68
396.73
396.83
396.88
397.26
397.73
397.73
397.82
397.86
398.07
398.14
398.19
398.25
398.29
398.91
399.01
399.13
399.29
399.31
399.63
399.71
400.12
400.63
400.65
401.04
401.44
401.59
401.82
402.04
402.10
402.11
402.17
402.51
402.81
402.91
403.04
403.18
403.36
403.90
404.36
404.55
404.56
404.65
405.05
405.40
405.69
406.03
406.04
406.19
406.42
406.53
406.89
407.39
407.44
407.70
407.80
407.86
408.28
408.36
408.40
408.50
408.52
408.56
408.82
409.01
409.02
409.18
409.46
409.49
409.55
409.88
410.28
410.53
410.64
411.00
411.09
411.53
411.54
411.71
411.72
411.93
412.22
412.47
412.55
412.61
412.70
412.88
412.91
412.97
413.28
413.34
413.63
413.85
413.98
414.60
415.24
415.41
415.51
416.22
416.39
416.52
416.94
417.08
417.40
417.67
417.84
418.75
418.89
419.00
419.72
420.96
421.01
421.08
421.19
421.60
421.74
421.77
421.85
421.89
422.00
422.20
422.55
422.85
422.93
423.03
423.03
423.08
423.22
423.78
424.01
424.22
424.25
424.26
424.35
424.40
424.43
424.44
424.90
424.98
425.25
425.25
425.47
425.52
425.78
426.06
426.48
426.61
426.68
427.11
427.12
427.26
427.49
428.15
428.46
428.77
429.03
429.10
429.24
429.32
429.64
430.07
430.58
430.67
430.75
431.17
431.21
431.94
431.98
432.41
432.51
432.55
432.79
433.02
433.41
433.66
433.75
433.89
434.18
434.38
434.77
435.70
435.76
436.09
436.26
436.26
436.28
437.08
437.38
437.45
437.50
437.53
437.76
437.88
438.05
438.10
438.17
438.19
438.25
438.42
438.52
438.53
438.72
438.82
438.88
439.08
439.14
439.46
439.60
439.67
440.33
440.51
440.92
441.03
441.20
441.25
441.30
441.36
441.43
441.73
441.98
442.07
442.09
442.26
442.77
443.59
443.74
444.65
444.86
445.24
445.35
445.68
445.74
445.93
445.94
446.59
446.86
446.96
446.98
447.23
447.41
447.55
447.58
447.78
448.24
448.27
448.30
448.47
448.63
448.70
448.91
449.24
449.83
449.84
449.99
450.16
450.26
450.77
450.83
450.90
450.94
451.11
451.30
452.25
452.64
453.07
453.24
453.27
453.55
453.96
453.99
454.64
454.98
455.12
455.43
455.47
455.49
455.63
455.91
455.94
455.95
456.74
456.81
456.82
456.87
457.21
457.57
458.08
458.47
458.64
458.67
459.17
459.20
459.33
459.36
459.46
459.76
460.32
460.35
460.40
460.59
461.01
461.15
461.33
461.66
461.72
461.81
461.88
462.01
462.38
462.49
462.56
462.73
462.77
463.19
463.43
463.44
463.67
463.93
464.27
464.65
464.78
464.96
464.99
465.15
465.22
465.65
465.67
465.96
466.00
466.74
466.83
467.26
467.41
468.10
468.12
468.23
468.42
468.61
468.70
468.88
468.93
469.17
469.35
469.40
469.42
469.74
470.43
470.45
470.63
471.08
471.12
471.21
471.52
471.64
471.71
471.86
472.08
472.09
472.31
472.50
472.57
472.64
472.74
472.76
472.81
472.82
473.27
473.40
473.86
473.88
474.12
474.14
474.61
475.04
475.54
475.65
475.96
476.78
476.94
477.06
477.12
477.36
477.60
477.73
477.76
477.82
477.91
478.18
478.35
478.42
478.62
478.68
479.21
479.36
479.49
479.76
479.91
480.29
480.51
480.73
480.76
480.92
481.07
481.42
481.84
481.85
481.93
482.26
482.33
482.36
482.60
482.81
482.92
483.10
483.53
483.72
483.86
483.94
484.14
484.16
484.19
484.34
485.15
485.16
485.21
485.57
485.74
485.86
485.99
486.03
486.15
486.43
486.79
486.99
487.22
487.23
487.76
487.91
488.23
488.32
488.35
488.58
488.81
488.87
489.11
489.24
489.73
490.32
490.82
490.93
491.14
491.47
491.97
491.98
491.99
492.59
492.59
493.15
493.33
493.36
493.42
493.65
493.68
493.75
493.82
494.04
494.05
494.19
494.93
495.19
495.51
495.61
495.68
495.97
496.16
496.45
496.53
497.57
497.70
497.84
498.08
499.11
499.18
499.38
499.45
499.56
499.92
500.06
500.44
500.53
500.93
501.00
501.03
501.12
502.05
502.14
502.52
502.74
502.74
503.23
503.23
503.51
503.72
503.92
504.30
504.59
504.73
505.00
505.29
505.57
505.62
505.75
505.75
505.91
506.17
506.26
506.44
506.61
506.78
507.19
507.55
507.59
507.69
507.90
507.94
508.05
508.10
508.53
509.03
509.04
509.33
509.41
509.56
509.69
509.70
509.84
509.85
510.03
510.22
510.56
510.57
511.05
511.29
511.33
511.38
511.41
511.79
511.86
512.01
512.08
512.25
512.70
512.86
512.99
513.22
513.82
514.18
514.42
515.31
515.53
515.76
515.90
515.98
516.07
516.08
516.50
516.53
516.56
516.58
516.69
516.89
517.10
518.11
518.44
518.47
518.96
519.07
519.67
520.04
520.28
520.37
520.40
520.57
520.58
520.61
521.51
521.79
522.11
522.48
522.65
522.91
523.00
523.08
523.37
523.43
523.51
524.22
524.39
525.12
525.16
525.81
526.36
526.37
526.48
526.48
526.59
526.84
527.26
527.54
527.56
528.04
528.59
528.62
528.74
529.13
529.27
529.59
530.10
530.15
530.61
530.99
531.21
531.33
531.59
531.67
531.78
531.83
532.02
532.44
532.48
533.04
533.10
533.19
533.69
534.26
534.93
534.98
535.07
535.49
535.54
535.63
535.74
535.90
535.98
536.11
536.38
536.38
536.43
536.76
536.86
537.06
537.11
537.26
537.27
537.33
537.41
537.52
537.76
537.93
538.96
539.03
539.37
539.43
539.54
539.91
539.94
540.03
540.93
541.41
541.46
541.87
542.00
542.11
542.76
543.30
543.65
544.30
544.51
544.67
544.69
545.00
545.15
545.24
545.34
546.46
546.56
546.80
546.87
546.95
547.06
547.15
547.15
547.33
547.40
548.43
548.50
548.53
548.59
548.94
549.13
549.51
550.09
550.38
550.85
550.91
551.25
551.35
551.81
551.90
551.93
552.95
552.97
553.06
553.36
553.70
554.23
554.42
554.63
555.08
555.14
555.41
555.73
555.79
556.03
556.29
556.30
556.36
556.37
556.39
557.00
557.28
557.46
557.72
557.80
557.82
558.02
558.20
558.36
559.35
559.57
559.59
559.81
559.96
560.02
560.05
560.13
560.33
560.41
561.21
561.25
561.58
561.84
562.30
562.48
562.62
562.98
563.25
563.42
563.48
563.51
563.76
564.15
564.18
564.32
564.60
565.34
565.40
565.56
565.73
566.12
566.13
566.26
566.43
566.85
567.04
567.44
567.53
567.56
567.67
567.72
567.82
568.06
568.33
568.52
568.55
568.77
568.88
569.22
569.46
569.76
570.07
570.12
570.27
570.47
570.57
570.66
570.80
570.93
570.98
571.12
571.25
571.33
571.61
571.63
571.88
571.90
571.93
572.13
572.25
572.32
572.93
572.93
572.94
573.06
573.08
573.25
573.67
573.88
573.89
573.89
574.22
574.53
574.69
575.11
575.30
575.47
575.78
575.88
576.14
576.21
576.31
576.58
577.22
577.26
577.61
578.51
579.20
579.24
579.33
579.37
579.82
580.54
581.13
581.48
581.64
581.68
581.81
581.90
581.97
582.37
582.37
582.63
582.68
583.26
583.57
583.66
583.66
583.71
583.97
584.06
584.56
584.68
584.70
584.86
584.88
584.96
585.26
585.30
585.66
585.70
586.06
586.13
586.14
586.21
586.29
586.60
586.69
587.06
587.65
588.04
588.09
588.33
588.40
588.86
589.13
589.25
589.30
589.30
589.44
590.12
590.23
590.30
590.47
590.68
591.50
591.74
591.96
592.33
593.24
593.48
593.73
594.05
594.10
594.19
594.25
594.63
594.65
594.69
594.88
594.99
595.21
595.30
595.45
595.49
595.90
595.97
596.08
596.33
596.82
596.86
597.00
597.20
597.22
597.45
597.48
597.66
597.94
597.97
598.06
598.19
598.52
598.93
599.24
599.57
599.58
599.62
599.83
600.06
600.24
600.27
601.09
601.16
601.61
601.75
601.84
601.91
602.00
602.04
602.51
602.55
602.70
602.76
602.94
603.19
603.75
603.76
603.83
604.18
604.32
604.40
604.51
604.53
604.96
605.07
605.30
605.47
605.49
605.85
605.88
606.06
606.10
606.35
606.35
606.71
606.76
607.21
607.23
607.82
607.86
607.98
608.21
608.22
608.23
608.42
608.57
609.04
609.23
609.24
609.43
609.44
609.65
609.68
609.99
610.42
610.45
610.83
610.99
611.17
611.33
611.48
612.43
612.70
612.74
612.82
612.97
613.04
613.05
613.14
613.19
613.48
614.17
614.41
614.86
614.91
615.15
615.29
615.32
615.43
615.57
615.89
615.98
616.27
616.80
616.87
616.88
617.13
617.19
617.52
617.61
617.62
617.64
618.94
619.28
619.47
619.67
619.80
619.97
620.07
620.13
620.42
620.49
620.99
621.30
621.42
621.44
621.69
621.80
621.99
622.00
622.01
622.06
622.49
622.59
622.61
623.21
623.47
623.48
623.71
624.44
624.50
624.59
624.80
624.99
625.20
626.08
626.77
626.78
627.03
627.06
627.50
627.63
627.71
627.89
627.90
628.33
628.57
628.73
628.74
628.79
628.91
629.35
629.46
630.03
630.03
630.18
630.25
630.27
630.48
630.53
630.72
630.75
630.89
631.06
631.13
631.13
631.14
631.24
632.21
632.34
632.45
632.73
633.18
633.41
633.42
633.44
633.60
633.88
634.08
634.19
634.63
634.90
634.90
634.91
635.28
635.67
635.81
635.89
636.62
636.65
636.72
636.76
636.94
637.00
637.06
637.29
637.54
637.66
638.16
638.42
638.53
638.59
638.73
639.01
639.13
639.33
639.71
639.87
640.01
640.66
640.83
640.89
641.25
641.65
642.39
642.43
643.09
643.18
643.18
643.32
643.52
643.68
643.87
644.44
644.76
645.23
645.23
645.37
645.41
645.82
645.97
646.11
646.31
646.50
646.76
647.52
648.02
648.16
648.23
648.24
648.91
649.28
649.31
650.09
650.23
650.30
650.52
650.87
651.16
651.25
651.34
651.35
651.35
651.48
651.62
651.64
651.67
651.76
652.00
652.20
652.70
653.30
653.67
653.82
654.16
654.29
654.30
654.39
654.44
654.48
654.68
655.05
655.34
656.08
656.54
656.87
657.40
657.49
657.54
657.84
658.51
658.67
658.81
658.83
658.89
659.78
659.95
660.18
660.25
660.28
660.30
660.31
660.34
660.54
660.58
660.70
660.77
660.77
660.88
661.00
661.02
661.46
661.46
661.53
661.54
661.57
661.69
661.78
661.94
661.94
661.98
662.06
662.16
662.29
662.46
663.00
663.28
663.43
663.47
663.53
664.20
664.28
664.44
664.45
664.76
664.94
665.47
665.48
665.48
665.63
665.81
665.85
666.10
666.24
666.72
667.23
667.85
667.90
668.08
668.30
668.97
669.24
669.50
669.59
669.68
669.70
669.82
670.08
670.50
670.91
671.35
671.67
671.73
672.22
672.53
672.88
672.94
673.15
673.34
673.41
673.43
673.76
673.81
674.48
674.62
675.03
675.05
675.16
675.20
675.37
675.51
676.09
676.34
676.58
676.96
677.20
677.46
677.78
678.24
678.36
678.37
678.39
678.39
678.41
678.68
679.36
679.39
679.90
680.63
681.24
681.59
681.72
681.97
682.13
682.38
682.54
682.69
682.77
683.57
683.67
683.68
683.88
684.26
684.30
685.25
685.59
685.99
686.04
686.90
687.20
687.24
687.47
687.91
688.02
688.09
688.16
688.39
688.39
688.93
689.08
689.16
689.20
689.28
689.57
689.59
690.31
690.73
690.73
690.82
690.83
691.47
691.73
692.17
692.29
692.41
692.69
693.10
693.20
693.44
693.81
694.15
694.22
694.51
695.53
695.57
695.75
695.90
695.98
696.41
696.64
697.13
697.20
697.36
697.42
697.68
697.85
697.95
697.98
698.14
698.22
698.36
698.52
698.60
698.96
699.26
699.38
699.59
699.93
700.09
700.32
700.59
701.17
701.34
701.43
701.47
701.91
701.98
702.49
702.71
702.81
703.27
703.62
703.64
703.72
703.73
703.76
703.85
703.91
704.26
704.29
704.55
705.12
705.14
705.37
705.42
705.68
705.75
705.77
705.84
706.31
706.64
706.71
706.75
706.88
707.05
707.53
707.55
707.72
708.08
708.30
708.34
708.36
708.84
708.90
708.95
709.21
709.36
709.69
709.85
709.93
709.96
709.99
710.02
710.04
710.05
710.06
710.09
710.12
710.36
711.29
711.50
711.53
711.72
712.26
712.49
712.52
712.94
713.07
713.34
713.50
713.64
714.17
714.35
714.53
714.67
715.15
715.37
715.68
715.84
715.99
716.25
716.40
716.52
716.55
716.60
716.70
717.48
717.51
717.74
717.79
717.99
718.03
718.26
718.31
718.31
718.47
718.92
718.92
718.96
719.02
719.02
719.13
719.13
719.42
719.49
719.92
720.20
720.42
720.43
721.32
721.56
721.93
722.10
722.11
722.17
722.33
722.81
722.93
722.93
723.72
723.87
724.53
724.96
724.98
725.37
725.48
726.06
726.37
726.52
726.80
726.83
726.97
727.15
727.25
727.70
728.08
728.14
728.33
728.35
728.74
729.61
729.90
729.99
730.31
730.64
731.22
731.98
732.17
732.25
732.25
732.28
732.36
732.48
732.76
732.82
733.21
733.58
733.82
734.20
734.28
734.64
734.78
734.84
735.40
735.94
736.58
736.74
737.09
737.12
737.54
737.96
738.36
739.09
739.11
739.47
739.63
739.75
740.03
740.21
740.42
740.86
740.92
741.28
741.32
741.34
741.90
742.90
743.09
743.40
744.78
744.85
745.39
745.60
745.70
745.73
745.85
745.89
746.01
746.19
746.41
746.51
746.52
747.35
747.55
747.58
748.17
748.30
748.55
748.68
748.73
748.79
749.03
749.20
749.80
751.56
751.77
752.01
752.21
752.56
752.58
752.76
753.05
753.14
753.97
754.29
754.50
754.65
754.73
755.45
755.64
755.72
755.76
755.90
756.01
756.16
756.89
756.96
757.30
757.35
757.45
757.78
757.87
757.97
758.07
758.31
758.35
758.48
758.54
758.74
759.43
759.65
759.85
759.88
759.97
760.35
760.38
760.69
760.89
760.96
761.00
761.02
761.24
761.38
761.64
761.84
762.20
762.31
762.48
762.62
762.63
762.67
762.71
763.00
763.60
763.61
763.95
764.43
764.61
764.95
765.38
765.60
765.72
766.11
766.18
766.23
767.05
767.43
767.96
768.91
769.28
769.28
769.39
769.68
770.66
770.71
770.83
770.94
771.00
771.07
771.18
771.27
771.42
771.53
771.65
771.73
771.81
772.26
772.35
773.08
773.13
773.25
773.91
774.00
774.38
774.43
775.56
776.01
776.46
776.93
777.32
777.58
777.72
777.79
777.80
777.87
777.93
778.67
778.89
779.30
779.37
779.81
780.27
780.51
780.89
781.60
782.35
782.75
782.85
783.19
783.47
785.42
786.85
787.14
787.17
787.22
787.57
788.01
788.21
788.30
789.06
789.28
789.79
789.92
790.08
790.65
790.66
791.46
791.52
791.77
791.82
792.05
792.26
792.28
792.31
792.32
792.33
792.59
792.65
792.89
793.03
793.34
793.40
793.47
793.59
793.80
793.84
794.04
794.19
794.23
794.55
794.74
795.13
796.10
796.22
796.25
797.00
797.52
797.79
798.25
798.54
798.55
798.62
798.74
799.69
799.77
799.82
800.19
800.20
800.29
800.37
800.93
801.00
801.04
801.57
801.70
801.88
802.08
802.11
802.18
802.31
803.36
803.50
803.62
803.66
803.72
803.92
804.03
804.27
804.52
804.54
804.96
805.22
805.71
806.11
806.33
807.87
807.98
808.21
808.21
809.02
809.10
809.17
809.25
809.38
809.50
809.87
809.91
810.24
810.90
811.01
811.10
811.20
811.48
812.33
812.79
812.98
813.52
813.52
813.60
813.89
814.25
814.31
814.32
814.37
814.44
814.66
814.66
815.10
815.37
815.68
815.77
815.89
816.39
816.60
817.12
817.22
817.35
817.93
818.06
818.62
818.97
819.00
819.06
819.24
819.28
819.64
820.47
820.66
821.01
821.70
821.95
822.07
822.62
823.14
823.64
823.74
823.87
824.05
824.26
824.95
825.10
825.21
825.64
826.65
826.93
827.40
827.44
827.73
828.25
828.87
829.31
829.36
829.46
829.90
830.56
830.87
830.89
830.95
830.97
831.22
831.54
832.09
832.22
832.43
832.45
832.75
832.81
832.93
833.21
833.22
833.33
833.66
833.95
834.00
834.58
834.62
835.02
835.68
836.07
836.42
836.53
836.57
836.75
836.85
836.98
837.02
837.54
837.56
837.75
837.78
837.82
838.23
838.46
838.78
838.90
839.07
839.13
839.56
839.89
840.36
841.03
841.74
841.78
842.02
842.25
842.50
843.32
843.38
843.48
843.61
844.01
844.48
844.65
845.16
845.48
845.70
846.32
846.52
846.64
846.91
847.01
847.15
847.62
848.37
848.46
848.92
848.98
849.16
849.80
849.81
849.88
850.11
850.86
850.98
850.99
851.11
851.26
851.55
851.60
851.75
851.77
851.78
852.02
852.10
852.32
852.70
852.80
853.33
853.66
853.80
854.58
854.64
855.26
855.35
855.46
855.63
855.86
856.15
856.44
856.56
857.61
857.65
857.81
857.83
858.00
858.21
858.27
858.60
858.60
859.10
859.14
859.67
860.37
860.43
861.58
861.62
862.04
862.17
863.72
863.92
863.94
865.40
865.45
865.78
865.81
865.83
865.93
866.03
866.29
866.69
866.85
866.97
867.16
867.74
868.10
868.49
869.30
869.32
869.37
869.53
869.56
869.57
870.83
870.95
870.96
871.71
872.02
872.35
872.47
872.50
872.57
872.74
873.14
873.76
873.82
874.08
874.46
874.50
874.69
874.75
874.86
875.30
875.81
875.81
875.81
875.86
876.12
876.50
877.05
877.77
877.80
877.98
878.13
878.18
878.22
878.86
879.12
879.25
879.27
879.60
879.71
880.69
880.69
880.79
881.01
881.34
881.38
881.49
881.56
882.21
882.33
882.37
882.55
882.65
882.79
882.99
883.46
883.71
883.74
883.77
884.11
884.21
884.78
885.24
885.42
885.72
885.90
886.48
886.57
887.30
887.71
887.86
888.14
888.33
889.08
889.18
889.87
890.12
891.24
891.34
891.49
892.11
892.90
893.12
893.16
893.35
893.86
894.91
894.95
895.16
895.30
895.94
896.14
896.85
897.01
897.17
897.22
897.63
897.93
898.10
898.51
899.19
899.88
899.89
900.06
900.43
900.86
900.91
901.06
901.30
901.32
902.10
902.70
903.37
904.63
904.89
905.27
905.37
905.40
906.04
906.16
906.21
906.70
906.85
906.86
907.54
907.95
908.69
909.39
909.56
909.74
909.90
910.18
910.42
910.43
910.60
910.64
911.28
911.48
911.79
912.81
912.85
913.16
913.66
914.09
914.15
914.60
914.70
915.30
915.59
915.68
915.74
916.13
916.28
916.64
916.65
916.84
917.17
917.26
918.07
918.33
919.15
919.31
919.52
920.12
920.15
920.33
920.69
921.79
922.61
923.34
923.49
924.14
924.22
924.34
924.49
924.53
925.27
925.34
925.52
925.93
926.09
926.26
926.30
926.61
927.17
927.52
927.70
928.00
928.12
928.24
929.06
929.43
929.77
929.85
929.93
930.36
930.80
930.83
931.45
931.72
931.92
932.06
932.12
932.17
933.16
933.28
933.35
934.45
934.58
934.80
935.17
935.26
935.50
935.80
936.73
936.90
936.99
937.68
937.71
937.91
938.31
938.42
938.88
939.27
939.94
940.01
940.19
940.50
941.47
941.64
941.71
942.83
942.89
943.04
943.11
943.65
943.91
944.10
944.35
944.80
945.04
945.72
945.77
945.80
945.82
946.11
946.49
946.60
947.33
947.40
947.47
947.49
947.84
948.38
949.33
949.34
949.64
949.97
950.24
951.25
951.28
951.52
951.57
951.69
951.89
952.16
952.69
952.97
953.36
953.47
954.17
954.34
955.00
955.28
955.29
955.31
955.47
955.48
956.20
956.57
958.12
958.13
958.24
958.65
958.84
959.20
959.33
959.82
960.09
960.47
960.56
960.69
960.75
960.80
961.00
961.84
962.68
963.01
963.16
963.21
964.06
964.09
964.34
964.36
964.37
964.61
964.66
964.82
965.14
965.29
965.48
966.03
966.04
966.21
966.32
966.93
967.71
967.73
968.10
968.28
969.22
969.44
969.93
970.43
970.54
971.01
971.04
971.07
971.50
971.67
972.72
972.72
973.27
973.42
973.75
973.91
974.07
974.58
974.69
974.71
974.83
975.05
975.29
976.05
976.06
976.17
976.19
976.45
976.67
976.96
977.26
977.44
977.55
977.56
977.70
978.19
978.24
978.24
978.49
979.09
979.19
979.32
979.34
979.36
979.81
980.05
980.16
980.21
980.21
981.35
981.63
981.67
982.12
982.56
982.69
983.83
984.04
984.23
984.43
984.47
984.49
984.64
984.69
984.93
985.06
985.24
986.18
986.28
987.40
987.88
988.16
988.24
988.75
989.41
989.97
990.08
990.17
990.22
990.31
991.10
991.27
991.64
991.83
992.44
992.44
993.11
993.21
993.25
993.43
994.32
994.89
994.90
994.90
995.06
995.10
995.22
995.29
995.77
996.14
996.16
996.27
996.40
996.55
996.66
997.32
997.77
997.92
998.09
998.13
998.31
998.54
998.55
998.91
998.94
999.09
999.17
999.35
1000.02
1000.27
1000.73
1000.79
1001.18
1001.25
1001.40
1001.65
1001.66
1001.79
1001.88
1002.56
1002.72
1003.68
1004.10
1004.33
1004.37
1004.43
1005.55
1005.78
1006.60
1006.66
1006.70
1006.75
1006.93
1007.07
1007.13
1007.43
1007.53
1007.64
1007.93
1008.51
1008.58
1008.84
1008.85
1009.03
1009.38
1010.84
1011.30
1012.08
1012.15
1012.21
1012.26
1012.35
1013.05
1013.10
1014.63
1014.83
1015.10
1015.10
1015.30
1015.85
1016.21
1016.51
1016.90
1016.93
1017.00
1017.19
1018.30
1019.13
1019.33
1019.38
1019.45
1019.50
1019.78
1019.78
1019.79
1020.08
1020.23
1020.23
1020.28
1020.78
1020.78
1020.83
1021.16
1021.60
1022.21
1022.98
1023.34
1024.09
1024.11
1024.53
1025.00
1025.10
1025.93
1025.98
1026.77
1027.13
1027.33
1027.34
1027.41
1028.24
1028.37
1028.63
1028.68
1028.80
1028.88
1029.19
1029.26
1029.62
1029.98
1029.98
1030.67
1031.25
1031.56
1031.82
1031.82
1031.85
1032.38
1032.41
1032.47
1033.75
1034.05
1034.63
1034.64
1035.23
1035.32
1035.78
1036.04
1036.51
1037.19
1037.32
1037.34
1037.68
1037.80
1038.02
1038.19
1039.63
1040.30
1040.35
1040.96
1041.11
1041.15
1042.10
1042.28
1042.82
1043.06
1044.82
1044.99
1045.23
1045.42
1045.53
1045.75
1045.98
1046.03
1046.10
1046.48
1046.71
1047.05
1047.06
1047.41
1048.32
1048.50
1048.67
1048.74
1048.89
1049.26
1049.60
1049.73
1049.88
1049.92
1051.08
1051.17
1051.27
1051.29
1051.35
1051.52
1051.86
1051.92
1051.94
1051.97
1052.34
1052.48
1052.75
1053.24
1053.40
1053.41
1053.75
1053.90
1054.07
1054.26
1054.83
1054.91
1055.05
1055.48
1055.49
1055.49
1055.64
1055.77
1055.90
1055.93
1056.00
1056.05
1056.09
1057.02
1057.56
1057.76
1058.00
1058.16
1058.18
1059.12
1059.18
1060.40
1060.64
1060.69
1061.23
1061.27
1061.59
1062.06
1062.12
1062.91
1063.05
1063.32
1063.42
1063.80
1064.20
1064.60
1064.83
1065.14
1065.26
1065.66
1065.83
1066.36
1066.65
1066.76
1067.17
1068.06
1068.48
1069.17
1069.20
1069.53
1070.78
1071.52
1071.53
1071.73
1071.80
1072.19
1072.35
1073.23
1073.40
1073.52
1073.95
1075.23
1075.40
1075.93
1076.06
1076.37
1077.10
1077.71
1077.92
1078.31
1078.50
1078.71
1079.31
1079.84
1080.24
1080.26
1080.52
1080.60
1080.75
1081.08
1081.46
1081.82
1081.90
1081.98
1082.28
1082.78
1082.80
1082.80
1082.88
1083.29
1083.71
1083.88
1084.03
1084.69
1084.85
1085.00
1085.04
1085.87
1086.11
1086.40
1086.72
1086.74
1087.07
1087.20
1087.35
1087.50
1087.66
1088.17
1088.67
1088.74
1089.27
1089.32
1089.39
1089.49
1091.16
1091.33
1091.35
1091.37
1091.48
1091.82
1091.89
1091.90
1091.99
1092.46
1093.21
1093.22
1093.34
1093.99
1094.22
1094.60
1094.74
1094.83
1095.29
1095.36
1095.51
1095.95
1096.07
1096.37
1096.49
1096.63
1097.03
1097.14
1097.23
1097.33
1097.50
1097.53
1098.18
1099.21
1099.35
1099.37
1099.79
1099.92
1100.12
1100.41
1101.22
1101.42
1102.01
1102.05
1102.06
1102.20
1102.58
1102.65
1102.96
1103.27
1103.47
1103.71
1104.26
1104.76
1104.88
1105.66
1105.74
1106.78
1107.20
1107.30
1107.34
1107.95
1108.01
1108.41
1108.53
1108.81
1108.86
1109.11
1109.19
1109.48
1109.52
1110.05
1110.41
1110.49
1110.82
1111.10
1111.12
1111.19
1111.32
1111.83
1112.01
1112.32
1112.52
1113.26
1113.26
1113.50
1113.55
1113.96
1114.04
1114.11
1114.54
1114.80
1114.99
1115.19
1115.42
1115.95
1116.13
1116.96
1117.19
1117.64
1118.43
1118.43
1118.91
1119.33
1119.43
1119.82
1120.42
1121.04
1121.26
1122.29
1122.40
1122.47
1122.49
1123.17
1123.28
1123.53
1123.75
1124.97
1125.09
1125.24
1125.50
1125.84
1125.89
1125.93
1126.21
1126.72
1127.10
1127.18
1127.60
1128.43
1128.59
1129.53
1129.91
1130.08
1130.10
1130.62
1130.69
1130.84
1130.84
1131.18
1131.35
1131.38
1132.13
1132.42
1132.53
1132.80
1132.98
1133.48
1133.67
1134.15
1134.61
1134.94
1134.96
1135.08
1135.12
1135.52
1135.59
1135.77
1136.69
1136.69
1136.93
1137.12
1137.43
1138.07
1138.35
1138.95
1139.34
1139.56
1140.45
1140.84
1142.05
1142.94
1144.65
1144.76
1145.13
1145.29
1145.36
1145.37
1145.45
1145.58
1146.19
1146.47
1146.61
1147.20
1147.45
1148.20
1148.64
1149.23
1149.50
1149.64
1149.99
1150.60
1150.81
1151.52
1152.19
1152.33
1152.34
1152.68
1154.16
1154.40
1154.65
1154.66
1154.84
1155.04
1155.10
1155.61
1155.80
1156.04
1156.54
1156.58
1156.71
1158.00
1158.97
1159.33
1159.60
1159.70
1159.72
1160.00
1160.59
1160.88
1161.18
1163.01
1163.50
1164.59
1165.15
1165.52
1165.85
1166.83
1166.93
1167.53
1167.59
1167.94
1168.06
1169.02
1169.33
1169.98
1170.71
1171.02
1172.40
1172.69
1173.68
1174.00
1174.20
1174.74
1175.04
1175.40
1175.72
1175.80
1176.48
1177.22
1177.82
1178.17
1178.79
1179.22
1179.31
1179.40
1179.55
1179.77
1179.79
1180.16
1180.50
1181.12
1181.52
1181.81
1182.04
1182.17
1182.20
1182.84
1183.01
1184.12
1184.19
1184.23
1184.47
1184.58
1185.22
1185.24
1185.26
1185.44
1186.95
1187.59
1187.93
1188.35
1188.47
1189.29
1189.86
1189.97
1190.62
1190.84
1190.90
1191.71
1192.03
1192.46
1193.61
1193.82
1194.40
1194.64
1194.68
1194.99
1195.87
1196.01
1196.26
1196.44
1196.51
1197.30
1197.42
1197.44
1197.71
1198.03
1198.11
1198.14
1198.14
1198.15
1198.66
1198.97
1199.42
1199.43
1199.56
1199.88
1200.06
1200.64
1200.76
1200.90
1200.92
1201.15
1201.16
1201.29
1202.01
1203.65
1204.12
1204.68
1205.48
1205.75
1206.70
1207.38
1207.42
1207.52
1207.68
1208.20
1208.31
1209.64
1210.10
1210.24
1210.69
1211.28
1211.64
1211.87
1212.05
1212.06
1212.08
1212.08
1212.59
1212.61
1212.84
1212.85
1213.55
1213.68
1213.91
1214.69
1215.27
1216.36
1216.96
1217.06
1218.60
1218.64
1218.90
1218.99
1219.02
1219.59
1219.76
1220.31
1220.59
1221.08
1221.70
1222.06
1222.28
1222.89
1222.98
1223.43
1224.04
1224.52
1224.74
1224.92
1224.98
1225.12
1225.27
1225.38
1225.58
1225.92
1226.46
1226.65
1227.17
1227.94
1228.89
1229.39
1231.30
1231.79
1232.01
1233.64
1233.99
1234.04
1234.38
1234.72
1234.96
1236.29
1236.39
1237.16
1237.18
1238.34
1238.43
1238.60
1239.07
1239.13
1239.46
1240.15
1240.16
1240.28
1240.71
1241.13
1241.73
1241.87
1242.31
1243.25
1243.47
1243.75
1244.12
1244.29
1244.61
1244.99
1245.39
1245.70
1245.77
1246.36
1246.68
1246.91
1248.59
1248.93
1249.17
1249.51
1250.26
1250.33
1251.23
1251.29
1251.92
1252.78
1253.39
1254.42
1254.48
1255.01
1255.21
1255.36
1255.80
1256.01
1256.12
1256.54
1256.64
1256.82
1256.94
1257.36
1257.40
1257.97
1258.35
1258.43
1258.57
1259.12
1259.52
1259.67
1259.87
1261.05
1261.15
1261.52
1261.58
1261.72
1261.72
1261.75
1261.82
1262.46
1262.66
1262.73
1262.81
1263.25
1263.58
1263.77
1264.36
1265.17
1266.26
1267.03
1267.07
1267.36
1267.38
1267.77
1268.62
1268.72
1269.29
1269.44
1269.54
1269.80
1270.54
1271.07
1271.49
1272.11
1272.88
1273.05
1273.38
1274.04
1274.09
1274.18
1274.36
1274.37
1274.66
1274.94
1275.03
1275.25
1275.46
1275.51
1275.51
1275.71
1277.38
1277.43
1277.97
1278.06
1278.07
1278.64
1279.01
1280.01
1280.08
1280.30
1280.99
1281.70
1282.66
1282.71
1283.10
1283.16
1283.27
1283.39
1283.67
1283.84
1284.06
1284.16
1284.66
1284.93
1285.52
1285.92
1286.13
1286.14
1286.19
1286.87
1286.92
1287.43
1287.79
1288.36
1288.58
1288.80
1288.94
1290.09
1290.69
1290.77
1290.91
1293.48
1293.75
1294.23
1294.48
1294.76
1295.61
1296.64
1296.97
1297.23
1297.34
1297.68
1297.89
1297.93
1298.45
1298.69
1298.87
1298.88
1298.93
1299.28
1300.16
1300.16
1300.19
1300.29
1300.46
1300.88
1300.88
1302.80
1302.95
1303.06
1303.52
1303.85
1303.87
1304.52
1304.66
1305.76
1306.57
1306.78
1308.12
1308.21
1308.26
1309.20
1309.44
1310.57
1310.87
1312.39
1313.04
1313.44
1313.75
1315.10
1315.37
1315.97
1316.17
1316.78
1316.84
1317.04
1317.15
1317.77
1317.88
1318.95
1319.49
1319.57
1320.17
1320.24
1320.49
1320.67
1321.68
1321.81
1322.32
1322.91
1323.48
1324.03
1324.08
1324.41
1325.60
1325.72
1326.11
1326.67
1327.04
1327.30
1327.41
1327.64
1328.27
1329.42
1329.44
1329.68
1330.99
1331.01
1331.05
1331.24
1331.92
1332.16
1333.10
1333.34
1333.53
1333.66
1334.25
1334.86
1335.06
1335.18
1335.21
1335.73
1336.33
1336.42
1336.98
1337.07
1337.50
1337.66
1339.73
1340.18
1340.31
1340.40
1341.26
1341.29
1341.69
1342.09
1342.32
1342.58
1345.21
1345.24
1345.55
1345.62
1347.83
1348.15
1348.29
1348.59
1348.66
1349.28
1349.88
1350.42
1351.07
1352.30
1352.32
1352.33
1352.73
1352.74
1353.02
1353.03
1353.75
1353.96
1354.41
1354.78
1355.54
1357.58
1357.99
1358.76
1360.02
1360.12
1360.88
1360.88
1361.36
1362.14
1362.38
1362.86
1363.84
1363.93
1364.56
1365.42
1365.92
1366.29
1366.60
1366.98
1367.80
1367.80
1368.06
1368.57
1368.60
1369.09
1369.15
1369.34
1370.03
1370.06
1370.42
1370.45
1370.92
1371.04
1371.52
1371.55
1371.64
1371.76
1372.35
1372.42
1372.94
1373.00
1373.27
1373.72
1374.37
1374.82
1375.08
1375.11
1375.14
1375.77
1376.02
1376.02
1376.14
1376.47
1376.78
1378.30
1378.38
1378.90
1380.32
1381.39
1381.42
1381.47
1381.80
1381.84
1381.95
1382.14
1382.63
1383.04
1383.29
1383.65
1384.34
1384.47
1385.12
1386.11
1386.87
1387.49
1388.33
1389.17
1389.23
1390.78
1391.85
1391.88
1392.15
1392.41
1392.42
1393.81
1394.03
1394.64
1395.47
1395.60
1396.12
1396.43
1396.45
1397.14
1397.95
1398.08
1398.49
1398.49
1399.47
1399.87
1400.49
1400.57
1401.48
1401.54
1401.72
1402.13
1403.31
1404.01
1404.04
1405.59
1405.65
1405.86
1406.23
1406.73
1407.52
1407.78
1408.09
1408.96
1408.99
1409.08
1409.26
1409.58
1409.61
1410.39
1410.71
1410.86
1411.66
1411.70
1412.53
1413.69
1415.04
1415.10
1415.13
1415.63
1415.92
1416.55
1416.74
1416.74
1417.04
1417.20
1418.25
1418.64
1419.68
1420.04
1420.76
1420.97
1421.43
1421.60
1422.67
1424.95
1425.05
1425.45
1425.47
1426.78
1427.23
1427.85
1427.91
1427.94
1428.02
1428.17
1429.64
1430.60
1430.71
1431.42
1431.81
1432.16
1432.75
1432.94
1433.09
1433.34
1435.89
1436.14
1436.37
1436.46
1437.02
1438.53
1438.61
1439.59
1440.24
1440.56
1440.73
1441.23
1441.48
1441.90
1442.49
1442.52
1442.88
1443.29
1443.41
1443.71
1443.79
1444.44
1445.16
1445.55
1445.65
1446.15
1446.32
1446.48
1446.54
1446.69
1447.45
1447.56
1447.63
1447.95
1448.12
1448.20
1448.39
1448.56
1448.65
1448.90
1449.23
1449.45
1450.52
1450.94
1451.04
1451.26
1451.29
1451.57
1451.62
1452.14
1452.21
1452.42
1453.21
1454.26
1454.40
1454.90
1455.03
1455.28
1455.77
1456.12
1456.21
1457.93
1458.17
1458.83
1458.88
1459.29
1459.51
1459.82
1459.87
1460.49
1460.77
1461.09
1461.77
1461.96
1462.20
1462.86
1463.11
1463.49
1464.16
1465.25
1465.65
1467.11
1468.49
1469.11
1469.16
1469.35
1469.65
1469.71
1470.83
1470.87
1470.97
1471.15
1471.32
1471.83
1471.91
1472.47
1473.20
1473.66
1473.87
1473.93
1474.83
1475.18
1475.62
1477.67
1477.83
1477.96
1478.13
1479.35
1481.26
1482.70
1483.04
1483.40
1483.85
1484.05
1484.11
1484.37
1486.26
1487.21
1487.66
1488.42
1488.44
1491.73
1491.79
1491.92
1492.58
1492.71
1492.76
1492.90
1493.02
1493.60
1494.12
1494.71
1494.73
1496.43
1496.46
1497.01
1497.43
1497.87
1499.01
1499.48
1499.82
1500.56
1500.71
1502.30
1502.51
1502.53
1502.86
1502.92
1504.11
1504.40
1505.10
1505.62
1506.09
1506.36
1506.80
1507.02
1507.15
1507.48
1508.00
1508.62
1509.16
1509.60
1510.26
1510.93
1510.99
1511.17
1511.32
1512.04
1512.19
1512.37
1512.79
1513.05
1513.12
1513.20
1513.94
1514.72
1514.74
1515.31
1516.10
1516.58
1517.36
1517.73
1518.55
1518.71
1519.50
1519.71
1519.93
1519.94
1520.26
1523.37
1523.50
1524.01
1524.06
1524.28
1525.00
1525.89
1525.91
1526.40
1526.55
1527.28
1527.48
1528.29
1529.13
1529.83
1529.94
1530.01
1530.08
1530.39
1530.42
1530.80
1530.82
1531.30
1531.42
1531.67
1531.85
1532.38
1533.17
1533.21
1533.42
1533.94
1534.02
1534.17
1535.37
1535.75
1536.06
1536.15
1536.63
1536.96
1537.28
1538.81
1539.16
1539.46
1539.64
1540.01
1540.21
1540.42
1541.89
1543.14
1543.14
1543.39
1545.60
1546.03
1546.08
1546.65
1547.98
1548.26
1548.81
1550.02
1550.34
1550.64
1551.21
1551.73
1552.07
1553.50
1555.09
1555.63
1555.75
1557.43
1557.96
1558.34
1558.63
1558.73
1558.83
1559.71
1559.98
1560.12
1560.64
1561.04
1561.10
1562.09
1562.31
1562.82
1562.84
1562.97
1563.29
1563.75
1563.95
1563.95
1564.04
1564.17
1564.19
1564.44
1564.60
1565.66
1565.90
1565.97
1567.36
1567.54
1567.88
1568.19
1568.36
1568.51
1568.56
1568.78
1568.85
1569.11
1569.41
1569.50
1570.09
1570.24
1570.31
1570.80
1570.91
1570.99
1571.47
1571.48
1571.79
1572.01
1572.06
1574.19
1574.80
1574.96
1575.08
1575.62
1576.15
1576.63
1577.55
1577.94
1578.71
1578.97
1578.98
1579.29
1579.48
1579.65
1579.91
1581.07
1581.15
1581.33
1581.51
1581.60
1581.91
1583.17
1583.23
1583.29
1583.53
1584.68
1585.35
1587.10
1587.39
1588.51
1588.99
1589.49
1589.78
1590.06
1592.30
1593.16
1593.66
1594.55
1595.16
1595.45
1597.01
1597.01
1598.63
1599.41
1599.81
1599.88
1600.81
1601.02
1601.16
1601.18
1601.28
1601.31
1602.94
1603.50
1603.72
1604.31
1605.62
1605.83
1606.19
1606.52
1606.57
1607.18
1608.64
1608.83
1610.16
1610.38
1611.43
1611.66
1612.60
1613.63
1615.85
1616.23
1616.37
1616.81
1616.93
1618.58
1618.72
1619.45
1620.12
1620.15
1620.68
1620.75
1621.07
1621.54
1621.57
1622.08
1623.91
1624.03
1624.45
1624.70
1624.82
1626.62
1626.76
1627.23
1627.59
1627.59
1627.64
1628.71
1629.00
1629.00
1629.28
1629.35
1629.42
1631.09
1631.20
1631.94
1632.42
1632.82
1633.32
1633.48
1634.45
1634.63
1634.77
1635.64
1635.65
1635.69
1636.06
1636.15
1636.33
1636.63
1636.86
1637.44
1637.55
1637.58
1637.67
1637.67
1639.71
1640.07
1640.17
1640.19
1640.74
1640.83
1641.40
1641.50
1643.49
1643.81
1644.22
1644.74
1644.88
1645.49
1646.04
1646.73
1647.59
1647.87
1648.57
1652.07
1653.43
1654.79
1654.81
1655.20
1655.58
1655.79
1656.04
1656.62
1656.85
1657.41
1657.42
1658.54
1658.97
1659.07
1659.38
1659.40
1659.63
1660.22
1660.39
1661.77
1661.89
1662.40
1662.63
1663.01
1663.17
1663.46
1664.97
1665.21
1667.15
1667.28
1668.60
1669.72
1670.93
1671.29
1671.36
1671.94
1672.63
1673.35
1674.28
1675.15
1676.43
1677.45
1678.68
1678.97
1678.97
1678.99
1679.94
1680.16
1680.36
1680.50
1680.72
1680.83
1681.32
1683.36
1683.54
1684.40
1684.63
1684.72
1685.51
1686.40
1687.13
1687.44
1687.50
1688.96
1689.31
1689.42
1689.64
1690.35
1691.19
1691.76
1693.11
1693.42
1693.59
1693.99
1694.67
1694.95
1695.44
1695.64
1696.69
1696.76
1697.37
1698.12
1698.19
1698.43
1698.43
1698.49
1699.81
1699.92
1700.12
1700.49
1702.39
1703.90
1704.49
1705.49
1705.54
1705.74
1706.30
1708.05
1708.33
1708.52
1708.57
1708.68
1708.88
1709.05
1709.35
1709.64
1709.66
1709.81
1711.03
1711.35
1711.62
1712.25
1712.27
1712.74
1712.77
1712.85
1713.03
1713.09
1713.75
1713.88
1714.64
1715.09
1715.26
1715.29
1716.04
1717.75
1718.40
1718.62
1719.12
1719.57
1719.77
1720.41
1721.60
1722.08
1722.34
1722.36
1723.27
1723.82
1723.83
1724.00
1725.70
1726.41
1726.60
1726.60
1727.01
1727.61
1728.97
1730.17
1730.22
1730.67
1731.09
1731.33
1731.35
1732.19
1732.23
1733.28
1733.28
1734.18
1734.65
1735.47
1735.94
1736.56
1736.60
1737.18
1738.41
1738.43
1738.71
1738.90
1739.29
1739.93
1740.12
1740.53
1740.76
1740.93
1741.63
1741.72
1741.80
1741.96
1742.06
1742.30
1744.06
1744.47
1745.08
1747.23
1747.42
1747.69
1748.08
1749.12
1749.31
1750.03
1750.77
1750.77
1751.41
1751.93
1752.36
1752.72
1754.92
1755.42
1755.68
1756.71
1756.92
1757.01
1757.03
1757.24
1757.68
1759.20
1760.10
1760.51
1760.93
1761.07
1761.09
1761.52
1763.41
1763.57
1764.31
1765.05
1765.32
1765.84
1766.22
1767.27
1767.86
1768.17
1768.36
1768.63
1768.84
1769.13
1769.16
1769.20
1769.97
1770.72
1771.18
1772.82
1773.21
1773.67
1774.38
1774.49
1774.84
1775.45
1775.65
1775.82
1775.90
1776.80
1776.86
1777.63
1779.42
1780.09
1780.84
1781.01
1781.69
1781.90
1782.42
1782.69
1782.75
1782.87
1783.35
1785.82
1786.05
1786.07
1786.42
1786.57
1786.69
1786.69
1787.10
1787.17
1787.89
1787.95
1788.43
1790.71
1790.95
1792.81
1792.83
1793.20
1793.37
1793.80
1794.32
1794.42
1794.96
1796.38
1796.75
1796.89
1796.96
1797.49
1797.86
1797.96
1798.68
1801.29
1801.52
1801.77
1802.57
1803.14
1805.15
1806.09
1806.56
1806.95
1806.99
1807.83
1808.14
1808.79
1809.18
1810.39
1812.74
1813.21
1813.59
1815.81
1816.30
1816.81
1816.87
1817.28
1818.01
1820.21
1820.47
1822.16
1822.62
1822.99
1823.29
1824.39
1826.70
1827.16
1830.22
1830.72
1831.51
1831.55
1831.59
1832.13
1832.72
1833.34
1833.53
1833.63
1834.65
1834.96
1835.66
1835.88
1836.04
1836.19
1836.37
1836.93
1837.55
1838.08
1838.46
1839.54
1839.63
1839.89
1840.51
1841.43
1841.87
1843.20
1843.64
1844.26
1844.52
1844.86
1845.94
1846.15
1846.51
1846.61
1847.13
1847.89
1848.27
1849.25
1849.49
1850.05
1851.04
1851.10
1851.40
1852.04
1852.32
1852.80
1853.44
1853.74
1853.82
1854.02
1854.74
1854.86
1855.03
1855.17
1855.35
1856.71
1856.93
1857.33
1859.57
1861.28
1861.46
1862.47
1864.97
1865.27
1865.45
1866.42
1866.50
1868.08
1868.62
1868.64
1868.74
1868.76
1869.03
1869.41
1869.57
1869.82
1870.00
1870.38
1871.52
1872.14
1872.20
1873.91
1874.07
1874.47
1874.76
1875.73
1875.85
1876.97
1877.91
1878.43
1878.62
1878.66
1878.80
1878.88
1879.39
1879.88
1880.14
1880.35
1880.57
1881.02
1883.05
1883.52
1883.99
1884.58
1885.01
1886.54
1886.62
1887.34
1888.26
1888.68
1889.40
1890.44
1891.08
1891.32
1891.65
1892.16
1893.29
1893.78
1894.42
1895.26
1895.40
1895.46
1896.98
1897.20
1897.60
1897.70
1899.07
1899.38
1899.69
1901.15
1901.95
1905.10
1905.76
1906.61
1906.75
1907.08
1907.95
1909.40
1910.02
1910.99
1911.05
1911.32
1911.71
1912.54
1913.78
1914.61
1915.13
1915.52
1915.54
1916.35
1916.77
1916.79
1917.41
1917.41
1917.68
1918.16
1918.53
1918.92
1922.81
1922.89
1923.48
1924.10
1925.22
1926.47
1926.72
1926.91
1926.91
1927.08
1927.18
1927.96
1928.75
1929.35
1929.42
1929.69
1929.79
1929.88
1930.63
1930.90
1931.13
1931.53
1931.55
1931.61
1932.28
1932.40
1933.20
1933.22
1933.76
1934.58
1936.65
1936.99
1937.47
1937.57
1937.83
1938.71
1938.85
1938.96
1938.96
1939.06
1939.84
1940.05
1940.09
1940.39
1941.29
1941.84
1941.94
1942.53
1942.84
1943.85
1944.17
1944.40
1944.67
1944.76
1944.82
1945.64
1946.32
1949.79
1950.11
1950.81
1950.85
1951.65
1951.82
1952.50
1952.92
1953.26
1953.38
1953.93
1954.04
1954.55
1954.67
1955.10
1955.60
1955.96
1956.73
1957.51
1958.67
1959.59
1959.99
1961.07
1961.30
1961.43
1961.96
1963.30
1963.45
1964.74
1964.79
1966.47
1966.79
1966.81
1967.77
1968.00
1969.23
1969.70
1969.83
1970.26
1970.92
1971.79
1972.43
1973.78
1973.89
1974.33
1974.59
1974.76
1975.83
1976.13
1977.63
1978.01
1980.39
1980.75
1981.01
1982.10
1982.53
1983.71
1985.82
1986.14
1987.49
1988.10
1989.24
1989.28
1989.32
1989.56
1989.58
1989.62
1989.75
1991.28
1991.97
1992.12
1992.55
1992.58
1992.70
1993.22
1993.50
1994.34
1994.84
1994.97
1995.03
1995.06
1995.75
1996.70
1997.09
1997.13
1997.26
1997.65
1997.91
1998.12
1999.25
1999.29
2000.87
2002.06
2003.56
2003.77
2003.80
2004.21
2004.53
2005.14
2005.36
2006.18
2006.29
2006.53
2007.29
2007.33
2007.40
2007.48
2009.07
2009.14
2009.27
2010.16
2011.22
2011.96
2012.01
2012.16
2013.01
2013.79
2014.58
2015.12
2015.34
2015.41
2016.50
2016.54
2018.42
2019.34
2019.77
2020.36
2020.80
2022.55
2025.02
2025.73
2025.86
2026.14
2026.25
2026.41
2027.08
2027.19
2027.19
2027.90
2028.80
2028.88
2028.88
2029.35
2029.37
2029.72
2030.79
2031.12
2031.78
2031.89
2031.94
2031.98
2032.91
2033.28
2034.16
2035.33
2036.32
2036.32
2036.98
2039.43
2040.53
2040.80
2041.04
2041.88
2041.90
2042.19
2042.56
2044.09
2044.69
2046.21
2047.98
2048.18
2048.83
2048.83
2049.54
2050.71
2050.78
2050.89
2053.11
2053.31
2054.31
2055.29
2055.78
2056.00
2056.60
2056.62
2057.11
2057.36
2057.67
2057.82
2058.83
2059.23
2059.61
2060.25
2060.43
2060.65
2060.77
2061.52
2062.19
2063.13
2063.42
2063.91
2064.34
2064.92
2066.26
2066.79
2067.82
2068.16
2068.18
2068.58
2069.57
2069.95
2071.63
2071.79
2071.83
2074.43
2074.55
2077.29
2079.26
2079.33
2079.47
2079.87
2081.29
2081.81
2082.44
2087.79
2088.03
2089.44
2090.43
2090.66
2090.68
2091.45
2093.10
2093.92
2094.48
2095.05
2095.30
2095.98
2096.21
2096.52
2096.89
2098.36
2098.52
2099.41
2101.86
2103.32
2105.07
2105.66
2106.78
2107.14
2107.49
2107.67
2108.95
2108.99
2109.47
2110.84
2110.93
2111.21
2111.41
2111.53
2112.26
2113.24
2114.18
2114.96
2114.98
2116.15
2116.33
2116.58
2116.60
2117.15
2117.22
2117.57
2118.28
2118.78
2119.15
2119.63
2119.84
2121.10
2121.12
2121.21
2121.26
2122.80
2122.98
2123.21
2123.23
2123.53
2125.28
2125.74
2126.15
2127.07
2127.76
2127.81
2130.32
2130.44
2130.48
2130.85
2131.80
2132.05
2132.44
2133.00
2133.48
2136.00
2136.37
2136.41
2136.71
2136.92
2139.12
2140.30
2140.93
2141.16
2142.55
2143.64
2145.54
2145.91
2147.93
2148.70
2149.44
2149.86
2150.56
2151.54
2156.13
2156.13
2156.34
2156.71
2156.71
2156.88
2158.63
2159.40
2159.77
2159.98
2160.33
2161.01
2163.00
2163.02
2165.25
2165.25
2165.69
2167.03
2167.83
2169.16
2170.71
2172.69
2174.43
2174.47
2175.30
2178.34
2178.59
2179.23
2180.22
2180.43
2180.91
2181.47
2181.52
2181.57
2182.04
2182.32
2182.77
2182.77
2184.54
2185.56
2185.82
2186.48
2190.53
2191.24
2191.74
2192.02
2194.42
2194.59
2195.09
2195.66
2196.51
2197.20
2198.79
2199.96
2200.37
2200.39
2201.29
2202.51
2203.68
2203.96
2204.42
2204.92
2205.04
2205.30
2205.87
2206.02
2206.52
2206.56
2206.61
2206.85
2207.73
2208.21
2210.65
2210.87
2212.04
2212.18
2214.03
2214.41
2214.65
2216.45
2216.69
2218.46
2218.49
2218.61
2218.73
2218.85
2219.16
2220.17
2220.26
2220.26
2221.13
2222.04
2222.35
2224.16
2224.18
2224.71
2225.39
2225.89
2227.00
2227.65
2227.75
2228.42
2230.57
2231.17
2232.09
2232.33
2233.06
2234.05
2235.01
2235.04
2235.13
2236.01
2236.15
2237.46
2237.68
2239.39
2242.52
2243.27
2244.32
2245.51
2246.26
2246.65
2246.72
2247.99
2248.04
2251.10
2251.59
2252.40
2252.76
2253.25
2254.91
2255.18
2255.76
2255.76
2257.20
2259.38
2259.40
2260.18
2260.21
2261.60
2261.70
2261.90
2262.02
2262.48
2263.17
2263.49
2263.90
2265.64
2266.13
2267.51
2267.95
2268.46
2268.93
2269.18
2269.30
2269.86
2269.94
2272.57
2273.82
2274.02
2274.12
2275.15
2275.62
2277.79
2283.07
2286.60
2286.65
2286.70
2288.18
2288.93
2289.57
2290.41
2291.21
2292.17
2292.30
2292.65
2292.65
2294.28
2294.78
2296.72
2297.04
2297.06
2298.58
2299.00
2299.23
2299.40
2299.95
2299.95
2301.27
2301.44
2302.14
2302.79
2303.09
2303.36
2303.66
2304.23
2304.43
2304.61
2305.58
2306.23
2306.38
2307.43
2307.68
2308.13
2308.78
2309.53
2310.43
2311.08
2311.50
2312.43
2312.58
2312.85
2312.85
2313.35
2315.03
2315.08
2316.28
2316.71
2317.11
2317.44
2317.51
2318.14
2318.94
2319.69
2320.12
2320.70
2321.27
2321.78
2322.66
2323.61
2324.87
2325.40
2325.62
2328.04
2328.34
2328.59
2328.80
2328.97
2330.18
2330.79
2331.47
2331.60
2331.60
2334.47
2334.65
2336.90
2344.12
2344.37
2348.23
2348.28
2348.64
2350.06
2350.26
2350.36
2358.16
2360.25
2360.84
2361.94
2361.96
2363.32
2363.83
2365.08
2365.65
2367.34
2368.10
2368.39
2368.87
2369.13
2369.92
2370.39
2371.16
2371.62
2371.64
2372.87
2373.47
2375.34
2376.57
2378.32
2378.48
2379.02
2380.02
2380.10
2382.24
2382.42
2385.33
2386.39
2386.68
2387.61
2389.31
2389.36
2389.54
2390.50
2390.53
2391.43
2392.39
2392.70
2394.49
2397.88
2398.40
2402.01
2402.95
2403.52
2405.16
2405.34
2405.37
2405.78
2407.35
2409.48
2409.90
2410.50
2411.28
2411.88
2412.30
2412.59
2414.34
2415.30
2416.40
2417.13
2418.99
2419.12
2419.38
2420.54
2420.56
2421.58
2422.37
2422.68
2423.16
2424.13
2424.68
2424.89
2425.28
2427.57
2427.72
2428.14
2430.64
2430.69
2432.19
2432.22
2432.30
2432.98
2434.64
2435.30
2436.80
2437.17
2437.28
2437.65
2438.54
2438.67
2439.26
2439.99
2440.15
2440.50
2441.16
2441.95
2442.13
2443.19
2443.32
2443.43
2444.43
2444.62
2445.04
2445.28
2445.99
2447.19
2448.09
2448.64
2448.72
2449.12
2449.68
2449.73
2450.21
2452.22
2452.49
2453.76
2453.97
2455.59
2458.73
2459.80
2460.35
2461.47
2462.11
2462.86
2463.12
2463.15
2463.95
2464.56
2465.15
2465.15
2467.29
2469.02
2469.07
2470.33
2471.91
2472.34
2473.22
2473.33
2474.10
2474.56
2474.96
2475.12
2476.97
2477.45
2479.84
2481.72
2482.04
2482.71
2484.24
2486.93
2488.06
2488.57
2489.54
2489.81
2491.62
2493.96
2495.61
2496.66
2497.66
2497.99
2498.12
2498.45
2499.77
2499.77
2499.85
2500.15
2500.20
2501.86
2503.34
2504.29
2504.54
2504.67
2505.78
2507.38
2507.52
2507.82
2508.12
2508.25
2510.99
2511.51
2512.46
2514.23
2515.10
2515.21
2516.49
2516.92
2518.31
2519.54
2520.63
2521.91
2522.65
2524.64
2525.27
2525.71
2526.23
2529.92
2530.96
2531.15
2531.29
2531.48
2532.03
2532.71
2533.48
2534.14
2534.93
2535.35
2537.32
2538.04
2538.61
2539.90
2542.19
2543.09
2545.30
2545.35
2545.79
2546.01
2546.20
2547.00
2548.52
2549.46
2549.84
2550.59
2551.09
2556.25
2558.80
2560.68
2561.26
2562.54
2563.18
2563.20
2563.51
2564.01
2564.84
2564.98
2565.53
2565.70
2566.17
2567.70
2567.81
2568.01
2568.34
2569.98
2570.12
2571.87
2572.40
2573.74
2573.93
2574.46
2576.08
2576.19
2577.14
2577.19
2579.84
2580.79
2581.41
2582.05
2582.13
2582.61
2585.46
2586.38
2588.48
2588.85
2589.41
2589.74
2591.17
2591.62
2591.82
2591.87
2592.63
2597.40
2597.57
2598.58
2599.54
2601.93
2604.41
2604.55
2604.61
2605.00
2605.62
2605.76
2606.38
2609.12
2609.29
2609.49
2609.69
2611.47
2611.83
2612.06
2613.05
2613.56
2613.78
2614.24
2614.66
2614.97
2615.00
2616.47
2616.78
2618.65
2619.25
2619.87
2620.41
2620.86
2621.40
2622.65
2622.68
2623.33
2623.73
2624.38
2626.85
2626.97
2627.48
2631.43
2633.28
2633.28
2633.48
2633.88
2636.08
2636.13
2636.13
2637.28
2637.56
2637.70
2637.70
2637.73
2638.99
2639.90
2640.42
2640.87
2642.25
2642.85
2643.65
2643.79
2643.82
2645.36
2647.94
2649.86
2650.26
2653.56
2654.45
2654.85
2654.88
2655.43
2655.77
2656.52
2659.80
2662.39
2666.05
2666.51
2669.34
2670.50
2671.31
2674.52
2676.23
2676.28
2677.15
2677.27
2677.41
2677.82
2678.92
2679.56
2680.20
2680.37
2680.66
2681.47
2681.62
2682.11
2682.81
2685.91
2686.73
2687.37
2688.39
2688.56
2689.26
2689.61
2689.81
2690.74
2691.00
2691.06
2693.13
2693.39
2695.96
2696.13
2696.31
2697.94
2698.91
2700.02
2700.98
2701.13
2703.85
2704.55
2704.55
2705.75
2707.56
2708.18
2710.08
2710.14
2710.55
2711.26
2712.52
2716.40
2716.81
2717.48
2718.37
2718.84
2724.11
2724.20
2724.31
2725.76
2725.99
2726.29
2726.70
2727.23
2729.12
2730.28
2730.45
2730.48
2730.60
2730.81
2730.95
2731.22
2731.49
2731.90
2731.99
2732.52
2734.62
2735.12
2735.42
2735.51
2735.83
2736.93
2737.02
2737.26
2738.06
2738.62
2738.62
2738.83
2740.37
2740.69
2741.11
2741.35
2742.44
2744.02
2745.06
2746.04
2747.91
2748.06
2751.87
2752.28
2756.34
2756.93
2757.11
2757.47
2757.95
2758.57
2758.63
2758.66
2759.29
2759.32
2759.98
2761.32
2762.16
2762.55
2763.20
2764.40
2764.43
2764.76
2766.49
2766.79
2768.11
2769.25
2769.31
2769.49
2771.86
2772.25
2775.10
2775.19
2776.81
2779.61
2779.64
2780.12
2781.56
2784.03
2786.47
2787.07
2788.79
2790.27
2791.66
2792.99
2793.57
2795.32
2795.35
2796.38
2798.25
2798.31
2799.56
2802.19
2804.77
2804.80
2805.59
2806.38
2807.29
2807.93
2808.14
2810.36
2810.76
2810.91
2811.27
2813.52
2813.71
2817.24
2819.31
2820.02
2820.23
2820.32
2820.41
2820.69
2823.13
2824.44
2825.57
2825.94
2826.61
2831.79
2832.16
2833.75
2833.84
2836.26
2840.01
2840.87
2844.69
2845.36
2845.79
2847.03
2848.14
2849.74
2852.17
2852.82
2853.78
2853.90
2854.21
2854.74
2856.07
2856.28
2856.93
2860.80
2861.94
2862.44
2863.83
2864.51
2865.57
2865.75
2866.53
2868.33
2870.04
2870.29
2870.38
2870.69
2871.22
2872.02
2872.21
2872.74
2873.61
2874.14
2875.17
2875.60
2878.09
2878.81
2879.06
2880.49
2881.27
2881.33
2882.89
2883.14
2883.51
2883.98
2885.54
2887.92
2889.89
2889.98
2891.64
2893.80
2894.61
2898.59
2900.16
2900.35
2903.68
2903.90
2905.72
2908.42
2915.58
2919.36
2923.06
2923.57
2923.63
2927.15
2927.49
2928.25
2928.38
2928.76
2930.82
2931.30
2931.93
2933.64
2934.63
2936.19
2936.44
2937.23
2937.30
2937.36
2937.55
2940.06
2940.80
2940.89
2941.24
2942.32
2943.18
2943.47
2944.23
2945.57
2948.51
2949.97
2953.23
2954.13
2954.83
2955.98
2956.30
2958.73
2959.63
2960.59
2961.17
2961.55
2961.81
2962.74
2964.34
2964.85
2966.49
2969.67
2969.77
2969.86
2971.63
2972.24
2973.56
2974.36
2975.36
2975.88
2977.65
2978.81
2978.87
2979.10
2979.87
2981.36
2981.48
2983.55
2983.84
2985.29
2987.59
2988.01
2990.56
2990.60
2993.28
2995.32
2995.58
2995.68
2997.04
2997.75
3000.19
3000.71
3002.46
3003.40
3003.96
3004.38
3004.44
3005.68
3007.86
3008.97
3010.53
3011.08
3012.26
3013.20
3014.18
3016.89
3017.25
3018.59
3018.78
3020.19
3020.51
3020.55
3020.61
3021.89
3022.44
3022.64
3023.98
3024.18
3025.58
3027.45
3028.76
3029.48
3034.01
3036.31
3036.40
3037.36
3038.15
3040.55
3041.63
3042.85
3046.71
3048.42
3050.04
3050.96
3051.82
3053.31
3055.65
3055.92
3058.03
3058.53
3061.08
3061.48
3062.01
3064.19
3065.42
3065.69
3066.05
3067.91
3068.04
3070.13
3070.33
3071.93
3072.76
3075.32
3075.49
3076.52
3079.08
3080.15
3082.18
3085.45
3088.39
3090.00
3090.63
3091.43
3093.68
3094.68
3094.75
3098.26
3098.83
3099.27
3101.32
3101.79
3103.06
3105.08
3105.35
3105.78
3106.69
3109.15
3109.35
3111.91
3113.05
3113.96
3115.54
3115.81
3116.96
3118.51
3121.28
3121.31
3121.41
3122.19
3122.87
3123.64
3124.52
3125.71
3130.72
3133.49
3136.28
3137.97
3139.26
3140.08
3141.20
3143.65
3144.19
3144.84
3145.59
3145.86
3146.85
3148.07
3149.27
3149.54
3149.85
3152.40
3154.45
3154.72
3155.41
3156.63
3159.13
3159.64
3160.50
3161.35
3161.62
3162.51
3162.99
3163.75
3164.05
3164.47
3165.42
3168.85
3168.85
3169.23
3170.60
3173.55
3174.51
3174.75
3175.03
3176.20
3177.02
3177.19
3177.47
3178.95
3179.12
3179.81
3180.63
3180.77
3181.84
3182.66
3183.49
3183.87
3184.77
3184.94
3186.52
3188.14
3189.73
3190.21
3195.05
3195.67
3195.85
3196.92
3197.92
3198.51
3201.24
3201.31
3202.49
3203.50
3203.91
3206.24
3208.25
3208.32
3208.53
3209.60
3209.78
3212.07
3212.87
3214.12
3214.29
3215.30
3215.44
3215.48
3216.35
3216.49
3217.67
3219.76
3219.83
3220.84
3223.04
3223.63
3224.19
3225.97
3232.64
3232.78
3235.23
3237.26
3238.80
3238.84
3239.29
3239.40
3241.85
3245.96
3246.24
3246.56
3247.43
3249.16
3251.02
3252.25
3252.29
3253.17
3254.12
3259.54
3259.93
3260.28
3260.46
3265.16
3265.40
3266.46
3267.03
3267.42
3267.74
3268.23
3268.65
3270.14
3270.35
3271.70
3274.53
3274.81
3275.63
3275.77
3276.94
3277.37
3277.65
3280.88
3281.45
3282.16
3286.07
3287.70
3288.34
3289.30
3289.73
3290.16
3295.47
3304.28
3305.11
3306.93
3307.40
3307.79
3309.04
3309.26
3309.33
3309.72
3309.79
3310.98
3313.59
3314.74
3315.14
3316.43
3317.04
3319.87
3323.25
3323.65
3326.31
3327.10
3327.50
3327.71
3329.69
3330.16
3330.23
3331.93
3332.87
3334.34
3334.34
3334.52
3335.14
3335.28
3336.33
3337.45
3338.46
3339.51
3340.09
3341.53
3343.45
3345.95
3348.81
3351.20
3351.42
3352.65
3353.88
3356.86
3357.04
3359.73
3359.95
3362.42
3363.77
3367.01
3368.61
3369.67
3371.20
3371.53
3372.66
3376.17
3377.08
3377.19
3380.15
3381.10
3382.93
3385.38
3388.17
3390.00
3391.62
3391.73
3393.67
3394.00
3394.26
3396.35
3396.72
3396.90
3398.52
3399.37
3400.84
3403.49
3407.40
3413.85
3414.33
3414.63
3415.70
3415.89
3417.22
3417.70
3423.80
3425.14
3426.95
3427.62
3428.81
3431.18
3431.89
3433.34
3434.30
3435.05
3435.46
3436.16
3436.46
3436.83
3438.28
3438.77
3440.74
3450.51
3451.77
3451.81
3453.53
3453.72
3453.75
3455.06
3455.36
3458.24
3458.73
3460.45
3463.37
3464.83
3465.88
3466.26
3467.08
3467.08
3468.70
3469.64
3469.86
3472.00
3472.98
3475.01
3478.47
3478.54
3479.45
3480.13
3484.38
3487.74
3490.84
3491.78
3493.18
3493.71
3496.05
3496.09
3496.66
3497.53
3501.01
3503.13
3506.62
3509.09
3509.20
3511.82
3516.08
3517.30
3519.51
3521.68
3522.06
3523.85
3527.67
3527.78
3527.89
3527.97
3528.81
3532.90
3533.24
3535.92
3538.75
3540.13
3540.21
3541.93
3542.39
3543.73
3544.04
3545.80
3548.91
3551.56
3551.91
3555.29
3555.99
3557.29
3560.30
3563.15
3563.34
3563.34
3564.77
3565.35
3566.12
3567.86
3569.17
3569.63
3569.67
3570.87
3571.29
3572.34
3575.78
3575.78
3575.86
3575.97
3576.98
3580.50
3581.70
3583.60
3585.19
3596.42
3598.17
3598.48
3598.87
3600.43
3602.18
3602.50
3602.96
3605.03
3605.46
3605.81
3608.70
3610.96
3610.96
3612.68
3613.07
3615.26
3615.42
3617.30
3622.43
3622.55
3622.74
3627.80
3628.59
3633.11
3637.94
3639.48
3640.38
3642.95
3643.46
3643.81
3644.25
3646.38
3648.55
3649.57
3652.50
3652.73
3656.25
3657.32
3657.40
3658.15
3658.75
3658.90
3659.02
3660.45
3662.27
3663.02
3664.25
3666.00
3666.47
3667.62
3671.87
3673.03
3673.54
3674.18
3674.54
3676.60
3677.28
3677.64
3678.20
3680.78
3682.22
3683.09
3684.65
3687.24
3688.64
3688.88
3690.75
3692.95
3693.87
3694.19
3695.91
3696.75
3697.43
3697.75
3699.75
3705.64
3706.08
3708.41
3709.17
3709.85
3710.13
3711.74
3712.10
3714.83
3715.31
3715.72
3717.89
3718.53
3723.04
3724.73
3725.05
3725.86
3725.90
3726.22
3726.38
3726.55
3726.67
3728.00
3728.89
3728.97
3729.61
3729.77
3730.26
3731.15
3739.07
3740.04
3740.16
3741.29
3744.45
3744.61
3744.94
3744.98
3745.71
3747.98
3748.67
3749.36
3749.80
3749.88
3750.25
3750.82
3751.14
3752.08
3754.59
3754.67
3756.58
3757.19
3757.68
3758.90
3764.03
3766.11
3770.88
3772.51
3772.59
3773.41
3773.49
3774.47
3775.00
3777.94
3778.23
3781.46
3782.28
3783.79
3785.88
3792.93
3793.55
3794.00
3794.45
3800.16
3800.53
3801.03
3803.54
3803.58
3804.36
3806.05
3806.17
3810.33
3810.37
3815.04
3817.02
3820.24
3820.69
3821.19
3822.64
3822.89
3825.00
3829.10
3829.43
3829.59
3832.00
3832.58
3833.53
3835.52
3837.85
3841.17
3841.25
3841.63
3842.09
3845.25
3845.62
3847.20
3847.99
3848.41
3849.49
3852.45
3857.37
3859.67
3861.00
3862.09
3862.76
3864.31
3864.52
3864.72
3865.02
3868.53
3871.13
3871.55
3875.53
3875.91
3877.46
3879.51
3881.19
3882.24
3882.28
3883.08
3883.17
3885.60
3891.07
3891.28
3894.32
3895.50
3899.29
3904.74
3906.39
3906.85
3907.19
3907.91
3908.08
3908.71
3908.75
3909.77
3910.07
3912.10
3912.39
3913.96
3914.26
3915.15
3916.16
3916.25
3918.20
3919.04
3920.91
3923.84
3924.52
3927.62
3927.87
3928.13
3930.04
3930.81
3930.94
3931.28
3931.53
3932.17
3933.32
3934.51
3938.09
3939.62
3940.43
3943.97
3947.94
3948.88
3950.63
3952.56
3955.72
3955.81
3957.57
3959.02
3959.41
3960.14
3960.39
3964.42
3966.14
3966.91
3974.00
3974.17
3976.36
3976.92
3977.14
3980.84
3982.65
3983.17
3984.07
3984.38
3984.89
3984.98
3985.80
3986.92
3986.92
3987.74
3988.86
3988.90
3990.42
3990.50
3991.88
3992.19
3995.51
3996.08
3996.42
3998.41
3998.67
4001.27
4001.61
4002.57
4007.20
4009.59
4013.23
4013.80
4013.84
4014.19
4018.97
4019.97
4024.50
4025.54
4029.68
4033.74
4034.48
4034.74
4037.19
4037.54
4037.97
4040.99
4041.86
4045.49
4046.24
4046.46
4046.94
4051.15
4054.70
4055.66
4057.20
4058.08
4063.83
4063.92
4073.87
4074.44
4075.50
4076.30
4076.34
4076.82
4078.06
4078.15
4080.18
4081.41
4081.59
4085.04
4085.83
4089.55
4089.68
4093.31
4093.53
4097.48
4098.85
4101.42
4107.24
4108.57
4109.29
4109.78
4110.75
4112.31
4112.53
4113.60
4116.05
4116.14
4116.58
4117.39
4119.08
4121.31
4122.96
4124.79
4126.22
4133.23
4133.23
4135.96
4136.90
4139.00
4142.14
4143.31
4145.05
4145.59
4145.86
4146.27
4149.63
4153.94
4155.16
4157.14
4157.77
4158.80
4159.61
4167.54
4167.77
4169.75
4170.70
4171.19
4175.03
4175.30
4175.75
4185.52
4189.19
4190.19
4192.37
4193.91
4194.59
4196.14
4196.91
4201.54
4203.36
4205.04
4205.18
4207.14
4212.19
4220.95
4221.41
4224.15
4226.98
4228.68
4240.41
4242.06
4242.43
4245.64
4247.85
4251.16
4253.00
4254.65
4255.48
4256.40
4258.61
4258.84
4259.35
4259.58
4261.56
4262.35
4262.86
4264.42
4266.22
4266.82
4266.92
4267.47
4269.55
4274.82
4277.32
4277.41
4278.57
4281.76
4283.43
4283.89
4285.14
4287.93
4292.62
4293.13
4293.87
4294.38
4299.87
4300.98
4301.87
4303.96
4309.70
4310.21
4310.53
4312.17
4312.63
4312.73
4313.29
4319.26
4322.91
4323.19
4324.41
4325.81
4326.23
4327.69
4328.01
4328.29
4329.23
4339.31
4342.23
4343.49
4343.63
4349.56
4350.64
4351.91
4353.85
4353.89
4355.16
4356.25
4357.62
4359.36
4359.50
4364.03
4364.36
4365.64
4366.72
4369.70
4371.45
4371.97
4373.39
4374.05
4385.38
4386.47
4395.40
4402.97
4404.92
4407.07
4409.26
4409.74
4414.08
4414.51
4415.61
4418.24
4419.01
4420.25
4425.85
4427.86
4429.92
4429.97
4432.61
4436.11
4438.80
4440.29
4442.93
4444.90
4456.17
4461.28
4463.17
4463.31
4471.82
4472.79
4474.82
4476.61
4477.92
4478.98
4482.86
4483.98
4486.36
4492.33
4492.57
4496.22
4501.67
4504.55
4506.01
4506.11
4506.35
4508.16
4508.45
4509.52
4510.84
4513.28
4514.79
4516.46
4520.66
4529.57
4540.22
4541.05
4545.43
4545.97
4550.05
4550.74
4551.53
4553.21
4560.01
4562.43
4564.70
4566.18
4569.00
4571.82
4572.46
4575.97
4575.97
4576.47
4578.50
4585.49
4596.87
4597.31
4600.90
4601.05
4601.39
4601.74
4602.79
4603.29
4603.34
4604.98
4611.01
4614.96
4616.85
4619.40
4624.95
4626.00
4628.16
4630.71
4632.62
4635.42
4637.78
4640.94
4643.40
4644.66
4647.48
4651.60
4655.08
4656.69
4658.10
4663.60
4664.20
4664.96
4666.67
4668.34
4679.11
4679.31
4680.02
4682.56
4683.67
4685.60
4687.98
4688.99
4694.27
4697.02
4703.17
4703.63
4705.61
4708.21
4708.31
4709.43
4710.40
4711.47
4716.16
4716.68
4722.04
4725.26
4725.26
4725.77
4727.92
4731.70
4732.27
4739.59
4741.23
4743.29
4743.65
4743.95
4744.06
4744.21
4745.75
4745.91
4746.88
4753.51
4754.90
4755.05
4757.37
4759.69
4760.82
4765.25
4766.28
4769.64
4772.89
4774.59
4776.56
4785.97
4787.89
4788.61
4788.67
4793.75
4794.78
4795.61
4806.68
4812.35
4813.18
4813.24
4823.35
4823.82
4823.82
4824.92
4829.67
4834.84
4836.10
4839.61
4841.60
4843.80
4846.10
4847.21
4848.31
4849.25
4849.72
4850.09
4850.88
4851.98
4853.50
4856.39
4861.23
4862.12
4863.49
4864.60
4865.44
4866.81
4868.12
4869.23
4880.57
4882.74
4883.05
4883.37
4885.27
4893.26
4893.58
4894.27
4896.76
4897.13
4897.18
4902.11
4903.17
4903.91
4905.13
4908.80
4910.60
4912.41
4913.74
4914.64
4921.67
4927.74
4928.97
4931.69
4935.32
4937.83
4941.14
4941.36
4946.22
4948.63
4950.03
4950.88
4952.22
4954.96
4958.98
4959.30
4970.69
4979.19
4979.30
4979.95
4981.08
4982.80
4985.88
4991.65
4995.71
4996.35
5000.68
5005.28
5007.18
5013.63
5017.86
5022.37
5028.62
5029.93
5035.27
5036.74
5042.03
5042.46
5044.32
5046.61
5049.51
5050.60
5053.50
5058.42
5061.10
5064.66
5067.24
5068.88
5075.63
5077.17
5080.30
5081.02
5083.33
5093.07
5094.67
5095.39
5097.70
5097.70
5098.86
5099.97
5109.24
5111.84
5111.90
5114.11
5115.05
5117.43
5118.71
5119.04
5119.70
5119.98
5121.53
5123.64
5123.75
5123.97
5128.74
5130.07
5130.74
5134.51
5134.90
5143.69
5145.92
5149.20
5151.10
5151.54
5153.60
5157.40
5159.80
5160.08
5161.53
5161.92
5164.66
5167.68
5177.86
5178.42
5179.43
5181.28
5183.75
5185.43
5191.10
5198.01
5199.59
5203.98
5213.33
5214.12
5214.63
5214.80
5215.20
5215.87
5217.17
5226.49
5228.81
5238.61
5240.99
5245.02
5245.76
5247.12
5247.29
5250.18
5251.72
5254.39
5254.56
5262.24
5262.98
5264.23
5265.89
5275.07
5279.18
5281.12
5288.15
5292.56
5294.16
5297.95
5307.24
5308.91
5311.15
5316.09
5325.07
5327.49
5329.97
5334.47
5334.82
5335.05
5336.55
5338.80
5345.57
5349.96
5354.89
5355.35
5358.77
5359.35
5380.85
5381.31
5387.43
5388.89
5393.20
5394.37
5394.60
5396.88
5399.22
5401.55
5401.96
5402.20
5405.35
5407.46
5407.69
5410.74
5410.80
5411.97
5414.02
5415.42
5422.17
5424.87
5428.15
5428.86
5430.62
5432.85
5434.15
5437.79
5440.09
5441.38
5442.21
5445.51
5448.10
5449.28
5454.06
5455.95
5458.84
5460.55
5464.33
5475.05
5476.88
5477.71
5477.83
5480.14
5481.09
5481.86
5485.84
5491.42
5493.68
5495.34
5498.50
5503.08
5505.46
5506.35
5513.99
5520.85
5533.41
5536.28
5539.46
5544.02
5546.90
5551.16
5552.24
5552.90
5562.04
5563.06
5563.55
5565.29
5566.98
5568.91
5571.62
5577.11
5579.16
5584.29
5593.48
5593.73
5604.45
5605.48
5606.57
5610.03
5614.89
5615.01
5621.45
5621.94
5626.20
5629.06
5633.08
5633.87
5635.58
5636.13
5641.07
5643.21
5644.00
5645.04
5656.11
5658.31
5666.09
5666.70
5669.28
5677.38
5678.18
5678.49
5679.96
5683.71
5692.08
5692.51
5694.67
5698.49
5703.80
5705.71
5721.72
5722.77
5723.76
5724.63
5729.15
5734.74
5738.34
5739.39
5746.91
5747.22
5748.09
5751.26
5755.81
5757.86
5758.67
5760.67
5766.16
5767.90
5769.59
5777.08
5780.09
5782.09
5785.22
5789.22
5792.86
5797.69
5801.20
5802.58
5809.87
5810.43
5810.62
5812.82
5812.89
5813.83
5815.15
5818.42
5819.24
5819.87
5820.31
5823.15
5827.31
5830.21
5832.29
5838.04
5844.23
5845.11
5846.51
5848.02
5849.61
5850.11
5855.50
5860.38
5863.61
5871.55
5878.98
5881.34
5882.36
5887.26
5889.43
5890.25
5907.29
5908.25
5911.19
5914.07
5914.39
5915.74
5918.75
5923.74
5930.93
5934.07
5944.10
5945.13
5954.46
5958.00
5959.16
5966.46
5973.88
5979.51
5985.34
5991.10
5992.27
5994.60
6005.05
6005.51
6019.37
6021.97
6025.82
6029.14
6034.10
6046.32
6055.23
6068.94
6070.45
6079.71
6086.30
6093.15
6095.13
6101.92
6105.09
6105.56
6111.11
6111.97
6118.85
6119.11
6119.38
6123.22
6124.08
6126.53
6132.10
6138.01
6141.00
6147.05
6155.24
6160.97
6162.70
6164.37
6165.30
6171.57
6171.77
6179.19
6179.19
6181.00
6189.36
6190.63
6195.73
6199.95
6219.03
6223.34
6223.41
6246.14
6247.70
6248.37
6249.66
6250.54
6256.49
6257.57
6260.42
6265.77
6273.10
6277.99
6297.85
6301.26
6306.10
6307.94
6309.04
6321.06
6325.37
6332.91
6341.41
6347.31
6352.53
6358.72
6361.75
6366.09
6374.29
6386.99
6387.34
6387.41
6388.17
6390.59
6391.14
6394.39
6402.42
6404.57
6422.33
6422.61
6423.65
6425.25
6425.60
6436.04
6437.36
6438.13
6444.12
6462.55
6466.61
6471.16
6472.00
6473.05
6476.83
6484.62
6488.27
6501.20
6509.08
6514.36
6515.70
6517.11
6523.46
6525.72
6528.12
6533.85
6542.41
6550.55
6558.14
6566.16
6567.87
6568.79
6570.85
6571.42
6574.34
6579.68
6582.24
6591.72
6593.00
6593.00
6593.57
6594.43
6596.36
6597.00
6597.43
6600.85
6604.64
6604.85
6613.29
6615.37
6618.30
6618.37
6619.45
6626.18
6662.13
6667.03
6681.33
6683.50
6683.72
6692.62
6693.92
6704.07
6709.66
6713.07
6714.52
6719.68
6723.54
6730.96
6731.25
6732.56
6736.06
6740.58
6749.85
6749.85
6751.82
6772.53
6775.60
6785.58
6786.90
6789.62
6807.42
6810.15
6811.77
6811.92
6812.88
6814.64
6826.01
6833.77
6861.18
6872.77
6887.66
6894.00
6897.80
6899.89
6910.43
6910.73
6914.02
6919.63
6929.89
6937.40
6941.15
6947.24
6958.97
6968.92
6971.71
6973.14
6988.25
6988.32
6989.53
6990.37
6990.52
6991.12
6995.13
6999.90
7001.49
7003.46
7004.60
7006.34
7007.93
7020.76
7024.94
7031.71
7039.32
7039.40
7041.00
7046.71
7048.77
7052.97
7055.26
7055.87
7059.38
7061.14
7064.96
7069.01
7070.85
7077.28
7097.14
7100.36
7112.36
7116.74
7121.98
7129.15
7138.57
7153.41
7156.05
7158.22
7170.70
7185.92
7196.34
7210.06
7216.23
7217.48
7217.48
7221.85
7221.93
7228.65
7229.20
7240.00
7248.55
7255.61
7258.67
7268.65
7273.92
7274.39
7277.23
7279.43
7279.91
7290.31
7297.89
7299.31
7304.21
7304.52
7309.50
7321.38
7333.19
7334.70
7337.39
7352.41
7354.40
7355.68
7357.75
7360.85
7371.61
7387.18
7394.94
7410.24
7413.28
7415.69
7419.46
7424.44
7428.54
7440.93
7456.89
7464.31
7474.09
7483.07
7490.04
7502.04
7508.05
7513.41
7519.51
7520.57
7525.70
7539.23
7540.94
7543.96
7546.00
7546.08
7549.11
7553.35
7554.17
7566.36
7574.71
7576.60
7579.31
7581.93
7583.98
7603.29
7605.35
7630.07
7632.30
7635.85
7639.82
7643.29
7647.26
7647.93
7655.05
7658.28
7662.92
7676.78
7689.08
7689.16
7690.16
7695.15
7698.07
7703.32
7703.57
7715.83
7725.19
7732.96
7736.06
7739.49
7746.78
7748.46
7751.98
7754.16
7769.87
7788.38
7791.08
7794.96
7823.86
7824.96
7830.97
7831.48
7833.00
7834.19
7839.87
7866.30
7917.62
7933.31
7937.09
7942.67
7953.68
7964.18
7965.99
7970.13
7973.58
7973.67
7978.50
7983.86
7985.24
7993.19
7999.33
8001.41
8004.79
8022.48
8026.12
8029.94
8044.12
8063.55
8068.18
8079.97
8098.26
8102.29
8110.01
8112.47
8113.00
8122.39
8131.01
8134.00
8141.75
8153.30
8153.83
8159.92
8166.98
8167.87
8176.71
8182.82
8185.92
8207.64
8212.62
8223.64
8249.22
8266.02
8269.06
8269.51
8275.32
8275.68
8296.30
8298.28
8307.44
8337.88
8358.74
8360.28
8363.54
8367.79
8371.78
8377.58
8378.12
8414.09
8422.29
8422.84
8424.57
8433.60
8434.15
8435.33
8440.17
8446.20
8470.82
8475.31
8476.96
8478.80
8491.56
8511.52
8521.65
8531.43
8545.57
8549.82
8566.49
8574.19
8582.35
8583.10
8583.47
8596.67
8599.64
8607.93
8611.47
8617.06
8642.27
8646.57
8660.99
8662.77
8678.16
8708.73
8710.33
8724.86
8732.03
8771.90
8801.47
8810.14
8824.83
8831.32
8841.36
8843.95
8860.42
8870.78
8895.29
8898.27
8903.28
8907.33
8911.67
8928.27
8932.61
8939.58
8942.57
8952.06
8958.17
8958.17
8981.17
9007.64
9015.44
9018.95
9020.90
9029.40
9042.11
9062.48
9064.34
9065.71
9081.82
9084.47
9090.86
9121.50
9125.25
9143.04
9145.91
9166.32
9180.91
9181.11
9188.16
9210.56
9216.44
9226.62
9260.82
9281.59
9298.07
9298.07
9308.84
9310.76
9315.80
9341.23
9367.34
9368.97
9379.21
9396.58
9401.05
9418.97
9427.03
9427.13
9429.88
9432.54
9436.72
9441.93
9450.82
9452.87
9488.84
9491.61
9506.92
9522.26
9526.80
9529.78
9549.91
9561.39
9564.08
9570.29
9631.68
9636.58
9643.36
9654.43
9655.26
9664.46
9728.04
9729.09
9806.77
9813.24
9848.77
9862.31
9863.81
9878.44
9890.74
9919.57
9957.85
9964.86
9965.40
9975.00
9976.40
9997.90
10020.00
10048.22
10066.61
10101.20
10103.28
10114.98
10124.51
10125.93
10142.05
10156.76
10161.05
10181.74
10228.56
10239.74
10249.72
10277.81
10317.25
10333.23
10334.80
10343.63
10345.54
10370.98
10384.11
10416.18
10418.66
10422.61
10436.04
10438.97
10442.48
10488.56
10489.47
10646.23
10661.33
10668.72
10724.50
10774.51
10774.98
10839.52
10863.95
11030.72
11037.52
11038.12
11081.20
11095.00
11125.41
11171.61
11184.67
11201.75
11213.87
11215.81
11216.91
11218.24
11221.52
11225.65
11230.26
11253.01
11296.19
11327.89
11329.61
11334.02
11386.38
11396.12
11443.32
11449.02
11512.99
11534.06
11538.93
11544.55
11545.92
11560.43
11562.18
11613.46
11631.31
11664.58
11669.25
11711.25
11782.42
11804.50
11810.25
11812.29
11844.67
11845.70
11856.47
11888.58
11908.67
11918.07
11927.88
12012.84
12017.00
12041.73
12062.33
12067.16
12068.60
12074.22
12087.03
12106.66
12141.68
12165.22
12215.08
12250.68
12263.41
12268.86
12283.73
12339.15
12363.87
12372.17
12409.57
12422.20
12468.52
12490.93
12505.95
12507.43
12511.49
12589.58
12609.89
12660.47
12695.04
12788.23
12959.84
12974.01
13010.70
13043.26
13081.28
13104.65
13112.74
13128.21
13159.07
13182.01
13268.44
13271.31
13288.99
13310.57
13464.11
13526.75
13684.71
13694.93
13762.81
13799.04
13808.30
13865.04
13905.46
14048.97
14055.05
14076.82
14085.81
14116.32
14143.84
14338.29
14370.91
14449.18
14458.87
14547.06
14585.20
14592.30
14630.09
14631.67
14722.35
14728.40
14802.21
14851.62
14897.32
14951.90
15014.97
15027.65
15216.62
15343.59
15346.08
15351.90
15381.49
15402.97
15431.83
15484.69
15496.59
15511.01
15511.01
15700.46
15753.04
15769.24
15801.86
15928.54
15974.63
16040.96
16042.52
16047.91
16144.74
16171.66
16200.21
16312.60
16335.39
16411.56
16436.62
16445.51
16538.84
16556.92
16943.11
16955.95
17092.44
17110.01
17203.57
17267.72
17307.00
17432.55
17505.69
17507.97
17724.30
17882.44
17964.86
18391.65
18421.32
18457.44
18504.63
18790.52
18901.24
19008.30
19123.82
19177.48
19261.91
19588.10
19662.41
19771.00
19909.46
20178.16
20219.02
20275.11
20704.29
20786.22
21060.82
21113.98
21369.09
21900.91
22271.06
22279.49
22320.99
22328.00
22981.19
23279.00
23372.12
23684.48
24051.70
24394.24
25596.13
25720.78
26431.44
27641.72
28409.15
28728.76
29602.50
33653.48
35028.83
38342.12
