5.90
6.26
6.73
7.28
7.54
7.77
7.87
8.41
8.46
8.50
8.88
9.48
10.89
11.75
11.81
12.04
12.08
12.32
12.37
12.59
12.60
12.77
13.01
13.11
13.25
13.28
13.67
14.03
14.06
14.16
14.26
14.27
14.82
14.85
14.86
15.35
15.36
15.55
15.65
15.80
16.08
16.21
16.25
16.31
16.51
16.55
16.58
16.69
16.70
16.78
16.85
16.98
16.99
17.08
17.10
17.25
17.73
17.76
17.80
17.81
17.86
17.91
18.11
18.26
18.61
18.62
18.79
18.99
19.21
19.21
19.28
19.65
19.78
19.91
19.99
20.08
20.10
20.15
20.25
20.26
20.26
20.63
20.73
20.77
20.96
21.02
21.10
21.30
21.31
21.42
21.49
21.50
21.84
21.94
21.99
22.00
22.18
22.27
22.29
22.35
22.53
22.60
23.33
23.34
23.42
23.48
23.53
23.62
23.77
23.90
23.99
24.02
24.06
24.13
24.33
24.68
25.20
25.22
25.36
25.40
25.45
25.52
25.58
25.63
25.64
25.74
25.81
25.88
26.10
26.24
26.58
26.65
26.80
26.91
26.99
27.06
27.16
27.16
27.18
27.22
28.07
28.17
28.27
28.37
28.61
28.66
28.93
29.22
29.24
29.38
29.39
29.47
29.50
29.65
29.87
29.91
29.98
30.03
30.08
30.25
30.49
30.56
30.77
30.79
31.07
31.11
31.16
31.18
31.31
31.37
31.49
31.54
31.65
31.66
31.72
31.76
31.77
31.86
31.97
32.05
32.20
32.25
32.25
32.47
32.57
32.82
32.97
33.17
33.48
33.77
33.85
34.03
34.09
34.13
34.15
34.16
34.35
34.40
34.45
34.61
34.66
34.85
34.85
35.07
35.09
35.13
35.15
35.25
35.35
35.39
35.44
35.70
35.76
35.83
36.09
36.13
36.23
36.26
36.37
36.49
36.54
36.80
36.85
36.95
37.04
37.13
37.64
37.72
37.84
37.86
38.06
38.10
38.22
38.31
38.68
38.72
38.75
38.81
38.99
39.01
39.28
39.33
39.37
39.47
39.53
39.60
39.65
39.88
39.93
39.99
40.16
40.21
40.30
40.33
40.38
40.49
40.52
40.68
40.75
40.75
40.78
40.82
40.91
40.95
40.99
41.00
41.02
41.03
41.05
41.28
41.36
41.60
41.72
41.72
41.95
42.32
42.43
42.51
42.52
42.59
42.80
42.88
42.91
43.06
43.21
43.23
43.26
43.54
43.62
43.78
44.04
44.15
44.45
44.68
44.74
44.75
44.98
45.17
45.29
45.32
45.41
45.63
45.93
45.96
46.06
46.10
46.10
46.36
46.47
46.49
46.87
47.08
47.23
47.37
47.55
47.58
47.75
48.06
48.13
48.14
48.28
48.33
48.42
48.56
48.56
48.69
48.92
48.94
49.02
49.05
49.10
49.21
49.27
49.44
49.47
49.49
49.72
49.74
49.75
49.80
49.92
50.00
50.37
50.44
50.56
50.74
50.94
51.01
51.09
51.13
51.26
51.53
51.65
51.89
51.99
52.40
52.48
52.62
52.70
52.71
52.76
52.81
52.84
53.16
53.21
53.45
53.51
54.09
54.13
54.16
54.19
54.34
54.55
54.65
54.76
54.83
54.92
55.06
55.09
55.22
55.24
55.24
55.46
55.67
55.82
55.90
55.96
56.00
56.04
56.07
56.18
56.24
56.29
56.31
56.37
56.41
56.66
56.84
56.85
56.90
57.21
57.24
57.34
57.49
58.00
58.09
58.14
58.17
58.43
58.45
58.55
59.11
59.18
59.49
59.52
59.55
59.64
59.70
59.74
60.10
60.16
60.20
60.28
60.34
60.55
61.02
61.16
61.26
61.29
61.30
61.35
61.50
61.51
61.51
61.80
62.08
62.12
62.55
62.55
62.65
62.66
62.76
62.86
63.32
63.39
63.40
63.43
63.45
63.53
63.54
63.57
63.57
63.72
63.78
63.85
63.86
64.13
64.50
64.52
64.55
64.74
64.79
64.90
64.93
64.98
65.00
65.07
65.23
65.33
65.45
65.45
65.74
65.83
65.85
65.87
65.95
66.24
66.34
66.38
66.55
66.61
66.73
66.78
66.85
66.88
66.89
66.92
67.03
67.09
67.30
67.35
67.38
67.53
67.56
67.66
67.67
67.71
67.72
67.97
68.10
68.10
68.10
68.17
68.24
68.31
68.39
68.67
68.83
68.83
68.91
69.03
69.05
69.46
69.51
69.73
69.74
69.83
69.92
69.93
70.15
70.35
70.47
70.68
70.71
70.76
70.77
70.81
70.95
71.28
71.30
71.34
71.51
71.72
71.82
71.90
72.09
72.31
72.55
72.77
72.79
72.81
72.91
72.92
73.08
73.11
73.15
73.31
73.37
73.41
73.51
73.67
73.74
73.78
73.91
73.98
74.01
74.14
74.14
74.15
74.43
74.53
74.59
74.60
74.69
74.71
74.71
74.76
74.85
74.95
75.25
75.29
75.39
75.41
75.50
75.52
75.59
75.62
75.66
75.83
75.87
75.88
76.08
76.16
76.36
76.41
76.42
76.52
76.76
76.80
76.98
77.15
77.18
77.34
77.42
77.46
77.60
77.74
77.90
78.03
78.25
78.57
78.96
79.01
79.03
79.09
79.34
79.42
79.81
79.91
79.96
80.45
80.56
80.72
80.91
81.05
81.22
81.28
81.30
81.41
81.47
81.53
81.61
81.72
81.81
81.83
81.89
81.89
82.13
82.23
82.26
82.48
82.52
82.54
82.55
82.66
82.75
83.13
83.20
83.26
83.36
83.41
83.48
83.49
83.53
83.70
83.74
83.82
83.90
84.05
84.18
84.26
84.55
84.63
85.00
85.16
85.23
85.38
85.39
85.43
85.44
85.80
85.98
86.11
86.18
86.26
86.28
86.31
86.36
86.43
86.43
86.53
86.57
86.64
87.18
87.26
87.27
87.27
87.43
88.02
88.03
88.23
88.66
88.78
88.96
89.14
89.14
89.15
89.15
89.29
89.33
89.34
89.40
89.41
89.52
89.70
90.16
90.24
90.27
90.27
90.29
90.30
90.44
90.47
90.53
90.65
91.17
91.36
91.41
91.59
91.79
91.80
91.85
92.25
92.26
92.38
92.39
92.58
92.68
92.77
92.80
93.07
93.10
93.24
93.28
93.61
93.93
94.02
94.08
94.18
94.38
94.62
94.73
94.85
94.89
94.90
95.16
95.28
95.36
95.37
95.45
95.60
95.64
95.72
95.78
95.88
96.05
96.22
96.44
96.68
96.77
96.83
96.84
97.14
97.22
97.43
97.43
97.52
97.52
97.58
97.84
97.95
97.99
98.00
98.52
98.56
98.58
98.61
99.08
99.18
99.25
99.26
99.46
99.48
99.82
99.93
100.26
100.55
100.56
100.65
100.67
100.81
100.83
100.92
101.01
101.05
101.09
101.16
101.17
101.37
101.42
101.61
101.70
101.72
101.83
102.00
102.17
102.24
102.27
102.46
102.57
102.58
102.66
102.85
102.92
102.97
103.00
103.04
103.04
103.07
103.12
103.18
103.27
103.42
103.46
103.50
103.83
104.03
104.06
104.07
104.17
104.29
104.37
104.37
104.63
104.67
104.73
104.92
105.00
105.07
105.26
105.30
105.30
105.36
105.45
105.45
105.60
105.66
105.76
105.77
105.88
106.21
106.58
106.96
107.08
107.13
107.93
107.97
108.00
108.06
108.39
108.50
108.71
108.74
108.77
108.85
108.87
109.03
109.08
109.08
109.11
109.20
109.28
109.39
109.53
109.54
109.65
109.66
109.76
109.80
109.86
109.92
109.94
110.08
110.12
110.13
110.25
110.57
110.78
111.16
111.17
111.31
111.40
111.48
111.52
111.55
111.60
111.66
111.93
111.99
112.23
112.29
112.38
112.43
112.43
112.57
112.69
112.74
112.80
112.84
113.02
113.11
113.16
113.25
113.36
113.49
113.58
113.60
113.68
113.80
113.83
113.86
113.87
113.87
113.87
114.02
114.12
114.18
114.19
114.27
114.27
114.29
114.46
114.86
115.05
115.28
115.47
115.51
115.57
115.85
115.93
116.15
116.15
116.30
116.46
116.56
116.79
116.81
116.85
116.96
117.07
117.15
117.20
117.53
117.90
117.90
118.07
118.13
118.15
118.18
118.35
118.43
118.66
118.70
118.75
118.95
119.15
119.15
119.21
119.24
119.37
119.65
119.80
119.95
119.99
120.00
120.04
120.13
120.20
120.26
120.37
120.58
120.59
120.68
120.76
120.78
120.91
120.99
121.10
121.12
121.15
121.19
121.32
121.32
121.38
121.47
121.51
121.55
121.71
121.73
121.75
121.95
122.11
122.13
122.13
122.22
122.53
122.64
122.87
122.93
122.95
122.96
122.97
122.98
123.05
123.05
123.13
123.26
123.35
123.47
123.49
123.56
123.71
123.83
123.85
123.87
123.94
123.98
124.28
124.34
124.51
124.53
124.70
125.02
125.07
125.15
125.33
125.38
125.45
125.46
125.50
125.52
125.64
125.66
125.67
125.69
126.02
126.04
126.20
126.21
126.22
126.44
126.45
126.48
126.50
126.54
126.60
126.61
126.67
126.68
126.76
126.77
126.93
126.96
126.96
127.03
127.38
127.43
127.47
127.54
128.12
128.18
128.31
128.33
128.43
128.79
128.91
128.92
129.10
129.10
129.23
129.44
129.51
129.52
129.53
129.54
129.72
129.78
129.79
129.80
129.93
129.95
130.14
130.17
130.28
130.29
130.38
130.53
130.57
130.63
130.82
130.87
130.92
130.97
131.00
131.00
131.05
131.07
131.30
131.48
131.59
131.61
131.61
131.74
131.98
132.13
132.17
132.32
132.46
132.64
132.67
132.92
132.94
133.05
133.34
133.36
133.36
133.36
133.42
133.70
133.71
133.82
133.90
134.05
134.08
134.10
134.23
134.51
134.51
134.56
134.64
134.67
134.76
134.76
134.85
134.96
135.02
135.02
135.12
135.13
135.22
135.34
135.38
135.91
136.41
136.42
136.43
136.54
136.62
136.65
136.72
137.11
137.26
137.57
137.65
137.65
137.77
137.77
137.79
137.87
138.00
138.27
138.60
139.00
139.04
139.10
139.27
140.41
140.50
140.53
140.54
140.60
140.75
140.78
140.85
141.14
141.15
141.21
141.27
141.33
141.37
141.45
141.66
141.70
141.83
142.01
142.04
142.38
142.56
142.65
142.69
142.84
143.14
143.27
143.36
143.60
143.81
143.87
143.88
143.88
143.92
144.01
144.42
144.65
144.85
144.85
144.94
145.01
145.23
145.24
145.27
145.59
145.73
145.75
145.91
146.26
146.34
146.42
146.44
146.55
146.56
146.86
147.00
147.11
147.38
147.63
147.80
147.82
147.85
147.97
148.08
148.36
148.51
148.74
148.77
148.84
148.85
148.99
149.02
149.11
149.24
149.42
149.43
149.84
149.87
149.87
149.90
149.98
150.00
150.00
150.44
150.45
150.58
150.59
150.65
150.77
151.17
151.23
151.62
151.68
151.81
151.81
151.93
152.00
152.19
152.26
152.26
152.31
152.32
152.47
152.64
152.68
152.76
152.80
152.95
153.02
153.11
153.23
153.28
153.54
153.60
153.61
153.65
153.93
154.00
154.02
154.07
154.46
154.85
155.16
155.33
155.38
155.51
155.52
155.55
155.64
155.76
155.88
155.92
156.13
156.25
156.27
156.45
156.47
156.70
156.72
156.75
156.76
156.87
156.91
157.00
157.22
157.25
157.41
157.55
157.90
157.95
158.06
158.18
158.19
158.49
158.64
158.80
158.82
159.03
159.03
159.06
159.37
159.51
159.58
159.84
159.87
159.97
160.03
160.03
160.32
160.67
160.68
160.69
160.81
160.82
160.83
160.96
161.48
161.58
162.19
162.88
162.93
162.94
163.10
163.25
163.73
163.85
164.14
164.28
164.38
164.47
164.56
164.71
164.72
164.75
164.76
165.00
165.09
165.20
165.35
165.86
165.94
165.99
165.99
166.23
166.32
166.32
166.36
166.45
166.45
166.47
166.50
166.82
166.82
167.17
167.18
167.21
167.50
167.50
167.63
167.75
167.90
167.98
168.35
168.35
168.36
168.46
168.58
168.77
168.90
168.91
168.95
169.31
169.35
169.40
169.44
169.45
169.64
169.78
169.94
170.00
170.49
170.51
170.63
170.74
171.17
171.32
171.42
171.53
171.55
171.57
172.06
172.11
172.17
172.18
172.28
172.41
172.48
172.49
172.72
172.88
173.06
173.26
173.63
173.66
173.70
173.84
173.91
174.09
174.12
174.39
174.64
174.71
174.72
174.84
175.08
175.24
175.30
175.37
175.40
175.44
175.62
175.68
175.77
175.77
175.87
175.96
176.08
176.13
176.62
176.69
176.70
176.74
176.75
176.84
176.94
177.02
177.03
177.08
177.27
177.38
177.42
177.52
177.57
177.81
177.82
178.00
178.08
178.09
178.14
178.56
178.76
178.98
179.06
179.10
179.36
179.57
179.57
179.68
180.06
180.15
180.19
180.23
180.30
180.40
180.66
180.87
181.15
181.26
181.32
181.42
181.45
181.46
181.48
181.85
181.88
181.90
182.13
182.21
182.24
182.31
182.42
182.61
182.61
182.75
182.77
182.81
183.07
183.22
183.22
183.45
183.66
183.70
183.82
183.87
184.51
184.54
184.67
184.69
184.74
184.85
185.03
185.20
185.37
185.39
185.49
185.51
185.57
185.61
185.63
185.73
186.08
186.26
186.33
186.43
186.55
186.69
186.98
186.98
187.05
187.23
187.27
187.28
187.48
187.82
187.93
188.27
188.51
188.54
188.85
188.87
188.88
189.07
189.24
189.47
189.61
189.65
189.91
190.19
190.43
190.46
190.58
190.60
190.71
190.74
190.75
190.96
191.12
191.18
191.20
191.35
191.35
191.38
191.39
191.53
191.80
191.97
192.06
192.07
192.17
192.26
192.41
192.60
192.81
192.85
193.02
193.15
193.94
193.96
194.17
194.38
194.50
194.56
194.88
195.03
195.08
195.15
195.16
195.21
195.33
195.46
195.82
195.96
196.10
196.28
196.31
196.39
196.44
196.56
196.60
196.60
196.61
196.63
196.67
196.68
196.69
196.70
196.74
196.78
196.83
196.84
196.91
197.19
197.25
197.62
197.82
197.86
197.87
197.92
198.08
198.19
198.39
198.42
198.62
199.34
199.46
199.54
199.74
199.74
199.93
199.94
200.10
200.12
200.15
200.29
200.36
200.64
200.85
200.86
200.93
201.07
201.13
201.15
201.23
201.31
201.39
201.42
201.42
201.52
201.95
202.10
202.14
202.16
202.18
202.35
202.40
202.45
202.47
202.57
202.64
202.82
203.07
203.28
203.42
203.49
203.74
204.04
204.10
204.19
204.35
204.52
204.53
204.64
204.70
205.06
205.11
205.35
205.37
205.37
205.41
205.69
205.88
205.96
206.11
206.15
206.15
206.15
206.18
206.22
206.59
206.72
207.25
207.47
207.61
207.65
207.68
207.75
207.85
207.85
207.87
208.34
208.36
208.46
208.53
208.63
209.15
209.21
209.48
209.49
209.60
209.61
209.76
209.98
210.00
210.10
210.42
210.69
211.11
211.20
211.85
212.29
212.49
212.62
212.69
212.72
212.99
213.07
213.13
213.16
213.23
213.25
213.59
213.60
213.72
213.74
213.77
213.79
214.20
214.20
214.31
214.34
214.34
214.36
214.38
214.50
214.61
214.69
214.84
214.86
214.89
214.92
215.23
215.30
215.60
215.64
215.76
215.78
215.94
216.28
216.37
216.45
216.72
217.03
217.04
217.21
217.23
217.26
217.39
217.42
217.44
217.53
217.65
217.66
218.01
218.07
218.13
218.29
218.42
218.64
218.69
218.72
218.77
218.98
219.14
219.22
219.41
219.49
219.51
219.52
219.78
219.88
220.03
220.12
220.13
220.17
220.35
220.39
220.56
220.79
220.81
220.87
221.16
221.24
221.42
221.44
221.47
221.50
221.55
221.61
221.62
221.64
221.74
221.80
221.91
222.28
222.45
222.60
222.79
222.83
222.96
223.19
223.61
223.69
224.00
224.89
225.34
225.62
225.76
226.08
226.40
227.04
227.04
227.09
227.27
227.44
227.62
227.70
227.71
227.73
227.96
228.02
228.27
228.55
228.72
228.81
228.86
228.87
229.00
229.06
229.59
229.97
229.98
230.03
230.08
230.11
230.34
230.36
230.73
231.07
231.15
231.18
231.24
231.43
231.47
231.48
231.49
231.52
231.71
231.87
231.99
232.23
232.25
232.29
232.46
232.64
232.71
232.87
232.91
233.13
233.53
233.54
233.77
233.88
233.92
234.14
234.23
234.31
234.33
234.48
234.83
235.01
235.19
235.21
235.25
235.27
235.32
235.45
235.45
235.46
235.54
235.69
235.79
235.99
236.62
237.27
237.41
237.76
237.77
237.94
238.19
238.34
238.45
238.55
238.61
238.95
239.14
239.17
239.55
239.65
239.77
240.04
240.08
240.13
240.27
240.33
240.64
240.81
240.98
241.36
241.43
241.62
241.66
241.85
242.05
242.57
242.67
242.84
242.85
242.89
243.00
243.49
243.52
243.58
243.99
244.00
244.11
244.14
244.35
244.46
245.14
245.14
245.17
245.52
245.70
245.86
245.87
246.02
246.57
246.67
246.71
246.72
247.12
247.28
247.29
247.51
247.51
247.58
247.66
247.76
247.83
247.93
248.50
248.53
248.68
248.71
249.02
249.17
249.31
249.54
249.55
249.80
249.88
249.94
250.23
250.47
250.54
250.56
250.62
250.66
250.89
251.00
251.05
251.25
251.27
251.44
251.54
251.55
251.56
251.62
251.70
251.87
252.10
252.15
252.18
252.42
252.76
252.78
252.83
252.88
253.00
253.05
253.19
253.35
254.18
254.32
254.68
254.88
255.02
255.09
255.12
255.13
255.33
255.45
255.54
255.62
255.80
255.89
255.93
256.10
256.15
256.19
256.29
256.42
256.81
257.01
257.11
257.16
257.22
257.33
257.37
257.41
257.73
258.19
258.28
258.31
258.92
259.46
259.48
259.51
259.52
259.61
260.05
260.31
260.71
260.80
260.84
260.86
261.10
261.19
261.51
261.71
261.77
261.91
261.93
262.03
262.08
262.32
262.45
262.88
263.14
263.17
263.36
263.45
263.48
263.59
263.60
263.66
263.92
264.03
264.24
264.97
265.03
265.14
265.42
265.50
265.66
265.76
265.76
265.82
266.05
266.12
266.13
266.31
266.55
266.61
266.67
266.79
266.81
266.96
267.45
267.58
267.60
267.75
267.82
268.12
268.22
268.28
268.35
268.51
268.61
268.95
269.08
269.20
269.51
269.59
269.60
269.81
269.83
270.16
270.27
270.47
270.48
270.78
271.12
271.14
271.15
271.51
271.70
271.87
272.03
272.17
272.25
272.36
272.40
272.59
272.69
273.13
273.30
273.56
273.82
273.88
274.01
274.19
274.20
274.44
274.61
274.62
274.64
274.71
274.80
274.85
274.91
274.95
275.05
275.09
275.20
275.38
275.55
275.55
275.58
276.00
276.11
276.18
276.20
276.25
276.26
276.42
276.76
277.05
277.15
277.19
277.33
277.56
277.67
277.83
278.08
278.37
278.37
278.62
278.67
278.89
279.53
279.59
280.06
280.07
280.14
280.41
280.46
280.50
280.68
280.75
280.99
281.00
281.04
281.04
281.23
281.28
281.34
281.38
281.39
281.43
281.45
281.50
281.53
281.61
281.73
281.86
282.19
282.64
282.85
283.22
283.22
283.28
283.61
283.69
284.19
284.19
284.35
284.40
285.15
285.39
285.69
285.78
286.22
286.33
286.35
286.56
286.69
286.70
286.81
286.89
286.93
287.06
287.42
287.57
287.88
288.28
288.30
288.31
288.67
288.89
288.90
288.97
289.20
289.28
289.29
289.32
289.38
289.50
289.54
289.56
289.66
290.15
290.27
290.31
290.32
290.33
290.55
290.66
291.01
291.23
291.34
291.51
291.54
291.63
291.65
291.67
291.71
291.72
291.83
291.97
292.16
292.22
292.32
293.29
293.36
293.51
293.73
294.12
294.21
294.36
294.50
294.51
294.90
294.95
294.99
295.31
295.58
296.16
296.25
296.38
296.60
296.63
296.86
296.89
297.00
297.01
297.47
297.84
297.91
297.97
298.36
298.49
298.55
298.69
298.78
298.90
299.05
299.11
299.31
299.34
299.36
299.84
300.02
300.24
300.29
300.33
300.74
300.92
300.97
301.13
301.19
301.22
301.35
301.35
301.37
301.44
301.62
301.81
301.89
302.08
302.21
302.21
302.29
302.75
302.81
303.23
303.39
303.62
303.95
303.97
304.01
304.09
304.31
304.45
304.59
304.91
304.99
305.06
305.43
305.45
305.63
306.21
306.54
306.61
307.13
307.15
307.34
307.43
307.78
307.79
308.06
308.11
308.48
308.62
308.79
309.06
309.24
309.29
309.66
309.67
309.72
309.86
310.02
310.62
310.64
310.66
310.69
310.79
311.06
311.81
312.05
312.10
312.17
312.19
312.20
312.41
312.52
312.58
312.98
313.31
313.36
313.75
313.81
314.05
314.34
314.34
314.37
314.41
314.47
314.63
314.74
315.09
315.12
315.38
315.51
315.56
315.93
316.17
316.23
316.53
316.70
316.87
316.89
317.06
317.37
317.38
317.47
317.47
317.75
317.78
317.80
318.00
318.21
318.43
318.43
318.44
319.17
319.34
319.40
319.42
319.59
319.66
319.78
319.86
319.88
319.89
320.41
320.41
320.48
320.94
320.96
320.97
321.07
321.27
321.38
321.38
321.45
321.48
321.66
321.77
321.81
321.89
321.92
321.96
322.10
322.25
322.99
323.11
323.14
323.55
323.63
323.81
324.32
324.38
324.75
324.77
325.07
325.07
325.23
325.26
325.34
325.63
325.71
326.04
326.07
326.70
326.74
326.89
326.89
327.03
327.06
327.08
327.49
328.64
329.28
329.39
329.71
329.97
330.33
330.57
330.88
331.19
331.54
331.70
331.78
332.29
332.55
332.58
332.99
333.17
333.20
333.39
333.41
333.66
333.74
334.02
334.17
334.50
334.52
334.81
334.93
334.98
335.10
335.48
335.67
335.89
336.63
336.69
337.09
337.48
337.55
337.75
337.76
337.81
337.88
337.95
338.54
338.79
339.08
339.08
339.18
339.63
340.12
340.17
340.20
340.21
340.34
340.40
340.70
340.90
340.92
341.02
341.10
341.24
341.25
341.25
341.31
341.32
341.40
341.66
342.13
342.85
343.38
343.40
343.59
343.85
343.95
344.04
344.26
344.31
344.34
344.36
344.42
344.73
344.95
345.03
345.23
345.38
345.54
345.68
345.95
346.00
346.15
346.17
346.34
346.54
346.57
346.59
346.60
346.74
346.77
347.04
347.48
347.62
347.68
347.91
348.24
348.30
348.37
348.53
348.55
349.00
349.15
349.41
349.43
349.48
349.48
349.49
349.60
349.63
349.70
349.91
349.92
350.00
350.10
350.32
350.33
350.58
350.67
350.81
351.46
351.74
351.83
352.21
352.75
353.02
353.20
353.28
353.93
354.61
354.96
355.00
355.10
355.12
355.48
355.56
355.71
355.79
355.95
356.14
356.49
356.58
356.60
356.69
356.81
357.14
357.27
357.41
357.73
358.23
358.35
358.56
358.83
358.87
359.42
359.70
359.88
360.12
360.36
360.49
360.68
360.80
360.84
360.87
360.92
361.28
361.41
361.48
361.61
361.66
361.79
361.80
361.81
361.84
361.94
362.33
362.54
362.62
363.03
363.84
363.90
364.81
364.98
365.17
365.31
365.38
365.43
365.45
365.94
365.95
366.23
366.59
366.60
366.92
367.33
367.34
368.24
368.57
368.62
368.75
368.79
369.04
369.10
369.21
369.46
369.71
369.91
370.04
370.09
370.12
370.65
370.75
370.93
371.13
371.17
371.26
371.26
371.28
371.76
372.16
372.59
372.69
373.06
373.15
373.58
374.00
374.03
374.03
374.11
374.17
374.26
374.57
374.57
374.59
374.64
376.10
376.14
376.16
376.36
376.38
376.72
376.72
376.74
376.84
376.84
376.96
378.16
378.21
378.24
378.39
378.67
378.68
378.95
379.56
379.61
379.99
380.07
380.18
380.20
380.40
380.55
380.66
380.74
380.85
381.06
381.25
381.27
382.00
382.37
382.71
382.80
383.04
383.07
383.28
383.33
383.52
383.55
383.67
383.84
384.09
384.12
384.41
384.54
384.63
384.73
384.93
385.03
385.26
385.43
385.50
386.03
386.05
386.27
386.32
386.53
386.63
386.75
386.77
387.05
387.60
387.62
388.00
388.03
388.06
388.23
388.23
388.70
388.70
388.79
388.84
388.97
389.02
389.38
389.54
390.59
391.09
391.29
391.53
391.61
391.77
391.83
392.03
392.25
392.39
392.43
392.51
392.56
392.83
393.10
393.31
393.39
393.53
393.57
393.67
393.83
394.32
394.45
394.89
395.21
395.31
395.40
395.55
395.63
395.99
396.18
396.35
396.51
396.54
396.56
397.10
397.20
397.37
397.44
397.48
397.56
398.14
398.29
398.53
398.71
398.99
399.12
399.36
399.57
399.71
399.72
399.80
400.39
400.40
400.52
400.59
400.70
401.02
401.04
401.34
401.53
401.67
401.78
401.90
401.99
402.02
402.12
402.26
402.42
402.54
403.48
403.65
403.90
404.14
404.23
404.55
404.76
404.78
404.81
405.11
405.67
406.34
406.63
406.66
406.67
406.72
407.00
407.09
407.29
407.39
407.66
407.75
407.80
407.87
407.89
408.11
408.48
408.48
408.74
408.88
408.88
408.97
409.28
409.94
410.06
410.08
410.23
410.26
410.57
410.98
411.14
411.20
411.29
411.57
411.65
411.92
412.12
412.19
412.36
412.45
412.51
412.53
412.61
412.65
413.05
413.15
413.31
413.41
413.73
413.89
414.21
414.36
414.50
414.59
414.95
415.19
415.20
415.25
415.26
415.29
415.34
415.75
415.79
416.32
416.37
416.60
416.69
416.80
417.24
417.32
417.57
417.65
417.79
418.06
418.07
418.07
418.22
418.40
419.01
419.10
419.25
420.13
420.72
420.83
420.99
421.19
421.58
421.59
421.61
421.69
421.70
421.71
422.02
422.37
422.41
422.52
423.33
423.91
423.93
424.01
424.28
424.42
424.58
424.74
425.16
425.26
425.38
425.38
425.49
425.75
425.84
426.21
426.39
426.52
426.65
426.69
426.71
426.77
427.09
427.19
427.45
427.52
427.83
427.90
427.91
428.02
428.12
428.15
428.21
428.45
428.48
428.63
428.78
428.83
429.06
429.19
429.51
429.83
429.90
429.98
430.00
430.36
430.36
430.39
430.69
430.77
431.08
431.55
431.99
432.79
432.81
432.82
432.94
433.16
433.24
433.26
433.43
433.62
433.67
434.51
434.69
434.73
434.85
434.99
435.08
435.56
435.59
435.73
435.80
435.85
435.88
436.07
436.75
436.77
436.88
437.18
437.26
437.60
437.63
437.74
437.77
437.78
437.78
437.81
437.84
437.84
438.15
438.38
438.64
438.87
439.40
439.50
439.68
439.91
440.43
440.81
441.12
441.41
441.93
442.03
442.11
442.20
442.29
442.37
442.51
442.70
443.15
443.24
443.28
443.93
444.40
444.54
444.76
445.22
445.50
446.20
446.21
446.28
446.41
446.60
446.60
446.72
446.76
446.88
446.95
447.14
447.40
447.46
447.52
447.61
447.76
448.60
448.75
449.08
449.42
449.61
449.94
450.07
450.13
450.25
450.40
450.77
451.01
451.04
451.17
451.18
451.32
451.39
451.90
451.92
451.98
452.11
452.50
452.86
453.04
453.34
453.37
453.38
453.82
454.08
454.18
454.46
454.65
455.45
455.50
455.56
455.72
455.73
456.02
456.73
456.82
457.14
457.40
457.58
458.37
458.53
458.67
459.99
460.27
460.59
460.71
460.97
461.13
461.39
461.67
462.10
462.26
462.56
463.13
463.36
463.82
463.84
464.02
464.55
464.59
464.77
465.04
465.25
465.39
465.39
465.40
465.77
465.85
466.19
466.25
466.66
467.21
467.70
467.89
468.03
468.70
468.81
468.88
468.97
469.14
469.28
469.33
469.61
469.83
470.32
470.48
470.56
470.69
470.86
471.01
471.13
471.73
471.90
471.98
472.35
472.36
473.07
473.07
473.09
473.11
473.19
473.27
473.29
473.35
473.55
473.87
474.00
474.60
474.61
475.27
475.27
475.50
475.60
475.70
475.78
475.80
475.97
476.42
476.68
476.69
476.80
476.96
477.20
477.26
477.44
477.71
477.78
477.89
477.99
478.19
478.27
478.38
478.38
478.44
478.75
478.84
478.87
479.15
479.64
479.89
480.13
480.16
480.23
480.24
480.28
480.49
480.73
481.04
481.40
481.59
481.87
482.43
482.61
482.70
483.26
484.34
484.59
485.31
485.33
485.34
485.79
486.07
486.42
486.77
486.81
487.06
487.14
487.41
487.60
487.62
487.64
488.35
488.78
488.79
488.83
488.85
489.01
489.29
489.75
489.96
490.03
490.37
490.38
491.03
491.13
491.33
491.63
491.84
492.11
492.11
492.21
492.40
492.43
492.56
492.63
493.23
493.24
493.36
493.38
493.48
493.79
493.84
493.87
493.97
494.01
494.03
494.10
494.28
494.33
494.56
494.83
494.88
495.34
496.31
496.65
497.20
497.79
497.86
497.91
497.92
498.20
498.31
498.75
498.95
499.38
499.56
499.88
500.16
500.17
500.20
500.34
500.72
501.37
501.86
501.91
501.96
501.99
502.01
502.03
502.49
502.78
502.96
502.97
502.98
503.03
503.27
503.48
503.54
503.59
504.16
504.29
504.31
504.88
505.14
505.31
505.33
505.36
505.51
505.53
505.58
505.64
505.95
506.11
506.16
506.26
506.35
506.42
506.43
506.81
507.05
507.37
507.54
507.59
508.37
508.38
508.43
508.87
508.92
509.01
509.52
509.78
510.10
510.24
511.25
511.40
511.43
511.43
511.43
511.45
511.68
511.96
512.27
512.31
512.60
512.89
513.38
513.50
513.54
513.61
513.82
513.99
514.30
514.42
514.77
514.97
515.10
515.14
515.91
515.99
516.01
516.26
516.28
516.30
516.33
516.88
517.44
517.53
517.83
517.86
518.15
518.55
518.66
518.70
518.73
518.87
519.05
519.33
519.91
520.45
520.60
520.89
521.15
521.43
521.55
521.58
521.71
521.78
522.30
522.58
522.88
522.94
523.05
523.15
523.22
523.59
523.83
524.06
524.22
524.30
524.39
524.51
524.69
524.70
524.92
525.04
525.32
525.43
525.44
526.02
526.63
526.72
526.81
527.14
527.20
527.54
527.66
527.84
528.13
529.01
529.01
529.11
529.23
529.31
529.44
529.45
529.50
529.61
529.67
529.67
529.69
529.72
529.73
530.05
530.09
530.27
530.43
530.60
530.70
530.83
530.83
530.85
530.97
531.18
531.56
532.17
532.22
532.69
532.87
533.44
533.73
533.96
534.20
534.33
534.42
534.64
534.75
534.83
535.58
535.66
535.97
536.08
536.49
536.56
536.63
536.68
536.84
536.97
537.10
538.02
538.26
538.29
538.36
538.37
538.61
538.85
538.85
538.86
538.88
538.92
539.03
539.26
539.59
539.78
540.26
540.36
540.45
540.84
540.93
541.04
541.13
541.39
541.48
541.69
541.99
542.15
542.20
542.90
543.00
543.33
543.34
543.41
543.91
543.99
544.02
544.58
544.63
544.83
544.90
544.95
545.43
545.74
546.02
546.79
547.19
547.44
547.53
547.70
547.89
547.91
547.93
547.95
548.63
548.70
549.09
549.11
549.34
549.44
549.50
549.55
549.99
550.02
550.08
550.21
550.38
550.52
551.03
551.35
551.39
551.40
551.52
551.65
551.83
551.85
551.95
552.03
552.41
552.69
553.09
553.22
553.27
553.47
553.55
553.82
553.93
554.05
554.06
554.12
554.12
554.80
555.02
555.15
555.15
555.86
556.31
556.34
556.44
556.56
557.95
558.05
558.58
558.64
558.84
558.86
559.03
559.04
559.32
559.78
559.79
560.38
560.39
560.90
561.03
561.08
561.18
561.46
561.57
561.57
562.19
562.57
562.61
563.07
563.43
563.51
564.40
564.60
564.80
565.17
565.47
565.58
566.06
566.20
566.66
567.24
567.77
567.79
567.97
568.05
568.25
568.28
568.68
568.81
568.92
569.38
569.44
569.46
569.73
569.93
570.48
570.65
571.22
571.55
571.88
572.39
572.44
572.54
572.57
573.11
573.12
573.22
573.28
573.43
573.76
573.83
573.94
574.12
574.23
574.28
574.34
574.36
574.42
574.83
574.84
575.00
575.57
575.73
576.07
576.08
576.18
576.65
576.74
576.80
576.88
576.91
576.96
577.37
577.97
577.99
578.29
578.49
578.61
578.74
578.88
579.08
579.12
579.26
579.57
579.72
579.73
579.77
580.21
580.39
580.54
581.20
581.49
581.53
581.58
583.02
583.41
584.01
584.70
584.79
584.95
585.70
585.75
585.90
585.93
585.96
586.23
586.26
586.95
586.97
587.40
587.58
587.88
587.89
587.95
588.29
588.30
588.32
588.46
588.97
589.05
589.16
589.18
589.44
589.44
589.71
589.79
589.93
589.93
590.08
590.34
590.41
590.57
591.03
591.18
591.29
592.28
592.29
592.29
592.40
592.47
592.49
592.67
592.85
592.92
593.00
593.37
593.85
593.90
594.00
594.03
594.15
595.04
595.31
595.41
595.55
595.59
595.88
596.12
596.31
596.39
596.43
596.53
596.56
596.59
596.84
597.26
597.68
598.22
598.25
598.49
600.08
600.09
600.24
600.66
601.15
601.20
601.52
601.73
601.75
601.99
602.16
602.34
602.36
602.51
602.72
602.84
602.98
602.98
603.26
603.51
603.64
604.03
604.38
604.47
604.54
604.61
605.13
605.44
605.52
605.64
605.74
605.76
606.31
606.35
606.94
607.17
607.58
607.76
607.78
608.32
608.36
608.93
609.42
609.81
610.19
610.22
610.34
610.92
611.31
612.03
612.29
612.40
612.56
613.50
613.77
613.79
613.80
613.93
613.95
614.75
615.05
615.21
615.71
616.47
616.57
616.79
617.25
617.46
617.51
618.32
618.84
619.06
619.17
619.20
619.23
619.48
619.78
620.09
620.16
620.23
620.48
620.54
620.56
620.66
620.75
621.08
621.20
621.49
621.53
622.39
622.59
623.26
624.59
624.80
624.82
625.16
625.54
625.59
625.83
626.15
626.41
626.43
626.53
626.58
627.00
627.06
627.18
627.26
627.35
627.52
627.75
628.03
628.30
628.44
628.60
628.60
628.87
628.88
629.69
630.12
630.31
630.51
630.57
631.09
631.27
631.39
631.76
631.80
631.91
632.01
632.18
632.28
633.01
633.15
633.18
633.36
633.48
633.73
633.97
634.00
634.08
634.47
634.55
634.56
634.66
635.06
635.10
635.38
635.44
635.81
636.14
636.15
636.32
636.76
636.90
637.23
637.56
637.62
637.78
638.23
638.32
638.79
638.97
639.00
639.01
639.34
640.00
640.36
640.41
641.02
641.20
641.25
641.56
641.67
642.09
642.93
643.27
643.32
643.41
643.52
643.68
643.88
643.91
644.52
644.54
644.58
644.77
644.77
645.34
645.40
645.56
645.58
645.82
646.35
646.69
647.58
647.80
647.91
647.95
647.99
648.00
648.03
648.33
648.35
648.68
648.77
648.95
649.15
649.32
649.36
649.39
649.62
649.81
650.57
650.97
651.06
651.38
651.46
653.15
653.30
653.32
653.47
654.56
654.58
655.12
655.29
655.31
655.80
655.92
656.05
656.19
656.39
656.42
656.73
657.12
657.49
657.76
658.32
658.33
658.56
658.69
658.88
658.89
658.97
659.22
659.38
659.80
659.82
659.95
660.36
660.75
660.84
661.00
661.06
661.20
661.91
662.29
662.58
663.25
663.48
663.99
664.02
664.04
664.33
664.74
665.19
665.39
665.49
665.75
665.78
666.21
666.48
666.96
667.64
668.09
668.14
668.44
668.45
668.49
668.57
668.58
668.58
668.69
668.82
669.00
669.07
669.32
669.53
669.69
669.71
669.90
670.16
670.49
670.77
670.84
670.88
671.17
671.27
671.89
672.37
672.38
672.47
672.63
672.76
673.11
673.41
673.48
673.75
673.99
674.08
674.20
674.41
674.52
674.60
674.74
674.84
675.22
675.26
675.33
675.98
676.03
676.37
676.41
676.75
676.85
678.39
678.56
678.57
679.12
679.62
679.63
679.66
679.91
680.00
680.42
681.00
681.44
681.86
682.44
682.93
683.01
683.02
683.05
683.30
683.34
683.43
683.49
683.56
684.06
684.64
684.68
684.88
685.65
685.79
686.03
686.53
687.47
687.49
688.09
688.09
688.24
688.57
688.97
689.05
689.31
689.47
690.35
690.49
690.93
690.96
690.96
691.11
692.45
693.49
693.53
693.67
693.71
694.00
694.17
694.20
694.30
694.61
694.69
695.22
695.79
695.97
696.06
696.11
696.11
696.51
696.68
696.87
697.23
697.34
697.67
697.72
697.80
698.17
698.46
698.58
699.03
699.28
699.28
699.44
700.36
700.64
701.12
701.15
701.31
702.07
702.20
702.74
702.77
703.05
703.32
703.40
703.53
704.62
704.84
705.01
705.03
705.38
705.61
706.75
707.10
707.71
707.83
707.84
708.51
709.03
709.10
709.23
709.33
709.76
709.89
710.29
710.46
710.63
711.83
711.90
713.11
713.21
713.38
713.44
713.51
714.38
714.55
714.94
715.28
715.42
715.49
715.93
716.49
716.75
717.03
717.27
717.45
717.59
718.29
718.32
718.43
719.03
719.30
720.02
720.10
720.25
720.87
721.14
721.40
721.63
721.75
721.97
722.06
722.28
722.35
722.49
722.63
722.90
723.35
723.89
724.10
724.29
724.86
725.28
725.33
725.38
725.82
725.86
726.06
726.67
726.93
726.93
727.19
727.49
727.50
728.14
728.18
728.26
728.28
728.30
728.39
728.44
728.64
728.99
729.24
729.48
729.94
730.11
730.66
730.93
731.00
731.42
732.31
732.60
732.61
732.70
733.09
733.20
733.36
733.47
733.48
733.64
734.00
734.22
734.31
734.35
734.74
735.66
735.83
735.85
735.97
736.00
736.24
737.77
738.24
738.25
738.44
738.68
738.75
738.98
739.04
739.50
739.72
739.79
739.91
740.12
740.48
740.48
740.72
740.80
740.85
740.90
741.06
741.58
742.30
742.32
742.36
742.38
742.54
742.68
742.88
743.29
743.54
743.74
743.98
744.71
745.35
745.56
745.60
745.63
745.98
746.16
746.20
746.45
746.65
746.97
747.03
747.66
747.97
748.22
748.41
748.51
748.84
749.09
749.72
749.77
750.08
750.25
751.16
751.90
752.04
752.71
752.79
752.95
753.01
753.10
753.32
753.58
753.61
754.24
754.30
754.79
754.88
754.95
755.09
755.44
755.57
755.59
755.91
756.34
756.44
756.57
756.73
757.15
757.27
757.56
757.57
757.59
757.63
757.65
757.76
757.90
759.04
759.70
759.73
760.06
760.32
760.42
761.32
761.94
761.96
762.67
763.24
764.11
764.97
765.17
765.55
765.59
765.61
765.68
766.00
766.35
766.39
766.57
766.75
766.81
766.96
767.03
767.60
767.60
768.51
768.55
768.91
769.02
769.37
769.98
770.74
771.45
771.69
772.16
773.17
773.25
773.52
774.06
774.38
774.53
774.69
775.23
775.33
775.38
775.40
775.71
775.74
775.84
776.18
776.22
776.24
776.27
776.29
776.65
777.28
777.74
778.41
779.00
779.34
779.37
779.59
780.13
780.34
780.77
781.25
781.26
781.36
781.40
781.94
782.31
782.64
782.82
783.08
783.59
783.98
784.12
784.40
784.90
784.93
785.44
786.53
786.86
787.01
787.15
787.77
788.04
788.21
789.16
789.42
790.17
790.59
791.11
791.45
791.71
791.74
791.96
792.17
792.63
794.05
794.26
794.46
794.50
795.55
795.56
795.59
796.55
796.66
797.59
798.16
798.49
798.81
798.99
799.05
799.36
799.87
799.87
800.09
800.46
800.62
801.08
801.53
802.09
802.30
802.37
802.47
802.50
802.71
803.23
803.43
803.46
803.69
803.95
804.14
804.81
804.93
805.31
806.21
806.29
806.33
806.34
807.12
807.71
808.07
808.14
808.36
809.31
809.40
809.99
810.59
810.67
810.87
811.04
811.70
811.98
812.05
812.11
812.53
813.84
814.82
815.04
815.13
816.02
816.22
816.24
816.24
816.79
816.83
816.84
817.14
817.36
817.60
817.76
817.78
817.97
818.45
818.53
818.54
819.30
819.75
820.04
820.35
820.45
820.96
821.39
821.53
821.62
821.73
821.88
822.16
822.40
822.57
823.24
823.62
824.01
824.37
825.75
825.84
826.01
826.43
826.75
827.22
827.28
828.05
828.23
828.73
828.84
829.83
830.06
830.08
830.11
830.21
830.23
830.30
830.71
832.04
832.11
832.23
832.26
832.54
832.61
832.77
832.78
832.84
832.89
833.24
833.89
833.99
834.35
834.40
835.01
835.20
835.41
835.44
835.45
835.66
835.74
836.10
836.12
836.22
837.27
837.37
838.37
838.48
838.72
838.74
838.96
839.10
839.11
839.51
839.59
839.74
839.87
840.07
840.37
840.50
840.87
841.11
841.19
842.13
842.81
842.91
842.99
843.68
844.09
844.16
845.10
845.28
845.77
845.90
846.25
846.44
846.60
846.65
846.67
846.69
846.83
846.84
846.92
847.73
847.91
848.17
848.26
848.51
848.56
849.35
849.44
849.49
849.53
850.15
851.60
852.03
852.90
853.41
853.43
853.85
853.88
854.67
854.78
854.81
855.11
855.68
856.49
856.70
857.07
857.26
857.83
857.95
858.07
858.51
859.28
859.31
859.39
859.56
859.73
859.90
860.02
860.38
860.78
860.82
861.29
861.68
861.82
861.84
861.84
861.85
862.08
862.57
862.92
862.96
863.58
863.70
864.18
864.22
864.27
864.61
864.63
864.81
864.87
865.02
865.66
865.75
866.10
866.41
866.77
867.52
868.25
868.63
868.89
868.97
869.21
869.27
870.51
870.68
870.82
871.40
872.18
872.68
873.05
873.10
873.14
873.32
873.81
874.14
874.79
874.87
875.00
875.03
875.55
876.04
876.16
876.26
876.27
876.32
876.39
876.87
877.27
877.58
877.63
877.75
878.03
878.10
878.31
878.37
878.42
878.74
878.88
878.93
879.30
880.47
881.38
881.45
881.70
881.71
882.31
882.78
883.11
883.27
883.31
883.35
883.38
884.20
884.66
884.73
884.74
885.35
885.57
885.60
885.75
885.77
886.08
886.28
886.74
886.99
887.18
887.77
887.78
887.78
887.86
887.86
888.99
889.14
889.26
889.35
889.38
890.14
890.36
890.96
891.53
891.72
891.79
892.15
892.35
892.62
892.96
893.73
893.80
895.04
895.19
895.34
895.45
895.62
896.65
896.78
897.78
898.61
899.37
899.86
900.13
900.32
900.53
900.57
901.08
901.33
901.39
901.44
901.92
902.48
902.62
902.83
902.86
903.02
903.25
903.57
903.73
904.03
904.71
905.24
905.37
906.37
906.48
906.95
907.22
907.40
907.99
908.33
908.44
908.53
908.72
908.94
909.46
909.66
909.90
909.94
910.11
911.30
911.38
911.56
911.82
912.03
912.10
912.12
912.21
912.36
912.63
912.86
913.18
913.35
913.36
913.50
913.54
913.57
914.68
915.65
915.70
915.93
916.34
916.69
916.96
917.03
917.26
917.77
917.81
918.81
919.24
919.55
919.98
920.02
920.06
920.08
921.39
921.60
921.80
922.66
922.86
923.13
923.37
923.52
923.64
923.71
924.00
924.07
924.43
924.94
925.24
925.98
926.10
926.81
927.85
927.86
928.24
928.26
928.73
928.85
929.12
929.56
930.00
930.60
930.69
931.50
931.56
931.75
932.47
932.52
932.57
932.87
933.40
934.31
934.51
934.83
934.88
935.03
935.56
935.61
935.65
935.83
935.96
936.06
936.24
936.35
936.45
936.68
937.14
937.34
937.60
938.01
938.04
938.50
939.48
940.32
941.06
941.13
941.16
941.23
941.43
942.13
942.79
942.85
943.49
943.49
943.82
944.34
945.12
945.30
945.43
946.07
946.74
947.75
948.02
948.22
948.39
948.57
948.66
948.67
949.44
949.50
950.12
950.72
950.81
951.10
951.15
951.43
951.74
952.19
952.65
953.45
953.84
953.89
954.46
954.90
955.37
955.37
955.40
955.49
956.17
956.25
956.53
956.56
956.61
956.61
957.28
957.39
957.84
958.33
958.45
958.76
959.09
959.27
959.70
959.73
959.88
960.13
960.19
960.38
960.44
960.56
961.56
961.82
962.31
962.45
962.49
963.34
964.14
965.16
965.36
965.48
966.10
966.27
966.45
966.49
966.60
966.79
967.00
967.14
967.28
968.41
969.22
969.54
969.65
969.89
970.19
970.30
970.62
970.65
970.82
970.95
971.64
971.78
972.01
972.11
972.29
972.82
973.22
974.46
974.63
975.02
975.05
975.07
975.11
975.28
975.38
976.70
976.73
977.24
977.29
977.31
978.27
978.58
979.82
980.27
980.58
981.07
981.10
982.07
982.35
982.38
982.88
982.92
982.95
983.20
983.39
983.59
983.65
984.37
984.90
984.99
985.00
985.85
986.49
986.53
986.62
986.64
986.85
987.10
987.32
987.65
988.70
988.75
988.76
989.55
990.10
990.15
991.48
991.64
991.82
992.73
992.98
993.09
993.28
993.36
994.06
994.63
994.78
995.27
996.07
996.59
997.37
997.48
997.65
997.68
998.00
998.65
998.95
999.26
1000.39
1000.61
1000.66
1001.55
1001.84
1002.15
1002.74
1003.10
1003.46
1003.56
1003.74
1003.79
1004.26
1005.66
1005.68
1005.80
1006.15
1006.34
1007.20
1007.43
1007.47
1007.74
1007.75
1007.78
1007.86
1008.23
1008.85
1010.88
1012.07
1012.75
1012.93
1013.04
1013.79
1013.94
1014.11
1014.22
1014.35
1014.41
1014.49
1014.83
1015.06
1015.69
1016.07
1016.10
1016.50
1016.62
1017.45
1017.54
1017.73
1017.75
1018.60
1018.68
1018.72
1019.39
1020.60
1020.98
1021.00
1021.10
1021.31
1021.45
1021.59
1021.87
1022.12
1022.15
1022.71
1022.98
1023.12
1023.22
1023.37
1024.27
1024.44
1025.14
1025.20
1025.48
1025.56
1025.92
1026.87
1027.11
1027.47
1027.70
1028.21
1028.27
1028.47
1028.47
1028.81
1029.33
1029.56
1029.68
1029.97
1030.06
1030.56
1030.93
1032.92
1032.95
1032.95
1033.11
1033.20
1033.39
1033.53
1034.52
1035.25
1036.36
1036.36
1036.64
1036.67
1036.79
1037.17
1037.63
1037.74
1040.76
1041.34
1042.14
1042.21
1042.35
1042.64
1042.81
1042.87
1043.03
1043.26
1043.61
1043.79
1043.83
1043.86
1043.89
1044.59
1044.92
1045.16
1045.98
1046.20
1046.36
1046.51
1046.53
1047.04
1047.59
1047.65
1047.73
1048.42
1048.51
1048.59
1049.54
1049.88
1050.03
1050.29
1050.90
1051.32
1051.40
1051.57
1051.62
1051.84
1052.14
1052.44
1053.15
1053.24
1053.30
1053.93
1053.97
1054.40
1054.69
1054.82
1054.83
1054.92
1055.35
1055.92
1056.15
1056.28
1056.39
1056.43
1056.83
1057.23
1057.37
1057.64
1057.68
1057.75
1058.15
1058.24
1058.54
1059.01
1059.23
1059.24
1059.49
1059.49
1059.63
1059.94
1060.00
1060.04
1060.10
1060.39
1060.65
1060.71
1061.54
1061.73
1062.48
1062.91
1064.62
1064.71
1064.79
1065.17
1065.79
1066.21
1066.36
1066.84
1067.03
1067.18
1067.20
1067.44
1067.61
1068.07
1068.98
1069.13
1069.40
1069.41
1069.50
1070.32
1070.36
1070.46
1070.64
1070.68
1070.90
1071.32
1071.75
1071.88
1072.58
1072.84
1073.41
1073.71
1073.94
1074.22
1074.44
1074.58
1074.73
1075.01
1075.23
1076.16
1076.74
1077.64
1078.16
1078.48
1079.07
1079.31
1079.57
1079.61
1080.10
1080.29
1080.56
1080.62
1080.88
1081.32
1081.34
1082.59
1082.74
1083.38
1083.75
1083.83
1083.83
1083.96
1084.80
1084.95
1085.10
1085.38
1085.51
1085.83
1085.91
1085.94
1086.41
1086.93
1088.12
1088.21
1088.96
1089.12
1089.26
1089.49
1089.52
1089.63
1089.99
1090.16
1090.58
1090.77
1091.01
1091.74
1092.03
1092.18
1092.57
1092.76
1092.89
1092.99
1093.30
1093.36
1093.38
1093.61
1093.63
1093.77
1094.65
1095.43
1096.05
1096.11
1096.69
1097.03
1097.15
1097.64
1098.72
1099.10
1099.36
1100.31
1101.40
1102.22
1102.34
1103.02
1103.07
1103.07
1103.11
1103.35
1103.97
1104.00
1104.05
1104.21
1105.17
1105.29
1106.10
1107.23
1107.34
1107.72
1107.80
1108.06
1108.10
1108.22
1108.70
1108.80
1109.87
1110.94
1112.19
1112.36
1112.49
1112.54
1112.67
1113.01
1113.29
1113.33
1113.48
1113.49
1113.98
1114.27
1114.52
1114.64
1114.87
1115.05
1115.16
1115.25
1115.54
1115.59
1115.61
1115.98
1116.65
1117.36
1117.71
1118.21
1118.34
1118.81
1118.99
1119.14
1119.14
1119.31
1119.92
1120.67
1121.25
1121.36
1122.00
1122.90
1123.17
1123.35
1123.45
1123.80
1124.47
1124.76
1125.08
1125.08
1125.21
1125.31
1126.00
1126.01
1126.27
1126.62
1126.87
1127.72
1127.78
1128.09
1128.20
1128.26
1128.39
1128.88
1129.41
1130.46
1130.74
1130.90
1130.91
1130.92
1131.67
1132.63
1132.82
1132.89
1132.96
1133.96
1134.31
1134.46
1135.05
1136.34
1136.69
1136.73
1137.05
1137.66
1137.86
1137.94
1138.07
1138.15
1138.84
1139.52
1140.09
1140.09
1140.13
1140.67
1141.43
1141.90
1142.27
1143.21
1143.93
1144.18
1144.81
1145.00
1145.05
1145.38
1145.91
1146.06
1146.71
1146.82
1146.93
1147.15
1147.20
1147.39
1148.07
1148.22
1148.23
1148.26
1148.62
1149.23
1150.78
1150.95
1151.28
1151.39
1152.09
1152.37
1152.50
1152.53
1152.72
1153.05
1153.24
1153.78
1154.87
1154.94
1155.24
1155.50
1155.57
1155.86
1156.56
1156.68
1157.54
1157.85
1159.85
1160.64
1161.11
1161.20
1161.35
1162.22
1162.56
1162.74
1162.84
1163.52
1164.10
1164.10
1165.62
1166.66
1166.82
1166.95
1167.49
1167.72
1168.44
1168.47
1168.79
1168.87
1169.08
1170.25
1170.49
1170.71
1171.07
1171.80
1172.12
1172.68
1173.24
1173.34
1173.35
1173.99
1175.17
1175.75
1176.25
1176.28
1177.10
1177.46
1177.92
1178.14
1178.33
1179.27
1179.87
1180.61
1180.80
1180.93
1181.02
1181.65
1181.71
1182.26
1182.29
1182.49
1183.28
1183.44
1183.63
1185.81
1186.77
1187.52
1187.66
1188.04
1188.09
1188.21
1188.94
1189.01
1189.28
1190.00
1190.14
1190.36
1190.38
1190.44
1190.76
1190.82
1191.31
1191.35
1191.60
1191.83
1193.35
1193.35
1193.56
1193.69
1193.87
1193.98
1194.41
1194.66
1194.94
1195.53
1195.90
1196.44
1196.54
1196.56
1197.42
1198.55
1199.55
1200.81
1201.08
1201.14
1201.14
1202.29
1202.29
1202.55
1202.67
1203.03
1203.23
1203.24
1203.66
1203.88
1204.56
1205.11
1205.31
1206.20
1206.27
1206.65
1207.65
1207.76
1209.42
1209.60
1210.22
1210.88
1211.12
1211.20
1211.26
1211.45
1211.46
1211.71
1211.84
1211.88
1211.89
1212.43
1212.46
1212.97
1213.11
1213.13
1214.10
1214.11
1214.49
1215.00
1215.10
1215.62
1215.66
1216.58
1218.27
1218.65
1218.81
1219.17
1219.23
1220.30
1220.87
1221.12
1221.29
1221.32
1221.38
1221.95
1222.11
1222.34
1222.75
1223.00
1223.12
1223.26
1223.49
1223.61
1223.69
1224.32
1226.02
1226.18
1226.23
1227.45
1227.74
1228.12
1228.34
1228.67
1229.09
1230.35
1230.96
1231.51
1231.66
1232.32
1232.93
1233.39
1234.47
1234.64
1236.84
1237.49
1237.79
1238.08
1238.28
1238.40
1238.83
1240.44
1241.17
1241.41
1242.30
1242.34
1242.55
1242.85
1242.99
1243.10
1243.61
1244.19
1244.84
1245.23
1245.40
1245.50
1245.86
1246.35
1247.49
1247.74
1247.95
1248.72
1248.84
1248.97
1249.12
1249.24
1249.26
1249.68
1251.21
1251.37
1251.51
1251.52
1251.60
1251.85
1252.67
1252.77
1253.92
1253.94
1254.37
1255.20
1255.39
1255.81
1255.89
1255.89
1255.96
1256.14
1256.86
1256.86
1257.69
1258.28
1259.18
1259.32
1259.57
1260.90
1261.27
1261.35
1262.51
1262.58
1262.98
1263.48
1263.52
1264.15
1264.26
1264.65
1265.30
1265.81
1266.27
1268.34
1268.87
1269.83
1271.18
1271.24
1272.32
1272.33
1272.92
1273.43
1273.94
1273.96
1274.48
1274.76
1275.23
1275.83
1276.94
1277.06
1277.59
1278.75
1279.08
1279.84
1280.88
1281.67
1282.21
1282.66
1282.68
1282.70
1283.45
1284.20
1284.53
1284.91
1284.98
1285.32
1286.37
1286.39
1286.91
1287.19
1290.34
1291.95
1291.96
1293.05
1293.23
1293.75
1294.16
1294.20
1294.35
1294.42
1294.80
1295.49
1295.67
1295.68
1295.92
1296.60
1296.93
1297.42
1297.65
1298.43
1298.52
1298.93
1298.93
1299.62
1300.77
1300.87
1300.88
1302.40
1302.77
1302.87
1303.18
1304.83
1304.86
1305.35
1305.48
1305.56
1305.65
1305.96
1306.40
1306.59
1306.93
1307.65
1308.43
1308.76
1308.91
1308.97
1309.07
1309.30
1310.20
1310.25
1310.26
1310.73
1311.32
1312.05
1312.19
1312.33
1312.80
1313.31
1313.50
1313.87
1314.29
1314.31
1314.88
1314.95
1314.98
1315.08
1315.55
1315.55
1315.74
1315.97
1316.78
1316.96
1317.45
1317.65
1317.72
1317.75
1319.17
1319.35
1319.54
1321.27
1321.32
1322.17
1322.91
1323.14
1323.93
1325.33
1325.86
1326.38
1326.78
1327.28
1327.73
1327.84
1328.43
1328.92
1329.18
1329.25
1329.86
1329.99
1330.00
1330.42
1330.52
1330.62
1331.15
1331.35
1331.93
1332.64
1333.16
1334.50
1335.18
1335.19
1335.80
1335.86
1336.27
1337.61
1338.00
1338.76
1339.05
1339.59
1340.97
1341.19
1341.36
1341.82
1342.11
1343.35
1343.60
1343.70
1346.19
1346.43
1346.67
1346.73
1346.80
1346.83
1347.59
1347.86
1347.98
1348.48
1348.80
1348.96
1351.26
1352.17
1352.41
1352.54
1352.60
1352.65
1352.86
1354.00
1354.22
1355.44
1355.47
1355.69
1356.73
1357.49
1357.51
1358.64
1358.76
1358.83
1359.04
1359.09
1360.61
1360.98
1361.30
1361.51
1363.37
1363.40
1363.41
1364.00
1364.09
1364.31
1364.41
1364.78
1364.81
1364.99
1365.71
1366.11
1366.82
1367.01
1367.01
1367.12
1367.61
1369.07
1369.23
1369.63
1370.45
1371.67
1372.19
1373.09
1374.09
1374.46
1374.94
1375.20
1375.50
1375.55
1375.62
1375.86
1375.96
1376.02
1377.96
1378.03
1378.32
1378.84
1379.48
1380.24
1380.69
1381.24
1381.48
1381.71
1381.74
1382.80
1383.11
1383.52
1383.62
1383.67
1383.77
1384.40
1384.44
1385.21
1385.85
1386.02
1386.08
1386.39
1386.44
1386.51
1386.84
1388.09
1388.46
1388.52
1388.55
1389.29
1390.04
1391.10
1392.23
1392.68
1393.04
1393.54
1393.82
1394.19
1395.24
1396.98
1397.02
1397.69
1399.11
1399.23
1399.40
1399.73
1400.11
1400.44
1400.49
1400.81
1400.91
1401.29
1401.31
1401.34
1401.41
1401.79
1401.85
1402.86
1402.90
1403.54
1404.33
1404.54
1404.60
1404.65
1404.71
1406.00
1407.43
1407.69
1408.38
1408.56
1409.05
1409.40
1409.82
1410.25
1410.83
1410.86
1410.95
1411.15
1411.35
1411.49
1411.72
1411.76
1412.39
1412.45
1412.56
1413.46
1414.76
1415.13
1415.33
1415.42
1415.73
1415.83
1415.88
1415.95
1416.63
1417.06
1417.49
1417.52
1419.01
1419.02
1419.10
1419.11
1419.15
1419.34
1420.51
1420.65
1420.70
1423.20
1423.24
1423.44
1423.96
1424.31
1424.78
1425.42
1427.12
1427.41
1428.39
1428.64
1429.42
1430.20
1430.21
1430.60
1430.96
1431.13
1431.51
1432.43
1432.75
1433.00
1433.20
1433.23
1433.42
1433.57
1434.10
1434.38
1435.10
1435.27
1435.73
1436.45
1436.63
1437.02
1437.52
1437.75
1437.85
1437.85
1438.25
1438.39
1438.42
1439.59
1439.85
1440.06
1440.46
1441.18
1441.34
1442.60
1444.15
1444.79
1446.33
1446.52
1446.96
1448.03
1449.33
1449.47
1449.51
1449.53
1450.72
1451.79
1451.88
1452.47
1452.48
1452.64
1452.65
1452.75
1453.30
1453.54
1454.64
1454.84
1455.41
1455.80
1456.23
1456.62
1456.81
1457.99
1458.56
1458.58
1458.64
1458.86
1458.94
1459.16
1459.92
1459.98
1461.10
1461.34
1461.53
1464.00
1464.21
1464.32
1464.57
1465.44
1465.74
1465.79
1465.92
1466.03
1467.93
1469.08
1469.65
1469.70
1470.45
1470.59
1470.87
1471.07
1471.89
1472.44
1473.30
1473.38
1473.65
1474.20
1475.80
1476.46
1476.68
1477.19
1477.25
1477.53
1478.07
1478.42
1479.72
1480.21
1480.61
1480.68
1481.22
1481.38
1482.23
1482.41
1482.67
1483.32
1483.36
1484.19
1484.54
1484.67
1485.30
1485.77
1486.23
1487.31
1487.31
1487.33
1487.47
1487.84
1488.37
1489.10
1489.26
1490.42
1491.69
1492.03
1492.42
1492.66
1492.69
1493.07
1493.44
1493.63
1493.65
1494.59
1495.38
1495.80
1498.71
1499.59
1499.64
1499.74
1499.90
1500.56
1500.63
1501.23
1501.23
1502.12
1502.56
1503.02
1503.88
1504.21
1504.52
1505.62
1505.77
1506.29
1507.28
1508.13
1508.15
1508.56
1509.32
1509.95
1510.21
1510.22
1510.39
1510.86
1510.99
1511.12
1511.15
1512.45
1513.31
1514.08
1514.12
1514.13
1514.56
1514.56
1516.35
1517.18
1518.33
1519.14
1519.32
1519.71
1519.75
1521.69
1521.77
1521.95
1522.10
1522.33
1522.48
1522.96
1523.47
1523.48
1523.85
1524.14
1524.70
1524.92
1524.95
1525.56
1525.58
1525.71
1526.17
1526.39
1527.40
1527.54
1528.47
1530.41
1530.41
1530.79
1531.20
1531.20
1531.48
1535.42
1536.16
1536.18
1537.73
1537.83
1538.16
1538.23
1539.04
1539.26
1539.29
1539.64
1540.32
1540.34
1540.67
1540.87
1541.21
1541.29
1541.54
1542.39
1542.56
1543.71
1544.23
1544.25
1544.86
1544.88
1545.21
1545.53
1545.85
1546.10
1546.34
1546.37
1546.62
1548.01
1548.04
1548.93
1549.28
1549.94
1551.13
1551.38
1552.02
1552.40
1552.91
1553.23
1554.29
1555.73
1555.77
1555.99
1556.00
1556.41
1557.67
1557.94
1558.11
1558.19
1558.43
1558.70
1559.14
1559.81
1560.39
1561.13
1561.38
1561.38
1561.40
1561.47
1561.48
1561.60
1562.94
1564.61
1565.43
1569.41
1569.51
1569.53
1569.63
1569.95
1570.34
1570.40
1570.60
1570.62
1570.92
1571.65
1571.76
1572.04
1573.30
1573.42
1575.40
1575.55
1576.64
1577.22
1577.87
1579.87
1581.24
1581.26
1582.28
1582.51
1582.57
1582.88
1582.93
1583.35
1584.15
1584.31
1585.66
1585.83
1586.02
1586.50
1586.55
1587.82
1587.82
1587.86
1588.01
1588.61
1589.35
1589.59
1589.73
1589.94
1590.16
1590.61
1591.37
1592.00
1592.33
1594.95
1595.57
1596.54
1596.64
1598.13
1598.46
1598.49
1598.49
1598.82
1599.41
1599.98
1600.47
1601.04
1601.12
1601.23
1602.35
1602.41
1602.94
1603.13
1603.64
1604.44
1604.70
1604.71
1604.77
1606.59
1606.80
1607.39
1608.70
1610.51
1610.72
1611.27
1612.20
1612.37
1614.13
1614.36
1614.41
1614.90
1614.96
1615.71
1616.06
1616.32
1617.02
1617.61
1617.65
1618.09
1618.44
1618.47
1618.98
1619.14
1619.86
1620.12
1620.14
1620.61
1622.26
1622.40
1622.89
1623.35
1623.63
1623.68
1624.05
1625.86
1626.04
1626.39
1626.39
1626.65
1627.25
1627.50
1628.59
1629.28
1629.88
1629.88
1630.09
1632.08
1632.15
1633.58
1633.76
1634.65
1635.57
1636.20
1636.75
1636.80
1637.67
1637.89
1638.49
1639.66
1639.96
1640.03
1641.33
1641.61
1641.63
1641.91
1641.97
1642.14
1642.16
1643.73
1644.15
1644.21
1644.49
1646.31
1647.38
1647.84
1648.07
1648.87
1649.59
1649.84
1650.02
1650.68
1651.64
1651.64
1651.91
1652.18
1652.20
1652.32
1652.50
1653.05
1653.32
1653.48
1653.52
1654.15
1654.25
1654.63
1655.34
1656.35
1656.65
1657.14
1657.51
1658.75
1658.95
1659.94
1660.13
1660.19
1660.33
1660.60
1661.52
1661.81
1662.06
1663.53
1667.15
1668.65
1669.36
1669.36
1670.77
1670.78
1673.30
1673.62
1673.99
1674.06
1675.15
1675.94
1676.51
1676.71
1677.45
1677.72
1677.81
1680.36
1680.68
1681.03
1681.57
1681.74
1682.96
1683.18
1683.34
1684.56
1685.22
1685.44
1685.76
1685.87
1686.59
1686.84
1687.48
1687.52
1688.45
1688.54
1689.16
1689.20
1689.76
1689.93
1690.17
1690.68
1692.42
1692.65
1693.42
1693.44
1693.57
1693.63
1694.14
1694.18
1694.32
1694.32
1695.29
1695.46
1695.97
1695.99
1696.61
1696.67
1696.76
1696.93
1697.97
1698.05
1698.65
1699.57
1700.66
1701.67
1703.13
1703.96
1705.87
1706.35
1707.00
1707.18
1708.72
1709.46
1710.31
1710.73
1710.73
1711.38
1712.68
1713.75
1714.09
1714.61
1715.42
1716.61
1716.93
1717.06
1717.84
1717.86
1717.91
1718.88
1718.99
1719.05
1719.12
1719.16
1719.42
1720.46
1720.74
1721.08
1721.28
1721.69
1722.10
1722.81
1723.48
1724.23
1724.95
1725.16
1725.68
1726.04
1726.60
1727.05
1727.76
1727.92
1729.70
1729.78
1729.81
1730.09
1730.45
1731.35
1731.61
1733.62
1734.61
1734.78
1734.99
1735.40
1736.60
1737.30
1737.62
1738.35
1739.29
1739.48
1739.82
1740.31
1741.64
1741.85
1742.08
1742.10
1742.12
1742.51
1742.78
1742.96
1743.06
1745.42
1745.51
1745.76
1746.15
1746.70
1747.02
1747.10
1747.42
1748.42
1748.67
1751.34
1751.51
1752.10
1752.25
1752.38
1753.31
1754.71
1756.12
1756.25
1758.12
1759.01
1759.26
1760.15
1760.38
1761.83
1763.79
1764.33
1764.81
1765.42
1766.35
1766.64
1767.02
1767.21
1767.40
1768.71
1768.74
1769.26
1770.70
1771.37
1771.87
1772.00
1772.29
1772.35
1772.65
1772.71
1773.04
1773.53
1773.94
1775.07
1775.19
1775.72
1776.17
1776.22
1777.07
1778.51
1778.59
1778.74
1779.42
1780.78
1781.55
1781.61
1781.92
1781.98
1783.27
1783.33
1783.43
1785.57
1785.63
1785.65
1785.70
1786.03
1786.30
1786.38
1787.19
1787.44
1787.58
1788.72
1788.78
1789.09
1789.88
1789.92
1792.42
1792.54
1793.76
1794.44
1795.93
1798.44
1798.64
1798.77
1799.09
1799.71
1799.84
1800.10
1800.78
1800.95
1801.66
1801.71
1802.53
1803.43
1803.82
1804.09
1804.11
1804.21
1804.56
1805.99
1806.32
1806.93
1807.44
1807.77
1808.20
1808.22
1808.41
1809.00
1809.71
1809.80
1809.82
1810.16
1810.70
1810.86
1811.31
1812.70
1813.19
1813.41
1814.65
1815.00
1815.57
1816.16
1816.59
1817.10
1817.71
1817.83
1817.89
1818.56
1819.54
1820.27
1820.47
1821.67
1822.06
1822.10
1823.84
1824.15
1825.52
1826.74
1827.63
1828.46
1828.82
1830.48
1831.91
1831.97
1832.60
1832.80
1834.67
1834.70
1835.58
1836.25
1836.43
1836.49
1836.87
1838.84
1839.06
1841.81
1842.78
1843.08
1843.08
1845.04
1845.12
1845.66
1846.51
1848.33
1848.83
1849.91
1851.02
1851.42
1851.60
1852.90
1853.30
1853.34
1854.16
1855.93
1856.85
1857.31
1857.78
1859.16
1859.22
1859.43
1860.23
1862.00
1862.45
1862.55
1862.67
1864.91
1865.98
1867.49
1869.11
1871.03
1872.67
1874.19
1874.78
1874.96
1875.67
1876.08
1876.81
1877.19
1878.25
1878.54
1879.06
1879.10
1879.19
1881.81
1881.87
1882.46
1882.91
1883.38
1883.42
1884.60
1884.89
1885.74
1885.85
1885.97
1887.42
1887.46
1887.66
1888.83
1889.28
1889.38
1889.46
1891.08
1891.28
1891.71
1892.22
1893.53
1893.90
1894.11
1894.83
1895.81
1896.51
1896.84
1897.45
1898.54
1899.03
1900.10
1902.41
1902.49
1902.63
1902.88
1903.50
1904.38
1904.46
1905.04
1905.17
1905.56
1906.20
1907.60
1908.12
1908.28
1908.65
1908.69
1909.93
1912.91
1914.53
1915.73
1916.29
1916.70
1916.97
1917.47
1918.09
1918.40
1918.40
1918.55
1919.19
1919.53
1919.92
1920.00
1920.77
1920.92
1921.48
1921.58
1921.62
1921.85
1922.14
1922.14
1922.41
1922.85
1923.43
1923.52
1924.06
1925.35
1925.72
1926.06
1927.58
1928.77
1929.65
1930.56
1932.30
1932.45
1933.43
1933.66
1933.74
1935.96
1936.67
1936.72
1937.26
1937.72
1937.97
1938.14
1938.31
1938.46
1942.93
1942.97
1942.97
1943.68
1944.02
1944.74
1945.92
1947.28
1947.35
1947.58
1947.77
1947.98
1950.30
1950.53
1950.55
1950.87
1951.86
1953.09
1953.93
1954.12
1955.16
1955.48
1955.62
1956.13
1956.98
1957.32
1957.78
1957.83
1957.83
1957.97
1959.44
1961.05
1961.09
1962.22
1962.90
1964.49
1964.72
1965.85
1966.34
1966.42
1966.47
1966.66
1967.36
1967.55
1969.09
1971.22
1971.30
1971.30
1972.07
1973.39
1973.56
1973.80
1974.63
1975.53
1975.89
1976.00
1977.48
1978.40
1980.67
1980.77
1980.99
1981.33
1981.93
1982.08
1983.11
1983.78
1984.83
1985.58
1986.83
1987.67
1989.24
1989.45
1989.56
1990.51
1991.26
1991.32
1993.20
1993.74
1993.78
1993.87
1995.62
1996.42
1997.89
1999.07
1999.59
2000.37
2001.41
2002.78
2002.95
2003.02
2005.18
2005.47
2005.62
2006.25
2007.16
2008.55
2008.75
2009.42
2009.85
2010.57
2011.01
2011.77
2012.66
2012.70
2012.73
2013.12
2014.82
2015.54
2015.78
2016.06
2016.10
2016.78
2017.41
2018.11
2018.55
2019.40
2023.80
2026.01
2026.60
2028.16
2029.28
2030.95
2032.47
2035.17
2035.17
2035.28
2035.66
2038.41
2038.50
2038.87
2039.80
2040.00
2041.57
2043.27
2044.22
2046.06
2048.25
2048.41
2048.43
2048.58
2048.91
2049.51
2049.96
2050.18
2050.45
2050.84
2051.02
2051.18
2051.24
2051.49
2052.09
2054.71
2055.60
2058.78
2060.30
2060.97
2062.19
2062.91
2063.62
2064.36
2064.85
2065.16
2067.62
2067.93
2068.02
2068.83
2071.00
2071.02
2072.48
2072.53
2072.66
2072.91
2073.11
2073.27
2073.58
2073.72
2073.92
2075.51
2075.56
2075.96
2076.16
2076.95
2077.51
2077.58
2078.16
2078.55
2080.30
2080.53
2080.55
2081.83
2082.17
2082.89
2083.21
2083.75
2086.27
2087.13
2088.89
2090.45
2090.97
2091.18
2091.61
2091.61
2091.68
2091.97
2094.32
2094.89
2095.23
2096.37
2098.25
2098.84
2099.18
2100.52
2100.66
2101.07
2101.36
2101.61
2101.82
2102.09
2102.57
2103.73
2103.98
2104.25
2105.16
2105.25
2105.32
2105.57
2105.87
2106.12
2108.44
2108.70
2109.08
2109.22
2109.22
2109.47
2109.70
2115.92
2115.99
2116.83
2117.18
2117.31
2119.35
2120.27
2121.90
2122.84
2123.65
2124.13
2124.57
2126.11
2126.31
2126.36
2126.64
2127.26
2129.88
2130.37
2131.93
2133.46
2134.77
2136.60
2137.36
2138.17
2138.47
2138.87
2139.91
2141.00
2142.18
2142.80
2143.36
2144.26
2146.14
2146.47
2147.10
2147.21
2148.05
2148.84
2149.37
2150.79
2150.82
2151.28
2151.56
2151.75
2156.36
2157.81
2159.23
2160.87
2161.27
2161.36
2161.46
2162.32
2162.48
2164.12
2165.04
2166.37
2166.75
2167.59
2168.04
2169.89
2170.01
2170.34
2171.21
2171.49
2171.93
2173.77
2174.33
2176.10
2177.72
2178.29
2179.89
2180.27
2180.65
2180.72
2180.91
2181.52
2181.54
2181.66
2182.02
2182.09
2182.72
2182.87
2185.54
2186.65
2186.93
2187.50
2187.55
2188.16
2188.47
2190.10
2190.89
2192.00
2192.36
2194.52
2194.92
2195.09
2196.13
2196.70
2196.75
2196.75
2196.96
2197.80
2197.99
2199.08
2199.13
2199.34
2200.18
2200.20
2200.68
2200.91
2201.25
2202.15
2202.22
2205.08
2205.54
2205.56
2206.13
2206.71
2206.85
2207.02
2207.30
2209.77
2210.39
2210.41
2212.04
2213.95
2214.41
2218.27
2219.06
2220.67
2221.78
2221.97
2223.82
2223.97
2224.06
2225.75
2230.88
2231.61
2232.04
2234.22
2234.24
2234.94
2236.42
2236.68
2239.23
2239.61
2241.53
2241.87
2242.30
2242.79
2242.91
2243.91
2245.78
2246.77
2247.99
2249.79
2252.30
2254.93
2256.71
2257.64
2259.84
2259.87
2259.91
2261.55
2264.00
2264.03
2265.13
2265.52
2266.67
2266.87
2267.70
2268.68
2268.76
2271.66
2272.27
2272.81
2272.84
2273.87
2274.78
2277.51
2277.81
2277.88
2278.70
2278.99
2279.41
2279.54
2281.24
2281.53
2281.66
2281.66
2284.08
2284.82
2285.02
2286.25
2286.65
2286.92
2287.91
2287.99
2289.00
2289.94
2290.91
2291.18
2291.31
2293.14
2293.54
2293.89
2294.13
2294.70
2294.75
2297.29
2297.56
2297.56
2297.93
2298.11
2301.19
2301.29
2301.84
2304.01
2304.26
2305.66
2307.33
2307.63
2307.95
2308.45
2308.78
2308.90
2309.00
2309.03
2310.18
2311.78
2311.78
2312.48
2314.08
2314.50
2315.91
2315.96
2316.28
2316.98
2317.11
2317.23
2318.26
2320.52
2322.25
2327.54
2329.35
2330.66
2331.07
2331.65
2331.82
2332.18
2333.99
2334.35
2336.95
2337.73
2340.01
2340.01
2341.00
2341.56
2342.85
2343.13
2343.81
2343.91
2344.98
2345.77
2346.32
2347.01
2347.03
2347.19
2350.34
2350.77
2351.64
2352.45
2353.39
2354.13
2354.13
2354.18
2355.58
2355.86
2357.60
2357.93
2358.06
2360.30
2360.97
2360.97
2361.38
2361.99
2364.06
2366.26
2369.41
2370.36
2372.18
2372.59
2372.95
2373.31
2373.62
2376.78
2377.68
2378.74
2380.69
2381.13
2381.98
2382.44
2382.55
2382.60
2382.99
2383.58
2383.61
2384.04
2386.68
2386.88
2387.92
2388.17
2388.90
2389.21
2389.60
2391.74
2391.85
2391.95
2392.57
2393.06
2393.48
2394.20
2395.65
2396.35
2397.73
2398.20
2399.18
2401.54
2402.32
2405.65
2405.86
2409.33
2409.35
2409.56
2410.06
2410.19
2410.53
2410.73
2412.72
2412.77
2413.27
2415.33
2415.57
2415.72
2415.85
2415.85
2416.01
2416.79
2418.57
2418.99
2420.72
2421.64
2421.82
2422.47
2422.53
2422.66
2422.82
2423.29
2423.52
2426.02
2426.46
2427.62
2429.48
2430.48
2431.93
2432.19
2433.82
2435.62
2436.38
2436.56
2437.70
2438.75
2439.18
2440.84
2441.13
2441.68
2442.82
2443.24
2443.51
2444.04
2444.12
2444.12
2444.20
2447.48
2451.66
2452.54
2453.55
2454.37
2454.90
2456.90
2457.59
2457.61
2457.77
2458.09
2459.64
2459.82
2460.19
2461.77
2463.15
2463.66
2463.90
2465.52
2465.76
2466.06
2466.96
2467.55
2469.07
2469.10
2469.13
2471.00
2473.11
2474.80
2474.91
2475.92
2476.32
2477.80
2478.63
2479.54
2480.13
2480.21
2480.64
2480.72
2481.04
2481.85
2482.39
2483.57
2484.54
2484.83
2485.50
2486.45
2486.61
2487.01
2487.44
2488.71
2489.14
2490.27
2490.46
2492.51
2493.88
2494.04
2496.99
2497.28
2502.53
2503.83
2504.43
2504.70
2505.54
2507.76
2508.25
2509.75
2510.13
2510.29
2510.97
2512.14
2513.01
2513.06
2514.07
2514.99
2516.19
2517.88
2519.43
2520.00
2520.49
2522.05
2522.43
2522.87
2524.86
2526.50
2527.95
2529.48
2529.70
2530.03
2531.59
2532.00
2533.54
2534.72
2535.07
2535.15
2535.54
2536.94
2538.34
2538.45
2538.53
2540.32
2540.43
2542.13
2543.62
2544.36
2545.35
2545.46
2546.34
2546.51
2547.44
2549.21
2549.26
2549.65
2551.58
2552.88
2553.41
2555.01
2555.31
2556.47
2558.19
2560.90
2562.01
2562.18
2564.59
2564.98
2565.17
2565.31
2565.42
2566.09
2567.45
2568.03
2568.65
2569.62
2569.76
2570.62
2572.65
2573.60
2576.02
2576.08
2576.19
2578.28
2578.36
2578.59
2578.81
2580.43
2581.60
2582.75
2582.83
2583.22
2584.51
2584.73
2584.90
2587.00
2587.61
2587.75
2588.09
2589.63
2589.74
2590.44
2591.37
2592.46
2592.97
2595.10
2595.80
2596.67
2597.32
2597.99
2598.39
2600.22
2602.64
2604.41
2605.14
2605.96
2608.90
2609.12
2609.63
2610.76
2611.13
2612.54
2613.59
2613.95
2613.95
2615.14
2618.60
2620.75
2621.12
2621.26
2623.02
2624.15
2624.21
2625.69
2627.14
2628.81
2631.52
2632.14
2632.54
2633.34
2633.48
2633.94
2634.74
2635.19
2636.16
2636.39
2637.96
2645.88
2648.46
2648.97
2649.40
2650.72
2651.90
2652.53
2652.84
2655.20
2656.64
2657.59
2659.86
2660.43
2660.72
2662.02
2664.18
2665.10
2666.80
2666.89
2668.71
2669.26
2670.64
2670.70
2670.90
2672.43
2676.37
2678.49
2678.49
2679.33
2680.78
2688.27
2690.51
2691.30
2691.30
2692.78
2693.28
2693.42
2696.66
2697.18
2697.53
2699.23
2699.34
2699.55
2700.86
2701.36
2703.50
2705.54
2705.84
2706.60
2708.06
2709.15
2710.35
2711.82
2713.72
2714.96
2716.34
2716.96
2717.78
2719.16
2721.19
2721.43
2723.58
2724.58
2724.61
2724.90
2725.32
2727.00
2729.33
2730.01
2730.16
2730.25
2731.04
2733.23
2733.59
2733.97
2736.28
2736.54
2737.08
2737.34
2738.65
2739.03
2740.72
2740.87
2741.58
2745.50
2745.56
2748.00
2748.21
2748.47
2749.28
2750.41
2751.15
2751.42
2751.98
2752.43
2755.32
2758.16
2760.69
2761.59
2761.62
2762.10
2762.61
2763.14
2767.87
2768.23
2769.13
2769.37
2769.67
2771.08
2773.96
2775.88
2776.84
2779.30
2780.54
2780.90
2781.41
2781.80
2782.40
2784.93
2789.28
2789.70
2789.82
2791.09
2791.48
2791.78
2792.33
2793.50
2793.96
2795.23
2795.59
2798.56
2799.50
2799.62
2801.80
2803.22
2804.47
2805.26
2806.23
2806.26
2808.08
2810.42
2813.34
2813.89
2814.68
2816.78
2816.78
2818.28
2818.92
2819.62
2820.08
2820.78
2820.87
2821.69
2822.00
2822.28
2823.59
2825.36
2825.64
2826.22
2826.46
2827.35
2828.14
2828.42
2829.15
2829.49
2829.71
2830.20
2832.95
2834.91
2835.34
2836.97
2837.43
2839.03
2845.18
2853.32
2853.72
2854.71
2858.63
2859.37
2859.37
2859.68
2859.68
2860.15
2860.21
2861.57
2862.56
2862.81
2863.58
2864.20
2864.67
2865.35
2865.41
2867.77
2868.21
2868.21
2869.88
2871.84
2872.68
2873.21
2873.49
2874.39
2875.04
2876.04
2876.94
2877.56
2878.18
2878.90
2879.18
2879.74
2881.08
2881.64
2881.89
2882.39
2885.98
2888.51
2890.20
2890.42
2893.11
2894.71
2894.86
2897.59
2899.06
2903.17
2904.30
2906.38
2907.10
2908.64
2910.41
2910.53
2911.38
2911.95
2912.39
2912.42
2914.03
2914.50
2915.73
2918.26
2920.12
2920.22
2921.10
2922.08
2922.43
2922.68
2924.68
2926.07
2926.83
2926.92
2927.08
2927.34
2927.53
2928.48
2931.61
2932.15
2932.57
2933.30
2934.25
2934.50
2936.03
2936.06
2936.31
2936.69
2937.74
2938.89
2940.32
2940.57
2942.36
2944.52
2944.68
2945.95
2948.00
2949.30
2950.23
2950.64
2951.89
2953.77
2954.77
2954.99
2956.11
2956.49
2957.20
2957.90
2958.22
2961.33
2961.84
2962.03
2963.02
2963.06
2963.22
2966.75
2968.70
2969.54
2969.80
2970.57
2973.30
2973.78
2974.72
2977.33
2977.39
2977.91
2980.10
2980.87
2981.03
2981.87
2984.13
2984.65
2985.68
2987.07
2988.30
2988.69
2989.62
2992.50
2995.87
2996.33
2998.21
2998.79
2998.96
3002.01
3003.31
3004.70
3007.57
3008.18
3017.31
3022.21
3022.64
3024.18
3027.06
3027.74
3027.97
3030.69
3031.15
3032.30
3033.52
3034.70
3034.80
3038.18
3038.25
3038.34
3040.78
3041.47
3042.85
3046.18
3046.21
3046.31
3047.76
3049.77
3050.40
3050.43
3052.51
3053.11
3053.73
3054.36
3055.72
3058.63
3059.42
3061.38
3064.99
3065.52
3065.89
3067.15
3067.28
3067.78
3069.10
3069.47
3069.54
3069.80
3070.17
3072.33
3073.39
3075.35
3078.42
3078.92
3082.88
3082.88
3083.78
3086.15
3089.29
3089.49
3091.57
3091.70
3093.84
3094.14
3101.45
3103.23
3103.87
3104.74
3105.75
3107.03
3109.48
3110.36
3110.96
3113.52
3114.23
3114.67
3118.92
3123.61
3135.09
3135.22
3136.04
3137.09
3137.19
3137.57
3139.23
3139.84
3142.19
3143.41
3145.35
3146.40
3146.54
3146.95
3147.70
3148.92
3149.64
3149.78
3149.81
3150.46
3152.68
3153.53
3155.44
3156.84
3156.94
3157.90
3158.07
3158.48
3159.64
3163.40
3164.64
3166.11
3170.29
3172.90
3173.62
3174.65
3176.78
3182.42
3183.39
3185.08
3185.90
3187.73
3188.52
3192.87
3193.46
3194.26
3195.71
3196.43
3197.16
3200.14
3201.00
3203.08
3203.25
3204.68
3205.58
3207.45
3208.21
3209.60
3211.51
3214.16
3217.74
3219.06
3221.61
3222.34
3222.51
3225.58
3226.11
3226.52
3227.19
3228.03
3228.55
3229.00
3231.31
3231.80
3231.98
3233.37
3234.32
3236.59
3238.31
3239.61
3240.06
3241.61
3242.20
3243.08
3243.78
3245.19
3246.34
3246.45
3246.84
3248.10
3249.02
3252.29
3253.10
3254.79
3255.95
3258.27
3258.77
3259.51
3260.04
3260.85
3261.02
3261.55
3264.10
3264.66
3264.84
3265.44
3267.45
3267.66
3267.74
3268.12
3268.48
3270.64
3271.59
3271.87
3272.48
3275.45
3275.81
3277.69
3278.54
3278.71
3279.74
3279.89
3282.41
3285.18
3287.10
3287.20
3288.48
3290.76
3292.76
3294.65
3295.04
3298.93
3301.18
3301.50
3308.47
3308.76
3311.77
3315.14
3315.28
3315.39
3315.96
3318.94
3321.81
3321.92
3323.07
3324.22
3325.48
3327.71
3329.77
3330.67
3332.14
3332.47
3334.63
3334.74
3334.85
3338.21
3339.69
3341.06
3343.41
3346.38
3349.60
3351.27
3352.29
3354.83
3358.97
3363.04
3364.57
3366.28
3366.39
3366.90
3371.46
3374.19
3374.49
3375.07
3376.38
3377.66
3377.70
3382.23
3382.53
3382.86
3383.08
3383.92
3385.31
3390.66
3392.02
3392.09
3393.27
3393.97
3394.22
3395.43
3396.76
3397.16
3398.30
3399.37
3399.59
3402.16
3403.23
3405.18
3407.03
3407.32
3408.21
3409.05
3409.17
3409.57
3409.72
3410.16
3410.16
3410.68
3410.79
3411.19
3413.52
3414.78
3415.92
3416.85
3417.03
3417.59
3417.81
3417.81
3418.84
3419.03
3419.47
3420.84
3421.62
3421.91
3422.91
3427.29
3428.47
3428.59
3429.14
3430.40
3431.33
3431.78
3435.60
3438.88
3441.37
3441.71
3442.41
3443.01
3443.31
3444.72
3445.84
3445.95
3448.75
3450.51
3450.92
3450.92
3451.48
3459.36
3460.04
3461.46
3462.36
3462.55
3462.85
3464.35
3464.61
3466.03
3467.20
3472.68
3473.35
3476.89
3479.82
3480.31
3482.27
3484.31
3484.53
3488.16
3488.91
3493.18
3493.97
3497.19
3497.38
3498.97
3500.14
3500.82
3501.01
3502.64
3503.47
3503.89
3504.42
3505.56
3506.39
3507.19
3507.61
3508.86
3509.01
3511.44
3514.03
3514.60
3516.96
3517.41
3518.71
3519.51
3519.51
3520.27
3521.11
3522.94
3524.80
3527.63
3527.63
3527.78
3530.72
3532.29
3532.52
3533.05
3533.20
3534.70
3539.33
3539.71
3540.25
3540.97
3544.35
3546.34
3546.38
3547.34
3548.14
3551.91
3552.33
3552.83
3554.60
3558.06
3560.22
3562.88
3562.88
3563.34
3565.04
3566.20
3568.55
3568.67
3569.40
3569.55
3569.90
3571.64
3572.65
3573.84
3576.13
3576.59
3577.98
3579.42
3579.65
3584.14
3587.99
3588.10
3588.61
3593.00
3593.42
3594.20
3599.30
3600.74
3603.47
3604.25
3604.56
3604.76
3607.18
3607.64
3608.03
3609.99
3613.54
3614.44
3615.03
3619.14
3620.04
3621.45
3621.65
3622.35
3622.59
3623.53
3628.27
3629.45
3632.04
3635.03
3636.76
3639.05
3639.16
3639.16
3640.82
3642.20
3642.63
3645.98
3646.81
3649.34
3650.56
3651.59
3655.90
3657.16
3657.64
3658.35
3662.98
3667.03
3667.47
3670.32
3673.42
3673.90
3675.73
3678.47
3683.29
3688.32
3689.04
3690.31
3691.51
3692.03
3692.47
3694.55
3694.71
3698.63
3700.59
3703.63
3703.95
3704.32
3704.32
3704.80
3705.32
3707.84
3710.89
3712.02
3712.10
3716.20
3717.61
3720.74
3722.11
3724.25
3725.66
3727.72
3729.73
3730.26
3731.79
3731.91
3734.09
3737.65
3740.60
3740.73
3747.00
3749.72
3750.13
3758.45
3762.32
3764.72
3764.97
3765.58
3768.84
3775.00
3776.19
3780.81
3781.99
3782.89
3783.67
3791.25
3794.37
3797.74
3797.82
3800.62
3800.74
3800.78
3802.59
3804.61
3808.93
3811.32
3814.46
3815.45
3816.89
3817.47
3820.61
3820.98
3822.06
3822.56
3826.78
3831.33
3833.70
3836.64
3838.76
3842.75
3844.83
3845.79
3846.12
3846.45
3846.66
3848.08
3851.12
3851.32
3852.07
3852.20
3853.33
3853.66
3853.78
3853.91
3864.89
3870.71
3872.22
3873.14
3873.68
3877.21
3878.30
3879.01
3879.22
3887.29
3889.81
3893.31
3895.62
3902.58
3905.12
3909.18
3910.53
3911.38
3914.00
3916.50
3917.73
3919.34
3921.67
3921.67
3923.63
3924.09
3925.96
3927.62
3930.13
3932.17
3934.64
3936.09
3936.55
3938.73
3940.13
3941.63
3947.13
3953.37
3954.18
3954.35
3954.53
3955.08
3957.74
3960.61
3962.11
3965.32
3967.30
3977.10
3979.12
3980.97
3981.49
3983.56
3984.03
3984.72
3987.70
3988.90
3989.81
3990.33
3996.64
3997.03
3999.19
4000.53
4000.88
4006.77
4009.11
4011.19
4011.41
4015.67
4019.23
4021.32
4023.97
4024.76
4032.86
4035.22
4039.33
4039.59
4052.59
4052.99
4056.54
4060.89
4067.18
4071.01
4073.83
4075.63
4083.58
4083.84
4089.46
4090.57
4092.69
4092.96
4093.84
4096.41
4099.83
4100.36
4102.00
4106.13
4107.91
4109.55
4111.02
4113.91
4115.11
4116.27
4120.59
4127.56
4128.23
4130.41
4133.68
4135.29
4135.33
4136.23
4139.09
4142.27
4142.54
4143.53
4144.34
4147.61
4147.97
4150.31
4153.05
4159.34
4162.63
4162.85
4163.75
4164.29
4169.34
4172.95
4173.95
4176.21
4176.93
4177.43
4177.47
4182.63
4184.44
4187.02
4187.43
4187.97
4193.87
4194.55
4197.23
4201.09
4209.78
4212.47
4212.65
4215.89
4220.13
4221.68
4222.60
4229.18
4233.12
4235.96
4238.02
4238.98
4243.25
4243.89
4246.70
4249.41
4250.47
4254.19
4257.14
4257.32
4261.01
4261.24
4263.32
4266.59
4268.76
4270.75
4271.81
4274.91
4275.33
4277.13
4279.12
4280.09
4280.19
4285.56
4291.41
4291.45
4291.78
4292.48
4293.87
4299.36
4299.59
4300.15
4301.17
4303.31
4304.89
4306.06
4306.15
4307.92
4312.54
4314.36
4316.13
4318.66
4318.94
4321.27
4321.93
4323.15
4323.85
4330.54
4331.90
4332.00
4333.87
4334.39
4334.95
4338.33
4343.49
4344.81
4346.13
4349.09
4354.41
4356.25
4358.09
4360.35
4362.47
4363.56
4363.99
4371.45
4372.35
4373.91
4376.18
4376.23
4376.23
4377.65
4378.03
4381.54
4382.39
4386.23
4386.52
4386.61
4387.99
4392.55
4395.45
4404.59
4412.32
4414.42
4418.19
4418.62
4423.41
4423.69
4431.41
4431.55
4431.84
4433.76
4434.81
4439.04
4439.13
4443.46
4448.22
4448.85
4451.74
4454.77
4455.06
4459.35
4460.94
4461.28
4461.96
4462.34
4463.17
4465.53
4466.11
4479.23
4484.03
4485.24
4485.24
4486.45
4489.66
4490.34
4493.21
4497.19
4499.24
4501.24
4502.06
4503.28
4505.13
4506.40
4507.91
4512.94
4515.04
4518.95
4519.29
4522.13
4523.16
4525.55
4527.66
4527.81
4528.79
4528.98
4531.48
4532.86
4536.00
4536.09
4536.29
4537.96
4538.70
4539.53
4540.51
4544.15
4546.07
4550.45
4553.40
4554.64
4554.64
4557.00
4559.86
4563.22
4566.43
4566.68
4574.79
4574.93
4577.11
4577.26
4578.05
4579.24
4583.11
4583.51
4586.88
4589.41
4589.56
4590.80
4593.09
4593.78
4596.07
4603.73
4610.66
4610.96
4612.66
4613.11
4624.20
4625.05
4626.50
4627.51
4629.71
4632.42
4633.12
4636.73
4644.26
4648.03
4648.33
4648.58
4651.55
4660.67
4662.33
4663.29
4675.22
4676.23
4676.78
4678.05
4678.96
4682.81
4687.32
4687.98
4698.44
4701.08
4702.00
4706.22
4710.50
4710.81
4727.05
4734.47
4740.77
4741.95
4742.16
4743.08
4744.98
4748.94
4752.69
4753.31
4755.05
4763.55
4771.86
4772.06
4774.34
4776.14
4777.85
4780.85
4781.16
4785.25
4787.22
4788.30
4793.85
4794.16
4794.63
4800.18
4809.96
4810.53
4810.84
4810.94
4813.60
4815.58
4815.94
4818.08
4823.51
4823.98
4825.75
4829.88
4830.35
4846.58
4848.10
4851.93
4856.50
4856.50
4872.50
4875.77
4878.78
4894.27
4901.79
4914.22
4916.51
4919.96
4920.92
4922.73
4926.36
4928.44
4936.17
4940.45
4941.68
4942.80
4943.50
4944.78
4944.89
4945.74
4947.62
4947.67
4956.30
4958.01
4963.54
4968.86
4969.29
4970.10
4978.01
4978.44
4978.92
4979.52
4979.79
4983.34
4985.61
4989.22
4990.20
5005.50
5011.51
5012.60
5014.99
5020.36
5021.18
5021.50
5025.52
5026.72
5027.59
5032.05
5041.15
5043.99
5047.70
5061.81
5063.07
5078.33
5079.26
5081.73
5087.56
5091.25
5092.80
5095.11
5104.82
5110.79
5111.35
5112.34
5113.56
5115.77
5119.15
5119.32
5121.31
5127.74
5127.85
5142.24
5145.02
5152.77
5152.99
5156.34
5159.24
5159.69
5160.52
5165.94
5171.93
5173.05
5174.50
5178.53
5180.61
5189.08
5190.26
5195.48
5195.76
5196.83
5198.91
5202.51
5206.40
5210.80
5211.08
5214.29
5215.70
5217.40
5220.56
5221.35
5228.53
5229.26
5233.40
5235.04
5239.63
5245.24
5249.96
5251.09
5258.88
5261.27
5264.35
5286.15
5288.73
5289.13
5289.64
5290.10
5292.27
5292.79
5306.15
5315.34
5323.63
5324.78
5325.13
5329.40
5337.71
5343.37
5343.95
5352.28
5357.78
5359.64
5368.23
5377.41
5379.04
5384.57
5396.47
5414.19
5416.48
5417.65
5421.76
5423.16
5430.86
5434.15
5435.09
5436.85
5442.91
5444.80
5447.86
5449.69
5452.58
5455.95
5461.56
5468.00
5472.26
5474.28
5477.12
5478.36
5479.25
5481.63
5484.24
5491.95
5498.32
5505.16
5507.49
5507.84
5515.60
5516.25
5516.73
5516.91
5521.51
5523.78
5524.08
5528.38
5532.75
5537.12
5547.38
5555.18
5568.97
5574.57
5576.26
5588.58
5598.75
5603.11
5606.87
5610.33
5613.19
5614.83
5616.41
5622.85
5625.04
5631.50
5632.53
5633.02
5638.57
5642.35
5649.56
5650.78
5659.72
5660.02
5678.06
5679.35
5689.31
5704.72
5707.81
5716.65
5725.81
5728.97
5730.33
5731.45
5745.48
5753.94
5757.12
5759.05
5768.59
5770.78
5783.65
5786.78
5786.84
5793.67
5795.87
5800.32
5801.77
5802.58
5808.61
5814.71
5817.79
5821.01
5822.90
5826.36
5828.88
5831.09
5831.72
5833.11
5839.87
5841.70
5852.77
5854.42
5854.61
5855.05
5855.69
5856.64
5869.39
5882.36
5889.36
5890.83
5891.21
5891.85
5894.91
5904.93
5909.15
5909.72
5911.07
5917.53
5930.16
5932.98
5933.11
5935.16
5935.74
5945.96
5949.44
5951.95
5959.49
5966.33
5966.84
5974.72
5975.37
5976.28
5982.29
5987.73
5988.51
6002.26
6006.03
6009.21
6019.69
6020.99
6026.60
6027.64
6031.10
6037.83
6040.50
6046.65
6050.32
6070.58
6073.47
6080.44
6080.96
6083.00
6091.17
6095.26
6095.79
6105.56
6105.75
6107.60
6120.64
6125.41
6133.56
6138.81
6147.45
6179.53
6182.47
6184.81
6189.96
6190.57
6198.21
6201.43
6201.83
6201.83
6210.83
6211.97
6218.02
6236.48
6248.64
6256.29
6259.88
6270.11
6291.18
6299.62
6303.65
6309.31
6313.75
6325.30
6336.88
6340.72
6341.34
6345.05
6365.67
6366.16
6366.43
6374.08
6385.96
6391.49
6397.02
6401.11
6406.58
6410.81
6415.94
6419.49
6423.86
6430.89
6446.49
6446.63
6451.72
6452.91
6484.34
6485.95
6490.44
6493.25
6494.73
6496.13
6504.43
6509.22
6510.35
6510.91
6518.17
6520.01
6521.49
6531.87
6543.26
6548.85
6550.27
6552.89
6558.14
6560.91
6561.26
6561.69
6605.28
6607.36
6621.67
6624.46
6646.43
6652.76
6659.53
6664.72
6686.03
6687.84
6687.91
6699.14
6713.72
6724.70
6726.37
6730.09
6747.59
6751.82
6753.14
6764.10
6767.55
6777.73
6780.52
6785.73
6791.46
6792.71
6800.94
6801.39
6810.81
6811.62
6819.51
6819.66
6825.34
6833.18
6837.24
6851.91
6874.56
6875.08
6875.30
6888.85
6902.21
6920.98
6935.07
6943.63
6951.15
6952.12
6967.86
6971.11
7002.71
7036.50
7063.51
7076.43
7078.73
7079.65
7080.80
7084.09
7118.82
7119.21
7124.68
7126.15
7130.46
7132.24
7139.73
7144.21
7152.33
7164.88
7170.31
7184.36
7207.49
7208.19
7212.95
7215.99
7219.74
7222.32
7225.05
7247.68
7251.37
7270.30
7289.99
7340.57
7342.08
7346.21
7367.62
7379.67
7386.22
7386.38
7395.82
7397.58
7429.99
7431.92
7433.85
7447.69
7461.32
7465.44
7478.70
7482.02
7506.83
7520.90
7530.26
7534.34
7538.09
7541.43
7548.29
7560.88
7570.78
7578.65
7590.71
7593.01
7606.91
7609.46
7681.43
7686.75
7696.82
7703.90
7708.49
7736.73
7740.92
7745.36
7750.30
7763.98
7771.46
7773.23
7774.49
7780.30
7789.65
7813.54
7815.99
7875.41
7876.77
7877.11
7882.14
7891.02
7917.19
7936.57
7949.63
7964.79
7970.65
8003.14
8018.48
8032.38
8036.81
8116.51
8133.03
8175.21
8187.69
8191.14
8191.85
8203.21
8228.72
8229.25
8239.68
8250.74
8268.70
8272.46
8280.43
8389.91
8389.91
8414.28
8417.37
8445.93
8469.90
8470.45
8475.04
8489.08
8496.25
8498.08
8563.43
8575.30
8586.26
8595.09
8625.18
8632.37
8659.21
8665.21
8718.35
8738.84
8802.42
8813.76
8831.80
8900.49
8909.45
8929.04
8935.42
8962.63
8966.60
9058.17
9072.78
9086.93
9126.34
9170.68
9219.73
9243.21
9247.01
9256.12
9290.33
9301.80
9308.54
9318.22
9318.82
9343.76
9412.76
9429.07
9448.98
9459.82
9466.38
9481.55
9518.76
9554.25
9582.83
9597.56
9693.05
9693.78
9713.00
9802.21
9834.61
9846.32
9883.79
9898.77
9909.70
9933.10
9954.40
9971.11
9981.15
10012.84
10018.59
10030.84
10050.18
10053.55
10072.93
10104.15
10139.96
10140.73
10360.10
10404.92
10451.41
10464.08
10473.14
10476.09
10583.98
10586.50
10607.02
10667.91
10734.02
10757.62
10780.23
10854.43
10977.62
10994.38
11010.33
11129.86
11165.57
11321.15
11332.55
11407.10
11410.93
11567.31
11572.19
11707.32
11721.77
11746.65
11749.58
11805.39
11818.04
11823.93
11830.20
11919.24
11986.49
12045.64
12050.85
12220.63
12267.40
12278.95
12382.48
12451.80
12486.61
12505.13
12572.70
12674.73
12931.27
13092.32
13099.97
13199.28
13259.54
13406.98
13433.99
13604.84
13630.92
13678.64
13694.93
13799.79
13818.32
13885.31
14053.84
14109.60
14276.99
14289.66
14506.98
14961.61
14962.91
14977.97
15104.26
15182.09
15357.21
15384.99
15536.21
15561.61
15707.94
15947.34
16079.37
16516.13
16541.17
16686.23
16906.12
17633.63
17954.37
18498.62
18727.60
19497.81
19599.33
22585.30
22795.46
26623.74
26959.42
28045.71
30306.74
