2.73
3.31
3.61
3.94
4.07
4.32
4.58
4.64
4.88
4.94
4.95
4.98
5.06
5.17
5.31
5.34
5.40
5.46
5.58
5.69
5.75
6.15
6.28
6.36
6.38
6.49
6.67
6.71
6.83
6.90
6.93
6.97
7.03
7.07
7.25
7.37
7.58
7.73
7.75
7.84
7.97
8.05
8.07
8.08
8.33
8.41
8.41
8.43
8.44
8.49
8.53
8.63
8.63
8.71
8.74
8.75
8.82
8.82
8.91
9.02
9.10
9.19
9.32
9.47
9.47
9.55
9.55
9.56
9.62
9.65
9.75
9.80
9.80
9.85
9.85
9.85
9.93
9.95
10.05
10.06
10.07
10.10
10.12
10.21
10.22
10.28
10.33
10.36
10.37
10.43
10.54
10.57
10.64
10.65
10.69
10.72
10.74
10.82
10.96
10.98
10.99
11.03
11.03
11.03
11.08
11.09
11.09
11.11
11.12
11.13
11.17
11.48
11.52
11.52
11.56
11.57
11.57
11.59
11.60
11.61
11.65
11.65
11.66
11.66
11.68
11.81
11.85
11.94
11.97
12.00
12.11
12.14
12.20
12.27
12.32
12.34
12.34
12.36
12.53
12.54
12.57
12.75
12.80
13.03
13.12
13.18
13.22
13.23
13.23
13.24
13.36
13.44
13.47
13.48
13.51
13.53
13.54
13.60
13.61
13.62
13.65
13.73
13.79
13.86
13.94
13.95
13.97
13.99
14.01
14.02
14.03
14.04
14.10
14.15
14.25
14.29
14.30
14.31
14.39
14.40
14.47
14.63
14.69
14.75
14.77
14.83
14.96
15.01
15.02
15.32
15.33
15.37
15.44
15.48
15.53
15.55
15.84
15.90
15.94
15.96
15.96
15.97
16.20
16.29
16.31
16.45
16.45
16.46
16.47
16.50
16.66
16.67
16.73
16.79
16.81
16.90
16.90
16.92
16.95
16.95
17.03
17.04
17.13
17.14
17.15
17.19
17.24
17.24
17.31
17.34
17.35
17.35
17.38
17.43
17.47
17.51
17.55
17.55
17.65
17.67
17.73
17.75
17.76
17.78
17.78
17.78
17.81
17.81
17.85
17.89
17.91
17.98
18.00
18.13
18.21
18.22
18.30
18.31
18.31
18.34
18.36
18.38
18.39
18.46
18.58
18.62
18.69
18.71
18.74
18.74
18.78
18.81
18.83
18.85
18.86
18.87
18.91
18.95
18.99
19.04
19.13
19.22
19.22
19.27
19.30
19.32
19.52
19.67
19.86
19.92
19.92
19.96
19.96
20.13
20.14
20.14
20.14
20.17
20.34
20.36
20.37
20.39
20.40
20.40
20.42
20.43
20.50
20.54
20.56
20.60
20.64
20.69
20.71
20.71
20.74
20.86
20.89
20.95
21.00
21.00
21.02
21.02
21.05
21.07
21.13
21.14
21.17
21.17
21.18
21.19
21.27
21.39
21.41
21.41
21.46
21.48
21.51
21.53
21.56
21.60
21.71
21.79
21.79
21.96
22.00
22.00
22.07
22.14
22.21
22.22
22.49
22.55
22.64
22.79
22.85
22.85
22.86
22.96
23.09
23.10
23.21
23.40
23.47
23.50
23.56
23.59
23.60
23.68
23.74
23.75
23.77
23.78
23.79
23.80
23.83
23.84
23.98
24.03
24.04
24.15
24.22
24.24
24.31
24.35
24.41
24.43
24.61
24.65
24.73
24.81
24.84
24.91
24.93
24.95
25.03
25.06
25.13
25.20
25.24
25.28
25.31
25.35
25.40
25.47
25.57
25.71
25.72
25.72
25.75
25.78
25.80
25.83
25.84
25.88
25.94
25.99
26.00
26.16
26.53
26.57
26.62
26.91
26.94
26.95
26.96
26.96
27.00
27.17
27.18
27.20
27.42
27.45
27.48
27.52
27.55
27.57
27.66
27.67
27.74
27.79
27.79
27.80
27.83
27.93
28.07
28.12
28.14
28.16
28.20
28.41
28.44
28.47
28.49
28.67
28.67
28.70
28.71
28.74
28.84
28.87
28.88
29.06
29.11
29.13
29.15
29.24
29.41
29.54
29.69
29.75
29.79
29.80
29.82
29.83
29.87
29.91
29.92
29.93
29.94
30.04
30.06
30.21
30.27
30.34
30.37
30.41
30.45
30.52
30.54
30.58
30.59
30.60
30.66
30.72
30.75
30.79
30.98
31.00
31.04
31.12
31.13
31.14
31.18
31.19
31.31
31.32
31.35
31.44
31.54
31.60
31.70
31.73
31.94
31.97
31.98
32.01
32.06
32.07
32.08
32.16
32.17
32.17
32.19
32.21
32.24
32.34
32.35
32.44
32.45
32.51
32.71
32.75
32.81
32.87
32.88
32.93
32.94
32.99
33.02
33.06
33.08
33.13
33.13
33.14
33.16
33.17
33.22
33.24
33.25
33.29
33.31
33.38
33.41
33.48
33.64
33.87
33.89
33.90
33.92
33.95
33.97
34.02
34.04
34.06
34.09
34.19
34.21
34.30
34.35
34.36
34.44
34.47
34.58
34.58
34.67
34.72
34.85
34.89
34.94
34.95
34.99
35.02
35.11
35.14
35.15
35.25
35.28
35.30
35.38
35.40
35.49
35.53
35.67
35.69
35.77
35.81
35.88
36.14
36.15
36.15
36.17
36.18
36.18
36.25
36.33
36.55
36.58
36.62
36.64
36.69
36.80
36.89
36.94
37.03
37.03
37.04
37.09
37.40
37.44
37.47
37.51
37.56
37.60
37.62
37.67
37.67
37.76
37.78
37.79
37.92
37.94
38.00
38.04
38.12
38.16
38.17
38.23
38.32
38.36
38.38
38.46
38.48
38.63
38.68
38.71
38.80
38.81
38.87
38.98
39.00
39.06
39.12
39.12
39.12
39.23
39.23
39.25
39.33
39.49
39.58
39.60
39.70
39.90
39.92
39.92
39.94
39.98
40.03
40.11
40.18
40.20
40.33
40.35
40.45
40.49
40.49
40.52
40.81
40.88
40.90
40.93
40.93
40.98
41.01
41.12
41.39
41.46
41.47
41.84
41.91
41.98
42.04
42.05
42.31
42.36
42.43
42.49
42.55
42.58
42.61
42.66
42.66
42.69
42.79
42.84
42.95
43.02
43.08
43.11
43.18
43.19
43.22
43.24
43.32
43.59
43.66
43.81
43.87
43.87
43.88
44.08
44.10
44.23
44.25
44.35
44.36
44.41
44.43
44.48
44.62
44.68
44.73
44.73
44.88
44.94
44.98
44.99
45.01
45.04
45.07
45.10
45.13
45.27
45.33
45.45
45.55
45.66
45.68
45.70
45.72
45.73
45.77
45.83
45.84
46.17
46.37
46.38
46.41
46.44
46.49
46.49
46.50
46.58
46.61
46.69
46.75
46.79
46.93
46.93
47.25
47.55
47.68
47.74
47.81
47.82
47.84
47.84
47.89
47.91
48.03
48.05
48.12
48.15
48.17
48.18
48.21
48.27
48.31
48.37
48.39
48.40
48.41
48.42
48.45
48.48
48.54
48.58
48.59
48.62
48.67
48.70
48.72
48.78
48.80
48.85
48.87
49.01
49.08
49.19
49.20
49.23
49.27
49.29
49.35
49.53
49.90
49.99
50.02
50.05
50.14
50.22
50.30
50.43
50.54
50.58
50.61
50.92
51.00
51.20
51.21
51.23
51.31
51.32
51.34
51.38
51.50
51.68
51.77
51.80
51.85
51.88
51.98
52.02
52.06
52.06
52.07
52.20
52.25
52.27
52.36
52.41
52.45
52.85
52.86
52.88
52.92
52.98
53.02
53.09
53.21
53.22
53.33
53.34
53.45
53.48
53.56
53.58
53.63
53.64
53.70
53.71
53.83
53.85
53.85
53.86
53.95
53.96
53.99
54.03
54.03
54.11
54.12
54.15
54.19
54.25
54.30
54.41
54.44
54.47
54.55
54.62
54.86
54.99
55.02
55.05
55.06
55.08
55.14
55.24
55.26
55.27
55.39
55.48
55.61
55.63
55.83
56.23
56.28
56.43
56.44
56.44
56.50
56.52
56.67
56.70
56.78
56.80
56.99
57.01
57.01
57.03
57.07
57.11
57.36
57.45
57.59
57.68
57.71
57.74
57.84
57.96
58.00
58.04
58.04
58.12
58.15
58.35
58.37
58.39
58.48
58.50
58.52
58.67
58.77
58.85
58.91
58.95
58.99
59.02
59.13
59.15
59.34
59.37
59.46
59.55
59.71
59.77
59.86
59.90
60.00
60.01
60.01
60.02
60.04
60.26
60.27
60.68
60.70
60.87
60.92
60.98
61.01
61.07
61.12
61.20
61.39
61.42
61.43
61.50
61.53
61.54
61.55
61.56
61.64
61.79
61.81
61.84
61.88
61.92
61.95
62.01
62.02
62.11
62.13
62.14
62.23
62.40
62.42
62.49
62.49
62.50
62.63
62.72
62.73
62.87
62.88
63.06
63.08
63.15
63.15
63.17
63.21
63.32
63.34
63.42
63.47
63.60
63.60
63.62
63.62
63.66
63.74
63.75
63.82
64.01
64.06
64.25
64.28
64.31
64.62
64.69
64.78
64.79
65.03
65.05
65.11
65.11
65.15
65.45
65.87
65.88
65.88
65.89
66.07
66.18
66.19
66.21
66.24
66.32
66.35
66.49
66.57
66.67
66.79
66.86
66.96
66.98
67.07
67.11
67.12
67.22
67.28
67.50
67.52
67.56
67.60
67.64
67.77
67.78
67.99
68.02
68.17
68.22
68.24
68.32
68.38
68.41
68.42
68.43
68.45
68.55
68.56
68.64
68.77
68.91
68.98
69.07
69.14
69.41
69.47
69.53
69.61
69.72
69.75
69.83
69.94
69.96
70.00
70.00
70.05
70.21
70.22
70.38
70.47
70.87
70.95
70.98
71.03
71.07
71.14
71.15
71.25
71.37
71.38
71.46
71.81
71.84
71.85
71.86
71.96
71.99
72.01
72.03
72.04
72.11
72.24
72.30
72.31
72.51
72.52
72.69
72.83
73.01
73.04
73.06
73.15
73.16
73.20
73.29
73.34
73.35
73.37
73.50
73.53
73.56
73.62
73.63
73.64
73.69
73.69
73.70
73.72
73.76
73.77
73.84
73.87
73.88
73.93
73.97
74.02
74.10
74.25
74.30
74.31
74.32
74.50
74.58
74.65
74.65
74.71
74.84
74.95
75.01
75.14
75.21
75.26
75.50
75.55
75.66
75.68
75.69
75.74
75.82
76.02
76.02
76.04
76.05
76.05
76.11
76.17
76.28
76.40
76.48
76.71
76.75
76.82
76.85
76.91
77.11
77.12
77.17
77.25
77.30
77.34
77.39
77.43
77.50
77.51
77.56
77.61
77.67
77.68
77.68
77.71
77.74
77.79
77.85
77.90
77.90
78.05
78.07
78.24
78.26
78.33
78.33
78.45
78.54
78.54
78.79
78.93
78.98
78.99
79.07
79.18
79.21
79.25
79.34
79.39
79.42
79.47
79.49
79.65
79.75
79.81
79.83
79.95
80.01
80.15
80.18
80.26
80.45
80.54
80.58
80.62
80.71
80.76
80.79
80.80
80.88
81.03
81.07
81.09
81.35
81.35
81.46
81.51
81.63
81.65
81.98
82.06
82.11
82.11
82.12
82.24
82.35
82.36
82.45
82.58
82.61
82.84
83.10
83.11
83.15
83.38
83.42
83.44
83.45
83.54
83.56
83.91
84.01
84.02
84.11
84.38
84.47
84.51
84.56
84.75
84.99
85.13
85.35
85.45
85.47
85.47
85.55
85.73
85.79
85.90
85.90
86.19
86.20
86.44
86.44
86.53
86.58
86.82
86.92
86.93
87.15
87.17
87.18
87.19
87.19
87.22
87.35
87.40
87.48
87.52
87.55
87.58
87.59
87.66
87.79
87.95
87.96
88.09
88.25
88.30
88.31
88.35
88.67
88.71
88.88
88.99
89.10
89.50
89.51
89.64
89.71
89.71
89.82
89.88
89.88
89.94
89.96
90.02
90.07
90.09
90.10
90.13
90.59
90.78
90.90
90.96
91.01
91.41
91.42
91.48
91.51
91.51
91.57
91.66
91.83
91.91
91.95
92.62
92.63
92.72
92.86
92.95
93.04
93.11
93.16
93.19
93.34
93.39
93.43
93.48
93.56
93.83
93.90
94.01
94.04
94.22
94.41
94.45
94.49
94.52
94.68
95.16
95.19
95.31
95.42
95.45
95.56
95.56
95.71
95.76
95.86
95.87
95.92
95.96
96.16
96.38
96.74
96.75
96.94
96.97
97.07
97.11
97.17
97.20
97.28
97.34
97.42
97.64
97.92
98.00
98.07
98.35
98.36
98.45
98.51
98.60
98.74
98.84
98.97
99.10
99.26
99.43
99.56
99.64
99.70
99.70
99.89
99.98
100.00
100.07
100.21
100.32
100.53
100.57
100.57
100.58
100.79
100.88
100.89
100.91
100.95
100.98
101.01
101.03
101.04
101.05
101.05
101.08
101.16
101.20
101.36
101.39
101.75
101.81
101.97
101.99
102.32
102.34
102.36
102.38
102.42
102.49
102.52
102.61
102.77
102.78
102.79
103.19
103.31
103.39
103.46
103.50
103.59
103.61
103.66
103.69
103.73
103.89
103.97
103.99
104.09
104.18
104.28
104.38
104.45
104.53
104.64
104.71
104.74
104.77
104.85
104.97
105.07
105.29
105.52
105.63
105.79
105.79
105.99
106.12
106.24
106.25
106.34
106.37
106.50
106.50
106.65
106.81
106.83
106.89
106.91
107.05
107.15
107.17
107.24
107.26
107.31
107.62
107.80
107.81
107.86
108.12
108.22
108.22
108.42
108.46
108.48
108.57
108.67
109.05
109.21
109.21
109.24
109.26
109.51
109.51
109.62
109.72
109.79
109.86
109.90
110.07
110.27
110.27
110.42
110.48
110.58
110.61
110.67
110.90
111.09
111.30
111.37
111.39
111.63
111.75
112.29
112.40
112.48
112.49
112.68
112.77
112.79
112.81
112.83
112.83
112.84
112.84
112.94
113.06
113.07
113.33
113.39
113.43
113.58
113.59
113.59
113.66
114.37
114.38
114.40
114.65
114.73
114.76
114.83
114.83
114.97
115.00
115.22
115.27
115.29
115.37
115.52
115.56
115.62
115.79
115.89
115.95
116.32
116.48
116.50
116.61
116.70
116.79
116.80
116.88
117.06
117.09
117.18
117.58
117.86
117.95
117.97
117.99
118.13
118.44
118.73
118.84
119.06
119.15
119.20
119.35
119.40
119.54
119.56
120.00
120.09
120.18
120.37
120.75
121.47
121.59
121.91
121.97
121.97
122.17
122.25
122.33
122.42
122.43
122.44
122.53
122.73
122.86
122.96
123.01
123.12
123.18
123.19
123.27
123.72
123.74
123.87
123.98
124.00
124.26
124.26
124.35
124.41
124.51
124.58
124.94
125.28
125.33
125.34
125.43
125.54
125.63
125.76
125.78
125.87
126.02
126.34
126.53
126.55
126.55
126.69
126.80
127.02
127.07
127.25
127.34
127.36
127.62
127.68
127.75
127.75
127.79
128.07
128.27
128.45
128.71
128.77
128.78
128.93
128.95
128.96
129.00
129.05
129.16
129.30
129.41
129.49
129.51
129.75
129.80
129.80
129.82
129.94
130.27
130.35
130.38
130.54
130.55
130.59
130.60
130.68
130.77
130.87
130.90
130.94
130.99
131.00
131.19
131.23
131.39
131.49
131.54
131.55
131.77
131.80
131.89
131.95
131.96
132.18
132.63
132.86
132.90
132.96
133.01
133.11
133.40
133.42
133.46
133.71
133.75
133.87
133.94
134.21
134.26
134.30
134.53
134.72
134.95
134.96
135.01
135.35
135.51
135.55
135.58
135.91
135.95
136.11
136.27
136.61
136.70
136.71
136.72
136.75
137.04
137.11
137.23
137.29
137.56
137.64
137.67
137.73
138.03
138.03
138.13
138.15
138.26
138.30
138.31
138.38
138.69
138.74
138.91
139.05
139.08
139.12
139.21
139.52
139.56
139.65
139.85
139.96
140.26
140.30
140.36
140.47
140.49
140.69
140.70
140.72
140.87
140.90
141.37
141.42
141.49
141.55
141.56
141.62
141.62
141.73
141.73
141.81
141.82
142.23
142.25
142.34
142.58
142.65
142.79
142.86
142.88
143.09
143.12
143.24
143.28
143.35
143.73
143.73
143.98
144.01
144.08
144.20
144.24
144.42
144.72
144.75
144.78
144.83
144.90
144.91
145.00
145.18
145.23
145.47
145.48
145.54
145.66
145.73
145.75
145.77
145.86
145.93
146.00
146.07
146.14
146.31
146.40
146.43
146.45
146.63
146.90
147.03
147.09
147.18
147.23
147.45
147.61
147.74
147.85
147.88
147.94
147.96
148.01
148.04
148.13
148.29
148.56
148.82
148.83
149.08
149.13
149.18
149.19
149.30
149.33
149.41
149.99
150.10
150.16
150.18
150.34
150.35
150.41
150.44
150.50
150.55
150.85
150.92
150.92
151.08
151.30
151.36
151.38
151.39
151.41
151.52
151.73
151.79
152.20
152.22
152.45
152.55
152.55
152.55
152.63
152.91
152.94
153.29
153.41
153.61
153.69
153.85
153.92
153.93
154.19
154.27
155.06
155.23
155.27
155.31
155.49
155.55
155.62
155.69
155.79
155.84
155.84
156.03
156.15
156.21
156.39
156.43
156.48
156.66
156.75
156.78
156.85
156.91
156.96
157.14
157.30
157.34
157.45
157.47
157.48
157.86
158.10
158.22
158.23
158.26
158.30
158.38
158.39
158.47
158.62
158.74
158.74
158.80
158.86
158.88
159.12
159.17
159.25
159.49
159.51
159.75
159.79
159.94
159.95
160.02
160.08
160.11
160.14
160.25
160.32
160.33
161.12
161.14
161.32
161.37
161.72
161.82
163.17
163.23
163.61
163.64
163.76
163.93
163.97
164.14
164.22
164.71
164.87
165.02
165.32
165.76
165.94
166.00
166.29
166.33
166.50
166.74
166.77
166.89
167.54
167.74
167.94
168.10
168.24
168.38
168.52
168.82
168.92
168.97
168.98
169.29
169.44
169.88
170.17
170.18
170.44
170.68
170.70
170.83
170.97
171.00
171.12
171.25
171.45
171.51
171.55
171.57
171.59
171.65
171.74
171.84
171.92
171.92
171.96
172.20
172.20
172.22
172.46
172.52
172.59
172.61
172.74
173.04
173.05
173.15
173.19
173.30
173.57
173.73
174.13
174.14
174.15
174.29
174.70
174.78
174.96
175.01
175.19
175.29
175.35
175.38
175.43
175.62
175.92
176.10
176.16
176.18
176.42
176.43
176.82
176.89
176.94
177.19
177.36
177.44
177.54
178.08
178.15
178.15
178.27
178.30
178.34
178.35
178.67
178.81
178.87
179.02
179.13
179.43
179.44
179.51
179.88
179.95
180.14
180.15
180.19
180.52
180.66
180.85
181.15
181.21
181.47
181.70
181.83
181.92
181.94
181.97
182.06
183.72
183.85
184.01
184.29
184.50
184.50
184.52
184.63
184.65
184.69
184.79
184.83
184.92
185.12
185.40
185.40
185.66
185.69
185.87
185.88
185.89
186.18
186.54
186.57
186.67
186.75
187.13
187.28
187.41
187.49
187.73
187.84
187.88
188.07
188.09
188.14
188.31
188.37
188.51
188.57
188.58
188.83
188.98
189.07
189.12
189.17
189.27
189.34
190.37
191.27
191.65
191.69
191.79
191.81
191.99
192.69
192.84
192.95
193.05
193.18
193.19
193.19
193.65
193.74
193.87
193.88
194.09
194.52
194.55
194.62
194.78
194.90
194.97
195.09
195.16
195.19
195.24
195.60
195.71
195.85
195.88
195.91
196.05
196.13
196.23
196.38
196.57
196.84
196.91
197.01
197.08
197.29
197.57
197.73
197.94
198.15
198.20
198.31
198.46
198.62
198.67
198.87
198.93
199.08
199.21
199.44
199.49
199.79
200.00
200.12
200.14
200.24
200.45
200.52
200.65
201.17
201.58
201.63
201.74
201.78
202.42
202.44
202.55
202.62
202.64
202.73
203.02
203.10
203.11
203.22
203.51
203.60
203.63
204.10
204.16
204.43
204.55
204.58
204.76
204.80
204.98
205.00
205.00
205.07
205.15
205.17
205.20
205.33
206.27
206.32
206.67
206.69
206.90
207.12
207.25
207.29
207.46
207.65
207.86
207.92
208.10
208.33
208.38
208.44
208.52
208.57
208.64
208.71
208.81
208.97
209.03
209.09
209.26
209.63
209.66
209.72
209.86
209.98
210.07
210.26
210.62
210.72
210.72
210.74
210.97
211.24
211.85
212.01
212.38
213.00
213.14
213.20
213.31
213.41
213.70
213.98
214.05
214.06
214.16
214.31
214.96
215.04
215.07
215.43
215.58
215.66
215.72
216.05
216.16
216.17
216.25
216.28
216.49
216.55
216.80
216.86
216.96
217.03
217.06
217.14
217.73
217.85
217.86
217.97
218.13
218.26
218.51
218.56
218.70
219.00
219.57
219.71
219.79
219.82
219.87
219.97
219.99
220.08
220.25
220.96
221.18
221.20
221.34
221.40
221.44
221.47
221.50
221.55
221.80
222.19
222.26
222.36
222.39
222.43
222.44
222.49
222.66
222.78
223.03
223.40
223.55
223.77
223.88
224.27
224.43
224.45
225.02
225.04
225.04
225.14
225.32
225.35
225.38
225.58
225.58
225.74
225.79
225.92
226.24
226.51
226.80
227.04
227.13
227.32
227.38
227.43
227.88
227.98
228.13
228.18
228.49
228.88
229.13
229.35
229.43
229.62
229.66
229.83
230.00
230.07
230.19
230.55
230.92
231.08
231.25
231.98
232.22
232.30
232.40
232.50
232.55
232.70
232.80
233.35
233.81
233.87
234.18
234.79
234.93
235.25
235.64
235.79
236.12
236.35
236.59
236.59
236.76
236.85
237.09
237.11
237.28
237.31
237.43
237.63
237.77
237.82
238.13
238.19
238.23
238.24
238.37
238.74
238.83
238.87
239.16
239.36
239.41
239.51
239.57
239.82
240.00
240.16
240.19
240.25
240.29
240.32
240.33
240.47
241.00
241.20
241.30
241.42
241.49
241.61
242.41
242.44
242.44
242.68
242.76
242.77
243.05
243.13
243.24
243.30
243.82
244.04
244.15
244.26
244.32
244.57
244.71
244.86
244.89
245.29
245.49
245.77
246.03
246.54
247.31
247.46
247.53
247.61
247.69
247.86
248.32
248.55
248.72
248.83
248.85
249.46
249.52
249.82
249.97
250.04
250.07
250.41
250.66
250.71
250.86
251.25
251.37
252.11
252.14
253.11
254.17
254.23
254.43
254.45
254.46
254.49
255.18
255.45
256.01
256.14
256.41
256.58
256.64
256.72
256.78
257.26
257.50
258.11
258.18
258.47
259.38
259.66
259.70
259.96
260.09
260.17
260.31
260.47
260.47
260.89
260.96
260.98
261.06
261.38
261.60
261.71
261.76
261.83
261.97
262.14
262.15
262.19
262.21
262.61
262.74
262.92
263.02
263.06
263.13
263.31
263.71
263.72
264.98
265.15
265.27
265.33
265.39
265.69
265.96
265.98
266.60
266.67
266.81
266.97
267.01
267.03
267.12
267.39
267.52
267.71
267.82
267.85
268.03
268.22
268.40
268.48
268.89
269.08
269.36
269.64
269.75
269.88
269.91
269.91
269.92
270.08
270.12
270.17
270.43
270.54
270.88
271.08
271.40
271.48
271.66
271.81
272.02
272.38
272.41
272.86
273.25
273.45
273.53
273.63
274.09
274.23
274.43
274.61
274.64
274.80
274.98
275.79
275.81
275.88
276.03
276.24
276.64
276.94
276.96
277.15
277.19
277.55
277.61
278.24
278.25
278.48
278.68
278.69
278.78
278.80
279.13
279.16
279.63
279.71
279.75
279.79
280.71
280.75
280.89
280.92
280.96
280.97
281.43
281.71
281.84
281.88
282.15
282.23
282.24
282.38
282.57
282.64
282.71
282.72
282.79
282.96
283.24
284.42
284.59
285.47
285.70
285.79
286.17
286.62
286.72
286.93
287.28
287.71
287.79
287.82
287.88
287.97
288.09
288.20
288.42
288.44
288.47
288.67
288.68
288.87
288.97
289.16
289.20
289.46
289.48
289.74
289.99
290.07
290.21
290.42
290.46
291.06
291.24
291.64
292.06
292.11
292.22
292.65
292.87
293.13
293.13
293.46
293.61
293.93
293.99
294.00
294.03
295.21
295.25
295.47
295.50
295.50
296.07
296.18
296.55
296.62
296.78
297.02
297.05
297.12
297.57
297.65
297.69
298.00
298.23
298.51
298.78
298.84
298.91
299.06
299.08
299.16
299.26
299.56
299.77
300.01
300.33
300.36
301.28
301.68
301.72
301.86
302.21
302.34
302.49
302.63
302.67
302.75
303.01
303.23
303.87
303.94
304.02
304.28
304.33
304.47
304.82
305.22
305.42
305.97
306.02
306.36
306.46
307.48
307.49
307.50
307.91
308.21
308.24
308.31
308.56
309.95
309.96
310.14
310.18
310.66
310.66
310.88
310.99
311.05
311.12
311.42
311.58
311.80
312.05
312.34
312.97
313.14
313.37
313.45
314.05
314.06
314.23
314.29
314.44
314.68
315.10
315.23
315.81
315.82
316.10
316.58
316.77
316.96
317.15
317.55
317.67
318.23
318.95
319.39
319.56
319.61
319.79
320.43
320.44
320.97
321.26
321.57
321.89
321.92
322.08
322.30
322.60
322.65
322.73
323.68
324.50
324.60
324.83
324.94
325.08
325.35
325.43
325.61
326.38
326.84
327.28
327.57
328.22
328.31
328.34
328.35
328.35
328.35
328.38
328.53
328.70
328.72
328.99
329.12
329.16
329.46
329.58
330.07
330.36
330.85
330.93
331.63
331.64
331.85
331.95
332.19
332.21
332.73
332.96
333.23
333.26
333.40
333.63
333.84
334.04
334.23
334.73
335.02
335.46
335.56
335.70
336.04
336.65
336.71
337.02
337.19
337.26
337.63
338.15
338.19
338.76
338.77
339.04
339.24
339.42
339.46
339.63
339.63
339.63
339.64
339.92
340.24
340.39
340.49
340.63
340.99
341.06
341.17
341.24
341.89
342.10
342.15
342.93
343.24
343.27
344.17
344.41
344.66
344.79
344.80
345.01
345.17
345.54
346.08
346.28
346.45
346.53
346.79
346.81
346.91
347.69
347.82
348.03
348.04
348.12
348.43
348.56
348.76
348.84
348.84
348.93
349.25
349.48
349.82
349.95
350.57
350.93
351.13
351.58
351.58
351.80
351.94
353.08
353.09
353.55
353.60
353.93
354.15
354.31
355.39
355.47
356.35
356.50
356.62
356.68
356.75
356.90
357.05
357.55
357.57
357.60
357.77
357.80
358.33
358.60
359.36
359.36
359.38
359.66
359.89
359.96
360.03
360.06
360.09
360.26
360.32
360.34
360.47
360.81
361.06
361.61
361.66
361.76
362.06
362.28
362.61
363.08
363.78
364.24
364.35
364.47
364.52
364.55
364.55
365.41
365.62
366.21
366.26
366.41
366.91
367.23
368.11
368.18
368.28
368.51
368.87
368.88
369.21
369.42
369.63
370.09
370.15
371.00
371.78
371.98
372.05
372.29
372.43
372.46
373.06
373.31
373.66
374.69
374.78
374.97
376.34
376.44
376.79
376.93
377.30
377.57
377.63
378.29
378.71
378.71
378.76
379.06
379.60
379.94
380.00
380.72
381.96
382.23
382.28
382.56
382.76
382.88
383.29
383.51
383.88
384.17
384.43
384.45
385.13
385.27
385.60
386.36
386.62
386.63
386.65
386.95
387.10
387.49
387.95
388.63
388.96
389.13
389.24
389.53
389.78
390.03
390.59
390.70
390.84
390.89
391.09
391.16
392.34
392.59
392.82
393.24
393.70
393.72
393.92
394.64
394.65
395.65
395.88
396.09
396.65
396.87
397.30
398.50
398.53
398.61
398.68
398.88
398.91
398.98
399.04
399.58
399.63
399.70
399.78
400.27
400.33
400.55
400.63
401.58
401.61
402.03
402.11
402.41
402.44
402.84
402.91
403.20
403.25
403.26
403.28
403.72
404.11
404.21
404.30
404.93
406.06
406.49
406.58
406.90
407.05
407.18
407.41
407.52
407.60
407.65
408.17
408.39
408.41
408.63
408.75
408.96
409.04
409.69
409.71
409.84
410.42
410.70
410.74
410.80
411.00
411.23
411.26
411.35
411.37
411.61
411.75
412.24
412.32
412.39
412.58
413.48
413.70
413.94
414.04
414.63
415.09
415.42
415.65
416.04
416.38
416.40
417.08
417.23
417.59
418.42
418.63
418.77
418.85
419.50
419.67
419.90
421.19
421.32
422.93
423.09
423.15
423.46
423.50
423.80
425.29
425.68
426.10
426.39
426.73
427.05
427.58
428.23
428.26
428.37
428.70
428.76
429.35
429.39
429.44
429.68
430.50
430.59
430.84
431.11
431.67
432.17
432.18
432.40
432.51
432.64
432.82
433.02
433.03
433.48
433.54
433.57
434.16
434.42
434.43
434.51
434.59
435.01
435.06
435.15
435.17
435.43
435.65
435.72
435.85
436.11
436.47
436.54
436.98
437.14
437.29
437.33
437.79
438.03
438.08
438.35
438.41
438.41
438.44
438.69
438.75
438.79
438.82
438.95
438.97
439.01
439.03
439.03
439.18
439.21
439.49
439.60
439.79
439.84
440.36
440.73
441.15
441.81
442.20
442.31
442.77
442.80
443.44
443.69
443.71
444.63
445.10
445.24
445.42
445.44
445.63
445.68
445.94
446.10
446.17
446.52
446.64
446.65
446.90
447.90
447.96
448.26
448.28
448.30
448.50
448.78
448.98
449.85
450.21
450.74
451.00
451.39
451.77
452.35
452.43
452.50
452.91
453.04
453.08
453.17
453.44
453.52
454.01
454.07
454.87
455.31
455.96
456.58
456.63
456.84
457.40
458.21
458.84
459.07
459.44
459.88
460.01
460.03
460.49
460.70
461.29
462.06
462.25
462.30
462.32
462.83
462.98
463.05
463.34
463.49
463.56
463.72
463.90
463.95
464.27
464.50
464.58
465.00
465.07
465.14
465.16
465.81
466.16
466.26
466.93
467.10
467.62
467.66
467.74
467.84
468.56
468.84
468.94
469.11
469.92
470.01
470.14
471.67
472.71
472.82
472.92
473.36
473.40
473.41
473.41
473.54
473.90
474.01
474.35
474.43
474.50
474.99
476.16
476.39
476.42
476.46
476.60
478.12
478.20
478.32
478.54
478.81
478.91
479.08
479.47
479.49
479.65
479.65
479.71
480.01
480.28
481.47
481.49
481.63
482.12
482.27
482.60
482.95
483.12
483.18
483.27
483.70
484.55
484.73
484.80
485.35
485.38
486.15
486.24
486.41
486.55
486.70
487.28
488.67
489.26
489.71
489.89
490.42
490.53
490.85
490.95
491.06
491.37
491.38
491.48
492.22
492.40
493.01
493.17
493.27
493.64
493.72
493.93
494.09
494.09
494.46
494.79
494.91
494.96
495.50
495.55
495.61
495.88
496.07
496.34
497.41
497.77
497.92
497.94
497.99
498.00
498.04
498.41
498.57
498.62
498.94
499.07
499.30
499.78
500.06
500.27
500.39
500.75
501.15
501.40
501.88
501.97
502.48
502.71
503.50
503.57
503.87
504.33
505.45
505.68
505.74
506.81
507.41
507.41
507.46
507.57
508.34
510.10
510.68
511.03
511.08
511.24
511.61
511.70
511.80
512.15
512.18
513.09
513.09
513.79
513.83
514.04
514.08
514.19
514.75
514.81
514.92
515.53
516.01
516.68
516.75
517.22
517.83
518.52
518.97
519.04
519.19
520.41
520.68
520.74
520.78
521.26
521.31
521.49
522.58
522.91
523.19
523.33
523.56
523.61
523.72
524.21
525.18
525.31
525.34
525.50
525.66
526.09
526.98
527.46
527.66
528.28
529.72
529.91
531.22
531.27
531.64
531.82
531.89
531.95
532.06
532.23
532.46
533.21
533.54
533.84
533.96
534.22
534.55
534.70
535.00
535.39
535.39
535.89
535.90
536.02
536.02
536.31
536.58
536.70
537.02
537.36
537.50
537.56
537.67
537.73
537.78
537.80
538.04
538.11
538.17
538.35
538.96
539.60
539.67
539.73
539.97
541.33
541.36
541.63
541.63
541.88
542.51
542.70
542.98
543.18
543.53
543.82
544.77
544.88
545.32
546.07
546.27
546.67
547.53
547.57
547.69
547.69
548.15
548.28
548.38
548.63
549.04
549.40
549.77
550.76
550.97
551.01
551.03
551.20
551.47
552.06
552.34
552.45
552.60
552.63
552.88
553.30
553.35
554.45
554.56
554.57
554.90
554.91
555.99
556.07
556.11
556.32
556.74
557.17
557.26
557.73
557.90
558.76
558.89
558.99
559.26
560.16
560.48
560.65
560.76
560.98
561.06
561.33
561.99
563.03
563.25
563.37
563.46
563.85
564.23
565.42
565.45
565.46
566.07
566.76
566.78
566.80
566.97
567.04
567.06
567.13
567.53
568.00
568.26
568.58
568.79
568.80
568.94
569.36
569.48
569.66
569.75
570.23
570.76
571.37
571.75
571.98
572.50
572.56
572.69
573.14
573.20
573.63
573.70
574.92
576.29
576.84
576.95
577.26
577.29
577.46
577.51
577.91
580.55
581.34
581.83
582.52
582.53
583.01
583.77
584.26
584.36
584.84
586.21
586.38
587.23
587.51
587.84
588.25
588.29
588.32
588.34
588.55
588.57
588.61
589.30
589.71
589.89
590.46
590.77
591.40
591.44
591.97
592.32
592.33
592.42
592.74
592.87
593.74
594.00
594.11
594.32
594.52
594.54
596.31
596.39
596.88
597.17
597.19
598.37
598.55
599.35
599.55
599.60
599.96
600.87
600.96
601.68
601.81
601.85
602.05
602.28
602.51
602.55
602.92
602.96
603.79
604.22
605.13
605.28
605.87
605.97
606.67
607.67
608.13
608.54
608.59
609.03
609.62
609.70
609.77
610.06
610.06
610.08
610.33
610.39
610.43
610.63
610.98
612.52
612.70
612.78
613.07
613.10
613.39
613.47
613.86
614.29
614.37
614.66
615.16
616.01
616.43
616.67
617.48
617.54
617.76
618.61
618.92
619.01
619.73
620.21
620.31
620.41
621.20
621.30
621.78
621.97
623.05
623.39
623.45
623.48
624.26
624.27
624.37
624.67
624.85
625.42
625.91
626.10
627.54
627.58
628.04
628.16
628.26
628.50
629.63
629.91
630.06
630.18
630.31
630.39
630.51
630.64
630.88
631.78
632.86
633.08
633.57
633.83
633.83
634.24
634.50
634.56
634.60
634.61
634.63
634.77
635.45
635.53
635.66
635.81
636.63
636.72
636.80
636.87
636.88
636.95
637.94
638.27
638.73
639.53
639.89
641.36
642.49
642.63
643.27
643.58
643.84
644.01
644.32
644.45
644.93
645.06
645.09
645.43
645.61
645.85
646.72
646.92
647.41
648.19
648.88
649.48
649.79
649.96
650.19
650.29
650.41
650.48
650.54
650.63
650.79
650.97
651.08
651.19
651.33
651.59
651.67
652.02
652.21
652.75
652.77
652.87
653.04
653.27
653.49
653.53
654.02
654.21
654.51
654.79
655.31
655.44
656.65
657.02
657.45
658.15
659.15
659.44
659.49
659.61
660.30
660.42
660.62
660.77
660.95
661.23
661.39
661.55
661.85
662.07
662.62
662.94
663.33
663.96
664.03
664.12
664.23
664.43
664.80
665.06
665.18
665.58
665.87
665.91
666.08
666.09
666.64
667.12
667.72
668.22
668.78
669.74
669.81
670.18
671.03
671.42
672.33
673.11
675.03
675.18
675.31
675.79
676.49
676.58
677.04
677.16
677.58
677.70
677.82
677.88
678.86
679.24
679.38
680.10
680.35
681.03
681.42
681.51
682.45
682.78
682.87
683.13
684.05
684.46
684.54
684.78
685.33
686.34
686.35
686.81
687.31
687.67
687.87
688.23
688.72
689.38
689.80
689.87
691.62
692.06
692.26
692.42
692.94
694.35
695.11
695.90
697.27
697.75
697.76
698.04
698.22
698.33
699.43
699.50
699.95
700.12
700.83
700.90
701.45
701.87
701.93
702.67
702.87
703.65
704.36
704.81
704.82
705.05
705.13
705.13
705.46
706.14
706.55
707.52
707.54
708.54
708.62
709.64
710.17
710.72
710.95
711.51
711.68
712.24
712.50
712.73
713.26
713.73
714.20
714.24
714.52
714.86
715.58
715.83
716.07
716.10
717.76
718.54
719.13
719.36
719.36
719.90
720.01
720.35
720.39
720.91
721.59
721.79
721.94
722.04
722.51
722.82
723.82
724.22
724.29
724.86
725.29
725.46
725.47
725.60
725.75
725.82
725.96
726.71
727.11
727.29
727.93
728.17
728.67
728.88
729.06
729.33
729.58
729.80
730.39
730.73
730.80
730.84
731.24
732.94
734.22
735.72
736.18
736.31
737.25
738.36
739.33
739.41
739.47
739.73
740.12
740.32
740.63
740.69
741.70
742.33
742.73
743.22
743.73
744.05
744.27
745.06
745.26
746.11
746.36
747.10
749.16
749.89
750.18
750.93
751.12
751.31
751.36
753.22
754.62
755.10
755.39
756.04
756.37
756.59
756.69
756.85
756.94
757.92
758.94
759.57
760.14
760.47
760.56
760.84
761.90
762.35
762.47
762.62
762.67
762.91
763.78
764.77
764.95
765.02
765.33
765.65
766.08
766.45
766.79
767.21
767.57
769.05
770.04
770.85
770.89
771.67
771.91
772.81
772.83
772.89
773.91
774.08
774.14
774.26
775.83
776.62
777.05
777.14
777.58
778.10
778.55
779.18
780.26
780.49
780.94
780.94
781.18
781.19
781.20
781.23
781.62
781.76
782.12
783.05
783.36
783.36
783.57
784.38
784.43
785.54
785.66
786.25
787.08
787.21
787.61
788.17
788.51
789.52
790.46
790.92
791.25
791.65
793.05
793.15
793.89
794.04
794.90
795.10
795.21
795.30
795.47
795.48
795.58
796.67
796.69
797.05
797.10
797.89
798.09
798.17
798.67
798.99
799.64
799.88
799.98
800.91
801.97
802.31
802.68
803.43
803.68
804.55
804.88
805.41
805.58
806.14
806.91
807.08
807.32
808.38
808.64
808.95
810.81
810.81
810.94
811.47
811.52
811.62
812.18
812.31
813.00
814.18
814.52
816.45
816.65
817.75
818.46
818.62
818.69
819.08
819.70
820.61
821.72
821.89
822.57
823.38
823.85
824.62
824.70
824.86
825.37
825.67
826.03
826.76
826.86
827.18
828.39
829.73
829.74
829.82
829.89
830.19
831.13
832.72
832.99
833.58
834.89
835.08
835.27
835.74
835.96
836.56
837.67
840.08
840.11
840.95
841.31
841.38
841.43
842.10
842.28
843.63
843.79
844.16
844.67
845.20
845.78
847.78
848.22
848.97
849.60
849.62
849.62
850.31
850.31
850.34
851.33
851.48
851.88
851.89
852.85
853.45
854.50
854.82
854.82
854.88
856.57
856.67
857.42
857.42
858.55
859.23
859.72
860.34
860.85
861.02
861.24
861.27
861.95
862.44
863.05
864.36
865.33
865.36
866.09
866.14
866.42
866.76
867.31
868.31
868.66
868.77
869.44
869.70
870.49
871.30
871.73
872.09
872.38
872.53
872.63
873.34
873.57
873.67
875.62
876.71
876.76
878.75
880.03
880.10
880.38
880.58
881.20
882.47
882.53
883.88
884.35
884.52
885.93
887.18
887.77
887.89
888.18
888.89
889.86
890.36
890.87
891.22
891.42
891.55
891.83
892.04
892.51
892.82
893.28
894.42
894.61
895.14
895.28
895.64
895.84
896.25
896.37
896.39
896.42
896.67
896.84
896.90
898.63
900.70
901.19
901.35
901.55
901.55
901.77
901.84
902.09
902.47
903.05
904.17
904.19
905.90
907.33
909.38
909.58
910.52
910.73
911.78
911.83
911.91
912.46
912.86
913.11
913.30
913.70
914.24
914.60
914.84
915.97
916.16
916.76
917.23
917.25
917.32
917.63
917.83
917.98
919.95
920.41
921.45
921.51
921.78
921.82
922.55
922.79
922.89
923.04
923.10
923.34
923.69
924.47
925.09
925.59
925.71
926.00
926.61
927.43
927.73
927.89
927.93
929.17
930.11
930.27
930.41
930.59
931.25
933.07
933.22
934.64
934.65
934.65
935.18
935.22
935.66
935.88
936.23
936.30
936.65
936.92
937.14
937.90
938.05
938.50
939.63
939.67
939.74
940.50
941.33
943.11
943.18
943.60
943.74
944.09
944.11
944.33
944.74
944.97
945.60
945.65
945.67
946.58
947.29
947.89
947.95
949.70
949.83
950.03
950.06
950.77
951.08
951.08
952.35
952.90
953.11
953.94
955.29
957.01
957.76
957.92
957.97
958.35
958.45
959.36
960.27
960.98
961.47
961.68
961.75
961.89
961.94
963.27
963.28
963.36
964.06
965.73
966.20
966.27
967.36
968.53
969.25
971.91
973.41
974.30
974.36
974.57
976.63
976.69
976.71
977.24
977.92
978.87
979.02
979.58
979.95
980.51
981.77
982.19
982.66
983.91
984.36
985.33
985.58
985.88
987.10
987.47
989.34
989.36
989.88
989.94
990.00
991.29
991.50
993.10
994.18
994.20
995.09
996.85
996.95
997.54
997.73
998.07
998.89
999.13
999.26
999.58
1000.35
1001.23
1003.00
1004.81
1005.49
1005.51
1005.62
1006.52
1007.15
1008.15
1008.34
1009.17
1010.24
1011.98
1013.19
1013.27
1013.33
1014.18
1014.31
1014.68
1014.91
1015.24
1015.31
1015.58
1015.69
1017.11
1017.54
1018.49
1018.50
1018.65
1018.75
1020.02
1020.31
1020.41
1020.72
1021.10
1021.20
1021.24
1021.75
1022.42
1022.83
1022.95
1023.11
1023.62
1023.69
1024.50
1025.17
1026.01
1026.78
1027.14
1027.45
1028.51
1028.84
1029.28
1030.82
1030.85
1030.95
1032.08
1032.23
1032.35
1032.44
1032.82
1032.87
1033.06
1033.58
1034.96
1035.34
1035.49
1037.12
1037.44
1038.78
1039.36
1040.19
1040.63
1040.95
1040.99
1041.02
1041.25
1041.92
1042.02
1042.40
1042.53
1044.15
1045.20
1046.23
1046.61
1046.74
1046.77
1048.26
1050.58
1051.14
1051.65
1051.73
1052.41
1053.45
1054.97
1055.10
1055.29
1057.60
1057.64
1058.18
1058.52
1058.78
1060.16
1060.23
1063.61
1064.00
1064.46
1065.29
1067.13
1067.63
1067.92
1069.44
1070.13
1070.35
1070.41
1070.49
1070.58
1070.97
1071.07
1071.98
1072.56
1073.16
1074.44
1074.85
1075.33
1076.04
1076.25
1077.74
1078.58
1080.93
1081.11
1081.16
1081.24
1081.38
1082.15
1083.08
1083.31
1083.72
1085.56
1086.30
1086.54
1086.55
1086.72
1087.32
1088.51
1089.12
1090.16
1090.28
1090.42
1091.17
1091.68
1091.94
1092.05
1092.08
1093.57
1094.79
1094.85
1095.00
1095.32
1095.73
1096.43
1096.69
1097.22
1097.23
1097.85
1098.89
1099.02
1099.48
1101.04
1101.15
1101.66
1102.05
1103.93
1103.99
1104.02
1104.85
1104.86
1104.92
1105.84
1106.56
1106.67
1108.20
1108.38
1110.19
1116.36
1118.37
1118.72
1119.27
1119.52
1122.61
1122.85
1123.63
1124.41
1125.84
1127.03
1127.39
1127.92
1128.00
1128.21
1129.28
1129.61
1129.83
1130.67
1130.68
1131.08
1131.63
1134.43
1134.80
1136.25
1136.53
1137.55
1139.11
1140.05
1140.09
1140.52
1141.16
1141.94
1142.05
1142.16
1142.45
1142.46
1142.64
1142.74
1142.97
1143.14
1144.44
1144.75
1144.97
1147.53
1149.81
1149.90
1150.34
1150.73
1151.02
1151.22
1152.44
1152.75
1152.88
1153.81
1155.25
1157.54
1158.73
1159.55
1160.12
1160.21
1160.24
1162.20
1162.62
1162.69
1164.10
1164.70
1165.71
1166.05
1166.60
1168.77
1169.06
1169.66
1171.25
1171.50
1171.87
1172.07
1172.78
1173.12
1173.14
1174.04
1174.16
1174.77
1174.98
1176.26
1177.33
1177.35
1177.98
1178.48
1178.63
1178.73
1181.24
1183.46
1183.81
1184.58
1185.73
1186.00
1186.17
1186.23
1186.27
1186.39
1187.09
1187.23
1187.37
1187.70
1187.77
1188.96
1189.57
1190.53
1191.17
1191.74
1191.97
1193.89
1193.91
1194.06
1194.54
1194.73
1195.31
1195.42
1196.21
1197.30
1197.35
1197.96
1198.05
1198.37
1200.25
1201.72
1202.27
1203.09
1203.53
1204.23
1204.85
1205.65
1205.94
1206.50
1207.49
1207.60
1208.10
1209.34
1209.57
1210.14
1210.90
1211.39
1211.58
1212.01
1212.05
1212.29
1212.35
1212.47
1214.75
1215.78
1216.03
1217.93
1220.01
1220.12
1220.34
1220.67
1221.01
1221.03
1222.76
1222.80
1223.08
1224.28
1224.76
1225.77
1226.26
1227.44
1227.49
1227.68
1227.80
1227.98
1228.00
1228.67
1232.88
1233.20
1233.48
1233.94
1234.22
1235.11
1235.70
1235.75
1237.80
1238.22
1238.81
1239.13
1239.26
1239.30
1239.57
1240.82
1242.54
1243.83
1244.03
1244.19
1244.41
1247.10
1247.35
1247.79
1249.16
1249.44
1249.89
1250.16
1250.18
1250.86
1251.54
1252.97
1253.20
1254.76
1255.27
1255.88
1256.45
1256.49
1256.56
1258.31
1258.61
1258.68
1259.01
1259.52
1260.89
1262.46
1263.21
1264.62
1264.73
1265.62
1267.45
1268.62
1270.46
1271.20
1271.22
1271.45
1271.85
1272.47
1273.12
1274.74
1275.97
1276.14
1276.22
1276.87
1277.59
1277.82
1277.95
1278.57
1279.34
1279.50
1280.11
1282.61
1282.81
1284.11
1284.34
1285.30
1286.48
1286.66
1287.15
1288.28
1288.83
1289.25
1289.61
1290.17
1290.63
1290.77
1290.84
1293.05
1294.58
1295.18
1297.48
1297.58
1297.99
1298.60
1298.91
1299.18
1299.35
1299.88
1300.25
1300.40
1300.57
1300.92
1301.88
1302.39
1303.54
1305.18
1305.24
1306.45
1306.82
1307.20
1307.29
1309.11
1309.85
1309.89
1310.12
1312.43
1312.53
1313.57
1313.95
1314.85
1315.53
1315.79
1316.49
1317.87
1319.34
1319.48
1320.35
1320.54
1321.29
1322.09
1322.72
1323.28
1324.56
1324.79
1326.48
1326.55
1328.35
1328.84
1328.85
1328.96
1330.17
1332.35
1334.01
1334.32
1334.58
1336.45
1336.67
1337.22
1338.78
1339.88
1340.08
1341.08
1341.20
1341.24
1341.84
1342.94
1343.15
1344.13
1344.28
1344.28
1344.56
1344.83
1345.75
1346.19
1346.29
1346.77
1347.18
1347.47
1347.54
1351.92
1354.09
1354.18
1356.36
1357.02
1357.35
1359.37
1359.52
1360.42
1360.52
1361.83
1361.85
1361.98
1362.35
1362.58
1363.17
1363.51
1364.13
1365.28
1367.25
1369.03
1369.98
1370.41
1370.55
1370.75
1371.58
1371.81
1375.17
1375.31
1375.87
1376.33
1376.48
1376.86
1377.14
1377.20
1377.54
1379.90
1380.12
1380.54
1381.71
1382.51
1382.80
1382.89
1384.23
1385.12
1385.18
1386.08
1387.74
1388.81
1389.05
1391.74
1392.83
1393.19
1393.82
1394.55
1394.98
1397.33
1398.96
1399.14
1401.17
1401.43
1403.11
1403.89
1404.16
1404.92
1404.92
1405.93
1406.66
1407.22
1407.40
1409.25
1409.76
1410.59
1410.80
1411.44
1411.67
1412.21
1412.79
1414.16
1414.79
1415.92
1416.03
1417.17
1417.87
1419.61
1419.96
1420.80
1423.56
1423.81
1424.90
1425.39
1427.58
1428.76
1428.77
1429.25
1429.25
1431.19
1431.23
1431.67
1431.93
1432.74
1433.44
1434.18
1435.31
1435.33
1435.41
1435.58
1436.29
1439.54
1439.56
1440.73
1443.54
1444.69
1444.90
1445.01
1445.16
1446.23
1446.23
1446.73
1447.15
1451.90
1452.15
1452.48
1452.94
1453.87
1454.16
1455.19
1455.28
1455.42
1455.68
1457.52
1458.94
1459.16
1459.93
1460.88
1460.93
1461.64
1462.64
1462.65
1462.69
1463.02
1463.73
1464.57
1464.73
1465.74
1466.50
1466.68
1466.77
1468.65
1470.37
1470.94
1471.40
1471.72
1472.48
1472.95
1473.09
1473.61
1475.50
1478.25
1479.40
1479.64
1480.76
1481.72
1481.88
1482.57
1483.37
1484.34
1484.45
1484.74
1484.79
1485.09
1485.11
1486.07
1487.52
1488.08
1489.18
1493.05
1493.81
1495.56
1495.78
1496.66
1496.80
1497.35
1499.04
1500.35
1500.40
1500.60
1501.05
1501.46
1502.99
1510.70
1511.86
1512.23
1512.27
1513.25
1513.72
1513.92
1514.05
1514.40
1514.46
1515.03
1516.45
1517.22
1518.10
1518.33
1520.88
1523.65
1524.03
1524.87
1524.95
1525.53
1526.21
1526.60
1526.69
1527.99
1528.19
1528.42
1528.52
1529.86
1530.59
1531.40
1532.36
1532.81
1533.07
1533.27
1533.85
1533.99
1536.56
1537.21
1537.51
1539.06
1539.27
1540.27
1540.27
1540.47
1541.49
1541.67
1542.07
1542.94
1544.83
1544.86
1545.25
1547.74
1548.75
1548.81
1550.89
1554.19
1556.14
1556.27
1556.56
1557.86
1558.66
1559.46
1559.83
1563.02
1563.70
1563.83
1564.02
1565.98
1567.15
1567.87
1568.31
1569.56
1569.67
1570.72
1571.60
1572.20
1572.90
1573.73
1573.88
1574.31
1575.50
1575.84
1575.93
1576.23
1576.49
1577.72
1578.13
1578.21
1578.54
1579.05
1579.41
1579.91
1581.10
1581.41
1581.43
1581.72
1582.22
1582.68
1585.03
1586.38
1587.46
1588.70
1590.11
1591.04
1591.78
1592.16
1592.59
1592.90
1592.95
1594.92
1594.95
1596.42
1596.95
1597.47
1598.04
1598.42
1598.53
1600.03
1601.97
1603.03
1603.26
1605.67
1606.00
1606.59
1607.70
1609.41
1609.69
1611.29
1613.07
1613.12
1615.18
1615.74
1616.27
1616.77
1616.79
1617.09
1617.70
1622.84
1623.58
1623.77
1624.16
1625.81
1626.28
1627.96
1628.38
1628.41
1629.56
1630.46
1630.81
1633.34
1635.14
1635.42
1637.11
1637.50
1639.04
1640.33
1640.40
1640.62
1641.34
1641.88
1641.91
1642.30
1643.28
1643.69
1644.33
1647.25
1647.86
1647.91
1652.52
1653.39
1655.24
1655.47
1656.44
1656.78
1659.97
1660.49
1660.60
1662.40
1664.32
1664.52
1664.72
1666.94
1671.34
1672.07
1672.65
1672.79
1677.05
1678.01
1678.59
1681.59
1682.70
1682.79
1686.33
1686.38
1689.21
1689.23
1690.06
1692.73
1693.99
1699.39
1700.58
1700.81
1701.28
1702.67
1702.98
1703.88
1704.03
1704.16
1705.52
1708.05
1708.07
1708.24
1709.85
1710.77
1712.18
1712.31
1712.70
1713.38
1713.75
1714.13
1714.68
1715.26
1715.50
1716.26
1716.65
1716.84
1721.63
1723.09
1723.65
1724.41
1725.12
1727.25
1729.36
1729.74
1730.39
1732.49
1733.00
1733.20
1734.10
1734.39
1734.61
1735.25
1735.44
1736.00
1737.47
1738.84
1740.63
1740.95
1741.04
1743.34
1744.47
1745.81
1746.06
1746.21
1747.04
1747.69
1749.97
1750.75
1751.21
1751.38
1752.06
1752.76
1753.94
1754.75
1755.80
1756.25
1757.30
1757.79
1758.31
1758.31
1759.12
1759.39
1759.98
1760.86
1761.51
1764.69
1764.98
1765.25
1765.61
1765.86
1766.03
1766.20
1768.21
1768.90
1769.32
1769.76
1771.50
1771.66
1772.13
1772.71
1773.53
1775.57
1776.30
1777.40
1777.90
1777.95
1778.07
1779.53
1781.27
1782.94
1783.77
1783.93
1783.97
1784.14
1786.52
1786.98
1787.40
1788.84
1792.94
1792.98
1793.06
1796.81
1800.51
1805.09
1806.61
1806.77
1807.96
1808.47
1809.37
1809.69
1810.51
1811.74
1812.19
1812.23
1813.25
1813.57
1814.35
1814.82
1815.37
1816.38
1816.59
1816.61
1817.42
1820.41
1821.31
1822.10
1822.32
1823.62
1824.71
1826.15
1826.96
1827.51
1828.84
1829.79
1832.26
1833.30
1834.65
1835.30
1838.32
1838.68
1839.18
1839.61
1839.93
1840.99
1841.01
1841.29
1841.35
1841.93
1842.00
1842.32
1843.66
1844.00
1844.16
1844.94
1847.07
1849.15
1850.07
1850.86
1850.90
1852.06
1852.22
1852.72
1852.94
1853.44
1855.09
1856.23
1856.87
1857.33
1859.43
1864.56
1865.75
1866.34
1866.68
1867.31
1868.66
1870.26
1873.14
1873.66
1876.77
1878.68
1880.92
1881.44
1882.83
1883.62
1886.21
1887.07
1887.40
1887.91
1889.63
1890.57
1891.24
1894.25
1898.58
1899.42
1900.29
1900.55
1900.57
1903.17
1904.01
1905.37
1906.73
1908.26
1909.46
1909.48
1909.89
1913.53
1914.36
1915.73
1915.96
1917.51
1917.64
1920.04
1920.09
1921.87
1922.08
1922.50
1923.29
1923.39
1923.85
1925.79
1927.68
1928.79
1929.27
1929.94
1932.42
1932.57
1933.26
1933.80
1934.29
1934.33
1935.77
1937.22
1937.30
1937.39
1938.16
1938.27
1940.22
1942.68
1942.97
1944.38
1945.92
1945.96
1946.44
1946.59
1946.80
1947.20
1948.49
1949.69
1951.48
1955.35
1956.39
1957.21
1958.38
1958.38
1960.22
1960.73
1961.88
1962.34
1964.02
1968.28
1969.92
1971.90
1975.89
1976.21
1977.54
1977.99
1978.61
1979.47
1980.02
1980.15
1983.54
1983.93
1984.21
1985.17
1985.47
1985.52
1986.87
1986.89
1988.48
1988.98
1990.94
1992.29
1992.58
1994.80
1996.83
1997.60
1998.58
1999.36
1999.77
1999.90
2000.31
2000.85
2002.15
2002.97
2009.07
2009.98
2014.75
2017.52
2019.03
2019.07
2022.70
2024.13
2024.43
2025.53
2027.48
2030.60
2030.82
2032.42
2034.12
2034.97
2037.44
2037.49
2041.72
2043.73
2044.80
2046.52
2046.72
2047.98
2048.18
2049.40
2049.89
2050.40
2052.00
2052.33
2052.40
2055.53
2055.55
2056.47
2058.47
2058.54
2059.85
2061.95
2063.17
2063.71
2063.80
2066.01
2068.16
2068.25
2068.58
2069.32
2071.76
2073.24
2074.32
2074.43
2075.49
2075.94
2078.93
2079.40
2080.82
2081.92
2082.57
2083.36
2085.39
2085.55
2086.16
2087.49
2089.28
2090.48
2092.99
2093.28
2093.71
2095.07
2095.59
2097.77
2099.75
2100.36
2100.95
2102.52
2104.39
2107.42
2110.93
2113.35
2114.29
2114.38
2114.66
2115.00
2115.83
2116.05
2116.24
2121.35
2124.13
2125.19
2125.30
2125.46
2127.21
2127.99
2128.13
2130.14
2130.32
2130.94
2131.27
2131.47
2131.57
2131.89
2132.14
2135.49
2136.60
2137.04
2140.07
2141.37
2141.74
2142.27
2147.42
2148.98
2150.47
2151.63
2152.03
2152.82
2155.22
2155.43
2155.52
2156.04
2157.44
2161.34
2163.14
2163.84
2164.22
2164.29
2165.11
2165.74
2166.93
2167.92
2168.27
2169.73
2169.91
2171.09
2171.53
2172.17
2172.55
2172.78
2172.87
2173.44
2174.00
2175.39
2177.86
2180.67
2183.01
2183.95
2184.47
2184.80
2186.62
2187.55
2188.21
2189.35
2190.18
2190.96
2193.52
2194.30
2194.94
2196.18
2196.94
2197.20
2197.42
2199.41
2199.60
2203.01
2203.89
2204.61
2205.70
2206.40
2206.95
2207.14
2207.71
2208.93
2210.20
2210.46
2211.06
2215.27
2215.44
2215.68
2215.75
2215.99
2217.43
2218.49
2218.92
2219.40
2219.71
2221.25
2221.80
2223.60
2224.42
2224.86
2226.66
2227.89
2229.36
2229.63
2230.81
2231.12
2231.41
2231.41
2233.27
2234.72
2236.34
2239.23
2241.04
2241.43
2241.65
2242.09
2244.37
2244.95
2246.09
2249.76
2250.13
2251.40
2253.69
2254.08
2254.54
2256.20
2256.47
2256.86
2258.01
2258.08
2264.07
2264.20
2268.98
2269.47
2270.82
2272.27
2272.89
2274.09
2274.71
2274.90
2275.72
2277.02
2278.89
2279.71
2280.50
2280.60
2280.92
2280.94
2284.08
2292.12
2293.09
2293.41
2293.61
2294.46
2295.18
2297.71
2298.73
2299.90
2300.02
2301.37
2302.02
2302.91
2304.41
2304.48
2304.63
2305.43
2307.15
2308.68
2309.13
2309.90
2310.15
2311.68
2313.13
2315.68
2316.73
2318.56
2318.84
2318.84
2319.34
2321.35
2321.83
2322.63
2325.83
2326.98
2329.38
2332.43
2334.42
2336.85
2337.08
2338.95
2339.99
2341.07
2342.49
2343.79
2345.97
2346.48
2347.06
2349.93
2351.69
2352.83
2354.03
2354.18
2354.46
2356.32
2357.42
2357.55
2358.16
2359.00
2359.46
2361.12
2362.60
2362.70
2363.45
2363.78
2366.23
2366.52
2368.05
2368.23
2368.28
2370.18
2370.36
2371.00
2373.03
2377.29
2377.42
2378.61
2379.92
2382.03
2382.37
2382.70
2383.35
2383.79
2385.28
2385.67
2385.85
2387.97
2390.29
2393.40
2394.15
2394.44
2394.72
2394.75
2395.42
2395.45
2396.25
2396.64
2396.69
2401.13
2401.47
2401.83
2402.17
2402.38
2404.95
2406.36
2407.42
2408.08
2408.94
2409.17
2409.98
2411.23
2412.14
2412.85
2413.03
2417.63
2420.59
2421.58
2422.71
2424.89
2425.02
2431.72
2432.24
2433.01
2436.06
2436.43
2437.12
2439.81
2440.68
2441.31
2442.32
2442.56
2443.77
2443.77
2444.94
2445.02
2445.86
2447.37
2447.37
2448.25
2450.58
2452.49
2452.62
2453.39
2455.14
2456.07
2456.18
2457.96
2458.49
2460.51
2461.21
2462.32
2462.38
2463.36
2469.77
2472.12
2473.51
2473.70
2475.41
2476.11
2476.14
2477.50
2477.72
2478.17
2478.74
2478.95
2479.01
2481.10
2481.72
2489.14
2489.35
2489.43
2490.24
2495.31
2495.96
2496.45
2497.93
2499.10
2499.10
2503.34
2505.08
2505.57
2507.90
2508.93
2509.04
2509.50
2509.96
2510.10
2510.45
2511.05
2512.92
2512.98
2513.60
2513.82
2516.05
2521.39
2522.68
2524.21
2524.51
2525.00
2527.21
2527.29
2530.33
2530.71
2531.70
2531.81
2535.70
2535.89
2536.06
2540.70
2542.27
2542.49
2543.45
2543.51
2544.41
2545.46
2546.84
2547.44
2547.53
2547.75
2548.16
2549.13
2551.14
2552.63
2553.07
2554.79
2556.31
2556.39
2557.64
2558.02
2558.69
2561.68
2563.70
2563.90
2564.20
2565.04
2565.56
2566.42
2566.42
2566.81
2567.06
2567.48
2567.84
2567.95
2570.01
2572.87
2573.82
2576.19
2576.86
2576.97
2577.30
2579.45
2581.49
2581.77
2583.47
2584.12
2584.82
2585.32
2585.85
2587.84
2588.65
2589.24
2589.57
2592.66
2593.14
2594.43
2595.89
2597.07
2597.38
2598.19
2598.47
2600.95
2602.24
2605.03
2605.45
2606.47
2606.58
2608.30
2608.56
2611.52
2611.61
2612.62
2612.99
2615.08
2621.37
2626.06
2627.62
2627.71
2628.70
2629.30
2629.70
2633.17
2636.76
2637.45
2639.85
2641.07
2641.53
2643.33
2643.53
2645.65
2647.17
2647.65
2649.17
2654.31
2656.87
2658.28
2660.20
2663.63
2664.09
2664.78
2669.52
2671.94
2673.01
2673.45
2673.50
2674.40
2682.49
2682.52
2682.95
2687.60
2688.33
2688.94
2689.03
2693.07
2696.40
2697.59
2698.21
2698.97
2700.66
2702.27
2705.40
2706.57
2711.52
2713.17
2719.81
2719.81
2719.96
2720.31
2720.99
2721.69
2721.75
2721.81
2722.07
2724.26
2724.46
2724.73
2725.67
2726.23
2726.79
2728.74
2729.54
2729.63
2732.17
2734.21
2735.30
2736.13
2736.34
2736.43
2739.00
2742.59
2743.27
2743.81
2744.19
2745.17
2745.98
2746.04
2748.00
2748.77
2748.86
2749.40
2751.57
2752.34
2752.58
2753.35
2754.49
2754.64
2758.33
2758.96
2761.35
2763.20
2763.98
2764.43
2766.31
2767.45
2768.20
2768.44
2769.91
2771.71
2772.34
2775.91
2777.98
2779.15
2779.40
2781.59
2781.62
2781.74
2783.49
2783.79
2785.42
2785.63
2785.87
2786.80
2787.23
2790.15
2790.36
2792.54
2795.53
2795.71
2796.47
2801.80
2803.22
2803.56
2808.17
2808.87
2809.17
2810.60
2811.12
2813.56
2813.65
2822.95
2823.96
2824.54
2825.76
2831.39
2831.76
2833.72
2834.45
2835.62
2837.71
2837.74
2841.21
2842.78
2845.64
2847.55
2847.98
2849.52
2852.14
2852.64
2852.79
2852.79
2852.92
2854.00
2854.43
2855.08
2855.51
2861.20
2861.20
2861.73
2863.28
2863.37
2863.52
2863.71
2865.57
2868.67
2869.04
2874.14
2874.57
2874.64
2875.23
2875.51
2875.79
2876.47
2881.64
2881.71
2884.45
2884.64
2884.67
2886.45
2890.45
2893.20
2894.17
2898.25
2898.56
2898.78
2902.64
2902.73
2903.55
2905.81
2906.66
2906.66
2907.70
2908.99
2909.68
2911.16
2912.08
2913.15
2913.37
2914.44
2914.66
2916.59
2917.98
2918.86
2919.33
2921.83
2923.92
2927.43
2927.65
2927.81
2930.66
2933.33
2933.77
2933.84
2935.84
2938.25
2938.35
2941.78
2948.12
2948.47
2951.47
2953.58
2954.22
2954.67
2958.16
2958.89
2962.32
2962.74
2964.08
2964.72
2966.87
2967.68
2970.09
2974.46
2974.91
2979.42
2979.84
2984.78
2986.88
2987.62
2989.46
2990.43
2991.11
2992.25
2994.19
2994.68
2995.97
2996.13
2996.23
3000.25
3001.88
3002.01
3002.14
3002.49
3003.57
3004.38
3004.64
3006.33
3012.71
3013.72
3015.94
3016.17
3017.51
3017.54
3020.09
3029.74
3030.40
3031.51
3032.50
3032.69
3035.81
3037.59
3037.85
3037.98
3041.67
3043.18
3045.58
3046.90
3047.76
3054.20
3054.23
3054.43
3055.22
3055.75
3057.07
3057.21
3057.27
3060.65
3062.67
3069.44
3069.67
3071.10
3075.69
3076.25
3078.08
3078.15
3078.28
3079.85
3082.68
3083.15
3085.29
3086.12
3087.62
3089.29
3090.73
3091.47
3093.58
3094.35
3094.38
3096.86
3099.17
3100.01
3101.18
3101.38
3103.77
3104.47
3107.23
3107.40
3107.50
3110.76
3111.47
3113.72
3115.81
3116.96
3117.53
3119.69
3119.83
3122.36
3126.55
3128.72
3130.28
3130.75
3132.75
3133.22
3135.16
3136.04
3138.21
3139.84
3140.15
3140.49
3141.37
3144.12
3145.04
3145.55
3146.57
3147.09
3147.73
3148.72
3149.23
3152.54
3153.22
3153.63
3155.64
3156.63
3157.45
3161.28
3162.99
3162.99
3164.19
3165.05
3165.12
3167.03
3167.79
3169.64
3171.63
3172.04
3176.23
3181.36
3181.98
3186.28
3186.35
3189.87
3190.01
3190.49
3190.87
3201.31
3203.22
3206.10
3207.49
3207.87
3209.53
3211.41
3211.83
3212.90
3213.25
3215.34
3224.47
3225.34
3227.12
3230.68
3232.78
3234.18
3234.91
3236.63
3240.38
3241.54
3243.08
3244.55
3247.47
3248.00
3253.73
3254.64
3256.02
3256.12
3257.50
3258.24
3259.83
3261.80
3262.33
3268.97
3272.12
3274.50
3274.71
3276.80
3278.04
3278.08
3282.87
3286.85
3287.35
3287.63
3288.77
3290.30
3290.94
3295.50
3295.96
3296.71
3298.07
3299.14
3299.68
3300.35
3301.03
3301.85
3306.14
3306.47
3307.79
3308.04
3308.18
3309.58
3309.97
3310.05
3310.91
3311.69
3312.63
3312.80
3320.56
3321.02
3324.47
3324.76
3326.35
3327.17
3327.53
3328.97
3330.31
3331.64
3331.68
3333.88
3334.13
3334.63
3338.13
3338.46
3339.90
3341.53
3342.11
3345.29
3345.62
3349.31
3351.56
3353.19
3354.35
3355.52
3356.10
3362.35
3362.53
3365.26
3367.15
3367.26
3371.02
3372.08
3372.73
3375.11
3380.81
3381.50
3382.78
3382.89
3385.68
3386.08
3386.78
3388.13
3389.67
3390.81
3394.08
3394.19
3398.82
3399.63
3402.97
3410.97
3411.16
3415.11
3416.88
3419.18
3420.58
3422.51
3425.29
3425.88
3426.40
3427.18
3427.32
3427.66
3430.26
3432.45
3434.01
3435.64
3436.65
3438.91
3440.81
3441.15
3444.05
3447.48
3447.82
3449.05
3450.13
3450.24
3450.92
3452.26
3452.45
3453.64
3459.14
3460.15
3465.06
3467.46
3468.17
3477.94
3478.13
3478.21
3479.82
3480.54
3482.80
3483.52
3484.23
3486.16
3488.61
3490.57
3492.76
3493.29
3494.46
3496.77
3498.02
3500.37
3501.43
3503.44
3510.04
3510.19
3513.80
3515.02
3516.16
3519.28
3522.90
3535.35
3535.92
3538.52
3544.04
3546.23
3546.72
3550.06
3551.49
3552.41
3559.10
3559.18
3559.33
3560.84
3560.99
3565.08
3565.62
3566.12
3567.51
3567.82
3569.90
3570.25
3572.95
3573.23
3573.81
3574.04
3576.40
3578.10
3579.15
3581.12
3583.10
3585.46
3586.67
3590.63
3592.22
3592.30
3592.53
3593.19
3594.16
3596.65
3601.17
3601.44
3604.05
3606.71
3609.24
3609.87
3611.71
3613.11
3613.31
3630.94
3633.50
3633.89
3634.76
3638.69
3640.11
3641.84
3645.15
3645.19
3647.13
3647.44
3647.60
3649.02
3656.10
3657.95
3659.66
3663.14
3663.54
3664.37
3665.09
3667.07
3668.02
3670.24
3677.20
3678.67
3680.19
3680.46
3682.06
3683.09
3685.73
3689.32
3689.44
3689.64
3690.31
3694.87
3695.03
3696.07
3697.55
3698.59
3700.91
3704.64
3706.64
3712.62
3714.71
3722.52
3723.28
3724.57
3726.67
3727.96
3729.09
3730.10
3731.47
3732.11
3739.35
3743.11
3744.09
3745.14
3753.13
3755.08
3762.44
3764.97
3766.19
3767.13
3768.31
3768.51
3774.76
3777.13
3781.58
3783.34
3786.86
3791.91
3793.63
3795.60
3797.94
3798.60
3799.18
3802.30
3803.04
3805.72
3807.98
3810.09
3813.84
3814.75
3821.44
3827.77
3827.77
3837.02
3842.13
3842.33
3843.54
3844.25
3844.46
3847.33
3847.74
3851.78
3852.24
3852.24
3853.62
3854.58
3854.66
3855.95
3855.95
3857.83
3859.63
3859.75
3862.01
3866.15
3866.77
3867.49
3874.19
3878.13
3879.14
3882.33
3885.39
3885.94
3886.66
3887.24
3889.18
3889.98
3890.06
3890.48
3901.02
3904.70
3906.18
3906.98
3910.45
3913.75
3925.96
3930.34
3930.34
3930.51
3935.11
3935.49
3935.70
3935.74
3939.02
3942.65
3942.90
3946.49
3948.97
3952.09
3952.56
3953.24
3953.29
3954.87
3956.71
3957.91
3958.16
3958.38
3960.18
3961.29
3961.89
3962.96
3965.32
3966.70
3969.36
3972.54
3975.38
3982.69
3984.12
3984.42
3985.93
3986.14
3987.31
3988.82
3989.68
3990.42
3994.78
3994.99
3995.47
3995.90
3997.76
4006.12
4006.34
4008.29
4010.76
4014.58
4014.62
4014.84
4016.06
4021.93
4022.32
4026.85
4028.59
4030.33
4031.60
4032.86
4037.75
4039.07
4046.55
4046.68
4048.12
4053.82
4055.75
4057.59
4057.73
4059.09
4060.67
4061.72
4063.09
4063.70
4065.15
4069.33
4071.58
4073.25
4074.22
4076.74
4077.31
4081.81
4082.61
4082.65
4086.23
4089.95
4090.08
4091.32
4094.60
4097.61
4100.31
4101.29
4103.29
4105.11
4106.40
4108.09
4110.13
4113.96
4114.18
4114.45
4116.94
4119.03
4124.79
4129.83
4133.68
4136.41
4136.77
4137.26
4142.14
4147.66
4149.77
4150.48
4151.29
4153.23
4155.79
4157.95
4159.39
4161.50
4161.82
4167.49
4169.52
4172.37
4173.09
4175.08
4182.72
4182.76
4185.62
4185.71
4185.84
4192.50
4194.23
4197.82
4200.86
4205.04
4208.00
4208.32
4211.42
4217.07
4217.44
4218.58
4220.45
4220.91
4222.28
4222.32
4222.46
4225.29
4225.75
4228.17
4228.81
4229.46
4232.75
4233.12
4233.39
4234.54
4235.59
4235.73
4239.44
4240.45
4242.43
4246.70
4256.73
4257.65
4263.09
4264.89
4267.52
4270.06
4270.33
4270.56
4276.34
4277.22
4286.49
4287.46
4290.06
4292.57
4293.92
4294.20
4296.94
4298.05
4300.89
4305.31
4306.06
4306.43
4307.97
4309.83
4311.47
4313.89
4314.59
4316.04
4317.02
4317.91
4319.26
4319.87
4321.60
4322.21
4322.82
4323.19
4326.80
4328.57
4330.26
4335.51
4335.61
4335.98
4336.36
4336.92
4339.50
4344.01
4344.86
4358.32
4362.76
4363.56
4366.58
4369.04
4370.74
4372.73
4382.15
4384.19
4384.43
4387.33
4388.65
4391.79
4394.26
4399.83
4402.45
4407.26
4407.45
4409.98
4410.31
4411.65
4412.27
4418.91
4420.11
4420.49
4422.93
4427.53
4427.96
4435.96
4440.05
4440.24
4443.70
4444.08
4444.56
4447.16
4448.03
4449.95
4451.74
4453.28
4454.82
4455.20
4455.88
4456.07
4456.60
4457.04
4458.68
4463.75
4466.79
4467.18
4469.83
4470.27
4470.32
4471.53
4474.04
4474.19
4474.67
4475.25
4475.93
4480.97
4484.56
4489.90
4490.19
4491.07
4494.47
4495.39
4495.44
4496.32
4499.24
4500.21
4503.28
4504.74
4507.72
4514.26
4517.14
4518.22
4521.20
4522.81
4528.93
4529.82
4531.68
4533.54
4541.00
4543.90
4544.45
4546.22
4547.59
4548.92
4549.12
4549.66
4549.91
4555.87
4557.25
4557.44
4558.33
4559.32
4561.44
4565.09
4565.19
4565.74
4566.38
4567.61
4567.76
4569.79
4572.56
4576.27
4576.42
4578.40
4585.89
4588.32
4588.37
4591.25
4591.99
4592.89
4597.71
4606.72
4607.52
4608.87
4610.56
4611.86
4613.41
4617.95
4619.45
4619.60
4623.25
4624.10
4626.00
4630.21
4631.21
4634.32
4635.07
4641.40
4645.21
4646.07
4646.82
4647.17
4649.74
4651.45
4651.85
4652.21
4653.61
4653.77
4656.23
4657.24
4657.49
4659.61
4663.54
4665.21
4667.43
4667.58
4667.73
4671.22
4671.42
4671.83
4674.05
4676.08
4676.53
4678.50
4679.11
4679.16
4679.72
4679.77
4684.63
4684.63
4685.04
4686.51
4686.56
4687.17
4687.27
4688.84
4691.18
4694.73
4696.10
4696.36
4697.93
4700.27
4706.22
4709.99
4712.34
4716.68
4716.78
4726.94
4727.05
4730.27
4730.37
4731.04
4734.21
4735.34
4735.90
4735.95
4735.95
4740.67
4745.85
4748.68
4750.27
4750.53
4753.20
4756.96
4762.88
4765.41
4766.70
4771.60
4776.71
4781.26
4785.14
4787.32
4794.89
4797.43
4799.14
4805.33
4806.83
4811.36
4814.54
4814.69
4815.84
4822.41
4824.08
4824.86
4827.53
4827.68
4828.36
4831.71
4832.80
4833.80
4835.52
4837.57
4843.22
4843.69
4844.90
4850.62
4852.87
4852.98
4855.29
4856.13
4863.65
4864.39
4868.70
4874.55
4875.77
4878.83
4879.20
4882.00
4882.16
4883.11
4889.66
4890.56
4893.26
4895.75
4896.39
4898.56
4898.72
4902.43
4903.49
4907.20
4907.47
4911.29
4912.41
4913.74
4916.08
4916.77
4917.20
4918.90
4922.89
4927.85
4935.05
4936.17
4937.40
4938.52
4939.97
4940.77
4943.71
4955.44
4962.84
4964.99
4966.55
4969.24
4969.29
4971.55
4972.09
4977.31
4978.01
4979.36
4984.64
4984.64
4987.23
4987.71
4995.17
4995.76
5008.48
5021.23
5028.08
5028.57
5028.62
5029.49
5030.80
5033.47
5036.19
5036.36
5039.03
5039.24
5045.14
5047.16
5052.13
5053.88
5055.52
5060.55
5061.54
5063.18
5065.16
5065.26
5065.92
5074.97
5084.21
5085.53
5089.82
5096.38
5097.59
5100.74
5101.90
5107.81
5108.03
5108.41
5111.84
5116.77
5117.76
5117.93
5118.93
5121.25
5122.31
5129.35
5138.57
5139.57
5140.07
5141.96
5144.86
5145.02
5145.97
5146.86
5157.57
5158.07
5160.02
5161.58
5161.86
5171.14
5172.93
5183.52
5185.77
5186.44
5192.50
5193.12
5199.19
5199.48
5202.51
5210.12
5215.76
5216.21
5218.92
5220.62
5223.04
5226.04
5227.12
5228.81
5230.96
5232.32
5235.10
5236.17
5242.24
5243.88
5246.04
5247.86
5248.25
5252.29
5258.20
5258.20
5262.53
5262.58
5263.15
5263.72
5265.43
5268.11
5269.25
5272.67
5289.76
5290.96
5295.20
5303.40
5304.72
5304.72
5306.15
5311.32
5311.38
5311.95
5315.52
5324.21
5326.46
5328.42
5331.01
5340.94
5342.39
5344.76
5347.36
5350.43
5351.76
5351.82
5352.68
5355.35
5358.42
5359.99
5362.36
5363.82
5364.63
5366.25
5367.47
5370.44
5370.55
5377.88
5377.88
5391.69
5402.84
5403.72
5405.24
5406.88
5412.55
5412.85
5418.41
5420.99
5423.05
5429.45
5429.68
5430.91
5432.27
5433.21
5434.68
5443.09
5444.80
5445.92
5446.92
5453.70
5453.82
5454.41
5454.47
5461.26
5465.93
5468.59
5476.35
5478.19
5479.85
5489.70
5491.60
5494.45
5498.44
5502.30
5503.55
5507.66
5507.84
5515.95
5517.15
5517.27
5530.00
5531.19
5536.76
5538.50
5541.08
5546.18
5548.64
5555.42
5556.33
5557.77
5561.86
5563.67
5565.89
5566.32
5566.32
5567.22
5567.52
5581.63
5586.83
5593.60
5598.39
5600.51
5607.12
5608.94
5612.82
5616.10
5617.20
5620.66
5623.46
5626.20
5630.64
5635.28
5637.96
5642.17
5642.29
5646.93
5656.47
5660.27
5660.27
5660.88
5661.56
5661.80
5666.46
5671.18
5675.91
5676.77
5678.79
5679.35
5689.13
5691.04
5700.22
5701.02
5701.33
5702.38
5707.07
5709.91
5715.29
5715.78
5717.57
5718.19
5723.70
5726.80
5729.22
5732.75
5733.00
5735.79
5736.23
5741.19
5741.38
5744.61
5745.11
5745.61
5748.59
5749.52
5750.46
5752.57
5752.95
5758.24
5762.73
5781.90
5784.90
5788.53
5789.66
5790.41
5791.98
5796.06
5803.08
5803.84
5808.55
5819.81
5823.71
5825.86
5826.05
5830.02
5837.59
5839.43
5847.52
5850.68
5852.96
5854.17
5854.74
5854.80
5855.69
5857.33
5862.28
5862.72
5863.48
5871.80
5872.05
5875.17
5876.12
5899.18
5903.33
5904.99
5907.36
5908.70
5909.08
5911.64
5913.05
5913.95
5916.89
5919.45
5920.22
5927.65
5929.00
5929.64
5930.41
5937.41
5940.75
5942.23
5944.42
5948.28
5949.05
5949.18
5949.57
5951.82
5955.62
5956.91
5962.13
5964.39
5967.68
5969.88
5985.40
5988.44
5989.03
5991.43
5994.34
5997.78
5999.27
6003.43
6007.91
6008.69
6015.20
6018.06
6019.89
6025.23
6027.71
6028.62
6029.99
6046.72
6053.07
6053.85
6054.51
6058.18
6060.41
6060.41
6060.54
6061.59
6062.31
6064.41
6066.05
6068.15
6070.64
6072.94
6074.26
6074.65
6075.57
6077.68
6079.45
6086.49
6089.13
6090.38
6093.87
6095.13
6102.65
6103.97
6115.21
6117.06
6125.47
6126.60
6132.44
6137.61
6139.21
6139.87
6140.54
6144.39
6144.92
6147.98
6155.97
6166.03
6166.03
6167.37
6167.57
6172.18
6177.39
6188.29
6190.84
6190.97
6198.07
6200.22
6209.55
6215.13
6216.21
6216.75
6220.18
6221.59
6226.17
6228.12
6244.25
6245.87
6246.07
6246.68
6247.56
6248.71
6250.74
6252.16
6253.04
6254.46
6254.87
6256.69
6261.50
6262.72
6266.52
6276.76
6277.58
6279.07
6280.98
6283.29
6284.03
6293.70
6295.67
6299.96
6302.28
6304.12
6306.85
6307.60
6309.51
6309.99
6318.81
6324.00
6333.32
6336.13
6336.61
6337.91
6349.17
6350.13
6352.40
6358.24
6359.75
6359.82
6363.61
6368.71
6378.36
6380.84
6382.99
6383.26
6384.23
6390.73
6393.42
6393.49
6394.81
6402.08
6403.05
6404.99
6408.31
6409.63
6410.32
6410.74
6415.39
6416.15
6416.57
6421.01
6422.33
6422.47
6431.86
6432.42
6434.16
6451.31
6457.24
6466.19
6473.05
6473.82
6478.52
6484.55
6485.60
6489.32
6489.46
6490.30
6495.29
6502.53
6504.64
6506.76
6509.29
6511.33
6511.97
6512.18
6524.73
6525.37
6526.43
6528.33
6532.22
6534.34
6535.33
6542.62
6550.48
6553.39
6557.36
6561.76
6564.39
6564.81
6571.56
6571.78
6577.33
6578.47
6578.96
6583.73
6587.37
6592.15
6594.57
6595.43
6598.92
6600.21
6606.78
6612.08
6613.72
6614.65
6615.37
6618.66
6619.31
6622.53
6623.03
6628.26
6636.73
6640.61
6644.49
6652.33
6652.91
6654.49
6661.26
6663.07
6664.72
6665.66
6669.99
6675.62
6681.69
6694.28
6695.37
6695.59
6702.25
6708.42
6716.12
6721.57
6725.79
6731.32
6735.91
6738.98
6747.88
6749.12
6753.72
6763.52
6765.86
6786.10
6787.12
6789.62
6797.34
6797.71
6800.87
6803.08
6806.91
6809.04
6810.52
6810.81
6815.75
6826.23
6826.30
6826.82
6828.37
6828.89
6829.48
6830.74
6831.33
6831.62
6832.36
6836.13
6838.13
6840.20
6840.72
6842.35
6842.65
6844.13
6844.35
6849.46
6851.98
6854.87
6855.02
6859.92
6861.77
6865.41
6867.94
6868.61
6873.52
6877.53
6877.90
6886.17
6892.36
6892.51
6894.30
6906.54
6910.43
6911.70
6914.32
6919.18
6923.82
6925.77
6934.92
6937.85
6938.45
6938.82
6949.49
6958.07
6959.35
6967.56
6968.16
6971.48
6974.80
6977.14
6977.37
6984.70
6985.45
6990.06
6992.94
6993.69
6999.45
7009.53
7009.68
7010.74
7013.09
7013.47
7014.99
7017.57
7027.75
7028.89
7029.43
7035.97
7037.95
7039.55
7046.41
7049.99
7060.91
7062.51
7065.03
7066.41
7068.02
7071.69
7077.66
7081.64
7083.86
7100.36
7103.74
7115.13
7115.36
7119.90
7124.76
7124.76
7126.15
7132.24
7137.95
7140.19
7141.58
7143.05
7149.31
7155.20
7159.14
7162.09
7164.49
7167.05
7167.59
7169.30
7170.85
7175.35
7175.66
7179.00
7179.78
7181.25
7186.38
7193.54
7204.91
7205.54
7205.93
7208.03
7215.06
7215.13
7219.12
7221.85
7226.93
7244.23
7244.78
7245.41
7249.56
7252.39
7252.47
7268.02
7274.16
7274.94
7282.98
7298.28
7302.55
7309.74
7312.59
7313.62
7322.56
7323.51
7328.27
7328.51
7333.90
7338.19
7338.35
7338.67
7340.57
7346.21
7347.88
7352.65
7353.05
7354.24
7354.40
7354.64
7364.99
7366.99
7368.58
7369.86
7380.87
7382.63
7383.67
7390.86
7408.79
7423.32
7424.92
7428.38
7429.66
7434.49
7439.08
7441.33
7458.66
7470.78
7474.09
7480.32
7483.88
7487.77
7488.01
7489.96
7491.66
7494.17
7507.73
7510.00
7510.24
7512.52
7514.15
7518.86
7519.03
7526.27
7529.36
7536.05
7537.52
7554.09
7558.91
7571.68
7573.81
7579.06
7588.91
7591.86
7593.42
7593.67
7594.25
7595.48
7595.72
7597.12
7597.94
7603.04
7609.13
7616.05
7616.46
7622.98
7629.41
7630.40
7630.90
7634.45
7650.57
7661.01
7666.82
7676.78
7679.02
7683.59
7689.25
7694.90
7695.15
7699.82
7703.90
7709.74
7721.09
7727.28
7732.21
7743.26
7748.37
7749.30
7754.75
7761.97
7764.07
7766.92
7767.26
7768.94
7769.70
7769.95
7787.12
7787.96
7788.89
7790.49
7809.48
7810.15
7814.80
7818.86
7821.40
7824.79
7836.40
7838.85
7843.61
7845.56
7850.31
7850.57
7853.88
7860.60
7860.77
7869.02
7873.71
7875.67
7896.14
7898.62
7913.25
7913.85
7915.56
7915.82
7926.19
7931.08
7934.85
7938.55
7941.47
7949.38
7953.42
7964.61
7971.08
7974.96
7986.71
7991.55
7997.78
7998.99
8004.18
8007.04
8013.71
8013.89
8017.44
8021.35
8023.78
8028.21
8030.90
8032.90
8047.60
8053.26
8059.89
8060.93
8061.54
8074.90
8075.51
8076.56
8087.14
8089.77
8092.04
8092.74
8096.68
8097.12
8108.26
8116.68
8118.00
8124.06
8134.00
8134.62
8136.82
8142.19
8147.83
8148.98
8149.15
8160.54
8171.31
8172.73
8180.78
8192.30
8201.43
8218.40
8221.95
8223.11
8225.34
8235.84
8243.06
8258.33
8261.55
8266.91
8271.21
8274.34
8275.06
8281.42
8282.94
8283.48
8283.57
8285.18
8290.83
8291.91
8292.26
8298.55
8305.10
8305.46
8308.07
8312.57
8318.50
8320.12
8326.79
8327.78
8332.65
8336.70
8343.11
8349.34
8350.88
8351.69
8353.86
8357.30
8364.80
8367.52
8369.51
8369.87
8372.41
8374.31
8379.39
8381.11
8386.37
8391.46
8395.91
8396.18
8396.91
8400.72
8415.37
8418.10
8420.92
8427.40
8439.71
8442.27
8446.20
8457.27
8458.82
8463.40
8471.92
8473.02
8477.51
8481.64
8484.76
8499.92
8502.13
8513.54
8513.54
8514.28
8517.32
8538.36
8553.99
8558.71
8561.76
8564.17
8580.59
8581.98
8588.86
8594.06
8596.39
8600.11
8607.18
8607.84
8609.79
8622.84
8623.31
8627.79
8632.09
8635.82
8658.93
8665.59
8666.15
8674.03
8675.81
8676.09
8679.19
8714.20
8716.84
8723.44
8730.90
8739.31
8742.34
8759.67
8765.07
8771.62
8779.40
8781.30
8786.81
8798.99
8800.90
8802.61
8812.90
8820.34
8820.53
8823.40
8829.60
8838.21
8842.03
8845.48
8849.12
8849.88
8851.61
8852.95
8859.17
8863.01
8863.39
8864.16
8873.37
8881.34
8883.65
8892.02
8895.48
8901.07
8902.32
8902.99
8903.18
8903.28
8924.98
8926.24
8931.65
8936.09
8959.52
8963.40
8966.21
8980.10
8985.15
8993.32
8994.29
9017.49
9023.34
9041.71
9047.19
9048.08
9053.95
9061.69
9063.36
9065.42
9070.03
9071.01
9077.98
9081.42
9094.50
9101.10
9101.19
9107.20
9115.39
9116.57
9118.34
9119.04
9119.53
9124.86
9128.41
9132.36
9134.04
9134.34
9141.66
9167.21
9168.20
9170.78
9170.98
9180.31
9184.09
9190.55
9192.94
9194.33
9201.20
9208.87
9220.43
9220.73
9232.51
9234.31
9239.71
9246.11
9253.81
9258.42
9266.04
9268.84
9271.25
9272.35
9272.45
9277.37
9278.78
9281.09
9281.19
9291.23
9298.17
9307.23
9309.55
9317.61
9331.74
9334.46
9337.09
9337.19
9340.42
9342.85
9343.86
9351.04
9352.36
9367.65
9368.86
9375.66
9381.64
9383.17
9399.53
9400.75
9406.55
9418.06
9421.52
9435.70
9444.89
9449.90
9456.75
9461.16
9468.63
9469.14
9470.48
9470.89
9474.27
9476.01
9476.93
9477.75
9493.35
9497.67
9498.59
9499.72
9502.81
9505.38
9510.01
9517.42
9523.19
9528.55
9530.92
9532.05
9549.81
9552.81
9562.32
9566.67
9573.60
9577.96
9579.51
9583.55
9585.01
9585.42
9598.50
9613.98
9618.15
9626.37
9627.93
9638.36
9640.75
9641.17
9641.17
9645.03
9649.83
9654.53
9657.35
9670.21
9680.26
9702.70
9713.42
9724.78
9725.72
9725.93
9729.72
9730.04
9741.84
9743.42
9747.32
9747.95
9770.55
9778.59
9779.75
9786.84
9788.22
9790.76
9803.59
9805.71
9807.30
9821.64
9835.99
9837.38
9842.59
9844.08
9845.89
9847.81
9848.35
9855.27
9859.33
9887.74
9888.49
9891.92
9905.52
9908.84
9909.38
9915.28
9929.66
9932.56
9937.40
9947.08
9947.30
9948.91
9956.99
9960.76
9965.61
9977.05
9987.09
9996.82
9999.20
10020.65
10028.89
10042.03
10042.46
10073.59
10080.24
10080.35
10086.02
10111.70
10144.13
10147.43
10154.13
10176.67
10177.22
10178.44
10184.94
10188.68
10191.88
10207.11
10211.09
10248.83
10252.82
10261.03
10262.37
10268.81
10270.25
10290.61
10309.11
10317.14
10319.26
10319.71
10323.73
10324.29
10325.85
10327.53
10332.22
10337.03
10339.83
10358.08
10359.99
10360.21
10371.54
10378.72
10379.28
10379.96
10395.92
10396.48
10397.38
10398.73
10401.66
10406.72
10409.54
10415.39
10420.47
10427.91
10431.30
10433.55
10434.68
10435.13
10436.94
10442.14
10448.24
10452.65
10453.89
10462.49
10471.89
10474.27
10491.29
10492.99
10494.92
10496.96
10510.49
10512.99
10515.04
10521.52
10522.44
10523.92
10530.07
10536.68
10537.82
10541.24
10541.58
10559.96
10572.31
10578.83
10580.55
10583.87
10584.44
10620.80
10621.72
10623.79
10636.79
10638.29
10645.42
10646.12
10665.37
10671.14
10675.30
10679.23
10690.09
10690.56
10698.31
10706.41
10718.82
10730.42
10733.79
10736.81
10751.45
10755.18
10755.64
10761.00
10764.84
10766.35
10769.38
10772.06
10776.14
10778.94
10783.14
10791.66
10792.48
10806.38
10806.50
10814.92
10815.98
10816.21
10830.85
10843.40
10843.51
10844.92
10893.61
10896.08
10897.62
10897.85
10907.53
10916.26
10918.62
10947.37
10947.84
10954.12
10965.15
10976.78
10979.75
10980.82
10986.05
10986.41
10995.21
11023.92
11025.47
11045.65
11048.52
11054.61
11056.65
11059.04
11065.98
11071.85
11078.80
11080.36
11081.80
11087.67
11106.05
11109.17
11119.15
11135.16
11146.74
11171.12
11174.27
11183.58
11199.32
11210.84
11220.43
11230.39
11239.14
11239.87
11246.92
11254.23
11258.25
11259.22
11263.24
11276.29
11285.69
11296.56
11296.80
11312.71
11329.24
11334.76
11388.97
11398.34
11425.26
11458.81
11468.98
11471.21
11488.60
11496.19
11510.50
11537.06
11538.93
11540.18
11540.18
11592.99
11594.00
11612.45
11619.24
11620.62
11627.79
11634.08
11655.63
11666.22
11666.22
11674.56
11691.75
11693.52
11704.79
11715.68
11718.98
11721.52
11733.82
11764.97
11770.95
11793.26
11814.98
11831.61
11847.62
11851.72
11853.00
11853.52
11859.16
11868.02
11873.93
11874.57
11888.45
11890.25
11910.47
11910.86
11913.82
11916.27
11916.79
11919.75
11923.11
11932.91
11941.95
11947.51
11947.64
11971.58
11972.75
11975.86
11986.36
11988.95
11996.09
11998.81
12007.38
12015.70
12021.81
12027.02
12028.19
12040.17
12052.16
12057.77
12073.04
12074.87
12096.71
12097.23
12110.20
12113.08
12121.08
12123.70
12132.23
12140.76
12157.72
12162.85
12176.55
12178.66
12193.95
12220.10
12227.24
12258.24
12264.34
12264.74
12270.98
12273.90
12274.70
12276.29
12278.95
12284.13
12289.71
12290.11
12345.56
12350.10
12353.31
12363.60
12363.87
12384.35
12393.34
12445.07
12447.36
12456.25
12472.84
12476.89
12500.53
12501.35
12501.89
12527.89
12542.53
12561.41
12576.10
12579.64
12584.95
12588.89
12603.34
12604.84
12607.57
12614.39
12622.72
12633.38
12638.98
12659.10
12665.81
12666.23
12669.79
12674.04
12679.39
12682.27
12685.84
12702.18
12710.02
12714.28
12717.17
12717.58
12719.65
12721.58
12726.39
12759.62
12769.70
12771.64
12780.62
12787.68
12794.74
12799.58
12811.36
12820.23
12830.78
12844.25
12844.25
12854.40
12865.53
12874.73
12898.85
12911.83
12913.93
12948.77
12980.05
12986.09
12997.33
13002.26
13005.91
13010.42
13023.52
13059.22
13084.39
13092.18
13097.00
13111.46
13112.45
13119.41
13119.69
13135.46
13136.45
13142.00
13145.55
13145.84
13151.95
13167.19
13170.32
13184.87
13192.57
13208.28
13240.48
13244.06
13246.21
13250.94
13257.68
13265.00
13268.44
13272.89
13278.64
13283.81
13299.20
13302.22
13317.20
13319.94
13337.82
13347.06
13386.40
13389.44
13390.02
13394.65
13402.92
13412.49
13443.58
13451.44
13471.54
13471.98
13485.83
13504.67
13512.41
13522.80
13533.34
13552.24
13559.13
13565.00
13578.22
13583.66
13584.83
13590.86
13597.92
13612.93
13629.59
13630.62
13634.46
13654.83
13666.51
13668.43
13676.12
13717.91
13739.30
13756.41
13769.51
13808.45
13838.52
13839.86
13908.47
13912.68
13935.13
13945.08
13961.39
13974.23
13987.39
13990.27
13998.45
14013.90
14021.79
14021.79
14044.56
14047.60
14048.97
14050.80
14096.17
14107.01
14123.04
14125.03
14160.38
14163.29
14168.65
14172.64
14182.00
14184.76
14185.99
14193.20
14203.65
14209.49
14209.95
14212.72
14228.41
14232.88
14245.05
14281.16
14326.51
14336.59
14341.55
14346.05
14354.59
14372.62
14374.02
14389.11
14397.21
14401.26
14416.38
14431.36
14448.39
14449.96
14459.81
14473.90
14475.15
14475.62
14481.73
14484.24
14507.92
14526.30
14547.53
14550.68
14563.12
14564.70
14587.41
14589.15
14593.25
14598.78
14612.84
14619.33
14637.05
14644.50
14650.68
14658.77
14659.40
14663.21
14669.08
14674.00
14691.16
14699.11
14702.77
14745.94
14760.15
14765.42
14777.40
14787.48
14793.08
14799.00
14814.22
14849.85
14864.80
14890.23
14902.32
14914.74
14917.97
14924.43
14936.87
14949.15
14989.00
15009.61
15026.83
15030.08
15059.55
15071.94
15080.09
15080.42
15084.66
15085.48
15090.87
15105.57
15109.49
15112.60
15118.32
15123.72
15127.16
15142.22
15142.71
15146.97
15151.07
15151.56
15158.78
15166.00
15166.16
15183.89
15194.41
15194.90
15208.06
15217.12
15225.68
15231.78
15232.11
15254.37
15276.50
15287.58
15290.89
15293.87
15309.60
15321.86
15341.60
15345.09
15353.39
15363.03
15369.01
15381.49
15395.64
15395.81
15398.64
15434.34
15440.18
15440.35
15482.51
15494.91
15500.27
15504.80
15506.31
15535.37
15536.88
15545.79
15550.84
15558.92
15561.27
15563.13
15570.03
15656.35
15660.42
15663.13
15702.16
15727.15
15741.11
15741.28
15797.59
15825.47
15835.07
15835.58
15879.50
15918.72
15919.07
15922.51
15923.89
15924.06
15924.06
15926.99
15931.30
15934.41
15935.10
15938.03
15939.23
15973.42
15990.54
15998.32
16008.19
16018.24
16035.41
16042.52
16061.98
16116.46
16149.63
16159.77
16193.90
16206.52
16211.25
16214.06
16230.03
16233.19
16258.68
16337.15
16342.46
16349.89
16362.45
16446.40
16457.08
16479.89
16497.91
16510.95
16522.03
16532.04
16536.16
16544.75
16547.97
16549.04
16581.66
16607.16
16613.45
16633.05
16633.59
16670.71
16671.07
16676.84
16681.90
16695.26
16698.15
16703.21
16707.18
16714.78
16748.63
16755.52
16756.43
16769.12
16791.45
16809.27
16830.20
16833.47
16836.93
16888.93
16895.51
16910.51
16912.71
16913.25
16921.67
16944.03
16945.13
16969.53
16991.76
17007.95
17040.73
17062.13
17074.69
17077.28
17077.46
17114.83
17118.90
17126.68
17137.44
17151.16
17161.56
17175.30
17214.56
17233.94
17242.71
17256.14
17312.25
17321.24
17358.58
17359.89
17425.00
17434.24
17450.85
17490.17
17492.82
17497.36
17549.69
17574.77
17577.25
17583.14
17621.42
17650.05
17655.58
17677.76
17702.45
17710.11
17710.11
17722.76
17735.04
17765.96
17768.84
17780.96
17815.24
17821.99
17853.25
17859.82
17868.91
17910.13
17912.27
17918.47
17922.93
17926.81
17929.91
17944.85
17972.64
18017.62
18019.76
18035.95
18047.86
18052.94
18069.16
18078.74
18080.89
18083.83
18100.27
18102.03
18131.83
18133.00
18180.74
18196.29
18203.97
18247.16
18265.13
18270.66
18278.57
18313.41
18340.78
18363.42
18367.59
18377.13
18378.32
18417.34
18480.42
18481.22
18511.24
18558.76
18568.41
18607.02
18619.71
18625.75
18626.15
18632.81
18639.66
18653.18
18680.85
18709.17
18744.42
18751.52
18758.22
18771.62
18798.86
18842.43
18854.47
18886.11
18890.00
18897.36
18903.49
18904.10
18954.49
18958.79
18966.80
18996.17
19003.98
19008.50
19013.44
19037.73
19037.73
19051.12
19060.81
19071.75
19078.97
19087.44
19097.76
19112.65
19124.65
19127.54
19135.62
19178.31
19227.76
19228.80
19249.41
19268.17
19270.67
19272.96
19304.06
19336.88
19356.97
19362.84
19364.72
19372.06
19373.74
19379.82
19387.58
19398.07
19403.94
19420.75
19422.64
19480.09
19501.18
19504.77
19564.80
19574.32
19589.16
19606.97
19613.97
19644.34
19694.99
19696.27
19716.10
19746.84
19755.39
19759.88
19763.73
19774.21
19779.99
19811.69
19848.80
19868.57
19899.98
19949.14
20008.80
20073.20
20108.63
20115.16
20126.26
20160.48
20279.27
20281.25
20369.21
20375.39
20435.66
20450.70
20456.68
20457.56
20468.85
20475.28
20482.15
20584.12
20597.26
20606.85
20626.48
20635.41
20687.72
20724.46
20731.86
20746.22
20763.29
20796.57
20796.79
20835.53
20899.88
20907.79
20908.25
20924.31
20959.66
20980.31
20989.16
21020.75
21042.60
21072.22
21086.36
21086.59
21110.10
21121.07
21127.24
21227.37
21231.27
21237.25
21274.96
21300.53
21338.36
21370.25
21371.17
21396.62
21477.34
21481.75
21497.80
21519.21
21526.43
21578.19
21587.54
21593.61
21602.96
21609.50
21642.73
21666.39
21671.55
21672.96
21747.19
21758.25
21760.60
21777.56
21785.34
21792.88
21805.62
21810.81
21833.48
21843.64
21864.21
21920.82
21928.41
22082.70
22248.90
22340.80
22346.12
22347.33
22350.47
22355.55
22357.73
22360.63
22378.06
22387.99
22496.53
22516.25
22582.62
22694.07
22701.92
22707.33
22722.07
22733.63
22762.43
22803.10
22873.28
22902.25
22968.01
23004.82
23010.55
23032.47
23110.60
23130.11
23130.37
23149.39
23149.64
23166.18
23234.96
23286.30
23309.49
23378.95
23382.50
23401.22
23408.82
23415.66
23453.95
23457.50
23458.01
23550.83
23603.38
23615.39
23618.71
23665.52
23695.24
23818.11
23851.12
23859.64
23912.62
23992.96
24046.50
24084.77
24176.94
24204.68
24241.37
24250.56
24316.24
24366.81
24369.97
24377.09
24387.64
24490.51
24491.30
24491.57
24496.60
24622.82
24645.74
24670.02
24719.45
24762.82
24850.32
25049.54
25053.88
25055.23
25113.86
25215.15
25282.35
25311.36
25431.05
25443.43
25461.61
25553.51
25559.32
25658.51
25691.29
25720.78
25737.48
25863.10
25884.09
25894.74
25971.90
26026.19
26080.88
26085.11
26144.17
26293.10
26297.37
26362.89
26459.77
26588.62
26596.97
26625.47
26736.32
26774.54
26778.59
26796.27
26866.24
26904.63
26927.35
26939.59
26977.51
27110.06
27237.66
27312.62
27379.19
27410.02
27424.55
27496.46
27586.75
27613.03
27623.49
27640.53
27694.71
27944.54
27956.34
27997.81
28168.88
28172.53
28185.34
28250.07
28325.36
28415.91
28425.14
28522.18
28565.73
28581.50
28600.98
28682.49
28699.87
28720.68
28765.78
28879.61
29063.30
29077.13
29168.20
29269.36
29274.11
29359.44
29365.16
29420.50
29471.15
29529.24
29704.21
29903.17
30016.30
30089.79
30129.53
30198.07
30326.10
30374.04
30691.18
30866.68
30879.04
30944.26
31009.95
31049.57
31124.91
31207.87
31562.38
31606.81
31675.28
32044.81
32128.48
32241.66
32253.52
32501.55
32757.50
33334.93
33612.36
33929.89
34411.62
34517.90
35196.37
35894.38
36823.13
37375.86
38209.59
38495.09
38864.21
40534.43
41573.80
43798.51
