7.02
7.19
7.66
8.01
8.49
8.56
8.63
10.35
10.35
11.18
11.86
11.87
12.12
12.47
12.86
13.64
13.84
13.95
14.26
14.74
14.91
14.92
14.99
15.11
15.26
15.27
15.29
15.34
15.58
15.88
16.00
16.05
16.09
16.11
16.22
16.24
16.29
16.66
16.83
17.02
17.24
17.27
17.30
17.32
17.46
17.54
17.62
17.71
17.78
17.79
17.97
18.16
18.30
18.42
18.82
18.95
19.01
19.15
19.34
19.46
19.78
19.91
19.96
20.00
20.19
20.31
20.32
20.77
20.81
21.29
21.48
21.52
21.52
21.56
21.64
21.66
21.67
21.86
22.11
22.16
22.39
22.43
22.77
22.84
23.14
23.24
23.41
23.51
23.68
23.78
23.87
23.91
23.95
24.04
24.27
24.28
24.33
24.54
24.65
24.65
24.69
24.80
24.86
24.91
24.97
25.32
25.37
25.56
25.58
25.75
25.77
25.81
26.13
26.39
26.39
26.59
26.66
26.95
27.07
27.35
27.38
27.56
27.87
28.03
28.30
28.44
28.51
28.57
28.61
28.66
28.70
28.90
28.92
29.13
29.14
29.17
29.22
29.38
29.39
29.40
29.55
29.63
29.85
30.04
30.15
30.24
30.31
30.39
30.43
30.43
30.44
30.45
30.49
30.62
30.72
30.82
30.94
30.98
31.02
31.06
31.29
31.30
31.44
31.50
31.68
31.76
31.83
31.84
31.88
32.00
32.07
32.36
32.51
32.61
32.64
32.65
32.70
32.75
32.85
33.05
33.05
33.05
33.06
33.15
33.16
33.21
33.28
33.42
33.45
33.54
33.56
33.58
33.60
33.78
33.82
33.87
33.90
33.97
34.08
34.10
34.11
34.17
34.29
34.35
34.59
34.66
34.80
35.04
35.04
35.08
35.22
35.22
35.26
35.26
35.32
35.33
35.73
35.73
35.78
35.86
35.93
36.25
36.28
36.28
36.63
36.64
36.68
36.69
36.76
36.94
36.99
36.99
37.11
37.30
37.38
37.46
37.66
37.67
37.67
37.83
37.93
37.98
38.06
38.12
38.37
38.52
38.58
38.61
38.70
38.77
38.79
38.81
38.83
38.84
38.87
38.89
38.98
39.02
39.04
39.12
39.13
39.19
39.33
39.57
39.80
39.80
39.93
39.96
40.14
40.17
40.37
40.41
40.44
40.49
40.50
40.55
40.58
40.60
40.61
40.64
40.66
40.69
40.79
40.80
40.81
40.91
41.00
41.09
41.18
41.18
41.22
41.31
41.44
41.48
41.54
41.58
41.62
41.64
41.79
41.94
41.97
42.04
42.31
42.41
42.43
42.51
42.88
42.99
43.06
43.12
43.22
43.27
43.30
43.35
43.39
43.52
43.53
43.65
43.78
44.08
44.13
44.21
44.22
44.34
44.41
44.46
44.46
44.48
44.49
44.60
44.62
44.80
45.15
45.40
45.52
45.53
45.56
45.61
45.67
45.70
45.81
45.83
45.84
45.86
45.88
45.94
46.12
46.15
46.55
46.62
46.71
46.86
46.88
46.92
46.93
46.95
47.18
47.35
47.80
47.81
47.84
47.85
47.87
47.88
47.97
48.04
48.19
48.44
48.65
48.81
48.87
48.95
48.96
49.00
49.06
49.06
49.10
49.13
49.19
49.23
49.23
49.41
49.43
49.61
49.66
49.87
49.89
50.16
50.18
50.32
50.33
50.34
50.45
50.47
50.52
50.57
50.63
50.65
50.76
50.87
50.89
50.94
50.96
51.00
51.00
51.04
51.09
51.13
51.20
51.25
51.25
51.25
51.27
51.30
51.31
51.36
51.38
51.42
51.50
51.54
51.58
51.69
51.74
51.82
51.89
51.95
51.95
51.99
52.22
52.26
52.32
52.35
52.37
52.41
52.51
52.63
52.69
52.87
52.92
52.98
53.05
53.08
53.11
53.28
53.29
53.46
53.47
53.70
53.73
53.74
53.96
53.98
54.07
54.14
54.16
54.16
54.17
54.28
54.41
54.62
54.73
54.78
54.89
54.95
54.99
55.00
55.02
55.02
55.13
55.15
55.51
55.59
55.60
55.74
55.80
55.86
55.87
55.92
56.01
56.11
56.30
56.79
56.99
57.10
57.12
57.20
57.27
57.29
57.34
57.47
57.51
57.52
57.62
57.63
57.69
57.77
57.85
57.94
58.02
58.17
58.30
58.48
58.61
58.66
58.72
58.74
58.77
59.11
59.50
59.51
59.64
59.74
59.81
59.81
60.04
60.07
60.10
60.14
60.15
60.17
60.20
60.27
60.28
60.33
60.34
60.44
60.46
60.50
60.53
60.57
60.62
60.69
60.82
61.05
61.05
61.32
61.35
61.36
61.39
61.41
61.46
61.62
61.64
61.65
61.81
61.82
61.95
61.98
62.32
62.43
62.52
62.59
62.66
62.70
62.78
62.99
63.02
63.25
63.36
63.52
63.62
63.77
63.79
63.83
63.88
63.93
63.94
64.07
64.12
64.18
64.24
64.41
64.47
64.53
64.58
64.87
64.94
65.30
65.37
65.37
65.50
65.52
65.62
65.68
65.72
65.76
65.83
66.08
66.14
66.16
66.17
66.41
66.46
66.55
66.70
66.70
66.72
66.90
66.92
66.97
66.98
67.14
67.50
67.56
67.61
67.67
67.67
68.36
68.47
68.52
68.52
68.60
68.65
68.68
68.80
68.91
68.97
69.00
69.16
69.47
69.66
69.82
69.82
69.92
69.93
70.38
70.39
70.53
70.60
70.63
70.76
70.77
70.77
70.92
70.94
70.96
71.36
71.38
71.44
71.45
71.59
71.62
71.90
71.91
71.93
71.96
72.03
72.05
72.08
72.30
72.34
72.42
72.47
72.77
72.99
72.99
73.00
73.05
73.10
73.23
73.34
73.36
73.40
73.43
73.47
73.54
73.58
73.91
73.96
73.98
74.06
74.28
74.35
74.42
74.42
74.68
74.72
74.80
74.83
74.85
74.93
74.99
75.04
75.07
75.09
75.09
75.17
75.20
75.25
75.26
75.36
75.39
75.50
75.51
75.51
75.85
76.01
76.06
76.21
76.30
76.36
76.43
76.44
76.55
76.67
76.70
76.74
76.83
76.88
77.05
77.40
77.43
77.48
77.53
77.60
77.62
77.65
77.67
77.75
77.79
77.83
77.88
77.89
78.04
78.04
78.16
78.21
78.22
78.29
78.35
78.36
78.50
78.61
78.80
78.81
78.85
78.88
78.95
78.95
79.03
79.14
79.14
79.17
79.18
79.24
79.26
79.26
79.33
79.38
79.47
79.61
79.69
79.81
79.88
79.88
80.00
80.05
80.33
80.40
80.47
80.66
80.73
80.74
80.78
80.80
80.81
81.05
81.08
81.10
81.12
81.12
81.13
81.33
81.39
81.40
81.40
81.43
81.46
81.57
81.63
81.76
81.82
81.86
81.89
82.00
82.03
82.03
82.18
82.28
82.57
82.61
82.67
82.70
82.81
82.88
83.25
83.42
83.43
83.49
83.69
83.79
83.79
83.82
83.84
83.86
84.18
84.22
84.39
84.40
84.49
84.59
84.70
84.75
84.90
85.01
85.02
85.17
85.21
85.28
85.31
85.34
85.56
85.61
85.71
85.81
85.97
86.19
86.33
86.35
86.44
86.46
86.82
86.85
87.03
87.08
87.14
87.19
87.52
87.60
87.63
87.77
87.79
87.87
88.01
88.02
88.04
88.24
88.30
88.35
88.38
88.57
88.61
88.61
88.83
88.86
88.97
88.98
89.09
89.20
89.21
89.22
89.25
89.35
89.50
89.87
90.00
90.05
90.27
90.43
90.56
90.65
90.70
90.73
90.76
90.81
90.99
91.01
91.30
91.34
91.46
91.52
91.52
91.54
91.55
91.69
91.86
91.86
91.95
92.12
92.28
92.35
92.53
92.56
92.59
92.87
92.98
93.01
93.03
93.10
93.13
93.20
93.27
93.46
93.53
93.61
93.74
93.88
93.92
93.96
94.00
94.08
94.10
94.25
94.36
94.46
94.56
94.57
94.62
94.86
94.95
94.96
95.01
95.04
95.41
95.41
95.65
95.88
95.90
96.11
96.17
96.23
96.38
96.45
96.47
96.54
96.79
96.84
96.88
96.89
97.11
97.11
97.14
97.15
97.17
97.20
97.30
97.38
97.53
97.61
97.78
97.92
97.97
98.00
98.29
98.45
98.59
98.67
98.94
98.97
99.09
99.35
99.35
99.43
99.43
99.45
99.53
99.58
99.82
99.98
99.99
100.01
100.06
100.12
100.37
100.76
100.90
100.91
100.94
100.96
101.03
101.08
101.22
101.29
101.32
101.59
101.67
101.73
101.83
101.88
101.95
101.96
101.97
102.09
102.14
102.16
102.46
102.55
102.66
102.89
103.36
103.41
103.44
103.54
103.57
103.76
103.76
103.79
103.79
103.86
103.97
104.22
104.46
104.57
104.68
104.69
104.78
104.79
104.86
105.18
105.61
105.63
105.68
105.84
106.00
106.13
106.34
106.43
106.48
106.49
106.54
106.58
106.66
106.78
106.78
107.29
107.33
107.53
107.56
107.68
107.75
107.81
107.98
108.03
108.41
108.50
108.73
108.90
108.95
109.21
109.43
109.49
109.58
109.73
109.80
110.21
110.26
110.26
110.27
110.42
110.66
110.68
110.91
110.98
111.01
111.26
111.43
111.46
111.46
111.56
111.75
111.88
112.21
112.35
112.36
112.39
112.40
112.55
112.65
112.74
113.18
113.21
113.23
113.30
113.84
113.94
114.07
114.15
114.26
114.42
114.45
114.49
114.61
114.62
114.76
114.99
115.09
115.12
115.15
115.16
115.36
115.45
115.86
115.88
116.04
116.39
116.41
116.44
116.48
116.97
117.11
117.35
117.42
117.43
117.45
117.49
117.60
117.84
117.93
117.96
117.97
118.31
118.42
118.51
118.81
118.84
118.88
119.21
119.30
119.43
119.63
119.81
119.95
120.05
120.13
120.43
120.46
120.58
120.60
120.61
121.00
121.04
121.29
121.46
121.51
121.56
121.59
121.62
121.69
121.71
121.84
121.98
122.06
122.08
122.10
122.21
122.30
122.34
122.41
122.50
122.57
122.61
122.66
122.95
122.95
123.09
123.41
123.43
123.49
124.25
124.40
124.53
125.04
125.23
125.36
125.39
125.39
125.57
125.58
125.62
125.87
125.96
126.17
126.23
126.30
126.41
126.49
126.64
126.70
126.73
126.79
126.85
127.01
127.04
127.26
127.29
127.36
127.40
127.52
127.64
127.75
127.90
127.94
128.12
128.19
128.24
128.30
128.40
128.46
128.49
128.50
128.60
128.66
128.71
128.79
129.09
129.49
129.55
129.64
129.66
129.81
129.84
129.86
129.95
130.11
130.21
130.64
130.72
130.85
130.97
131.11
131.33
131.37
131.75
131.84
131.85
131.87
131.97
132.05
132.13
132.24
132.38
132.52
132.64
132.65
132.69
132.71
132.79
132.95
133.00
133.51
133.60
133.61
133.66
133.81
133.90
134.06
134.11
134.27
134.63
134.67
134.75
135.00
135.14
135.41
135.51
135.52
135.93
136.47
136.49
136.85
136.90
137.00
137.04
137.05
137.07
137.26
137.31
137.33
137.81
137.89
138.20
138.21
138.29
138.35
138.66
138.83
138.93
139.29
139.33
139.53
139.61
139.71
139.73
139.89
139.97
140.02
140.12
140.16
140.23
140.30
140.48
140.48
140.49
140.64
140.70
141.03
141.18
141.22
141.39
141.48
141.53
141.59
141.75
141.78
141.90
141.93
141.93
141.95
141.95
142.32
142.33
142.34
142.45
142.48
142.51
142.60
142.69
142.90
143.07
143.13
143.20
143.25
143.28
143.40
143.45
143.53
143.87
143.94
144.04
144.23
144.70
144.88
145.02
145.04
145.06
145.21
145.58
145.61
145.77
145.80
145.81
145.98
146.03
146.13
146.20
146.60
146.73
146.74
147.12
147.15
147.16
147.18
147.27
147.37
147.48
147.60
147.69
147.89
148.20
148.27
148.32
148.58
148.93
149.04
149.51
149.60
149.81
149.92
150.49
150.92
150.94
150.96
151.23
151.38
151.39
151.46
151.48
151.60
151.68
151.79
151.92
151.95
152.03
152.23
152.49
152.49
152.72
152.79
152.79
152.84
153.37
153.42
153.51
153.54
153.74
153.86
153.90
154.01
154.08
154.35
154.39
154.56
154.66
155.18
155.37
155.46
155.77
155.84
155.98
156.00
156.03
156.36
156.36
156.44
156.53
156.66
156.76
156.78
156.79
156.86
157.13
157.32
157.45
157.57
157.60
157.61
158.78
158.96
159.00
159.08
159.22
159.33
159.47
159.59
159.75
159.78
159.78
159.81
160.12
160.39
160.43
160.79
160.81
160.86
160.90
161.03
161.10
161.14
161.19
161.72
161.73
161.94
161.98
162.09
162.13
162.19
162.20
162.21
162.52
162.53
162.63
162.69
162.69
162.92
163.02
163.07
163.29
163.39
163.45
163.69
163.77
164.19
164.22
164.27
164.29
164.64
164.65
164.67
164.70
164.72
164.87
164.96
165.30
165.52
165.53
165.65
165.73
165.84
166.64
166.81
167.02
167.11
167.26
167.29
167.36
167.39
167.44
167.45
167.84
168.04
168.28
168.32
168.40
168.43
168.54
168.86
168.97
169.29
169.37
169.62
169.65
169.70
169.82
170.11
170.20
170.21
170.33
170.63
170.66
170.68
170.74
170.92
170.95
170.95
171.21
171.23
171.74
171.95
172.30
172.35
172.57
173.01
173.07
173.36
173.46
173.62
173.74
173.93
174.04
174.08
174.11
174.41
174.51
174.57
174.61
174.71
174.93
175.15
175.29
175.30
175.42
175.58
175.88
175.98
176.01
176.13
176.29
176.53
176.73
176.77
176.96
177.39
177.43
177.57
177.57
178.29
178.34
178.46
178.54
178.67
178.69
178.85
179.00
179.24
179.24
179.45
179.53
179.59
179.61
179.65
179.67
180.08
180.15
180.70
180.70
180.75
180.88
180.89
180.92
181.20
181.42
181.48
181.48
181.55
181.66
182.14
182.26
182.45
182.62
182.63
182.92
183.19
183.42
183.48
184.13
184.33
184.70
185.02
185.04
185.49
185.50
185.58
185.59
185.59
185.64
185.68
185.82
185.85
185.90
186.20
186.24
186.72
186.76
186.79
186.97
187.06
187.11
187.28
187.30
187.50
187.56
187.59
187.67
187.96
188.13
188.48
188.57
188.57
188.88
188.96
189.01
189.05
189.15
189.55
189.88
189.93
190.01
190.15
190.29
190.32
190.33
190.34
190.64
191.06
191.06
191.21
191.26
191.40
191.68
191.88
192.02
192.35
192.51
192.64
193.17
193.49
193.57
193.76
193.79
193.84
193.90
194.13
194.17
194.19
194.38
194.46
194.53
194.77
194.89
194.96
195.06
195.30
195.42
195.58
195.63
195.63
195.71
195.80
196.15
196.46
196.82
197.33
197.46
197.47
197.58
197.75
197.83
198.04
198.64
198.66
198.99
199.08
199.09
199.10
199.12
199.27
199.28
199.51
199.55
199.67
199.75
199.99
200.10
200.29
200.48
200.64
200.65
200.67
200.67
200.78
200.81
200.86
201.28
201.41
201.60
201.69
201.72
201.81
201.97
202.12
202.20
202.26
202.60
203.03
203.04
203.58
203.65
203.72
203.76
203.90
203.98
204.02
204.10
204.40
204.97
205.33
205.55
205.62
205.82
206.23
206.23
206.29
206.56
206.67
206.68
206.73
206.75
207.00
207.11
207.25
207.68
207.82
208.18
208.21
208.26
208.29
208.33
208.35
208.43
208.69
209.09
209.23
210.19
210.20
210.35
210.45
210.54
210.55
210.70
210.72
211.05
211.54
211.57
211.68
212.11
212.25
212.27
212.33
212.33
212.46
212.50
212.56
212.63
212.79
213.15
213.47
213.53
213.60
213.89
213.99
214.14
214.19
214.26
214.58
214.80
214.80
214.94
214.99
215.62
215.80
215.88
216.10
216.28
216.28
216.44
216.58
216.59
216.75
216.79
216.82
216.95
217.12
217.45
217.86
217.96
218.22
218.26
218.52
218.77
218.91
218.94
219.09
219.14
219.15
219.27
219.27
219.66
220.04
220.07
220.18
220.65
220.65
220.90
220.90
220.95
221.43
221.49
221.49
221.67
221.76
221.97
222.07
222.10
222.15
222.44
222.74
223.04
223.17
223.36
223.74
223.84
223.86
223.97
224.13
224.22
224.23
224.60
224.89
225.21
225.23
225.41
226.04
226.06
226.22
226.71
227.07
227.30
227.35
227.40
227.54
227.69
227.72
227.92
228.10
228.76
228.76
228.96
229.10
229.16
229.16
229.33
229.35
229.66
229.75
229.93
230.38
230.69
230.81
231.02
231.17
231.31
231.44
231.57
232.01
232.13
232.33
232.34
232.43
232.55
232.58
232.74
232.98
233.33
234.14
234.23
234.32
234.40
234.82
235.08
235.28
235.30
235.31
235.32
235.32
235.43
235.69
235.74
235.84
235.89
236.01
236.06
236.10
236.17
236.41
236.49
236.62
236.83
236.97
237.30
237.58
237.76
237.81
238.40
238.45
238.51
238.55
238.95
239.18
239.42
239.67
239.87
239.96
239.96
239.97
240.39
240.57
240.68
240.76
240.87
240.96
241.26
241.37
241.46
241.52
241.62
241.62
241.64
241.91
242.09
242.14
242.15
242.18
242.30
242.39
242.42
242.45
242.64
243.10
243.69
243.72
243.80
243.92
244.03
244.49
244.51
245.11
245.38
245.64
245.72
245.73
245.93
245.93
245.94
245.97
246.54
246.79
247.04
247.11
247.15
247.29
247.32
247.32
247.56
247.58
247.96
247.97
248.36
248.76
248.90
248.93
249.07
249.66
249.71
249.79
250.12
250.37
250.41
250.50
250.58
250.72
250.81
251.24
251.29
251.32
251.49
251.57
251.85
252.03
252.28
252.29
252.58
252.93
253.11
253.15
253.20
253.23
253.51
253.92
254.20
254.26
254.42
254.50
254.83
254.95
254.98
255.43
255.50
255.93
256.11
256.23
256.33
256.42
256.52
256.73
256.78
256.89
257.05
257.12
257.22
257.67
257.69
257.76
258.32
258.60
258.64
258.74
258.90
259.03
259.83
259.87
260.17
261.05
261.07
261.16
261.44
261.46
261.77
261.78
261.84
262.47
262.59
262.73
262.90
263.07
263.19
263.33
263.40
263.47
263.47
263.77
264.02
264.11
264.16
264.43
264.58
264.74
264.76
264.80
264.96
265.75
265.82
266.00
266.32
266.41
266.64
266.77
267.23
267.25
267.73
267.73
267.89
268.12
268.15
268.24
268.57
268.63
268.75
269.02
269.07
269.27
269.52
270.02
270.06
270.07
270.27
270.28
270.33
270.35
270.39
270.41
270.46
270.52
271.00
271.35
271.48
271.99
272.57
272.82
273.07
273.87
274.49
274.74
274.76
275.12
275.22
275.55
275.90
276.02
276.20
276.32
276.36
276.82
276.99
277.11
277.18
277.24
278.49
278.82
279.19
279.24
279.39
279.61
279.69
279.90
280.11
280.30
280.74
280.85
281.18
281.24
281.37
281.49
281.64
281.93
282.07
282.28
282.44
282.54
282.60
282.79
282.84
283.01
283.13
283.39
283.62
284.53
284.57
284.63
284.69
284.99
285.00
285.07
286.12
286.36
286.40
286.57
286.89
286.98
287.39
287.40
287.99
288.00
288.04
288.05
288.17
288.39
288.43
288.63
288.76
289.19
289.40
289.56
289.68
289.70
289.71
289.75
290.22
290.29
290.36
290.41
290.66
290.86
291.09
291.23
292.36
292.63
292.67
292.76
293.07
293.25
293.88
293.91
294.24
294.32
294.72
295.15
295.26
295.27
295.45
295.51
295.52
295.59
295.80
296.19
296.21
296.25
296.29
296.34
296.39
296.57
296.84
296.93
297.18
297.38
297.63
297.78
297.78
298.19
298.25
298.50
298.99
298.99
299.15
299.29
299.81
300.17
300.57
300.65
300.75
301.37
301.82
301.89
302.05
302.11
302.18
302.29
302.45
303.17
303.28
303.95
304.14
304.27
304.66
304.78
305.15
305.16
305.24
305.60
306.04
306.06
306.51
306.71
306.76
306.77
307.11
307.13
307.16
307.36
307.40
307.49
307.53
307.70
307.75
307.91
308.18
308.34
308.54
309.14
309.72
309.78
309.79
309.80
310.42
310.63
310.65
310.74
310.93
310.95
311.22
311.27
311.47
311.57
311.62
311.70
311.86
312.06
312.10
312.14
312.34
312.73
312.81
312.89
312.94
313.05
313.06
313.29
314.01
314.13
314.16
314.28
314.30
314.87
315.05
315.08
315.27
315.70
315.84
316.02
316.11
316.27
316.55
316.58
316.61
316.72
316.91
317.09
317.10
317.30
317.39
317.72
317.81
317.85
318.02
318.17
318.54
318.66
319.01
319.02
319.30
319.31
319.44
319.52
319.55
319.86
320.26
320.45
320.57
320.81
320.85
321.18
321.49
321.85
321.87
321.97
322.01
322.02
322.02
322.35
322.55
323.02
323.33
323.35
324.10
324.44
324.50
324.84
325.52
325.99
326.33
326.54
326.61
326.85
328.06
328.21
328.24
328.64
328.79
328.96
329.35
329.49
329.88
330.08
330.15
330.19
330.81
330.85
331.16
331.39
331.51
331.94
332.30
332.40
332.79
333.13
333.54
334.01
334.22
334.44
334.52
334.59
334.59
334.73
334.90
335.10
335.15
335.49
335.79
335.81
335.92
335.99
336.04
336.29
336.30
336.44
336.44
336.71
337.61
337.65
337.65
338.03
338.28
338.49
338.80
339.74
339.96
340.20
340.27
340.66
340.73
341.17
341.27
341.36
341.52
341.55
341.70
341.78
341.97
342.05
342.29
342.29
342.39
342.44
342.62
342.99
343.08
343.42
343.51
343.59
343.96
344.31
344.33
344.46
344.81
344.97
345.11
345.16
345.17
345.73
346.11
346.11
346.16
346.16
346.41
346.86
346.86
347.17
347.34
347.47
348.05
348.48
348.55
348.60
348.84
348.96
349.00
349.01
349.17
349.29
349.88
350.02
350.18
350.21
351.17
351.58
351.85
352.02
352.20
352.27
352.40
352.86
353.26
353.43
353.48
353.74
354.01
354.28
354.38
354.62
354.94
355.00
355.18
355.41
355.48
355.70
355.75
355.82
356.24
356.31
356.62
356.73
357.67
357.87
357.97
358.03
358.12
358.27
358.42
358.82
358.87
359.30
360.66
360.72
360.87
361.00
361.34
361.72
361.76
361.85
361.90
362.35
362.38
362.54
362.95
363.01
363.29
363.30
363.43
363.96
364.17
364.41
364.62
364.63
364.68
364.97
365.20
365.24
365.30
365.33
365.42
365.43
365.43
365.49
365.59
366.05
366.18
366.23
366.30
366.55
367.28
367.41
367.47
367.70
367.80
367.81
367.99
368.29
368.40
368.44
368.52
368.58
368.90
369.15
369.97
369.99
370.12
370.23
370.70
371.43
371.53
371.65
371.98
372.44
372.52
372.61
372.79
373.20
373.34
373.36
373.79
373.99
374.45
374.54
374.65
374.67
374.75
375.09
375.47
375.81
376.01
376.03
376.07
376.99
377.12
377.55
378.00
378.14
378.51
378.76
378.86
379.41
379.82
380.03
380.16
380.50
380.58
380.62
381.02
381.15
381.37
381.39
381.46
381.49
381.86
382.13
382.25
382.44
382.45
382.75
382.82
382.85
382.91
383.53
384.82
385.01
385.29
385.32
385.54
386.19
386.24
387.76
387.92
387.97
388.38
388.69
388.71
388.76
389.00
389.35
389.49
389.89
390.21
390.21
390.45
390.88
391.16
391.24
391.45
391.54
391.93
392.81
393.76
394.11
394.13
394.19
394.96
395.07
395.34
395.44
395.99
396.00
396.03
396.11
396.44
396.62
396.73
397.77
398.13
398.35
398.41
398.57
398.69
399.15
399.29
399.36
399.52
400.11
400.67
400.74
400.81
401.57
401.79
402.23
402.28
402.63
402.68
402.72
403.01
403.15
403.26
403.68
403.85
403.92
404.04
404.36
404.47
404.57
404.83
404.89
405.09
405.11
405.19
405.29
405.37
405.63
405.72
405.73
405.85
405.91
406.08
406.18
406.26
406.49
406.55
406.84
406.84
406.88
407.48
408.00
408.07
409.11
409.12
409.14
409.25
409.28
409.32
409.52
410.43
410.61
410.82
410.88
411.03
411.55
411.73
411.82
411.96
412.04
412.08
412.61
412.83
412.99
413.06
413.43
413.95
414.11
414.12
414.16
414.49
414.64
414.71
415.19
415.38
415.47
415.73
416.05
416.19
416.55
417.03
417.11
417.19
417.53
417.81
417.87
418.58
419.25
419.31
419.38
419.61
419.98
420.36
420.43
420.43
420.79
420.84
420.91
420.95
421.19
421.74
421.92
421.99
422.23
422.34
422.41
423.44
423.64
423.97
424.30
424.32
424.51
424.54
424.57
425.85
425.88
426.00
426.43
426.77
427.13
427.30
427.35
427.53
427.74
427.75
427.82
428.70
428.74
429.91
430.10
430.24
430.71
430.75
431.05
431.26
431.38
431.41
431.59
431.61
432.28
432.30
432.37
432.44
432.57
432.59
433.17
433.40
433.44
434.17
434.56
435.13
435.51
435.58
435.81
436.12
436.18
436.66
437.19
437.20
437.30
437.42
437.47
437.67
437.95
438.04
438.08
438.37
438.52
438.64
438.80
438.82
438.86
438.89
439.45
439.54
439.80
439.86
439.87
440.27
440.51
440.62
440.77
440.81
441.55
441.82
441.86
442.32
443.22
443.41
443.51
443.67
443.73
443.74
443.85
444.35
444.85
444.94
445.06
446.67
446.73
446.78
446.79
446.81
447.13
447.22
447.79
447.96
448.66
448.75
449.22
449.81
450.02
450.04
450.24
451.18
451.55
452.03
453.07
453.29
453.56
453.72
453.86
454.64
455.10
455.13
455.28
455.28
455.47
455.70
456.49
456.55
457.14
457.17
457.68
458.24
458.51
458.72
458.82
459.03
459.11
459.15
459.62
459.66
459.88
460.12
460.25
460.39
460.55
460.78
461.01
461.24
461.47
461.48
461.91
462.00
462.02
462.56
462.69
462.86
463.03
463.04
463.12
463.14
464.05
464.13
464.43
464.89
464.92
465.04
465.19
465.31
465.32
466.43
466.54
466.67
466.71
466.79
466.91
467.04
467.41
467.64
468.27
468.43
468.64
469.00
469.02
469.03
469.47
469.52
469.73
470.01
470.23
470.28
470.42
470.58
471.10
471.71
472.62
473.58
473.86
474.88
475.40
475.47
476.17
476.61
477.48
477.78
477.79
478.04
478.30
478.48
478.91
478.96
479.03
479.65
479.86
479.87
479.90
480.61
480.85
481.59
482.65
482.68
482.81
483.45
483.70
483.89
483.93
483.99
484.21
484.33
484.61
484.72
485.06
485.20
486.09
486.85
487.34
488.54
488.66
488.72
488.94
489.27
489.45
489.49
489.76
490.32
490.56
490.68
490.90
490.99
491.40
491.69
491.91
492.03
492.51
492.96
493.07
493.08
493.70
493.72
493.79
494.07
494.20
495.00
495.27
495.38
495.41
495.61
495.92
496.73
496.90
497.04
497.09
497.20
497.37
497.60
497.84
497.88
497.93
498.15
498.17
498.87
498.89
499.22
501.12
501.20
501.30
502.13
502.60
503.01
503.12
503.40
503.49
503.94
504.41
504.68
504.90
505.09
505.43
505.75
505.76
506.41
507.95
508.03
508.40
508.91
509.21
509.40
509.74
509.89
510.25
510.26
510.57
510.68
511.64
511.89
512.72
513.12
513.19
513.41
513.79
515.33
515.49
515.69
515.78
516.21
516.27
516.92
517.15
517.32
518.31
518.54
518.80
518.82
519.59
519.73
519.99
520.10
520.64
520.83
520.86
521.01
521.71
521.77
522.30
523.41
523.69
524.29
524.37
524.81
524.91
525.08
525.66
525.83
525.94
526.31
527.12
527.96
528.72
529.02
529.44
529.58
529.77
530.52
530.57
531.05
531.41
531.45
531.58
531.63
532.01
532.10
532.52
532.90
532.95
535.13
535.31
536.73
536.90
537.55
537.81
538.46
538.53
538.78
540.74
540.81
540.86
541.30
541.62
542.03
542.24
542.49
542.73
542.97
543.27
543.34
543.70
543.95
544.83
544.94
545.29
545.34
545.81
546.22
546.38
547.41
547.50
547.62
547.66
548.33
548.46
548.69
548.88
549.06
549.13
549.40
549.42
549.61
549.94
550.47
551.35
551.59
551.71
551.93
552.02
552.30
552.48
552.49
552.51
552.70
552.76
552.98
553.02
553.10
553.19
553.25
553.48
553.49
554.74
555.79
556.30
556.91
557.01
557.15
558.02
558.32
558.48
558.69
559.15
559.27
559.64
559.69
559.76
560.15
560.90
561.93
563.01
563.49
563.57
563.60
563.70
563.89
564.34
564.51
565.01
565.05
565.23
565.47
566.33
566.57
566.65
566.66
568.60
568.61
568.93
569.42
569.95
570.25
571.75
571.79
571.88
572.13
572.26
572.85
572.93
572.97
573.46
573.86
573.94
573.99
574.55
574.99
575.27
575.59
575.72
576.08
576.50
577.15
577.31
577.62
577.64
578.09
578.96
579.00
579.18
579.72
579.72
580.10
580.57
580.61
581.07
581.12
581.27
581.56
581.66
581.76
582.82
582.89
583.12
583.13
583.31
583.35
583.93
584.12
584.48
584.79
584.85
586.17
586.50
587.55
588.00
589.20
589.34
589.61
589.97
590.17
591.46
591.52
592.08
592.31
592.38
592.48
592.84
592.85
593.00
593.15
593.30
594.18
594.18
594.34
594.50
594.53
595.37
595.44
595.71
596.04
596.33
596.71
596.81
596.89
597.94
598.08
598.23
598.27
598.30
598.48
599.01
599.07
599.12
599.29
599.54
599.93
600.08
600.40
600.42
600.77
601.30
602.29
602.30
602.31
602.76
602.94
603.62
604.18
605.08
605.43
605.52
605.60
606.28
607.86
608.12
608.24
609.08
609.32
609.79
609.93
609.99
610.80
611.82
612.18
612.33
612.35
612.67
612.69
612.91
613.15
613.29
614.02
614.05
614.12
614.20
614.24
614.55
615.17
615.56
615.77
616.14
616.63
617.34
618.44
618.49
618.88
619.09
619.41
619.60
619.83
620.71
620.85
621.13
621.38
621.73
622.04
622.34
622.65
622.94
623.28
623.40
623.77
623.77
625.17
625.63
625.73
626.17
626.38
626.51
627.23
627.24
628.15
628.18
628.28
628.37
628.62
628.70
628.79
628.84
629.49
629.61
629.84
629.87
630.64
630.86
630.88
631.20
631.43
631.57
631.61
631.64
631.64
631.68
631.83
632.58
632.72
633.60
634.14
634.24
634.47
634.54
634.69
634.87
634.93
635.02
635.32
636.36
636.53
637.09
637.16
637.36
637.55
637.83
638.19
639.42
639.55
639.88
640.16
640.47
640.58
640.61
640.66
641.38
641.65
641.85
642.01
642.33
642.69
642.74
642.81
642.86
643.15
644.58
644.78
645.37
645.53
646.01
646.18
646.58
646.62
646.66
646.79
647.11
647.16
647.16
647.16
647.40
647.41
647.55
647.58
648.31
648.56
648.67
649.20
649.76
650.03
650.21
651.53
651.59
651.65
652.21
653.07
655.13
655.39
655.59
655.72
655.75
656.60
656.95
657.32
657.46
657.47
657.65
657.85
657.91
657.95
658.06
658.15
659.00
659.21
659.30
659.40
659.41
659.83
660.12
660.20
660.31
660.58
660.81
661.00
661.05
661.30
661.46
661.81
662.04
662.10
663.63
664.07
664.19
664.26
664.52
665.01
665.74
665.74
666.50
666.71
666.85
667.21
667.29
667.67
667.73
667.78
667.96
668.77
669.15
670.55
670.56
670.98
671.70
671.83
671.92
672.23
672.28
672.44
672.92
673.15
673.33
673.62
673.68
673.83
673.84
675.30
675.31
675.88
676.21
676.84
676.94
677.17
677.23
677.29
677.39
677.64
678.69
678.70
679.51
680.05
680.47
680.61
680.65
681.28
681.33
681.53
681.87
681.93
682.58
682.68
682.72
683.06
683.54
683.74
684.31
684.71
685.00
685.06
685.33
685.77
686.46
687.65
688.38
689.49
689.74
690.11
690.27
690.46
690.77
692.12
692.70
692.84
692.92
693.50
693.66
693.94
693.94
694.02
694.17
694.31
694.44
694.56
694.63
694.79
694.81
694.94
695.22
695.55
696.36
696.66
696.76
696.92
697.34
697.54
697.64
698.12
698.45
699.54
699.64
699.75
699.76
699.78
700.03
700.27
700.36
700.52
701.69
702.07
702.21
703.42
704.11
704.23
704.27
704.37
705.49
705.82
705.87
706.05
706.36
707.17
707.31
707.76
707.99
708.40
708.60
708.64
709.89
710.09
710.66
710.69
710.81
710.92
711.07
711.29
711.60
711.65
711.95
712.03
712.35
713.25
713.43
713.97
714.30
714.95
715.29
715.48
716.41
716.52
716.68
716.72
716.93
717.04
717.40
717.66
717.80
718.20
718.28
718.46
719.33
719.62
719.83
720.07
721.86
721.88
721.89
722.03
722.39
722.84
722.85
723.35
723.45
724.15
724.42
724.98
725.05
725.74
726.02
726.39
726.52
726.87
727.11
727.41
730.06
730.65
730.99
731.56
731.98
733.16
733.41
733.46
733.60
734.34
734.57
734.67
735.26
735.52
735.67
736.11
737.11
737.49
737.60
737.87
737.99
738.46
738.79
738.96
739.55
740.21
740.24
740.30
740.81
741.13
741.21
741.99
742.14
742.55
742.63
742.73
742.83
743.28
744.22
744.62
746.08
746.57
747.25
747.33
748.04
748.55
748.83
749.06
749.87
749.91
749.93
749.94
751.19
752.52
753.14
753.61
754.05
754.07
754.34
755.82
756.86
757.90
757.94
758.07
758.52
758.60
758.85
758.94
759.14
760.23
760.32
760.47
760.65
760.84
761.49
761.59
762.35
763.34
763.49
763.62
763.99
764.81
764.93
765.05
765.52
765.78
765.95
766.05
766.18
766.23
766.24
766.47
766.84
767.23
767.48
767.77
768.04
769.04
769.38
769.40
769.45
769.92
770.36
770.39
771.10
771.45
771.60
771.60
771.75
772.40
772.67
773.10
773.90
775.14
775.50
776.66
777.13
777.33
777.39
777.67
777.96
778.64
778.78
778.83
779.80
780.15
780.99
781.27
781.32
781.60
782.29
782.35
782.44
783.97
784.00
785.39
786.12
786.97
787.31
788.00
788.33
788.54
788.95
789.52
790.06
790.45
790.56
791.14
792.56
793.45
793.75
793.87
794.31
794.63
795.73
796.54
796.56
797.00
797.32
797.50
797.74
798.62
799.36
799.97
800.99
801.32
801.78
802.00
802.30
803.18
803.61
804.00
805.08
805.52
805.79
806.64
807.04
807.13
807.22
807.36
808.11
808.38
808.60
809.05
809.51
810.02
810.82
811.34
811.49
812.67
812.75
813.00
813.54
814.22
814.44
814.53
814.80
814.92
815.01
815.02
815.91
816.01
816.20
816.33
816.38
816.47
816.62
817.27
817.36
817.99
818.06
818.29
819.37
819.85
820.29
820.57
820.76
820.80
821.05
821.30
821.80
821.88
822.49
822.77
823.85
824.44
824.82
825.38
826.42
826.49
826.60
828.09
828.16
828.25
829.59
830.71
830.73
831.38
833.85
834.33
834.69
834.74
835.17
835.33
835.89
836.64
836.72
837.41
837.55
837.82
837.94
838.34
838.57
838.63
838.98
839.04
839.75
840.59
841.21
841.51
841.61
842.10
842.29
842.78
843.27
844.16
845.50
846.27
846.29
846.91
848.10
848.28
848.49
848.72
848.75
851.21
851.41
851.66
852.33
852.57
853.33
853.46
854.05
854.97
855.89
856.02
856.04
856.17
859.38
859.62
861.86
862.70
862.88
863.14
863.34
863.65
864.06
864.92
865.26
865.38
865.76
866.70
867.78
868.39
869.06
869.35
869.80
870.26
870.30
870.63
871.59
871.74
871.79
872.53
874.00
874.75
875.12
876.75
877.07
877.18
877.27
877.35
877.48
878.57
878.79
879.55
879.76
881.11
883.65
883.95
884.91
886.04
886.12
886.33
887.14
887.52
887.69
888.31
889.18
890.33
890.92
891.61
891.96
892.43
892.45
892.89
893.07
893.25
894.59
894.94
895.25
895.61
896.48
896.69
896.90
896.96
897.33
897.38
897.85
898.19
898.80
899.00
899.40
900.15
901.35
902.00
902.02
902.02
902.27
903.42
903.67
904.48
904.82
905.62
906.03
906.53
907.27
907.64
907.84
908.59
908.67
908.75
909.05
911.01
911.11
911.44
911.60
911.99
913.14
913.96
914.55
914.76
916.18
916.80
917.06
917.97
918.50
918.69
918.80
919.54
920.25
920.27
921.64
921.81
921.87
922.88
924.07
924.51
926.35
926.43
926.49
926.87
927.00
927.25
927.40
927.55
929.89
929.90
930.13
931.11
931.66
932.33
933.72
933.89
934.61
934.95
936.08
936.24
937.19
937.92
939.43
940.35
941.03
941.73
943.30
944.45
945.20
945.93
946.81
947.48
947.75
948.63
949.63
949.82
950.07
951.50
952.08
952.70
952.76
952.90
952.93
953.61
954.15
954.60
955.09
955.16
956.39
956.54
957.23
957.49
958.13
958.16
958.28
958.38
958.41
959.04
959.65
959.75
959.90
960.50
961.89
964.38
964.97
965.21
966.11
966.89
967.99
968.16
968.46
969.45
971.29
971.35
971.48
971.59
971.79
971.84
972.29
973.08
973.14
973.29
973.40
973.61
974.45
974.59
975.78
976.60
976.64
976.90
978.68
978.85
979.29
979.90
980.32
981.09
981.19
981.24
981.25
981.53
983.12
983.77
984.53
986.23
986.63
986.89
987.31
987.44
987.54
987.71
987.82
987.94
988.18
989.07
989.12
989.13
989.52
989.56
989.59
990.08
990.09
990.37
990.56
990.56
990.57
991.19
991.60
991.77
991.77
992.13
992.26
993.62
994.45
995.02
995.52
995.79
996.31
996.80
996.83
997.00
997.53
997.98
998.15
999.05
1000.18
1000.51
1000.92
1001.00
1001.20
1001.64
1001.82
1003.24
1004.47
1004.49
1005.50
1005.91
1006.58
1006.73
1006.74
1007.23
1007.65
1007.90
1010.25
1010.55
1011.53
1011.62
1011.62
1012.27
1012.48
1015.08
1015.35
1016.18
1017.72
1017.97
1018.63
1018.81
1019.24
1019.49
1019.81
1019.91
1021.04
1022.26
1022.81
1023.46
1023.70
1023.79
1023.87
1024.44
1024.46
1024.93
1025.23
1026.10
1026.11
1028.34
1028.57
1028.95
1029.59
1030.30
1030.48
1031.81
1032.36
1032.70
1034.88
1035.19
1035.30
1035.56
1035.58
1035.67
1036.01
1036.26
1036.61
1036.64
1036.69
1036.79
1037.13
1037.59
1037.63
1037.89
1039.14
1039.70
1039.78
1039.81
1040.04
1040.15
1040.24
1040.54
1041.23
1041.37
1041.48
1041.50
1042.11
1042.81
1043.55
1044.65
1044.91
1045.74
1045.76
1046.14
1046.19
1046.30
1046.99
1048.25
1048.93
1049.34
1049.56
1052.01
1052.27
1052.39
1052.57
1053.57
1053.59
1053.74
1053.81
1054.11
1055.72
1056.07
1056.99
1058.03
1058.07
1058.76
1059.42
1059.61
1060.10
1060.94
1061.96
1064.16
1066.07
1068.21
1068.54
1068.70
1069.20
1069.84
1070.46
1070.53
1071.27
1072.20
1072.38
1072.71
1073.55
1073.65
1073.80
1076.21
1077.34
1077.70
1078.15
1078.68
1080.60
1080.95
1081.11
1081.23
1081.69
1082.82
1083.20
1084.83
1085.02
1085.09
1087.24
1088.43
1088.80
1088.80
1089.63
1089.73
1089.87
1090.76
1091.65
1091.68
1091.85
1092.11
1092.12
1092.37
1092.55
1093.57
1094.31
1094.38
1095.36
1095.66
1095.68
1096.65
1096.83
1096.89
1097.03
1097.44
1097.51
1097.84
1097.91
1098.49
1099.34
1100.02
1101.34
1101.73
1101.96
1102.40
1102.89
1102.90
1102.94
1103.89
1104.18
1104.85
1104.89
1105.67
1106.67
1106.82
1107.26
1107.42
1107.74
1108.63
1108.95
1110.22
1111.22
1113.04
1113.14
1113.68
1113.73
1114.14
1115.16
1116.89
1116.95
1118.41
1120.47
1120.62
1120.87
1121.63
1122.24
1123.43
1123.48
1123.68
1124.02
1124.91
1125.10
1125.33
1125.34
1125.61
1128.01
1128.08
1129.74
1129.82
1129.86
1131.19
1131.82
1132.07
1132.20
1133.27
1133.52
1133.57
1134.49
1134.67
1135.28
1136.07
1137.13
1137.96
1138.29
1139.94
1140.82
1143.18
1143.44
1144.64
1145.96
1146.19
1146.41
1147.29
1148.02
1149.12
1149.14
1149.15
1149.29
1150.11
1151.47
1151.62
1152.49
1152.62
1152.75
1153.35
1154.15
1154.48
1154.69
1156.76
1158.04
1158.10
1158.68
1158.74
1159.11
1159.97
1160.54
1161.62
1162.67
1162.86
1163.15
1163.47
1163.50
1163.62
1164.11
1165.84
1166.05
1166.68
1168.13
1169.27
1169.35
1169.69
1170.65
1171.13
1171.61
1172.46
1173.07
1173.33
1173.54
1174.76
1174.81
1174.89
1175.23
1175.47
1175.49
1175.61
1177.40
1178.61
1178.90
1179.18
1179.36
1179.78
1180.52
1180.56
1180.69
1181.29
1181.45
1182.07
1182.32
1183.59
1183.78
1184.32
1184.42
1185.40
1185.83
1186.21
1186.81
1187.01
1187.81
1188.03
1188.40
1188.70
1189.05
1189.11
1189.15
1189.59
1190.22
1191.67
1192.31
1192.41
1192.89
1194.91
1195.06
1195.33
1195.37
1196.48
1196.48
1196.98
1199.71
1200.03
1200.49
1201.19
1201.58
1201.88
1203.37
1203.59
1204.09
1204.69
1204.74
1205.46
1205.64
1205.65
1207.18
1207.39
1208.34
1209.31
1209.53
1209.56
1209.74
1209.89
1210.06
1210.14
1210.33
1210.88
1211.17
1211.37
1211.62
1212.44
1212.71
1212.71
1213.59
1213.97
1214.04
1214.27
1214.62
1214.91
1215.03
1215.12
1215.23
1216.06
1216.31
1216.74
1217.68
1218.12
1218.88
1219.50
1221.32
1221.36
1221.83
1221.94
1224.44
1224.56
1224.84
1224.85
1225.34
1225.61
1225.88
1226.26
1226.71
1227.57
1228.27
1228.31
1230.23
1230.52
1233.03
1233.90
1234.46
1235.57
1236.70
1237.83
1238.03
1238.23
1238.46
1238.90
1239.15
1240.97
1241.89
1242.05
1242.66
1242.90
1243.25
1243.51
1245.20
1245.81
1245.94
1247.12
1247.20
1247.36
1247.55
1248.22
1248.55
1249.32
1249.71
1250.29
1251.39
1251.85
1252.35
1252.38
1255.88
1257.18
1257.39
1262.39
1264.25
1264.93
1265.70
1266.96
1267.52
1267.84
1267.89
1269.14
1269.98
1270.21
1271.02
1272.33
1272.44
1272.48
1272.62
1272.88
1273.74
1274.16
1274.58
1274.96
1274.98
1275.23
1275.63
1276.22
1276.92
1277.05
1277.24
1277.82
1278.14
1278.62
1280.56
1280.98
1282.20
1282.23
1283.23
1283.35
1284.75
1285.02
1286.62
1286.70
1288.64
1288.67
1289.45
1289.82
1291.18
1292.31
1293.85
1293.86
1294.52
1294.59
1295.78
1297.25
1297.47
1297.66
1298.00
1298.56
1298.79
1299.29
1299.97
1300.04
1300.16
1300.45
1300.92
1301.35
1301.42
1301.47
1305.86
1306.93
1307.37
1307.71
1308.79
1310.56
1313.17
1313.47
1313.51
1314.79
1315.02
1315.05
1315.22
1315.86
1317.77
1318.01
1318.04
1318.51
1318.91
1319.09
1320.47
1321.02
1321.05
1321.31
1321.35
1323.00
1323.07
1323.15
1325.46
1325.86
1326.90
1327.02
1327.57
1329.11
1329.45
1329.76
1330.75
1330.88
1330.91
1331.51
1332.84
1333.49
1334.63
1335.86
1336.49
1337.43
1338.27
1338.91
1339.50
1341.14
1341.82
1342.07
1342.33
1343.22
1343.70
1343.95
1346.42
1347.96
1348.97
1349.50
1351.31
1352.93
1352.95
1353.08
1353.28
1353.36
1358.17
1358.18
1358.40
1359.83
1360.43
1360.88
1361.89
1362.33
1363.71
1363.96
1365.82
1366.61
1366.81
1369.44
1370.20
1370.33
1370.57
1372.01
1372.77
1375.34
1377.54
1377.81
1378.33
1378.75
1380.38
1380.62
1381.27
1381.68
1382.17
1383.01
1384.13
1385.43
1385.61
1386.14
1387.50
1388.03
1388.13
1388.63
1390.61
1390.64
1391.02
1391.20
1391.34
1393.14
1393.36
1394.97
1395.05
1396.27
1396.39
1396.60
1399.85
1400.23
1400.25
1401.29
1402.84
1403.84
1404.85
1404.85
1405.09
1405.62
1405.83
1405.86
1408.18
1409.79
1410.51
1411.32
1411.50
1411.67
1412.74
1414.27
1416.55
1416.94
1417.81
1418.12
1418.18
1418.29
1418.35
1418.78
1418.93
1419.31
1419.93
1421.59
1421.96
1422.13
1422.14
1422.99
1424.42
1427.00
1427.49
1428.14
1429.83
1430.75
1432.32
1433.08
1436.01
1436.18
1437.10
1438.17
1438.58
1439.28
1441.60
1442.63
1443.36
1443.36
1443.58
1444.55
1446.05
1447.04
1448.29
1449.95
1450.72
1452.40
1452.70
1453.28
1453.80
1454.72
1454.72
1455.55
1456.12
1456.78
1457.46
1458.85
1459.33
1459.89
1460.55
1461.26
1461.52
1461.99
1462.81
1465.12
1469.13
1469.76
1470.56
1471.51
1473.18
1473.18
1474.22
1474.24
1475.19
1475.24
1476.02
1476.60
1477.32
1477.46
1477.69
1480.05
1480.82
1481.51
1482.30
1483.57
1484.08
1484.16
1484.85
1485.99
1487.17
1487.23
1487.97
1489.89
1489.89
1490.50
1490.87
1491.29
1491.55
1491.95
1493.92
1494.00
1494.25
1494.84
1495.35
1496.14
1499.02
1499.38
1499.83
1500.65
1502.55
1502.97
1504.01
1506.62
1508.04
1508.20
1509.60
1509.88
1510.24
1510.29
1510.80
1512.04
1512.43
1512.51
1513.56
1514.20
1514.81
1515.05
1515.66
1515.71
1516.45
1516.56
1517.38
1517.81
1517.87
1518.66
1518.84
1518.86
1519.17
1519.47
1521.46
1521.77
1522.28
1524.67
1525.28
1525.50
1526.50
1529.53
1529.74
1531.45
1533.27
1534.83
1534.88
1535.85
1536.50
1538.01
1538.03
1538.67
1538.72
1538.74
1540.17
1540.47
1542.01
1543.39
1544.18
1545.65
1548.34
1548.76
1548.86
1549.74
1549.84
1550.29
1551.14
1552.30
1552.61
1552.79
1553.29
1553.78
1553.97
1553.98
1556.98
1557.77
1558.16
1560.20
1561.59
1562.38
1562.75
1568.34
1568.43
1568.65
1568.80
1571.01
1573.08
1573.83
1573.97
1574.45
1576.39
1576.63
1578.08
1578.37
1578.91
1579.03
1579.38
1580.04
1580.09
1580.38
1580.78
1581.96
1582.71
1583.17
1583.59
1584.15
1584.19
1586.66
1587.14
1587.63
1588.39
1590.59
1590.76
1591.31
1591.38
1591.45
1592.35
1593.05
1593.97
1594.61
1595.40
1595.54
1595.85
1596.07
1598.20
1598.37
1598.91
1598.93
1599.57
1599.98
1602.84
1603.95
1604.58
1604.73
1605.06
1606.90
1606.94
1607.65
1608.40
1609.29
1611.64
1611.94
1612.79
1612.95
1614.34
1615.41
1615.76
1616.11
1616.20
1617.18
1618.17
1618.59
1618.96
1621.71
1622.33
1624.77
1625.39
1625.51
1625.58
1625.58
1625.74
1626.20
1626.65
1626.88
1626.90
1628.17
1628.68
1629.19
1631.25
1631.50
1632.49
1632.68
1633.73
1634.43
1634.73
1634.84
1635.07
1635.37
1635.76
1636.13
1636.54
1637.60
1637.64
1638.28
1639.04
1639.16
1640.39
1640.39
1641.82
1642.06
1642.55
1642.91
1643.39
1643.42
1646.11
1646.52
1647.00
1647.41
1647.77
1650.27
1652.25
1652.48
1652.82
1653.11
1653.70
1655.08
1655.68
1655.94
1657.42
1657.58
1658.50
1660.37
1660.80
1661.57
1662.13
1662.16
1663.59
1663.96
1665.50
1665.57
1667.32
1667.79
1670.30
1670.64
1671.49
1672.18
1672.21
1672.43
1672.59
1675.45
1675.98
1677.38
1678.97
1680.66
1681.43
1682.27
1682.28
1683.59
1684.94
1685.09
1685.62
1685.65
1685.96
1687.37
1688.78
1690.18
1690.55
1690.86
1691.26
1691.81
1692.95
1695.06
1695.50
1697.20
1697.59
1699.61
1701.67
1703.42
1704.10
1704.88
1706.94
1708.09
1708.83
1709.79
1710.33
1711.73
1711.77
1712.83
1713.22
1713.74
1714.03
1715.20
1715.81
1715.83
1716.71
1717.04
1718.28
1719.31
1720.44
1721.56
1722.31
1723.01
1723.89
1727.29
1728.26
1728.39
1729.33
1730.97
1731.03
1731.22
1731.50
1732.42
1733.07
1735.79
1736.45
1738.86
1738.99
1739.16
1739.93
1740.02
1740.65
1741.57
1743.57
1743.76
1743.91
1744.28
1744.79
1746.83
1747.93
1749.80
1750.73
1751.15
1751.98
1752.23
1753.69
1753.84
1753.88
1754.09
1755.38
1756.08
1757.64
1761.77
1762.13
1765.17
1765.49
1766.51
1766.68
1769.89
1770.70
1771.20
1771.33
1771.46
1773.21
1773.86
1774.71
1775.22
1775.24
1776.67
1776.86
1777.38
1783.02
1783.87
1784.26
1784.33
1786.30
1786.61
1787.58
1788.35
1789.40
1789.51
1790.33
1790.56
1790.95
1791.10
1794.09
1794.36
1795.51
1795.90
1796.42
1796.44
1798.50
1799.86
1800.57
1800.78
1801.05
1801.15
1802.22
1802.55
1803.00
1804.49
1805.03
1806.17
1806.40
1807.73
1809.18
1809.27
1810.12
1810.31
1811.98
1812.70
1813.23
1815.55
1816.39
1817.18
1817.69
1817.87
1817.97
1819.50
1819.96
1820.90
1821.73
1821.85
1822.08
1822.81
1823.64
1823.92
1824.77
1825.08
1826.68
1826.72
1826.82
1828.58
1829.25
1832.84
1835.10
1837.03
1839.00
1839.26
1841.61
1841.79
1841.87
1843.22
1843.62
1843.98
1845.74
1846.47
1847.27
1849.45
1850.55
1851.16
1851.22
1852.14
1853.26
1854.64
1855.87
1856.13
1856.85
1857.88
1857.94
1858.44
1861.62
1861.88
1862.37
1863.64
1864.48
1865.15
1867.81
1867.83
1868.04
1868.93
1869.03
1871.01
1871.29
1871.98
1872.95
1874.58
1875.71
1875.85
1875.85
1875.94
1876.14
1876.44
1876.50
1878.64
1881.32
1881.36
1883.60
1885.64
1886.11
1886.79
1887.21
1888.60
1889.52
1890.16
1890.61
1890.95
1891.30
1892.02
1894.15
1894.35
1895.34
1895.58
1895.71
1897.43
1898.03
1898.17
1898.75
1901.40
1902.49
1902.69
1903.02
1903.11
1903.93
1906.90
1907.41
1911.36
1914.63
1915.21
1915.46
1915.48
1915.56
1916.21
1917.03
1918.69
1919.40
1919.82
1920.02
1920.48
1920.65
1922.66
1924.31
1925.31
1927.02
1927.04
1927.98
1928.14
1929.37
1929.75
1931.13
1932.53
1934.01
1934.62
1935.77
1936.38
1936.53
1937.16
1937.68
1938.31
1938.98
1939.42
1940.39
1940.47
1941.84
1945.43
1946.40
1950.74
1951.29
1952.47
1953.57
1955.69
1957.17
1958.44
1960.43
1961.75
1961.86
1963.15
1963.43
1963.79
1963.83
1964.19
1966.17
1967.89
1968.30
1971.17
1971.41
1972.24
1973.33
1973.95
1974.42
1974.70
1976.36
1981.29
1981.82
1983.11
1983.61
1985.22
1985.77
1986.31
1990.72
1991.17
1995.08
1995.42
1995.64
1996.61
1997.09
1998.71
2001.09
2001.11
2002.34
2004.62
2004.97
2005.38
2005.64
2005.99
2007.05
2007.81
2008.03
2008.70
2010.59
2010.68
2011.03
2011.25
2012.07
2014.93
2014.97
2016.17
2017.63
2018.05
2018.40
2019.49
2019.88
2025.16
2026.27
2026.41
2027.22
2028.27
2028.27
2029.06
2029.87
2030.22
2032.38
2032.91
2034.82
2038.21
2039.49
2040.73
2041.08
2042.45
2042.52
2043.11
2043.91
2045.42
2045.79
2046.39
2046.90
2047.92
2048.23
2048.43
2049.69
2050.82
2052.40
2053.62
2053.84
2054.42
2054.51
2054.84
2055.42
2056.64
2057.62
2058.96
2059.12
2059.20
2059.20
2059.29
2060.41
2060.52
2062.04
2062.46
2063.87
2065.48
2066.41
2067.55
2067.87
2068.27
2069.28
2070.67
2071.09
2071.27
2072.41
2073.85
2073.94
2073.94
2075.08
2075.49
2076.57
2078.28
2078.66
2078.77
2081.49
2081.54
2081.88
2081.94
2082.08
2082.78
2083.05
2083.09
2084.58
2085.33
2085.66
2086.30
2087.40
2087.42
2087.42
2093.69
2094.21
2095.89
2097.16
2098.04
2098.25
2098.70
2100.18
2102.59
2103.34
2104.89
2105.28
2105.30
2106.87
2107.44
2108.49
2108.95
2110.18
2114.04
2114.73
2118.35
2120.16
2120.68
2120.78
2121.33
2121.69
2122.91
2123.05
2123.58
2125.85
2126.22
2127.60
2127.88
2128.66
2130.09
2130.85
2131.59
2133.09
2133.55
2134.17
2134.54
2134.68
2135.37
2135.72
2135.79
2136.21
2136.85
2137.02
2137.64
2139.31
2142.71
2145.29
2145.56
2147.86
2149.86
2150.65
2150.79
2150.89
2154.75
2154.92
2155.03
2155.59
2155.90
2157.95
2158.44
2158.84
2160.50
2161.88
2164.66
2166.11
2166.18
2167.12
2170.85
2172.22
2172.73
2173.32
2175.51
2175.65
2175.70
2176.59
2177.37
2179.51
2180.69
2181.33
2181.40
2181.73
2183.79
2188.26
2188.57
2189.11
2189.99
2190.98
2190.98
2191.88
2191.98
2193.97
2195.06
2196.87
2197.84
2198.01
2198.25
2199.72
2199.89
2200.29
2200.75
2201.87
2204.06
2205.63
2205.85
2206.49
2206.64
2207.38
2209.07
2210.00
2210.41
2210.58
2214.00
2214.67
2214.86
2215.25
2216.28
2216.93
2219.18
2220.31
2221.97
2222.47
2224.64
2224.98
2228.90
2232.07
2233.25
2234.94
2236.13
2236.49
2236.78
2237.22
2237.24
2237.89
2239.66
2240.44
2240.87
2240.87
2241.04
2241.70
2242.28
2242.30
2243.91
2244.22
2245.05
2245.80
2246.94
2246.99
2248.28
2248.50
2250.76
2252.15
2252.27
2253.08
2256.13
2257.81
2259.84
2260.23
2260.94
2261.28
2263.90
2265.15
2266.01
2266.77
2267.24
2268.05
2268.56
2269.13
2269.69
2270.01
2270.40
2270.62
2272.66
2273.85
2277.39
2278.92
2279.02
2280.50
2280.60
2283.21
2286.60
2287.39
2288.48
2288.80
2290.46
2290.91
2293.98
2294.26
2295.52
2297.56
2298.98
2300.85
2300.90
2301.17
2302.02
2302.04
2302.71
2303.11
2304.81
2304.83
2304.88
2305.16
2306.23
2307.60
2309.83
2309.95
2310.13
2311.38
2311.78
2313.33
2314.23
2314.70
2315.36
2315.48
2316.41
2320.65
2322.15
2323.08
2324.32
2326.45
2327.08
2327.49
2327.71
2328.14
2329.12
2330.79
2332.68
2332.76
2332.78
2334.25
2334.55
2335.13
2335.48
2340.44
2342.52
2342.70
2343.10
2343.43
2343.46
2347.49
2349.09
2350.08
2350.08
2352.30
2353.72
2354.23
2354.67
2355.33
2355.71
2357.75
2358.03
2359.10
2361.27
2364.57
2365.21
2369.62
2373.08
2373.34
2373.67
2374.54
2375.14
2375.52
2375.96
2376.86
2378.09
2379.64
2379.69
2380.13
2380.28
2381.62
2383.09
2383.58
2383.68
2385.05
2385.13
2385.77
2386.11
2387.19
2389.44
2390.79
2392.83
2394.62
2395.08
2395.26
2395.68
2395.96
2399.05
2400.66
2401.31
2403.49
2403.65
2403.81
2404.17
2404.20
2406.38
2407.29
2412.20
2415.83
2416.95
2417.11
2418.39
2418.73
2423.47
2423.52
2423.65
2429.14
2431.77
2433.98
2434.25
2436.27
2438.94
2438.94
2439.28
2439.70
2441.58
2441.82
2442.29
2444.49
2444.57
2445.25
2447.42
2447.69
2451.40
2452.30
2452.81
2453.15
2453.18
2453.20
2453.81
2454.42
2455.81
2458.44
2465.71
2466.40
2466.86
2470.14
2470.62
2471.77
2471.77
2476.27
2476.83
2477.21
2477.56
2478.63
2480.40
2480.80
2482.63
2482.76
2484.91
2495.96
2500.58
2501.72
2503.16
2504.70
2505.30
2505.46
2506.54
2507.57
2507.63
2507.74
2509.26
2511.59
2512.19
2513.44
2514.88
2514.94
2516.22
2517.20
2518.78
2520.69
2520.96
2525.24
2527.10
2527.38
2529.48
2530.00
2534.91
2538.61
2538.80
2540.18
2542.02
2544.17
2553.27
2558.19
2558.22
2559.38
2559.49
2567.03
2568.01
2569.62
2570.06
2573.35
2573.63
2575.83
2580.57
2581.99
2582.38
2582.50
2582.89
2583.42
2583.87
2585.24
2585.88
2586.16
2590.16
2591.14
2591.54
2591.99
2592.91
2593.78
2593.84
2594.62
2595.63
2596.31
2598.05
2599.62
2599.93
2600.78
2601.00
2601.65
2602.50
2602.97
2603.68
2604.86
2607.03
2608.67
2610.50
2611.32
2612.85
2614.04
2614.29
2615.54
2616.95
2617.38
2620.01
2621.26
2623.19
2623.22
2624.13
2624.32
2625.29
2625.57
2625.77
2627.31
2627.90
2629.18
2629.95
2630.27
2632.86
2633.65
2633.65
2634.11
2635.71
2636.02
2636.05
2638.62
2640.47
2640.53
2641.07
2641.30
2643.73
2643.90
2645.08
2645.79
2646.57
2647.00
2648.06
2649.52
2650.26
2650.69
2652.39
2654.40
2655.69
2655.95
2658.97
2662.59
2662.88
2664.29
2666.69
2669.20
2669.23
2669.49
2670.47
2671.86
2672.64
2673.16
2673.77
2675.76
2677.09
2677.53
2679.09
2680.43
2680.92
2681.30
2681.73
2683.71
2685.48
2687.25
2687.54
2687.80
2691.59
2694.03
2698.88
2699.14
2699.90
2701.51
2701.80
2702.65
2705.08
2711.76
2712.64
2714.43
2718.28
2719.01
2719.78
2719.93
2721.69
2722.37
2726.14
2727.56
2728.39
2728.53
2732.99
2733.14
2734.83
2736.22
2737.76
2738.91
2740.46
2740.66
2741.49
2741.97
2742.03
2748.27
2748.47
2749.19
2750.14
2750.29
2751.48
2753.83
2755.71
2757.08
2757.89
2759.32
2763.02
2764.34
2764.55
2765.72
2767.63
2769.04
2769.31
2771.23
2772.10
2772.46
2772.70
2774.65
2775.49
2775.94
2779.00
2779.37
2779.91
2782.16
2783.76
2784.24
2784.30
2784.63
2784.75
2787.71
2789.25
2789.70
2792.14
2792.42
2792.63
2795.32
2796.04
2798.62
2798.89
2799.19
2799.71
2801.19
2802.56
2802.65
2806.84
2807.66
2809.51
2810.09
2810.76
2811.09
2813.10
2813.10
2814.44
2815.35
2816.57
2818.80
2820.57
2820.60
2821.73
2821.91
2822.09
2822.09
2822.40
2823.80
2824.17
2824.51
2825.27
2826.19
2829.77
2829.98
2831.02
2831.67
2836.54
2836.82
2839.30
2840.66
2841.15
2842.29
2843.02
2843.39
2843.64
2843.92
2845.95
2847.58
2847.61
2848.20
2848.38
2849.34
2852.45
2853.19
2854.12
2855.29
2855.45
2856.50
2857.58
2858.88
2859.31
2859.93
2860.64
2860.67
2862.59
2866.41
2875.10
2875.20
2875.91
2877.06
2878.06
2879.15
2879.71
2882.27
2883.80
2884.17
2884.58
2891.14
2892.73
2895.55
2898.81
2900.19
2900.44
2900.88
2902.86
2907.04
2908.61
2910.60
2914.82
2916.02
2917.19
2917.38
2918.54
2919.08
2919.46
2920.03
2922.49
2927.94
2929.49
2932.09
2932.92
2935.26
2935.80
2939.01
2940.03
2940.10
2940.35
2941.53
2944.46
2944.97
2945.95
2946.08
2947.10
2947.52
2950.04
2950.93
2952.72
2953.01
2956.17
2964.50
2964.88
2965.49
2967.10
2967.16
2967.90
2968.19
2969.41
2970.76
2974.17
2975.01
2975.04
2975.55
2975.62
2975.78
2976.68
2978.61
2979.65
2983.13
2983.55
2984.29
2986.29
2991.05
2991.86
2992.63
2994.64
2995.03
2995.23
2997.82
2997.98
3000.29
3001.58
3008.77
3009.94
3013.36
3014.77
3019.86
3021.40
3022.77
3023.16
3026.11
3028.01
3028.89
3032.20
3032.92
3036.31
3038.34
3040.74
3042.42
3042.72
3043.81
3044.96
3047.23
3048.62
3051.46
3051.85
3053.17
3054.86
3057.34
3057.80
3058.30
3059.19
3062.90
3064.53
3064.59
3064.79
3065.62
3065.92
3065.92
3066.45
3070.53
3070.63
3072.19
3072.63
3072.93
3074.19
3075.59
3077.25
3078.92
3079.45
3084.15
3084.28
3085.82
3089.86
3090.13
3090.16
3090.60
3090.97
3093.21
3096.29
3097.49
3098.26
3098.63
3100.11
3100.91
3104.00
3106.12
3106.39
3107.16
3109.08
3111.80
3112.01
3112.17
3115.27
3115.78
3120.60
3120.77
3124.86
3125.77
3127.36
3127.53
3129.87
3133.09
3134.58
3136.11
3136.17
3137.40
3142.25
3142.90
3143.85
3145.21
3148.21
3148.31
3149.78
3152.74
3156.19
3156.50
3156.60
3161.97
3167.86
3168.17
3169.54
3171.49
3173.55
3175.85
3176.82
3180.08
3182.91
3184.70
3185.52
3185.63
3186.42
3189.70
3189.80
3190.53
3190.59
3191.73
3192.04
3193.74
3194.98
3198.61
3198.79
3202.63
3202.94
3203.64
3205.75
3210.40
3211.10
3211.20
3211.44
3212.70
3214.16
3214.22
3214.50
3214.71
3217.63
3219.41
3220.35
3221.26
3221.99
3223.24
3227.96
3230.05
3230.33
3231.00
3232.22
3232.36
3232.81
3233.23
3238.03
3242.41
3248.10
3249.44
3249.82
3251.69
3252.78
3253.69
3254.08
3257.74
3257.85
3259.30
3260.46
3262.01
3265.69
3265.69
3267.38
3268.55
3269.96
3270.25
3271.03
3272.65
3273.75
3274.03
3274.64
3275.17
3275.20
3275.84
3276.55
3277.08
3277.12
3278.18
3279.78
3280.17
3283.12
3286.46
3288.48
3291.15
3291.55
3291.90
3294.75
3295.54
3296.43
3297.53
3300.68
3305.21
3307.68
3307.93
3314.67
3317.68
3317.93
3321.49
3322.57
3324.55
3326.17
3326.60
3326.99
3327.10
3327.97
3328.51
3328.76
3330.45
3331.06
3333.55
3333.84
3334.42
3335.90
3339.51
3341.64
3349.64
3351.34
3353.38
3354.43
3358.75
3359.69
3361.69
3362.86
3365.08
3369.23
3371.97
3372.99
3374.67
3377.04
3377.92
3377.99
3380.48
3381.83
3383.19
3389.63
3391.25
3394.11
3397.24
3403.93
3404.89
3407.06
3412.38
3412.41
3415.15
3415.33
3416.00
3417.66
3417.77
3418.03
3419.55
3425.06
3425.17
3425.55
3426.03
3426.43
3426.55
3427.10
3427.25
3429.25
3433.00
3433.23
3434.45
3434.75
3435.90
3436.38
3437.13
3438.88
3440.37
3444.65
3445.51
3445.73
3453.83
3456.52
3457.76
3458.77
3458.95
3461.16
3468.66
3469.52
3472.34
3472.53
3478.51
3483.29
3484.01
3484.12
3484.53
3485.66
3486.65
3490.27
3498.28
3500.71
3501.24
3503.40
3503.47
3505.75
3508.33
3509.24
3510.65
3511.10
3515.17
3518.40
3519.24
3520.27
3520.99
3523.01
3526.52
3528.58
3528.62
3529.92
3531.26
3531.64
3533.09
3533.40
3535.69
3537.14
3538.06
3538.14
3543.73
3545.31
3546.38
3546.76
3548.49
3551.41
3553.87
3554.22
3554.64
3558.37
3559.76
3560.03
3561.30
3564.07
3566.50
3573.30
3575.55
3578.84
3580.00
3580.93
3582.32
3586.43
3586.86
3590.24
3590.32
3591.01
3592.22
3593.89
3594.09
3594.47
3594.98
3600.39
3604.80
3606.16
3606.67
3606.86
3613.54
3614.99
3616.52
3616.55
3620.43
3621.02
3621.53
3622.78
3622.90
3623.92
3629.96
3632.28
3633.62
3636.37
3637.04
3637.27
3638.22
3644.68
3645.55
3645.63
3646.34
3647.01
3647.96
3652.77
3655.07
3657.28
3658.47
3659.34
3659.70
3661.52
3662.59
3665.36
3665.72
3666.67
3668.74
3668.93
3669.37
3670.09
3671.67
3671.95
3673.14
3675.01
3678.00
3681.54
3681.78
3684.09
3685.84
3687.56
3687.88
3690.75
3691.03
3694.19
3695.79
3696.87
3698.39
3701.99
3702.03
3702.87
3702.95
3703.55
3704.64
3706.12
3706.20
3706.32
3706.36
3708.37
3710.77
3711.10
3712.22
3713.42
3718.29
3721.43
3723.85
3724.81
3725.66
3727.23
3727.96
3728.97
3736.20
3736.40
3737.08
3737.41
3739.75
3742.02
3742.99
3745.38
3745.50
3745.54
3745.75
3745.79
3746.88
3747.41
3747.53
3756.67
3757.23
3758.70
3759.23
3759.84
3762.73
3765.33
3767.53
3768.35
3768.39
3768.63
3770.23
3770.96
3774.80
3775.74
3780.56
3781.83
3782.97
3786.50
3786.99
3786.99
3787.15
3788.13
3789.16
3790.43
3790.59
3792.97
3794.94
3799.30
3799.46
3799.83
3801.03
3801.19
3801.44
3806.95
3807.82
3808.11
3809.92
3812.31
3816.56
3818.63
3818.71
3820.24
3821.23
3821.40
3822.18
3824.13
3824.21
3827.02
3827.07
3827.36
3831.00
3831.17
3833.82
3835.77
3838.26
3839.13
3840.51
3841.42
3841.84
3842.79
3842.96
3848.45
3849.53
3850.74
3850.91
3852.58
3853.41
3854.37
3856.37
3860.34
3860.92
3861.38
3864.47
3864.72
3866.61
3868.28
3869.33
3870.50
3872.47
3873.73
3880.48
3881.15
3881.32
3883.21
3895.03
3895.37
3904.82
3905.25
3905.71
3906.18
3906.89
3908.12
3910.28
3910.53
3910.57
3911.55
3913.45
3922.61
3922.65
3923.33
3924.05
3925.41
3929.23
3929.79
3930.00
3931.28
3933.15
3934.51
3937.36
3937.58
3942.31
3944.14
3945.51
3949.86
3955.47
3957.05
3958.68
3959.11
3960.91
3961.03
3961.12
3961.81
3963.35
3968.80
3970.73
3970.86
3971.42
3980.37
3985.71
3987.91
3988.04
3989.55
3997.98
3998.28
4000.96
4002.57
4003.43
4005.38
4006.64
4007.25
4008.68
4010.54
4017.06
4021.88
4022.97
4024.97
4025.02
4027.33
4027.63
4028.85
4029.99
4030.07
4036.58
4036.66
4038.28
4040.33
4043.48
4043.83
4045.06
4047.77
4048.03
4048.65
4048.82
4049.74
4052.77
4056.67
4057.15
4059.00
4059.04
4061.94
4064.62
4067.57
4068.67
4071.53
4071.67
4073.12
4078.55
4079.52
4079.96
4080.53
4084.86
4085.35
4085.52
4086.36
4087.56
4093.89
4097.65
4098.36
4098.50
4099.96
4102.22
4103.47
4103.64
4107.55
4108.89
4109.02
4109.02
4111.38
4112.58
4117.16
4117.74
4120.55
4121.17
4126.53
4127.60
4130.77
4130.82
4131.93
4133.05
4133.23
4133.81
4134.35
4136.09
4138.33
4138.33
4138.65
4145.19
4146.58
4149.68
4153.45
4153.49
4157.27
4157.68
4158.31
4158.94
4160.33
4162.04
4164.79
4167.90
4170.38
4171.64
4173.18
4177.70
4177.83
4178.69
4184.03
4185.48
4191.51
4196.41
4197.13
4200.04
4203.22
4203.41
4209.50
4214.56
4216.66
4221.59
4222.41
4224.29
4226.89
4227.17
4229.50
4230.05
4230.51
4231.38
4231.79
4234.13
4234.81
4236.69
4238.07
4239.21
4239.95
4240.27
4240.59
4243.44
4243.62
4257.74
4258.11
4259.54
4259.72
4264.29
4268.44
4268.53
4268.99
4270.66
4275.47
4277.64
4279.08
4285.56
4286.49
4289.64
4290.11
4292.34
4292.71
4293.41
4293.41
4294.20
4295.78
4297.03
4297.08
4308.44
4308.48
4310.63
4311.42
4312.03
4313.43
4315.43
4316.23
4321.32
4324.31
4324.78
4328.95
4334.10
4334.29
4335.04
4335.79
4336.50
4339.03
4339.74
4339.78
4340.06
4340.11
4342.51
4354.03
4355.73
4368.66
4369.23
4373.15
4374.86
4378.98
4379.26
4380.54
4380.92
4383.10
4384.15
4384.38
4390.03
4392.03
4392.69
4392.84
4396.31
4399.40
4403.35
4405.12
4406.55
4409.69
4419.92
4419.96
4423.07
4425.85
4426.38
4429.68
4432.17
4434.24
4434.24
4435.48
4440.57
4450.53
4450.87
4454.39
4461.52
4464.57
4465.82
4466.06
4469.54
4469.74
4473.85
4477.00
4478.74
4479.28
4480.44
4480.44
4481.94
4482.04
4483.01
4483.45
4485.24
4489.32
4490.39
4493.40
4495.30
4495.93
4498.85
4498.95
4499.77
4501.33
4503.13
4503.48
4515.97
4516.60
4516.75
4517.43
4521.25
4521.35
4525.36
4526.63
4527.32
4528.25
4529.03
4529.72
4529.82
4530.11
4535.80
4536.54
4537.42
4537.52
4540.07
4540.66
4553.06
4557.44
4557.64
4557.74
4558.48
4560.60
4560.65
4563.37
4565.19
4566.03
4566.68
4566.97
4567.02
4569.89
4570.93
4576.02
4577.06
4579.09
4580.48
4580.93
4581.62
4582.56
4582.81
4584.35
4591.15
4592.24
4596.12
4606.57
4607.77
4614.51
4617.05
4617.50
4618.30
4619.20
4620.25
4624.30
4624.90
4625.00
4636.93
4639.24
4640.69
4644.26
4645.31
4647.27
4647.48
4647.88
4648.58
4648.78
4649.24
4651.80
4653.01
4655.13
4658.15
4660.01
4663.14
4663.19
4667.63
4669.25
4669.60
4671.93
4673.09
4673.55
4674.91
4676.33
4677.09
4678.55
4678.61
4678.81
4679.52
4682.50
4682.91
4685.55
4688.69
4689.45
4690.62
4692.39
4693.21
4693.87
4694.12
4696.76
4700.53
4702.00
4706.78
4710.25
4710.50
4710.61
4714.94
4717.85
4721.32
4721.53
4722.19
4724.90
4726.74
4730.78
4736.06
4736.31
4739.13
4744.42
4746.57
4748.42
4749.50
4751.56
4756.24
4762.42
4762.47
4763.71
4763.76
4764.43
4768.30
4773.66
4773.82
4774.80
4775.32
4777.18
4777.28
4779.66
4781.26
4783.80
4784.47
4785.20
4785.30
4788.67
4790.43
4791.72
4792.03
4794.99
4796.08
4796.96
4803.77
4807.77
4808.76
4816.57
4816.78
4821.89
4823.19
4831.65
4836.20
4843.90
4844.22
4852.35
4852.72
4852.82
4854.66
4865.07
4866.07
4870.02
4873.76
4874.34
4874.66
4881.84
4882.74
4883.85
4888.07
4888.87
4894.96
4907.05
4908.37
4908.37
4913.47
4915.71
4922.20
4924.65
4925.50
4926.94
4929.72
4931.10
4938.58
4941.20
4942.80
4944.73
4947.46
4948.85
4950.56
4954.63
4958.50
4961.72
4962.84
4967.52
4972.30
4972.73
4974.78
4978.60
4979.68
4984.26
4987.12
4990.36
4991.76
4992.46
4994.57
4994.95
4997.76
4998.19
4998.41
4999.17
4999.65
5002.36
5003.23
5006.91
5007.18
5008.10
5015.31
5019.33
5027.21
5028.41
5046.17
5047.43
5048.41
5054.15
5055.14
5058.47
5058.69
5061.38
5062.80
5071.19
5071.52
5073.00
5075.58
5075.74
5079.26
5079.81
5080.14
5082.12
5082.34
5083.38
5085.36
5095.28
5100.02
5104.44
5107.86
5110.24
5111.95
5112.95
5116.93
5120.92
5125.74
5126.69
5128.13
5129.41
5130.74
5132.02
5138.35
5139.02
5140.91
5145.64
5149.26
5150.54
5153.21
5154.94
5158.51
5162.31
5162.31
5164.66
5164.94
5165.50
5169.63
5171.31
5175.12
5177.53
5180.22
5180.44
5181.50
5182.40
5183.13
5184.08
5187.45
5187.68
5189.36
5194.08
5194.36
5198.69
5200.77
5203.25
5207.47
5211.30
5213.00
5215.42
5217.34
5217.51
5223.21
5228.30
5229.15
5231.30
5232.09
5234.13
5235.72
5242.58
5245.98
5246.38
5247.86
5250.07
5252.17
5258.14
5260.59
5261.27
5264.23
5266.17
5277.64
5280.26
5282.26
5287.75
5289.30
5293.99
5294.57
5308.10
5309.37
5310.06
5310.69
5310.86
5312.70
5317.41
5328.59
5328.93
5329.28
5330.89
5331.59
5333.66
5334.93
5335.16
5342.79
5346.55
5348.11
5348.23
5351.06
5353.09
5353.67
5364.57
5372.18
5373.11
5373.52
5374.10
5374.16
5375.03
5375.90
5381.37
5383.58
5383.82
5383.93
5384.98
5388.07
5390.29
5390.40
5394.84
5395.42
5396.59
5397.52
5404.65
5404.71
5410.56
5413.31
5415.19
5419.88
5420.76
5420.99
5423.40
5423.69
5425.16
5426.04
5430.50
5430.68
5437.79
5445.15
5453.94
5457.30
5462.09
5464.57
5467.71
5468.77
5470.78
5474.10
5478.13
5486.25
5488.03
5488.69
5491.42
5494.81
5495.58
5500.04
5500.28
5503.61
5510.35
5512.08
5512.85
5527.54
5529.10
5532.75
5533.65
5536.10
5536.16
5537.18
5537.42
5537.60
5538.02
5543.60
5544.92
5552.54
5556.45
5557.83
5562.76
5567.46
5568.48
5570.83
5572.76
5574.57
5575.12
5579.40
5580.61
5580.67
5584.41
5589.55
5601.11
5601.17
5602.87
5603.48
5603.78
5605.42
5606.69
5607.42
5608.09
5608.27
5610.15
5610.52
5611.97
5613.55
5616.22
5616.41
5623.52
5627.23
5631.07
5643.03
5646.08
5648.16
5653.60
5654.88
5663.70
5675.36
5676.21
5678.61
5679.66
5680.88
5687.03
5691.04
5691.47
5694.18
5695.41
5697.87
5699.35
5699.72
5700.59
5704.72
5705.83
5706.70
5708.55
5710.34
5711.33
5711.58
5716.21
5719.43
5724.51
5724.69
5726.12
5734.05
5734.43
5735.17
5742.31
5745.48
5745.54
5746.91
5751.70
5754.25
5754.88
5755.87
5757.62
5758.74
5763.41
5771.27
5776.15
5780.40
5780.46
5781.34
5781.84
5782.46
5784.84
5788.35
5793.11
5796.31
5801.20
5802.20
5802.71
5806.60
5810.06
5814.90
5820.82
5823.53
5831.47
5834.56
5836.71
5840.50
5849.73
5850.81
5851.00
5851.38
5851.51
5851.70
5851.76
5856.51
5858.03
5860.82
5861.26
5862.41
5862.66
5863.48
5867.67
5871.55
5872.31
5879.75
5882.10
5888.28
5890.25
5892.36
5895.61
5898.61
5903.78
5904.87
5905.06
5909.72
5916.19
5922.53
5934.59
5934.65
5937.03
5940.05
5947.06
5956.26
5956.72
5959.29
5970.91
5974.34
5974.34
5974.59
5977.38
5978.35
5979.90
5981.77
5981.90
5983.00
5983.07
5986.31
5992.92
5998.69
6000.57
6006.29
6007.46
6010.45
6012.73
6012.92
6017.61
6024.12
6024.32
6028.56
6030.71
6032.93
6033.06
6033.19
6034.82
6043.12
6045.02
6045.34
6048.16
6054.57
6056.28
6056.47
6064.54
6067.16
6069.46
6073.73
6074.06
6075.05
6078.33
6084.78
6086.30
6099.61
6099.68
6101.40
6102.45
6106.68
6110.05
6119.58
6122.16
6131.64
6135.29
6135.29
6139.61
6140.80
6141.60
6152.37
6153.44
6165.70
6169.10
6173.58
6183.07
6184.88
6185.75
6186.95
6190.70
6199.48
6199.95
6201.16
6201.63
6202.30
6206.73
6207.00
6207.20
6207.47
6211.90
6217.49
6219.37
6222.33
6223.48
6224.96
6226.71
6227.99
6235.07
6237.97
6239.05
6259.00
6259.47
6259.88
6261.03
6262.31
6263.33
6263.40
6263.87
6266.25
6266.52
6276.49
6277.71
6278.53
6279.82
6290.84
6291.59
6296.22
6300.58
6301.53
6306.58
6306.99
6317.17
6323.87
6324.55
6332.49
6333.59
6333.80
6334.21
6336.68
6339.28
6339.97
6344.84
6345.59
6346.08
6354.11
6355.08
6361.20
6366.02
6367.47
6374.43
6378.36
6379.88
6386.30
6388.31
6388.65
6389.83
6391.90
6397.23
6401.73
6401.87
6404.15
6407.41
6414.97
6415.81
6421.71
6430.40
6432.21
6434.58
6437.43
6442.73
6445.03
6445.31
6449.07
6450.19
6456.47
6456.54
6460.18
6462.20
6475.29
6475.50
6478.10
6485.53
6488.20
6492.41
6495.50
6499.79
6499.93
6501.34
6501.90
6519.65
6520.43
6528.83
6532.01
6533.07
6533.63
6534.34
6539.43
6541.49
6542.41
6544.18
6555.16
6562.90
6564.81
6581.38
6582.95
6585.23
6587.65
6595.28
6602.64
6615.51
6627.33
6630.99
6631.56
6633.36
6634.65
6635.80
6654.20
6656.51
6665.95
6667.32
6671.22
6676.20
6678.37
6684.58
6690.59
6692.62
6693.56
6694.06
6696.02
6696.17
6697.18
6697.76
6701.67
6703.27
6709.15
6712.85
6712.92
6726.96
6734.68
6737.30
6737.88
6742.77
6752.62
6758.55
6773.48
6774.07
6791.02
6793.00
6795.06
6797.34
6797.93
6799.55
6805.73
6809.19
6810.22
6815.97
6823.35
6836.65
6839.46
6840.72
6851.46
6852.20
6857.99
6859.47
6870.84
6877.46
6878.20
6879.39
6889.00
6890.64
6892.21
6894.15
6897.13
6897.95
6915.44
6915.44
6923.97
6929.59
6933.72
6934.09
6939.95
6940.47
6942.28
6944.76
6949.27
6951.52
6951.82
6956.04
6956.56
6959.58
6965.75
6979.11
6984.77
6986.06
7002.93
7006.12
7006.42
7007.33
7009.30
7009.75
7009.98
7012.64
7018.63
7021.37
7022.66
7031.10
7042.82
7044.04
7047.93
7048.08
7055.26
7057.39
7070.54
7072.53
7075.59
7082.18
7082.41
7084.86
7086.32
7086.55
7092.38
7093.14
7097.98
7099.82
7100.29
7102.21
7103.28
7107.97
7108.59
7112.66
7114.05
7122.29
7125.14
7125.45
7131.47
7133.94
7137.18
7139.96
7143.21
7143.44
7147.69
7147.92
7149.31
7149.78
7151.09
7161.31
7161.62
7167.05
7167.75
7174.42
7175.51
7177.06
7188.56
7196.42
7199.38
7208.35
7208.74
7209.28
7211.23
7212.17
7221.54
7230.29
7232.56
7237.42
7240.94
7249.80
7252.23
7253.41
7255.53
7261.65
7262.83
7274.63
7276.28
7280.38
7296.07
7299.62
7300.33
7302.86
7309.27
7320.43
7323.36
7330.89
7331.44
7335.81
7350.59
7351.94
7357.11
7361.33
7365.63
7370.26
7372.65
7380.95
7390.70
7392.06
7394.30
7395.26
7398.06
7398.46
7402.38
7410.72
7414.41
7415.29
7418.18
7418.50
7423.24
7430.63
7436.10
7436.98
7446.00
7451.24
7456.89
7457.45
7457.53
7459.63
7459.79
7474.90
7476.44
7478.13
7490.44
7498.80
7501.55
7502.93
7503.99
7511.87
7513.66
7516.26
7522.04
7526.43
7526.68
7529.28
7539.96
7540.62
7540.94
7541.10
7542.98
7544.61
7550.98
7560.06
7561.29
7570.21
7572.50
7581.85
7586.53
7590.96
7595.97
7597.70
7606.25
7614.57
7616.55
7618.52
7635.28
7637.01
7638.91
7642.38
7644.29
7646.19
7647.93
7648.75
7650.49
7654.05
7658.86
7662.83
7664.08
7667.15
7669.55
7672.96
7682.76
7686.67
7693.57
7694.66
7695.32
7696.24
7696.82
7696.99
7701.82
7703.32
7711.82
7721.18
7729.28
7731.79
7732.80
7733.88
7736.56
7739.83
7744.77
7745.02
7750.05
7752.23
7753.83
7755.25
7757.27
7758.53
7759.78
7762.64
7766.08
7772.05
7784.34
7787.62
7789.90
7801.54
7815.90
7819.71
7821.57
7825.04
7826.74
7831.48
7834.87
7839.11
7840.21
7845.39
7846.15
7848.95
7855.41
7856.01
7857.28
7858.81
7859.32
7863.83
7870.30
7872.51
7873.62
7876.35
7877.63
7878.65
7878.90
7881.38
7916.85
7920.36
7927.30
7928.33
7928.50
7943.96
7944.56
7956.69
7962.46
7964.96
7966.51
7968.75
7969.36
7970.99
7974.01
7975.22
7980.75
7988.52
7992.76
8000.89
8002.10
8002.97
8012.50
8030.90
8036.55
8039.94
8044.90
8051.96
8054.13
8061.37
8063.46
8066.08
8068.87
8083.47
8118.53
8122.74
8128.37
8135.15
8154.36
8154.71
8162.39
8178.04
8192.12
8197.35
8200.54
8207.73
8209.60
8210.13
8212.44
8212.80
8216.80
8232.37
8240.30
8243.42
8243.51
8245.83
8246.19
8248.06
8261.55
8266.47
8284.55
8288.32
8293.70
8294.60
8297.29
8298.73
8306.18
8306.99
8307.80
8317.87
8322.38
8326.34
8328.77
8329.13
8333.28
8334.36
8337.16
8337.52
8339.77
8354.95
8357.21
8359.74
8370.69
8375.85
8389.37
8390.82
8391.46
8396.45
8397.18
8400.90
8405.09
8414.64
8425.66
8432.96
8438.25
8439.53
8443.82
8444.01
8444.37
8473.75
8474.03
8475.31
8476.87
8483.48
8494.96
8507.93
8510.23
8514.37
8517.14
8520.92
8523.96
8528.20
8542.24
8547.88
8551.12
8553.25
8555.19
8556.67
8573.91
8579.94
8580.50
8581.61
8592.30
8609.51
8612.68
8614.17
8615.10
8619.39
8625.74
8626.39
8628.44
8638.35
8646.11
8648.73
8650.41
8659.96
8677.78
8683.89
8690.75
8692.73
8699.50
8700.16
8711.65
8713.82
8716.36
8717.69
8719.01
8723.25
8724.29
8726.18
8729.20
8730.14
8737.80
8739.50
8745.84
8747.83
8753.32
8756.44
8765.16
8767.82
8773.89
8777.98
8786.62
8786.81
8791.85
8797.47
8805.47
8808.99
8815.00
8815.86
8816.72
8817.86
8845.96
8850.74
8856.97
8859.37
8863.68
8864.74
8865.98
8866.27
8866.75
8870.30
8890.38
8890.77
8891.44
8892.59
8894.42
8894.62
8897.31
8909.35
8910.99
8918.42
8919.29
8920.06
8929.43
8938.22
8941.51
8951.48
8958.17
8960.40
8972.33
8976.89
9011.73
9018.07
9018.07
9024.42
9030.18
9039.27
9041.71
9042.60
9045.24
9047.19
9047.88
9052.38
9053.07
9053.66
9056.70
9061.89
9061.99
9077.49
9083.09
9096.47
9097.45
9099.13
9100.01
9101.29
9111.15
9115.98
9125.35
9132.96
9139.38
9139.88
9144.43
9150.07
9156.31
9159.28
9164.04
9167.41
9171.68
9173.07
9173.56
9177.53
9178.73
9181.90
9197.22
9200.60
9206.18
9215.54
9216.54
9224.22
9226.12
9229.11
9229.31
9255.51
9256.02
9256.52
9267.34
9279.28
9280.79
9284.30
9285.41
9286.41
9287.01
9293.85
9310.86
9316.30
9318.42
9319.32
9319.83
9320.43
9322.96
9324.97
9333.55
9333.65
9350.13
9354.89
9357.21
9358.43
9364.71
9370.28
9379.51
9380.43
9386.21
9425.70
9429.27
9438.36
9440.40
9442.65
9449.90
9459.31
9472.63
9472.94
9484.83
9501.37
9510.11
9515.15
9524.32
9528.14
9539.90
9546.30
9548.88
9562.53
9581.17
9588.95
9602.34
9605.46
9605.98
9609.62
9615.34
9626.79
9627.31
9634.81
9639.92
9643.36
9644.93
9649.83
9654.11
9658.61
9671.99
9678.80
9687.49
9699.14
9701.44
9701.76
9708.58
9711.63
9712.68
9714.57
9720.15
9720.25
9726.77
9732.35
9732.78
9736.04
9741.31
9752.07
9756.18
9766.43
9772.66
9782.18
9787.37
9809.42
9809.63
9824.51
9830.35
9832.80
9835.99
9843.66
9846.64
9848.88
9854.21
9855.49
9871.28
9873.63
9876.73
9897.06
9900.05
9900.48
9913.77
9934.61
9955.70
9956.77
9959.47
9968.42
9973.38
9977.37
9994.66
9997.80
9998.88
9998.88
10003.64
10004.50
10013.06
10017.94
10025.53
10033.12
10050.61
10053.01
10063.56
10078.17
10079.04
10083.73
10115.53
10117.28
10128.23
10138.21
10140.18
10140.73
10161.27
10165.78
10166.66
10188.90
10189.34
10190.78
10195.30
10202.03
10202.47
10207.55
10243.18
10244.62
10244.95
10245.73
10250.38
10253.16
10260.37
10264.03
10276.59
10279.37
10279.70
10304.87
10305.32
10332.22
10335.02
10347.89
10352.03
10358.19
10358.19
10362.12
10371.87
10372.77
10375.80
10381.75
10394.12
10401.77
10409.99
10413.93
10414.27
10414.49
10414.72
10433.89
10442.36
10444.28
10450.05
10468.04
10469.51
10478.58
10479.83
10503.55
10504.12
10504.92
10506.17
10514.24
10514.58
10516.86
10522.21
10526.31
10526.53
10538.61
10539.07
10539.18
10543.40
10544.20
10556.07
10560.53
10560.99
10568.53
10573.22
10579.29
10590.39
10603.12
10608.97
10613.80
10614.03
10618.28
10628.28
10633.68
10644.27
10652.45
10655.10
10656.26
10660.52
10660.52
10669.29
10676.34
10697.15
10703.87
10725.08
10731.46
10734.25
10741.11
10745.52
10745.99
10747.97
10760.18
10760.88
10781.63
10793.41
10793.88
10821.36
10823.12
10834.83
10836.12
10846.45
10851.38
10863.71
10880.77
10881.36
10883.95
10891.25
10902.22
10905.28
10905.40
10906.35
10907.53
10911.07
10911.18
10914.73
10931.86
10944.65
10948.20
10951.99
10954.24
10962.78
10978.92
11005.80
11006.40
11019.27
11026.42
11030.36
11030.72
11032.39
11044.33
11045.77
11056.77
11062.51
11070.89
11075.92
11094.88
11102.08
11120.59
11146.25
11148.91
11159.29
11169.79
11179.95
11181.16
11193.39
11205.75
11206.11
11207.08
11211.93
11213.02
11225.77
11231.48
11234.40
11239.62
11264.46
11272.75
11280.07
11285.69
11290.08
11306.83
11318.70
11325.44
11325.56
11330.34
11334.15
11334.15
11335.25
11352.92
11358.82
11360.79
11361.28
11368.90
11393.16
11398.71
11404.14
11404.76
11422.66
11431.81
11435.52
11457.57
11458.93
11464.76
11469.10
11487.36
11488.85
11495.44
11498.92
11499.30
11505.02
11507.76
11517.98
11520.59
11520.72
11531.69
11532.44
11535.31
11571.69
11588.23
11595.25
11606.17
11609.69
11614.46
11624.02
11640.13
11642.52
11644.91
11664.46
11675.70
11678.73
11692.26
11698.33
11701.87
11702.38
11705.93
11708.71
11732.56
11740.17
11753.52
11757.46
11760.77
11763.44
11784.46
11790.46
11809.48
11809.48
11833.65
11837.50
11841.47
11844.67
11872.90
11908.41
11917.82
11918.72
11949.19
11975.21
11980.65
11985.32
11985.71
11986.74
11989.86
11990.77
12004.01
12039.52
12042.12
12061.68
12077.35
12091.60
12106.40
12117.01
12140.50
12143.39
12162.59
12164.30
12166.01
12179.71
12186.70
12192.63
12196.99
12199.76
12200.15
12201.08
12211.64
12214.29
12217.99
12225.52
12264.87
12279.61
12280.28
12304.22
12326.07
12333.94
12335.54
12336.48
12338.35
12349.30
12358.92
12382.08
12386.23
12387.17
12392.53
12398.43
12399.10
12409.44
12410.11
12429.59
12429.86
12436.18
12436.32
12437.66
12438.20
12441.97
12462.59
12462.99
12472.57
12479.86
12487.42
12497.15
12508.92
12513.53
12513.93
12537.78
12538.33
12538.33
12538.33
12615.35
12616.98
12618.21
12628.59
12638.44
12654.03
12667.60
12674.31
12677.74
12736.86
12737.14
12739.48
12743.76
12745.55
12762.38
12764.87
12776.75
12776.89
12784.77
12795.01
12827.17
12827.45
12832.17
12835.50
12838.97
12841.75
12842.45
12844.81
12861.50
12877.37
12880.30
12889.36
12890.48
12893.40
12893.82
12901.36
12908.20
12914.35
12915.05
12932.53
12935.46
12937.00
12962.08
12977.66
12984.26
12995.93
12998.46
13021.12
13031.69
13046.79
13051.02
13058.93
13060.35
13066.14
13071.80
13099.26
13111.74
13132.76
13167.62
13175.03
13179.45
13194.86
13210.43
13214.29
13218.43
13225.73
13231.60
13245.63
13248.50
13273.90
13274.33
13301.07
13314.89
13325.56
13335.94
13342.29
13357.31
13361.22
13364.40
13365.27
13369.03
13376.84
13390.60
13417.14
13418.30
13419.31
13434.57
13436.89
13443.44
13453.04
13468.04
13472.12
13474.75
13475.33
13480.73
13480.87
13482.33
13484.81
13491.52
13500.14
13500.87
13507.15
13507.88
13518.12
13520.75
13559.72
13566.76
13568.38
13571.02
13577.34
13592.77
13633.28
13634.75
13642.57
13662.66
13667.54
13671.68
13695.96
13719.25
13720.44
13731.28
13731.87
13742.28
13747.18
13751.35
13759.53
13767.13
13781.59
13801.58
13823.55
13831.93
13844.81
13850.05
13853.05
13875.40
13887.11
13892.82
13903.05
13903.05
13904.10
13905.46
13910.72
13912.23
13928.49
13928.65
13935.88
13937.09
13945.69
13947.65
13953.99
13955.19
13960.33
13970.76
13977.71
13987.70
14020.58
14024.37
14033.63
14038.94
14041.53
14057.03
14061.29
14062.20
14068.14
14070.57
14071.18
14094.80
14096.48
14109.14
14116.32
14121.36
14126.86
14136.19
14146.75
14160.22
14160.99
14163.90
14166.66
14168.65
14209.34
14231.49
14253.99
14274.98
14287.19
14297.86
14301.26
14308.69
14319.38
14320.31
14331.31
14354.44
14362.67
14371.37
14377.91
14383.20
14407.49
14419.03
14431.99
14442.30
14453.24
14461.84
14467.17
14469.20
14490.98
14492.39
14493.17
14507.92
14509.96
14537.46
14542.50
14546.59
14562.34
14570.69
14572.58
14585.99
14606.36
14618.06
14633.57
14673.68
14674.48
14701.33
14704.52
14711.36
14716.13
14717.73
14720.43
14729.83
14730.95
14755.20
14758.23
14764.14
14765.26
14792.92
14798.20
14799.16
14818.23
14822.40
14847.60
14873.65
14874.61
14887.66
14905.87
14914.58
14915.23
14930.89
14940.42
14950.45
15013.51
15020.01
15027.81
15035.29
15042.29
15045.54
15060.53
15069.49
15074.06
15099.85
15109.49
15129.12
15138.45
15174.04
15178.14
15198.03
15199.84
15207.73
15208.39
15212.34
15213.99
15214.98
15233.09
15259.65
15264.61
15284.61
15293.54
15309.93
15343.76
15344.09
15363.69
15369.85
15374.17
15390.65
15391.81
15402.97
15404.47
15431.50
15437.01
15448.04
15460.24
15490.89
15493.57
15500.61
15514.37
15529.99
15533.35
15543.27
15544.78
15548.15
15557.06
15567.50
15590.60
15596.16
15606.46
15616.26
15630.29
15656.52
15662.96
15704.03
15716.44
15753.72
15763.44
15776.58
15809.73
15812.64
15818.11
15832.15
15862.67
15883.28
15893.08
15899.96
15900.99
15907.19
15909.08
15915.80
15959.94
15976.53
16005.77
16024.14
16094.51
16103.22
16135.66
16140.72
16154.35
16164.31
16204.24
16221.08
16233.55
16233.90
16241.45
16244.62
16251.30
16304.84
16306.07
16309.78
16320.37
16332.73
16338.74
16351.12
16359.44
16367.05
16367.23
16429.86
16468.84
16482.75
16495.06
16526.85
16532.76
16549.40
16565.34
16566.60
16566.60
16584.17
16585.61
16597.28
16610.21
16622.62
16624.96
16627.30
16650.34
16664.22
16664.76
16712.97
16721.65
16727.26
16735.77
16740.84
16757.33
16807.08
16807.81
16812.36
16818.18
16844.59
16852.61
16859.54
16906.67
16912.89
16932.85
16938.53
17038.34
17064.17
17101.50
17110.76
17114.64
17129.46
17139.85
17177.35
17178.09
17180.32
17188.69
17221.64
17224.25
17275.01
17297.83
17304.57
17318.43
17324.80
17327.24
17350.50
17365.53
17365.90
17368.72
17377.37
17383.95
17397.12
17414.45
17429.34
17438.96
17447.08
17461.43
17471.25
17506.64
17522.75
17536.21
17553.87
17568.88
17599.32
17608.65
17631.15
17655.97
17670.68
17670.87
17673.93
17688.85
17700.92
17704.94
17706.66
17708.39
17708.77
17723.53
17734.08
17757.89
17761.35
17766.35
17769.42
17770.19
17781.15
17794.43
17802.14
17802.33
17805.99
17813.50
17825.46
17834.91
17835.68
17836.26
17845.72
17854.60
17858.47
17882.06
17956.70
17996.77
18034.78
18034.98
18036.54
18052.55
18081.48
18081.67
18114.18
18120.65
18122.61
18144.58
18147.92
18157.55
18179.37
18206.92
18215.79
18220.32
18222.89
18229.20
18256.63
18257.62
18277.58
18296.58
18304.10
18351.10
18360.83
18379.52
18397.22
18404.79
18418.53
18432.09
18525.06
18584.28
18585.29
18592.73
18604.60
18621.52
18637.65
18647.13
18663.48
18663.68
18686.31
18689.54
18703.70
18710.79
18716.25
18718.89
18719.70
18749.70
18778.32
18805.77
18806.38
18808.01
18814.12
18832.45
18848.76
18848.96
18857.53
18863.65
18866.51
18942.19
18954.28
18977.47
18987.95
19019.40
19045.76
19051.53
19079.38
19085.16
19135.82
19171.47
19188.48
19194.30
19208.43
19232.97
19259.20
19262.95
19282.76
19291.53
19294.03
19300.30
19309.28
19311.79
19317.22
19321.61
19321.82
19324.75
19340.02
19348.39
19419.70
19423.27
19449.98
19456.50
19494.85
19504.77
19534.13
19558.02
19568.82
19582.37
19688.39
19798.40
19810.19
19850.31
19862.12
19864.49
19872.23
19877.17
19885.78
19896.54
19919.37
19939.42
19941.58
19945.25
19961.23
19981.32
19983.27
19989.32
20009.23
20019.19
20038.05
20049.97
20050.19
20141.73
20148.92
20173.14
20203.72
20208.74
20213.34
20224.28
20270.28
20326.06
20326.28
20376.27
20390.82
20400.98
20425.71
20503.88
20528.96
20542.96
20590.58
20592.58
20593.48
20601.50
20629.83
20688.61
20688.84
20691.97
20697.35
20711.68
20754.31
20765.54
20766.88
20805.57
20826.06
20832.82
20841.39
20852.22
20862.60
20881.34
20913.22
20933.37
20961.70
20984.85
21018.03
21022.57
21042.14
21074.27
21105.99
21118.10
21138.44
21141.87
21153.77
21163.39
21201.43
21223.69
21281.41
21293.39
21293.39
21295.23
21367.70
21404.73
21458.76
21464.33
21488.03
21501.98
21523.86
21560.22
21584.50
21590.10
21604.83
21611.61
21611.84
21615.58
21618.39
21634.30
21648.82
21653.50
21664.99
21710.04
21730.25
21750.01
21781.57
21782.74
21807.51
21835.37
21838.44
21883.85
21885.04
21898.06
21908.73
21911.34
21928.65
21949.54
21949.78
21976.87
22062.16
22064.31
22103.97
22104.93
22108.76
22138.68
22201.04
22213.06
22238.07
22309.16
22324.86
22326.79
22341.53
22365.23
22385.81
22396.47
22407.38
22426.30
22459.56
22471.23
22474.15
22485.34
22492.15
22516.50
22524.54
22541.12
22571.62
22612.45
22618.56
22624.93
22645.99
22698.73
22839.40
22867.34
22870.31
22876.25
22894.82
22898.79
22929.78
22962.05
22982.93
23012.29
23035.46
23100.60
23105.60
23113.10
23216.87
23252.06
23306.97
23319.84
23344.07
23421.49
23475.27
23478.58
23514.93
23526.38
23529.69
23545.23
23549.05
23561.54
23587.81
23588.58
23591.38
23619.22
23700.37
23715.25
23723.98
23740.41
23765.85
23799.05
23810.12
23837.19
23911.32
23922.19
23993.74
24036.87
24045.45
24066.54
24088.42
24088.68
24168.57
24187.66
24224.86
24265.25
24320.71
24333.35
24354.42
24379.20
24424.09
24434.66
24453.17
24500.05
24506.41
24529.22
24568.80
24606.58
24625.22
24635.35
24722.40
24735.77
24763.36
24773.00
24793.92
24835.27
24841.18
24931.92
25041.68
25046.56
25060.39
25101.09
25116.03
25154.11
25387.06
25410.97
25463.54
25467.40
25483.38
25539.97
25701.58
25702.69
25708.53
25751.41
25792.40
25818.92
25917.44
25964.88
25997.77
26072.70
26146.43
26149.54
26180.68
26190.88
26287.13
26299.64
26427.72
26446.03
26460.34
26495.86
26496.72
26582.29
26589.20
26601.57
26687.19
26697.88
26735.75
26774.25
26844.15
26847.64
26887.47
26983.35
27032.44
27114.17
27133.24
27174.08
27179.37
27217.92
27221.75
27268.92
27376.53
27414.17
27419.81
27524.44
27539.03
27604.36
27681.23
27747.50
27762.21
27898.62
27984.78
28077.89
28143.59
28146.33
28227.76
28407.61
28541.63
28552.75
28588.61
28659.84
28945.30
28974.44
29000.47
29074.62
29099.80
29120.58
29135.71
29208.94
29364.84
29387.73
29694.57
29698.42
29779.51
29807.88
29845.96
29853.39
29929.39
29944.94
29965.03
29970.22
30082.95
30103.47
30153.34
30242.87
30356.63
30537.15
30734.38
30852.99
30859.67
30987.14
31003.91
31024.72
31271.75
31278.18
31405.35
31567.85
31647.19
31668.08
31746.30
32226.66
32523.00
32618.15
32736.95
32951.95
33224.03
33329.52
33625.46
33686.27
33691.01
33700.85
33743.54
33819.57
33993.46
34010.01
34629.75
35670.22
35857.89
36833.09
36999.25
37304.35
37739.15
39133.84
41238.69
41630.96
44216.09
