18.67
33.37
39.63
41.43
42.15
44.57
45.09
48.96
51.71
52.05
52.91
55.83
57.09
57.46
59.99
60.32
61.67
63.11
63.79
64.17
64.34
65.46
66.95
67.40
68.45
68.86
69.76
70.69
71.39
71.53
71.95
72.04
72.53
74.05
74.06
75.80
75.86
75.88
77.16
77.82
78.59
78.87
80.07
80.41
80.59
80.93
82.46
84.50
85.08
85.22
85.24
87.21
88.17
89.00
91.43
92.35
92.45
92.51
93.06
94.80
94.81
96.21
96.25
96.60
97.76
99.62
99.96
100.53
100.73
100.83
101.32
101.58
101.73
102.31
102.48
104.68
104.82
105.58
107.53
107.85
108.28
108.76
108.81
108.99
109.86
110.82
111.23
112.90
113.00
113.21
113.98
114.13
114.41
114.64
115.53
115.53
115.66
116.48
116.53
116.66
116.74
116.99
117.70
117.98
118.95
119.90
120.08
121.28
121.85
122.44
123.92
124.08
124.33
125.89
125.92
126.08
126.29
127.12
129.24
129.40
129.81
130.34
130.44
131.72
132.87
132.94
133.34
134.17
134.18
134.41
134.89
136.08
136.12
138.65
139.35
139.95
140.32
140.72
140.88
141.35
141.75
142.01
142.43
143.83
144.05
145.06
145.89
147.49
147.54
147.54
148.25
149.74
150.49
150.54
152.50
153.15
154.01
154.53
154.86
154.95
154.96
155.52
156.19
156.25
156.95
157.06
157.13
160.61
160.69
161.08
161.17
161.19
162.62
162.74
162.90
162.98
163.37
164.09
164.51
164.88
165.19
167.13
167.89
169.09
169.15
169.26
169.41
171.17
171.24
171.81
172.21
172.30
173.62
174.27
174.65
175.62
175.70
176.02
176.13
176.17
176.78
177.56
177.63
178.41
179.05
179.14
179.89
180.65
180.91
181.19
181.93
182.09
182.72
182.81
182.88
183.09
184.22
184.46
185.02
185.16
186.05
186.99
187.38
187.71
187.81
189.75
190.83
191.83
191.97
191.99
194.33
194.44
194.62
194.66
195.72
195.90
197.05
197.50
198.23
199.14
201.78
201.98
202.22
202.69
202.91
203.18
203.28
203.64
205.21
205.42
205.53
205.71
205.87
207.31
207.58
207.83
208.11
208.59
208.65
208.73
209.09
209.35
209.67
210.43
210.62
210.74
210.95
212.80
213.32
213.52
213.79
213.79
213.93
214.26
214.65
214.75
214.87
216.24
216.94
216.98
217.26
217.63
218.70
219.12
219.32
219.60
219.63
219.74
219.97
220.41
220.52
221.73
221.77
221.89
222.13
222.14
223.15
223.78
225.05
225.86
227.25
227.89
228.27
228.42
228.63
228.99
229.00
229.03
229.50
229.60
229.64
229.88
230.18
230.28
230.33
230.99
231.44
231.51
232.14
232.18
232.79
233.92
234.14
234.73
235.23
235.48
235.73
236.47
237.19
237.20
237.55
238.30
239.09
239.57
239.65
239.93
240.53
240.84
242.12
242.32
242.48
243.05
244.04
244.21
245.47
245.82
246.01
246.99
247.04
247.99
248.40
248.78
248.96
249.60
249.79
250.27
250.58
251.21
251.49
252.36
252.63
252.94
253.02
253.49
253.77
254.53
254.70
256.05
256.63
256.87
256.95
257.43
258.25
258.56
258.94
259.67
259.87
260.06
260.11
260.59
260.63
261.95
262.47
262.49
262.81
263.46
263.63
263.99
264.26
264.27
264.36
264.43
264.71
265.47
266.14
266.27
267.40
267.90
267.99
268.27
268.59
268.73
269.19
271.34
271.47
271.59
271.76
272.00
273.39
273.83
274.64
274.72
275.56
275.78
276.30
276.85
277.39
277.54
277.76
278.60
279.27
279.29
279.47
279.67
279.99
280.03
280.18
280.64
281.35
281.69
281.71
282.45
282.57
283.15
283.89
283.92
284.27
284.38
285.68
285.75
286.18
286.65
287.01
287.28
287.69
288.12
288.84
289.88
290.04
290.60
291.05
291.80
292.00
292.74
293.21
293.92
294.43
294.82
296.00
296.44
296.51
296.59
297.16
297.62
297.72
297.73
297.78
297.99
298.58
299.29
299.38
299.73
300.44
300.44
300.54
302.66
302.97
303.16
303.87
304.63
304.85
305.46
305.52
306.24
306.80
307.82
308.34
309.21
309.27
309.54
309.59
310.03
310.09
310.51
310.58
311.45
311.64
312.11
312.47
312.54
313.12
313.40
314.36
315.54
316.01
316.29
316.42
316.65
316.67
317.02
318.40
318.86
318.96
319.91
320.57
321.64
321.92
322.57
322.63
324.14
324.24
324.78
325.11
325.25
325.76
325.84
326.17
326.31
326.58
326.89
326.96
327.47
328.59
328.61
328.77
329.02
329.16
330.32
330.65
331.05
331.24
331.47
331.51
332.53
332.60
333.55
333.71
334.09
334.45
334.79
334.84
334.98
335.91
336.08
336.83
337.07
338.38
338.72
339.01
339.38
339.41
339.45
339.49
339.75
340.01
340.35
340.83
341.12
341.21
342.03
342.55
343.69
343.83
344.68
345.98
346.01
346.03
346.74
347.15
347.57
347.70
347.77
348.37
348.54
348.92
349.13
349.26
349.66
349.97
350.10
350.47
350.77
351.18
351.40
352.27
352.60
353.41
353.62
353.97
354.21
355.56
355.69
356.02
356.18
356.22
356.32
356.59
356.60
356.64
356.75
357.02
357.20
357.62
357.67
357.80
358.89
359.74
359.89
361.61
361.85
363.18
363.19
364.42
364.69
364.79
365.08
365.42
365.96
366.83
368.57
368.97
369.10
370.14
371.80
372.34
372.48
373.00
373.36
374.15
374.66
374.82
375.09
375.15
375.39
375.58
375.67
375.85
376.17
376.23
376.23
376.28
377.05
378.22
378.26
378.31
378.44
379.92
379.99
380.35
381.12
381.17
381.24
381.42
382.57
383.61
383.99
384.57
385.32
385.36
385.41
385.76
385.86
385.91
386.55
386.56
387.54
388.05
389.27
389.29
390.29
390.56
390.67
391.79
392.06
392.87
392.97
393.11
393.88
393.89
393.93
394.21
394.38
395.27
395.58
395.60
397.58
397.73
397.95
397.96
397.99
399.13
399.18
399.71
400.84
401.00
401.16
401.27
401.43
401.98
402.03
402.24
402.24
402.54
402.73
403.16
403.26
403.28
403.34
403.45
404.22
404.49
404.98
405.94
406.32
406.86
407.87
408.10
408.83
408.91
409.25
409.27
409.79
409.92
410.06
410.07
410.33
410.34
410.46
410.55
411.61
412.12
412.81
412.81
413.16
413.34
413.92
414.32
414.45
414.84
414.92
415.00
415.25
415.62
415.68
415.93
416.11
416.28
416.29
416.39
417.16
417.25
417.61
418.61
418.79
419.99
420.09
420.55
421.16
421.39
422.87
422.97
423.36
423.40
423.56
423.58
423.62
423.66
423.84
425.43
425.66
425.85
425.85
426.61
426.68
426.88
427.85
427.91
428.30
428.48
429.11
430.05
430.62
431.70
432.19
432.25
432.40
432.83
432.83
433.28
433.28
433.55
435.59
435.79
435.80
436.08
436.51
436.61
437.34
437.67
437.85
438.12
439.24
439.92
440.22
440.50
440.56
440.71
440.85
441.05
441.61
441.93
442.15
442.65
443.23
443.47
443.66
443.76
444.02
444.06
444.87
445.28
445.61
446.15
446.21
446.42
446.78
447.36
447.40
447.52
448.08
448.41
449.88
450.12
450.49
451.31
451.59
451.80
451.84
452.31
452.46
453.40
453.41
453.50
453.91
454.30
455.63
456.38
456.54
456.64
458.41
458.71
459.04
459.11
459.21
459.35
460.05
460.21
460.56
461.06
461.11
461.54
461.83
462.21
462.64
462.93
463.37
463.64
464.38
464.59
464.73
464.78
464.97
465.32
465.57
465.85
466.36
466.43
468.08
469.22
469.41
469.82
469.87
469.88
470.67
470.80
470.81
471.05
471.53
471.65
471.66
472.54
472.60
472.62
472.65
472.91
473.07
473.10
473.54
473.63
473.74
474.17
474.41
474.53
474.81
475.41
476.13
476.27
476.32
476.61
477.04
477.94
478.06
478.12
478.14
478.25
478.64
478.73
478.81
479.27
479.65
479.67
479.88
480.80
481.82
482.95
483.21
483.50
484.19
484.37
484.77
484.91
484.99
485.34
485.97
486.01
486.73
486.85
487.01
487.52
487.88
487.89
487.89
488.71
489.21
490.08
491.06
491.52
491.95
492.98
493.13
493.89
494.15
494.17
494.35
494.85
495.03
495.77
496.56
496.59
497.00
497.09
497.10
497.49
497.73
497.86
498.80
499.00
499.29
500.29
500.62
500.73
500.76
500.83
501.10
501.76
502.35
502.64
503.14
503.38
504.23
504.24
504.29
504.37
504.69
505.62
506.40
506.79
507.50
507.57
508.62
508.97
509.60
509.78
509.83
510.44
510.52
511.98
512.52
512.58
512.83
512.98
513.86
514.41
515.08
515.30
516.08
516.48
517.43
517.77
517.77
518.30
518.54
518.63
518.99
519.06
519.56
520.34
520.38
520.46
520.87
521.62
521.97
522.79
523.33
524.85
525.16
525.31
526.39
526.88
527.05
527.69
529.71
529.71
529.77
530.33
530.78
530.81
531.34
532.19
532.91
533.46
534.22
534.31
534.72
535.23
536.27
536.63
538.41
538.48
538.52
538.92
539.22
539.41
540.95
541.07
541.14
541.17
541.81
542.21
542.55
543.69
543.71
543.87
543.94
544.09
544.42
544.74
544.87
546.13
546.61
547.28
547.74
548.97
550.26
550.39
550.63
551.32
551.96
552.18
554.15
555.17
555.19
555.49
555.63
555.67
555.85
556.27
556.30
556.62
556.90
557.59
558.31
558.49
558.56
559.16
559.28
559.29
559.99
560.28
560.46
561.59
561.74
561.79
561.85
562.56
562.76
562.97
562.98
563.76
563.79
563.91
564.10
564.19
564.58
565.47
565.95
566.11
566.46
566.86
567.01
567.39
567.90
567.91
568.12
568.29
568.90
569.70
570.20
570.77
570.78
570.96
571.17
571.47
571.94
572.10
572.18
572.29
572.51
573.56
574.40
574.61
574.78
575.14
575.89
576.89
578.92
580.26
580.37
580.71
581.17
582.44
583.33
583.61
584.76
585.09
585.18
585.67
585.72
585.76
587.86
588.44
588.82
588.92
588.96
589.03
589.06
589.54
589.56
589.67
589.88
590.46
590.66
590.73
590.99
591.06
591.28
591.28
591.59
592.03
592.47
592.68
592.96
593.91
593.98
593.99
594.16
594.34
594.95
594.96
595.40
595.56
595.90
596.07
596.09
596.51
596.74
597.07
597.57
597.78
597.85
597.86
598.06
598.11
598.48
599.65
599.72
599.77
599.89
600.09
600.19
600.70
601.09
601.17
601.18
602.66
602.76
602.77
602.92
603.12
603.43
605.15
605.66
605.79
608.34
608.55
608.83
608.99
609.21
609.35
609.36
609.40
609.60
609.74
610.06
610.59
611.04
611.35
611.65
612.96
613.23
613.43
613.64
613.77
614.43
614.92
615.09
615.33
616.39
616.57
617.62
618.96
619.18
620.35
620.57
620.65
621.03
621.28
621.69
622.48
622.82
622.84
623.64
624.56
625.50
625.61
625.73
625.78
625.92
625.98
626.53
627.02
627.84
628.77
628.89
628.98
629.15
629.21
629.89
631.15
631.32
631.68
632.73
632.92
633.08
633.49
633.86
634.11
635.00
635.11
636.00
636.23
636.46
638.25
638.59
639.05
639.14
639.98
640.21
640.54
641.13
641.81
641.83
642.38
642.60
643.15
644.78
644.92
644.94
645.90
646.75
647.22
651.36
651.79
651.82
652.07
652.29
652.43
652.65
652.96
653.24
653.40
653.79
653.81
654.36
655.21
656.22
656.48
656.77
657.23
657.37
657.52
657.77
657.95
658.32
659.10
659.29
660.40
660.45
660.58
660.98
661.57
662.49
662.61
662.84
663.30
664.29
665.48
665.49
665.99
666.05
666.16
666.44
666.61
666.82
666.82
668.04
668.08
668.19
668.21
668.23
669.43
669.99
670.72
670.98
671.26
671.36
671.59
672.00
672.21
672.61
672.69
673.75
673.81
673.86
674.96
675.01
676.37
676.39
676.41
676.69
677.30
677.57
678.31
678.44
679.44
679.79
680.54
681.87
682.11
682.87
683.39
683.80
685.00
685.21
685.59
685.65
685.86
685.88
686.12
686.32
686.56
687.00
687.47
687.97
688.23
689.26
689.49
689.54
689.75
689.87
690.11
691.06
691.09
691.32
691.45
691.75
692.53
694.18
694.68
694.80
695.23
695.30
695.66
695.93
697.09
697.44
698.02
698.44
698.76
699.51
700.24
700.34
700.40
701.00
701.32
701.50
701.59
702.33
702.35
702.62
703.40
705.58
705.76
706.71
707.14
707.22
707.67
709.13
709.66
709.83
710.43
711.87
712.71
712.80
712.91
714.09
714.18
714.56
714.77
714.82
714.87
714.98
715.10
715.78
716.05
716.24
716.83
717.40
717.45
717.73
719.21
719.30
719.84
719.86
720.04
720.09
720.54
721.35
721.71
722.43
723.02
723.21
723.60
723.66
724.44
725.60
725.99
726.11
726.88
727.08
727.42
727.85
728.33
728.59
728.97
729.07
729.29
729.56
730.77
730.95
731.51
731.71
731.85
732.24
732.60
732.68
733.78
735.02
735.28
736.75
736.77
736.89
737.03
737.10
737.12
737.13
737.17
737.29
737.42
737.50
739.20
739.25
739.29
739.55
739.75
739.99
741.27
741.35
741.41
742.02
742.44
742.86
744.03
744.30
744.40
744.93
744.97
745.11
745.39
745.45
745.52
746.34
746.92
747.03
747.21
747.77
747.95
748.38
748.98
749.07
749.12
750.49
751.82
751.96
753.44
753.63
754.17
754.29
754.72
755.27
755.69
755.73
756.53
756.65
756.81
757.56
757.77
757.80
758.57
758.78
759.11
759.47
759.87
760.82
761.03
761.56
761.65
761.89
762.83
762.90
762.95
763.06
763.14
763.49
763.74
764.68
764.79
764.81
764.88
765.77
765.82
765.88
766.04
766.16
766.60
766.68
766.75
767.48
767.57
767.74
768.69
768.72
768.95
769.15
770.20
770.20
770.97
771.35
771.61
771.80
771.97
772.31
773.10
773.39
773.84
773.88
774.95
775.11
775.38
775.41
775.55
775.71
775.76
776.28
776.80
777.08
777.50
778.19
779.16
779.78
780.50
781.05
782.69
782.70
782.98
782.98
783.28
783.78
784.23
784.53
784.92
784.93
784.95
784.97
784.98
785.73
785.76
786.21
786.37
786.40
786.58
786.61
787.08
787.88
788.50
788.84
789.49
790.92
791.04
791.78
792.20
792.52
793.21
793.71
793.71
794.08
794.09
794.17
794.99
795.08
795.18
795.45
795.52
795.55
795.86
795.88
795.96
796.65
796.76
797.23
797.64
797.67
797.87
798.96
799.71
800.22
800.61
801.95
802.33
802.50
803.43
803.50
803.77
803.79
803.83
804.58
804.70
805.51
805.86
805.86
806.81
807.87
808.54
808.78
808.96
809.10
809.25
809.66
809.98
810.55
810.79
810.87
810.99
811.39
811.67
812.06
812.95
813.15
813.68
814.09
814.29
814.52
815.75
815.76
815.94
816.27
816.84
817.19
817.46
818.21
819.39
819.47
819.86
820.04
820.34
820.92
821.06
821.68
822.34
822.89
823.61
823.88
823.99
824.57
824.70
824.88
825.69
826.29
826.71
826.99
827.38
827.42
827.90
828.08
828.33
828.34
828.86
828.89
830.40
830.46
831.01
831.16
831.96
832.56
833.75
833.94
834.68
836.90
837.09
837.24
838.51
838.64
838.66
838.74
839.15
839.54
839.54
839.66
840.32
840.42
842.54
843.27
843.80
844.04
844.38
844.62
844.71
845.21
845.29
845.30
846.13
846.25
846.52
846.80
847.90
850.38
851.10
851.76
852.23
852.54
852.60
852.72
852.75
853.26
853.32
853.69
853.83
853.96
854.34
854.80
854.82
855.11
856.04
856.11
856.22
856.90
857.20
857.23
857.85
858.54
858.85
858.98
859.50
860.17
860.19
860.22
860.83
861.26
861.56
862.86
863.09
863.48
864.04
864.35
864.99
865.34
865.36
865.45
865.78
865.87
866.15
866.40
866.65
868.43
869.12
869.66
869.68
870.61
871.17
871.66
871.93
872.77
872.88
872.95
873.12
873.19
873.47
873.64
873.92
873.96
874.74
874.94
875.38
875.43
876.33
876.98
877.60
877.65
877.95
878.15
878.29
878.53
878.85
879.14
879.14
879.17
879.25
879.64
880.13
880.51
881.47
881.61
881.64
882.36
882.64
883.06
883.92
884.27
885.16
885.17
885.33
885.93
886.51
886.51
886.59
886.77
887.05
887.14
888.01
888.31
889.30
889.48
889.99
890.19
890.57
890.58
891.10
892.40
892.66
893.51
893.62
893.75
893.99
894.67
894.90
895.01
895.07
895.12
895.33
896.02
896.07
896.76
897.35
897.45
897.48
897.73
898.72
898.97
899.44
900.56
900.99
901.33
901.44
901.90
902.13
902.59
904.25
905.22
906.11
907.68
908.21
908.35
909.59
910.00
910.10
910.24
911.05
912.07
913.89
914.41
914.49
914.64
914.85
915.01
915.79
916.40
916.78
918.12
918.33
918.54
919.60
919.90
919.97
919.98
920.10
920.25
921.96
922.04
922.18
922.23
922.37
922.97
923.36
923.76
923.79
923.95
924.46
924.59
924.77
924.90
925.03
925.40
926.28
926.94
927.16
927.90
927.92
928.17
928.33
928.77
930.03
930.04
930.15
930.65
930.91
931.82
932.42
932.90
933.01
933.63
933.85
933.86
934.36
935.01
935.31
936.00
936.04
937.10
937.88
938.33
938.72
939.72
939.88
940.21
940.30
940.71
941.31
941.80
942.33
942.58
943.62
943.82
943.84
944.31
944.55
944.70
944.71
945.03
945.11
945.74
945.78
946.00
947.07
947.18
947.20
948.47
949.38
949.50
949.92
950.50
950.51
950.87
950.91
951.06
951.11
952.06
954.52
954.81
955.19
955.65
955.65
956.06
956.76
957.15
957.19
957.49
957.69
957.76
957.93
958.37
959.57
959.97
960.56
961.32
962.00
962.14
962.99
963.33
963.39
963.81
964.50
964.92
965.13
965.61
966.15
966.94
967.06
967.07
967.24
967.65
967.83
968.55
968.68
968.70
969.34
969.37
969.67
969.87
969.90
970.42
971.19
971.86
971.96
972.81
974.13
974.58
974.77
975.91
976.44
976.78
977.58
977.62
978.44
978.85
979.29
979.43
979.65
979.82
980.04
980.25
980.35
980.44
980.61
981.83
981.94
982.44
983.83
984.59
984.71
985.13
985.41
985.54
988.78
989.79
989.81
990.31
990.46
990.63
991.20
991.28
991.41
991.61
992.04
992.58
992.79
992.79
993.00
993.07
993.82
993.92
995.07
996.19
996.34
996.48
997.35
998.28
998.37
998.92
999.16
999.73
999.96
1000.37
1002.09
1002.64
1002.81
1003.16
1003.25
1003.84
1004.17
1004.62
1006.49
1006.50
1007.46
1008.16
1008.32
1008.95
1009.11
1009.47
1011.11
1011.20
1011.54
1012.07
1013.14
1013.26
1014.24
1015.11
1015.59
1015.69
1017.21
1017.57
1017.77
1017.86
1017.94
1018.04
1018.07
1018.90
1019.57
1019.64
1019.71
1020.01
1020.45
1020.47
1021.62
1021.72
1021.96
1022.24
1023.09
1023.15
1023.15
1023.46
1023.68
1023.76
1024.25
1025.95
1026.48
1026.52
1026.52
1026.53
1027.23
1027.62
1028.24
1028.78
1029.02
1029.40
1029.90
1030.22
1031.94
1032.38
1033.59
1033.71
1033.77
1033.96
1034.41
1034.92
1035.18
1035.97
1036.23
1036.72
1037.27
1037.96
1037.98
1038.56
1038.71
1039.01
1039.14
1039.19
1039.64
1039.70
1040.19
1040.53
1042.61
1042.71
1042.76
1042.83
1043.06
1043.77
1043.89
1044.40
1044.89
1045.25
1045.48
1045.70
1046.55
1046.61
1046.83
1047.18
1047.50
1047.67
1047.83
1048.10
1048.32
1048.67
1048.99
1049.33
1049.52
1049.52
1049.91
1050.45
1051.25
1052.59
1054.24
1054.48
1054.96
1055.26
1055.45
1056.01
1057.05
1057.32
1058.12
1059.24
1059.91
1060.30
1060.69
1060.73
1060.76
1060.82
1061.25
1061.35
1061.37
1061.56
1061.57
1062.34
1062.42
1063.64
1064.05
1064.45
1065.25
1065.83
1065.89
1067.02
1067.12
1068.28
1068.48
1068.67
1068.70
1069.06
1069.79
1069.85
1070.32
1070.81
1070.81
1071.78
1072.22
1072.27
1072.28
1072.36
1073.10
1073.33
1073.66
1074.41
1074.85
1076.19
1076.34
1077.34
1077.43
1078.31
1079.11
1079.17
1079.21
1079.23
1079.37
1079.75
1079.99
1080.31
1080.73
1080.77
1081.01
1081.04
1081.79
1082.17
1082.25
1082.65
1082.99
1083.07
1083.09
1083.30
1083.69
1083.75
1084.38
1084.96
1084.99
1085.07
1085.37
1085.56
1086.03
1086.78
1087.07
1087.45
1087.98
1088.04
1088.87
1089.24
1089.58
1089.58
1089.67
1090.77
1091.05
1091.07
1091.08
1092.27
1092.58
1092.65
1093.30
1093.36
1093.99
1094.63
1094.64
1094.72
1095.38
1097.19
1098.49
1098.71
1099.15
1101.36
1101.77
1101.86
1102.01
1102.37
1102.83
1103.76
1105.89
1106.68
1106.83
1107.66
1107.78
1108.20
1110.23
1110.44
1111.20
1111.36
1111.68
1111.87
1111.98
1112.28
1112.32
1112.42
1113.01
1113.62
1113.64
1113.72
1113.78
1113.92
1114.02
1114.49
1114.66
1114.93
1115.28
1115.62
1115.98
1116.74
1116.77
1116.85
1117.23
1117.48
1118.44
1118.60
1118.66
1118.86
1119.01
1119.42
1120.04
1120.28
1121.78
1122.40
1123.01
1123.02
1123.02
1124.38
1125.52
1125.75
1126.12
1126.53
1126.68
1126.71
1126.76
1126.86
1127.38
1127.49
1127.86
1128.65
1129.16
1129.55
1129.70
1129.76
1130.21
1131.07
1132.17
1132.97
1133.59
1134.01
1134.13
1134.23
1135.03
1135.05
1135.23
1135.37
1135.40
1136.86
1136.89
1137.07
1137.09
1137.37
1137.91
1138.35
1138.42
1138.84
1139.09
1139.66
1140.26
1140.27
1140.78
1140.82
1141.73
1142.90
1142.97
1143.61
1143.67
1144.40
1144.45
1146.99
1147.17
1147.35
1147.36
1147.53
1147.74
1148.08
1148.11
1148.42
1148.43
1149.04
1149.22
1149.41
1149.45
1149.48
1149.94
1149.99
1149.99
1150.72
1151.53
1151.90
1153.75
1153.80
1153.94
1153.98
1154.34
1154.38
1155.80
1156.16
1156.29
1156.34
1156.68
1156.85
1157.44
1157.85
1158.04
1158.22
1158.55
1158.73
1159.32
1160.32
1160.78
1160.95
1161.39
1161.42
1162.03
1162.07
1162.42
1162.67
1162.92
1163.00
1163.45
1164.30
1164.40
1164.52
1164.62
1164.83
1165.32
1165.33
1168.74
1169.42
1169.60
1169.75
1169.92
1170.07
1170.18
1170.18
1170.47
1170.59
1170.87
1171.61
1171.98
1172.37
1172.59
1172.77
1173.69
1173.96
1174.16
1174.33
1175.05
1175.16
1175.63
1175.98
1176.15
1177.13
1177.82
1178.05
1178.44
1178.62
1179.13
1179.64
1179.96
1180.19
1180.89
1181.17
1181.77
1182.36
1183.80
1184.18
1185.26
1185.38
1187.85
1187.91
1189.10
1189.59
1191.94
1192.01
1192.32
1193.23
1193.49
1193.83
1194.41
1194.47
1194.82
1194.95
1195.46
1195.72
1195.90
1196.12
1196.16
1196.62
1197.77
1198.24
1198.24
1198.81
1199.07
1199.25
1199.47
1199.60
1199.64
1200.19
1200.47
1201.07
1201.24
1201.42
1201.66
1202.85
1202.87
1203.14
1203.15
1203.17
1203.23
1204.12
1204.66
1204.79
1205.11
1206.28
1206.75
1207.52
1207.72
1207.73
1207.76
1207.94
1208.59
1208.70
1208.76
1209.72
1210.63
1210.80
1211.92
1213.48
1214.35
1214.49
1215.60
1215.79
1216.45
1216.81
1217.65
1218.18
1219.11
1220.78
1221.45
1221.58
1221.87
1221.90
1223.82
1224.27
1224.67
1225.02
1225.33
1225.49
1225.57
1226.32
1227.86
1228.81
1228.93
1229.25
1229.66
1229.82
1229.94
1230.04
1230.26
1230.28
1230.36
1230.71
1230.82
1231.38
1231.47
1232.41
1232.59
1233.60
1234.55
1235.15
1236.07
1236.90
1236.97
1238.30
1238.34
1238.95
1239.53
1239.53
1239.60
1239.92
1240.25
1240.68
1240.86
1242.86
1242.99
1243.48
1245.35
1245.54
1245.67
1246.12
1246.55
1247.17
1247.36
1247.40
1248.40
1248.64
1253.20
1253.28
1253.75
1254.22
1254.52
1254.86
1255.21
1256.27
1256.84
1256.87
1257.21
1258.86
1259.52
1259.59
1260.15
1260.29
1260.33
1260.72
1260.78
1261.73
1261.82
1261.91
1262.31
1262.39
1262.54
1262.66
1263.58
1264.36
1264.97
1265.37
1265.75
1265.77
1268.19
1268.92
1269.13
1269.14
1269.43
1269.64
1271.07
1271.85
1272.33
1273.02
1273.27
1273.42
1274.43
1274.96
1276.21
1276.80
1276.90
1277.17
1278.32
1279.01
1279.07
1279.18
1279.43
1279.77
1280.05
1281.16
1281.19
1281.55
1281.60
1281.70
1282.11
1282.34
1283.17
1283.27
1284.16
1284.25
1284.43
1284.54
1284.70
1284.84
1285.07
1285.20
1285.28
1285.31
1286.81
1287.01
1287.41
1287.61
1289.27
1289.32
1289.38
1289.87
1290.37
1290.44
1290.48
1290.72
1291.07
1291.19
1291.28
1291.60
1291.83
1291.90
1292.03
1292.07
1292.74
1293.22
1293.78
1294.11
1294.16
1294.48
1295.26
1296.19
1296.96
1297.10
1297.28
1297.79
1298.14
1298.43
1299.29
1299.77
1299.78
1299.94
1300.33
1300.94
1301.71
1301.98
1302.19
1302.64
1303.66
1304.02
1305.01
1306.04
1306.26
1307.85
1307.90
1308.33
1308.94
1309.13
1310.28
1310.69
1312.28
1312.53
1312.62
1312.86
1313.75
1314.28
1314.68
1315.18
1315.42
1315.82
1316.11
1316.47
1316.68
1316.78
1317.45
1317.51
1317.84
1318.35
1318.95
1319.28
1319.28
1319.49
1319.72
1319.77
1319.89
1320.64
1321.21
1321.87
1322.08
1322.11
1322.22
1322.47
1322.58
1324.13
1324.94
1325.26
1325.42
1326.67
1327.18
1327.36
1327.90
1328.66
1328.92
1329.94
1330.29
1331.48
1331.54
1331.70
1332.00
1332.22
1332.46
1332.78
1332.84
1332.84
1332.85
1332.95
1333.36
1333.40
1333.44
1333.72
1334.27
1334.43
1334.99
1336.13
1336.17
1336.45
1336.82
1336.90
1337.75
1338.66
1339.87
1339.94
1340.45
1340.53
1340.56
1341.29
1342.13
1343.12
1343.17
1344.69
1345.18
1346.24
1347.32
1347.69
1347.99
1348.72
1348.72
1348.90
1349.37
1349.63
1349.83
1351.28
1352.24
1353.44
1354.19
1354.81
1354.92
1355.23
1355.31
1356.24
1356.39
1356.51
1356.77
1356.86
1357.17
1357.86
1358.98
1360.30
1361.36
1361.61
1361.97
1362.69
1363.13
1363.87
1364.69
1365.73
1366.47
1366.51
1366.82
1367.13
1367.74
1367.77
1368.04
1368.63
1368.83
1369.06
1370.26
1370.27
1370.27
1371.59
1372.22
1374.03
1375.02
1375.22
1375.56
1375.75
1375.99
1376.23
1377.51
1377.74
1377.81
1380.15
1380.62
1381.00
1383.08
1384.34
1384.82
1385.28
1385.30
1385.58
1388.24
1388.68
1389.40
1389.56
1390.51
1390.72
1391.89
1392.15
1392.78
1393.33
1393.66
1393.70
1394.76
1395.02
1395.23
1395.24
1396.34
1396.36
1396.65
1398.37
1398.67
1401.10
1401.26
1401.28
1401.84
1402.01
1403.33
1405.39
1405.76
1406.17
1406.27
1406.41
1406.61
1407.34
1409.11
1409.14
1409.20
1409.67
1409.69
1410.30
1411.32
1411.60
1412.04
1414.12
1414.18
1415.77
1415.79
1416.09
1416.58
1417.87
1418.50
1419.70
1420.16
1420.17
1420.33
1420.60
1420.88
1423.70
1424.25
1424.41
1424.53
1426.38
1427.35
1427.40
1427.55
1428.67
1429.38
1429.53
1430.89
1431.14
1431.16
1431.64
1432.38
1432.58
1432.91
1433.26
1433.68
1433.71
1433.99
1434.40
1434.51
1434.77
1435.08
1435.30
1435.65
1436.11
1436.25
1436.73
1437.96
1438.36
1438.64
1439.79
1439.82
1439.84
1441.18
1441.34
1441.59
1441.65
1442.04
1442.22
1442.60
1443.04
1443.68
1443.85
1444.08
1445.35
1445.38
1445.55
1445.96
1446.57
1447.12
1448.04
1448.54
1448.68
1450.19
1450.66
1450.75
1450.91
1452.06
1452.64
1453.02
1453.65
1453.99
1454.24
1454.54
1455.00
1455.22
1455.74
1455.94
1456.89
1458.45
1458.85
1459.21
1459.29
1460.96
1461.06
1461.89
1462.53
1462.88
1463.10
1464.05
1464.38
1464.89
1465.63
1466.36
1466.41
1467.68
1467.97
1468.74
1471.61
1471.91
1472.45
1472.83
1473.84
1474.30
1475.37
1477.81
1478.15
1478.89
1479.11
1480.92
1481.18
1481.62
1481.98
1482.54
1482.60
1484.72
1485.07
1485.22
1485.62
1485.64
1485.64
1487.34
1487.42
1487.45
1487.55
1487.86
1488.34
1488.98
1489.34
1489.71
1490.21
1490.35
1490.71
1491.66
1491.69
1492.08
1492.31
1492.76
1492.99
1493.39
1494.02
1494.04
1495.10
1496.88
1496.93
1497.09
1497.19
1497.81
1498.42
1499.09
1499.40
1499.79
1499.82
1500.60
1501.21
1501.30
1501.34
1501.62
1502.03
1502.86
1503.10
1503.21
1503.69
1504.27
1505.10
1505.25
1506.50
1506.71
1506.89
1508.30
1508.48
1508.54
1508.88
1509.88
1509.90
1509.90
1511.12
1511.87
1512.15
1512.91
1513.77
1513.82
1513.92
1514.08
1515.31
1515.84
1516.99
1517.10
1517.10
1517.86
1518.51
1518.81
1520.44
1521.19
1521.54
1522.23
1522.25
1522.69
1522.86
1522.87
1523.09
1524.11
1524.16
1525.22
1525.71
1528.14
1528.82
1529.13
1530.17
1530.31
1530.42
1530.64
1531.52
1532.25
1532.33
1533.74
1537.04
1538.04
1538.72
1540.84
1540.91
1541.71
1541.92
1542.86
1542.88
1542.96
1543.04
1543.24
1543.51
1543.66
1543.73
1544.81
1545.32
1547.21
1547.22
1547.93
1547.99
1548.66
1549.22
1549.37
1549.69
1549.70
1550.09
1550.31
1550.76
1550.76
1551.97
1552.17
1553.21
1554.76
1555.73
1555.77
1555.83
1556.05
1556.68
1558.40
1559.10
1560.03
1560.59
1561.15
1561.92
1562.16
1562.19
1562.29
1563.09
1563.51
1564.32
1564.76
1565.07
1565.07
1565.21
1565.61
1566.41
1566.41
1568.53
1569.55
1569.92
1570.16
1570.84
1570.97
1571.62
1571.82
1572.93
1573.10
1573.58
1575.91
1575.98
1576.93
1577.07
1577.65
1578.71
1578.73
1579.00
1579.56
1580.16
1580.61
1581.44
1583.12
1583.16
1586.16
1586.47
1586.59
1586.90
1587.32
1588.10
1588.32
1589.06
1589.20
1590.45
1590.63
1591.38
1592.68
1593.36
1593.67
1593.78
1594.42
1594.76
1594.78
1596.89
1597.89
1597.96
1599.20
1599.38
1599.60
1600.14
1600.78
1601.04
1601.21
1601.23
1601.82
1603.46
1603.57
1604.56
1604.73
1605.76
1605.86
1606.43
1606.64
1607.09
1608.05
1608.16
1608.99
1609.43
1609.46
1610.38
1611.59
1613.02
1613.21
1614.26
1614.41
1615.18
1615.38
1615.85
1616.20
1616.34
1617.32
1617.60
1617.95
1618.17
1618.28
1618.35
1618.84
1619.54
1620.89
1620.96
1621.84
1622.28
1622.29
1622.43
1622.57
1622.91
1623.01
1623.98
1624.05
1624.42
1625.21
1626.53
1626.85
1627.69
1628.13
1629.42
1629.70
1629.81
1629.91
1629.97
1630.74
1631.66
1631.76
1633.23
1633.41
1634.45
1634.56
1635.05
1636.26
1636.57
1637.51
1637.94
1638.19
1638.58
1639.20
1639.21
1639.32
1639.57
1639.89
1640.19
1640.35
1640.81
1641.27
1641.31
1641.86
1642.34
1644.12
1644.67
1645.47
1645.52
1645.59
1646.02
1646.86
1647.02
1647.29
1647.45
1647.84
1648.20
1650.03
1651.03
1651.03
1651.18
1651.62
1651.91
1651.93
1652.32
1652.46
1652.64
1652.91
1653.57
1653.72
1653.75
1653.93
1654.99
1655.99
1656.01
1656.94
1658.79
1659.52
1660.49
1661.61
1661.88
1662.61
1662.87
1662.92
1663.12
1663.42
1663.73
1664.04
1664.16
1664.31
1665.39
1665.59
1665.78
1665.95
1666.41
1667.60
1668.09
1668.87
1669.05
1669.36
1670.19
1670.28
1670.87
1671.40
1671.67
1672.00
1673.55
1674.71
1674.96
1675.02
1675.22
1675.69
1676.12
1676.29
1676.54
1676.71
1677.07
1677.34
1677.58
1677.76
1680.19
1680.59
1680.74
1681.37
1681.79
1682.19
1682.23
1682.30
1683.58
1683.74
1685.31
1686.31
1686.95
1687.32
1687.79
1688.10
1688.81
1689.05
1690.62
1690.79
1691.14
1691.81
1693.42
1693.46
1693.92
1694.93
1698.01
1698.69
1699.79
1699.85
1701.38
1702.65
1703.07
1703.49
1703.51
1703.72
1704.18
1704.43
1704.71
1704.88
1705.28
1706.56
1706.61
1707.00
1707.33
1707.46
1708.07
1709.09
1710.72
1711.05
1711.05
1712.72
1713.03
1713.53
1713.55
1713.55
1714.61
1715.22
1715.33
1715.81
1716.04
1716.30
1717.80
1717.91
1718.36
1718.56
1719.36
1719.44
1720.20
1721.50
1722.34
1722.36
1722.42
1725.59
1725.91
1726.67
1726.69
1727.68
1727.68
1727.72
1729.18
1729.51
1729.61
1729.94
1730.34
1730.54
1731.12
1731.46
1732.30
1732.40
1733.90
1734.52
1735.04
1735.29
1736.04
1736.06
1736.83
1737.00
1737.26
1737.26
1738.33
1738.59
1739.06
1739.86
1740.53
1743.44
1743.68
1743.76
1744.00
1744.15
1744.72
1745.72
1745.80
1746.08
1746.19
1747.06
1747.61
1748.74
1748.82
1748.82
1749.01
1749.05
1749.67
1750.18
1750.98
1751.89
1752.91
1754.37
1754.47
1754.71
1755.06
1755.57
1757.01
1757.47
1757.49
1757.51
1757.77
1760.00
1760.27
1760.95
1760.95
1761.41
1761.89
1763.22
1764.92
1766.64
1766.89
1767.54
1767.54
1767.92
1768.00
1768.61
1768.94
1769.43
1770.06
1770.08
1770.75
1771.62
1772.19
1772.29
1772.75
1774.15
1774.94
1775.01
1775.20
1776.09
1778.03
1779.72
1779.80
1780.28
1780.30
1780.84
1781.30
1781.94
1782.56
1784.56
1784.60
1784.68
1787.48
1788.02
1788.72
1789.17
1789.28
1790.23
1790.42
1790.87
1792.93
1793.37
1793.57
1795.00
1795.49
1795.70
1795.97
1796.42
1797.61
1798.03
1798.38
1799.12
1799.53
1801.03
1801.17
1801.71
1803.67
1804.04
1804.08
1805.27
1805.44
1808.26
1808.94
1809.82
1810.31
1810.57
1810.80
1811.08
1811.45
1812.31
1812.47
1815.55
1817.46
1819.88
1821.12
1821.89
1823.48
1824.02
1824.39
1824.49
1825.95
1828.64
1828.94
1829.08
1830.11
1831.08
1833.30
1833.89
1833.91
1834.07
1834.49
1834.63
1834.76
1835.42
1835.60
1835.88
1835.98
1836.29
1836.33
1836.39
1836.49
1837.61
1838.84
1838.98
1839.18
1841.11
1841.45
1841.45
1844.34
1847.91
1850.15
1851.22
1851.60
1852.72
1852.74
1853.66
1854.08
1854.10
1854.68
1855.17
1855.39
1855.81
1856.09
1856.67
1857.21
1857.58
1857.74
1858.88
1859.43
1860.63
1861.28
1861.50
1861.68
1861.70
1861.80
1862.43
1862.55
1862.99
1864.68
1865.07
1865.94
1868.26
1868.34
1869.05
1869.78
1870.40
1870.56
1870.69
1871.05
1871.19
1871.21
1871.78
1872.41
1872.63
1873.79
1873.87
1874.25
1874.60
1874.80
1874.98
1875.02
1875.27
1875.55
1875.98
1878.39
1878.43
1878.64
1879.31
1880.79
1882.16
1882.44
1882.97
1884.05
1885.01
1885.42
1885.54
1887.95
1888.58
1889.81
1890.30
1890.42
1891.83
1892.10
1892.82
1893.23
1893.25
1893.88
1894.15
1894.66
1894.78
1895.07
1895.42
1895.81
1895.85
1896.26
1896.32
1897.27
1897.37
1897.41
1898.42
1898.83
1898.87
1898.97
1899.26
1899.28
1899.51
1900.06
1900.51
1900.66
1902.30
1904.49
1905.43
1905.50
1907.04
1907.62
1907.89
1907.95
1908.53
1908.55
1908.61
1909.89
1910.97
1911.09
1911.73
1912.13
1913.49
1913.51
1913.78
1914.05
1914.26
1914.84
1915.09
1915.13
1916.12
1916.16
1917.08
1917.45
1918.34
1919.34
1921.21
1921.60
1921.96
1922.54
1924.29
1924.54
1925.14
1925.77
1925.83
1926.04
1926.79
1927.73
1927.79
1928.16
1928.52
1929.06
1932.15
1932.59
1932.82
1933.26
1934.01
1934.83
1936.82
1937.03
1938.01
1938.39
1938.83
1939.04
1939.32
1939.53
1939.55
1940.78
1941.20
1942.30
1942.65
1943.12
1943.90
1945.35
1945.89
1946.06
1946.21
1946.36
1947.14
1948.15
1948.46
1949.20
1949.71
1950.05
1951.10
1951.57
1952.18
1952.50
1952.69
1953.40
1954.91
1955.52
1956.51
1956.81
1959.33
1959.35
1959.44
1960.12
1960.12
1960.77
1960.77
1961.09
1962.60
1963.13
1964.06
1964.55
1965.19
1965.72
1966.79
1967.70
1968.77
1968.81
1969.58
1969.79
1970.58
1970.68
1971.71
1972.09
1973.01
1973.35
1974.33
1974.89
1974.93
1975.02
1975.15
1976.04
1976.17
1976.58
1976.81
1977.39
1978.14
1978.40
1979.40
1980.26
1981.35
1981.59
1982.02
1982.88
1983.50
1983.78
1985.15
1985.34
1985.60
1986.50
1987.19
1987.54
1987.67
1988.16
1988.91
1990.36
1990.94
1991.20
1992.58
1992.75
1992.81
1992.92
1994.19
1995.38
1997.24
1997.93
1998.58
1998.88
2000.91
2001.07
2001.20
2001.37
2001.87
2002.45
2002.47
2002.54
2002.56
2002.69
2002.93
2003.47
2004.14
2004.66
2005.47
2005.73
2007.35
2007.64
2008.42
2008.77
2009.66
2009.88
2010.25
2010.72
2011.79
2012.18
2013.82
2013.92
2015.19
2015.58
2015.73
2016.13
2016.30
2016.45
2016.56
2016.63
2017.26
2017.48
2017.96
2019.62
2020.41
2020.43
2020.78
2022.33
2022.64
2022.94
2023.03
2025.73
2026.23
2027.83
2027.98
2028.51
2028.75
2028.82
2028.93
2029.50
2029.76
2029.92
2030.11
2031.28
2031.39
2031.98
2031.98
2033.54
2033.96
2034.05
2034.29
2034.53
2034.58
2034.60
2034.91
2034.93
2035.88
2036.30
2036.32
2037.31
2037.82
2038.43
2039.29
2040.64
2040.86
2041.88
2043.47
2043.82
2044.77
2044.97
2045.95
2048.18
2048.27
2048.45
2048.76
2049.96
2050.56
2051.13
2052.24
2053.69
2054.22
2054.75
2055.49
2055.53
2056.51
2057.02
2059.07
2059.45
2059.67
2059.76
2060.99
2061.30
2062.30
2063.46
2064.96
2065.39
2065.92
2066.97
2068.47
2069.01
2069.88
2071.74
2072.53
2073.18
2073.18
2073.24
2075.11
2077.40
2077.74
2078.03
2079.67
2081.52
2081.97
2082.26
2082.80
2083.03
2084.36
2084.56
2085.14
2085.24
2085.30
2086.23
2086.45
2086.86
2087.09
2087.42
2088.51
2088.87
2089.46
2089.68
2092.40
2092.54
2093.15
2093.67
2093.69
2095.55
2096.25
2096.55
2096.93
2097.36
2097.98
2098.14
2099.91
2100.07
2100.29
2100.38
2101.27
2101.52
2102.98
2104.14
2104.25
2104.34
2104.62
2104.75
2104.84
2105.05
2105.21
2106.28
2106.51
2106.62
2107.03
2108.31
2108.54
2108.65
2109.31
2110.27
2110.89
2111.94
2112.39
2113.33
2113.72
2114.68
2114.98
2115.02
2115.60
2116.26
2117.04
2117.70
2117.91
2122.41
2123.74
2123.97
2124.27
2124.61
2124.63
2125.35
2125.67
2128.27
2128.29
2129.28
2129.81
2130.34
2130.64
2131.93
2131.96
2132.47
2132.60
2132.65
2133.32
2133.90
2134.57
2135.19
2135.21
2136.07
2136.11
2137.94
2138.33
2138.68
2139.91
2140.19
2140.58
2140.60
2140.65
2141.64
2141.95
2142.59
2142.71
2143.71
2143.85
2144.66
2145.98
2146.24
2146.77
2147.42
2147.42
2148.42
2149.56
2149.68
2150.17
2150.96
2152.10
2152.42
2152.49
2152.82
2154.15
2154.52
2154.52
2155.03
2155.83
2155.87
2157.09
2157.76
2157.76
2157.79
2157.81
2157.97
2158.42
2160.64
2161.90
2162.13
2162.48
2164.03
2165.04
2166.21
2166.70
2168.15
2168.34
2168.65
2169.49
2171.44
2171.49
2171.79
2172.73
2174.54
2176.22
2176.55
2177.70
2177.79
2178.48
2181.59
2182.77
2182.84
2183.29
2184.14
2186.10
2187.36
2187.97
2188.33
2189.18
2190.44
2190.58
2190.67
2191.53
2192.05
2192.43
2192.81
2193.26
2193.85
2194.75
2194.97
2195.11
2195.94
2196.70
2196.70
2197.01
2198.34
2198.91
2198.91
2198.94
2200.08
2201.46
2201.68
2201.91
2201.91
2202.22
2203.58
2203.63
2203.82
2203.84
2203.96
2205.32
2205.47
2206.85
2207.95
2208.45
2208.81
2212.42
2212.42
2212.73
2214.07
2215.42
2215.68
2216.18
2217.53
2218.01
2218.34
2222.16
2222.88
2223.63
2223.70
2225.96
2226.40
2227.24
2227.89
2227.94
2228.13
2228.69
2228.71
2229.05
2229.80
2230.95
2231.34
2232.81
2236.46
2236.80
2238.40
2238.45
2238.98
2239.86
2239.95
2240.36
2240.61
2241.29
2241.75
2241.89
2242.74
2243.03
2244.51
2244.63
2245.12
2246.12
2246.29
2246.70
2247.06
2247.40
2247.48
2249.50
2251.35
2251.76
2251.98
2252.69
2253.83
2255.37
2256.30
2256.88
2257.27
2257.67
2260.06
2260.23
2260.23
2260.75
2260.89
2261.87
2263.29
2265.62
2266.48
2266.67
2266.89
2267.56
2268.32
2269.20
2270.87
2274.80
2275.08
2276.23
2276.36
2276.38
2276.68
2276.70
2276.75
2276.77
2277.39
2278.67
2279.98
2280.28
2280.65
2281.26
2281.36
2282.03
2282.50
2282.92
2282.94
2283.24
2285.73
2286.11
2286.30
2288.63
2288.80
2288.83
2288.98
2289.42
2289.55
2289.89
2290.07
2290.54
2291.11
2292.55
2292.87
2293.19
2294.23
2295.70
2298.38
2298.43
2298.46
2298.53
2298.66
2298.81
2299.50
2299.58
2299.95
2299.95
2301.14
2302.96
2303.26
2303.26
2304.21
2305.93
2307.18
2307.80
2307.90
2309.35
2309.98
2310.45
2311.70
2311.93
2312.08
2312.48
2312.58
2314.10
2315.51
2316.33
2316.46
2316.61
2316.78
2317.16
2318.19
2318.74
2319.52
2319.77
2319.92
2320.17
2320.70
2320.80
2321.00
2321.55
2322.30
2323.36
2326.25
2326.25
2326.98
2328.04
2329.73
2330.51
2332.05
2333.79
2333.82
2333.89
2335.18
2337.91
2338.14
2338.57
2339.50
2341.00
2341.48
2341.73
2342.06
2342.16
2342.54
2343.56
2344.19
2348.56
2348.76
2349.12
2349.14
2351.33
2351.53
2351.94
2352.40
2354.89
2355.00
2355.07
2355.33
2356.50
2358.18
2360.00
2360.40
2360.92
2361.76
2361.91
2363.11
2363.65
2363.85
2364.16
2365.85
2367.23
2367.41
2368.98
2369.39
2372.21
2372.77
2372.93
2373.44
2375.24
2376.32
2376.75
2376.88
2378.81
2378.92
2379.17
2379.38
2379.48
2379.59
2379.84
2382.03
2382.65
2382.68
2383.32
2383.94
2384.87
2384.92
2385.36
2386.37
2389.39
2390.58
2390.63
2390.81
2391.54
2391.82
2393.40
2394.59
2394.77
2395.32
2396.04
2396.15
2396.33
2397.11
2397.39
2400.14
2401.88
2403.05
2403.18
2403.62
2405.00
2406.10
2406.15
2406.20
2406.90
2407.76
2407.79
2408.15
2409.27
2410.14
2410.47
2410.84
2411.26
2411.36
2411.78
2412.01
2412.85
2412.90
2413.27
2413.32
2414.44
2414.78
2414.96
2414.99
2415.20
2415.41
2415.57
2416.01
2416.19
2417.32
2418.26
2418.36
2418.78
2420.33
2420.96
2421.79
2423.58
2423.92
2424.68
2425.23
2425.65
2426.04
2426.09
2426.99
2427.14
2431.90
2432.30
2433.80
2434.25
2435.59
2435.59
2436.41
2437.25
2437.38
2439.20
2439.26
2439.36
2439.81
2440.92
2440.94
2441.24
2441.31
2441.84
2443.22
2443.43
2445.41
2445.44
2445.54
2445.70
2445.78
2446.44
2447.19
2447.27
2448.96
2449.54
2450.39
2450.63
2452.62
2452.89
2453.60
2456.31
2456.95
2457.35
2457.37
2457.59
2457.67
2457.88
2458.62
2460.01
2460.06
2460.78
2461.66
2461.77
2461.90
2462.01
2462.06
2462.70
2462.91
2463.18
2464.24
2464.40
2464.88
2465.02
2468.30
2469.72
2471.51
2472.34
2473.38
2473.78
2475.95
2476.11
2476.57
2477.58
2477.58
2477.58
2477.69
2478.58
2479.22
2479.22
2479.27
2482.58
2483.03
2483.95
2484.13
2485.05
2485.16
2485.94
2486.50
2487.17
2488.30
2488.33
2488.90
2490.19
2490.24
2490.78
2490.97
2491.29
2493.05
2493.61
2493.69
2493.88
2494.10
2494.99
2495.07
2495.21
2496.91
2497.83
2498.18
2498.42
2498.74
2498.91
2499.23
2500.72
2501.58
2502.07
2502.26
2502.75
2503.05
2503.32
2504.32
2510.18
2510.75
2512.14
2512.52
2513.36
2514.91
2515.48
2515.56
2515.97
2517.66
2518.07
2518.26
2518.45
2519.16
2520.30
2521.78
2523.30
2523.82
2524.21
2525.46
2525.98
2526.39
2526.58
2529.54
2529.56
2530.25
2530.44
2531.37
2533.18
2533.34
2533.51
2533.76
2534.00
2534.58
2535.04
2535.37
2535.62
2537.54
2538.06
2538.23
2538.83
2539.27
2539.33
2539.74
2540.40
2540.81
2541.22
2541.33
2541.77
2541.97
2542.93
2543.42
2544.30
2544.94
2546.40
2546.70
2547.44
2548.55
2550.64
2550.92
2551.31
2552.38
2554.32
2555.17
2556.72
2557.44
2558.08
2558.36
2562.37
2563.12
2563.65
2564.51
2565.62
2567.28
2568.84
2569.20
2571.12
2571.37
2571.84
2573.12
2573.51
2573.74
2574.21
2575.52
2575.83
2576.33
2576.69
2577.02
2578.42
2578.45
2578.64
2578.87
2580.21
2580.99
2581.38
2581.77
2581.88
2581.91
2582.89
2583.64
2584.14
2585.18
2585.57
2585.85
2586.44
2587.53
2587.81
2588.82
2589.99
2590.58
2590.58
2591.28
2592.71
2592.80
2593.08
2593.84
2594.62
2594.82
2595.80
2595.91
2597.88
2597.99
2598.72
2598.78
2599.09
2601.31
2601.71
2603.20
2606.19
2608.27
2609.83
2610.82
2612.57
2615.20
2615.31
2616.90
2618.62
2619.53
2620.81
2621.60
2622.31
2622.88
2622.88
2625.72
2625.80
2626.60
2627.85
2628.93
2629.47
2630.01
2630.07
2630.24
2630.92
2631.18
2631.26
2633.08
2633.40
2634.03
2635.11
2635.22
2635.25
2635.74
2636.02
2636.19
2637.68
2637.93
2639.53
2642.39
2644.53
2644.82
2645.28
2645.28
2647.00
2648.00
2649.60
2649.98
2650.23
2651.15
2652.62
2654.54
2654.80
2654.97
2655.00
2656.69
2656.72
2657.87
2657.99
2658.10
2658.59
2659.51
2659.74
2661.21
2662.07
2669.69
2670.85
2671.13
2671.63
2672.15
2672.78
2674.95
2676.20
2676.46
2677.38
2677.47
2678.86
2679.35
2679.41
2679.50
2682.60
2682.63
2683.04
2683.82
2684.26
2685.77
2686.00
2686.67
2687.92
2688.30
2689.46
2689.93
2689.96
2690.34
2692.69
2694.18
2694.79
2695.75
2695.87
2697.68
2698.06
2698.73
2699.52
2700.34
2700.63
2701.01
2701.68
2702.03
2705.37
2705.46
2705.49
2706.57
2707.97
2708.85
2709.91
2710.50
2711.32
2712.31
2712.55
2712.81
2714.43
2716.01
2716.04
2716.31
2717.75
2718.40
2719.25
2720.31
2721.40
2721.75
2722.16
2722.34
2722.58
2722.84
2723.40
2725.49
2727.00
2727.79
2728.00
2730.39
2731.49
2732.02
2732.11
2732.52
2732.58
2735.12
2735.42
2736.13
2736.99
2737.73
2738.29
2739.00
2739.21
2739.63
2740.55
2741.49
2741.82
2743.04
2743.07
2743.16
2743.27
2743.90
2744.73
2745.80
2746.30
2747.37
2747.37
2749.96
2751.21
2751.42
2753.68
2753.86
2754.34
2754.40
2754.67
2755.05
2755.14
2756.22
2756.60
2758.13
2760.01
2760.07
2760.63
2761.32
2761.35
2761.65
2761.86
2762.99
2763.41
2763.47
2764.34
2764.43
2765.45
2766.19
2767.03
2767.21
2768.80
2770.87
2772.40
2773.42
2773.42
2773.45
2774.59
2774.83
2776.09
2777.83
2777.86
2778.19
2779.61
2780.27
2780.78
2781.14
2782.01
2783.85
2784.96
2787.07
2787.71
2788.28
2788.34
2788.37
2790.91
2791.36
2791.51
2792.27
2793.17
2793.41
2794.26
2795.50
2796.14
2797.53
2799.68
2800.53
2800.59
2801.77
2801.95
2802.37
2802.53
2802.74
2802.95
2803.31
2803.41
2803.95
2804.13
2804.16
2804.80
2807.59
2807.66
2808.35
2808.63
2810.12
2810.66
2810.85
2811.94
2812.31
2812.76
2813.68
2814.10
2814.13
2815.96
2816.05
2818.31
2819.22
2820.35
2820.38
2820.72
2820.90
2822.70
2823.44
2823.47
2824.60
2825.94
2827.35
2828.63
2830.04
2830.29
2830.32
2830.44
2832.22
2833.26
2833.29
2833.57
2834.30
2835.34
2837.09
2838.94
2841.39
2841.46
2842.41
2843.12
2843.58
2843.85
2846.72
2846.90
2847.36
2849.65
2849.92
2850.14
2851.03
2851.84
2852.08
2853.26
2853.75
2853.81
2853.90
2854.24
2855.54
2855.88
2856.50
2857.43
2859.16
2860.67
2862.19
2862.38
2862.44
2862.50
2862.69
2862.78
2864.51
2864.55
2865.32
2866.34
2866.81
2867.15
2867.55
2869.66
2870.56
2871.87
2874.42
2874.42
2874.98
2875.23
2875.48
2876.69
2876.78
2876.85
2876.91
2877.59
2878.40
2879.09
2879.93
2880.99
2882.95
2883.33
2885.29
2887.57
2888.51
2888.92
2888.95
2889.51
2889.92
2892.67
2893.01
2893.20
2895.08
2895.30
2895.74
2898.43
2902.11
2903.55
2904.62
2905.25
2905.44
2906.32
2906.88
2906.98
2907.95
2909.71
2911.89
2912.27
2913.72
2914.88
2916.37
2919.74
2920.57
2921.10
2921.32
2921.70
2922.43
2922.87
2922.94
2923.41
2924.61
2924.71
2924.99
2927.02
2927.49
2927.91
2928.25
2928.25
2929.84
2930.31
2931.61
2931.96
2932.63
2933.11
2933.87
2935.71
2936.44
2939.14
2939.52
2939.97
2940.10
2940.19
2941.05
2942.42
2943.15
2943.37
2944.74
2945.13
2945.16
2945.48
2946.11
2947.39
2947.45
2950.45
2950.45
2952.34
2953.23
2953.39
2958.41
2961.42
2962.29
2966.75
2967.23
2970.05
2970.79
2970.89
2971.08
2971.37
2974.46
2974.52
2974.72
2975.78
2976.65
2977.26
2978.23
2980.74
2980.90
2981.32
2982.29
2984.42
2985.07
2985.13
2986.17
2986.39
2986.52
2986.55
2986.94
2989.17
2990.27
2991.05
2991.73
2992.80
2993.02
2995.36
2995.49
2997.01
2997.40
2997.56
2999.08
2999.44
3000.29
3001.55
3003.27
3003.40
3004.09
3004.12
3006.13
3006.59
3008.05
3008.84
3008.84
3009.06
3009.84
3012.22
3013.69
3013.85
3014.34
3014.83
3015.45
3016.27
3017.57
3018.85
3019.17
3020.51
3021.13
3023.19
3026.30
3027.42
3030.92
3031.15
3031.38
3032.66
3033.12
3033.29
3034.86
3035.26
3035.85
3035.94
3036.70
3037.03
3037.98
3038.28
3040.25
3040.28
3041.44
3041.83
3042.16
3043.74
3044.27
3044.63
3045.75
3046.15
3048.02
3050.76
3051.65
3054.03
3057.31
3057.67
3057.90
3058.66
3059.95
3060.02
3060.85
3062.77
3063.63
3064.46
3065.89
3068.17
3068.54
3068.71
3069.20
3069.44
3071.43
3074.42
3075.55
3075.72
3077.62
3078.45
3078.85
3080.72
3080.82
3081.05
3081.92
3083.38
3083.98
3084.15
3085.45
3086.05
3087.82
3090.60
3091.10
3091.94
3094.08
3095.62
3097.23
3097.39
3098.97
3099.94
3100.44
3100.88
3101.72
3101.85
3102.56
3102.93
3103.36
3105.51
3106.02
3106.86
3107.46
3107.50
3108.74
3109.72
3110.59
3110.66
3110.86
3111.03
3111.53
3113.35
3116.02
3116.89
3117.74
3117.90
3117.97
3119.19
3119.22
3119.69
3121.68
3123.07
3123.91
3125.10
3126.08
3127.23
3128.75
3130.61
3130.61
3132.00
3132.44
3134.61
3135.80
3136.85
3137.09
3137.09
3137.26
3137.67
3137.80
3138.89
3138.92
3139.30
3139.37
3141.30
3141.61
3143.17
3144.57
3145.62
3145.76
3148.28
3148.31
3149.10
3149.16
3149.54
3149.71
3150.32
3150.59
3151.28
3151.45
3152.64
3154.76
3154.93
3156.81
3157.22
3157.63
3158.07
3159.09
3159.23
3159.61
3161.73
3162.51
3166.42
3166.69
3167.14
3168.65
3172.59
3173.86
3174.07
3174.65
3177.40
3177.64
3183.32
3183.97
3184.80
3186.63
3189.49
3189.70
3192.36
3192.49
3192.74
3192.84
3193.43
3193.50
3193.63
3194.43
3195.40
3195.50
3195.67
3197.40
3198.27
3200.17
3200.31
3200.83
3200.90
3205.13
3205.20
3207.14
3207.66
3209.60
3211.10
3211.79
3213.11
3213.95
3214.12
3216.49
3217.04
3218.78
3219.90
3221.22
3221.71
3224.08
3225.02
3227.05
3228.03
3228.97
3229.11
3230.12
3230.61
3230.72
3230.86
3231.07
3231.98
3233.16
3233.79
3234.07
3234.21
3237.58
3239.26
3239.33
3240.17
3240.97
3241.47
3242.62
3242.83
3243.26
3243.71
3244.10
3245.12
3245.15
3245.43
3245.47
3246.34
3249.05
3249.33
3249.54
3251.76
3252.50
3252.78
3254.54
3254.64
3255.35
3257.78
3258.38
3259.51
3259.93
3260.00
3260.18
3260.35
3263.95
3265.33
3266.22
3266.36
3269.57
3270.25
3272.02
3272.02
3272.12
3273.72
3274.64
3276.48
3278.04
3278.04
3278.11
3279.46
3279.85
3280.42
3280.77
3280.81
3281.06
3281.09
3282.09
3283.12
3285.39
3285.60
3286.10
3286.95
3287.31
3287.45
3287.52
3287.84
3287.88
3292.12
3292.40
3292.72
3293.15
3293.18
3293.83
3294.22
3295.86
3296.64
3297.07
3299.32
3299.96
3300.07
3300.82
3301.53
3303.28
3304.28
3305.36
3305.36
3306.39
3307.61
3307.61
3307.65
3309.79
3310.44
3312.05
3313.13
3313.92
3314.27
3314.60
3315.35
3315.74
3316.00
3316.25
3316.79
3317.29
3318.29
3318.36
3318.54
3320.16
3321.56
3321.60
3321.85
3324.69
3324.98
3325.52
3325.66
3326.35
3327.53
3328.00
3329.80
3330.05
3330.92
3331.24
3331.64
3334.45
3338.35
3338.39
3338.53
3338.53
3339.25
3339.44
3340.52
3341.03
3341.13
3342.29
3343.12
3343.34
3345.37
3345.76
3345.87
3346.60
3349.35
3349.50
3349.71
3349.97
3350.44
3350.51
3352.43
3352.43
3354.17
3357.11
3360.49
3360.57
3361.58
3361.62
3362.75
3364.82
3367.74
3368.50
3371.05
3371.09
3371.31
3371.38
3371.49
3371.71
3371.78
3374.27
3374.92
3378.14
3380.44
3380.92
3381.06
3381.32
3383.85
3384.76
3384.87
3386.41
3388.97
3389.27
3390.07
3391.40
3391.73
3391.87
3392.94
3393.89
3394.59
3394.85
3396.10
3398.37
3399.29
3399.99
3402.35
3402.79
3403.42
3405.48
3409.42
3411.53
3413.04
3414.19
3414.48
3414.55
3414.78
3416.33
3416.40
3416.62
3419.03
3419.58
3420.69
3421.95
3423.47
3423.69
3424.43
3427.18
3428.14
3429.85
3431.29
3433.97
3435.23
3438.39
3441.22
3441.26
3441.74
3445.13
3445.84
3445.99
3446.44
3446.51
3447.04
3449.87
3451.40
3453.42
3453.75
3455.89
3456.26
3457.46
3460.97
3462.25
3463.22
3463.86
3465.96
3466.56
3467.57
3467.65
3468.25
3469.04
3469.75
3472.00
3472.19
3473.99
3474.14
3475.12
3475.20
3476.32
3476.55
3477.04
3477.83
3479.45
3481.82
3483.70
3484.31
3485.17
3486.49
3486.53
3486.68
3489.17
3489.33
3489.40
3490.23
3492.04
3492.31
3493.22
3494.09
3496.17
3496.43
3499.34
3499.99
3501.77
3502.07
3503.28
3504.91
3507.49
3508.44
3509.09
3509.47
3510.49
3511.56
3512.05
3512.43
3514.10
3517.30
3517.53
3519.39
3520.88
3523.01
3524.04
3524.38
3524.54
3525.68
3525.80
3525.91
3526.29
3526.37
3528.31
3529.12
3529.35
3530.57
3532.44
3532.75
3533.17
3534.54
3534.85
3535.19
3535.35
3536.99
3538.41
3539.90
3543.08
3543.20
3543.77
3543.85
3545.31
3550.06
3550.91
3551.10
3551.26
3552.99
3553.22
3557.60
3561.18
3561.41
3561.45
3562.07
3563.30
3564.50
3564.92
3566.43
3567.70
3573.23
3574.27
3575.24
3576.40
3576.71
3577.64
3577.64
3577.87
3578.18
3579.49
3581.43
3581.78
3581.86
3582.59
3582.75
3583.60
3584.07
3584.73
3594.28
3594.90
3598.87
3599.26
3601.99
3601.99
3602.26
3608.15
3609.44
3612.84
3617.30
3617.49
3619.22
3620.59
3620.98
3622.51
3623.88
3627.72
3628.82
3628.90
3631.45
3633.26
3633.30
3633.34
3633.46
3638.02
3640.11
3640.15
3640.94
3641.05
3641.88
3642.71
3642.95
3646.81
3648.39
3649.89
3650.21
3650.56
3651.07
3651.71
3652.42
3653.25
3654.75
3654.99
3656.57
3656.65
3658.35
3659.18
3659.30
3659.58
3661.12
3661.48
3661.52
3662.67
3663.74
3665.64
3667.39
3668.02
3668.26
3668.42
3670.09
3671.91
3673.14
3673.82
3674.02
3674.73
3675.65
3676.13
3678.59
3679.63
3680.19
3680.35
3680.35
3681.50
3685.57
3685.76
3686.92
3687.36
3689.40
3690.27
3690.39
3690.59
3691.83
3693.99
3694.35
3695.39
3697.99
3698.19
3701.95
3701.99
3702.95
3704.07
3709.41
3709.89
3709.97
3710.61
3712.50
3713.02
3713.51
3713.71
3715.55
3716.56
3717.04
3718.29
3719.98
3720.87
3722.80
3724.29
3724.81
3725.42
3725.58
3727.35
3728.97
3729.29
3729.65
3734.05
3736.88
3737.37
3739.75
3744.61
3752.36
3754.15
3755.12
3755.24
3757.44
3759.27
3759.43
3761.79
3762.69
3765.54
3769.90
3771.08
3772.71
3773.57
3774.22
3774.31
3776.80
3776.88
3777.45
3777.49
3778.35
3779.82
3780.72
3781.09
3782.20
3783.22
3783.96
3784.00
3784.69
3784.90
3785.80
3786.41
3786.45
3788.05
3791.09
3792.85
3795.52
3797.33
3797.41
3797.66
3797.70
3800.45
3803.17
3804.73
3809.43
3811.32
3811.49
3811.78
3812.56
3813.22
3814.13
3815.86
3818.05
3818.71
3819.17
3819.21
3819.87
3820.65
3820.78
3820.78
3822.39
3823.63
3824.04
3824.38
3824.79
3824.83
3825.24
3828.06
3829.34
3830.34
3830.71
3830.79
3832.33
3833.66
3834.03
3836.44
3837.10
3838.43
3839.30
3839.34
3840.84
3841.50
3842.54
3842.71
3843.46
3843.46
3845.50
3847.66
3849.74
3852.41
3852.99
3857.12
3857.79
3858.46
3860.38
3860.46
3863.60
3864.72
3867.11
3869.33
3869.54
3872.89
3873.05
3873.14
3874.65
3874.98
3877.71
3879.30
3881.53
3883.25
3883.50
3883.55
3883.88
3883.92
3884.30
3885.98
3889.73
3891.33
3891.41
3893.14
3893.43
3895.37
3896.00
3900.68
3903.09
3903.64
3903.72
3904.15
3906.09
3906.18
3907.44
3910.57
3911.76
3911.76
3913.07
3913.79
3915.19
3917.35
3917.48
3918.41
3922.14
3924.86
3925.96
3926.17
3926.73
3928.38
3929.02
3930.47
3930.64
3930.89
3931.70
3932.13
3934.00
3936.68
3939.49
3940.56
3941.03
3949.01
3949.10
3950.38
3951.15
3953.29
3953.84
3954.35
3956.07
3956.49
3957.27
3957.52
3962.19
3963.09
3964.51
3966.18
3966.31
3967.68
3968.20
3969.23
3970.90
3971.29
3972.84
3972.88
3973.66
3973.87
3974.69
3975.55
3976.02
3976.19
3976.19
3976.45
3976.58
3976.84
3979.98
3981.14
3986.01
3986.96
3989.29
3990.29
3994.00
3995.21
3997.59
3997.68
3997.72
3999.45
3999.80
4000.14
4000.31
4000.70
4000.83
4006.34
4006.68
4007.81
4009.89
4009.93
4010.20
4011.28
4011.97
4012.19
4013.32
4016.14
4016.32
4017.80
4018.32
4019.49
4020.32
4022.41
4022.41
4022.97
4023.41
4026.89
4027.28
4027.46
4028.55
4029.46
4030.29
4030.95
4031.03
4031.90
4032.65
4033.26
4034.39
4039.02
4039.59
4041.69
4042.26
4044.05
4044.44
4044.49
4045.98
4046.28
4047.47
4047.86
4049.17
4052.50
4056.15
4057.42
4058.21
4058.56
4059.53
4060.45
4061.33
4063.35
4065.28
4066.16
4067.62
4068.36
4073.47
4073.91
4075.94
4076.30
4076.65
4077.40
4077.62
4080.09
4081.37
4082.74
4085.83
4086.72
4088.00
4091.10
4092.12
4092.38
4092.65
4092.69
4093.84
4093.84
4094.33
4099.07
4099.60
4099.74
4100.00
4100.71
4101.96
4102.18
4105.15
4105.42
4105.73
4107.51
4109.73
4110.18
4112.98
4113.47
4116.54
4118.19
4119.52
4124.48
4132.38
4132.87
4133.63
4133.90
4134.93
4137.44
4138.11
4138.47
4139.00
4141.33
4142.01
4146.31
4150.66
4151.65
4152.78
4153.58
4156.33
4157.05
4158.08
4159.43
4159.88
4160.65
4162.58
4163.30
4164.29
4164.38
4165.29
4166.86
4173.86
4174.22
4174.44
4174.85
4176.43
4177.88
4178.96
4179.64
4180.00
4180.09
4180.41
4181.68
4181.72
4181.86
4183.31
4188.74
4189.60
4190.24
4191.05
4191.69
4192.28
4193.73
4194.73
4195.36
4196.86
4198.32
4199.77
4199.91
4202.00
4202.91
4206.77
4206.82
4207.23
4208.50
4208.82
4209.09
4209.55
4211.10
4212.37
4212.79
4213.56
4215.29
4217.16
4218.90
4220.22
4220.40
4221.77
4223.05
4228.68
4229.36
4229.36
4231.24
4233.39
4235.64
4236.42
4237.29
4237.29
4238.25
4239.03
4239.35
4239.58
4239.99
4247.85
4248.81
4250.74
4251.02
4251.89
4252.40
4253.04
4253.92
4256.40
4256.54
4258.20
4258.84
4259.26
4259.31
4260.18
4263.73
4265.21
4265.72
4266.18
4266.36
4268.30
4271.35
4274.82
4275.97
4276.02
4277.22
4278.57
4284.03
4284.31
4284.54
4286.72
4289.83
4291.83
4294.47
4296.24
4296.52
4296.70
4298.47
4300.66
4300.94
4301.73
4301.91
4302.33
4303.17
4304.43
4305.83
4306.94
4307.08
4309.70
4311.70
4312.54
4314.55
4315.48
4315.71
4316.37
4316.56
4319.55
4320.76
4322.40
4325.58
4327.83
4328.20
4328.43
4328.72
4330.40
4331.15
4332.51
4332.70
4333.54
4336.07
4337.06
4337.72
4338.09
4339.17
4339.64
4341.05
4341.29
4343.40
4344.76
4345.56
4345.99
4346.74
4348.71
4348.81
4348.81
4349.61
4349.84
4350.50
4352.34
4352.67
4354.98
4355.35
4355.82
4356.86
4358.65
4359.50
4362.43
4362.76
4362.99
4363.56
4366.06
4366.68
4366.96
4367.15
4367.15
4367.34
4367.43
4367.48
4368.71
4369.32
4369.80
4369.84
4370.79
4371.40
4372.40
4373.30
4374.24
4375.00
4376.47
4380.07
4380.21
4381.63
4382.72
4386.90
4387.71
4388.89
4394.83
4397.12
4397.16
4397.45
4398.59
4401.26
4403.30
4403.64
4406.69
4407.36
4407.45
4408.45
4410.22
4411.32
4412.32
4413.13
4415.57
4417.19
4420.20
4420.68
4421.88
4422.16
4422.31
4423.69
4425.23
4428.44
4429.06
4431.31
4435.77
4436.06
4436.49
4438.27
4438.41
4438.85
4439.66
4440.05
4441.10
4441.92
4442.50
4443.36
4445.38
4446.06
4446.49
4446.83
4450.44
4452.89
4453.42
4454.58
4456.80
4458.29
4458.29
4459.69
4461.28
4461.81
4462.49
4462.59
4463.50
4465.34
4469.83
4471.62
4472.21
4472.74
4474.19
4474.19
4475.01
4475.25
4475.59
4475.93
4476.56
4477.63
4477.72
4478.35
4479.86
4480.15
4483.15
4484.51
4487.09
4487.13
4487.38
4487.91
4488.78
4489.08
4489.42
4489.61
4489.71
4489.90
4490.92
4490.97
4491.94
4492.48
4496.51
4498.27
4499.58
4500.89
4502.99
4508.69
4509.42
4510.16
4512.40
4516.60
4521.93
4522.57
4523.25
4524.04
4525.80
4526.48
4527.61
4530.75
4532.41
4537.32
4538.84
4540.61
4546.17
4548.77
4549.07
4554.34
4556.02
4556.56
4558.92
4560.50
4562.33
4562.38
4563.46
4564.16
4566.48
4567.42
4568.01
4569.39
4570.68
4572.16
4572.26
4574.44
4577.01
4577.61
4578.30
4578.90
4581.18
4582.12
4582.27
4583.21
4585.84
4590.30
4591.60
4594.63
4600.20
4600.75
4603.24
4603.68
4604.73
4605.13
4607.27
4609.37
4613.36
4618.55
4618.65
4619.45
4619.70
4619.90
4620.50
4622.85
4624.85
4627.86
4627.96
4630.31
4632.11
4632.82
4633.62
4637.03
4637.23
4638.48
4638.84
4639.34
4643.66
4648.33
4648.63
4652.51
4652.81
4654.57
4656.49
4656.54
4659.66
4659.86
4659.86
4660.17
4661.02
4661.32
4662.79
4665.77
4666.83
4672.64
4673.34
4675.16
4676.88
4677.85
4679.36
4682.86
4683.32
4686.41
4687.52
4690.57
4692.09
4693.11
4694.83
4699.10
4700.73
4701.14
4703.42
4704.09
4708.41
4710.76
4713.77
4713.87
4715.76
4723.77
4723.93
4724.03
4725.05
4725.41
4726.64
4730.78
4731.09
4731.60
4733.65
4733.90
4733.96
4738.82
4742.21
4742.41
4742.62
4742.98
4744.83
4746.68
4747.09
4748.83
4750.27
4752.17
4752.48
4753.77
4755.31
4757.42
4758.97
4759.22
4759.33
4759.84
4760.15
4761.03
4762.16
4763.55
4765.15
4766.85
4769.43
4775.11
4778.00
4779.50
4780.74
4784.83
4785.09
4785.09
4789.13
4789.24
4792.35
4792.86
4796.76
4800.65
4802.99
4803.14
4812.71
4812.98
4815.11
4817.61
4818.86
4821.21
4824.34
4826.27
4826.95
4827.16
4832.28
4835.42
4839.03
4840.24
4842.38
4845.95
4846.10
4846.47
4851.25
4852.72
4855.76
4856.08
4859.81
4860.44
4863.60
4863.96
4866.75
4868.18
4868.70
4869.92
4872.34
4873.61
4882.89
4883.05
4886.17
4886.86
4891.73
4893.31
4894.48
4894.80
4895.01
4895.48
4896.28
4898.03
4901.85
4903.54
4903.54
4904.39
4904.92
4906.30
4908.00
4908.32
4908.64
4912.15
4912.15
4914.96
4915.12
4915.44
4916.66
4920.02
4923.05
4923.75
4924.60
4929.08
4929.45
4930.78
4931.48
4934.36
4935.80
4935.85
4938.52
4947.56
4947.99
4948.10
4948.15
4948.26
4951.20
4952.65
4953.13
4953.83
4954.96
4956.62
4957.53
4958.76
4963.65
4964.35
4966.07
4966.87
4969.08
4970.31
4970.47
4970.85
4971.55
4973.54
4973.76
4977.85
4983.51
4987.44
4990.68
4990.90
4991.55
4994.52
5010.38
5010.76
5011.24
5011.79
5012.76
5013.68
5014.33
5016.18
5016.61
5017.16
5018.79
5019.98
5022.21
5022.70
5023.95
5024.38
5024.76
5025.41
5025.41
5025.80
5026.50
5026.99
5029.17
5029.71
5034.78
5036.57
5036.96
5038.75
5040.12
5044.37
5046.88
5048.58
5048.85
5051.75
5052.68
5054.86
5055.57
5056.56
5057.76
5058.31
5058.47
5059.29
5059.62
5060.77
5064.99
5068.83
5069.32
5069.98
5070.42
5072.94
5073.44
5073.66
5075.58
5080.08
5080.69
5083.27
5086.74
5090.10
5090.32
5093.79
5093.84
5095.11
5098.25
5098.42
5098.92
5098.97
5099.74
5111.18
5111.35
5116.32
5117.60
5124.91
5125.91
5128.02
5130.63
5130.79
5132.13
5132.29
5133.51
5139.41
5141.35
5143.30
5143.47
5146.03
5148.87
5154.00
5154.61
5157.57
5163.20
5164.99
5164.99
5171.42
5172.09
5172.09
5173.55
5177.19
5178.53
5182.79
5185.77
5189.25
5191.83
5192.11
5194.08
5196.95
5198.01
5198.07
5202.63
5204.88
5205.50
5207.53
5210.46
5212.77
5215.48
5217.40
5218.47
5219.15
5220.50
5223.95
5224.74
5226.10
5230.96
5232.60
5232.89
5234.13
5234.25
5237.87
5238.27
5239.18
5239.97
5242.46
5246.38
5248.37
5249.16
5252.12
5252.91
5255.64
5255.92
5258.14
5263.04
5266.74
5272.44
5273.36
5275.75
5276.09
5278.38
5283.92
5287.52
5297.60
5298.18
5299.61
5300.01
5301.16
5304.94
5305.58
5305.63
5306.15
5309.25
5313.91
5314.42
5315.40
5316.09
5318.74
5319.26
5320.46
5330.32
5336.15
5339.67
5341.92
5344.52
5345.51
5346.38
5352.68
5355.64
5356.91
5358.36
5361.44
5363.53
5366.20
5366.31
5369.62
5373.46
5375.55
5376.13
5376.89
5377.82
5380.73
5381.78
5382.48
5384.69
5384.98
5385.97
5386.21
5387.08
5388.89
5390.40
5391.22
5393.55
5397.23
5403.25
5403.66
5406.41
5408.57
5409.27
5411.38
5413.72
5417.01
5417.42
5417.53
5419.12
5419.94
5420.41
5420.99
5424.51
5425.69
5427.45
5428.39
5431.21
5432.91
5433.50
5435.26
5437.21
5440.56
5440.62
5443.09
5444.74
5445.04
5445.39
5446.39
5447.92
5448.75
5449.22
5450.16
5450.93
5451.70
5452.82
5455.77
5455.89
5457.60
5458.31
5458.60
5462.97
5464.04
5464.10
5464.69
5466.46
5467.23
5467.53
5468.77
5468.89
5472.03
5473.86
5476.29
5477.42
5478.48
5481.03
5484.89
5486.19
5488.39
5490.47
5491.24
5491.48
5492.31
5494.04
5495.52
5497.19
5500.40
5500.76
5502.30
5503.38
5506.06
5506.12
5507.01
5507.96
5511.00
5514.76
5516.19
5517.74
5518.28
5518.64
5519.89
5520.19
5525.69
5527.31
5529.40
5531.49
5536.04
5539.10
5542.22
5545.64
5550.14
5550.56
5551.64
5551.70
5557.41
5558.61
5560.78
5561.50
5564.33
5565.17
5565.59
5566.68
5568.00
5568.00
5569.39
5569.57
5577.89
5581.33
5584.47
5585.32
5585.98
5586.10
5588.70
5589.49
5590.22
5590.94
5592.09
5594.57
5595.18
5596.21
5597.96
5598.33
5600.39
5601.11
5601.78
5604.08
5606.69
5608.03
5608.69
5612.28
5612.76
5614.22
5615.74
5616.65
5619.08
5619.14
5622.97
5623.46
5624.19
5626.02
5626.81
5627.42
5627.90
5628.15
5639.91
5640.64
5640.89
5643.45
5650.30
5652.68
5654.03
5656.23
5660.51
5662.17
5662.47
5664.07
5667.68
5668.54
5672.35
5672.47
5676.83
5677.38
5680.21
5681.44
5686.97
5689.31
5689.99
5692.33
5693.31
5695.66
5697.69
5702.93
5703.92
5705.09
5707.87
5711.58
5712.32
5713.00
5713.43
5716.21
5724.32
5724.82
5725.50
5731.51
5732.07
5732.38
5737.03
5737.03
5737.84
5739.89
5740.32
5741.19
5741.32
5741.44
5742.93
5743.37
5746.97
5749.21
5753.57
5753.69
5754.63
5754.69
5754.94
5757.12
5758.55
5762.35
5762.54
5763.35
5766.28
5766.91
5768.28
5769.46
5770.09
5771.34
5775.83
5778.27
5779.40
5780.96
5781.46
5785.34
5787.22
5788.66
5790.73
5797.06
5797.12
5800.26
5801.58
5803.27
5805.22
5808.30
5809.87
5814.14
5820.44
5823.71
5827.06
5832.80
5833.74
5839.24
5848.15
5851.32
5852.20
5854.86
5859.04
5859.68
5864.25
5866.47
5866.47
5868.24
5871.61
5874.91
5875.36
5877.46
5877.52
5878.09
5881.08
5881.15
5881.27
5882.17
5886.56
5889.49
5890.38
5891.27
5891.27
5894.91
5895.93
5896.12
5903.78
5913.50
5914.20
5915.10
5915.35
5916.76
5920.92
5921.63
5923.49
5924.19
5924.51
5929.71
5930.35
5932.66
5933.24
5934.07
5940.62
5942.94
5943.39
5944.68
5946.03
5946.73
5948.21
5951.69
5958.13
5959.68
5966.13
5966.52
5967.88
5969.17
5970.07
5971.23
5971.36
5975.05
5977.70
5978.09
5979.83
5981.13
5985.59
5990.97
5994.02
5996.87
6000.05
6004.66
6006.55
6009.02
6009.93
6011.75
6012.08
6012.40
6016.11
6016.18
6016.24
6017.80
6020.21
6022.04
6026.73
6031.56
6032.47
6032.47
6032.47
6032.86
6034.36
6036.98
6037.11
6039.85
6040.64
6045.87
6049.33
6056.93
6057.46
6060.34
6061.32
6062.37
6070.25
6070.77
6071.69
6072.09
6072.55
6073.14
6073.40
6076.62
6076.76
6076.95
6077.28
6078.46
6080.64
6084.65
6084.91
6085.37
6088.93
6089.39
6089.92
6092.23
6093.61
6096.97
6103.18
6109.12
6114.15
6119.51
6120.44
6121.89
6123.35
6125.07
6125.47
6126.07
6126.80
6128.79
6131.84
6132.37
6132.57
6133.83
6136.02
6139.54
6140.07
6140.93
6143.92
6143.99
6144.52
6144.79
6147.32
6147.65
6153.77
6158.57
6162.57
6164.83
6165.90
6166.70
6168.84
6169.50
6169.97
6175.78
6178.52
6180.19
6185.14
6187.49
6189.36
6190.17
6193.52
6194.92
6200.29
6202.23
6202.90
6203.11
6204.72
6209.01
6212.37
6216.95
6217.22
6222.53
6224.62
6226.78
6227.25
6232.98
6235.00
6237.02
6246.21
6246.21
6246.34
6246.34
6248.44
6251.28
6251.35
6252.36
6254.53
6258.45
6264.28
6264.89
6269.30
6269.37
6271.47
6271.67
6279.96
6280.50
6286.28
6289.20
6290.84
6293.42
6294.31
6297.72
6308.49
6315.87
6317.23
6321.06
6323.25
6324.07
6324.21
6327.22
6329.07
6332.22
6337.29
6337.64
6339.28
6340.31
6340.72
6341.82
6342.78
6353.36
6358.45
6361.54
6369.95
6376.43
6380.50
6383.12
6385.26
6386.30
6387.96
6392.11
6392.45
6396.05
6398.27
6398.68
6398.96
6401.73
6407.62
6408.94
6410.53
6412.82
6414.63
6415.60
6419.00
6432.49
6432.70
6433.32
6434.51
6438.20
6441.61
6443.21
6446.14
6447.47
6449.84
6450.19
6454.03
6455.84
6457.10
6461.09
6463.04
6463.18
6464.51
6464.93
6465.84
6476.83
6488.76
6489.46
6491.29
6492.90
6493.60
6495.78
6495.92
6496.77
6499.09
6502.18
6508.23
6509.57
6515.49
6521.77
6523.96
6526.22
6528.55
6532.72
6532.93
6533.35
6535.76
6537.67
6538.80
6543.33
6545.24
6547.15
6547.36
6551.40
6552.39
6552.39
6552.82
6556.58
6557.08
6560.84
6561.69
6562.26
6563.46
6567.58
6569.50
6578.18
6579.89
6586.94
6592.72
6593.93
6594.36
6603.28
6603.64
6610.14
6612.58
6616.30
6619.73
6622.89
6625.11
6626.40
6627.04
6627.62
6637.52
6638.10
6641.54
6644.49
6647.44
6648.09
6652.55
6656.72
6659.03
6664.22
6664.87
6668.04
6669.41
6670.57
6670.71
6671.94
6673.38
6673.96
6679.45
6683.72
6686.17
6686.83
6687.33
6689.14
6689.72
6690.95
6691.39
6692.54
6693.85
6694.35
6698.77
6699.14
6699.64
6700.01
6700.88
6702.04
6707.26
6708.20
6711.98
6714.16
6714.59
6716.70
6717.57
6717.57
6718.74
6721.21
6723.03
6727.39
6728.70
6730.16
6734.97
6742.55
6743.94
6745.25
6747.51
6748.83
6750.94
6752.77
6757.89
6762.64
6766.30
6767.77
6775.17
6776.78
6778.83
6783.09
6785.51
6785.88
6788.89
6792.41
6794.91
6796.09
6797.34
6797.85
6799.47
6799.91
6803.89
6805.07
6807.28
6810.30
6810.74
6812.58
6813.39
6813.61
6818.63
6820.10
6827.49
6827.63
6829.19
6831.62
6840.80
6840.87
6841.09
6843.24
6843.98
6845.39
6853.09
6854.65
6854.80
6855.02
6858.06
6858.51
6861.11
6862.67
6863.93
6865.49
6866.60
6867.12
6870.32
6875.15
6875.37
6875.45
6876.49
6885.95
6887.96
6889.45
6891.31
6892.95
6894.07
6895.86
6900.42
6902.73
6903.78
6912.15
6914.24
6931.92
6933.57
6935.90
6936.72
6938.22
6942.50
6942.50
6943.10
6957.69
6959.95
6968.32
6971.78
6976.54
6976.54
6976.76
6977.22
6980.46
6982.58
6988.70
6988.85
6989.91
6991.50
6995.28
6996.27
6997.25
6997.55
6997.71
6998.39
7003.08
7007.56
7008.31
7008.31
7009.83
7012.18
7021.44
7024.86
7027.52
7027.91
7028.21
7030.11
7035.44
7038.71
7041.00
7042.60
7045.80
7047.55
7050.14
7054.72
7055.33
7055.41
7060.60
7063.89
7064.35
7064.58
7065.34
7068.09
7072.99
7079.50
7082.71
7083.79
7087.01
7088.85
7092.22
7097.44
7104.67
7106.51
7117.13
7118.05
7120.60
7121.91
7125.37
7126.07
7126.92
7128.00
7128.46
7130.31
7130.31
7130.31
7134.40
7135.25
7135.87
7136.64
7141.97
7143.67
7144.06
7145.91
7148.46
7151.40
7151.48
7164.49
7168.83
7172.79
7175.04
7182.89
7183.74
7187.47
7188.87
7192.06
7192.69
7193.15
7193.62
7194.32
7195.41
7197.12
7198.14
7203.28
7207.18
7207.25
7209.52
7216.15
7216.15
7220.68
7227.24
7229.36
7229.36
7234.76
7243.45
7245.41
7245.57
7245.96
7248.62
7252.55
7254.74
7256.63
7256.94
7257.26
7259.69
7261.81
7262.36
7268.73
7271.88
7276.13
7277.15
7278.57
7278.80
7280.61
7283.53
7284.95
7294.10
7295.68
7297.49
7298.68
7300.02
7302.47
7302.47
7307.61
7309.19
7309.27
7310.93
7315.12
7316.62
7317.42
7317.57
7321.45
7321.53
7326.69
7327.32
7332.08
7333.82
7339.78
7340.09
7348.60
7352.26
7352.57
7352.97
7358.54
7364.84
7372.01
7372.81
7372.89
7376.00
7376.00
7378.07
7385.98
7387.26
7393.42
7394.94
7402.94
7403.74
7407.11
7408.31
7410.40
7413.12
7413.12
7413.28
7415.13
7416.57
7421.71
7427.74
7429.99
7437.39
7438.83
7442.30
7443.34
7444.23
7446.97
7447.13
7451.48
7451.48
7452.05
7452.93
7454.14
7456.24
7464.88
7466.17
7469.97
7471.10
7477.97
7478.38
7479.19
7481.29
7482.59
7483.31
7486.23
7488.74
7489.55
7496.28
7501.47
7501.72
7502.53
7507.64
7511.14
7511.71
7511.95
7512.52
7516.99
7519.35
7523.58
7525.21
7529.28
7531.32
7536.62
7540.53
7542.33
7556.13
7557.69
7561.94
7563.00
7563.74
7568.00
7571.27
7573.57
7574.30
7574.80
7575.12
7580.70
7583.16
7584.88
7585.62
7586.61
7595.64
7596.55
7603.54
7606.00
7606.17
7606.25
7607.81
7611.19
7612.76
7623.88
7632.05
7633.21
7634.37
7636.10
7641.80
7647.18
7647.93
7649.17
7650.33
7650.99
7666.07
7666.73
7667.56
7670.22
7671.88
7673.29
7676.61
7677.44
7684.09
7685.75
7688.41
7688.50
7689.83
7693.74
7697.15
7702.74
7709.41
7712.33
7713.83
7720.09
7721.76
7730.37
7730.87
7735.81
7737.06
7743.68
7744.44
7744.69
7745.27
7750.72
7754.92
7756.01
7758.19
7759.45
7762.22
7762.30
7764.82
7766.42
7781.39
7783.33
7783.50
7789.98
7790.83
7791.84
7797.41
7797.83
7799.43
7803.31
7803.40
7803.48
7806.44
7815.06
7823.35
7824.28
7829.11
7833.60
7834.19
7834.19
7834.61
7835.63
7846.83
7851.08
7856.26
7861.36
7866.89
7867.83
7869.02
7870.98
7873.62
7879.25
7881.55
7884.36
7891.96
7892.04
7892.47
7894.26
7895.29
7898.36
7904.09
7904.43
7910.68
7921.30
7923.10
7928.16
7931.68
7931.68
7936.66
7940.95
7941.81
7946.45
7948.95
7950.41
7953.68
7957.81
7961.51
7964.27
7970.74
7972.37
7972.37
7979.80
7980.31
7985.41
7997.86
8001.93
8010.51
8013.63
8017.27
8024.04
8025.34
8029.60
8032.20
8034.90
8035.85
8036.98
8040.38
8041.33
8043.86
8051.78
8052.39
8056.05
8062.33
8066.95
8071.76
8075.51
8080.67
8081.46
8081.54
8087.40
8090.38
8093.36
8094.41
8094.67
8095.02
8098.44
8099.14
8099.93
8100.10
8100.63
8101.94
8102.38
8105.54
8105.89
8106.68
8110.27
8115.37
8121.69
8127.58
8133.83
8133.83
8135.94
8142.28
8144.39
8144.75
8152.24
8157.98
8162.30
8167.51
8167.69
8172.73
8179.72
8180.51
8185.38
8187.95
8191.05
8192.65
8198.95
8199.48
8205.16
8207.20
8211.64
8215.28
8226.14
8226.40
8232.10
8232.99
8245.83
8250.65
8252.61
8253.15
8254.58
8257.88
8258.51
8263.07
8263.60
8277.21
8279.35
8280.61
8286.34
8288.59
8288.77
8295.41
8297.38
8300.97
8310.95
8311.04
8324.36
8326.61
8329.22
8332.02
8335.35
8340.13
8340.67
8342.84
8345.19
8351.96
8355.49
8366.34
8368.24
8372.14
8372.32
8373.41
8377.76
8378.39
8380.30
8383.56
8385.10
8386.65
8392.18
8409.09
8415.91
8422.38
8423.29
8423.38
8425.75
8432.78
8433.78
8451.78
8452.69
8453.88
8454.34
8467.43
8472.47
8472.56
8479.07
8485.59
8486.23
8491.10
8493.40
8493.95
8499.65
8500.66
8504.98
8507.47
8508.48
8514.19
8519.26
8520.00
8523.41
8525.99
8528.30
8541.32
8546.40
8549.82
8564.17
8577.06
8582.82
8597.32
8599.09
8600.30
8600.85
8604.11
8607.84
8610.16
8615.76
8632.09
8647.88
8653.50
8658.00
8665.96
8667.37
8669.06
8669.71
8673.09
8673.09
8673.84
8677.69
8680.98
8683.14
8684.83
8691.31
8702.70
8706.19
8707.22
8714.01
8716.18
8717.21
8727.97
8730.99
8732.41
8735.44
8737.23
8738.37
8746.41
8750.10
8751.04
8751.42
8751.90
8752.94
8757.11
8762.51
8764.41
8765.54
8767.54
8767.73
8771.43
8772.56
8790.62
8793.66
8816.24
8822.16
8824.92
8836.87
8842.61
8844.14
8854.19
8855.15
8856.68
8859.85
8860.71
8863.20
8867.23
8878.85
8884.04
8891.34
8895.10
8908.77
8911.76
8913.69
8919.77
8934.64
8935.90
8942.19
8943.93
8953.81
8960.30
8960.78
8963.89
8967.09
8968.93
8971.16
8977.28
8986.61
8997.60
9001.50
9001.99
9005.30
9008.12
9008.90
9009.68
9013.97
9015.34
9015.83
9021.00
9021.10
9021.68
9035.06
9035.85
9037.41
9038.10
9038.88
9039.37
9041.71
9048.76
9049.54
9050.62
9056.21
9062.28
9062.58
9063.07
9063.95
9065.71
9066.11
9077.89
9095.09
9114.40
9127.72
9130.39
9130.59
9136.22
9146.31
9149.57
9150.37
9160.87
9162.55
9165.23
9166.42
9168.90
9174.46
9178.73
9185.48
9200.20
9201.40
9210.26
9220.13
9223.03
9223.72
9227.92
9231.31
9251.61
9253.41
9267.44
9270.85
9277.77
9294.65
9295.36
9300.39
9301.49
9313.58
9316.10
9317.31
9319.02
9325.68
9328.50
9328.71
9332.44
9333.65
9336.68
9338.40
9341.13
9343.86
9344.77
9359.44
9364.61
9369.98
9371.60
9373.02
9378.30
9380.83
9389.46
9389.77
9393.02
9397.09
9404.21
9415.61
9417.04
9421.21
9422.64
9424.38
9424.99
9427.74
9434.78
9435.19
9436.52
9439.07
9447.96
9453.89
9463.10
9463.51
9465.87
9470.17
9480.11
9482.78
9492.43
9496.54
9499.00
9499.93
9504.45
9511.04
9513.10
9522.67
9525.66
9526.28
9527.52
9540.51
9546.50
9554.25
9558.80
9563.87
9570.60
9572.98
9574.54
9601.40
9602.44
9604.63
9608.58
9608.89
9609.72
9610.55
9625.54
9642.53
9645.34
9647.01
9653.80
9656.31
9667.39
9673.46
9675.24
9681.00
9682.99
9685.29
9687.49
9692.95
9700.92
9702.18
9705.85
9707.32
9707.32
9708.58
9716.68
9718.36
9722.04
9722.25
9724.35
9724.78
9735.83
9738.04
9745.95
9752.59
9756.08
9756.18
9777.63
9778.59
9783.67
9785.99
9796.38
9800.30
9806.45
9806.77
9808.57
9808.79
9809.74
9809.95
9812.08
9813.56
9821.10
9831.52
9832.37
9837.91
9840.36
9845.68
9851.12
9853.57
9853.78
9874.59
9874.70
9895.66
9898.34
9901.02
9908.09
9914.31
9931.70
9938.58
9948.27
9949.77
9964.32
9970.79
9982.45
9989.36
10022.06
10024.12
10025.42
10026.39
10031.60
10038.12
10039.31
10043.55
10056.16
10073.15
10076.42
10076.53
10095.63
10098.14
10101.64
10105.35
10107.21
10107.87
10112.57
10112.68
10120.56
10121.11
10121.33
10123.63
10128.34
10142.60
10142.93
10149.84
10152.26
10152.59
10158.41
10169.41
10170.40
10173.59
10180.86
10190.12
10195.30
10197.51
10201.81
10202.25
10220.70
10229.89
10232.32
10236.75
10246.17
10255.37
10257.37
10257.70
10260.26
10260.37
10270.81
10276.03
10285.49
10285.93
10289.72
10296.18
10296.73
10301.53
10314.46
10315.80
10315.80
10316.70
10334.12
10334.68
10335.13
10335.35
10335.58
10341.17
10341.84
10351.25
10379.96
10390.63
10390.97
10401.09
10423.40
10424.08
10431.75
10439.09
10451.86
10459.32
10466.00
10468.95
10469.85
10470.53
10473.93
10488.22
10495.37
10503.55
10513.45
10518.11
10518.68
10520.50
10524.60
10532.69
10540.78
10547.63
10557.79
10564.19
10569.33
10572.99
10574.94
10574.94
10576.42
10581.58
10586.61
10593.72
10597.16
10598.42
10599.91
10609.09
10616.90
10621.15
10623.79
10627.13
10628.74
10633.11
10634.72
10635.41
10647.73
10648.19
10648.19
10650.15
10653.49
10662.37
10667.22
10683.39
10695.99
10700.39
10702.13
10702.82
10716.84
10723.69
10727.40
10742.38
10750.52
10752.62
10753.55
10755.41
10755.88
10761.81
10768.57
10771.25
10773.46
10788.16
10789.21
10791.43
10799.72
10803.93
10812.00
10817.38
10829.68
10837.41
10858.54
10861.48
10864.89
10866.06
10866.18
10869.12
10877.59
10881.00
10886.07
10887.13
10891.84
10892.43
10895.61
10895.97
10897.62
10904.22
10908.00
10911.66
10917.68
10941.21
10942.40
10956.26
10957.80
10961.71
10974.65
10983.79
10998.54
11005.56
11008.06
11010.57
11012.83
11018.67
11025.94
11034.06
11039.19
11040.27
11041.46
11043.14
11049.71
11054.97
11056.65
11059.40
11065.74
11069.81
11069.93
11074.85
11080.36
11080.48
11082.88
11083.84
11088.39
11099.68
11100.52
11109.89
11111.45
11119.51
11125.41
11126.37
11148.06
11149.27
11149.63
11149.75
11156.03
11157.72
11160.73
11172.94
11173.90
11177.41
11177.77
11179.35
11186.36
11197.99
11198.60
11209.02
11218.85
11219.09
11220.06
11225.16
11237.44
11247.90
11262.14
11265.07
11266.53
11281.41
11284.83
11290.57
11301.57
11311.11
11329.12
11341.75
11353.78
11362.63
11370.13
11379.98
11380.23
11381.46
11391.44
11402.04
11403.03
11443.44
11469.85
11474.32
11476.92
11487.24
11488.23
11490.47
11495.94
11498.55
11504.52
11506.27
11524.46
11532.07
11535.56
11537.56
11542.18
11544.80
11551.80
11555.30
11560.68
11569.31
11570.69
11576.70
11581.71
11588.23
11588.73
11592.74
11604.79
11606.67
11611.32
11613.71
11614.34
11615.72
11623.39
11627.16
11632.57
11641.64
11648.19
11651.72
11652.22
11654.24
11662.69
11667.99
11675.44
11687.32
11697.70
11700.10
11711.25
11717.71
11721.90
11728.37
11736.62
11756.83
11772.61
11790.58
11790.97
11803.73
11806.29
11807.44
11808.07
11816.38
11817.15
11818.04
11845.06
11847.88
11865.32
11868.79
11881.12
11881.77
11893.99
11901.19
11904.16
11918.20
11923.11
11944.67
11947.38
11975.99
11992.32
11993.49
11993.75
11997.38
11998.42
12001.80
12009.85
12033.14
12034.96
12037.56
12046.94
12048.25
12052.03
12053.46
12057.25
12067.95
12071.21
12074.35
12091.34
12102.99
12114.65
12114.91
12133.28
12137.09
12152.33
12156.28
12161.80
12163.51
12164.04
12167.33
12178.79
12180.90
12190.52
12193.29
12203.19
12207.42
12221.56
12223.80
12231.61
12237.57
12279.75
12282.27
12289.32
12289.71
12295.17
12308.21
12308.74
12324.34
12334.87
12342.62
12346.76
12346.89
12356.65
12360.66
12362.80
12374.71
12401.25
12402.32
12406.62
12416.02
12417.36
12423.01
12424.35
12426.63
12444.13
12446.01
12461.78
12474.86
12480.67
12487.42
12490.26
12490.66
12505.95
12506.35
12514.34
12516.91
12523.82
12524.09
12525.31
12527.07
12546.33
12549.32
12575.83
12577.19
12611.25
12613.71
12614.12
12616.98
12617.26
12617.53
12634.47
12643.63
12659.38
12659.79
12668.42
12670.47
12682.82
12683.51
12684.19
12685.56
12705.62
12723.92
12729.15
12729.56
12730.25
12733.83
12754.24
12757.00
12767.22
12777.58
12788.79
12789.48
12789.89
12810.11
12811.08
12813.72
12827.87
12838.97
12840.92
12858.30
12881.69
12882.67
12894.24
12909.60
12914.91
12919.38
12932.25
12966.29
12967.41
12968.40
12968.82
12985.53
12997.05
12997.19
13000.99
13002.96
13010.56
13010.84
13012.39
13020.84
13024.78
13029.01
13053.99
13069.68
13102.52
13112.31
13112.88
13118.70
13126.79
13140.15
13142.85
13144.13
13144.27
13145.84
13150.39
13152.66
13157.50
13163.63
13168.75
13172.46
13198.71
13207.42
13219.72
13224.15
13225.01
13234.17
13235.89
13242.05
13250.36
13262.70
13265.00
13265.14
13290.71
13301.36
13323.39
13355.29
13364.54
13368.59
13369.75
13373.51
13380.31
13387.99
13390.45
13399.58
13402.63
13410.02
13410.17
13410.46
13413.94
13415.54
13419.60
13450.28
13451.73
13455.37
13459.74
13492.69
13501.89
13502.62
13509.93
13524.70
13532.46
13543.74
13544.91
13545.79
13546.23
13559.13
13561.48
13562.21
13581.01
13603.51
13606.75
13606.90
13620.45
13621.19
13623.54
13637.26
13661.18
13665.77
13670.65
13677.45
13685.45
13689.00
13689.74
13710.49
13716.13
13717.47
13722.07
13722.37
13737.82
13749.86
13770.56
13771.75
13771.90
13776.37
13782.48
13794.27
13818.32
13829.68
13830.88
13840.91
13855.59
13896.28
13923.82
13927.44
13937.09
13942.52
13949.16
13952.33
13954.59
13955.80
13963.65
13963.80
13972.57
14003.75
14021.94
14037.73
14042.13
14052.62
14074.53
14098.31
14108.99
14109.91
14122.74
14135.58
14144.15
14145.37
14147.21
14148.12
14163.90
14177.70
14177.85
14185.99
14239.96
14244.43
14257.69
14299.10
14338.14
14343.41
14369.97
14385.69
14395.18
14412.80
14426.06
14426.84
14450.27
14457.62
14459.18
14471.39
14481.10
14496.62
14502.59
14505.72
14522.06
14528.03
14541.08
14578.26
14579.05
14596.09
14605.57
14610.63
14619.33
14622.81
14631.99
14697.36
14704.36
14715.50
14716.93
14744.34
14746.10
14761.74
14780.60
14802.21
14816.63
14819.03
14825.45
14840.86
14864.96
14865.93
14895.55
14901.84
14901.84
14902.32
14907.32
14921.04
14922.49
14927.82
14937.68
14938.32
14948.51
14951.90
14991.11
14991.27
15002.95
15014.97
15015.94
15031.22
15048.31
15052.71
15053.03
15060.53
15067.37
15087.27
15090.21
15107.86
15112.60
15133.71
15144.35
15147.47
15157.47
15217.77
15222.55
15223.37
15231.61
15237.22
15266.92
15283.61
15291.55
15292.55
15303.14
15336.79
15337.45
15385.98
15390.65
15395.14
15410.81
15417.65
15420.32
15465.93
15473.30
15482.84
15503.13
15506.48
15511.85
15583.85
15584.19
15604.27
15611.19
15612.71
15617.44
15623.53
15638.24
15647.21
15666.18
15682.12
15688.91
15696.04
15720.35
15737.71
15767.53
15784.09
15791.09
15792.12
15793.83
15803.40
15810.07
15811.61
15853.75
15856.50
15858.38
15911.49
15921.31
15950.97
15965.64
15990.19
16036.80
16073.28
16107.40
16115.07
16136.71
16164.66
16190.57
16202.14
16212.83
16214.24
16269.59
16279.98
16284.91
16303.43
16314.01
16334.50
16346.17
16351.48
16353.60
16355.02
16397.72
16405.88
16419.73
16420.80
16431.46
16435.38
16444.45
16456.73
16524.17
16526.50
16534.90
16543.13
16554.59
16581.48
16582.02
16590.46
16591.71
16592.25
16616.86
16621.72
16625.68
16632.87
16633.95
16638.09
16662.23
16667.82
16668.00
16690.38
16694.72
16723.64
16753.16
16755.34
16761.87
16776.74
16794.54
16822.73
16836.93
16846.05
16846.59
16910.51
16923.14
16940.18
16979.08
17021.20
17033.18
17049.22
17059.18
17120.01
17127.61
17130.95
17136.69
17137.06
17151.53
17160.63
17169.73
17192.41
17193.71
17194.27
17211.02
17221.27
17221.82
17222.94
17225.18
17226.30
17266.23
17269.22
17271.09
17278.38
17301.39
17328.74
17328.93
17336.43
17340.93
17343.75
17383.76
17392.60
17406.72
17408.23
17415.01
17451.80
17471.07
17509.48
17514.79
17515.36
17521.99
17524.83
17532.42
17545.13
17570.78
17576.29
17589.61
17610.94
17644.32
17655.78
17655.78
17679.86
17692.11
17693.83
17701.11
17725.26
17725.64
17728.90
17757.12
17802.14
17824.69
17826.61
17850.74
17856.73
17886.51
17902.19
17921.18
17977.50
17978.87
17988.01
18008.46
18024.25
18062.32
18067.98
18085.00
18092.83
18110.65
18116.53
18143.80
18143.99
18157.74
18207.91
18220.72
18236.10
18247.94
18255.45
18271.46
18365.20
18381.90
18382.30
18395.23
18415.15
18451.85
18456.64
18460.23
18553.74
18561.37
18561.98
18592.73
18612.05
18622.73
18626.56
18633.01
18650.35
18664.28
18714.43
18719.29
18750.31
18789.10
18794.18
18816.36
18819.00
18832.65
18865.89
18871.61
18888.16
18890.61
18901.85
18911.06
18925.59
18936.24
18970.29
19015.50
19049.68
19077.73
19093.63
19121.13
19126.30
19130.85
19131.06
19154.26
19229.84
19262.95
19271.50
19274.63
19298.84
19307.61
19313.04
19317.01
19347.76
19360.95
19367.24
19404.15
19415.70
19421.17
19466.40
19486.21
19536.24
19571.57
19574.32
19580.26
19594.03
19625.43
19626.71
19639.24
19661.78
19669.44
19686.90
19698.83
19760.31
19821.76
19825.19
19905.58
19927.13
19954.10
19995.38
20051.93
20053.44
20073.20
20097.76
20113.64
20126.26
20144.13
20257.56
20278.18
20336.18
20408.04
20415.99
20425.93
20528.74
20529.40
20579.67
20600.61
20616.88
20669.37
20688.84
20758.35
20777.67
20864.63
20922.96
20925.45
20950.82
20972.82
20982.35
21001.43
21051.03
21060.14
21091.38
21202.35
21209.23
21213.82
21230.81
21276.12
21302.38
21306.29
21313.21
21370.94
21394.08
21442.05
21466.42
21477.80
21496.87
21523.63
21563.02
21564.19
21620.96
21621.90
21669.91
21771.20
21785.34
21790.05
21869.18
21928.17
21929.12
21931.50
21947.88
22065.50
22094.65
22234.22
22259.97
22367.41
22382.42
22442.32
22447.90
22453.97
22476.09
22480.23
22496.29
22545.75
22563.32
22575.53
22576.51
22579.44
22611.22
22617.58
22621.26
22624.19
22691.36
22720.85
22744.95
22776.47
22794.22
22809.52
22820.87
22876.25
22882.93
22886.40
22889.12
22897.55
22926.30
22957.33
22980.69
23060.40
23106.10
23152.40
23161.42
23170.94
23179.72
23183.98
23188.50
23210.59
23233.96
23234.46
23295.88
23372.63
23408.82
23423.01
23427.06
23493.82
23498.91
23499.42
23506.28
23511.37
23514.93
23575.31
23596.49
23702.94
23744.01
23782.83
23819.14
23853.44
23854.73
23909.00
23927.63
23972.72
23992.44
23997.37
24000.75
24031.67
24112.67
24113.72
24154.97
24178.51
24186.88
24328.87
24329.40
24348.10
24358.90
24410.88
24463.23
24492.10
24493.16
24496.34
24517.81
24542.50
24615.10
24646.01
24699.67
24703.14
24738.99
24741.93
24784.26
24845.48
24917.63
24920.05
24940.29
24966.74
24991.34
25028.14
25061.74
25067.71
25068.52
25150.84
25189.51
25233.43
25262.93
25297.67
25305.89
25347.81
25360.43
25583.11
25589.48
25677.12
25692.96
25751.13
25759.77
25774.54
25784.59
25816.69
25860.58
25901.46
25931.47
26028.45
26074.39
26077.21
26089.91
26099.79
26118.16
26184.08
26184.65
26188.33
26188.62
26260.12
26277.74
26297.94
26318.43
26323.84
26339.23
26345.21
26375.73
26477.23
26553.55
26585.46
26593.80
26624.03
26644.78
26677.95
26688.06
26735.17
26753.98
26776.27
26779.17
26814.83
26835.44
26971.96
26977.22
27055.56
27082.50
27192.90
27202.32
27274.53
27322.67
27382.75
27533.97
27572.72
27624.38
27630.66
27678.83
27685.72
27748.10
27756.51
27814.83
27817.84
27888.06
27915.83
27930.94
28010.23
28048.44
28111.94
28152.73
28196.32
28197.24
28287.99
28308.81
28360.32
28454.06
28457.14
28477.16
28514.47
28517.24
28542.56
28685.90
28760.18
29064.24
29105.78
29187.46
29308.98
29335.94
29365.48
29376.92
29416.99
29673.69
29715.78
29794.98
29832.08
29847.57
29937.49
29969.90
30006.88
30023.45
30029.95
30077.10
30175.21
30482.35
30512.38
30527.90
30623.84
30826.96
30869.02
31123.23
31253.82
31363.58
31395.49
31698.59
31888.14
32035.80
32103.46
32134.74
32186.59
32186.94
32228.40
32247.94
32351.03
32508.58
32523.36
32542.72
32552.93
32597.34
32637.57
32787.64
33094.15
33400.64
33641.10
33735.51
33785.55
33798.71
33906.77
33913.37
34017.37
34128.71
34454.84
34871.14
35042.09
35096.35
35238.28
35251.25
35580.79
35909.14
35948.40
36521.18
36833.89
37238.22
38418.94
38765.93
39119.44
39225.83
39801.70
40871.77
42202.40
43390.97
44092.83
46212.22
