4.78
4.83
4.88
4.98
5.69
5.95
6.04
6.14
6.24
6.65
7.23
7.34
7.76
7.83
7.89
7.94
8.14
8.23
8.70
8.75
8.81
8.91
8.99
9.20
9.20
9.41
9.47
9.61
9.88
9.88
10.11
10.28
10.31
10.31
10.34
10.39
10.40
10.43
10.71
10.82
10.82
10.83
10.88
10.90
11.14
11.26
11.30
11.34
11.59
11.64
11.92
12.04
12.08
12.10
12.19
12.28
12.32
12.42
12.52
12.52
12.89
13.00
13.05
13.22
13.23
13.30
13.30
13.50
13.52
13.62
13.65
13.68
13.72
13.75
13.81
13.88
13.99
14.00
14.06
14.11
14.23
14.26
14.40
14.65
14.68
14.71
14.79
14.79
14.84
14.86
14.88
14.95
15.00
15.01
15.05
15.07
15.11
15.12
15.17
15.27
15.32
15.34
15.36
15.49
15.72
15.78
15.85
15.88
15.89
16.11
16.21
16.21
16.41
16.43
16.48
16.54
16.55
16.64
16.69
16.79
16.80
16.84
16.88
16.95
17.05
17.10
17.11
17.21
17.25
17.27
17.64
17.75
17.94
17.96
17.98
18.09
18.09
18.12
18.12
18.14
18.14
18.23
18.24
18.31
18.34
18.34
18.38
18.47
18.60
18.63
18.70
18.70
18.75
18.79
18.87
18.94
18.98
18.98
18.99
19.03
19.19
19.37
19.42
19.53
19.74
19.97
19.98
20.07
20.19
20.21
20.25
20.30
20.39
20.40
20.45
20.47
20.48
20.67
20.72
20.79
20.79
20.80
20.93
21.00
21.02
21.08
21.09
21.19
21.31
21.36
21.37
21.43
21.77
21.85
21.99
22.00
22.01
22.04
22.04
22.06
22.10
22.10
22.20
22.36
22.41
22.60
22.72
22.72
22.79
23.04
23.06
23.11
23.25
23.30
23.32
23.40
23.43
23.48
23.49
23.49
23.53
23.70
23.71
23.71
23.73
23.80
23.89
24.00
24.04
24.05
24.08
24.10
24.16
24.23
24.26
24.28
24.35
24.35
24.41
24.46
24.47
24.48
24.50
24.51
24.51
24.53
24.63
24.77
24.92
25.03
25.10
25.11
25.21
25.21
25.24
25.38
25.39
25.41
25.44
25.47
25.56
25.57
25.70
25.70
25.76
25.81
25.83
25.85
25.92
26.07
26.07
26.07
26.33
26.34
26.35
26.35
26.63
26.67
26.70
26.82
26.92
27.12
27.15
27.17
27.18
27.21
27.32
27.35
27.48
27.48
27.49
27.53
27.57
27.58
27.63
27.80
27.89
27.91
27.98
28.02
28.02
28.03
28.10
28.19
28.40
28.48
28.55
28.62
28.64
28.69
28.75
28.76
28.90
29.05
29.09
29.16
29.20
29.21
29.28
29.34
29.35
29.37
29.39
29.53
29.63
29.71
29.74
29.76
30.01
30.06
30.13
30.18
30.38
30.38
30.40
30.40
30.43
30.47
30.51
30.61
30.62
30.67
30.72
30.78
30.85
30.87
31.02
31.10
31.21
31.26
31.29
31.40
31.46
31.49
31.52
31.53
31.55
31.62
31.62
31.63
31.71
31.74
31.84
31.88
31.94
31.94
32.02
32.06
32.09
32.12
32.45
32.47
32.51
32.57
32.58
32.58
32.59
32.69
32.70
32.70
32.81
32.82
32.84
32.86
32.87
33.09
33.10
33.12
33.24
33.39
33.41
33.46
33.55
33.57
33.58
33.58
33.65
33.71
33.73
33.76
33.90
33.93
33.93
33.95
34.01
34.07
34.07
34.11
34.17
34.23
34.31
34.38
34.42
34.44
34.45
34.47
34.48
34.64
34.77
35.02
35.05
35.05
35.07
35.07
35.08
35.14
35.17
35.18
35.47
35.52
35.68
35.70
35.72
35.76
35.78
35.80
35.88
35.93
35.95
36.07
36.10
36.11
36.23
36.28
36.31
36.32
36.48
36.62
36.66
36.66
36.76
36.85
36.86
36.88
36.92
36.92
36.99
37.00
37.00
37.19
37.20
37.22
37.38
37.41
37.43
37.46
37.52
37.53
37.61
37.73
37.78
37.82
37.84
37.88
37.94
37.94
38.09
38.10
38.11
38.19
38.19
38.25
38.34
38.35
38.38
38.39
38.56
38.62
38.64
38.64
38.68
39.02
39.10
39.11
39.11
39.24
39.24
39.34
39.44
39.45
39.66
39.67
39.70
39.75
39.87
39.91
39.99
40.03
40.14
40.16
40.35
40.37
40.39
40.40
40.52
40.54
40.55
40.63
40.64
40.66
40.69
40.73
40.74
40.78
40.79
40.83
40.85
40.85
40.93
40.94
40.98
41.06
41.07
41.14
41.28
41.38
41.41
41.45
41.45
41.52
41.65
41.72
41.78
41.90
41.91
41.92
42.26
42.37
42.42
42.42
42.56
42.58
42.59
42.65
42.86
42.97
43.03
43.03
43.14
43.15
43.24
43.24
43.33
43.66
43.67
43.70
43.78
43.86
43.87
43.92
43.96
44.07
44.14
44.26
44.28
44.28
44.44
44.67
44.70
44.74
44.79
44.93
44.94
44.98
45.02
45.03
45.04
45.08
45.18
45.46
45.54
45.62
45.87
45.94
46.00
46.29
46.38
46.42
46.45
46.52
46.62
46.63
46.72
46.77
46.80
46.86
46.99
47.08
47.11
47.13
47.20
47.22
47.27
47.29
47.33
47.35
47.42
47.45
47.54
47.69
47.76
47.81
47.85
47.87
47.93
48.07
48.18
48.26
48.30
48.38
48.54
48.73
48.78
48.79
48.85
49.12
49.26
49.40
49.49
49.61
49.79
49.93
49.95
49.95
50.18
50.20
50.39
50.42
50.43
50.44
50.49
50.50
50.65
50.67
50.93
50.97
51.00
51.12
51.24
51.37
51.40
51.46
51.48
51.78
51.78
51.99
52.05
52.07
52.19
52.30
52.37
52.40
52.41
52.43
52.51
52.52
52.53
52.72
52.80
52.83
52.90
53.05
53.06
53.06
53.21
53.33
53.42
53.44
53.53
53.54
53.59
53.62
53.64
53.73
53.83
53.90
53.91
54.10
54.13
54.22
54.30
54.41
54.60
54.64
54.83
54.89
54.94
54.94
54.95
55.04
55.17
55.33
55.33
55.66
55.75
55.76
55.79
56.04
56.12
56.14
56.14
56.17
56.20
56.22
56.23
56.31
56.37
56.51
56.59
56.63
56.71
56.82
56.89
56.93
56.97
57.00
57.01
57.02
57.12
57.17
57.28
57.29
57.40
57.41
57.47
57.53
57.71
57.74
57.81
57.83
58.20
58.20
58.25
58.29
58.34
58.50
58.60
58.66
58.75
58.77
58.91
58.95
58.96
59.00
59.03
59.08
59.27
59.33
59.35
59.42
59.43
59.50
59.61
59.62
59.66
59.88
59.89
59.89
59.90
60.19
60.26
60.38
60.47
60.60
60.67
60.82
60.92
60.94
60.96
61.01
61.04
61.06
61.13
61.13
61.22
61.22
61.50
61.54
61.57
61.59
61.64
61.67
61.81
61.94
61.99
62.11
62.17
62.46
62.55
62.55
62.58
62.72
62.87
62.95
62.97
63.05
63.30
63.34
63.40
63.59
63.62
63.66
63.73
63.74
63.86
63.87
63.91
63.91
63.93
64.02
64.11
64.12
64.13
64.15
64.30
64.47
64.56
64.56
64.71
64.85
64.86
64.92
64.94
64.97
65.10
65.18
65.18
65.39
65.49
65.55
65.56
65.63
65.64
65.66
65.81
66.01
66.03
66.14
66.27
66.31
66.33
66.46
66.46
66.81
66.81
67.02
67.03
67.04
67.07
67.13
67.57
67.59
67.83
67.84
67.87
67.87
68.02
68.06
68.06
68.07
68.11
68.23
68.26
68.34
68.35
68.36
68.38
68.44
68.45
68.46
68.60
68.67
68.69
68.78
68.91
68.95
69.00
69.02
69.11
69.15
69.18
69.35
69.42
69.46
69.50
69.62
69.85
69.99
70.02
70.04
70.09
70.09
70.14
70.27
70.36
70.41
70.44
70.50
70.55
70.56
70.57
70.61
70.71
70.93
70.95
70.95
70.99
71.06
71.19
71.28
71.47
71.54
71.57
71.73
71.83
71.90
71.91
71.95
72.10
72.36
72.36
72.39
72.42
72.47
72.53
72.61
72.62
72.68
72.72
72.77
72.88
72.95
72.97
73.18
73.21
73.26
73.33
73.59
73.63
73.71
73.88
73.90
73.91
73.96
73.99
74.01
74.25
74.29
74.40
74.47
74.57
74.70
74.71
74.72
74.75
74.80
74.81
74.94
74.95
75.05
75.13
75.24
75.25
75.35
75.47
75.78
75.89
76.01
76.02
76.16
76.34
76.37
76.40
76.44
76.58
76.77
76.78
76.91
77.03
77.09
77.12
77.21
77.22
77.22
77.25
77.25
77.27
77.71
77.71
77.77
77.89
77.92
77.95
78.00
78.03
78.14
78.18
78.34
78.53
78.55
78.69
78.72
78.77
78.84
78.89
79.12
79.13
79.21
79.21
79.46
79.49
79.57
79.69
79.73
79.74
79.81
80.06
80.26
80.27
80.67
80.69
80.75
80.81
80.83
80.86
80.89
81.09
81.20
81.35
81.36
81.45
81.46
81.48
81.54
81.66
81.67
81.81
81.86
81.91
81.98
82.04
82.12
82.13
82.15
82.18
82.37
82.47
82.53
82.64
82.64
82.75
82.85
82.92
82.92
83.03
83.11
83.33
83.39
83.41
83.56
83.59
83.61
83.62
83.68
83.69
83.76
83.90
83.97
84.02
84.02
84.17
84.19
84.19
84.20
84.27
84.33
84.42
84.49
84.58
84.70
84.70
84.87
85.01
85.05
85.06
85.09
85.11
85.15
85.17
85.27
85.31
85.31
85.39
85.46
85.72
85.73
85.74
85.87
85.90
85.90
85.96
86.04
86.04
86.05
86.13
86.40
86.46
86.46
86.63
86.68
86.69
87.43
87.51
87.54
87.87
87.97
87.98
88.03
88.07
88.10
88.20
88.21
88.21
88.40
88.74
88.84
88.89
89.08
89.14
89.22
89.35
89.41
89.43
89.72
89.75
89.84
89.92
89.94
90.01
90.06
90.12
90.12
90.12
90.13
90.15
90.20
90.24
90.46
90.52
90.67
90.97
91.08
91.09
91.13
91.15
91.17
91.24
91.35
91.38
91.46
91.51
91.53
91.63
91.71
91.88
92.09
92.19
92.29
92.32
92.34
92.45
92.55
92.58
92.76
92.82
92.91
93.01
93.13
93.38
93.40
93.42
93.46
93.50
93.52
93.65
93.68
93.71
93.72
93.81
93.82
93.83
93.88
93.96
93.97
94.09
94.21
94.28
94.70
94.81
94.86
95.05
95.46
95.54
95.57
95.71
95.74
95.93
96.04
96.21
96.37
96.40
96.50
96.56
96.58
96.61
96.69
96.72
96.76
96.81
96.85
96.89
97.00
97.12
97.15
97.35
97.41
97.61
97.80
97.82
98.01
98.30
98.58
98.59
98.61
98.65
98.68
98.69
98.71
98.75
98.78
98.94
99.05
99.09
99.28
99.44
99.70
99.71
99.83
99.87
99.94
100.03
100.05
100.06
100.07
100.09
100.13
100.13
100.23
100.27
100.32
100.32
100.47
100.58
100.72
100.75
100.77
100.89
100.93
100.94
100.98
101.02
101.04
101.05
101.11
101.13
101.18
101.21
101.24
101.38
101.53
101.56
101.66
101.66
101.72
101.85
101.91
101.93
102.10
102.36
102.39
102.80
102.87
102.91
103.04
103.08
103.22
103.34
103.41
103.51
103.59
103.63
103.69
103.93
104.15
104.16
104.18
104.23
104.25
104.33
105.07
105.49
105.60
105.73
105.78
105.79
105.88
105.90
105.94
106.13
106.20
106.34
106.55
106.90
107.05
107.06
107.13
107.23
107.25
107.42
107.45
107.48
107.50
107.55
107.58
107.71
107.94
108.00
108.19
108.21
108.22
108.29
108.29
108.32
108.37
108.51
108.55
108.64
108.67
108.81
109.14
109.25
109.45
109.50
109.64
109.76
109.76
109.90
109.96
109.97
110.07
110.15
110.17
110.28
110.30
110.36
110.37
110.47
110.52
110.62
110.73
110.99
111.16
111.16
111.17
111.37
111.38
111.53
111.55
111.62
111.65
111.80
111.92
112.01
112.11
112.15
112.17
112.19
112.33
112.55
112.76
112.80
112.93
112.93
112.96
113.05
113.05
113.24
113.25
113.35
113.35
113.39
113.65
113.86
113.89
114.20
114.21
114.24
114.24
114.27
114.49
114.53
114.70
114.74
114.74
114.91
114.98
114.98
115.05
115.16
115.19
115.22
115.23
115.32
115.35
115.48
115.66
115.73
115.76
116.20
116.27
116.29
116.45
116.48
116.55
116.64
116.95
116.99
117.03
117.05
117.23
117.24
117.25
117.29
117.30
117.34
117.40
117.41
117.46
117.50
117.55
117.55
117.56
117.62
117.64
117.73
117.85
117.92
118.02
118.36
118.63
118.78
118.93
119.04
119.09
119.21
119.24
119.36
119.57
119.79
119.81
119.97
120.07
120.11
120.24
120.25
120.26
120.53
120.53
120.55
120.68
121.14
121.18
121.39
121.53
121.78
121.95
121.97
122.78
122.84
122.87
122.94
123.10
123.18
123.56
123.60
123.93
124.00
124.01
124.05
124.13
124.23
124.46
124.51
124.60
124.64
124.79
124.94
124.95
125.03
125.26
125.28
125.41
125.69
125.74
125.76
125.92
126.06
126.07
126.08
126.12
126.43
126.52
126.56
127.00
127.22
127.37
127.53
127.73
127.81
127.91
127.95
128.09
128.10
128.24
128.46
128.62
128.63
128.79
128.82
128.88
128.93
129.04
129.05
129.34
129.60
130.00
130.02
130.06
130.32
130.35
130.38
130.51
130.59
130.69
130.76
130.93
130.93
131.06
131.11
131.12
131.13
131.14
131.26
131.46
131.54
131.64
131.69
131.78
131.92
132.13
132.19
132.33
132.66
132.77
133.00
133.13
133.55
133.85
133.90
134.12
134.12
134.25
134.26
134.27
134.41
135.03
135.15
135.18
135.33
135.42
135.51
135.56
136.14
136.30
136.30
136.31
136.33
136.60
136.64
136.70
136.79
136.84
136.84
137.01
137.09
137.31
137.31
137.37
137.39
137.43
137.49
137.51
137.59
137.61
137.75
137.78
138.06
138.07
138.25
138.55
138.56
138.77
138.82
138.87
139.07
139.07
139.09
139.17
139.19
139.45
139.49
139.70
139.76
139.76
139.83
139.92
140.20
140.24
140.51
140.93
141.05
141.16
141.30
141.39
141.44
141.52
141.64
141.64
141.74
141.77
141.77
141.88
142.05
142.12
142.21
142.26
142.34
142.49
142.54
142.67
142.70
142.75
142.78
142.98
142.99
143.35
143.47
143.60
143.84
144.04
144.09
144.23
144.43
144.64
144.72
144.73
144.80
144.90
144.95
145.07
145.29
145.52
145.60
145.72
145.75
145.84
145.86
145.97
146.11
146.11
146.25
146.34
146.40
146.41
146.68
146.71
146.89
147.02
147.06
147.32
147.32
147.32
147.40
147.50
147.51
147.63
147.74
147.83
147.86
147.93
148.09
148.88
149.06
149.07
149.09
149.11
149.19
149.23
149.34
149.37
149.44
149.54
149.61
149.75
149.86
149.89
150.05
150.26
150.27
150.34
150.53
150.68
150.84
150.98
151.18
151.18
151.29
151.30
151.33
152.01
152.07
152.19
152.19
152.33
152.39
152.67
153.02
153.20
153.22
153.28
153.60
153.72
154.02
154.16
154.24
154.55
154.57
154.83
154.85
154.90
154.96
155.07
155.29
155.43
155.47
155.58
155.71
155.81
155.89
156.14
156.15
156.77
157.05
157.12
157.18
157.32
157.35
157.70
157.80
157.93
158.03
158.07
158.20
158.39
158.41
158.42
158.68
158.78
158.83
158.98
159.01
159.10
159.10
159.21
159.25
159.25
159.53
159.83
159.91
160.14
160.27
160.50
160.60
160.93
160.94
160.95
161.24
161.54
161.68
161.77
161.84
161.85
161.86
162.22
162.56
162.86
162.99
163.02
163.05
163.12
163.13
163.33
163.52
163.56
163.75
163.76
163.89
164.07
164.22
164.25
164.35
164.39
164.50
164.59
164.85
164.87
165.11
165.18
165.20
165.41
165.58
165.98
166.19
166.40
166.42
166.44
166.60
166.67
166.71
166.87
166.98
167.18
167.19
167.43
167.57
167.58
167.72
167.99
168.27
168.41
168.45
168.54
168.58
168.85
168.92
169.06
169.27
169.31
170.07
170.12
170.13
170.34
170.41
170.63
170.65
170.92
170.93
171.13
171.52
171.61
171.80
171.81
171.93
171.94
171.94
172.43
172.47
172.80
172.86
172.92
172.97
173.00
173.17
173.52
173.70
173.90
174.16
174.19
174.30
174.34
174.52
174.62
174.80
174.88
174.89
175.24
175.38
175.47
175.48
175.55
175.61
175.70
175.77
175.80
175.97
176.03
176.13
176.29
176.32
176.40
176.45
176.47
176.67
176.85
176.91
176.92
177.02
177.16
177.20
177.30
177.32
177.50
177.64
177.64
177.78
178.33
178.34
178.44
178.52
179.66
179.68
179.92
179.95
180.05
180.21
180.45
180.45
180.61
180.69
180.81
180.85
180.88
181.49
181.89
181.99
182.00
182.01
182.08
182.09
182.15
182.32
182.50
182.51
182.58
182.70
182.89
183.05
183.07
183.12
183.18
183.32
183.40
183.45
183.99
184.07
184.29
184.31
184.42
184.46
184.72
184.77
184.82
185.19
185.38
185.44
185.60
185.82
186.07
186.10
186.17
186.23
186.31
186.32
186.34
186.71
186.73
186.74
187.05
187.18
187.37
187.42
187.43
187.52
187.56
187.73
187.77
187.77
187.95
187.99
188.04
188.32
188.34
188.42
188.45
188.49
188.55
188.58
188.61
188.61
188.83
188.92
189.10
189.20
189.32
189.49
189.70
189.70
190.17
190.24
190.90
191.09
191.23
191.44
191.73
191.79
192.01
192.08
192.12
192.22
192.33
192.69
192.83
192.91
192.93
193.00
193.09
193.13
193.20
193.27
193.30
193.37
193.50
193.50
193.54
193.79
193.81
193.83
193.85
193.89
193.98
194.04
194.15
194.28
194.34
194.48
194.78
195.05
195.43
195.47
195.77
195.87
195.93
196.00
196.04
196.07
196.56
196.70
196.71
196.72
196.92
197.00
197.12
197.14
197.42
197.47
197.59
197.62
198.12
198.20
198.24
198.31
198.34
198.66
198.69
198.70
198.71
198.87
198.98
199.02
199.06
199.22
199.24
199.25
199.30
200.02
200.56
200.57
200.71
200.84
200.88
201.20
201.32
201.33
201.45
201.45
201.54
201.63
201.67
201.84
202.02
202.41
202.45
202.46
202.72
202.82
202.87
203.09
203.24
203.26
203.36
203.48
203.70
203.92
203.94
203.99
204.16
204.17
204.26
204.26
204.27
204.39
204.42
204.48
204.55
204.68
204.82
205.22
205.63
205.65
205.70
205.76
205.94
206.17
206.22
206.26
206.77
206.85
206.91
207.10
207.12
207.28
207.36
207.43
207.55
207.76
207.80
207.86
207.87
208.59
208.83
208.90
209.33
209.37
209.42
209.58
209.59
209.69
209.71
209.96
210.16
210.34
210.86
211.28
211.57
211.60
211.77
211.97
212.13
212.31
212.38
212.38
212.44
212.46
212.64
212.69
213.38
213.50
213.71
213.83
213.99
214.00
214.08
214.12
214.71
215.39
215.56
215.77
215.90
216.00
216.03
216.05
216.06
216.25
216.31
216.53
216.55
216.83
216.90
216.93
216.98
217.18
217.57
217.85
217.87
218.00
218.33
218.75
218.81
218.81
218.91
218.98
219.14
219.14
219.16
219.29
219.62
219.67
219.68
219.71
219.74
219.77
219.92
220.03
220.31
220.44
220.61
220.70
220.76
220.96
221.17
221.50
221.77
221.88
222.41
222.45
222.73
223.09
223.11
223.14
223.18
223.22
223.36
223.67
223.74
223.80
223.92
224.01
224.30
224.34
224.75
224.78
224.92
225.08
225.15
225.24
225.25
225.38
225.49
225.78
225.85
226.04
226.10
226.31
226.38
226.39
227.04
227.25
227.46
227.68
227.90
228.20
228.29
228.40
228.70
228.86
229.53
229.58
229.62
229.63
229.78
229.91
229.97
230.09
230.11
230.16
230.25
230.30
230.40
230.55
230.72
230.76
230.91
231.33
231.50
231.72
231.78
231.82
231.85
232.02
232.03
232.04
232.42
232.72
232.99
232.99
233.15
233.22
233.23
233.23
233.68
233.76
233.77
234.12
234.32
234.33
234.40
234.42
234.51
234.57
234.78
234.81
235.00
235.08
235.12
235.62
235.64
235.80
235.99
236.20
236.36
236.72
237.01
237.10
237.24
237.42
237.57
237.58
237.67
237.71
237.92
237.96
238.26
238.34
238.87
238.98
239.08
239.11
239.39
239.43
239.54
239.61
239.79
240.11
240.51
240.56
240.63
240.82
240.87
240.92
241.40
241.57
241.64
242.01
242.03
242.23
242.58
242.69
243.08
243.14
243.18
243.51
243.75
243.76
243.80
243.83
243.93
243.96
244.71
245.00
245.27
245.71
246.13
246.33
246.36
246.39
246.45
246.47
246.62
246.76
247.25
247.32
247.45
247.73
247.80
248.21
248.25
248.60
248.64
248.94
249.06
249.25
250.45
250.66
250.95
251.39
251.42
251.97
252.05
252.23
252.24
252.42
252.99
253.09
253.16
253.34
253.37
253.97
254.09
254.13
254.70
254.99
255.00
255.20
255.23
255.23
255.45
255.57
255.57
255.71
255.73
255.88
255.90
256.28
256.46
256.59
257.00
257.33
257.37
257.45
257.53
257.67
257.74
258.21
258.87
258.88
258.91
259.52
259.58
259.65
259.82
259.94
260.11
260.39
260.46
260.64
260.75
260.80
260.84
260.90
260.93
261.33
261.35
261.50
261.58
261.87
262.31
262.47
262.81
262.87
262.96
263.07
263.15
263.40
263.54
263.67
263.86
263.93
263.93
264.20
264.24
264.61
264.76
265.17
265.39
265.60
265.65
265.83
265.87
266.08
266.29
266.48
266.63
266.86
267.00
268.04
268.13
268.36
268.52
268.67
268.75
268.84
269.01
269.21
269.37
269.48
269.62
270.06
270.71
270.89
271.20
271.42
271.44
271.47
271.75
272.50
272.60
273.02
273.12
273.16
273.66
273.84
274.73
274.74
274.90
275.14
275.21
275.27
275.28
275.31
275.45
275.72
275.82
275.97
276.16
276.19
276.45
277.08
277.34
277.64
278.23
278.25
278.36
278.43
278.58
278.64
278.67
278.68
278.95
279.81
280.11
280.36
280.56
280.64
280.80
280.80
280.91
281.25
281.32
281.69
281.88
282.06
282.40
282.47
282.51
282.69
282.71
282.72
283.02
283.09
283.23
283.47
283.69
284.07
284.12
284.19
284.20
284.30
284.34
284.43
284.45
284.62
284.85
285.14
285.39
285.74
285.79
285.82
285.83
285.93
286.04
286.10
286.70
286.87
287.15
287.39
287.94
287.99
288.23
288.32
288.49
288.56
288.67
289.34
289.39
289.62
289.69
289.85
290.17
290.34
290.36
290.45
290.47
290.49
290.54
290.79
291.06
291.35
291.36
291.36
291.44
291.58
291.85
292.04
292.10
292.49
292.56
292.85
292.88
293.02
293.14
293.34
293.55
294.77
295.16
295.66
295.67
295.67
296.06
296.12
296.74
296.91
297.18
297.25
297.31
297.32
297.56
298.18
298.34
298.57
298.81
298.94
299.17
299.30
299.42
299.63
299.76
299.90
300.26
300.31
300.48
300.67
300.69
300.97
301.04
301.17
301.25
301.34
301.43
301.47
301.67
301.85
301.95
301.96
302.04
302.67
303.05
303.11
303.41
303.64
304.16
304.30
304.68
304.91
305.21
305.40
305.70
305.73
305.75
305.90
305.91
306.26
306.79
307.05
307.17
307.37
308.02
308.30
308.36
308.47
308.80
308.89
308.96
309.26
309.37
309.42
309.53
310.12
310.16
310.39
310.74
310.75
310.77
310.88
311.43
311.53
311.65
311.80
312.05
312.11
312.36
312.48
312.58
312.68
312.86
313.02
313.11
313.31
313.38
313.45
313.50
314.13
314.31
314.33
314.36
314.38
314.74
314.93
315.26
315.30
315.43
315.68
316.08
316.15
316.25
316.25
316.27
316.61
316.77
316.87
317.07
317.41
317.62
319.04
319.22
319.66
319.70
320.08
320.73
320.74
320.81
320.87
320.98
321.01
321.02
321.12
321.30
321.46
321.55
321.55
321.60
321.70
322.05
322.41
322.56
322.94
323.14
323.21
323.35
323.77
324.27
324.42
324.87
325.09
325.48
325.97
326.00
326.34
326.48
326.54
326.71
326.98
327.22
327.61
327.89
328.12
328.21
328.23
329.01
329.04
329.28
329.82
329.97
330.66
330.70
331.08
332.04
332.11
332.36
332.45
332.58
332.93
333.12
333.17
333.78
334.23
334.53
334.82
334.93
335.05
335.55
335.68
336.05
336.17
336.29
336.36
336.63
336.99
337.17
337.19
337.60
337.77
337.95
338.16
338.69
338.72
338.85
339.34
339.83
339.92
340.02
340.16
340.83
341.08
341.37
341.41
341.41
341.79
342.39
342.81
343.28
343.64
343.66
343.75
343.93
344.05
344.07
344.12
344.14
344.16
344.29
344.62
344.86
344.87
345.03
345.07
345.09
345.35
345.65
345.71
345.74
346.25
346.46
346.46
346.53
346.60
346.66
346.91
347.13
347.20
347.24
347.32
347.33
347.37
347.41
347.47
347.57
347.66
347.66
348.01
348.04
348.63
348.74
349.02
349.20
349.53
349.81
349.83
349.86
350.07
350.07
350.14
350.16
350.46
350.53
350.53
350.79
350.80
351.20
351.28
351.33
351.43
351.75
352.16
352.20
352.57
352.60
352.94
353.09
354.04
354.10
354.25
354.27
354.30
354.64
355.31
355.36
355.39
355.49
355.55
355.60
355.65
355.76
355.79
355.94
355.95
356.81
358.17
358.27
358.33
358.49
358.67
359.38
359.57
359.97
360.61
360.70
361.04
361.32
361.45
361.79
361.97
362.48
362.71
362.77
363.27
363.38
363.49
363.76
363.88
363.95
364.14
364.25
364.58
365.22
365.46
365.54
365.77
365.93
365.96
366.00
366.07
366.07
366.19
366.47
366.66
367.09
367.19
367.23
367.35
367.54
367.54
368.23
368.48
368.67
368.69
369.01
369.67
369.71
369.80
369.98
370.19
370.37
370.62
370.67
370.89
371.00
371.06
371.55
372.52
372.62
372.93
373.61
373.66
373.69
373.77
373.78
374.08
374.31
374.40
374.42
374.57
374.63
375.09
375.23
375.35
375.93
375.97
376.03
376.08
376.23
376.25
376.37
377.68
377.74
377.95
378.00
378.24
378.46
378.51
378.73
378.83
379.38
379.44
379.60
379.69
379.72
379.74
379.91
380.34
380.66
381.37
382.49
382.87
383.55
384.02
384.25
384.25
384.36
384.63
385.26
386.04
386.27
386.48
387.49
387.69
388.01
388.73
388.87
388.94
389.27
389.63
389.86
390.08
390.20
390.45
390.55
390.65
390.67
391.06
391.36
391.68
391.85
392.39
392.41
392.85
393.07
393.19
393.39
393.79
393.83
394.27
394.28
394.37
394.53
394.56
394.69
394.98
395.43
395.44
395.71
395.72
395.92
396.54
397.15
397.29
397.33
397.46
398.94
399.30
399.62
399.62
399.63
400.01
400.02
400.19
400.63
400.94
401.21
401.23
401.44
401.81
402.09
402.11
402.30
402.41
402.74
402.99
403.17
403.47
403.50
403.58
403.89
404.25
404.44
404.45
404.49
404.63
405.09
405.14
405.34
405.48
405.50
405.56
406.11
406.19
406.54
406.84
407.02
407.18
407.69
407.72
407.94
408.12
408.25
408.27
408.28
408.34
408.48
408.63
408.83
409.03
409.12
409.16
409.49
410.24
410.91
410.93
410.95
411.27
411.72
412.58
412.80
413.16
413.27
413.41
413.50
413.51
413.87
414.13
414.30
415.31
415.38
415.92
416.17
416.79
417.06
417.81
417.84
418.34
418.99
419.10
419.14
419.58
419.60
419.61
419.79
420.23
420.73
421.05
421.22
422.08
422.15
422.31
422.68
423.19
423.78
424.62
424.76
424.91
424.95
424.99
425.31
425.61
425.71
425.72
425.83
426.11
426.67
427.21
427.37
427.42
428.16
428.31
428.37
428.51
428.67
429.13
429.14
429.38
429.76
429.92
430.00
430.65
430.66
431.30
431.72
431.79
432.18
432.84
433.06
433.77
434.16
434.48
434.60
434.67
434.94
436.35
436.37
436.47
436.59
436.64
436.88
436.94
437.40
438.60
438.84
438.95
439.08
439.09
439.59
439.81
440.03
440.50
440.67
440.72
441.06
441.56
441.60
441.94
442.48
442.62
442.68
442.70
442.90
442.94
443.43
443.43
443.70
443.76
443.94
444.25
444.50
444.56
444.70
444.95
445.22
445.23
445.28
445.42
446.15
446.57
446.60
447.43
447.92
448.03
448.58
449.14
449.24
449.30
449.44
449.45
449.91
450.48
450.83
450.89
451.44
451.70
451.84
451.94
451.97
451.97
452.04
452.29
452.94
453.18
453.39
453.70
453.87
454.52
454.75
455.25
455.52
455.55
455.73
455.74
455.86
456.06
456.29
456.48
456.63
456.89
457.43
457.76
457.94
458.08
458.10
458.12
458.17
458.93
459.14
459.18
459.31
459.44
459.54
459.60
459.65
459.73
460.10
460.28
460.48
461.43
461.77
461.81
461.91
462.18
462.63
462.92
462.96
462.97
462.99
463.01
463.59
463.74
464.12
464.88
464.91
464.92
465.11
465.13
465.35
465.57
465.77
466.34
466.62
466.93
466.96
466.99
467.11
467.56
467.82
467.85
468.29
468.37
468.65
468.97
469.61
470.12
470.19
470.20
470.67
470.89
471.07
471.12
471.83
471.90
472.35
472.51
472.56
473.19
473.52
474.36
474.67
475.37
475.79
476.32
476.76
476.97
477.57
477.83
478.09
478.34
478.47
478.79
480.08
480.17
480.22
480.37
480.59
480.70
480.82
480.87
481.07
481.50
482.16
482.40
482.69
482.71
482.78
482.93
483.24
483.35
483.36
483.79
483.85
483.94
484.32
484.63
484.65
484.73
484.97
485.22
485.24
485.54
485.78
486.08
486.10
486.12
486.16
486.20
486.21
486.51
486.77
487.54
487.71
488.00
488.21
488.23
488.51
488.75
489.11
489.14
489.99
490.14
491.08
491.48
491.97
492.00
492.49
492.86
492.97
493.29
493.62
493.92
494.67
495.04
495.26
495.63
495.79
495.98
496.09
496.16
496.17
496.26
496.36
496.70
496.91
497.14
497.29
497.47
497.55
497.64
497.66
498.20
498.63
498.90
498.98
499.39
499.78
499.87
499.88
499.95
500.57
500.99
501.19
501.40
501.75
502.09
502.57
502.88
503.21
503.31
503.66
504.01
504.10
504.31
504.37
504.50
504.70
505.13
505.21
505.62
505.77
506.19
506.70
506.75
507.58
507.62
507.74
507.97
508.15
508.20
508.20
508.41
508.60
508.73
508.75
509.03
509.34
510.01
510.18
510.51
510.62
511.12
511.29
511.54
511.80
511.80
511.95
512.36
512.74
512.99
513.65
513.84
514.06
514.59
514.60
515.03
515.10
515.22
515.25
515.61
515.75
515.89
516.62
516.84
516.85
516.94
517.19
517.44
517.58
517.90
517.92
518.38
518.61
519.07
519.65
519.98
520.23
520.63
520.81
520.92
521.26
522.31
522.42
522.59
523.29
523.49
523.55
524.03
524.05
524.13
524.54
524.99
525.20
525.98
526.14
526.36
526.63
526.73
526.78
527.29
527.32
527.46
527.95
528.02
528.38
528.63
528.65
528.78
528.81
529.32
529.61
529.75
530.62
530.73
530.83
531.55
531.58
531.61
532.00
532.46
532.68
532.95
533.28
533.38
533.92
534.14
534.20
534.65
534.80
535.03
535.38
535.90
535.95
536.36
536.54
536.83
537.40
538.34
538.93
539.00
539.34
539.52
539.79
540.01
540.21
540.33
540.40
540.62
540.68
540.70
540.72
540.80
540.94
542.00
542.23
542.54
542.65
542.78
542.81
542.97
542.97
543.13
543.77
543.82
545.13
545.15
545.36
545.45
545.83
545.95
546.28
547.06
547.62
548.68
548.70
549.68
550.36
550.59
550.63
551.69
551.98
552.24
552.83
552.97
553.31
554.23
554.30
554.75
555.07
555.25
555.56
555.90
555.99
556.37
556.46
556.51
556.64
556.71
557.52
558.52
558.99
559.92
560.45
560.72
561.62
562.31
562.48
563.81
563.82
564.53
565.48
565.53
566.63
566.66
567.00
567.32
567.56
567.59
567.74
567.90
568.02
568.05
568.26
568.65
568.90
569.00
569.05
569.23
569.52
569.53
569.60
569.64
569.75
569.78
569.78
569.98
570.14
570.31
570.90
571.11
571.43
571.61
571.67
571.76
572.00
572.80
573.47
573.47
574.15
574.86
575.01
575.68
577.74
577.91
578.14
578.24
578.26
578.74
578.91
578.96
579.03
579.72
580.37
580.47
580.95
581.49
581.52
581.61
581.89
582.94
582.95
583.08
583.12
583.21
583.35
583.52
584.09
585.26
585.43
585.63
585.73
585.94
586.00
586.10
586.16
586.38
586.64
586.89
587.21
587.48
587.87
588.13
588.27
588.65
588.92
588.99
589.34
589.67
589.74
589.96
590.18
591.30
592.03
592.50
593.11
593.99
594.25
594.77
595.30
595.37
595.61
595.89
596.01
596.09
596.19
596.27
596.65
597.42
597.89
598.06
598.34
598.86
598.89
599.00
599.26
599.61
599.93
600.89
601.09
601.78
601.91
602.00
602.04
602.10
602.37
602.53
602.61
603.22
603.33
603.37
603.90
604.09
604.10
605.04
605.26
605.80
606.48
606.62
607.02
607.36
607.44
607.50
607.57
607.74
608.21
608.33
608.40
608.40
608.93
609.15
609.33
609.36
609.89
610.14
610.53
610.60
611.07
612.71
612.94
613.07
613.28
613.61
614.08
614.28
614.46
614.52
614.72
614.92
615.06
615.16
615.99
617.15
617.27
617.31
617.61
617.74
617.98
618.19
618.95
619.03
619.36
619.89
619.89
620.04
620.18
620.86
620.93
621.28
621.54
621.62
621.89
621.96
621.99
622.34
623.23
623.48
623.57
623.67
624.43
624.92
625.98
626.15
626.95
626.98
627.36
627.60
627.94
628.09
628.20
628.45
628.51
628.56
628.75
629.52
629.76
630.08
630.16
630.59
631.17
631.82
631.83
632.32
632.53
632.96
633.00
633.01
633.69
633.78
633.97
633.99
634.15
634.27
634.75
635.24
635.33
635.73
635.83
635.97
636.58
636.60
636.65
637.00
637.07
637.38
637.41
637.43
637.66
638.02
638.41
638.45
638.79
639.33
639.37
639.82
640.18
641.52
641.56
641.75
641.81
642.22
642.26
642.63
643.08
643.72
643.78
643.85
644.97
645.67
645.92
646.23
646.27
647.16
647.25
648.19
648.21
648.32
648.35
649.22
650.89
650.99
651.20
651.23
651.71
651.77
652.02
652.49
652.59
653.85
653.93
654.16
654.46
654.54
654.94
654.94
655.07
655.94
655.94
655.94
656.10
656.15
656.33
656.53
657.08
657.74
657.92
658.29
659.30
660.00
660.55
660.65
660.69
661.37
661.62
662.23
662.63
662.77
662.92
662.95
662.98
663.26
663.71
664.01
665.48
666.04
666.07
666.48
666.80
666.80
667.27
667.28
667.35
667.73
667.94
668.17
668.72
668.76
668.86
669.40
669.43
669.93
670.13
670.64
670.66
671.87
672.48
672.53
672.77
673.14
674.17
674.24
675.12
675.43
675.98
676.17
678.34
678.47
678.58
678.78
679.42
679.47
679.52
679.70
679.91
681.12
681.48
681.96
682.03
682.17
682.19
682.55
682.92
683.28
683.30
683.59
683.60
683.77
684.02
684.57
685.09
685.19
686.32
687.18
687.34
687.53
687.86
688.14
688.29
688.37
689.26
689.53
691.35
692.06
692.12
692.42
692.73
693.02
693.08
693.32
693.35
693.38
693.43
694.01
694.04
694.85
695.25
695.62
695.82
696.09
696.45
696.50
697.67
697.82
698.08
698.76
698.84
698.92
699.83
700.54
701.06
701.61
701.87
702.31
702.51
702.62
702.76
702.79
703.18
703.21
703.53
703.64
704.01
704.64
704.76
704.89
704.97
705.03
705.17
705.26
705.27
705.45
705.78
705.97
706.13
706.21
707.33
708.11
708.58
708.60
708.89
709.01
709.13
709.23
709.88
710.11
710.36
710.37
710.39
710.43
711.29
711.96
712.63
712.79
712.80
712.83
713.24
713.54
713.92
713.99
714.06
714.34
714.80
714.90
714.92
714.93
715.42
715.63
715.65
715.74
715.80
715.82
716.47
716.58
717.51
717.77
717.89
718.30
718.35
718.58
718.99
719.41
719.77
720.08
720.37
721.41
721.47
721.64
721.81
722.40
723.39
723.53
724.11
724.68
724.92
725.06
725.40
725.66
726.12
726.32
726.47
726.51
726.60
727.55
727.74
727.92
728.26
728.50
728.74
729.04
729.15
729.27
730.00
730.16
730.24
730.26
730.39
730.67
731.74
731.81
731.92
731.94
731.94
731.99
732.51
732.58
733.54
734.01
734.44
735.56
735.56
735.62
736.67
736.68
736.79
737.38
737.94
738.43
738.71
739.19
739.57
739.67
739.71
739.79
739.96
741.21
741.40
742.87
743.25
744.29
744.41
744.98
745.38
746.27
746.94
747.95
748.21
749.26
750.40
751.59
751.97
752.26
752.38
752.62
753.54
753.67
754.16
754.43
754.96
754.97
756.19
756.40
757.44
758.04
758.26
758.54
758.57
758.63
759.17
759.32
759.32
759.43
759.55
759.83
761.43
761.79
761.92
762.12
762.29
763.26
763.57
764.20
764.43
764.67
764.72
764.78
765.32
766.04
766.49
766.71
767.72
768.36
768.61
768.79
769.08
769.26
769.34
769.35
769.38
769.70
770.04
770.65
770.91
771.43
772.13
772.44
773.05
773.07
773.41
773.56
774.19
775.09
775.43
775.66
776.56
776.97
777.01
777.20
777.45
777.98
778.95
779.12
780.60
780.89
781.03
781.40
781.90
782.74
782.83
782.91
782.98
783.64
783.81
784.77
785.46
785.58
786.86
787.15
787.21
787.21
787.45
787.49
787.54
787.66
788.53
789.23
789.29
789.92
790.03
790.31
790.45
790.83
790.94
791.64
792.06
792.16
792.32
792.41
792.65
792.86
793.22
796.89
797.09
797.28
797.93
798.50
798.60
798.76
799.48
799.95
800.77
800.90
801.02
801.13
801.23
801.54
802.05
802.17
802.92
803.90
804.86
805.02
805.05
806.16
806.21
806.73
806.87
807.91
808.39
808.58
808.84
809.02
809.37
809.45
810.39
810.76
811.10
811.75
811.84
812.27
812.33
812.90
812.91
814.20
814.58
815.56
816.15
816.51
816.70
817.33
817.57
818.61
818.64
819.85
820.58
820.98
821.20
821.26
821.36
821.90
822.73
823.56
824.94
825.31
825.44
826.41
827.48
827.95
828.58
828.64
828.88
829.19
829.39
830.11
830.43
830.86
831.80
833.12
833.27
833.64
833.87
834.20
836.27
836.71
837.10
837.22
837.34
837.38
837.73
837.74
838.42
838.58
839.71
839.79
840.10
840.13
840.16
840.70
841.31
841.41
841.42
841.59
841.62
841.70
841.77
842.32
843.15
843.65
844.33
845.42
845.83
846.55
846.62
846.78
847.07
847.28
848.72
848.85
849.03
849.56
849.58
849.63
850.01
850.32
851.28
851.51
851.52
851.60
851.93
853.37
853.69
854.05
854.54
854.71
854.75
854.83
855.22
856.48
856.57
856.96
857.40
857.90
858.46
858.58
859.05
859.43
859.85
860.32
860.36
860.91
861.03
861.09
861.28
861.59
863.16
863.71
864.99
865.36
865.42
865.68
865.76
865.94
866.26
866.77
868.22
868.64
868.84
869.20
869.69
870.48
871.28
871.55
873.10
873.12
873.24
873.97
874.64
875.20
875.38
875.81
876.08
876.30
876.40
876.61
876.62
877.72
879.53
880.77
880.80
880.84
880.85
881.08
881.10
881.52
881.75
883.45
883.68
883.84
883.96
884.13
884.16
885.22
885.79
886.63
889.11
889.67
889.94
891.51
892.16
892.18
892.20
892.93
893.56
894.47
894.80
895.11
895.41
896.70
896.90
897.56
898.17
899.26
899.31
899.34
899.61
900.13
900.45
900.52
900.60
900.72
901.96
902.13
902.27
902.54
902.97
903.33
903.53
903.59
903.83
904.28
904.33
906.13
906.95
907.61
908.23
908.77
910.03
910.10
910.71
911.22
912.45
912.46
912.69
912.80
913.23
913.82
914.41
914.68
915.13
915.59
915.83
915.93
916.60
916.80
918.51
918.68
919.08
919.11
919.63
920.13
920.32
920.50
920.92
920.93
921.53
921.53
921.61
921.87
922.57
923.46
923.71
923.88
924.27
924.65
925.22
925.49
926.08
926.34
926.71
927.52
927.59
927.64
928.10
930.38
931.40
931.95
934.14
934.28
934.65
934.78
934.80
935.23
935.45
935.54
935.74
936.35
936.80
938.20
938.22
938.28
938.62
939.02
939.16
939.24
939.24
939.60
939.79
940.00
940.21
940.35
940.85
941.18
941.41
941.86
941.87
942.74
942.96
945.81
945.93
946.29
946.40
946.55
947.04
947.81
948.21
951.35
952.21
952.78
952.99
953.21
955.07
955.61
956.26
956.72
957.43
957.68
958.66
959.89
959.98
960.16
960.64
963.34
963.48
965.30
965.32
965.40
965.45
965.88
966.76
968.20
969.43
971.64
971.80
972.53
973.66
973.69
974.51
974.61
975.74
976.21
976.29
976.38
976.52
976.73
976.77
978.27
978.35
978.47
978.58
978.86
978.90
979.79
979.92
980.32
980.34
980.74
980.86
980.92
981.13
981.18
982.27
982.77
984.80
984.93
985.44
985.79
986.24
986.64
987.01
987.07
987.27
987.91
988.02
988.43
988.44
988.89
988.90
989.18
989.70
989.75
989.95
993.17
993.36
993.71
993.80
993.95
994.08
994.53
994.61
994.70
994.98
995.96
996.19
996.35
997.83
998.00
998.09
999.58
999.69
1000.47
1000.51
1001.40
1001.54
1001.67
1001.97
1002.30
1002.37
1004.38
1004.73
1006.82
1007.20
1007.42
1007.44
1007.64
1007.86
1008.17
1008.84
1008.96
1009.49
1009.70
1010.79
1010.84
1010.98
1012.48
1013.04
1013.24
1013.42
1013.93
1014.00
1014.47
1014.86
1015.47
1015.75
1016.78
1017.13
1017.20
1017.42
1017.63
1019.18
1019.21
1019.58
1020.07
1020.75
1020.93
1021.18
1021.33
1021.99
1022.24
1022.84
1023.39
1023.91
1024.09
1024.38
1024.60
1025.17
1025.24
1026.09
1026.22
1027.15
1027.20
1027.34
1027.48
1028.42
1028.50
1029.54
1030.69
1031.90
1032.47
1032.71
1033.32
1033.33
1034.61
1034.65
1035.13
1035.30
1035.42
1035.44
1035.92
1036.08
1036.12
1036.41
1036.69
1037.62
1037.89
1037.91
1038.20
1038.33
1038.85
1039.65
1040.30
1040.40
1040.52
1041.34
1041.79
1041.87
1042.31
1042.44
1043.44
1043.51
1044.07
1044.93
1045.20
1045.36
1045.75
1045.93
1046.06
1046.36
1047.74
1048.01
1048.02
1049.00
1050.20
1050.23
1051.11
1051.20
1052.06
1052.08
1052.60
1052.77
1055.43
1055.69
1056.60
1057.81
1058.68
1059.16
1059.61
1059.70
1060.03
1060.03
1060.30
1060.47
1060.76
1061.19
1062.31
1063.04
1063.36
1063.56
1064.75
1065.71
1066.44
1067.58
1067.83
1067.91
1069.77
1069.87
1070.14
1070.50
1070.63
1071.17
1072.13
1072.14
1072.93
1074.86
1075.68
1076.04
1076.69
1077.64
1080.00
1080.01
1081.10
1081.79
1081.96
1082.28
1083.91
1084.58
1084.63
1084.76
1085.63
1086.57
1087.06
1087.17
1087.28
1087.44
1087.47
1087.47
1087.81
1088.58
1090.10
1090.36
1091.24
1091.56
1091.98
1093.30
1093.84
1094.00
1094.68
1094.71
1095.03
1096.20
1097.20
1097.86
1097.91
1101.33
1101.90
1102.24
1102.27
1102.51
1102.71
1102.82
1103.56
1104.23
1104.40
1104.67
1105.27
1105.40
1107.71
1109.75
1110.40
1111.73
1111.96
1112.05
1112.31
1112.38
1112.60
1114.54
1115.39
1115.51
1116.38
1116.99
1118.17
1119.61
1119.96
1120.06
1121.44
1121.47
1123.36
1124.21
1125.50
1126.32
1128.87
1130.15
1130.40
1131.47
1131.51
1131.87
1132.37
1132.43
1134.69
1135.21
1136.07
1136.80
1137.29
1137.98
1139.93
1140.84
1142.79
1142.79
1142.89
1143.10
1143.26
1144.61
1144.92
1145.22
1145.70
1146.41
1150.15
1150.68
1152.12
1152.99
1153.01
1153.68
1153.70
1153.74
1153.80
1154.06
1154.14
1155.35
1155.74
1157.28
1157.53
1158.59
1159.51
1159.82
1160.41
1161.64
1163.48
1163.77
1163.84
1164.27
1164.37
1165.13
1165.52
1165.65
1166.47
1166.47
1167.22
1168.21
1168.66
1169.73
1169.76
1170.14
1170.23
1170.69
1171.35
1171.37
1172.29
1172.41
1172.69
1172.86
1174.69
1174.95
1175.25
1175.93
1176.36
1177.03
1177.12
1178.43
1179.12
1179.17
1179.95
1179.98
1180.24
1181.06
1181.66
1183.95
1184.73
1186.69
1187.82
1187.99
1188.02
1188.21
1189.16
1189.43
1189.57
1191.27
1194.85
1195.60
1195.70
1195.77
1196.21
1196.48
1196.58
1196.69
1197.66
1197.85
1201.11
1201.12
1201.80
1202.20
1202.50
1203.20
1205.41
1207.25
1208.11
1209.29
1209.86
1211.15
1211.53
1211.74
1212.36
1212.51
1213.30
1213.70
1214.32
1215.10
1216.31
1217.83
1217.98
1218.18
1218.28
1220.86
1220.89
1221.01
1221.78
1221.97
1222.51
1222.96
1223.35
1224.57
1225.05
1225.37
1226.08
1227.38
1227.97
1228.34
1228.50
1228.51
1228.89
1229.55
1230.98
1231.00
1234.11
1234.38
1234.86
1235.20
1236.65
1236.94
1237.71
1238.77
1239.18
1240.66
1240.99
1241.01
1241.99
1243.02
1243.22
1243.84
1244.04
1244.78
1245.81
1247.32
1247.43
1248.17
1249.41
1250.07
1251.06
1252.01
1252.09
1254.40
1254.91
1256.52
1257.03
1257.07
1257.18
1259.43
1259.74
1260.44
1260.61
1261.82
1262.02
1262.32
1263.15
1263.44
1265.49
1265.96
1266.29
1267.08
1269.33
1269.66
1269.91
1270.21
1270.31
1270.67
1270.72
1271.27
1271.48
1273.31
1273.69
1273.71
1273.75
1275.23
1276.22
1276.38
1276.96
1277.14
1279.84
1281.80
1282.84
1282.86
1282.88
1283.71
1283.74
1284.00
1284.04
1284.64
1286.19
1287.83
1288.54
1288.60
1289.33
1289.56
1290.59
1290.79
1291.02
1292.11
1292.59
1293.33
1293.40
1293.82
1295.63
1295.73
1296.17
1296.50
1297.45
1297.84
1298.59
1299.05
1299.08
1299.42
1299.76
1300.64
1300.85
1300.88
1301.97
1302.46
1305.58
1308.02
1308.07
1310.01
1310.84
1311.14
1311.24
1313.61
1314.14
1314.69
1314.89
1317.94
1318.74
1319.38
1319.82
1319.88
1320.09
1321.42
1321.61
1321.87
1323.54
1323.70
1323.94
1324.06
1324.47
1324.86
1325.10
1325.40
1325.89
1326.68
1326.69
1326.91
1328.88
1329.30
1329.73
1330.88
1331.30
1331.34
1331.35
1331.41
1331.43
1331.50
1331.60
1331.67
1332.58
1332.71
1333.34
1334.02
1334.34
1335.86
1335.99
1336.45
1337.43
1338.30
1339.26
1339.46
1339.66
1340.27
1341.16
1342.20
1342.86
1343.93
1344.25
1344.38
1344.40
1344.48
1345.85
1346.16
1347.40
1347.98
1348.68
1349.02
1351.43
1351.57
1351.59
1352.54
1352.58
1353.47
1354.37
1354.54
1355.75
1356.24
1356.61
1357.42
1357.61
1359.49
1359.58
1359.71
1360.51
1361.42
1361.54
1362.36
1363.01
1363.99
1364.40
1364.86
1365.91
1366.25
1368.92
1372.08
1372.08
1372.88
1374.47
1374.67
1374.80
1375.68
1376.22
1376.78
1377.35
1377.91
1379.93
1382.69
1385.03
1386.60
1386.65
1386.90
1386.99
1387.22
1387.62
1388.18
1388.86
1389.31
1391.23
1393.91
1394.31
1394.32
1394.41
1395.30
1395.33
1395.66
1395.85
1397.42
1397.63
1397.87
1398.07
1398.29
1400.00
1400.32
1402.32
1404.09
1404.33
1404.51
1404.65
1406.55
1406.64
1407.05
1407.40
1407.84
1409.96
1409.99
1411.12
1411.43
1412.08
1414.01
1414.07
1415.97
1416.45
1417.29
1417.37
1417.84
1417.87
1417.96
1418.16
1419.50
1420.88
1421.05
1421.99
1423.90
1424.56
1424.70
1425.04
1425.47
1425.58
1425.95
1426.74
1427.11
1427.72
1427.94
1430.44
1430.77
1431.03
1431.73
1433.92
1434.74
1436.76
1437.80
1437.89
1439.79
1439.89
1440.07
1440.49
1441.23
1441.63
1446.48
1446.99
1447.35
1448.78
1449.30
1449.48
1449.61
1449.95
1450.63
1450.94
1451.40
1451.46
1452.12
1454.97
1455.60
1456.07
1457.61
1457.91
1458.23
1458.29
1458.62
1458.69
1458.78
1459.14
1461.01
1461.45
1461.52
1461.83
1461.86
1462.59
1462.99
1463.19
1463.32
1463.67
1464.14
1466.09
1466.35
1468.22
1468.73
1468.92
1469.22
1470.24
1470.67
1471.15
1471.38
1471.89
1472.24
1472.39
1472.88
1473.22
1473.58
1474.36
1475.32
1475.55
1475.59
1476.44
1476.58
1476.79
1477.25
1478.21
1479.13
1479.38
1479.48
1479.56
1481.78
1482.43
1483.37
1483.53
1483.73
1484.29
1484.34
1485.91
1486.55
1487.60
1488.28
1489.10
1491.92
1492.31
1493.66
1494.10
1494.20
1495.62
1498.73
1500.47
1500.47
1501.60
1502.08
1502.50
1503.88
1503.99
1504.22
1504.38
1504.56
1505.08
1505.30
1505.33
1505.95
1507.40
1508.80
1508.82
1509.13
1510.09
1510.31
1511.43
1512.33
1514.40
1515.17
1515.33
1515.76
1517.05
1518.92
1519.75
1519.86
1522.08
1524.03
1524.42
1524.64
1524.92
1525.23
1525.98
1526.02
1526.29
1526.49
1526.72
1527.16
1527.20
1527.31
1528.50
1529.94
1530.64
1530.82
1530.90
1531.30
1531.57
1532.01
1532.05
1532.35
1533.27
1533.46
1535.00
1536.35
1538.18
1540.52
1540.59
1541.19
1542.09
1542.43
1542.58
1546.07
1548.65
1548.91
1549.20
1549.23
1549.35
1549.58
1550.21
1551.18
1552.86
1553.01
1556.68
1562.82
1563.41
1563.46
1564.98
1566.02
1567.63
1567.65
1568.85
1570.46
1570.50
1571.57
1571.67
1573.42
1574.62
1575.13
1575.89
1576.70
1576.78
1578.69
1579.84
1580.68
1581.26
1582.61
1582.87
1584.05
1584.49
1584.70
1585.09
1585.21
1586.09
1586.35
1586.78
1587.50
1588.06
1588.27
1592.90
1595.83
1597.51
1599.38
1599.96
1601.30
1601.63
1601.73
1601.80
1602.51
1607.48
1607.93
1608.68
1609.44
1610.21
1611.05
1611.10
1611.38
1612.41
1613.68
1614.66
1614.82
1615.03
1615.81
1617.00
1617.11
1617.49
1618.73
1619.56
1619.59
1620.03
1620.07
1620.24
1620.49
1623.59
1623.70
1625.30
1626.64
1627.23
1627.29
1629.47
1629.51
1631.16
1631.18
1632.28
1632.61
1633.18
1633.43
1633.62
1635.49
1636.26
1636.38
1636.54
1637.03
1637.69
1638.88
1639.06
1639.59
1640.76
1641.36
1641.66
1642.59
1643.69
1644.60
1646.70
1646.93
1646.98
1647.02
1647.96
1647.98
1649.44
1649.57
1650.03
1650.73
1655.47
1655.72
1655.72
1656.06
1656.99
1659.09
1659.47
1660.01
1661.55
1662.09
1662.25
1663.24
1663.33
1664.90
1665.33
1665.53
1665.77
1667.03
1668.04
1668.56
1670.04
1673.10
1673.35
1673.68
1674.08
1675.89
1676.03
1678.94
1679.25
1680.54
1680.63
1680.76
1681.17
1681.34
1681.34
1681.56
1682.12
1684.12
1685.25
1688.32
1689.05
1691.06
1691.08
1691.89
1695.51
1696.19
1696.21
1698.14
1700.49
1700.86
1701.49
1702.98
1703.22
1704.08
1704.84
1705.71
1706.48
1706.93
1707.72
1708.35
1708.72
1710.86
1711.42
1711.72
1712.01
1714.20
1714.44
1715.76
1715.93
1717.02
1718.32
1719.59
1720.01
1720.46
1720.83
1722.72
1724.88
1726.04
1726.76
1730.58
1731.27
1732.57
1732.94
1733.22
1733.34
1733.50
1733.62
1734.24
1736.45
1736.62
1736.86
1738.18
1738.20
1738.48
1738.82
1739.14
1740.21
1741.44
1742.40
1743.04
1743.42
1743.45
1744.72
1744.78
1745.08
1746.89
1749.39
1750.13
1750.24
1750.33
1752.15
1752.63
1754.71
1755.13
1756.23
1756.50
1757.68
1757.75
1762.55
1762.61
1763.66
1763.74
1764.31
1765.21
1766.20
1767.23
1767.31
1767.58
1768.92
1769.09
1771.37
1772.25
1772.77
1773.02
1773.92
1775.95
1776.90
1777.47
1777.68
1778.13
1778.15
1778.34
1778.43
1779.03
1779.38
1781.01
1781.71
1782.19
1782.60
1783.91
1786.11
1786.59
1788.86
1790.60
1791.41
1791.97
1792.34
1792.34
1792.38
1793.47
1793.86
1794.61
1796.25
1798.11
1798.52
1798.54
1798.73
1798.93
1799.28
1800.72
1800.84
1801.23
1801.54
1802.75
1803.12
1804.37
1805.19
1805.54
1808.51
1808.82
1809.00
1809.06
1810.86
1811.53
1812.51
1813.82
1814.06
1814.27
1815.73
1816.85
1817.14
1817.79
1818.01
1819.19
1821.43
1822.42
1824.00
1825.36
1825.42
1825.56
1826.35
1827.77
1828.50
1828.56
1830.14
1831.37
1833.14
1833.28
1833.45
1833.83
1835.02
1835.08
1837.55
1837.65
1839.50
1840.97
1842.08
1842.18
1842.78
1843.06
1843.44
1844.22
1845.78
1846.00
1847.33
1848.59
1849.57
1851.42
1852.02
1852.40
1852.92
1853.70
1854.02
1854.28
1854.50
1856.01
1856.51
1857.07
1858.70
1859.18
1859.57
1860.33
1860.43
1860.96
1862.35
1864.28
1864.58
1864.91
1865.09
1865.23
1865.23
1865.39
1866.42
1867.19
1867.55
1868.54
1868.85
1873.20
1873.22
1874.07
1874.31
1874.94
1874.98
1875.67
1876.87
1877.78
1878.60
1879.98
1880.24
1880.30
1881.30
1882.03
1882.18
1882.46
1882.97
1883.18
1883.60
1885.85
1885.99
1886.30
1886.83
1887.32
1887.97
1888.42
1890.50
1891.20
1892.18
1892.26
1892.49
1893.21
1893.45
1894.23
1896.30
1898.42
1898.56
1899.63
1900.02
1900.84
1901.29
1902.65
1903.41
1904.34
1907.62
1907.89
1910.53
1911.34
1911.71
1912.31
1912.73
1913.88
1914.34
1914.65
1915.44
1916.04
1917.97
1919.05
1919.11
1919.63
1922.52
1922.75
1922.85
1923.81
1924.93
1925.16
1926.79
1928.60
1929.08
1929.17
1930.59
1930.90
1931.40
1932.47
1933.51
1934.03
1934.66
1936.82
1937.26
1937.85
1938.48
1940.60
1940.89
1942.65
1943.66
1947.50
1947.62
1950.49
1951.12
1952.60
1952.75
1953.57
1954.86
1955.29
1955.56
1956.26
1957.68
1958.33
1960.03
1962.24
1963.00
1964.68
1966.00
1967.21
1968.02
1968.28
1970.85
1970.85
1971.47
1971.62
1971.71
1972.03
1972.20
1975.49
1975.68
1976.60
1977.07
1978.35
1981.18
1981.40
1981.52
1981.59
1982.15
1983.48
1983.91
1986.57
1987.24
1988.66
1988.96
1989.71
1990.01
1991.82
1994.02
1994.24
1995.01
1995.23
1996.03
1996.18
1996.59
1997.13
1997.35
1997.86
1997.86
1998.75
1999.25
1999.29
2000.37
2000.48
2005.42
2008.05
2008.29
2008.75
2009.35
2011.05
2011.88
2012.46
2012.84
2013.92
2014.12
2014.91
2016.17
2016.28
2016.39
2017.78
2019.03
2021.59
2023.03
2024.13
2024.83
2025.59
2025.94
2026.10
2026.82
2028.47
2028.66
2029.54
2032.82
2034.53
2036.93
2038.30
2038.57
2039.43
2040.40
2041.52
2043.36
2047.63
2047.72
2048.01
2048.38
2048.41
2049.16
2050.51
2051.53
2052.49
2054.71
2055.69
2055.80
2056.29
2057.33
2059.12
2059.45
2060.25
2061.21
2063.31
2065.36
2066.08
2066.24
2067.13
2067.13
2069.21
2069.52
2069.77
2069.86
2070.78
2072.55
2073.92
2075.98
2078.34
2078.39
2078.43
2078.93
2079.08
2079.78
2079.83
2080.03
2080.28
2080.46
2080.48
2083.77
2086.61
2086.75
2087.04
2088.49
2090.57
2090.88
2091.18
2091.34
2091.86
2093.42
2094.26
2096.12
2096.82
2100.00
2100.61
2101.04
2101.98
2103.07
2103.68
2104.68
2104.87
2105.12
2106.57
2107.97
2108.60
2108.67
2108.99
2109.08
2110.73
2111.09
2112.12
2116.03
2116.83
2117.84
2119.86
2121.97
2125.90
2126.01
2131.87
2133.13
2133.37
2133.80
2134.57
2134.84
2135.21
2135.86
2139.54
2141.64
2142.29
2143.36
2145.10
2146.26
2146.96
2147.65
2148.77
2151.07
2152.10
2152.21
2153.94
2154.99
2156.01
2158.32
2160.89
2161.17
2162.65
2162.79
2163.07
2164.38
2164.43
2164.59
2166.30
2166.86
2167.73
2168.34
2168.93
2169.14
2169.21
2169.35
2170.69
2173.56
2174.14
2174.17
2174.31
2174.52
2174.64
2174.83
2176.90
2180.01
2180.43
2183.24
2184.31
2185.49
2185.73
2185.75
2186.34
2187.31
2188.52
2188.73
2189.04
2190.67
2191.41
2191.79
2193.85
2197.72
2198.49
2198.56
2199.15
2201.13
2202.22
2205.23
2205.90
2209.00
2209.45
2209.65
2213.14
2213.38
2215.44
2217.53
2220.09
2221.03
2226.73
2230.16
2230.45
2231.36
2231.85
2231.94
2232.19
2233.54
2235.69
2236.30
2236.39
2238.64
2241.21
2241.38
2243.01
2243.74
2244.27
2245.99
2246.75
2246.85
2247.26
2247.55
2249.11
2250.35
2250.86
2251.01
2251.96
2252.74
2253.03
2253.10
2254.25
2255.32
2255.74
2256.05
2256.79
2257.03
2257.76
2258.20
2259.99
2260.31
2261.77
2263.07
2263.76
2264.64
2265.40
2266.80
2268.54
2269.42
2269.94
2270.60
2271.34
2271.76
2272.42
2272.96
2274.61
2275.15
2275.59
2279.63
2279.63
2279.73
2280.00
2280.60
2282.00
2282.10
2282.15
2283.11
2285.24
2285.56
2286.77
2291.16
2291.36
2291.50
2291.83
2292.72
2293.71
2295.47
2296.44
2297.76
2302.46
2303.49
2303.76
2304.41
2305.03
2305.23
2305.38
2305.83
2308.23
2308.60
2308.90
2309.93
2310.40
2310.73
2310.98
2311.00
2311.23
2313.08
2313.45
2313.53
2314.73
2314.98
2317.41
2318.34
2320.30
2321.15
2322.91
2323.01
2324.19
2324.87
2326.33
2328.32
2328.42
2329.88
2330.13
2330.51
2330.56
2331.22
2332.50
2332.81
2333.39
2334.90
2336.62
2336.85
2339.05
2343.53
2344.80
2345.18
2345.71
2345.84
2345.87
2346.81
2347.21
2347.92
2348.33
2348.97
2349.45
2349.91
2351.15
2351.66
2355.02
2356.02
2356.25
2357.42
2357.62
2357.85
2359.15
2359.49
2359.69
2360.63
2364.47
2365.06
2365.47
2366.13
2366.85
2368.31
2369.36
2369.62
2370.05
2371.39
2374.65
2376.63
2376.73
2376.91
2377.04
2377.32
2379.56
2380.02
2380.28
2380.67
2381.29
2381.62
2383.99
2384.17
2385.18
2385.49
2388.33
2390.97
2392.36
2393.14
2393.27
2393.48
2394.80
2398.87
2399.08
2399.16
2399.67
2399.99
2400.12
2400.22
2400.69
2401.10
2402.19
2403.16
2404.61
2406.02
2407.22
2407.97
2409.09
2410.19
2411.54
2413.24
2413.32
2414.10
2414.83
2415.70
2417.42
2418.18
2419.04
2422.11
2428.43
2429.67
2431.32
2431.85
2432.03
2432.77
2433.96
2434.96
2438.04
2438.15
2440.76
2441.39
2445.36
2445.44
2445.57
2446.15
2446.44
2451.88
2452.73
2452.81
2453.02
2453.52
2454.19
2454.72
2456.52
2458.07
2459.40
2459.56
2461.71
2462.24
2462.86
2463.42
2466.27
2468.27
2472.87
2473.89
2476.03
2476.65
2477.10
2477.21
2478.58
2478.93
2481.69
2481.96
2482.23
2483.19
2485.53
2485.75
2488.95
2489.25
2489.52
2490.75
2490.84
2491.19
2492.51
2493.56
2493.96
2495.83
2497.61
2499.07
2499.66
2503.18
2503.26
2503.70
2506.60
2507.57
2508.33
2508.41
2508.66
2511.43
2512.05
2512.35
2512.95
2513.50
2514.50
2514.75
2521.61
2524.07
2525.35
2525.35
2527.62
2527.90
2529.40
2532.17
2533.26
2534.08
2535.10
2535.13
2536.20
2537.27
2540.78
2542.96
2543.01
2544.17
2546.62
2549.29
2552.00
2552.25
2553.24
2553.41
2555.78
2556.14
2557.03
2558.13
2559.85
2560.96
2561.18
2561.18
2561.82
2561.98
2565.65
2565.92
2566.73
2566.84
2568.12
2568.37
2571.84
2572.12
2572.21
2574.32
2574.77
2576.16
2577.67
2579.12
2579.23
2581.32
2584.31
2587.61
2590.25
2594.26
2594.62
2595.44
2596.73
2596.84
2597.35
2597.91
2598.30
2598.47
2601.90
2602.89
2604.19
2604.97
2607.71
2608.81
2609.26
2610.76
2613.16
2613.61
2615.23
2617.09
2617.35
2617.38
2617.52
2619.36
2622.11
2622.20
2623.64
2625.52
2627.42
2628.08
2628.33
2629.16
2636.56
2637.05
2637.45
2637.68
2639.13
2643.33
2646.51
2647.40
2647.88
2649.06
2649.17
2649.63
2652.33
2652.93
2655.49
2657.21
2657.64
2659.80
2665.48
2666.02
2666.77
2667.81
2669.80
2672.46
2676.57
2678.25
2679.93
2686.15
2686.52
2687.25
2690.42
2690.51
2691.06
2691.38
2692.17
2693.22
2693.86
2693.92
2694.76
2695.06
2695.32
2695.43
2696.19
2696.57
2697.18
2697.27
2697.88
2698.64
2698.82
2699.46
2700.45
2701.10
2703.44
2704.99
2705.16
2705.78
2709.56
2710.38
2713.43
2714.49
2715.72
2715.78
2716.10
2719.43
2720.31
2720.54
2722.43
2722.87
2724.17
2724.73
2724.93
2725.88
2726.32
2727.44
2736.16
2738.50
2739.63
2740.75
2741.23
2741.82
2742.47
2742.47
2743.07
2743.13
2745.00
2746.21
2746.51
2747.28
2749.01
2749.63
2750.14
2750.62
2751.27
2754.04
2755.11
2756.13
2757.98
2758.13
2758.75
2758.87
2759.32
2760.36
2761.41
2762.31
2770.12
2770.24
2771.71
2772.19
2774.38
2775.43
2776.12
2776.30
2776.72
2778.43
2778.52
2780.00
2783.73
2786.08
2787.01
2789.10
2796.56
2798.80
2799.44
2799.50
2801.37
2803.89
2806.84
2807.02
2807.44
2808.32
2810.60
2811.36
2811.70
2812.67
2813.07
2814.77
2815.20
2816.05
2818.09
2819.89
2820.66
2822.82
2823.92
2825.30
2825.88
2826.40
2826.58
2826.68
2826.77
2829.92
2832.49
2834.03
2834.06
2835.44
2836.14
2836.66
2837.65
2838.29
2838.48
2840.23
2841.09
2842.19
2843.24
2844.47
2845.58
2846.01
2847.92
2848.17
2850.29
2850.63
2851.74
2852.82
2853.81
2856.25
2856.75
2860.58
2863.68
2865.38
2868.92
2870.66
2873.64
2874.42
2874.89
2876.32
2877.19
2879.06
2879.80
2882.89
2882.98
2885.67
2892.48
2892.76
2893.30
2894.05
2895.90
2897.15
2897.24
2897.84
2898.15
2899.72
2900.03
2903.27
2903.55
2904.05
2905.03
2905.56
2905.85
2906.79
2907.10
2908.14
2908.64
2908.64
2911.01
2911.76
2912.68
2912.99
2916.87
2921.80
2921.86
2923.09
2924.14
2924.87
2925.94
2926.70
2928.03
2929.30
2929.84
2930.22
2930.57
2933.61
2936.28
2938.35
2942.77
2943.63
2944.90
2946.27
2947.29
2947.55
2948.54
2950.68
2951.47
2952.62
2954.80
2955.08
2956.24
2956.97
2957.64
2957.74
2958.16
2960.14
2960.17
2961.97
2964.53
2969.12
2970.73
2971.15
2972.69
2972.79
2972.82
2973.21
2973.53
2974.36
2974.75
2975.59
2979.42
2980.42
2982.16
2984.97
2985.33
2991.63
2992.25
2996.39
2996.85
2997.37
2999.28
3003.11
3005.39
3005.65
3006.20
3008.09
3008.71
3010.85
3011.64
3014.60
3015.61
3017.83
3018.91
3020.68
3025.19
3027.88
3031.02
3031.25
3031.32
3032.56
3033.91
3041.07
3042.26
3042.72
3045.78
3046.41
3047.73
3050.86
3056.45
3056.91
3060.68
3061.97
3063.83
3065.95
3070.43
3070.77
3071.03
3075.82
3076.49
3076.82
3077.25
3077.95
3080.42
3082.28
3083.12
3089.59
3089.83
3091.20
3092.37
3094.38
3097.16
3097.53
3099.24
3100.38
3102.93
3103.73
3104.71
3105.31
3106.56
3107.03
3107.33
3110.79
3111.57
3111.64
3112.58
3115.38
3115.78
3120.00
3120.71
3122.46
3128.04
3128.48
3128.55
3129.90
3130.51
3130.85
3131.70
3132.21
3132.27
3132.31
3136.34
3137.84
3139.57
3139.88
3141.17
3142.97
3143.38
3147.80
3155.81
3157.56
3157.76
3159.03
3159.27
3160.84
3162.24
3163.54
3164.23
3164.67
3167.82
3168.54
3169.95
3170.74
3171.29
3171.32
3171.70
3172.11
3172.32
3172.97
3176.71
3176.95
3177.23
3179.74
3180.91
3181.77
3181.84
3182.11
3182.53
3182.56
3183.42
3185.63
3187.14
3187.42
3188.59
3193.81
3195.05
3195.15
3195.36
3195.57
3197.19
3197.33
3198.23
3200.10
3202.42
3204.92
3206.13
3210.12
3210.19
3211.58
3215.51
3216.14
3219.97
3221.22
3221.92
3222.20
3225.27
3226.80
3227.50
3230.37
3231.42
3232.60
3232.88
3233.79
3234.35
3238.49
3242.13
3242.38
3242.80
3244.45
3247.01
3247.82
3248.70
3250.46
3250.84
3251.27
3252.74
3254.08
3254.57
3255.45
3256.30
3259.01
3271.38
3271.59
3274.21
3274.85
3277.79
3277.90
3280.88
3281.55
3284.04
3288.52
3289.69
3290.01
3291.94
3293.51
3295.32
3295.79
3297.89
3298.21
3299.71
3300.18
3300.60
3301.57
3304.18
3307.00
3307.36
3307.97
3308.90
3309.65
3311.48
3314.53
3316.00
3320.66
3323.83
3323.93
3327.71
3328.69
3330.85
3330.99
3332.22
3332.54
3334.42
3335.28
3335.82
3338.53
3343.77
3343.99
3345.19
3345.95
3349.93
3352.83
3353.01
3356.39
3356.71
3357.99
3359.33
3362.09
3362.93
3363.88
3366.21
3366.57
3368.47
3368.54
3369.20
3369.96
3374.49
3376.46
3378.14
3378.36
3378.65
3378.83
3380.15
3380.84
3381.76
3381.83
3382.20
3383.63
3384.25
3389.45
3394.74
3396.13
3397.38
3398.89
3402.38
3405.11
3406.33
3406.40
3407.54
3408.50
3410.79
3413.19
3416.11
3416.29
3420.58
3420.84
3423.58
3424.80
3426.03
3431.63
3431.89
3433.71
3434.27
3438.47
3439.70
3439.88
3441.15
3441.41
3442.79
3446.70
3446.96
3451.14
3452.00
3453.08
3454.73
3455.55
3456.71
3456.78
3459.48
3459.63
3466.56
3467.23
3471.51
3474.29
3477.26
3478.58
3478.85
3482.08
3482.12
3483.63
3484.68
3485.82
3486.83
3487.06
3487.06
3488.23
3494.39
3495.33
3495.37
3495.79
3498.17
3499.80
3502.37
3506.32
3506.66
3509.09
3514.75
3518.21
3520.80
3521.53
3523.66
3527.63
3528.24
3528.66
3531.83
3533.05
3533.97
3534.47
3536.91
3537.87
3538.18
3538.71
3539.06
3541.13
3542.85
3545.00
3546.61
3546.84
3547.42
3549.83
3551.06
3553.45
3555.22
3570.91
3574.39
3575.47
3575.58
3575.70
3575.78
3577.44
3578.02
3578.41
3578.72
3583.21
3585.11
3586.43
3590.47
3592.80
3593.66
3594.55
3596.54
3601.05
3602.85
3604.52
3605.50
3606.55
3607.10
3610.06
3611.00
3613.74
3616.28
3616.52
3616.55
3617.81
3623.88
3624.70
3625.29
3627.37
3634.32
3637.98
3638.38
3642.20
3645.15
3647.28
3647.52
3647.64
3648.90
3649.85
3654.75
3655.74
3659.50
3664.45
3666.47
3673.74
3675.57
3676.92
3679.19
3680.78
3682.97
3683.53
3689.32
3691.55
3691.75
3692.75
3693.23
3695.43
3701.31
3702.07
3703.63
3708.89
3709.13
3711.01
3712.78
3722.36
3722.84
3723.08
3724.37
3724.69
3729.01
3731.47
3732.88
3735.71
3740.28
3741.01
3741.29
3745.59
3746.03
3750.74
3751.43
3752.16
3756.10
3757.76
3759.84
3760.00
3762.12
3765.54
3766.03
3769.25
3769.98
3775.21
3775.78
3780.19
3782.65
3783.79
3784.08
3788.42
3789.82
3795.44
3800.70
3803.17
3805.02
3808.27
3809.76
3810.87
3812.39
3815.49
3816.15
3818.34
3819.00
3820.28
3825.95
3826.57
3830.26
3831.00
3832.91
3837.72
3838.47
3841.79
3849.95
3852.45
3853.70
3856.83
3857.37
3858.42
3858.83
3859.46
3859.50
3859.58
3861.09
3861.30
3862.13
3865.64
3868.32
3874.23
3875.23
3879.30
3880.94
3881.61
3883.21
3884.39
3888.46
3890.69
3892.51
3895.58
3899.80
3900.01
3904.27
3904.61
3907.74
3907.78
3909.35
3915.10
3919.55
3919.85
3919.98
3921.33
3922.65
3923.24
3923.88
3925.79
3926.98
3927.41
3929.40
3931.57
3931.70
3934.77
3937.32
3937.96
3941.58
3943.54
3943.67
3949.44
3951.83
3956.41
3960.26
3961.81
3961.98
3962.41
3963.74
3967.34
3968.97
3969.23
3971.68
3976.28
3977.01
3978.95
3981.70
3984.85
3992.06
3997.85
3999.62
4003.35
4006.81
4013.80
4016.32
4017.32
4019.67
4021.58
4026.72
4028.02
4030.16
4030.64
4032.82
4033.13
4034.57
4036.79
4037.97
4042.61
4043.26
4043.44
4045.01
4046.85
4051.63
4054.17
4056.63
4057.73
4060.93
4061.24
4063.17
4063.31
4064.49
4064.89
4067.13
4070.83
4071.27
4071.53
4072.24
4079.56
4079.78
4079.96
4080.31
4088.40
4089.06
4090.21
4091.19
4092.74
4093.93
4094.51
4096.19
4096.59
4097.34
4097.34
4101.69
4102.71
4103.15
4106.09
4106.71
4120.19
4121.26
4121.58
4121.84
4122.07
4126.13
4126.57
4129.70
4134.57
4135.02
4135.60
4139.77
4140.62
4140.98
4142.23
4145.95
4146.45
4146.71
4154.17
4156.28
4157.50
4157.63
4158.94
4163.17
4166.41
4168.17
4169.89
4170.65
4175.80
4177.52
4179.28
4179.82
4185.98
4186.39
4191.10
4196.00
4202.04
4202.81
4204.82
4204.91
4209.78
4212.97
4221.91
4223.74
4228.22
4233.44
4235.82
4238.11
4239.67
4244.12
4244.40
4246.01
4250.28
4255.62
4259.90
4262.21
4263.36
4263.87
4264.05
4266.04
4267.56
4275.47
4277.78
4283.43
4291.27
4293.54
4295.22
4295.31
4297.91
4299.17
4301.96
4302.57
4303.54
4316.18
4318.10
4318.14
4318.98
4320.48
4321.23
4323.66
4326.47
4331.34
4332.23
4333.17
4333.87
4333.92
4334.25
4337.95
4338.70
4342.13
4342.60
4343.49
4346.03
4346.17
4353.70
4356.01
4356.58
4356.67
4361.25
4365.35
4367.29
4369.04
4369.32
4370.03
4374.62
4376.42
4380.50
4380.59
4385.57
4389.46
4390.03
4390.65
4391.12
4393.55
4399.59
4406.40
4417.76
4419.34
4420.39
4425.56
4427.33
4427.67
4431.46
4432.03
4433.33
4434.33
4434.57
4437.69
4437.74
4439.37
4440.09
4443.36
4444.32
4447.79
4448.80
4455.11
4459.35
4463.26
4463.89
4464.18
4464.57
4465.10
4469.45
4471.00
4471.62
4482.91
4483.40
4485.87
4486.94
4487.62
4487.81
4497.68
4500.26
4504.21
4514.45
4514.89
4516.99
4518.02
4521.49
4522.18
4526.48
4527.22
4528.44
4531.19
4536.29
4541.15
4543.02
4548.33
4555.87
4556.46
4557.84
4558.38
4559.96
4560.75
4561.10
4562.28
4563.91
4565.59
4567.22
4567.86
4567.96
4568.01
4573.70
4574.69
4578.60
4582.27
4583.60
4584.55
4589.66
4592.19
4592.19
4596.17
4601.05
4604.33
4606.72
4614.11
4615.95
4616.35
4617.90
4620.80
4621.50
4624.60
4625.15
4625.30
4629.21
4634.47
4637.63
4638.84
4639.44
4644.41
4651.65
4655.38
4656.84
4657.49
4658.20
4658.40
4658.75
4661.83
4664.96
4666.62
4669.20
4669.55
4675.06
4676.13
4677.14
4678.25
4679.21
4679.42
4682.66
4684.94
4686.51
4687.07
4687.93
4688.18
4689.86
4692.34
4697.83
4700.73
4707.55
4710.66
4715.04
4716.47
4717.44
4718.26
4720.76
4722.75
4723.52
4729.09
4731.19
4734.67
4735.85
4736.06
4739.64
4741.49
4741.49
4742.16
4742.16
4743.85
4746.01
4746.11
4748.42
4754.75
4763.60
4764.79
4769.38
4774.80
4780.33
4780.54
4781.83
4784.42
4785.45
4788.15
4789.60
4793.80
4800.91
4801.38
4805.33
4809.12
4810.32
4811.26
4813.60
4824.08
4824.97
4832.96
4833.28
4834.37
4835.68
4836.57
4837.93
4842.07
4842.44
4847.00
4852.45
4853.87
4854.29
4855.92
4856.97
4858.55
4859.70
4866.65
4866.75
4876.88
4877.40
4878.62
4879.78
4881.68
4881.79
4885.85
4886.75
4890.24
4894.64
4894.74
4902.85
4905.40
4905.61
4906.46
4906.73
4907.31
4907.52
4918.31
4918.37
4920.50
4924.12
4931.26
4935.05
4940.29
4940.72
4948.21
4951.36
4951.58
4951.74
4956.40
4962.25
4966.93
4972.63
4979.03
4984.53
4985.61
4989.01
4990.47
4992.25
4993.81
4994.41
4999.06
5003.12
5004.52
5006.58
5007.77
5007.83
5007.94
5009.13
5009.29
5012.22
5013.03
5019.65
5020.90
5021.50
5026.45
5026.67
5029.77
5031.07
5033.09
5038.54
5038.70
5040.06
5040.39
5040.61
5042.03
5045.25
5046.50
5047.87
5055.63
5057.98
5058.31
5061.10
5062.85
5064.77
5070.20
5071.52
5077.72
5081.02
5083.44
5093.79
5097.92
5100.08
5103.17
5106.87
5107.25
5109.24
5109.85
5117.21
5117.27
5117.88
5118.37
5121.42
5122.97
5130.13
5130.68
5138.96
5140.46
5142.02
5142.74
5148.25
5148.70
5150.04
5150.98
5151.15
5155.11
5156.17
5167.73
5169.75
5169.86
5174.05
5174.22
5179.82
5182.29
5183.92
5188.63
5190.93
5191.66
5192.79
5195.82
5196.72
5198.52
5201.05
5201.39
5204.32
5208.32
5209.67
5215.08
5217.28
5218.24
5220.22
5224.12
5225.87
5227.06
5233.34
5239.01
5239.86
5243.88
5244.85
5244.90
5250.87
5251.09
5252.00
5257.40
5260.25
5265.83
5266.46
5269.36
5269.65
5271.76
5275.07
5280.84
5282.61
5284.55
5284.55
5288.15
5289.30
5291.47
5292.45
5293.59
5300.58
5302.02
5303.34
5304.89
5319.03
5320.93
5330.38
5330.43
5331.53
5331.99
5332.39
5336.32
5341.34
5341.40
5347.30
5350.72
5353.21
5353.44
5356.16
5356.28
5356.62
5358.88
5359.12
5359.17
5359.81
5359.93
5361.03
5372.18
5375.84
5377.41
5377.94
5383.41
5388.95
5389.00
5389.18
5390.46
5390.69
5391.63
5395.07
5396.06
5396.41
5401.26
5414.90
5416.95
5419.00
5420.88
5421.05
5424.57
5433.03
5436.15
5437.21
5439.32
5440.03
5441.68
5441.68
5442.44
5443.50
5450.16
5453.29
5468.12
5469.24
5470.60
5477.48
5478.66
5479.91
5480.80
5484.89
5496.41
5497.90
5500.10
5508.50
5508.86
5515.95
5517.80
5518.52
5525.51
5532.45
5533.77
5540.24
5543.18
5544.08
5546.36
5547.44
5555.24
5555.42
5555.55
5555.85
5560.78
5572.04
5572.46
5574.81
5578.49
5579.04
5585.62
5587.19
5587.92
5588.76
5590.46
5595.24
5595.24
5599.24
5599.48
5601.23
5601.84
5602.14
5603.48
5609.54
5618.47
5624.56
5631.74
5631.92
5632.59
5632.84
5638.75
5642.48
5643.94
5645.53
5645.59
5645.96
5646.81
5649.38
5654.52
5656.72
5658.86
5659.66
5663.09
5676.03
5676.34
5680.15
5680.88
5687.77
5693.62
5696.27
5698.43
5701.64
5704.29
5707.69
5709.35
5715.66
5722.28
5727.23
5727.67
5728.10
5729.22
5734.67
5740.94
5748.96
5749.77
5752.39
5755.12
5755.12
5755.37
5759.17
5761.79
5763.41
5763.41
5765.28
5766.84
5768.34
5770.09
5775.46
5776.33
5782.90
5785.53
5786.28
5791.54
5793.23
5795.11
5795.87
5796.31
5799.19
5799.69
5800.76
5803.90
5806.54
5812.13
5820.31
5822.33
5824.91
5825.35
5834.37
5834.50
5838.73
5844.55
5845.37
5848.09
5851.38
5860.31
5865.64
5866.28
5874.02
5879.94
5881.78
5882.74
5884.27
5886.75
5887.58
5889.43
5890.57
5902.82
5904.48
5911.64
5913.43
5917.59
5918.04
5918.36
5919.90
5920.54
5923.74
5930.16
5930.80
5934.84
5937.99
5938.89
5941.72
5942.49
5945.83
5949.11
5950.53
5950.72
5951.69
5956.26
5962.39
5965.10
5966.33
5970.39
5973.24
5974.59
5976.15
5978.99
5982.36
5986.18
5986.63
5991.49
5992.40
6000.25
6003.24
6003.50
6004.79
6007.39
6007.91
6008.76
6010.97
6011.62
6012.73
6016.70
6022.17
6029.86
6032.93
6034.56
6043.64
6043.84
6048.74
6049.53
6050.77
6052.61
6058.31
6061.91
6062.83
6069.59
6075.70
6075.90
6076.62
6083.00
6084.52
6086.69
6088.54
6091.83
6092.36
6096.45
6098.10
6099.61
6102.19
6103.64
6103.90
6104.10
6106.35
6111.64
6116.07
6117.86
6122.69
6127.06
6130.31
6145.12
6145.25
6146.78
6149.78
6159.30
6164.23
6168.64
6169.04
6169.44
6176.99
6179.46
6180.19
6183.00
6192.31
6193.25
6200.69
6203.31
6210.56
6216.07
6223.95
6224.08
6225.02
6225.16
6231.83
6233.38
6237.36
6239.72
6243.03
6247.83
6249.12
6249.59
6250.54
6252.97
6257.91
6279.21
6280.91
6281.32
6289.54
6290.56
6291.72
6292.74
6293.42
6296.97
6299.21
6308.15
6312.11
6312.25
6313.95
6316.21
6316.82
6319.83
6324.00
6324.21
6324.48
6327.08
6329.75
6331.81
6333.32
6337.57
6342.37
6358.93
6359.41
6360.58
6361.96
6366.57
6368.15
6371.39
6372.43
6374.98
6375.46
6394.94
6406.44
6408.31
6411.64
6415.53
6416.29
6421.22
6423.10
6424.91
6429.91
6430.75
6443.56
6447.82
6449.91
6456.05
6456.12
6456.75
6456.89
6467.24
6467.87
6468.78
6474.80
6479.43
6481.53
6486.44
6487.35
6494.10
6502.39
6502.74
6503.17
6503.80
6504.57
6511.76
6512.39
6516.62
6517.25
6517.96
6518.66
6521.27
6521.56
6526.57
6529.89
6532.01
6536.75
6547.50
6547.86
6548.36
6555.59
6555.66
6566.87
6568.65
6570.28
6573.77
6584.02
6587.30
6589.36
6592.79
6593.22
6602.35
6602.57
6608.36
6610.93
6611.93
6616.58
6622.89
6634.00
6639.60
6641.04
6645.35
6648.16
6649.45
6656.22
6661.98
6665.66
6666.89
6669.27
6679.31
6684.66
6695.08
6704.14
6709.66
6717.43
6725.28
6731.54
6733.58
6736.28
6739.41
6756.72
6758.03
6770.62
6772.45
6805.66
6815.38
6819.96
6821.87
6824.31
6833.18
6837.76
6838.65
6841.31
6841.31
6846.05
6847.31
6847.54
6849.09
6851.98
6854.13
6857.77
6858.21
6860.07
6864.00
6866.53
6867.27
6872.33
6874.41
6882.15
6886.84
6892.58
6902.13
6905.42
6905.57
6932.07
6941.23
6950.09
6956.79
6961.53
6967.41
6969.14
6983.56
6984.32
6989.76
6991.20
6992.18
7002.40
7006.49
7008.09
7008.62
7015.75
7031.63
7037.87
7039.93
7043.74
7065.11
7066.10
7067.33
7070.92
7074.98
7078.35
7078.50
7097.37
7099.82
7100.98
7101.98
7108.90
7121.75
7126.15
7126.68
7127.30
7128.23
7138.88
7140.89
7141.74
7148.46
7153.72
7158.60
7159.92
7162.24
7163.33
7177.29
7185.06
7185.92
7189.88
7207.02
7207.25
7211.54
7222.71
7222.87
7230.29
7231.78
7234.36
7237.57
7240.24
7240.63
7241.26
7242.90
7249.33
7252.70
7264.33
7264.80
7265.43
7266.37
7268.34
7269.12
7272.58
7273.13
7275.18
7283.61
7288.02
7296.15
7297.57
7299.54
7302.78
7319.24
7321.53
7325.65
7338.19
7340.41
7341.92
7346.61
7355.52
7357.43
7359.34
7359.90
7363.32
7364.20
7367.47
7376.56
7377.28
7377.68
7380.31
7384.22
7398.94
7399.98
7401.74
7413.60
7418.50
7421.79
7429.66
7432.88
7433.60
7435.29
7439.72
7440.93
7443.34
7448.98
7453.09
7453.74
7453.98
7458.74
7463.99
7473.52
7481.37
7481.53
7485.74
7486.07
7491.09
7495.15
7497.90
7505.45
7506.18
7506.67
7506.83
7512.28
7514.96
7523.83
7524.40
7548.78
7549.68
7552.13
7552.62
7558.67
7558.99
7560.71
7566.69
7569.88
7579.80
7590.79
7593.26
7594.82
7595.23
7614.98
7620.75
7627.35
7635.69
7650.08
7653.72
7654.47
7656.20
7657.61
7660.93
7667.31
7667.31
7672.21
7681.43
7697.65
7703.15
7711.82
7719.76
7723.35
7726.36
7736.81
7739.49
7744.18
7745.78
7750.14
7750.64
7758.78
7759.45
7770.45
7772.72
7778.70
7780.80
7785.01
7799.18
7808.97
7809.82
7812.61
7815.73
7817.17
7818.02
7828.09
7829.02
7831.31
7833.00
7849.63
7855.92
7860.26
7869.02
7869.36
7870.04
7877.54
7880.95
7882.49
7882.49
7887.69
7894.43
7897.68
7905.20
7913.51
7914.02
7928.33
7934.00
7937.69
7940.69
7951.87
7963.75
7971.34
7987.48
7993.88
7996.39
7996.65
8003.32
8013.37
8013.63
8023.08
8033.51
8040.12
8044.55
8045.08
8061.46
8064.42
8075.95
8080.41
8085.65
8088.63
8090.90
8099.31
8100.72
8101.15
8101.85
8103.70
8116.16
8120.46
8120.99
8128.46
8129.08
8132.77
8133.03
8138.14
8147.57
8156.65
8159.48
8161.24
8161.60
8165.39
8165.57
8168.75
8173.97
8177.24
8184.41
8192.12
8197.62
8199.74
8202.32
8203.74
8204.80
8206.40
8209.95
8212.89
8230.59
8235.40
8244.94
8247.88
8249.13
8256.28
8257.53
8257.97
8260.21
8263.51
8265.66
8266.20
8269.06
8270.94
8285.81
8286.26
8297.74
8308.70
8308.79
8313.11
8313.56
8314.54
8325.53
8362.00
8373.86
8378.48
8387.19
8388.37
8390.82
8398.18
8399.09
8401.45
8401.81
8403.18
8409.73
8410.64
8410.73
8411.18
8420.56
8422.11
8436.43
8437.61
8445.20
8460.19
8468.07
8478.43
8490.64
8495.05
8497.26
8497.44
8511.33
8511.98
8523.13
8536.14
8537.90
8548.81
8548.81
8551.03
8551.67
8556.30
8565.93
8571.40
8586.35
8586.44
8599.55
8599.74
8610.35
8614.36
8624.80
8640.12
8643.58
8664.46
8672.71
8693.85
8697.90
8704.58
8706.19
8706.28
8706.94
8714.01
8716.55
8729.20
8734.87
8745.27
8746.12
8746.41
8750.86
8768.67
8773.51
8773.80
8777.41
8787.67
8811.47
8812.52
8817.58
8820.34
8829.03
8830.56
8865.31
8870.30
8871.55
8873.18
8876.44
8884.42
8886.05
8886.82
8887.88
8896.64
8903.67
8904.34
8914.56
8915.72
8921.51
8925.95
8930.29
8931.07
8931.74
8940.83
8941.41
8943.93
8959.52
8960.69
8966.41
8986.61
8987.29
8987.97
8988.85
8992.15
9009.10
9010.46
9014.85
9019.44
9028.42
9069.34
9081.32
9087.52
9117.16
9127.92
9144.63
9149.97
9160.67
9161.16
9173.36
9177.93
9182.60
9189.95
9194.63
9200.60
9203.29
9205.78
9210.26
9218.14
9219.23
9222.63
9231.41
9234.11
9234.81
9245.21
9247.71
9248.31
9256.92
9263.73
9267.64
9269.14
9270.45
9285.00
9291.03
9291.84
9295.16
9320.43
9344.77
9351.75
9353.16
9365.92
9372.51
9373.02
9384.89
9392.11
9420.20
9429.37
9448.37
9454.50
9459.42
9465.66
9467.71
9476.63
9481.24
9484.32
9489.66
9498.90
9499.93
9502.91
9509.08
9509.80
9515.98
9517.83
9526.38
9532.47
9541.13
9541.96
9542.48
9544.85
9554.67
9565.73
9572.57
9573.91
9586.04
9599.22
9600.68
9607.95
9626.16
9662.06
9662.27
9678.59
9684.77
9689.70
9693.89
9695.67
9698.51
9706.27
9712.89
9713.52
9715.31
9719.62
9723.93
9735.83
9739.31
9739.41
9744.15
9757.55
9769.70
9769.91
9777.32
9779.43
9789.17
9791.50
9795.53
9802.74
9805.28
9816.01
9817.17
9819.62
9820.15
9826.53
9828.76
9831.10
9833.76
9840.89
9843.44
9843.98
9858.90
9877.37
9879.94
9883.68
9914.20
9919.78
9925.69
9947.62
9950.85
9953.33
9959.47
9967.01
9982.23
9982.88
9992.93
10004.72
10022.16
10023.57
10041.59
10042.35
10050.51
10051.16
10061.28
10082.53
10111.15
10111.26
10114.43
10119.03
10120.89
10131.30
10141.39
10156.54
10165.45
10167.98
10187.14
10187.91
10189.12
10189.90
10197.95
10200.37
10217.94
10221.37
10223.69
10233.54
10234.09
10236.20
10241.96
10260.15
10263.14
10264.03
10269.59
10286.60
10293.06
10302.53
10311.79
10312.23
10319.38
10339.72
10353.37
10355.73
10372.88
10374.01
10380.41
10387.26
10400.31
10401.43
10401.77
10407.17
10420.92
10424.87
10433.10
10435.25
10449.14
10455.03
10482.66
10484.36
10487.54
10493.90
10510.03
10516.18
10520.84
10564.30
10565.67
10568.76
10580.77
10588.68
10593.72
10594.52
10603.12
10616.09
10621.49
10629.66
10663.18
10670.22
10672.30
10679.57
10681.31
10690.79
10705.83
10712.21
10731.93
10736.46
10738.67
10743.78
10763.79
10764.26
10780.81
10795.52
10814.22
10820.54
10823.23
10850.67
10883.36
10902.69
10946.19
10949.27
10954.83
10964.68
10972.87
10978.45
11001.87
11006.04
11012.35
11029.76
11032.03
11048.40
11048.63
11049.23
11051.38
11055.33
11056.29
11057.96
11078.92
11083.72
11099.08
11102.20
11109.53
11121.20
11128.54
11138.90
11149.51
11156.99
11157.35
11159.16
11166.53
11171.37
11174.03
11177.65
11185.15
11190.72
11195.20
11198.72
11213.02
11218.97
11222.73
11240.11
11251.43
11254.71
11276.41
11280.56
11298.88
11307.32
11330.84
11354.64
11358.21
11363.98
11371.00
11376.04
11385.03
11395.75
11401.18
11428.10
11438.25
11440.60
11445.67
11458.93
11459.80
11465.38
11473.82
11482.14
11483.13
11487.73
11488.11
11499.55
11503.03
11509.50
11510.87
11513.86
11514.86
11540.06
11542.18
11548.55
11549.17
11555.55
11557.17
11558.30
11558.92
11573.19
11582.84
11599.01
11613.20
11616.47
11620.12
11639.37
11640.25
11640.76
11641.13
11664.71
11664.96
11671.91
11681.76
11695.17
11700.23
11705.55
11707.07
11714.29
11725.19
11734.71
11744.24
11749.96
11765.86
11780.26
11782.68
11796.58
11797.22
11805.01
11809.99
11849.03
11864.55
11873.28
11891.03
11893.21
11901.84
11912.92
11917.69
11921.43
11955.27
11969.90
11971.45
11989.86
11991.67
12008.94
12028.58
12036.39
12044.34
12049.03
12052.16
12060.12
12069.78
12085.46
12149.83
12169.44
12188.54
12193.29
12225.79
12228.43
12229.76
12243.00
12248.30
12255.72
12284.13
12287.06
12287.32
12291.58
12302.09
12304.22
12321.94
12329.27
12368.95
12371.10
12371.50
12377.66
12380.33
12390.25
12392.13
12480.40
12483.64
12488.91
12532.36
12539.01
12543.89
12545.65
12556.25
12567.39
12567.66
12572.56
12585.08
12605.52
12607.43
12610.57
12612.62
12614.26
12627.36
12647.33
12649.79
12658.14
12698.88
12700.12
12703.01
12729.70
12747.89
12753.00
12767.36
12768.05
12783.94
12830.64
12864.28
12876.68
12895.08
12898.71
12909.60
12919.94
12958.58
12970.50
12971.76
12972.47
12993.40
13006.20
13027.89
13033.10
13033.10
13055.97
13067.41
13110.61
13124.52
13142.56
13153.23
13162.34
13171.60
13194.28
13206.85
13212.00
13247.93
13257.68
13267.72
13275.62
13284.96
13289.56
13295.17
13301.65
13302.80
13310.28
13324.55
13332.62
13336.95
13342.00
13351.97
13370.33
13393.20
13399.73
13400.31
13402.77
13407.56
13419.89
13421.06
13426.72
13430.64
13448.82
13455.66
13471.83
13491.52
13503.35
13512.56
13528.36
13528.80
13536.85
13555.32
13566.47
13568.23
13592.92
13596.60
13603.36
13638.44
13665.77
13680.86
13709.31
13712.12
13734.10
13739.30
13750.46
13775.47
13782.18
13805.17
13840.46
13868.64
13910.72
13919.91
13923.82
13933.02
13938.29
13948.55
13949.46
13955.35
13975.14
13997.23
14018.91
14055.21
14057.18
14075.45
14083.06
14093.89
14132.06
14151.95
14158.38
14158.54
14191.82
14200.42
14200.73
14221.49
14232.72
14243.35
14244.28
14272.51
14287.81
14306.68
14308.69
14317.21
14334.72
14336.59
14355.21
14378.84
14388.96
14402.04
14442.61
14451.05
14455.59
14492.23
14501.96
14504.31
14506.35
14513.42
14516.24
14521.27
14535.26
14537.30
14541.08
14563.60
14629.45
14633.09
14636.10
14641.17
14643.86
14645.13
14653.37
14663.52
14666.06
14667.02
14668.60
14677.18
14687.34
14697.52
14714.70
14750.25
14775.01
14800.61
14803.17
14807.49
14824.49
14858.85
14860.78
14872.52
14872.84
14878.16
14908.45
14939.78
14962.26
14967.44
14967.93
14984.94
15010.91
15014.97
15023.91
15025.04
15045.38
15047.98
15050.59
15060.69
15069.49
15084.01
15087.76
15094.78
15098.21
15099.19
15115.38
15129.28
15144.68
15149.10
15184.39
15186.85
15194.58
15201.98
15210.37
15234.41
15241.34
15245.63
15262.46
15263.78
15271.88
15290.06
15323.52
15325.34
15335.29
15361.70
15384.65
15404.47
15420.65
15438.01
15454.22
15459.41
15469.78
15492.23
15532.51
15537.21
15555.55
15575.09
15613.89
15619.30
15622.17
15626.57
15659.57
15678.90
15681.95
15695.02
15699.27
15715.42
15726.30
15728.68
15734.47
15747.76
15749.80
15778.63
15789.39
15789.90
15795.20
15803.40
15813.66
15838.49
15850.84
15864.91
15868.85
15890.50
15903.57
15908.39
15917.35
15941.13
15964.43
16030.03
16037.32
16058.15
16073.97
16114.02
16135.66
16151.03
16164.49
16166.59
16190.22
16200.21
16205.82
16210.73
16226.52
16238.29
16256.57
16259.03
16281.04
16298.14
16320.72
16326.37
16356.08
16376.80
16392.40
16404.82
16422.58
16434.31
16439.47
16567.14
16618.30
16630.53
16638.81
16659.89
16683.16
16728.89
16756.43
16757.15
16770.75
16780.19
16810.36
16812.18
16816.36
16832.93
16850.06
16861.55
16882.90
16905.20
16920.03
16926.25
16935.23
16962.37
16983.30
17007.21
17007.76
17011.99
17032.07
17060.66
17082.08
17113.72
17117.24
17121.68
17146.15
17156.92
17200.97
17202.27
17249.05
17255.77
17278.00
17281.37
17285.67
17291.47
17339.05
17353.69
17356.70
17377.37
17434.43
17438.58
17442.36
17443.87
17474.85
17515.92
17520.85
17529.39
17534.13
17537.92
17564.51
17569.07
17576.10
17584.47
17591.52
17615.13
17631.34
17654.25
17654.44
17656.35
17663.61
17694.79
17721.61
17744.06
17768.27
17816.01
17834.14
17915.37
17959.23
17991.90
18003.78
18080.70
18098.51
18107.52
18136.93
18141.44
18174.06
18195.70
18233.93
18253.67
18281.74
18296.38
18391.05
18416.74
18448.85
18453.84
18479.42
18480.62
18551.54
18606.42
18616.28
18618.10
18620.51
18644.91
18652.17
18661.86
18683.88
18717.67
18805.77
18812.49
18849.57
18861.61
18873.86
18893.47
18902.67
18912.29
18919.45
18940.96
18943.01
18969.46
19000.69
19007.47
19016.11
19042.47
19044.53
19046.79
19052.36
19094.66
19105.82
19125.89
19144.52
19163.38
19168.98
19195.13
19200.11
19220.69
19241.29
19261.50
19282.14
19415.28
19452.08
19496.12
19514.27
19523.98
19536.87
19558.66
19567.34
19570.94
19575.60
19636.05
19658.37
19689.03
19740.22
19746.41
19761.59
19802.47
19820.26
19821.33
19836.35
19857.40
19881.26
19884.49
19896.54
19912.26
19942.66
19984.78
19991.70
20031.76
20053.88
20055.83
20075.37
20116.90
20119.30
20175.32
20194.54
20198.25
20260.85
20273.35
20292.00
20326.72
20328.26
20350.93
20406.05
20407.60
20414.00
20434.33
20476.16
20485.47
20604.62
20605.07
20643.67
20643.89
20694.21
20748.02
20766.88
20777.22
20908.92
20911.19
20965.56
20968.96
20979.63
21000.29
21082.94
21114.21
21190.65
21210.61
21237.02
21260.01
21303.30
21419.55
21428.83
21602.96
21630.56
21680.93
21697.12
21707.22
21808.69
21832.53
21853.56
21874.15
21898.06
21948.83
21977.34
21987.57
21989.47
22013.99
22176.08
22177.04
22225.56
22250.10
22255.64
22266.00
22310.13
22330.90
22351.44
22363.78
22458.35
22464.42
22479.98
22517.72
22551.85
22577.73
22589.46
22641.58
22642.80
22654.81
22697.26
22803.35
22867.09
22907.46
22946.90
22949.88
23025.99
23030.97
23043.69
23069.13
23146.89
23181.98
23232.95
23243.76
23246.03
23381.74
23471.97
23575.31
23588.32
23665.27
23928.41
24404.80
24558.17
24593.53
24715.98
24735.24
24923.56
25164.72
25234.52
25316.02
25338.21
25361.25
25478.70
25499.93
25572.87
25605.54
25631.05
25676.57
25771.76
25804.40
25864.50
25924.45
25926.98
26018.59
26119.00
26233.71
26285.99
26287.41
26791.34
26826.73
26868.85
27003.79
27009.34
27023.37
27066.98
27345.74
27552.74
27773.33
27825.37
27956.64
27994.47
28062.41
28201.20
28317.70
28593.25
28673.80
28714.16
29090.67
29372.47
29836.92
29862.43
29890.88
30302.48
30840.31
30953.63
31383.27
31716.78
31989.39
32164.66
32737.30
33231.94
33449.46
35959.30
36260.92
38887.34
39113.52
42174.10
