51.02
53.61
63.79
74.29
77.59
96.17
97.90
101.24
106.41
116.38
118.61
118.67
120.17
120.25
120.73
122.19
124.41
124.76
125.29
128.87
130.35
131.95
132.94
133.57
133.94
134.10
134.83
135.68
135.98
139.05
139.55
141.61
143.19
144.60
144.94
145.20
146.78
146.91
149.01
152.37
152.51
154.67
156.13
157.92
158.93
159.34
161.33
162.32
164.02
167.16
167.58
171.11
171.22
172.05
173.71
174.32
174.35
174.48
175.12
175.60
177.11
177.30
180.77
182.87
184.98
185.04
185.38
185.54
186.12
189.68
190.51
191.44
192.60
192.92
195.03
196.47
198.20
202.34
202.86
203.62
204.90
205.45
207.71
207.98
208.06
209.06
209.97
210.19
210.54
210.94
215.04
215.75
215.86
216.77
217.72
217.88
218.39
219.85
221.13
223.88
225.02
226.46
227.35
228.17
228.27
228.69
229.94
230.44
231.79
232.10
232.23
233.63
234.08
236.09
236.54
237.28
239.43
239.52
239.74
242.01
242.52
242.74
245.25
246.09
247.71
247.77
248.12
248.17
248.68
249.10
249.15
250.43
251.04
254.34
255.10
259.78
260.28
260.47
260.64
263.39
263.57
264.38
266.67
267.76
270.57
274.48
275.46
277.02
278.79
278.86
280.24
280.47
280.84
281.77
283.17
284.03
286.05
287.30
288.04
288.38
289.30
291.54
291.55
291.55
291.72
291.78
292.31
292.87
292.94
293.10
293.54
293.55
293.63
294.72
295.86
296.46
296.74
297.37
298.18
298.81
299.61
299.74
299.99
301.66
301.71
301.82
302.58
302.81
304.90
305.04
305.42
305.70
306.74
307.90
308.81
308.84
309.57
310.04
310.84
310.93
311.71
312.35
313.95
314.05
314.23
316.44
317.77
318.17
319.10
320.39
320.46
320.99
322.29
324.09
326.40
326.47
326.70
328.88
330.14
330.27
331.98
332.15
332.34
332.46
334.84
335.60
336.34
336.83
337.30
338.88
339.02
339.24
343.17
345.26
346.40
346.84
349.80
350.30
351.17
351.55
351.83
352.20
352.29
352.46
352.72
354.27
354.28
355.66
358.30
358.40
358.41
358.54
360.29
360.97
361.18
361.69
363.61
364.32
364.71
365.19
365.86
366.08
366.11
366.28
366.66
367.36
368.56
369.16
370.09
370.41
372.86
374.81
377.23
377.48
377.80
378.21
378.30
379.77
380.89
381.06
382.08
382.97
383.95
384.84
385.61
385.80
386.23
386.61
386.69
389.45
390.11
391.82
393.84
393.86
396.27
396.28
396.38
396.77
396.81
397.08
397.08
397.09
398.00
400.19
400.22
400.75
401.28
401.79
403.55
404.28
407.88
408.00
410.33
410.85
411.61
412.65
412.72
413.19
414.01
414.43
414.88
414.89
416.79
418.41
419.36
421.07
422.01
423.50
424.20
424.59
425.45
425.52
425.59
426.24
427.94
428.42
428.64
431.35
431.41
434.51
435.02
435.59
436.14
436.61
437.00
437.21
438.04
438.14
438.25
438.66
438.74
439.24
439.65
440.07
440.46
440.99
443.23
443.60
444.21
444.44
444.83
444.88
445.16
446.53
446.85
447.84
448.95
449.78
449.84
451.13
452.75
453.13
453.16
453.45
454.04
454.50
456.98
457.55
459.28
459.29
460.61
460.71
461.49
461.54
463.78
465.79
466.79
467.05
467.46
467.62
468.35
468.76
469.09
470.50
470.55
473.40
475.20
475.69
475.86
477.32
478.36
480.14
480.33
480.49
481.22
481.23
481.42
482.13
482.40
482.71
485.10
485.35
486.05
486.69
486.96
488.25
488.94
489.39
489.63
489.92
490.33
490.38
490.64
491.55
492.16
492.26
493.63
493.67
494.88
494.98
495.28
495.63
496.48
497.08
498.25
498.99
499.70
501.83
502.02
502.16
503.05
505.01
506.12
506.73
507.84
508.15
508.75
509.36
509.91
511.20
511.33
511.89
513.23
513.33
514.51
514.85
515.49
515.64
515.79
515.93
515.99
516.01
517.00
518.34
519.98
520.02
520.14
520.46
521.08
521.36
521.69
521.95
523.38
523.47
523.84
523.99
524.31
525.64
525.68
525.86
526.28
526.34
526.88
527.58
527.67
528.48
528.97
529.66
529.69
529.77
531.27
531.60
531.66
531.77
531.81
531.81
531.98
532.63
532.82
533.06
534.21
535.17
535.49
535.89
536.48
536.54
537.10
537.13
537.16
537.39
537.51
537.76
538.28
540.19
540.33
541.28
541.55
542.06
542.11
543.58
544.87
545.39
545.58
546.24
547.02
547.79
547.84
548.12
548.84
549.07
549.21
549.43
551.82
552.43
552.48
552.54
552.90
553.36
553.43
554.95
555.16
555.23
555.24
556.35
557.15
557.29
558.32
559.52
560.17
560.32
561.15
563.24
564.19
565.59
566.18
566.88
566.91
567.38
567.91
568.12
568.18
569.64
569.75
572.15
572.20
572.33
572.90
572.99
573.15
574.32
575.04
575.35
577.30
578.55
579.06
579.70
580.63
581.70
582.75
583.45
584.15
584.27
585.20
586.12
587.61
587.84
587.89
590.00
590.44
590.88
591.21
591.95
592.12
592.15
594.34
594.68
595.01
595.22
595.66
597.15
598.42
598.59
598.79
598.81
598.95
599.24
599.29
599.66
600.34
601.05
601.54
602.40
602.41
602.64
602.96
603.00
603.28
603.52
603.98
604.20
604.24
606.37
606.75
608.84
608.98
610.69
612.17
612.56
612.84
613.23
613.25
615.92
615.99
616.54
616.57
617.50
617.60
618.08
618.24
618.65
618.81
619.88
620.05
620.11
620.37
620.82
620.95
621.35
621.81
622.45
622.74
624.17
625.07
625.65
626.05
627.35
627.42
628.57
628.79
628.85
629.14
629.37
630.25
630.91
631.62
631.73
632.01
632.63
632.71
633.21
633.77
633.93
634.28
635.86
636.09
639.07
639.29
639.77
639.98
640.05
640.37
640.98
641.91
642.38
642.73
642.86
642.95
643.43
643.48
646.53
648.23
648.23
648.80
651.12
651.62
651.79
652.49
653.29
653.62
654.81
655.46
657.42
657.45
657.59
657.84
658.04
658.46
659.25
659.60
659.70
660.40
660.85
661.07
662.26
663.02
663.41
663.99
664.28
664.38
664.64
666.51
666.70
666.84
667.10
667.26
668.92
668.95
669.07
669.93
670.54
671.24
671.33
671.46
673.36
674.30
674.44
677.02
678.03
678.23
679.34
679.55
679.97
680.03
680.52
681.10
681.22
682.06
682.15
682.71
684.50
686.25
686.41
686.60
686.78
687.43
687.56
687.93
690.37
690.92
691.13
692.40
692.95
692.97
693.21
693.44
693.80
694.51
695.28
696.41
696.44
696.69
697.12
698.90
699.81
700.30
701.95
702.13
702.83
703.19
704.03
704.49
704.60
705.32
705.71
705.87
706.29
707.29
707.86
707.90
708.15
708.77
709.18
709.55
710.21
710.27
710.31
710.38
711.43
712.13
712.42
712.57
713.07
713.14
714.43
716.34
716.36
716.95
717.48
717.55
718.94
719.09
720.12
720.29
721.03
721.34
721.71
721.73
722.04
722.97
722.99
723.18
723.33
724.63
726.12
726.93
727.00
727.46
728.20
728.37
730.01
731.05
731.38
731.87
732.05
732.06
732.75
733.88
734.08
734.36
734.42
734.67
735.02
735.13
735.64
735.98
736.60
737.09
737.60
738.08
738.43
738.59
740.29
740.33
740.91
741.36
741.68
742.65
743.36
744.00
745.39
745.54
746.44
746.92
747.24
748.31
748.43
749.02
749.08
750.65
751.06
751.29
751.62
752.09
752.20
752.81
754.56
755.19
755.33
758.17
758.63
758.80
760.79
760.85
761.58
761.78
761.87
762.86
763.42
763.44
763.93
764.76
764.77
765.45
765.91
766.00
767.70
767.71
768.36
768.50
769.21
769.54
769.62
770.20
770.48
770.54
774.62
775.04
776.18
778.03
779.15
779.16
779.41
780.67
781.05
781.69
782.90
783.20
783.70
783.81
784.90
785.14
785.73
785.87
787.37
787.48
787.97
788.13
788.14
788.28
788.82
791.50
795.90
796.31
796.60
798.28
799.91
800.15
800.72
801.36
801.78
801.91
802.74
803.03
803.35
804.30
804.50
804.58
804.88
805.63
806.21
806.48
806.51
806.51
806.60
808.29
808.64
808.97
809.27
810.50
811.53
811.55
812.34
813.70
814.57
815.99
816.11
816.35
816.38
819.56
819.70
820.12
820.82
823.34
823.55
824.30
825.22
826.95
827.31
828.09
829.70
829.70
830.76
831.28
831.41
831.76
832.69
832.77
833.37
833.78
834.15
834.16
834.57
834.73
835.15
835.68
836.29
836.45
837.27
838.59
839.74
840.87
841.10
841.25
841.27
841.54
842.50
842.98
844.81
845.06
846.59
848.18
851.02
851.38
851.50
852.37
852.67
852.73
853.09
853.31
853.40
853.57
854.74
854.84
855.20
855.63
856.14
858.35
859.39
860.76
861.20
861.39
861.59
861.85
862.98
863.45
863.58
865.81
865.89
866.78
867.17
867.29
867.31
867.56
867.98
868.01
868.30
868.48
868.81
869.26
870.25
871.45
871.95
872.30
872.49
872.55
872.56
872.77
873.89
874.32
874.64
874.94
875.04
875.26
875.61
875.63
876.59
876.63
877.09
877.16
877.25
877.47
877.64
878.36
879.11
879.94
880.49
880.51
880.79
880.90
881.03
881.55
883.03
883.04
883.45
884.31
885.02
885.28
885.77
886.29
886.68
887.11
887.18
887.24
887.53
888.00
888.46
891.64
894.15
894.69
894.89
894.94
895.11
895.24
895.51
896.51
897.03
897.49
898.11
898.25
898.59
898.91
899.57
899.63
899.82
899.95
900.36
900.42
900.90
902.07
902.98
903.20
903.70
904.32
904.73
904.75
905.33
905.60
905.71
905.83
905.91
905.93
906.18
906.35
906.54
906.59
908.00
908.35
908.43
909.72
911.90
912.19
913.34
913.99
914.80
915.40
917.45
917.97
918.29
918.48
918.99
920.79
920.84
921.47
921.54
921.70
923.14
923.37
924.45
925.11
925.67
925.78
926.06
927.03
928.34
930.32
932.07
932.43
932.91
933.13
933.84
934.51
934.68
935.92
936.10
936.40
936.64
936.84
936.88
937.03
937.95
937.97
938.48
938.66
940.29
941.07
941.18
941.48
941.56
942.15
942.28
942.37
943.35
944.65
944.70
945.58
945.80
946.52
946.70
947.36
947.53
947.79
948.87
949.74
950.20
950.53
951.04
951.68
951.81
951.87
952.21
952.29
954.86
955.00
955.52
955.53
955.77
957.17
957.46
957.52
957.99
958.86
959.17
959.34
959.66
960.03
960.53
961.82
961.89
961.97
962.43
962.53
963.48
963.61
964.65
964.79
965.79
966.22
966.90
967.60
967.65
967.96
968.16
968.29
968.34
969.56
970.25
970.49
972.01
972.41
972.76
973.26
973.29
973.52
974.22
977.61
977.98
978.90
979.50
979.98
980.56
981.70
982.16
983.07
984.43
984.50
986.07
986.44
986.90
988.65
988.70
989.05
990.62
990.80
990.92
991.88
991.92
993.92
994.51
994.79
995.97
997.20
997.29
997.61
998.19
998.24
999.30
999.97
1000.08
1001.16
1001.90
1001.95
1002.17
1002.50
1003.43
1004.07
1005.08
1005.11
1005.12
1005.67
1005.68
1007.02
1007.05
1007.51
1008.80
1009.26
1009.66
1009.75
1010.59
1010.88
1011.09
1011.85
1011.95
1013.75
1015.25
1015.85
1016.05
1016.34
1016.47
1016.53
1017.15
1017.22
1017.57
1018.89
1019.51
1021.79
1022.44
1023.87
1024.91
1026.00
1026.34
1026.54
1026.85
1027.04
1028.91
1032.10
1032.27
1032.40
1033.50
1036.82
1036.99
1037.53
1037.98
1038.34
1038.58
1039.11
1039.56
1043.26
1043.29
1045.17
1045.36
1049.17
1049.31
1049.51
1049.60
1050.31
1050.42
1050.74
1050.85
1050.88
1051.08
1052.06
1052.81
1052.88
1053.06
1053.09
1053.37
1053.38
1053.44
1054.39
1055.27
1055.31
1055.92
1056.37
1056.51
1056.70
1057.27
1057.48
1058.08
1058.60
1058.86
1059.12
1059.75
1059.77
1059.87
1061.05
1061.51
1062.42
1063.31
1064.24
1064.25
1065.38
1067.32
1068.13
1068.98
1069.03
1069.64
1069.68
1069.71
1069.86
1070.57
1070.93
1072.31
1072.39
1073.36
1073.78
1073.99
1075.20
1076.99
1077.05
1077.09
1077.34
1079.37
1082.10
1082.39
1083.30
1083.50
1083.56
1083.60
1083.72
1083.88
1084.62
1085.30
1085.77
1086.07
1086.37
1086.94
1089.30
1089.33
1089.52
1090.25
1091.15
1091.20
1092.33
1092.72
1092.97
1093.08
1093.79
1094.08
1094.54
1094.99
1097.02
1097.60
1097.78
1098.35
1098.74
1099.62
1099.85
1100.29
1100.36
1100.58
1103.29
1103.80
1104.18
1104.80
1106.13
1106.27
1106.71
1107.41
1108.14
1108.16
1110.20
1111.51
1111.86
1113.27
1114.04
1114.97
1117.19
1118.01
1118.99
1119.13
1120.07
1120.22
1120.42
1120.87
1120.87
1121.65
1122.06
1122.64
1122.85
1124.10
1124.14
1125.15
1125.41
1125.43
1125.60
1125.70
1125.82
1126.36
1126.42
1126.43
1126.90
1127.51
1127.71
1127.79
1127.89
1128.84
1129.28
1129.38
1129.74
1129.79
1130.62
1131.40
1131.56
1132.16
1132.69
1132.70
1132.82
1132.83
1133.70
1133.73
1134.01
1134.12
1134.21
1134.26
1134.80
1134.98
1135.89
1136.47
1136.87
1137.70
1139.15
1139.72
1139.89
1140.09
1140.25
1140.52
1140.72
1140.84
1140.94
1142.24
1142.67
1143.11
1143.86
1144.15
1144.30
1144.48
1145.26
1145.65
1145.67
1145.75
1145.83
1146.11
1146.15
1146.64
1147.22
1148.23
1149.39
1149.58
1149.95
1150.71
1151.57
1152.35
1153.44
1156.00
1157.09
1158.89
1159.19
1159.55
1159.87
1160.00
1160.69
1160.84
1160.85
1161.05
1161.32
1161.52
1162.92
1163.52
1164.13
1164.27
1164.64
1165.99
1166.10
1166.14
1166.73
1166.83
1167.12
1167.12
1167.80
1168.13
1168.21
1168.99
1169.21
1169.75
1169.88
1170.47
1170.82
1172.50
1174.11
1175.21
1176.11
1176.42
1176.82
1178.06
1179.12
1179.42
1180.52
1180.56
1180.73
1180.85
1181.01
1181.74
1181.90
1182.04
1183.96
1185.28
1185.80
1186.05
1186.41
1186.60
1187.27
1187.71
1188.36
1190.14
1191.76
1192.20
1192.65
1192.92
1193.11
1193.20
1193.43
1194.31
1194.49
1194.50
1194.54
1194.54
1194.62
1194.76
1194.81
1194.98
1194.99
1195.02
1195.04
1196.17
1196.31
1197.01
1197.18
1197.37
1197.55
1198.50
1199.06
1199.18
1199.86
1200.60
1201.06
1201.07
1202.54
1202.83
1204.55
1204.87
1204.92
1205.61
1207.17
1207.25
1208.42
1208.67
1208.96
1210.08
1211.97
1212.52
1213.20
1213.62
1214.12
1214.54
1215.69
1218.45
1219.35
1220.01
1220.29
1221.05
1221.41
1222.41
1222.43
1222.52
1222.92
1223.75
1224.02
1224.45
1224.74
1224.90
1224.94
1226.44
1226.52
1227.28
1227.29
1227.31
1228.17
1228.31
1228.55
1229.10
1229.98
1230.08
1231.07
1231.58
1232.64
1232.80
1232.96
1233.18
1234.52
1235.54
1236.17
1236.37
1236.44
1236.97
1237.08
1237.18
1237.87
1238.62
1239.13
1240.04
1240.91
1241.07
1241.26
1241.39
1241.53
1242.05
1242.56
1244.23
1244.53
1244.61
1245.11
1245.16
1245.82
1246.67
1246.83
1246.85
1247.86
1248.24
1248.66
1250.09
1251.08
1251.59
1252.73
1252.96
1253.03
1253.04
1254.17
1254.18
1254.25
1254.36
1255.10
1255.84
1256.07
1256.41
1256.52
1257.44
1257.78
1257.99
1258.26
1259.09
1260.61
1260.78
1261.12
1261.28
1262.80
1263.29
1263.76
1265.88
1266.30
1266.41
1266.45
1266.78
1268.13
1268.22
1269.02
1270.06
1270.24
1270.34
1270.61
1271.48
1272.03
1272.12
1273.54
1275.20
1275.63
1275.76
1275.76
1276.07
1276.16
1278.03
1278.94
1281.03
1281.60
1281.95
1284.28
1284.56
1285.92
1286.59
1287.36
1287.77
1287.87
1287.97
1288.04
1288.29
1288.72
1289.24
1289.42
1289.56
1289.92
1290.41
1290.58
1290.72
1291.79
1293.27
1293.39
1293.82
1294.25
1294.44
1294.87
1295.36
1295.42
1296.02
1296.10
1297.68
1298.42
1299.04
1299.15
1300.05
1300.11
1301.01
1301.40
1301.64
1302.33
1302.71
1302.85
1303.78
1304.19
1304.46
1304.62
1304.90
1305.45
1306.06
1306.27
1307.20
1307.70
1308.31
1308.48
1309.50
1309.74
1309.75
1309.86
1310.42
1310.54
1315.20
1316.43
1317.55
1318.05
1319.01
1319.75
1320.37
1320.57
1321.07
1321.81
1321.95
1323.08
1323.08
1323.11
1323.60
1324.27
1324.37
1324.50
1324.84
1325.48
1325.52
1325.68
1326.52
1327.37
1328.00
1328.33
1329.48
1329.48
1329.58
1329.84
1329.94
1330.79
1331.22
1331.25
1331.32
1331.60
1331.63
1333.86
1335.78
1335.81
1336.20
1336.23
1336.39
1336.95
1337.43
1337.90
1338.43
1340.55
1342.65
1342.99
1343.35
1343.99
1344.03
1344.25
1344.29
1344.57
1346.97
1347.37
1347.69
1349.07
1349.23
1349.39
1349.60
1350.20
1350.99
1351.43
1351.48
1352.32
1354.66
1355.01
1355.60
1355.91
1356.07
1357.18
1357.89
1357.98
1359.17
1359.71
1360.23
1360.27
1360.51
1361.98
1363.26
1364.74
1365.51
1366.11
1366.32
1366.91
1367.13
1367.34
1367.35
1369.68
1370.69
1370.76
1371.58
1374.16
1374.71
1374.76
1376.45
1377.00
1377.23
1377.50
1377.81
1377.96
1378.15
1378.38
1378.90
1379.45
1379.88
1380.30
1381.54
1382.68
1382.80
1383.32
1384.19
1384.68
1386.59
1387.53
1388.87
1390.13
1390.18
1390.87
1391.08
1391.32
1391.34
1391.59
1391.68
1392.26
1392.78
1393.36
1394.05
1394.88
1394.91
1394.91
1395.75
1396.54
1397.57
1397.96
1399.37
1400.26
1400.35
1400.35
1400.75
1401.13
1401.41
1401.57
1401.75
1402.07
1402.52
1403.63
1403.65
1404.10
1404.30
1404.82
1404.98
1405.33
1405.35
1405.47
1405.86
1407.22
1409.52
1409.78
1410.50
1410.72
1411.46
1411.50
1413.29
1413.58
1413.67
1413.67
1413.89
1416.15
1416.98
1417.21
1417.27
1417.60
1417.78
1418.02
1419.16
1419.47
1419.54
1419.73
1419.91
1420.11
1420.24
1420.48
1420.94
1421.67
1421.70
1421.82
1421.90
1422.65
1422.77
1422.91
1423.00
1424.76
1425.47
1425.72
1425.84
1426.06
1426.36
1428.68
1428.90
1430.07
1430.55
1430.57
1431.05
1431.30
1431.53
1431.71
1432.78
1433.14
1435.06
1435.53
1435.75
1436.48
1436.54
1437.01
1438.44
1438.55
1438.81
1439.93
1440.29
1440.56
1442.27
1443.46
1443.50
1444.04
1444.21
1444.68
1444.77
1445.15
1445.52
1446.07
1446.79
1447.05
1447.23
1447.35
1449.69
1449.95
1452.84
1452.86
1453.49
1454.02
1454.24
1454.56
1457.11
1457.55
1457.58
1458.64
1459.71
1460.72
1461.89
1463.07
1463.90
1463.94
1464.33
1464.79
1465.17
1465.60
1466.39
1466.95
1466.96
1467.70
1468.19
1468.82
1469.14
1469.81
1469.90
1469.98
1470.16
1470.32
1470.33
1472.15
1474.27
1475.24
1477.89
1477.91
1478.01
1478.02
1478.41
1478.85
1479.14
1479.33
1479.38
1479.91
1480.25
1480.39
1481.40
1481.46
1482.39
1482.76
1483.36
1485.28
1485.85
1486.06
1486.80
1486.89
1487.54
1490.44
1490.52
1491.63
1491.71
1493.65
1494.41
1494.60
1495.26
1496.07
1496.24
1496.75
1497.21
1497.30
1497.34
1497.53
1497.89
1499.83
1499.92
1499.95
1501.15
1501.54
1501.90
1505.33
1505.69
1506.89
1506.99
1508.05
1509.57
1509.57
1511.14
1511.83
1513.43
1513.72
1515.84
1516.20
1516.87
1517.17
1518.37
1519.07
1519.32
1519.68
1519.73
1520.93
1521.89
1521.94
1521.97
1522.48
1523.12
1523.15
1523.48
1523.70
1523.91
1524.03
1525.30
1525.33
1525.84
1526.12
1526.85
1526.97
1528.80
1528.87
1528.98
1529.26
1530.47
1530.97
1531.67
1532.16
1532.48
1534.24
1535.13
1535.91
1537.24
1538.51
1538.76
1539.46
1542.14
1543.09
1543.11
1543.58
1544.91
1546.00
1546.67
1547.46
1547.52
1548.95
1551.28
1551.28
1551.31
1553.18
1553.41
1553.53
1558.07
1558.11
1558.46
1559.47
1559.71
1559.83
1560.39
1560.49
1560.55
1562.60
1562.92
1564.09
1564.88
1565.43
1567.70
1568.15
1568.90
1570.33
1570.77
1571.35
1571.67
1572.13
1572.23
1572.42
1572.79
1573.37
1573.93
1574.55
1574.73
1575.55
1577.22
1578.27
1578.79
1579.07
1579.56
1580.42
1581.17
1581.22
1581.50
1582.64
1582.76
1583.09
1583.21
1584.01
1584.75
1585.92
1586.35
1587.43
1587.62
1588.65
1589.51
1589.77
1590.35
1591.12
1591.30
1591.90
1592.95
1593.21
1593.76
1594.61
1594.99
1595.24
1595.26
1595.30
1595.56
1595.69
1595.88
1596.68
1596.89
1597.97
1599.13
1601.25
1601.90
1603.72
1603.95
1604.16
1604.61
1604.82
1605.76
1606.66
1606.69
1606.90
1607.48
1608.50
1608.92
1609.18
1609.48
1610.92
1611.12
1611.78
1612.04
1613.49
1613.70
1615.08
1616.34
1616.41
1616.51
1616.76
1616.91
1617.81
1618.47
1618.54
1619.17
1619.73
1620.01
1620.61
1621.35
1621.50
1622.19
1622.86
1623.15
1623.24
1623.28
1623.94
1624.61
1625.02
1625.10
1625.16
1625.32
1626.20
1626.42
1626.95
1627.50
1628.13
1628.94
1628.98
1629.10
1630.00
1630.25
1630.37
1630.62
1630.85
1630.95
1631.50
1631.52
1633.81
1636.68
1636.75
1636.82
1637.57
1637.58
1638.13
1638.77
1639.68
1641.01
1641.08
1641.27
1641.65
1643.03
1643.25
1643.60
1644.01
1644.01
1644.60
1645.65
1646.13
1648.34
1649.23
1649.57
1649.59
1649.73
1650.18
1651.41
1651.69
1652.39
1653.88
1653.89
1654.61
1654.77
1654.88
1654.95
1655.04
1656.44
1657.62
1657.69
1660.78
1661.07
1661.09
1661.54
1661.54
1661.75
1661.86
1662.70
1663.08
1663.10
1663.39
1664.13
1664.23
1665.44
1666.25
1667.48
1667.64
1668.06
1668.40
1670.26
1670.86
1673.32
1674.11
1674.19
1674.24
1674.66
1674.69
1675.67
1675.67
1675.83
1676.27
1676.36
1677.41
1677.70
1678.47
1678.54
1678.56
1678.88
1680.99
1681.90
1682.74
1682.81
1683.01
1683.10
1683.41
1684.54
1685.16
1685.18
1685.22
1686.27
1686.35
1686.88
1688.08
1688.94
1689.73
1690.40
1690.42
1692.82
1692.82
1693.19
1693.57
1694.01
1696.06
1696.19
1696.36
1697.13
1697.28
1698.10
1698.78
1699.08
1702.46
1703.24
1706.15
1706.32
1706.45
1707.31
1707.41
1707.78
1708.64
1709.24
1709.83
1709.85
1710.48
1710.79
1711.55
1711.94
1713.05
1713.83
1713.85
1714.59
1715.22
1715.35
1715.80
1715.87
1717.69
1718.08
1718.30
1718.42
1718.92
1719.18
1720.01
1720.42
1721.62
1722.55
1724.26
1724.28
1724.38
1724.52
1724.80
1726.15
1726.88
1727.01
1727.49
1728.69
1729.49
1730.34
1730.60
1730.64
1732.74
1732.96
1733.26
1734.14
1734.27
1734.63
1737.58
1737.65
1738.11
1738.14
1738.52
1738.76
1739.46
1739.89
1741.00
1741.32
1742.47
1743.23
1744.40
1744.55
1744.96
1746.83
1747.38
1747.57
1747.82
1747.93
1748.76
1749.18
1749.80
1749.88
1750.71
1751.34
1751.47
1751.77
1751.93
1751.96
1752.31
1752.32
1753.59
1753.75
1754.43
1755.17
1755.17
1755.57
1756.41
1756.75
1757.91
1757.96
1758.08
1758.23
1758.33
1758.80
1759.09
1759.28
1759.35
1759.45
1760.04
1760.34
1761.26
1761.85
1761.85
1762.31
1763.18
1764.48
1764.63
1765.78
1767.04
1767.19
1767.67
1768.02
1768.76
1768.80
1768.88
1769.97
1770.12
1770.93
1771.98
1772.06
1772.90
1773.17
1773.48
1773.63
1774.03
1775.07
1775.22
1775.70
1776.30
1776.68
1777.11
1777.15
1777.22
1777.67
1777.78
1777.90
1778.22
1778.24
1778.61
1779.11
1779.26
1779.49
1780.51
1781.03
1781.73
1781.92
1782.00
1782.00
1782.69
1782.89
1782.98
1783.41
1783.97
1784.27
1784.43
1786.07
1786.98
1787.52
1787.87
1788.78
1789.38
1789.90
1791.90
1792.58
1794.36
1794.65
1794.81
1795.16
1797.26
1798.33
1800.14
1800.57
1801.15
1801.33
1801.38
1802.71
1805.66
1805.68
1805.75
1806.01
1806.85
1809.26
1809.53
1809.63
1809.86
1811.08
1811.27
1811.65
1812.06
1812.41
1812.47
1813.14
1814.25
1816.18
1816.30
1817.69
1817.87
1817.95
1818.20
1818.89
1819.27
1820.09
1820.17
1820.98
1822.89
1824.00
1824.27
1824.55
1824.69
1824.85
1825.06
1825.62
1826.03
1826.13
1826.58
1827.75
1828.96
1829.19
1830.82
1831.43
1831.63
1832.11
1833.42
1833.45
1833.69
1835.06
1835.24
1835.94
1836.45
1837.21
1838.70
1838.76
1839.16
1839.59
1840.47
1840.77
1841.11
1841.51
1842.06
1842.44
1842.88
1844.04
1845.38
1846.17
1847.05
1847.35
1847.77
1848.85
1849.17
1850.31
1851.38
1851.46
1851.68
1852.28
1852.66
1854.00
1854.86
1855.85
1855.99
1856.47
1858.52
1858.72
1859.12
1859.53
1860.73
1861.10
1861.14
1861.62
1861.64
1862.22
1862.79
1863.31
1863.68
1864.46
1865.01
1865.17
1866.02
1866.48
1867.39
1869.15
1871.05
1873.81
1875.00
1875.08
1875.27
1875.77
1876.81
1876.83
1877.50
1877.70
1877.91
1879.31
1880.16
1881.30
1881.95
1881.99
1882.34
1882.85
1884.62
1884.77
1885.52
1885.74
1885.81
1886.17
1886.42
1886.81
1887.50
1889.73
1889.87
1891.43
1893.08
1893.14
1894.09
1894.13
1894.56
1895.17
1896.10
1896.65
1896.96
1898.99
1899.16
1899.63
1900.04
1900.90
1901.71
1902.73
1903.04
1904.34
1904.61
1904.61
1905.00
1905.43
1905.50
1905.91
1907.66
1908.12
1909.40
1910.37
1911.40
1911.77
1912.17
1913.16
1913.59
1913.84
1915.09
1915.44
1915.48
1915.65
1917.16
1917.62
1917.95
1919.09
1919.13
1919.23
1919.48
1919.75
1920.73
1921.04
1921.25
1922.04
1922.27
1923.83
1924.39
1925.18
1926.35
1928.02
1928.58
1928.66
1928.79
1929.14
1929.37
1929.85
1930.21
1930.98
1931.30
1932.13
1932.15
1934.91
1936.57
1936.63
1937.66
1938.01
1938.25
1938.37
1938.83
1938.87
1939.15
1939.34
1940.28
1940.32
1943.26
1944.23
1944.23
1944.65
1945.18
1948.55
1949.43
1950.17
1951.42
1952.03
1952.16
1952.71
1953.62
1954.38
1955.94
1956.07
1956.34
1956.60
1956.79
1958.33
1958.89
1960.18
1960.86
1961.11
1962.28
1962.60
1963.24
1964.49
1964.83
1965.72
1965.76
1965.94
1966.70
1966.81
1967.04
1967.62
1969.30
1969.68
1971.22
1971.43
1972.01
1972.03
1973.50
1974.87
1975.32
1976.49
1976.54
1976.54
1976.75
1976.92
1977.37
1981.50
1982.02
1982.02
1982.58
1983.11
1983.58
1983.61
1984.46
1985.17
1985.17
1985.22
1985.73
1985.86
1988.14
1988.35
1988.57
1988.61
1988.81
1989.88
1991.30
1992.36
1992.58
1994.28
1995.01
1995.38
1995.51
1996.20
1996.78
1997.86
1998.62
1998.90
1998.95
2001.37
2001.91
2002.17
2002.56
2002.82
2002.86
2003.21
2003.73
2003.77
2003.80
2005.12
2007.98
2008.14
2008.57
2010.07
2010.09
2010.25
2011.20
2013.36
2013.36
2014.14
2014.38
2015.15
2015.56
2016.48
2017.30
2017.48
2018.61
2018.86
2019.29
2019.66
2019.71
2021.22
2021.61
2021.67
2021.96
2022.07
2023.18
2023.64
2023.78
2023.89
2024.89
2024.91
2026.45
2026.51
2026.69
2026.89
2027.33
2027.63
2027.87
2029.06
2029.35
2029.65
2029.94
2030.11
2030.49
2032.42
2032.44
2035.83
2036.21
2037.18
2037.20
2037.22
2039.14
2039.93
2040.11
2040.13
2040.53
2041.63
2041.86
2042.36
2044.31
2045.37
2046.61
2046.81
2046.81
2047.61
2047.83
2047.94
2048.14
2048.63
2048.87
2049.76
2050.38
2051.51
2051.84
2052.22
2053.95
2054.95
2057.09
2058.14
2058.18
2059.00
2059.65
2061.95
2062.64
2062.77
2064.38
2064.80
2064.80
2065.18
2066.28
2067.24
2068.11
2068.14
2068.38
2068.83
2068.83
2069.59
2070.20
2071.41
2071.52
2071.70
2073.54
2074.32
2075.80
2076.48
2076.52
2078.23
2078.23
2078.68
2078.75
2079.87
2080.35
2080.41
2080.93
2081.70
2083.50
2083.95
2084.76
2085.05
2085.12
2085.60
2086.12
2086.30
2086.88
2087.04
2087.54
2088.08
2090.00
2090.86
2091.13
2091.22
2092.04
2092.24
2092.31
2092.97
2093.12
2093.69
2093.96
2094.78
2095.21
2097.25
2098.61
2098.88
2099.32
2099.47
2099.84
2100.66
2101.16
2101.27
2102.48
2102.68
2103.48
2103.86
2103.89
2104.64
2105.34
2106.96
2107.40
2107.42
2107.65
2107.78
2109.31
2109.38
2110.73
2110.77
2113.81
2116.38
2116.44
2116.60
2118.80
2119.35
2119.38
2119.49
2119.49
2120.09
2120.34
2121.01
2121.14
2121.24
2121.56
2122.27
2122.45
2122.75
2124.38
2125.62
2125.65
2126.70
2126.75
2126.93
2127.16
2128.41
2129.21
2129.28
2129.79
2131.52
2132.12
2134.20
2134.63
2136.39
2136.62
2137.50
2138.06
2138.59
2138.75
2139.05
2140.37
2141.07
2141.90
2142.18
2142.41
2142.64
2144.40
2144.80
2146.82
2147.75
2148.03
2149.17
2149.58
2150.61
2150.82
2151.03
2151.61
2151.75
2152.73
2153.05
2154.31
2154.94
2155.03
2156.04
2156.36
2157.25
2157.67
2157.81
2158.63
2158.88
2158.95
2160.64
2161.41
2161.95
2163.16
2164.15
2164.76
2165.08
2165.76
2166.44
2167.73
2168.01
2170.27
2172.47
2173.04
2173.04
2173.42
2173.42
2174.33
2174.36
2175.01
2175.01
2175.37
2175.58
2176.78
2177.04
2177.96
2178.36
2181.61
2182.75
2183.43
2184.80
2185.21
2185.42
2185.58
2187.12
2188.00
2189.04
2189.20
2189.73
2191.03
2191.36
2194.11
2194.26
2195.40
2196.06
2196.77
2197.37
2198.79
2199.25
2199.65
2199.68
2200.91
2201.32
2201.56
2201.87
2202.58
2202.65
2203.53
2205.08
2206.13
2206.18
2206.37
2206.47
2207.42
2208.16
2209.17
2209.38
2210.36
2212.25
2212.59
2213.52
2213.57
2213.59
2213.76
2213.81
2213.86
2214.07
2214.31
2214.58
2214.60
2215.30
2217.12
2217.31
2217.43
2217.60
2218.08
2218.25
2219.35
2222.50
2222.88
2223.82
2223.85
2223.99
2225.31
2226.66
2227.41
2227.70
2228.81
2229.75
2230.69
2231.10
2231.32
2232.26
2233.06
2233.95
2234.29
2235.57
2235.79
2236.92
2236.97
2237.58
2239.76
2240.22
2241.58
2242.43
2242.45
2243.03
2243.37
2244.71
2244.88
2245.27
2245.63
2245.63
2247.04
2251.30
2251.45
2251.93
2254.39
2254.96
2255.66
2257.74
2258.59
2258.84
2259.82
2259.82
2260.18
2262.97
2263.34
2263.54
2264.05
2264.91
2265.32
2266.38
2266.60
2267.04
2267.09
2269.03
2269.03
2270.75
2272.64
2274.19
2274.36
2275.67
2275.79
2277.19
2278.13
2278.87
2279.21
2279.36
2279.58
2280.45
2281.44
2282.05
2283.26
2283.44
2283.78
2284.30
2285.12
2285.17
2286.77
2287.79
2288.38
2289.74
2289.89
2290.46
2291.23
2291.88
2292.97
2293.79
2293.96
2294.56
2295.05
2296.37
2296.49
2296.82
2297.41
2299.73
2299.97
2300.92
2301.19
2302.14
2302.14
2302.29
2303.41
2303.59
2304.08
2304.73
2306.68
2308.03
2310.43
2310.93
2312.20
2312.45
2314.15
2315.48
2316.33
2317.01
2317.44
2318.09
2318.51
2319.87
2320.02
2321.02
2321.50
2322.46
2322.68
2322.73
2323.51
2324.67
2325.55
2327.16
2327.76
2329.60
2330.13
2331.19
2331.85
2331.85
2336.01
2337.81
2337.94
2338.19
2339.10
2339.25
2339.30
2340.92
2342.11
2342.62
2342.65
2343.28
2343.71
2346.81
2346.86
2348.84
2350.34
2350.80
2351.23
2352.27
2352.65
2352.76
2353.21
2353.44
2353.54
2354.21
2354.89
2355.30
2355.63
2355.71
2356.30
2357.37
2357.98
2359.61
2359.84
2361.07
2363.42
2363.93
2364.85
2365.59
2365.62
2365.77
2365.77
2367.05
2367.16
2368.13
2368.62
2369.46
2371.13
2371.23
2371.54
2371.72
2373.98
2374.54
2376.03
2376.19
2377.04
2377.37
2377.40
2377.53
2377.68
2379.12
2380.13
2381.08
2381.77
2383.48
2383.81
2384.95
2386.81
2390.24
2390.48
2391.54
2391.95
2393.35
2394.15
2394.20
2395.16
2397.11
2397.70
2397.83
2398.33
2398.64
2399.52
2403.60
2404.38
2405.55
2405.63
2405.63
2406.85
2408.02
2411.65
2411.83
2411.83
2412.22
2416.58
2418.28
2419.36
2420.56
2421.64
2422.29
2422.84
2422.89
2423.34
2423.39
2423.63
2424.18
2425.18
2426.28
2426.51
2426.59
2427.83
2428.01
2428.35
2428.46
2429.93
2432.22
2432.64
2432.85
2433.77
2434.46
2434.51
2434.80
2434.83
2435.69
2435.75
2436.41
2436.62
2436.78
2436.80
2437.49
2437.49
2437.88
2437.96
2438.12
2438.33
2438.46
2439.41
2439.97
2440.15
2441.50
2444.25
2445.28
2445.76
2448.01
2448.46
2448.80
2452.81
2452.91
2454.90
2455.86
2455.86
2455.89
2457.24
2457.37
2458.25
2459.10
2460.25
2460.30
2461.13
2462.72
2462.96
2463.39
2464.32
2464.94
2465.04
2465.95
2466.46
2466.54
2468.27
2469.18
2470.57
2471.21
2472.07
2472.12
2472.60
2473.03
2473.19
2473.25
2473.91
2474.29
2476.00
2478.04
2478.82
2480.67
2481.04
2482.87
2483.11
2483.19
2484.30
2484.51
2484.99
2485.67
2487.04
2487.33
2487.82
2488.36
2488.84
2489.43
2489.65
2490.00
2491.19
2492.05
2492.80
2493.56
2494.10
2494.18
2497.69
2497.74
2497.88
2498.77
2500.50
2501.02
2501.26
2501.58
2502.53
2502.91
2503.13
2504.02
2505.43
2506.08
2509.04
2510.34
2511.40
2511.84
2512.35
2513.82
2513.85
2517.52
2518.67
2518.80
2519.05
2521.04
2521.56
2521.64
2522.16
2524.15
2524.64
2525.90
2525.98
2526.67
2528.22
2528.39
2529.87
2530.30
2530.99
2532.91
2533.23
2534.44
2534.47
2534.50
2535.76
2536.14
2536.64
2536.66
2537.82
2539.27
2539.44
2539.44
2539.63
2539.90
2540.40
2540.62
2543.12
2546.01
2547.72
2547.75
2549.38
2550.31
2550.84
2551.53
2551.75
2553.29
2553.43
2554.10
2554.76
2556.70
2557.08
2557.30
2558.16
2558.69
2559.13
2560.10
2560.13
2561.46
2561.98
2562.40
2562.68
2563.23
2564.40
2564.79
2564.92
2565.04
2565.59
2567.31
2567.56
2567.67
2568.28
2568.53
2569.98
2570.15
2570.84
2571.09
2571.12
2571.76
2571.82
2573.35
2574.43
2575.66
2575.94
2580.48
2581.69
2584.65
2585.43
2585.54
2587.64
2590.42
2590.98
2591.34
2592.63
2592.88
2593.64
2595.55
2596.14
2597.54
2597.99
2598.87
2599.48
2600.33
2603.09
2603.45
2603.93
2603.96
2604.50
2605.23
2605.37
2606.33
2608.33
2609.06
2610.28
2610.67
2611.83
2612.37
2612.82
2615.14
2615.68
2615.85
2615.85
2616.90
2617.15
2618.34
2618.91
2620.01
2620.21
2621.37
2622.96
2623.53
2626.37
2626.82
2627.02
2627.93
2628.42
2628.84
2629.01
2629.95
2630.07
2631.06
2631.38
2631.97
2632.74
2633.37
2634.20
2637.02
2637.53
2638.76
2639.22
2639.36
2640.96
2640.99
2641.56
2644.88
2644.88
2648.23
2652.01
2653.59
2653.82
2653.82
2653.88
2654.37
2654.51
2655.23
2656.89
2658.10
2658.13
2660.12
2660.87
2660.95
2661.41
2661.50
2662.62
2663.83
2663.83
2665.04
2666.89
2668.94
2669.46
2669.52
2670.35
2671.63
2672.09
2672.98
2673.59
2673.79
2674.23
2674.95
2675.18
2675.59
2680.57
2680.69
2681.01
2681.24
2682.49
2682.78
2682.92
2683.21
2684.20
2684.35
2685.13
2685.19
2685.36
2685.68
2686.03
2687.83
2688.65
2689.11
2689.46
2689.58
2693.16
2693.66
2694.36
2694.79
2695.26
2695.99
2696.13
2697.53
2699.78
2701.27
2701.65
2701.89
2702.33
2703.29
2703.47
2704.61
2704.78
2705.75
2706.13
2708.74
2708.77
2708.97
2709.88
2710.35
2710.61
2710.94
2711.40
2711.79
2711.82
2712.11
2713.31
2713.46
2713.69
2714.31
2715.99
2719.22
2719.34
2719.45
2720.25
2721.63
2723.70
2725.05
2725.32
2725.76
2725.94
2727.29
2727.77
2728.41
2728.53
2732.61
2732.73
2732.99
2733.08
2734.35
2734.65
2734.71
2734.80
2735.63
2735.78
2736.99
2736.99
2737.73
2737.94
2738.41
2738.74
2738.83
2739.83
2740.16
2740.25
2740.37
2741.05
2741.88
2742.74
2743.57
2744.67
2745.26
2747.14
2748.00
2750.08
2754.49
2754.76
2755.05
2755.08
2756.13
2756.78
2756.99
2757.50
2758.19
2758.39
2758.72
2760.57
2761.08
2762.07
2762.19
2762.58
2762.61
2763.11
2763.86
2764.37
2766.31
2767.30
2768.44
2769.37
2770.24
2771.20
2774.98
2775.01
2775.22
2775.22
2776.09
2776.12
2776.93
2777.05
2777.08
2778.79
2779.18
2780.18
2781.20
2781.65
2781.74
2782.07
2787.01
2788.10
2788.97
2795.08
2795.71
2797.89
2801.01
2801.22
2801.62
2802.10
2802.98
2803.10
2803.62
2804.77
2805.44
2805.92
2806.96
2807.96
2808.26
2808.29
2810.00
2810.36
2810.60
2813.43
2813.80
2814.13
2814.77
2816.66
2817.82
2817.97
2819.74
2820.29
2822.95
2823.34
2824.38
2824.38
2824.99
2825.02
2825.70
2825.76
2826.06
2827.04
2828.82
2829.25
2829.37
2830.20
2830.62
2830.78
2831.18
2833.66
2833.96
2835.56
2835.74
2835.80
2836.05
2836.42
2837.86
2839.37
2840.72
2843.36
2844.29
2844.87
2847.33
2847.73
2848.91
2850.26
2850.42
2850.54
2851.00
2851.96
2852.42
2852.95
2853.04
2854.46
2855.29
2857.18
2857.95
2858.94
2861.48
2862.04
2862.50
2862.72
2862.81
2863.80
2863.89
2864.86
2865.44
2866.90
2868.08
2869.01
2869.32
2870.47
2871.25
2872.49
2873.64
2874.76
2874.85
2880.05
2880.27
2881.08
2881.21
2882.24
2883.73
2887.14
2889.42
2889.73
2892.20
2893.14
2893.83
2894.14
2897.56
2897.84
2897.96
2898.56
2900.69
2902.14
2902.29
2902.48
2902.61
2903.77
2904.74
2905.56
2909.46
2909.97
2910.94
2911.01
2911.35
2911.73
2911.92
2912.52
2913.72
2913.94
2917.22
2919.24
2919.40
2920.38
2921.10
2921.51
2921.54
2921.73
2922.02
2924.11
2924.33
2926.35
2926.73
2927.27
2929.65
2929.87
2930.09
2930.16
2930.41
2933.01
2933.17
2933.20
2934.44
2935.04
2935.68
2936.92
2937.74
2937.87
2938.57
2939.11
2939.33
2939.71
2939.97
2940.00
2940.83
2943.69
2943.98
2946.11
2946.31
2947.68
2947.93
2948.09
2949.72
2950.64
2950.80
2951.83
2952.11
2952.14
2954.38
2954.45
2954.54
2956.33
2957.90
2958.00
2959.21
2962.58
2963.02
2963.02
2964.21
2964.28
2964.37
2965.30
2965.88
2969.83
2971.66
2972.53
2972.92
2973.82
2974.17
2975.36
2977.07
2977.68
2977.84
2978.36
2978.68
2980.81
2982.97
2983.03
2983.16
2984.13
2986.71
2986.78
2986.88
2987.10
2987.62
2988.14
2989.07
2989.53
2989.56
2989.72
2989.95
2991.05
2991.50
2992.18
2992.76
2992.86
2993.28
2994.93
2997.37
2998.31
3000.12
3000.16
3001.13
3002.46
3004.54
3004.77
3005.61
3006.62
3007.60
3007.86
3007.99
3008.05
3009.10
3010.98
3012.97
3013.17
3013.27
3013.79
3015.32
3016.04
3016.76
3019.83
3020.09
3021.17
3022.96
3023.49
3025.62
3025.78
3029.45
3030.20
3032.20
3032.24
3033.09
3034.37
3034.73
3035.12
3035.81
3035.98
3036.27
3036.96
3037.49
3038.94
3039.79
3040.97
3042.79
3044.60
3045.02
3045.72
3046.51
3047.23
3048.45
3048.52
3049.84
3050.96
3051.26
3052.98
3053.37
3054.07
3055.92
3055.98
3058.70
3059.36
3061.97
3062.34
3062.97
3063.90
3064.13
3069.14
3069.27
3072.29
3073.22
3079.52
3079.82
3080.28
3080.62
3081.55
3081.75
3082.42
3084.15
3086.59
3089.90
3093.11
3093.17
3093.31
3093.78
3094.61
3096.09
3096.72
3096.89
3097.90
3099.61
3099.64
3100.31
3100.58
3101.65
3103.80
3104.74
3105.14
3105.28
3106.29
3106.62
3106.79
3108.07
3108.78
3109.41
3111.00
3112.71
3113.99
3114.06
3114.43
3115.07
3116.72
3117.30
3118.14
3120.03
3120.81
3120.98
3121.62
3122.02
3122.43
3123.24
3124.49
3125.27
3125.50
3126.21
3126.38
3126.62
3127.67
3127.87
3130.75
3130.78
3131.50
3131.66
3133.60
3137.12
3137.12
3139.71
3140.93
3141.13
3141.95
3142.97
3144.46
3146.54
3146.92
3147.12
3148.58
3148.92
3150.15
3156.87
3157.97
3158.07
3159.23
3159.71
3159.88
3160.91
3161.49
3162.34
3162.55
3163.51
3165.84
3166.79
3167.14
3167.34
3168.78
3170.63
3172.49
3173.72
3174.96
3175.96
3179.36
3179.39
3179.60
3179.91
3182.04
3182.32
3182.39
3184.80
3184.94
3185.01
3185.56
3185.87
3187.28
3187.90
3188.32
3190.04
3190.49
3190.80
3191.66
3192.80
3194.29
3196.78
3197.44
3200.21
3200.27
3202.84
3203.43
3204.26
3204.36
3205.44
3206.20
3207.62
3209.78
3210.44
3210.64
3210.89
3212.14
3212.21
3212.35
3213.18
3215.62
3215.76
3216.10
3216.52
3216.59
3216.94
3217.39
3217.60
3218.26
3219.83
3221.47
3221.78
3222.51
3223.18
3224.47
3224.47
3226.45
3228.27
3228.55
3229.42
3230.79
3231.80
3232.12
3233.27
3233.51
3235.44
3235.58
3238.80
3239.12
3239.40
3239.43
3240.24
3240.24
3241.57
3241.96
3242.66
3245.33
3247.47
3249.47
3249.72
3250.77
3250.98
3251.27
3251.34
3253.20
3253.62
3256.12
3256.16
3259.08
3259.58
3260.53
3264.13
3264.38
3264.48
3264.66
3265.40
3265.69
3268.51
3270.00
3270.81
3272.33
3274.57
3274.64
3276.91
3278.32
3279.46
3280.20
3281.13
3282.41
3286.71
3286.81
3286.88
3289.52
3290.19
3290.30
3290.41
3291.94
3295.82
3300.00
3300.28
3300.68
3300.85
3301.32
3301.50
3301.78
3302.71
3303.07
3304.07
3304.11
3304.96
3305.07
3305.39
3305.82
3306.93
3309.33
3309.58
3311.12
3311.37
3314.88
3315.24
3315.24
3318.51
3318.80
3319.12
3319.66
3320.27
3320.99
3321.20
3324.87
3326.42
3326.56
3327.64
3328.65
3328.79
3329.37
3329.80
3332.22
3332.79
3334.27
3334.49
3335.03
3335.07
3335.79
3336.94
3339.62
3343.27
3348.15
3348.70
3349.57
3349.60
3349.71
3350.87
3353.85
3355.04
3356.02
3357.88
3358.06
3358.57
3359.77
3364.46
3365.37
3366.79
3366.86
3367.34
3370.33
3370.40
3371.60
3371.64
3373.50
3374.45
3375.87
3378.94
3379.09
3380.26
3380.95
3382.01
3383.15
3383.63
3384.94
3387.22
3388.39
3388.53
3388.53
3389.52
3389.74
3390.33
3391.21
3391.32
3391.95
3392.97
3393.60
3393.82
3393.93
3394.66
3397.16
3397.35
3397.46
3398.04
3398.41
3399.77
3400.14
3400.43
3405.33
3405.77
3406.99
3409.24
3409.98
3410.83
3411.23
3411.60
3412.52
3413.71
3414.22
3414.22
3414.59
3417.33
3420.95
3421.10
3421.58
3422.84
3423.77
3423.91
3424.84
3425.62
3426.73
3427.21
3428.85
3429.14
3430.00
3430.18
3433.30
3433.41
3434.01
3434.60
3435.68
3437.61
3438.13
3438.39
3439.88
3441.63
3442.19
3443.94
3444.13
3446.62
3451.18
3454.32
3455.32
3457.76
3457.91
3458.20
3458.28
3460.53
3460.68
3461.20
3461.31
3463.45
3464.76
3465.36
3465.81
3468.40
3471.21
3473.13
3473.50
3474.29
3474.97
3475.91
3476.32
3476.55
3477.08
3477.45
3478.58
3478.69
3479.07
3479.15
3481.74
3484.84
3486.34
3486.34
3487.55
3487.70
3487.82
3487.85
3488.91
3489.06
3490.80
3491.33
3491.78
3493.67
3494.77
3495.11
3495.67
3495.98
3496.24
3496.88
3498.06
3499.19
3499.91
3500.18
3500.63
3503.09
3504.23
3504.50
3505.26
3506.17
3507.61
3507.65
3508.33
3512.20
3512.20
3512.39
3513.38
3513.50
3514.71
3515.36
3517.87
3519.35
3519.51
3519.58
3519.93
3522.48
3523.70
3523.97
3524.54
3525.91
3526.29
3527.67
3527.82
3528.28
3528.47
3528.85
3529.23
3529.65
3530.68
3531.52
3532.44
3533.28
3533.36
3533.40
3535.00
3538.10
3540.44
3541.16
3542.16
3542.58
3542.77
3544.12
3545.31
3546.30
3549.64
3550.03
3553.75
3557.49
3559.68
3559.95
3560.14
3560.34
3560.57
3561.72
3561.88
3562.65
3562.76
3563.65
3564.23
3565.04
3566.12
3566.20
3567.12
3567.97
3569.01
3570.06
3570.44
3571.10
3575.20
3575.24
3575.93
3577.33
3579.65
3580.73
3581.12
3582.59
3582.71
3582.79
3584.22
3587.09
3587.99
3588.53
3589.15
3592.69
3593.66
3594.40
3594.71
3596.07
3596.61
3596.69
3596.89
3597.43
3597.43
3598.21
3599.07
3600.59
3601.17
3602.46
3603.66
3604.99
3606.75
3607.72
3609.56
3610.65
3611.32
3612.29
3612.60
3614.36
3615.26
3616.32
3616.40
3616.52
3617.85
3618.75
3618.79
3619.18
3619.33
3619.61
3619.92
3621.21
3623.21
3624.66
3626.00
3627.80
3627.96
3630.71
3631.57
3631.61
3633.93
3635.66
3635.82
3637.04
3637.51
3638.14
3638.77
3639.20
3639.24
3639.28
3639.83
3641.68
3642.08
3642.28
3642.43
3642.43
3643.02
3643.89
3644.09
3645.90
3649.30
3649.65
3650.64
3652.18
3652.81
3654.16
3654.99
3654.99
3655.70
3656.02
3656.77
3657.40
3657.80
3660.05
3661.95
3663.70
3665.44
3667.35
3669.73
3673.90
3675.65
3678.63
3680.07
3681.78
3682.10
3682.50
3682.93
3683.61
3684.25
3684.49
3685.53
3685.96
3687.28
3688.96
3689.32
3690.59
3693.27
3693.63
3693.83
3694.19
3694.19
3695.95
3696.67
3699.75
3702.47
3702.55
3702.99
3705.56
3705.68
3707.60
3710.37
3711.50
3711.50
3713.87
3713.95
3714.19
3714.23
3715.15
3716.04
3716.28
3716.84
3717.61
3717.93
3718.49
3720.10
3720.82
3722.40
3724.45
3726.30
3726.95
3728.24
3729.85
3729.97
3730.70
3731.31
3732.11
3732.24
3733.53
3733.57
3735.75
3736.07
3737.25
3738.74
3740.20
3742.55
3742.79
3743.60
3744.17
3745.02
3745.67
3745.91
3747.41
3747.57
3748.26
3748.75
3751.06
3751.22
3751.39
3752.60
3753.25
3753.29
3754.96
3754.96
3758.66
3759.47
3759.67
3761.83
3763.22
3763.54
3763.58
3763.74
3763.95
3765.94
3768.63
3768.68
3769.98
3770.27
3771.04
3771.37
3773.49
3774.10
3775.33
3777.08
3777.33
3778.15
3778.19
3778.84
3779.41
3779.50
3782.24
3782.97
3783.59
3784.82
3785.02
3785.31
3789.32
3790.72
3792.03
3792.07
3793.55
3793.75
3796.38
3797.82
3798.07
3800.82
3800.94
3802.80
3804.85
3804.94
3805.84
3806.34
3806.91
3807.69
3809.71
3810.29
3810.91
3814.29
3814.83
3816.19
3816.36
3816.69
3817.06
3820.16
3822.89
3824.71
3824.95
3825.12
3825.16
3829.97
3830.30
3831.46
3832.29
3832.95
3836.60
3836.89
3838.30
3838.80
3839.05
3839.47
3840.59
3840.71
3843.04
3844.08
3844.29
3845.25
3845.37
3846.45
3846.74
3846.83
3847.58
3849.70
3850.66
3852.16
3854.20
3855.08
3856.08
3856.16
3857.33
3859.42
3859.58
3859.71
3859.83
3862.51
3863.80
3864.18
3865.14
3865.64
3866.27
3866.69
3867.40
3868.49
3868.70
3869.16
3869.41
3870.16
3874.35
3876.62
3876.79
3880.56
3881.15
3881.78
3882.33
3882.49
3883.00
3884.26
3886.91
3887.37
3888.34
3889.22
3890.11
3890.74
3892.42
3892.46
3894.99
3895.79
3895.92
3896.34
3896.51
3897.18
3897.60
3898.03
3899.00
3899.29
3899.33
3899.59
3900.14
3900.43
3900.64
3901.49
3903.39
3904.95
3905.63
3905.75
3905.75
3907.78
3908.29
3909.73
3911.55
3913.07
3913.28
3916.12
3919.00
3920.49
3921.33
3922.69
3923.67
3924.99
3927.24
3927.83
3928.21
3932.30
3933.45
3933.74
3934.51
3934.68
3935.45
3936.85
3940.35
3940.43
3941.45
3941.50
3942.22
3943.97
3946.11
3946.62
3947.09
3949.22
3953.46
3953.93
3954.74
3956.20
3956.49
3957.22
3958.16
3958.64
3959.75
3959.88
3959.92
3962.36
3963.09
3963.52
3968.37
3969.01
3969.27
3970.86
3972.45
3975.12
3975.98
3976.75
3977.01
3979.21
3979.42
3981.83
3982.91
3983.56
3983.64
3984.68
3985.67
3987.83
3988.08
3989.77
3992.88
3993.05
3996.68
3999.49
4001.53
4001.57
4001.92
4002.78
4002.96
4003.61
4003.69
4003.91
4005.17
4006.86
4007.46
4007.51
4008.16
4009.28
4010.67
4011.19
4011.89
4012.37
4012.63
4012.67
4013.10
4014.49
4015.36
4016.14
4016.27
4016.49
4017.58
4017.88
4017.93
4018.58
4018.58
4018.80
4020.80
4022.28
4023.28
4024.63
4024.80
4029.24
4029.72
4030.64
4031.47
4034.35
4034.44
4034.61
4035.44
4036.66
4036.84
4038.06
4038.54
4039.20
4039.68
4040.42
4041.38
4043.04
4044.53
4044.93
4047.16
4048.69
4048.74
4049.48
4050.36
4050.58
4051.76
4052.94
4052.99
4053.29
4053.69
4053.73
4054.00
4055.18
4056.15
4056.67
4057.64
4057.81
4058.43
4060.62
4060.80
4060.89
4062.91
4064.23
4064.80
4065.94
4068.98
4069.82
4069.99
4070.04
4072.02
4072.68
4074.09
4078.24
4078.55
4078.63
4078.68
4078.77
4081.19
4081.59
4082.52
4083.14
4083.98
4085.13
4085.26
4085.35
4089.15
4089.15
4091.10
4091.23
4091.98
4093.31
4093.53
4095.04
4095.61
4096.01
4096.46
4098.67
4099.52
4099.69
4100.98
4101.56
4102.44
4103.15
4103.60
4104.31
4104.40
4104.84
4105.15
4105.24
4105.29
4105.46
4107.06
4108.75
4110.44
4110.53
4110.93
4111.51
4113.96
4114.14
4119.26
4121.26
4121.89
4122.38
4123.32
4123.67
4125.64
4127.60
4129.52
4130.01
4131.93
4132.74
4135.24
4135.78
4136.68
4137.97
4138.47
4139.86
4141.29
4142.63
4142.95
4145.14
4145.28
4148.46
4149.27
4149.50
4150.98
4151.79
4154.89
4156.78
4157.18
4157.36
4157.54
4158.08
4160.83
4160.92
4162.04
4164.02
4164.65
4164.83
4165.02
4165.60
4166.14
4168.08
4170.88
4170.92
4173.00
4173.18
4173.18
4176.43
4177.25
4178.92
4180.41
4182.22
4182.90
4183.62
4183.85
4185.39
4186.02
4186.20
4188.06
4188.70
4188.92
4188.92
4189.42
4190.15
4192.28
4192.82
4193.23
4193.50
4194.09
4195.27
4196.68
4196.91
4198.27
4200.81
4201.22
4201.41
4201.68
4202.27
4205.91
4205.91
4206.91
4207.87
4208.73
4209.55
4210.32
4211.24
4211.87
4214.79
4217.35
4217.89
4218.08
4221.41
4221.41
4222.00
4224.38
4224.70
4226.07
4226.16
4226.39
4226.76
4230.92
4231.38
4232.61
4233.99
4235.27
4240.31
4244.45
4244.54
4244.81
4246.24
4246.56
4246.79
4246.88
4247.48
4248.76
4249.36
4249.55
4251.25
4251.94
4253.32
4254.10
4254.47
4255.94
4256.82
4257.74
4259.31
4261.24
4262.07
4263.50
4265.07
4266.27
4266.69
4266.96
4267.29
4270.20
4270.89
4270.98
4273.57
4274.12
4275.56
4277.41
4278.98
4279.63
4282.32
4284.54
4284.96
4286.72
4288.21
4289.41
4289.97
4290.20
4292.06
4292.29
4293.87
4294.06
4295.40
4295.91
4295.96
4296.52
4296.75
4297.54
4298.84
4300.61
4301.08
4302.05
4304.34
4304.52
4305.92
4306.94
4307.18
4309.46
4312.77
4314.69
4316.18
4318.24
4318.24
4318.47
4319.87
4320.62
4320.81
4324.03
4324.17
4324.83
4325.34
4326.05
4329.89
4330.78
4331.20
4331.34
4331.39
4332.70
4333.45
4333.54
4336.83
4336.87
4336.97
4337.25
4338.00
4338.61
4339.41
4340.53
4341.52
4343.63
4343.92
4344.20
4344.67
4347.07
4348.34
4348.34
4348.34
4348.57
4348.85
4349.89
4351.16
4353.37
4356.06
4357.00
4358.09
4362.05
4362.19
4366.91
4369.65
4370.60
4376.37
4376.94
4383.58
4384.34
4386.85
4387.09
4390.03
4392.12
4392.17
4393.83
4394.55
4394.69
4395.59
4398.21
4400.21
4400.83
4401.07
4401.26
4401.78
4401.83
4402.26
4402.97
4403.02
4404.83
4405.93
4405.97
4406.40
4407.31
4407.69
4408.07
4408.17
4410.55
4411.08
4413.80
4414.42
4414.47
4414.56
4415.04
4417.09
4417.81
4418.19
4418.24
4419.25
4421.30
4423.36
4427.57
4427.57
4427.96
4428.20
4431.41
4432.80
4435.29
4435.87
4438.37
4439.61
4439.95
4440.14
4440.14
4441.06
4442.59
4445.14
4445.48
4445.48
4448.99
4449.09
4450.00
4450.39
4451.30
4451.45
4451.93
4452.46
4457.13
4457.62
4458.73
4459.35
4464.86
4466.31
4468.48
4468.48
4468.58
4469.35
4469.83
4470.80
4473.71
4476.03
4476.13
4476.32
4476.71
4480.68
4480.97
4485.39
4486.11
4486.65
4486.75
4487.76
4489.76
4492.48
4494.23
4497.63
4499.00
4499.29
4500.46
4502.26
4505.72
4506.40
4506.94
4507.13
4507.13
4509.57
4511.23
4511.72
4521.20
4522.52
4522.62
4523.01
4524.48
4524.62
4525.90
4526.78
4527.86
4529.23
4530.50
4530.65
4533.25
4534.43
4535.31
4536.14
4536.68
4537.22
4537.42
4537.42
4540.12
4540.81
4541.35
4542.82
4543.17
4543.86
4546.51
4549.37
4550.01
4551.09
4551.48
4552.17
4553.26
4554.64
4555.47
4555.52
4556.95
4557.10
4559.71
4561.24
4561.64
4562.08
4563.02
4565.84
4565.88
4567.86
4569.05
4572.91
4573.94
4574.54
4574.69
4576.22
4576.77
4578.00
4578.10
4579.69
4579.79
4582.61
4586.48
4587.18
4587.23
4588.77
4590.21
4590.75
4591.89
4593.68
4594.08
4594.78
4596.87
4597.26
4598.06
4598.76
4600.40
4600.65
4601.49
4602.34
4603.39
4603.58
4603.63
4603.98
4605.03
4605.33
4605.63
4606.72
4609.52
4613.06
4613.86
4614.96
4617.30
4617.55
4618.05
4618.05
4619.85
4619.90
4619.95
4620.35
4620.85
4625.60
4626.96
4627.61
4629.86
4630.91
4631.96
4633.32
4634.22
4639.29
4639.89
4643.61
4644.01
4644.36
4645.72
4646.27
4647.43
4647.78
4650.34
4650.49
4650.95
4651.65
4655.02
4655.02
4655.53
4656.79
4657.29
4657.29
4658.05
4659.36
4661.48
4662.13
4662.54
4663.80
4664.25
4664.30
4665.31
4668.59
4669.25
4669.45
4669.65
4670.16
4670.92
4671.37
4672.38
4673.19
4673.80
4673.80
4674.76
4675.32
4675.67
4676.33
4676.99
4677.80
4678.86
4682.20
4682.45
4683.77
4688.44
4690.87
4692.24
4694.98
4695.24
4697.32
4699.05
4699.86
4703.22
4704.09
4706.43
4707.80
4707.85
4709.08
4710.10
4711.68
4713.10
4714.99
4715.96
4717.44
4719.02
4719.79
4720.30
4720.61
4720.76
4721.42
4721.88
4725.10
4725.82
4727.20
4727.25
4727.30
4727.81
4728.38
4728.38
4733.65
4734.01
4735.60
4735.95
4739.75
4740.36
4740.41
4741.44
4742.26
4745.34
4746.93
4748.32
4748.42
4748.58
4752.79
4754.49
4754.75
4755.00
4755.31
4756.13
4756.96
4764.01
4765.82
4769.07
4773.77
4775.83
4776.45
4776.71
4777.59
4778.00
4778.06
4778.57
4779.81
4781.73
4784.00
4786.54
4788.51
4789.39
4789.44
4790.12
4792.55
4792.76
4797.07
4798.42
4800.60
4800.96
4804.34
4806.68
4807.30
4807.77
4807.98
4808.13
4808.55
4810.01
4812.09
4812.56
4812.82
4813.60
4813.65
4816.15
4818.03
4820.95
4822.41
4824.81
4825.02
4828.99
4830.82
4832.60
4833.07
4835.94
4837.04
4837.51
4839.87
4841.23
4841.49
4842.12
4843.12
4844.01
4844.43
4845.79
4848.20
4848.20
4851.14
4852.40
4854.50
4856.44
4856.55
4859.55
4860.76
4862.28
4863.65
4866.23
4868.91
4868.97
4869.34
4873.97
4874.13
4875.40
4877.03
4877.30
4878.99
4880.31
4880.41
4882.42
4883.63
4883.85
4884.69
4886.22
4886.65
4887.49
4888.82
4889.34
4893.00
4895.38
4897.71
4898.98
4899.09
4900.20
4900.36
4900.57
4900.89
4902.11
4902.59
4903.70
4904.50
4905.82
4906.62
4907.26
4908.11
4908.90
4911.51
4912.09
4912.73
4915.87
4917.89
4922.63
4923.85
4924.33
4927.53
4927.69
4928.28
4929.13
4929.45
4933.56
4934.52
4937.88
4938.26
4938.90
4939.01
4939.54
4943.82
4945.69
4947.08
4948.21
4948.95
4949.06
4949.70
4949.87
4954.79
4955.38
4956.46
4959.25
4959.30
4961.02
4962.14
4963.16
4964.29
4967.84
4968.05
4969.83
4970.85
4973.16
4973.70
4973.97
4975.53
4975.80
4975.85
4976.93
4977.42
4978.82
4979.14
4980.27
4980.49
4981.67
4981.83
4992.41
4994.73
4996.90
4998.57
4999.22
5001.76
5002.36
5002.47
5003.01
5003.06
5003.87
5005.39
5006.42
5006.74
5006.96
5007.88
5008.64
5010.48
5010.97
5012.71
5013.14
5013.74
5014.66
5015.42
5016.18
5016.18
5016.67
5018.08
5021.50
5023.89
5024.33
5024.38
5024.76
5026.72
5026.72
5028.03
5029.44
5029.93
5030.31
5030.75
5030.80
5031.67
5032.16
5032.82
5033.58
5034.01
5035.32
5037.17
5038.05
5038.97
5039.57
5039.79
5039.95
5040.55
5042.74
5043.55
5044.10
5044.75
5045.85
5047.43
5047.76
5048.25
5050.93
5055.96
5057.16
5057.21
5057.60
5059.19
5059.73
5061.38
5065.26
5065.48
5065.92
5066.96
5070.04
5070.36
5072.45
5074.15
5075.30
5076.40
5076.90
5077.17
5079.09
5083.44
5085.80
5085.91
5089.93
5090.37
5091.36
5091.53
5095.94
5099.14
5099.80
5100.08
5103.17
5103.94
5104.93
5105.15
5105.27
5109.08
5115.00
5115.05
5116.71
5120.31
5121.09
5121.92
5121.97
5123.64
5125.91
5126.08
5128.24
5131.18
5133.63
5136.90
5137.63
5140.46
5140.80
5141.80
5143.91
5146.03
5147.75
5150.98
5152.38
5152.77
5153.44
5153.72
5154.05
5155.28
5155.39
5156.95
5157.57
5158.35
5158.51
5159.69
5160.75
5164.66
5164.77
5164.99
5169.97
5170.08
5170.58
5171.20
5173.16
5174.11
5175.62
5175.96
5177.47
5179.77
5183.58
5186.50
5187.73
5188.07
5189.13
5189.81
5193.74
5194.25
5197.17
5197.17
5198.80
5199.03
5199.98
5202.35
5202.63
5202.74
5204.99
5205.44
5210.68
5211.87
5215.14
5215.25
5216.15
5217.90
5218.30
5219.71
5219.99
5220.90
5226.38
5226.55
5226.66
5229.66
5231.08
5232.43
5238.67
5239.29
5240.88
5244.90
5245.93
5245.98
5248.14
5249.16
5255.36
5263.21
5263.44
5264.92
5265.83
5269.13
5270.85
5272.04
5273.87
5274.72
5274.90
5279.24
5279.58
5281.81
5282.61
5284.21
5285.58
5286.55
5286.61
5289.76
5290.44
5290.50
5297.77
5297.89
5303.80
5309.48
5312.18
5313.56
5317.24
5317.41
5318.97
5319.08
5319.31
5319.60
5325.36
5326.17
5326.92
5327.26
5327.32
5327.61
5328.30
5328.42
5329.34
5330.55
5331.18
5334.41
5334.70
5337.76
5339.78
5341.75
5342.15
5342.21
5344.24
5347.53
5351.18
5351.24
5354.65
5354.94
5355.00
5355.23
5356.45
5357.15
5358.01
5358.88
5359.87
5361.61
5363.23
5365.85
5366.95
5369.16
5369.97
5372.12
5372.88
5373.23
5373.63
5380.50
5382.59
5383.93
5384.69
5388.48
5389.53
5393.50
5394.25
5394.31
5395.25
5396.30
5396.65
5398.63
5401.96
5404.42
5404.59
5405.71
5405.88
5406.00
5407.46
5410.74
5411.62
5411.97
5415.42
5419.47
5420.05
5422.69
5424.10
5426.27
5426.92
5427.10
5429.86
5431.91
5434.15
5435.56
5439.09
5439.15
5439.38
5439.68
5440.85
5443.62
5447.63
5447.86
5448.63
5449.57
5451.17
5452.35
5453.41
5454.29
5456.06
5456.71
5457.13
5457.36
5457.78
5462.74
5463.15
5464.22
5464.39
5464.63
5466.05
5467.59
5468.00
5468.06
5469.24
5470.07
5472.56
5473.09
5473.98
5475.99
5476.23
5476.53
5477.59
5479.61
5484.35
5486.67
5486.73
5488.09
5489.22
5491.24
5492.91
5494.51
5495.16
5497.01
5497.54
5498.67
5499.86
5500.46
5504.21
5504.21
5505.04
5512.61
5512.79
5515.00
5516.07
5516.79
5518.34
5519.24
5520.79
5520.79
5523.54
5523.96
5526.17
5526.95
5527.07
5530.72
5532.09
5532.27
5532.51
5533.17
5533.53
5536.28
5536.70
5537.36
5537.84
5539.04
5539.10
5541.08
5542.22
5543.72
5546.36
5549.06
5553.92
5556.27
5556.69
5557.17
5557.23
5560.06
5560.18
5561.62
5562.22
5562.52
5563.36
5563.67
5567.22
5568.78
5568.97
5572.16
5572.58
5574.81
5576.14
5577.17
5584.84
5584.90
5586.35
5586.35
5588.40
5589.67
5593.79
5594.33
5594.57
5598.02
5600.75
5602.63
5602.81
5604.93
5606.93
5607.00
5607.97
5608.21
5608.88
5610.76
5611.06
5612.34
5613.73
5615.31
5615.98
5616.41
5617.38
5619.26
5619.45
5620.18
5620.60
5620.97
5622.24
5622.49
5622.67
5622.97
5624.01
5628.03
5631.50
5633.45
5636.74
5637.84
5637.90
5639.18
5641.87
5643.88
5645.41
5646.57
5648.40
5653.84
5653.90
5654.76
5655.43
5658.06
5658.13
5663.52
5666.09
5668.11
5668.24
5670.94
5670.94
5674.19
5676.52
5676.58
5681.44
5683.16
5685.87
5687.16
5687.59
5688.33
5691.96
5692.08
5692.33
5693.19
5693.56
5694.98
5695.47
5698.43
5700.77
5701.45
5701.45
5705.15
5705.34
5706.45
5709.48
5712.94
5713.31
5714.11
5717.88
5718.32
5718.44
5721.54
5722.09
5722.59
5725.25
5726.61
5726.92
5727.17
5730.77
5732.19
5737.22
5737.40
5738.27
5739.02
5742.99
5743.43
5744.80
5745.54
5745.92
5746.91
5747.84
5748.22
5748.34
5750.64
5751.39
5754.44
5757.55
5762.91
5765.16
5768.47
5770.15
5770.71
5774.09
5774.52
5776.90
5778.46
5782.65
5782.71
5789.35
5790.54
5793.55
5795.80
5796.75
5796.75
5798.56
5798.56
5800.20
5800.45
5801.64
5802.33
5804.03
5804.34
5805.16
5806.16
5806.79
5807.86
5812.89
5813.52
5813.64
5814.40
5816.47
5818.36
5818.42
5818.61
5823.08
5829.64
5830.27
5830.46
5831.85
5834.25
5835.00
5836.01
5838.29
5843.91
5846.76
5847.33
5848.34
5852.33
5855.56
5856.00
5856.89
5858.60
5859.68
5860.06
5860.63
5860.76
5863.42
5863.86
5864.75
5865.64
5867.61
5868.05
5869.45
5869.89
5870.66
5870.78
5873.13
5876.57
5877.08
5877.65
5886.11
5888.92
5891.27
5891.85
5893.82
5893.89
5895.23
5896.50
5897.14
5900.46
5906.85
5907.23
5909.40
5913.37
5914.97
5915.10
5915.99
5917.53
5922.21
5925.35
5927.08
5932.27
5935.10
5935.68
5936.77
5937.41
5937.67
5943.13
5944.55
5944.93
5945.83
5946.54
5946.99
5947.12
5948.15
5948.34
5949.24
5949.24
5950.66
5952.01
5952.59
5954.65
5960.52
5961.62
5962.39
5963.87
5964.65
5965.36
5966.07
5967.94
5968.46
5970.72
5973.69
5973.88
5975.82
5978.41
5979.70
5980.03
5980.42
5981.13
5982.62
5986.57
5986.95
5990.71
5990.91
5991.94
5992.53
5994.02
5995.06
5997.72
5999.34
6001.61
6002.26
6004.28
6005.57
6008.63
6009.28
6009.34
6010.58
6013.70
6027.84
6029.01
6029.80
6030.45
6030.77
6032.67
6038.15
6038.54
6040.50
6041.94
6042.40
6044.95
6045.02
6045.34
6046.91
6047.76
6048.29
6049.79
6049.92
6053.33
6054.90
6055.42
6057.52
6057.59
6059.75
6060.14
6066.05
6066.97
6069.59
6072.48
6074.13
6075.90
6084.06
6084.45
6089.99
6090.18
6091.17
6094.80
6098.36
6100.73
6102.98
6103.84
6105.03
6111.31
6111.44
6111.90
6114.02
6114.61
6114.88
6115.34
6117.79
6120.83
6133.63
6134.29
6136.55
6142.40
6142.73
6144.79
6144.86
6147.12
6147.65
6147.85
6148.18
6151.24
6152.91
6153.31
6156.17
6159.97
6160.63
6166.97
6168.77
6172.98
6178.72
6179.86
6179.86
6189.23
6191.77
6193.11
6194.05
6196.33
6197.34
6198.88
6203.37
6203.78
6204.05
6204.11
6204.45
6207.20
6208.54
6213.58
6213.79
6215.74
6218.43
6219.23
6220.18
6220.85
6221.05
6221.93
6223.14
6229.74
6232.37
6233.38
6242.63
6243.71
6245.13
6247.36
6248.37
6249.72
6252.29
6253.11
6263.53
6265.09
6269.70
6270.65
6270.79
6273.30
6273.37
6279.89
6280.57
6282.95
6284.31
6285.46
6289.61
6297.58
6298.87
6299.69
6301.94
6306.51
6311.02
6311.36
6312.38
6314.09
6317.64
6320.65
6322.09
6323.94
6324.14
6325.44
6326.40
6326.60
6327.36
6328.38
6335.24
6339.76
6341.82
6342.30
6342.44
6343.88
6346.49
6348.41
6349.99
6351.36
6351.78
6352.19
6354.18
6354.60
6355.01
6356.04
6357.48
6358.31
6360.37
6360.72
6362.51
6364.92
6365.47
6366.50
6367.26
6368.50
6371.74
6374.50
6377.39
6378.01
6381.60
6387.27
6389.96
6390.24
6393.21
6393.28
6395.84
6396.74
6400.76
6401.31
6401.94
6402.14
6408.17
6410.88
6411.85
6412.13
6414.21
6414.97
6415.81
6416.15
6419.49
6419.97
6420.94
6421.22
6421.36
6424.97
6425.74
6425.74
6426.02
6426.09
6426.57
6427.27
6428.17
6428.24
6428.87
6434.30
6435.06
6436.25
6436.52
6441.89
6442.59
6443.14
6444.19
6449.21
6450.12
6454.31
6456.12
6458.43
6462.06
6462.41
6465.91
6467.10
6474.80
6478.31
6484.55
6485.46
6487.14
6488.69
6492.06
6494.59
6495.15
6498.95
6500.35
6500.63
6501.41
6502.53
6503.73
6508.09
6509.01
6516.34
6517.40
6518.66
6518.95
6519.30
6523.18
6524.45
6526.15
6526.57
6530.95
6531.58
6532.22
6533.35
6534.55
6536.53
6538.09
6538.66
6538.94
6540.07
6542.83
6544.46
6546.37
6546.44
6546.73
6547.15
6548.43
6551.47
6551.62
6552.96
6554.73
6556.58
6558.85
6561.83
6562.26
6563.32
6566.38
6567.44
6567.87
6569.01
6576.90
6578.18
6586.73
6590.93
6593.29
6594.50
6595.64
6600.50
6603.21
6607.43
6609.64
6612.36
6612.58
6612.93
6613.36
6614.87
6616.66
6616.94
6619.16
6623.10
6625.32
6627.33
6631.92
6638.38
6638.60
6639.39
6645.43
6646.00
6646.07
6646.50
6649.02
6650.03
6650.32
6653.27
6654.28
6654.64
6656.08
6656.65
6657.23
6664.36
6664.65
6665.66
6666.53
6668.91
6670.57
6674.97
6676.92
6677.35
6680.25
6680.46
6681.69
6687.19
6687.55
6688.42
6689.36
6692.18
6692.91
6694.86
6695.08
6699.28
6703.05
6704.07
6707.33
6707.84
6707.84
6709.29
6709.80
6713.43
6717.94
6732.34
6733.07
6733.87
6737.15
6741.82
6749.26
6752.62
6755.33
6755.33
6758.76
6762.93
6764.32
6765.28
6767.55
6767.77
6772.75
6773.70
6774.36
6777.51
6778.10
6781.03
6782.50
6785.73
6786.39
6786.90
6790.94
6791.24
6792.63
6793.81
6796.82
6802.20
6803.23
6805.66
6807.42
6808.31
6811.25
6817.30
6819.22
6819.29
6822.46
6822.69
6829.70
6833.84
6837.61
6837.69
6841.83
6842.72
6844.13
6850.20
6852.65
6853.61
6855.62
6855.76
6861.18
6861.63
6862.15
6864.37
6864.89
6866.97
6867.27
6868.01
6868.53
6871.66
6872.77
6874.56
6875.15
6877.38
6881.55
6881.78
6881.85
6883.34
6884.01
6885.57
6886.39
6888.11
6889.23
6890.19
6898.10
6901.01
6907.36
6907.59
6909.83
6910.43
6910.65
6911.62
6913.12
6915.66
6918.88
6925.47
6926.22
6933.42
6934.62
6935.07
6937.25
6937.70
6938.30
6938.97
6942.80
6947.24
6948.89
6950.62
6954.23
6954.61
6955.06
6958.37
6961.46
6966.96
6972.09
6981.14
6982.58
6983.64
6985.60
6987.04
6990.59
6995.81
6995.89
6997.93
7001.27
7001.64
7004.90
7006.95
7007.10
7009.60
7013.55
7014.69
7015.60
7021.90
7024.03
7026.61
7029.96
7031.25
7032.47
7033.46
7037.19
7038.25
7038.48
7041.45
7042.67
7042.90
7043.97
7045.34
7047.86
7049.15
7050.98
7052.36
7052.59
7053.35
7053.81
7054.95
7056.25
7056.94
7061.82
7062.82
7063.28
7072.15
7072.99
7073.37
7075.21
7075.67
7076.36
7078.58
7080.42
7081.03
7087.39
7091.61
7094.76
7094.83
7095.68
7096.06
7101.59
7103.21
7103.97
7107.20
7108.43
7108.51
7114.44
7117.28
7121.44
7122.91
7125.68
7131.70
7131.85
7134.09
7135.79
7135.87
7136.02
7136.79
7140.19
7141.66
7142.12
7145.29
7146.76
7147.30
7151.71
7153.03
7154.96
7155.66
7157.67
7160.38
7161.78
7169.30
7170.39
7171.94
7175.27
7175.90
7176.13
7178.07
7178.23
7182.11
7182.96
7183.12
7192.84
7193.00
7194.32
7194.48
7195.10
7196.19
7196.50
7197.12
7198.06
7198.68
7199.15
7199.69
7202.34
7205.38
7211.62
7212.01
7213.03
7218.57
7219.35
7219.90
7221.30
7222.94
7228.50
7232.95
7236.87
7239.61
7240.71
7241.57
7244.55
7244.62
7251.06
7253.10
7253.57
7256.39
7258.04
7259.30
7260.95
7262.13
7263.23
7267.79
7273.84
7274.94
7279.83
7280.69
7280.77
7285.82
7286.52
7291.34
7291.65
7292.76
7296.15
7297.41
7299.78
7300.26
7300.73
7300.81
7305.47
7307.05
7307.13
7307.68
7313.77
7314.80
7318.29
7319.79
7320.03
7321.14
7321.69
7330.81
7333.98
7337.87
7340.02
7340.02
7342.48
7344.15
7345.18
7345.81
7346.45
7347.48
7349.71
7350.74
7351.54
7353.37
7355.76
7359.90
7359.98
7360.61
7362.68
7363.56
7364.76
7364.99
7365.55
7370.34
7372.49
7373.61
7374.40
7374.72
7375.44
7377.44
7378.07
7379.11
7382.23
7384.70
7386.30
7388.54
7388.62
7390.38
7390.46
7392.62
7392.94
7395.26
7395.50
7395.66
7398.22
7398.62
7398.94
7405.59
7420.27
7422.91
7427.01
7427.66
7428.30
7428.38
7430.55
7432.24
7440.36
7443.18
7449.79
7451.32
7453.42
7453.90
7456.00
7456.00
7459.79
7461.97
7472.72
7474.74
7475.22
7475.95
7476.60
7478.05
7483.07
7484.29
7484.77
7484.85
7494.17
7494.50
7498.07
7499.93
7500.82
7502.37
7503.26
7503.34
7504.15
7504.80
7510.49
7511.71
7511.71
7516.75
7516.99
7519.35
7520.33
7520.65
7520.82
7522.77
7524.15
7529.45
7536.62
7537.03
7540.21
7544.78
7545.10
7550.41
7550.74
7553.44
7554.33
7558.50
7560.30
7562.19
7562.68
7564.89
7565.38
7571.35
7571.44
7575.62
7581.27
7583.08
7584.47
7586.61
7588.09
7588.17
7590.79
7591.62
7595.89
7604.28
7606.74
7606.99
7615.47
7615.64
7625.20
7626.61
7626.77
7627.10
7629.16
7634.53
7634.78
7636.18
7636.51
7637.75
7638.00
7638.08
7646.02
7649.25
7649.50
7651.32
7661.59
7661.76
7663.00
7667.81
7672.29
7672.96
7673.12
7677.27
7678.19
7683.76
7688.83
7689.83
7690.33
7690.33
7691.49
7693.49
7694.16
7699.24
7705.65
7709.16
7709.41
7717.75
7718.25
7718.92
7719.51
7721.34
7721.43
7724.77
7727.11
7728.53
7728.87
7730.71
7743.18
7743.76
7744.52
7747.20
7754.50
7759.87
7761.21
7762.89
7763.65
7765.92
7768.61
7768.86
7769.70
7770.62
7770.88
7773.48
7774.32
7776.26
7780.55
7786.87
7787.71
7789.90
7792.43
7797.66
7800.61
7800.78
7800.95
7804.33
7806.10
7807.87
7810.32
7813.45
7813.96
7814.63
7814.80
7821.99
7822.42
7824.20
7826.57
7830.12
7830.55
7831.65
7833.17
7837.92
7840.72
7841.65
7843.10
7844.03
7848.87
7853.97
7857.20
7859.24
7865.87
7870.81
7872.26
7872.68
7876.01
7879.16
7879.67
7882.49
7884.96
7886.67
7887.26
7889.23
7889.65
7893.58
7894.09
7896.06
7897.60
7898.11
7900.67
7901.95
7905.63
7905.72
7906.15
7906.92
7907.43
7907.69
7909.57
7910.08
7910.94
7927.39
7930.31
7930.39
7932.71
7932.97
7937.86
7938.03
7938.37
7940.69
7941.38
7944.05
7944.73
7946.45
7946.97
7949.20
7950.84
7952.22
7953.68
7953.76
7954.11
7957.90
7958.33
7958.93
7959.19
7960.31
7962.72
7963.58
7972.55
7974.27
7975.91
7977.21
7981.09
7983.77
7984.72
7989.73
7990.60
7991.11
7993.80
7997.34
7998.03
7999.51
8000.28
8003.49
8003.49
8004.09
8005.31
8007.13
8007.65
8008.34
8008.77
8013.89
8018.40
8019.52
8019.87
8021.09
8023.26
8025.51
8026.56
8037.59
8038.64
8043.16
8043.94
8046.64
8046.90
8047.34
8049.95
8052.56
8052.91
8054.05
8059.45
8059.63
8065.91
8067.56
8069.83
8085.39
8086.00
8088.45
8088.45
8089.77
8090.20
8091.61
8094.49
8096.95
8097.12
8098.09
8099.66
8104.13
8107.12
8108.34
8109.75
8116.60
8118.79
8123.18
8130.13
8130.83
8133.12
8133.83
8136.11
8140.43
8143.16
8151.98
8151.98
8152.59
8157.27
8157.71
8163.01
8165.30
8166.01
8168.75
8170.43
8170.61
8171.58
8173.61
8173.79
8175.38
8176.27
8176.44
8183.26
8184.59
8185.21
8186.45
8187.07
8197.44
8198.15
8199.92
8202.05
8204.09
8207.20
8209.15
8211.20
8216.00
8220.00
8220.62
8225.96
8227.65
8228.72
8233.71
8234.86
8237.27
8240.66
8242.44
8256.72
8257.08
8260.39
8261.55
8265.48
8269.78
8271.21
8277.29
8282.49
8282.67
8296.93
8298.01
8298.64
8307.80
8311.40
8313.83
8317.60
8318.59
8319.13
8325.35
8327.42
8335.80
8337.07
8338.51
8341.13
8341.22
8341.49
8347.36
8347.63
8351.51
8353.95
8360.19
8362.09
8364.71
8370.42
8370.96
8372.77
8376.04
8376.13
8378.12
8379.30
8380.02
8380.48
8382.02
8383.47
8384.20
8385.10
8387.01
8388.37
8388.46
8399.99
8400.90
8416.73
8419.83
8420.83
8420.92
8431.96
8433.05
8433.32
8434.97
8435.88
8436.25
8437.43
8441.72
8442.00
8445.93
8449.31
8459.83
8462.21
8464.50
8467.80
8469.54
8470.54
8471.09
8476.14
8476.96
8477.05
8478.34
8484.76
8485.13
8485.96
8491.47
8496.06
8498.54
8500.66
8510.97
8512.72
8512.99
8519.17
8521.65
8524.33
8526.17
8527.37
8528.30
8529.59
8530.79
8534.94
8540.02
8541.69
8542.80
8543.07
8548.71
8550.38
8554.36
8560.93
8562.60
8563.25
8571.13
8572.05
8584.40
8586.35
8589.60
8590.72
8592.76
8593.04
8593.51
8594.62
8600.20
8604.11
8604.20
8605.69
8605.88
8619.95
8623.03
8626.86
8627.70
8629.00
8629.66
8629.75
8631.34
8634.70
8636.76
8637.60
8640.21
8642.37
8645.83
8646.76
8647.98
8649.29
8650.60
8655.00
8657.06
8659.12
8659.31
8664.46
8667.84
8669.90
8671.68
8674.78
8675.72
8678.53
8678.91
8679.94
8683.79
8685.58
8686.80
8688.78
8690.84
8691.88
8694.32
8697.52
8699.41
8700.82
8701.01
8701.29
8706.94
8708.73
8722.50
8722.59
8723.54
8726.46
8731.47
8734.59
8734.96
8738.27
8740.64
8744.04
8744.42
8745.18
8747.35
8747.92
8759.10
8759.86
8760.42
8763.27
8772.09
8772.28
8788.53
8789.10
8793.66
8795.09
8802.80
8804.42
8808.04
8808.23
8810.23
8814.62
8816.62
8816.62
8820.25
8822.92
8822.92
8823.97
8824.64
8827.98
8832.38
8832.47
8838.21
8841.08
8841.27
8844.90
8846.15
8848.45
8848.64
8849.02
8854.86
8860.42
8860.61
8861.38
8862.63
8863.01
8863.30
8863.58
8864.26
8867.04
8867.90
8871.07
8871.74
8885.29
8885.67
8888.46
8888.55
8890.00
8893.65
8895.96
8897.98
8898.85
8899.81
8902.12
8902.80
8908.29
8910.03
8911.95
8913.40
8918.90
8925.18
8929.52
8935.13
8936.38
8937.45
8937.54
8940.93
8947.99
8956.91
8957.39
8958.46
8966.12
8966.70
8970.10
8973.20
8973.69
8976.60
8979.42
8981.85
8982.43
8985.83
8986.32
8989.82
8997.70
9000.91
9004.62
9006.17
9007.05
9007.44
9008.71
9013.19
9013.29
9018.36
9018.66
9026.37
9026.37
9026.76
9029.89
9032.82
9033.31
9034.67
9035.55
9036.82
9037.31
9038.00
9040.64
9049.54
9057.77
9059.83
9059.93
9060.13
9060.52
9062.18
9066.79
9067.77
9071.31
9083.78
9087.71
9089.19
9099.52
9101.10
9102.77
9103.95
9108.09
9111.24
9120.22
9127.13
9128.12
9132.86
9133.65
9137.11
9137.90
9143.04
9146.11
9146.51
9148.98
9153.34
9153.83
9160.67
9160.67
9170.98
9175.55
9177.63
9183.69
9183.99
9184.69
9187.37
9188.86
9191.25
9191.45
9196.72
9198.21
9198.21
9208.67
9214.65
9217.64
9220.03
9229.11
9233.01
9234.31
9236.21
9240.11
9241.71
9242.91
9246.31
9250.31
9254.51
9257.92
9266.14
9279.88
9279.98
9284.20
9284.70
9288.92
9289.02
9291.64
9292.14
9294.35
9296.36
9296.66
9302.00
9306.73
9312.07
9319.53
9324.17
9329.11
9338.10
9344.16
9346.69
9349.52
9350.23
9353.37
9362.68
9374.95
9376.77
9383.07
9384.89
9385.91
9387.43
9395.87
9396.68
9397.90
9399.32
9403.09
9403.09
9407.26
9412.15
9412.35
9419.48
9421.01
9423.25
9429.47
9431.21
9435.50
9442.03
9446.12
9448.68
9449.60
9450.92
9451.44
9455.12
9456.04
9462.59
9462.90
9467.30
9469.35
9469.86
9472.12
9473.65
9473.96
9475.81
9479.09
9480.52
9484.73
9485.35
9490.07
9491.30
9491.61
9495.82
9497.87
9497.98
9506.20
9507.44
9508.47
9511.14
9515.57
9526.49
9526.80
9527.00
9528.14
9538.45
9540.00
9540.00
9548.47
9552.29
9552.29
9556.11
9557.04
9558.60
9563.46
9566.15
9568.94
9577.54
9588.22
9589.26
9592.68
9594.55
9601.82
9603.38
9610.97
9620.96
9621.68
9622.41
9625.74
9628.24
9630.75
9632.52
9636.79
9638.46
9641.90
9646.18
9648.37
9653.80
9654.95
9655.79
9657.14
9658.09
9659.55
9660.38
9662.68
9663.31
9663.83
9664.88
9666.24
9675.24
9677.44
9679.43
9682.99
9685.29
9686.34
9690.95
9692.00
9701.65
9703.96
9705.96
9709.53
9711.42
9715.42
9716.36
9720.67
9720.99
9721.72
9730.77
9737.73
9738.04
9745.53
9746.69
9750.27
9753.33
9756.08
9763.57
9770.55
9772.45
9772.66
9772.77
9779.33
9785.47
9793.41
9795.42
9795.63
9798.92
9799.56
9801.15
9809.32
9817.92
9821.32
9821.64
9825.14
9837.91
9838.65
9843.66
9843.98
9844.40
9848.13
9853.78
9860.71
9861.25
9862.10
9866.26
9866.80
9867.97
9867.97
9869.57
9872.67
9876.20
9876.94
9884.53
9886.46
9887.21
9894.06
9895.56
9895.98
9903.16
9903.27
9904.02
9904.45
9905.20
9914.74
9915.17
9923.54
9929.23
9930.84
9933.32
9935.68
9938.48
9939.12
9945.36
9951.71
9951.93
9956.45
9958.39
9962.05
9963.24
9966.58
9969.93
9973.05
9975.00
9981.26
9982.23
9992.60
9995.42
10000.18
10005.26
10005.48
10012.41
10013.06
10013.49
10018.15
10019.78
10020.10
10029.00
10036.27
10042.68
10050.94
10056.38
10060.19
10063.46
10065.42
10068.57
10071.84
10074.79
10077.51
10083.84
10089.95
10090.17
10092.24
10097.48
10103.82
10108.74
10110.82
10111.92
10114.10
10117.61
10118.37
10122.42
10129.66
10131.41
10137.22
10138.10
10139.63
10147.76
10148.09
10152.92
10153.25
10154.79
10155.22
10170.18
10171.50
10171.50
10180.53
10183.94
10199.27
10199.60
10201.48
10208.10
10208.10
10209.43
10214.07
10214.29
10215.73
10215.73
10215.84
10216.61
10218.27
10223.91
10224.46
10227.78
10227.78
10231.21
10232.43
10234.65
10235.09
10235.31
10236.42
10257.93
10268.92
10269.81
10270.36
10279.48
10281.82
10282.15
10283.15
10283.93
10284.82
10291.39
10292.61
10293.95
10296.07
10307.66
10312.68
10320.27
10320.72
10321.16
10323.95
10325.52
10327.19
10329.43
10331.11
10341.28
10349.23
10351.25
10352.14
10355.61
10361.89
10363.12
10368.62
10387.26
10390.97
10395.47
10401.77
10402.44
10404.47
10407.73
10416.75
10418.33
10424.53
10426.11
10429.49
10437.39
10437.51
10438.75
10443.27
10447.00
10453.22
10455.59
10459.10
10462.04
10462.61
10463.29
10469.74
10473.25
10486.63
10491.85
10492.88
10499.80
10500.26
10503.78
10508.33
10509.58
10513.79
10516.29
10517.88
10527.67
10529.15
10530.18
10532.91
10536.22
10541.24
10548.08
10549.22
10549.22
10549.57
10552.31
10552.31
10554.48
10559.16
10561.79
10572.19
10573.22
10577.34
10577.45
10580.43
10580.77
10585.24
10587.65
10590.17
10593.83
10600.37
10602.66
10604.73
10607.14
10609.32
10610.47
10624.48
10626.67
10626.78
10634.83
10639.55
10651.30
10652.68
10657.87
10658.56
10662.83
10665.72
10666.29
10668.02
10668.25
10671.37
10678.07
10692.06
10693.22
10703.98
10705.95
10707.80
10713.25
10716.96
10725.31
10734.37
10734.72
10735.65
10737.39
10738.43
10740.76
10742.50
10749.94
10753.66
10760.30
10761.46
10764.49
10769.38
10769.97
10772.88
10773.00
10774.63
10775.56
10782.21
10783.61
10796.45
10798.32
10802.29
10803.46
10812.12
10816.21
10826.98
10827.57
10828.15
10828.74
10829.09
10833.31
10835.07
10835.89
10837.41
10842.34
10847.62
10849.26
10850.91
10852.67
10858.89
10865.83
10867.24
10868.18
10875.00
10878.18
10878.18
10885.48
10887.13
10888.31
10888.89
10892.43
10903.16
10903.63
10905.64
10905.87
10923.71
10925.72
10926.07
10927.37
10937.31
10941.21
10948.79
10954.95
10955.43
10959.46
10962.19
10963.37
10970.73
10972.87
10990.33
11006.87
11009.49
11012.00
11018.55
11021.17
11036.45
11038.24
11048.04
11049.83
11050.31
11050.91
11060.24
11062.39
11074.25
11079.88
11084.92
11095.24
11105.56
11107.49
11111.21
11113.62
11115.30
11120.96
11123.60
11130.47
11132.03
11136.25
11137.81
11137.81
11148.06
11153.85
11153.85
11155.30
11156.63
11157.96
11159.29
11159.41
11167.74
11170.28
11173.54
11174.39
11174.51
11175.60
11175.72
11177.17
11179.83
11182.98
11183.58
11203.93
11208.05
11210.60
11214.12
11216.06
11217.76
11220.18
11223.83
11232.45
11242.79
11250.70
11255.69
11258.61
11265.92
11274.58
11276.04
11278.73
11284.22
11293.50
11294.36
11298.03
11300.35
11306.59
11313.93
11321.89
11326.79
11328.38
11343.84
11353.91
11359.44
11377.03
11383.31
11383.80
11384.29
11404.26
11407.10
11408.95
11411.30
11413.77
11414.51
11419.70
11423.40
11430.70
11434.16
11436.27
11436.88
11443.94
11447.04
11448.65
11451.25
11454.72
11456.08
11459.43
11463.40
11469.60
11471.09
11471.34
11475.81
11483.88
11495.57
11497.31
11506.02
11517.23
11532.57
11537.06
11545.92
11561.55
11562.18
11566.93
11570.06
11570.31
11577.20
11581.33
11581.71
11585.47
11595.63
11606.42
11614.34
11620.24
11627.29
11638.49
11641.13
11648.44
11651.59
11654.49
11658.65
11658.91
11660.80
11666.35
11666.48
11667.74
11668.12
11668.24
11668.75
11676.58
11680.50
11681.00
11682.52
11683.66
11691.12
11692.26
11702.89
11703.39
11704.53
11707.57
11708.59
11712.39
11714.42
11722.02
11731.67
11736.24
11742.08
11742.21
11744.49
11744.49
11744.75
11750.47
11755.05
11755.30
11766.50
11768.41
11776.31
11780.38
11787.78
11795.31
11796.45
11797.09
11800.16
11810.63
11814.34
11815.74
11821.11
11821.37
11831.09
11835.32
11835.45
11842.75
11848.90
11854.80
11856.60
11862.75
11865.19
11874.31
11888.84
11893.08
11895.53
11897.85
11905.32
11913.30
11915.24
11915.37
11919.24
11921.56
11938.60
11942.47
11942.73
11950.74
11952.68
11956.18
11965.11
11969.77
11977.67
11987.00
11987.65
11990.12
11991.67
11996.48
11997.90
11999.46
12002.32
12003.49
12005.96
12007.90
12013.75
12021.29
12021.42
12042.38
12043.16
12050.46
12050.99
12052.81
12053.98
12062.99
12066.77
12066.90
12068.34
12080.10
12080.75
12082.84
12097.23
12107.84
12108.49
12110.72
12110.98
12114.13
12120.95
12124.75
12133.54
12143.66
12148.91
12152.46
12153.12
12159.43
12160.09
12163.51
12171.02
12172.33
12173.39
12173.39
12194.08
12197.25
12201.21
12201.87
12211.11
12223.01
12223.80
12227.91
12249.89
12253.86
12257.18
12262.09
12268.59
12270.98
12272.17
12287.32
12291.04
12291.31
12296.23
12305.02
12307.01
12331.81
12337.41
12340.88
12344.89
12347.96
12350.10
12351.97
12361.86
12366.01
12367.21
12368.55
12382.88
12388.78
12402.19
12407.15
12418.03
12424.21
12426.77
12429.59
12432.01
12446.15
12457.06
12467.85
12467.98
12473.11
12478.24
12480.80
12490.93
12499.18
12500.26
12500.80
12505.67
12505.95
12507.70
12510.95
12512.85
12515.83
12520.70
12521.79
12527.61
12529.78
12538.06
12558.56
12564.81
12569.70
12572.56
12576.78
12585.35
12593.94
12594.48
12595.03
12595.03
12601.57
12604.57
12611.66
12614.26
12632.28
12640.90
12647.60
12654.72
12656.50
12660.20
12660.33
12661.43
12662.25
12666.50
12668.83
12671.30
12680.76
12681.04
12691.19
12692.98
12696.69
12698.75
12713.87
12725.43
12727.91
12730.94
12739.62
12747.89
12753.96
12753.96
12761.28
12769.98
12771.92
12777.03
12784.91
12790.45
12792.94
12797.64
12817.32
12824.54
12836.34
12849.81
12856.91
12857.46
12863.45
12873.61
12880.86
12889.50
12894.94
12908.34
12909.04
12909.32
12931.83
12939.94
12940.64
12945.12
12949.61
12952.41
12957.60
12957.60
12961.24
12967.41
12981.87
12983.70
12986.51
12989.46
12993.12
12998.46
13000.85
13001.27
13002.96
13005.91
13007.74
13013.23
13029.44
13040.30
13042.69
13058.23
13060.77
13061.05
13063.31
13067.41
13068.69
13072.50
13072.93
13077.31
13083.97
13096.29
13115.72
13126.36
13133.47
13133.89
13146.40
13146.40
13150.67
13163.77
13173.89
13174.03
13183.58
13186.15
13188.00
13198.71
13215.72
13216.43
13219.58
13236.32
13236.75
13237.32
13252.37
13259.83
13261.12
13261.98
13265.14
13277.63
13280.94
13281.66
13283.67
13286.97
13297.18
13302.80
13304.38
13319.50
13326.28
13327.00
13328.15
13332.62
13343.59
13347.64
13353.56
13365.12
13366.13
13369.32
13369.75
13382.20
13404.51
13410.17
13417.57
13430.79
13438.78
13444.17
13463.09
13465.57
13472.27
13477.37
13501.60
13501.75
13509.05
13510.51
13513.88
13520.31
13543.59
13544.03
13568.82
13568.97
13571.02
13573.52
13579.98
13586.60
13587.92
13591.30
13592.48
13592.77
13594.24
13596.01
13603.81
13606.90
13614.55
13625.75
13639.92
13641.83
13643.75
13644.49
13657.19
13660.00
13666.95
13668.58
13670.35
13674.64
13682.78
13708.42
13710.64
13716.72
13731.43
13737.07
13774.43
13777.86
13779.50
13786.06
13793.97
13800.39
13817.87
13829.98
13830.88
13832.98
13840.31
13843.91
13848.40
13862.49
13864.29
13864.74
13879.90
13881.55
13893.42
13902.30
13905.46
13911.63
13920.96
13922.17
13927.89
13931.21
13935.28
13941.91
13942.52
13957.31
13961.08
13965.16
13979.22
13981.95
13985.73
14006.93
14011.48
14016.33
14023.31
14025.58
14041.68
14046.08
14046.24
14049.43
14057.18
14061.14
14067.99
14070.27
14077.43
14086.42
14086.57
14107.77
14108.84
14113.72
14124.42
14129.77
14141.70
14146.90
14147.97
14148.58
14150.57
14157.31
14157.93
14162.83
14166.35
14174.17
14180.46
14185.53
14185.99
14191.51
14199.04
14203.03
14203.80
14220.87
14227.95
14228.72
14231.18
14244.28
14265.87
14266.33
14266.80
14271.43
14271.89
14282.86
14283.17
14286.88
14300.49
14319.69
14325.11
14340.93
14354.44
14365.31
14368.89
14386.31
14389.42
14403.44
14409.83
14420.13
14428.55
14437.61
14441.67
14445.27
14449.02
14464.66
14468.26
14468.73
14475.46
14483.30
14518.60
14518.91
14519.86
14524.10
14526.93
14540.92
14549.11
14551.00
14551.94
14556.03
14560.29
14563.12
14563.75
14606.52
14611.58
14614.27
14619.96
14631.67
14637.53
14643.23
14655.12
14661.30
14663.68
14667.33
14669.55
14672.57
14686.23
14700.38
14707.86
14750.57
14754.24
14755.67
14760.78
14771.49
14773.41
14795.16
14800.61
14802.21
14820.32
14825.13
14826.25
14831.38
14834.27
14838.77
14857.73
14860.30
14862.55
14864.00
14884.43
14885.88
14892.01
14893.30
14896.36
14902.64
14919.75
14929.27
14938.00
14939.29
14944.79
14945.27
14951.74
14974.73
14978.95
14981.38
14985.75
14988.19
14989.00
15009.28
15009.77
15021.31
15025.53
15049.29
15092.17
15096.58
15103.12
15107.69
15107.69
15118.48
15127.81
15142.71
15168.29
15172.07
15174.53
15175.02
15178.31
15180.12
15180.28
15183.24
15215.80
15233.26
15241.01
15242.33
15248.93
15269.89
15295.85
15313.08
15326.34
15327.17
15335.46
15338.45
15343.09
15347.08
15359.37
15362.36
15365.36
15371.34
15379.83
15381.99
15384.15
15387.48
15391.81
15392.48
15397.81
15403.97
15406.64
15407.47
15412.98
15425.49
15435.67
15438.85
15448.20
15451.88
15455.39
15468.11
15471.12
15474.64
15481.17
15487.20
15488.54
15488.71
15494.57
15495.24
15517.39
15524.11
15526.96
15539.90
15547.30
15548.99
15551.68
15563.63
15577.61
15583.01
15598.02
15599.37
15601.57
15628.60
15630.97
15640.10
15645.35
15652.46
15678.22
15681.45
15692.99
15703.35
15713.38
15719.50
15724.43
15728.00
15730.39
15735.66
15737.03
15760.37
15764.29
15782.90
15787.34
15818.45
15822.39
15829.24
15848.26
15849.98
15869.03
15893.94
15919.24
15929.75
15929.92
15935.78
15955.80
15967.20
15968.75
15979.29
15979.81
15991.75
16010.79
16013.91
16017.03
16026.56
16043.39
16061.98
16099.04
16110.71
16131.47
16145.09
16175.86
16178.49
16187.07
16196.00
16230.38
16253.76
16291.26
16320.02
16327.43
16327.43
16359.44
16362.27
16366.17
16370.24
16379.10
16379.45
16389.56
16404.82
16428.44
16435.20
16478.29
16478.82
16485.96
16492.02
16507.20
16538.30
16538.84
16541.70
16546.54
16551.01
16553.34
16568.21
16581.12
16588.30
16613.09
16618.12
16620.28
16663.86
16680.27
16682.80
16687.13
16696.16
16702.67
16744.10
16750.26
16759.15
16770.21
16811.27
16811.81
16817.27
16832.20
16864.83
16870.30
16890.76
16891.49
16896.79
16926.99
16936.51
16939.08
16951.73
16957.23
16967.69
16983.12
17013.28
17030.04
17031.33
17039.26
17047.56
17053.09
17064.72
17066.01
17066.38
17080.42
17090.96
17101.69
17107.42
17108.90
17132.24
17135.21
17140.96
17146.71
17155.25
17162.49
17163.41
17165.27
17197.80
17207.67
17211.39
17215.49
17216.79
17233.57
17239.72
17260.81
17261.37
17263.61
17263.99
17291.84
17303.26
17304.94
17316.56
17319.74
17339.43
17342.06
17357.07
17364.96
17366.65
17367.03
17371.73
17373.61
17377.18
17387.34
17413.32
17439.71
17461.62
17466.34
17470.69
17473.71
17482.98
17493.95
17531.09
17542.10
17564.51
17569.83
17571.92
17578.96
17584.66
17588.28
17601.99
17625.81
17628.48
17643.17
17669.92
17677.76
17689.62
17690.58
17708.58
17743.10
17748.48
17750.59
17759.62
17764.42
17773.46
17775.00
17806.37
17808.11
17808.30
17818.71
17823.53
17832.21
17843.60
17862.72
17864.65
17872.39
17872.58
17877.80
17880.90
17882.06
17884.38
17896.19
17908.20
17913.04
17941.55
17945.24
17959.81
17966.42
17973.03
17992.88
18015.47
18036.34
18039.46
18097.92
18113.59
18123.59
18125.35
18129.28
18133.59
18146.35
18170.32
18199.83
18206.53
18225.06
18236.10
18255.84
18258.61
18284.51
18287.87
18289.06
18291.43
18303.11
18327.29
18327.49
18338.00
18347.33
18348.92
18370.77
18393.44
18404.39
18414.95
18426.11
18437.88
18438.47
18439.67
18469.82
18553.74
18566.60
18568.20
18575.64
18592.73
18641.68
18642.28
18648.13
18664.69
18679.43
18691.97
18695.41
18704.72
18709.37
18740.17
18743.41
18747.47
18756.60
18765.73
18777.92
18790.72
18793.37
18803.94
18812.08
18833.47
18843.05
18861.81
18885.09
18891.63
18895.52
18936.04
18938.70
18954.08
18954.49
18972.75
18972.75
18999.86
19013.03
19060.61
19068.24
19069.06
19085.78
19108.93
19112.03
19116.78
19121.33
19134.58
19160.06
19160.27
19189.11
19205.10
19244.83
19245.87
19258.37
19268.37
19275.88
19316.38
19368.91
19388.20
19402.05
19420.96
19423.06
19440.93
19446.19
19447.87
19450.82
19452.50
19468.29
19468.72
19477.99
19485.57
19499.71
19502.87
19523.14
19554.85
19567.55
19570.94
19587.88
19704.37
19716.10
19716.53
19721.65
19737.44
19751.76
19779.99
19787.05
19806.97
19830.13
19856.32
19856.75
19860.40
19860.83
19868.79
19874.81
19895.68
19934.46
19939.86
19940.07
19955.40
19957.34
19980.24
19982.84
19983.92
19989.32
19994.08
19995.16
19997.11
19997.33
20010.10
20040.86
20049.11
20056.05
20056.05
20059.52
20065.38
20106.67
20127.57
20136.06
20149.14
20160.26
20172.26
20211.37
20222.52
20229.09
20250.77
20269.18
20275.76
20283.00
20284.76
20302.77
20315.29
20318.59
20329.58
20331.12
20335.30
20341.90
20347.19
20348.95
20365.47
20370.32
20381.78
20383.10
20389.50
20391.93
20435.66
20447.60
20487.69
20499.22
20534.07
20566.09
20583.01
20583.01
20591.92
20596.60
20621.12
20672.95
20676.08
20684.14
20686.60
20742.63
20759.25
20772.28
20791.39
20910.28
20925.67
20946.29
20973.73
20980.31
20988.71
21008.70
21032.36
21034.40
21040.10
21042.60
21050.57
21093.66
21099.14
21103.93
21118.10
21129.52
21137.30
21154.46
21234.49
21234.49
21246.44
21246.67
21268.29
21270.82
21290.16
21316.67
21353.14
21361.46
21381.35
21423.96
21445.76
21493.15
21499.89
21505.71
21508.73
21524.33
21535.51
21561.16
21594.08
21642.03
21646.01
21650.93
21653.50
21685.15
21709.34
21756.83
21770.02
21788.17
21829.93
21844.35
21887.64
21912.05
21912.28
21929.60
21974.25
22017.56
22068.84
22081.50
22095.36
22131.25
22178.72
22202.97
22250.10
22302.64
22327.03
22414.17
22416.11
22421.93
22503.59
22559.90
22582.86
22686.45
22697.50
22746.43
22754.30
22764.65
22768.83
22795.70
22845.83
22867.59
22872.54
23044.93
23123.11
23126.86
23169.69
23214.10
23260.11
23329.68
23344.07
23413.89
23587.04
23665.01
23696.78
23698.58
23703.71
23712.68
23721.15
23744.26
23746.58
23800.08
23800.34
23863.25
23945.50
23956.38
23958.20
24003.34
24079.56
24120.76
24140.60
24185.31
24210.44
24262.63
24276.02
24286.79
24333.35
24420.12
24602.58
24705.82
24721.86
24736.58
24750.23
24764.70
24878.03
24894.45
24951.89
24953.78
24965.66
24997.56
25033.83
25064.18
25083.17
25235.07
25287.55
25288.09
25342.88
25456.38
25481.45
25532.23
25572.87
25683.23
25781.80
25798.26
25807.47
25833.45
25855.82
25926.42
25938.48
25938.76
25954.49
25999.17
26052.68
26133.42
26137.95
26185.78
26283.71
26288.83
26600.71
26625.18
26669.01
26755.42
26765.27
26929.68
26957.67
27009.93
27015.77
27332.43
27378.01
27390.45
27435.54
27518.48
27630.06
27749.00
27753.20
27768.82
27818.44
27925.50
27969.35
28158.82
28234.18
28299.32
28303.61
28312.49
28343.14
28540.40
28609.34
28791.93
28803.15
28906.18
28910.87
28971.62
29133.19
29283.93
29342.61
29358.81
29382.00
29545.22
29594.81
29712.89
29729.29
29789.18
29850.48
29866.63
29936.19
29953.36
30054.65
30088.49
30092.39
30165.09
30389.16
30742.69
30845.98
30936.22
31033.45
31045.87
31121.54
31340.17
31413.16
31534.73
31555.90
31815.76
31887.10
32041.00
32138.56
32183.45
32255.62
32587.82
32600.51
33331.33
33385.83
33892.83
33929.52
33933.56
34573.22
34693.13
35084.20
36357.56
37132.80
39295.49
40272.14
