4.61
7.32
7.56
7.75
8.51
8.58
8.61
8.82
9.41
9.54
10.36
10.48
10.77
11.22
11.44
12.06
12.43
12.76
12.83
13.17
13.21
13.61
13.73
13.86
13.90
14.09
14.13
14.43
14.51
14.67
15.10
15.31
15.39
15.49
15.57
15.58
15.96
16.55
16.56
17.20
17.30
17.87
18.16
18.27
18.67
18.71
18.78
18.82
19.24
19.65
20.10
20.55
20.59
20.74
20.98
21.20
21.38
21.60
21.85
21.96
21.99
22.12
22.56
22.88
23.13
23.41
23.50
23.59
23.71
23.72
23.93
24.03
24.22
24.28
24.37
24.71
24.82
24.88
25.41
25.48
25.86
26.04
26.17
26.19
26.41
26.73
26.91
27.09
27.12
27.30
27.34
27.64
27.78
27.79
28.07
28.27
28.44
28.76
28.77
28.96
29.06
29.15
29.22
29.37
29.71
29.90
29.93
29.98
30.08
30.87
30.94
30.98
31.34
31.34
31.81
31.82
32.08
32.10
32.15
32.24
32.43
32.53
32.54
32.73
32.85
32.99
33.21
33.32
33.64
33.80
33.85
33.88
34.23
34.32
34.33
34.44
34.47
34.50
34.54
34.90
34.91
34.91
35.85
35.97
36.00
36.07
36.55
36.66
36.71
37.31
37.38
37.39
37.88
38.09
38.22
38.36
38.41
38.60
38.61
38.63
38.74
38.81
39.43
39.71
39.81
40.20
40.25
40.42
40.72
41.12
41.62
41.68
41.70
41.71
41.78
41.87
42.08
42.14
42.52
42.63
42.68
42.80
42.89
43.31
43.39
43.56
43.64
43.73
43.85
44.51
44.72
44.88
45.00
45.06
45.15
45.31
45.45
45.54
45.55
45.83
45.85
45.90
45.94
46.15
46.19
46.28
46.31
46.96
47.04
47.29
47.36
47.44
47.65
47.78
47.81
47.84
47.98
48.27
48.27
48.33
48.38
48.38
48.58
48.63
49.01
49.02
49.08
49.11
49.36
49.51
49.62
49.77
49.89
50.00
50.24
50.34
50.46
50.63
50.85
50.91
50.92
51.25
51.32
51.45
51.80
52.13
52.66
52.70
52.93
52.94
53.12
53.22
53.35
53.66
53.76
53.86
53.99
54.03
55.02
55.33
55.34
55.51
55.61
55.62
55.62
55.77
55.92
56.47
56.78
56.83
57.13
57.15
57.53
57.93
57.96
58.07
58.07
58.21
58.30
58.44
58.50
58.72
58.90
58.91
59.02
59.09
59.18
59.19
59.28
59.29
59.48
59.82
59.84
59.88
60.00
60.30
60.32
60.37
60.38
60.71
60.75
60.76
60.98
61.35
61.47
61.51
61.98
62.05
62.24
62.56
62.69
62.86
63.13
63.57
63.73
64.04
64.13
64.23
64.25
64.65
64.99
65.12
65.23
65.56
66.32
66.36
66.47
66.72
66.86
67.05
67.07
67.35
67.56
67.59
67.60
67.67
67.74
68.02
68.06
68.90
69.50
69.51
69.68
69.91
70.40
70.46
70.95
71.21
71.36
71.71
71.89
72.44
72.97
73.18
73.49
73.58
73.70
73.76
73.84
73.96
74.06
74.30
74.53
74.58
74.66
75.12
75.16
75.19
75.36
75.40
75.40
75.50
75.56
75.64
75.70
76.04
76.07
76.16
76.16
76.24
76.67
76.69
76.75
76.94
77.48
77.84
77.92
77.93
78.04
78.37
78.42
78.63
78.65
78.84
78.89
79.09
79.11
79.16
79.48
79.95
80.38
80.66
80.88
80.95
81.07
81.08
81.12
81.15
81.35
81.42
81.99
81.99
82.20
82.30
82.57
82.87
83.65
83.80
84.33
84.76
84.95
84.97
85.10
85.21
85.32
85.69
86.42
86.46
86.54
86.63
87.09
87.31
87.46
87.63
87.66
87.69
87.82
87.84
87.87
87.97
87.98
88.20
88.59
88.71
88.95
89.41
89.50
89.97
90.04
90.41
90.76
91.02
91.09
91.21
92.01
92.07
92.23
92.28
92.46
92.49
92.62
92.84
92.93
92.97
93.19
93.21
93.38
93.40
93.44
93.56
93.57
93.79
93.81
94.24
94.58
94.76
94.88
95.73
95.75
95.87
96.20
96.27
96.35
96.54
96.66
96.72
96.78
97.07
97.24
97.29
97.56
97.76
98.15
98.29
98.29
98.70
98.77
99.11
99.14
99.37
99.68
99.84
99.88
99.97
100.24
100.26
100.84
100.91
101.01
101.74
101.80
101.93
102.03
102.32
102.37
102.65
102.79
102.81
102.96
103.08
103.21
103.22
103.30
103.34
103.36
103.58
103.74
104.62
104.69
104.87
104.88
105.11
105.57
105.61
105.99
106.00
106.34
106.54
106.77
106.80
107.04
107.07
107.07
107.10
107.25
107.30
107.76
107.92
108.03
108.07
108.13
108.18
108.47
108.55
108.70
108.81
108.99
109.08
109.31
110.00
110.22
110.25
110.32
110.36
110.48
110.61
110.89
111.05
111.05
111.07
111.15
111.66
111.71
113.00
113.08
113.52
113.52
113.72
113.87
114.02
114.13
114.15
114.40
114.50
115.27
115.32
115.71
115.86
116.08
116.15
116.47
116.56
116.75
116.85
116.95
117.06
117.10
117.16
117.49
117.70
117.76
117.78
117.84
118.35
118.49
118.53
118.62
118.68
118.74
119.27
119.52
119.56
119.74
120.04
120.15
120.31
120.31
120.32
120.78
120.81
120.81
121.21
121.32
121.59
121.80
121.85
121.88
121.90
121.90
122.03
122.29
122.59
122.59
122.64
122.82
122.88
123.66
123.75
124.16
124.38
124.60
124.82
125.05
125.09
125.62
125.65
125.75
125.91
126.39
126.62
126.74
126.79
127.21
127.53
127.62
127.99
128.02
128.09
128.11
128.56
128.72
128.89
129.13
129.29
129.46
129.54
129.57
129.59
129.70
130.36
130.41
130.65
130.80
130.93
131.94
132.48
132.73
132.94
133.12
133.21
133.47
133.60
133.74
134.46
134.97
135.08
135.22
135.65
135.84
136.52
136.85
137.19
137.21
137.55
137.73
137.96
138.07
138.85
138.93
139.65
139.73
139.81
140.09
140.44
140.70
141.03
141.65
141.73
142.14
142.22
142.58
142.60
142.74
142.80
142.81
142.88
142.95
142.96
143.16
143.34
143.54
143.68
144.20
144.21
144.24
144.63
144.91
145.16
145.34
145.55
145.67
145.88
146.28
146.42
146.88
146.92
147.15
148.05
148.09
148.15
148.18
148.54
148.68
149.27
149.30
149.48
149.91
149.97
150.67
150.82
150.90
151.84
152.24
152.25
152.47
152.72
153.02
153.04
153.14
153.14
153.33
153.38
153.66
154.09
154.15
154.35
154.36
154.43
154.82
154.85
155.18
155.35
155.71
155.93
156.56
156.88
157.04
157.29
157.79
158.21
158.30
158.69
159.10
160.09
160.12
160.45
160.54
160.81
161.23
161.30
161.86
161.87
162.10
162.23
162.23
162.52
162.64
162.75
162.84
162.93
162.94
163.04
163.22
163.26
163.33
163.61
163.63
163.66
163.72
163.75
163.87
164.00
164.19
164.75
164.98
165.36
165.54
165.81
165.83
166.10
166.31
166.85
167.01
167.33
167.68
167.90
168.11
168.15
168.34
168.40
168.47
168.84
169.02
169.12
169.15
169.68
170.55
171.52
171.90
171.97
172.06
172.15
172.16
172.30
172.69
172.84
173.09
173.13
173.25
173.39
173.52
173.70
173.85
173.89
174.16
174.22
174.39
174.68
175.06
175.49
175.68
175.69
176.05
176.25
176.37
176.80
176.88
177.11
177.45
177.65
177.84
178.55
178.98
179.05
179.35
179.44
179.91
179.96
181.59
181.59
181.78
182.08
182.32
182.36
183.39
183.42
184.14
184.21
184.39
184.42
184.73
184.76
185.14
185.14
185.36
185.92
186.34
186.68
186.75
187.44
187.72
187.85
187.85
188.02
188.32
188.51
189.57
189.84
189.91
189.98
190.21
190.33
191.30
191.88
191.88
191.95
192.11
192.34
192.40
192.74
192.93
193.28
193.40
193.46
193.82
194.49
194.56
194.99
195.33
195.58
195.93
196.39
196.83
197.00
197.69
197.69
197.86
198.26
198.40
199.26
199.78
199.88
200.01
200.06
200.37
200.37
200.90
201.36
201.40
201.63
201.73
201.73
201.77
202.24
202.89
202.97
203.04
203.17
203.24
203.59
203.88
204.28
204.42
204.76
204.99
205.41
205.45
206.27
206.28
206.61
206.66
207.18
207.81
208.56
208.71
208.98
209.18
209.74
209.88
209.91
209.94
210.04
210.77
210.84
210.89
210.98
211.02
211.22
211.41
211.54
211.58
211.94
212.29
212.40
212.49
212.92
213.00
213.00
213.23
213.77
213.81
213.96
214.34
214.91
215.28
215.39
215.98
216.79
216.92
218.21
218.25
218.60
218.92
219.40
219.45
219.62
219.64
219.71
220.26
220.43
220.44
220.51
222.52
223.03
223.13
223.15
223.34
223.48
223.56
224.04
224.23
224.75
224.88
225.53
225.95
226.41
226.76
226.78
226.82
227.15
227.57
227.65
227.83
228.15
228.43
229.25
229.34
229.35
229.49
229.50
229.76
229.77
229.93
230.11
230.48
230.92
231.14
232.51
232.76
232.84
232.95
233.31
233.69
233.85
234.35
234.84
235.21
235.27
235.31
235.54
235.55
235.71
235.95
236.00
236.46
236.47
236.57
237.25
237.28
237.72
237.88
237.99
238.35
238.71
238.71
239.45
239.53
240.38
241.31
241.41
241.41
242.17
242.55
242.97
243.07
243.58
243.69
244.21
244.84
245.09
245.46
245.54
245.62
245.81
246.08
247.12
247.52
247.89
248.17
248.59
249.10
249.23
249.43
249.82
249.95
250.07
250.22
250.50
250.85
251.02
251.08
251.31
251.84
251.94
252.72
253.01
253.17
253.45
253.74
253.86
254.07
254.27
254.36
254.39
255.09
255.23
255.89
255.91
256.00
256.01
256.01
256.52
256.57
256.64
257.36
257.56
258.38
258.68
258.68
259.22
259.22
259.73
260.74
261.31
261.45
261.48
261.69
262.22
262.29
262.54
262.63
262.72
263.43
263.68
263.81
263.91
264.08
264.13
264.62
265.12
265.23
265.75
265.87
266.15
266.63
266.77
267.03
267.45
267.76
268.02
268.06
268.22
268.65
269.25
269.27
270.23
270.54
270.83
270.95
271.00
271.58
271.80
272.01
272.06
273.76
273.81
274.04
274.15
274.65
274.91
275.26
275.75
275.94
275.95
276.11
276.36
276.84
277.09
277.23
277.26
277.48
277.55
277.98
278.25
278.45
279.37
279.55
279.64
280.49
280.78
281.07
281.37
281.95
282.40
282.67
284.44
284.46
284.47
284.67
284.74
285.09
285.62
285.79
285.91
286.37
286.49
286.69
286.86
287.20
287.61
287.76
287.86
288.12
288.22
288.23
288.32
288.53
288.59
289.21
289.42
289.95
290.52
291.08
291.23
291.95
292.18
292.54
293.04
293.26
293.89
294.07
294.23
294.45
294.48
294.72
295.19
295.31
295.49
295.72
296.30
296.47
296.72
296.81
298.31
298.39
298.64
299.22
300.57
300.58
300.83
301.33
302.45
303.14
303.91
303.99
304.20
304.79
304.90
305.01
305.27
305.56
305.59
305.77
306.28
306.71
306.77
306.82
306.98
307.62
307.95
308.14
308.56
308.64
308.82
308.90
309.09
309.19
309.28
309.60
309.86
311.22
311.27
311.58
311.64
312.08
312.16
312.73
313.08
313.21
313.27
313.58
313.98
314.05
314.11
314.17
314.22
314.23
314.49
314.58
315.16
315.41
315.67
315.75
316.11
316.34
316.42
316.67
317.61
317.68
318.09
318.58
319.08
319.40
319.81
319.88
320.00
320.98
321.59
321.60
322.49
323.03
323.16
323.30
323.30
323.42
323.61
323.63
323.86
323.95
324.02
324.05
324.58
325.02
326.52
326.65
327.42
327.76
328.12
328.42
328.48
328.94
329.66
329.69
329.98
330.08
330.35
330.36
330.79
330.85
331.16
331.57
331.62
331.64
331.82
331.84
331.86
332.03
332.93
333.31
333.42
334.29
334.49
335.27
336.34
336.41
336.58
336.60
336.93
337.71
337.75
337.96
338.35
339.07
339.29
339.71
339.94
341.00
341.04
342.16
343.47
343.73
344.63
344.69
344.83
344.97
345.20
345.33
345.63
345.72
346.03
346.08
346.87
346.95
347.03
347.24
348.27
348.49
348.62
349.03
349.39
349.74
349.76
349.80
350.09
350.25
350.38
350.63
350.71
350.92
350.94
351.47
351.60
351.86
352.76
353.06
353.16
353.46
354.84
354.89
355.66
356.32
356.48
357.16
357.22
357.35
358.47
358.52
359.20
359.21
360.98
361.37
361.50
361.74
362.48
363.12
363.31
363.96
364.40
364.55
364.98
365.05
365.10
365.17
365.51
365.66
365.77
365.96
366.19
367.54
367.57
367.99
368.11
368.32
368.47
369.04
369.10
369.22
369.26
369.70
369.93
370.04
370.24
370.98
371.55
371.57
372.15
372.63
373.15
373.88
373.96
373.97
374.94
375.82
376.52
376.65
377.22
377.58
378.04
378.18
378.42
378.81
379.04
379.14
379.29
380.50
380.52
381.00
381.60
381.83
382.43
382.97
383.21
383.38
383.57
384.97
384.98
385.31
385.46
385.59
385.79
385.84
386.16
386.17
386.20
386.36
386.76
387.18
387.31
387.99
388.01
388.69
388.71
388.91
389.02
389.29
389.59
389.59
389.60
389.79
390.00
390.01
390.49
390.67
390.73
390.89
391.04
391.75
392.34
392.51
392.55
392.73
393.04
393.53
394.47
394.95
395.21
395.45
395.66
396.45
396.65
396.85
397.90
398.22
398.38
399.20
399.74
399.90
400.26
401.12
401.72
402.11
402.84
403.18
403.21
403.23
403.26
403.63
404.24
404.34
404.39
404.57
404.97
405.53
405.82
406.51
406.83
407.09
407.38
407.57
407.84
408.21
408.35
408.55
409.22
409.30
409.36
409.91
411.29
411.47
411.60
411.96
412.71
412.91
413.11
413.36
413.53
413.71
413.80
414.06
414.15
414.21
414.27
414.45
415.28
415.57
415.90
416.32
417.00
417.03
417.16
417.38
417.51
417.59
417.59
417.73
417.81
417.83
417.98
418.13
418.17
418.67
419.06
419.40
420.35
420.99
421.05
421.27
422.19
423.37
423.82
423.84
424.07
424.50
424.70
424.81
424.81
425.02
425.15
425.29
425.62
426.08
426.69
426.84
427.36
427.89
428.07
428.31
428.38
428.54
428.66
428.67
428.94
429.41
429.70
429.72
430.14
430.19
430.26
430.45
430.69
431.79
431.93
432.60
432.93
433.08
433.56
434.35
434.44
435.20
435.28
435.53
435.61
436.10
436.50
436.54
436.82
437.37
437.39
437.72
438.08
438.66
439.14
439.30
439.77
439.83
440.07
440.33
440.57
440.91
441.11
441.59
441.96
442.11
442.30
442.55
443.47
445.21
445.23
446.10
446.53
446.78
447.55
448.08
448.59
449.16
449.42
449.48
449.69
449.99
450.52
452.19
453.08
453.35
454.85
454.90
455.35
455.75
456.81
456.96
457.38
458.81
458.83
459.18
459.29
459.63
460.23
460.66
460.79
460.98
461.40
461.48
461.57
462.39
463.15
463.43
463.54
463.62
464.33
464.70
464.75
464.90
465.40
465.46
465.47
466.27
466.29
466.37
466.84
466.92
467.34
467.60
467.99
468.47
469.18
469.27
470.10
470.32
470.53
471.01
471.46
471.69
471.82
472.26
472.51
473.20
473.21
473.27
473.41
474.13
474.19
474.28
474.41
474.47
474.66
475.05
475.24
475.42
476.61
477.30
477.30
479.68
480.02
480.83
480.92
481.33
482.58
484.13
484.28
484.83
485.53
485.95
486.07
486.63
486.84
487.06
487.07
487.10
487.21
487.73
488.63
488.65
490.51
491.37
491.62
491.95
492.34
492.38
494.81
495.61
496.40
497.29
497.91
498.24
498.37
499.12
499.19
499.56
499.80
500.47
500.68
500.95
501.33
501.53
501.54
502.21
502.36
502.89
503.32
503.37
505.19
505.42
505.70
506.78
507.02
507.51
507.62
507.95
508.11
508.42
508.69
508.90
509.40
509.40
509.42
509.76
510.13
510.76
510.77
511.12
511.12
512.20
513.19
513.94
514.09
514.28
514.54
514.92
515.00
515.35
515.86
516.28
516.59
518.20
518.23
518.25
518.61
520.43
520.69
520.93
521.00
521.23
521.74
522.79
522.81
523.65
524.90
525.13
525.23
525.41
525.60
525.62
525.72
526.13
526.22
526.32
527.02
527.25
527.41
527.74
527.84
528.16
528.28
529.20
530.10
530.27
530.76
532.06
532.60
533.57
533.80
533.84
534.39
534.47
535.96
536.12
536.26
536.87
536.90
538.05
538.15
539.13
539.15
539.29
539.47
539.69
539.91
541.35
542.88
543.04
543.29
543.57
544.17
545.33
545.76
545.93
546.80
546.89
547.11
547.64
548.28
548.97
549.95
550.50
550.71
551.38
551.40
551.44
551.76
551.78
551.93
551.93
552.17
552.67
552.88
553.16
554.44
554.64
554.67
554.73
555.28
555.40
555.95
556.00
556.26
557.04
557.49
558.85
559.03
559.43
559.55
560.02
560.55
560.90
561.30
561.86
562.04
562.05
562.26
562.81
563.31
564.68
564.69
564.85
565.10
565.14
565.65
566.34
566.50
566.69
566.92
567.39
567.51
568.14
568.33
568.58
568.82
569.00
569.13
569.14
569.34
570.04
570.10
570.33
570.34
570.87
571.19
571.20
571.30
571.58
571.90
572.36
572.43
573.07
574.14
574.20
574.23
574.28
574.67
575.11
575.52
575.53
575.62
575.71
575.86
575.90
576.10
576.18
577.22
578.06
578.14
578.16
578.73
579.16
579.68
579.77
579.80
579.97
580.80
580.99
581.32
581.59
581.97
582.19
583.41
584.28
585.34
585.44
586.50
586.50
587.60
587.83
588.00
588.28
588.70
589.02
589.09
589.10
589.21
590.43
590.70
591.04
591.32
591.46
591.71
591.80
592.05
592.38
592.67
593.48
593.56
594.68
595.30
595.60
596.33
596.64
596.71
596.73
596.82
597.87
598.23
598.29
598.60
598.71
599.30
599.47
599.91
600.30
601.78
601.84
601.88
601.92
602.71
602.91
604.05
604.09
604.31
604.43
604.68
605.02
605.11
605.27
605.36
605.69
606.81
608.34
608.71
608.79
610.13
610.47
610.67
610.93
611.00
611.60
611.81
612.39
614.73
615.78
615.80
616.27
616.81
617.48
617.93
618.85
619.25
619.56
620.23
620.33
620.37
620.82
621.08
621.38
622.55
622.60
622.84
622.88
623.09
623.20
624.43
624.46
624.70
624.76
624.99
625.83
625.96
626.07
626.81
627.61
629.46
629.81
629.91
630.44
631.26
632.38
633.08
634.19
634.38
635.88
636.61
636.63
636.96
637.65
637.96
638.05
638.37
638.70
639.13
639.74
640.12
640.18
640.23
641.14
641.84
642.07
642.68
643.25
643.73
644.28
644.33
644.59
645.76
646.04
646.78
647.81
648.67
648.86
649.56
650.13
650.52
650.82
651.54
651.57
651.80
652.14
652.41
652.46
652.63
653.64
654.08
655.41
655.84
656.03
656.22
656.94
657.48
657.57
657.91
658.29
658.32
658.83
659.84
660.02
660.10
660.26
661.83
662.46
662.96
664.16
664.40
664.70
665.01
665.17
665.19
666.68
666.91
667.04
667.43
668.27
668.53
668.89
669.48
670.06
670.21
670.23
670.77
671.94
672.45
673.02
674.13
674.60
675.32
675.59
675.94
677.16
678.12
678.34
678.35
678.36
679.27
680.41
680.47
680.61
680.78
681.15
681.58
681.87
682.73
682.83
682.93
682.97
684.37
685.14
685.47
687.87
688.47
689.03
689.16
689.50
690.07
690.28
691.02
691.48
691.74
692.24
692.30
692.60
692.98
693.23
693.32
694.18
694.29
694.73
695.53
695.62
697.41
697.88
698.10
698.16
698.83
699.65
701.25
701.69
702.70
703.13
703.18
703.91
704.06
705.03
706.36
706.68
706.77
707.23
707.45
708.25
708.99
709.69
710.22
710.65
711.86
711.91
712.07
713.50
713.82
713.86
713.92
714.49
714.59
714.67
716.38
717.35
717.53
719.37
719.41
719.58
719.89
720.07
720.58
720.73
721.53
721.53
721.74
722.31
722.39
722.71
723.19
723.93
724.58
725.80
726.08
726.56
726.82
727.37
727.42
728.26
729.03
729.37
729.41
729.71
730.87
730.99
732.28
733.25
734.82
734.83
735.10
735.54
735.76
736.08
736.27
736.73
737.80
737.88
737.96
738.15
738.17
738.32
738.59
738.83
739.13
739.18
739.46
739.67
741.25
741.29
742.94
743.21
743.28
745.14
745.86
746.07
746.71
747.00
747.29
749.15
750.33
750.67
751.05
751.41
751.59
752.24
752.63
752.75
753.76
754.07
755.23
755.98
756.94
757.07
757.44
758.77
760.16
760.90
762.83
762.91
762.93
763.35
764.00
764.30
766.57
766.84
767.78
768.76
769.66
770.41
772.44
773.47
774.04
774.05
774.16
774.86
775.19
775.37
775.78
776.24
778.57
778.94
779.46
779.71
779.89
780.35
781.94
782.92
783.28
784.31
784.80
785.67
786.13
786.96
787.42
788.01
788.95
789.36
789.76
789.92
789.95
789.99
790.25
790.77
791.57
791.90
793.12
793.22
793.70
794.60
794.64
797.18
797.21
798.02
798.06
798.14
798.19
798.43
798.62
798.68
800.49
801.05
801.06
801.79
804.03
805.26
807.85
808.34
808.60
808.61
808.84
808.85
808.92
808.95
809.46
809.53
810.66
811.82
812.20
812.35
812.61
812.84
813.99
814.51
815.58
815.65
816.71
816.78
817.24
817.90
818.15
819.22
819.78
820.85
821.11
821.33
822.11
822.32
822.44
823.64
824.51
824.59
824.63
824.93
824.95
827.70
827.92
828.63
828.65
828.91
829.41
829.63
830.16
830.31
830.95
830.97
831.30
831.35
832.79
833.65
833.80
834.02
834.40
835.93
835.93
836.64
836.78
838.32
838.32
838.33
838.77
839.26
839.28
839.36
839.52
840.40
840.55
840.97
842.46
843.37
844.35
844.63
845.81
846.10
846.22
846.35
847.25
848.45
848.84
849.10
849.49
849.82
850.15
850.20
850.52
850.63
850.84
851.26
851.66
852.12
852.97
853.90
854.54
855.59
855.84
857.43
857.51
858.76
859.41
860.04
860.51
860.64
861.51
862.38
864.03
864.15
864.15
864.78
865.71
865.97
866.25
867.75
868.44
868.73
869.20
871.05
871.62
871.82
872.16
872.29
872.91
873.07
876.02
876.78
877.33
877.78
878.15
878.21
878.45
879.04
879.90
880.19
880.47
880.95
881.70
883.34
883.83
884.18
884.56
884.94
885.53
886.45
886.81
886.82
887.30
887.77
888.36
888.57
888.75
888.82
889.00
889.78
889.80
890.21
891.98
892.26
893.27
893.81
894.67
895.20
895.30
896.09
896.40
896.53
896.72
897.69
897.85
898.22
898.32
899.08
901.23
902.43
902.56
903.24
904.07
905.09
905.85
906.68
907.99
908.77
909.50
909.91
910.25
910.27
910.52
910.87
911.98
913.01
913.25
913.37
914.03
916.96
917.25
917.36
917.51
918.94
920.55
922.57
922.85
923.59
923.89
927.25
928.33
928.83
929.57
929.71
929.80
931.13
931.43
931.45
932.64
932.82
934.04
934.28
934.72
935.18
935.61
936.23
936.65
937.06
937.38
937.67
937.98
938.05
938.15
939.19
939.29
940.51
940.53
941.19
941.52
942.66
942.73
942.86
943.14
944.06
945.51
946.14
948.12
948.85
950.08
950.83
951.34
951.63
951.76
952.18
952.99
953.04
954.55
954.57
955.05
956.00
958.92
959.06
959.15
960.57
960.95
963.05
963.32
963.69
963.85
964.25
968.06
968.36
969.34
969.65
969.79
972.23
972.94
973.78
974.76
975.96
980.23
980.68
980.93
981.39
983.03
983.11
983.41
983.82
983.94
984.20
985.24
985.48
986.08
986.21
986.76
987.04
987.68
988.30
988.56
988.57
988.76
989.62
993.47
993.54
993.78
994.78
996.75
998.04
1001.00
1001.46
1003.01
1003.60
1003.77
1005.56
1005.69
1007.64
1007.70
1007.90
1008.85
1009.11
1009.13
1009.27
1010.15
1012.33
1012.81
1013.06
1013.63
1013.87
1014.51
1015.09
1015.68
1016.10
1016.77
1017.22
1017.39
1017.44
1020.83
1021.72
1022.24
1022.47
1023.28
1024.02
1025.13
1025.40
1025.60
1025.81
1026.04
1026.24
1026.74
1026.83
1027.55
1028.95
1029.10
1029.36
1029.87
1030.63
1030.65
1031.01
1031.46
1033.15
1033.78
1034.37
1034.37
1035.19
1035.53
1035.67
1035.68
1036.95
1038.96
1039.90
1039.97
1040.25
1040.79
1041.91
1042.00
1043.15
1043.49
1043.94
1044.23
1044.40
1044.72
1045.20
1045.36
1045.88
1045.98
1046.63
1047.81
1048.91
1049.00
1049.44
1049.74
1051.32
1051.32
1051.74
1051.76
1052.20
1052.76
1053.70
1053.78
1055.67
1055.73
1055.87
1057.00
1057.19
1057.25
1057.88
1058.78
1058.97
1059.05
1059.31
1060.76
1062.66
1064.31
1065.29
1068.07
1068.77
1068.78
1069.32
1069.66
1070.10
1071.11
1071.25
1071.25
1071.66
1071.78
1072.42
1072.96
1074.85
1075.30
1076.36
1077.13
1077.54
1077.68
1078.44
1078.61
1079.13
1079.41
1081.99
1083.27
1083.28
1084.36
1085.59
1086.14
1086.45
1087.13
1087.25
1087.79
1088.04
1088.30
1092.55
1092.66
1093.02
1093.52
1094.22
1095.83
1096.05
1097.14
1099.39
1099.66
1099.92
1101.34
1101.46
1104.97
1106.75
1106.96
1107.06
1107.23
1107.24
1108.50
1108.52
1109.48
1109.69
1110.04
1110.52
1110.83
1113.45
1113.67
1114.28
1115.26
1115.30
1115.65
1115.69
1117.29
1117.68
1118.12
1118.58
1119.29
1120.48
1120.64
1121.14
1121.21
1122.26
1122.77
1122.89
1123.73
1124.80
1127.15
1127.26
1127.36
1127.60
1128.34
1128.78
1128.81
1128.94
1131.33
1132.10
1132.50
1133.13
1133.34
1134.40
1134.85
1135.24
1135.62
1136.70
1138.77
1139.99
1140.17
1140.21
1140.38
1140.57
1140.74
1141.08
1142.34
1143.26
1143.37
1143.44
1143.92
1146.21
1146.72
1147.50
1148.23
1150.36
1151.78
1153.75
1156.06
1156.39
1160.02
1160.50
1161.05
1162.53
1164.61
1165.07
1166.28
1166.39
1167.29
1169.76
1170.84
1170.95
1171.47
1171.61
1171.63
1171.89
1172.10
1173.75
1174.00
1174.47
1175.05
1175.27
1176.87
1176.92
1177.65
1179.46
1179.69
1180.20
1181.20
1182.14
1182.49
1183.42
1183.82
1184.94
1185.49
1185.98
1187.50
1187.75
1188.29
1189.50
1191.45
1191.52
1191.70
1191.88
1192.94
1193.20
1195.46
1197.71
1197.74
1198.62
1199.11
1199.25
1199.94
1199.95
1200.01
1200.59
1201.75
1202.54
1203.05
1204.30
1204.35
1204.43
1204.52
1204.58
1204.62
1204.70
1204.78
1204.85
1205.13
1205.22
1205.26
1206.33
1207.32
1208.62
1208.68
1212.13
1212.56
1212.90
1213.01
1213.05
1214.52
1216.40
1216.54
1216.58
1216.90
1217.27
1217.57
1217.57
1218.47
1222.26
1222.34
1223.38
1223.71
1225.16
1226.18
1226.52
1227.27
1227.45
1227.62
1227.89
1228.77
1229.27
1229.87
1229.95
1229.95
1230.74
1231.81
1233.23
1233.34
1233.54
1233.98
1236.03
1239.01
1239.92
1240.59
1241.56
1242.99
1243.42
1243.83
1243.99
1244.14
1246.06
1246.51
1247.08
1247.51
1247.51
1247.71
1249.18
1249.90
1249.91
1250.66
1250.76
1251.55
1251.89
1252.70
1256.34
1256.96
1256.98
1258.71
1259.51
1260.60
1260.93
1261.13
1261.27
1262.10
1262.66
1265.27
1265.34
1265.69
1266.22
1267.92
1268.37
1268.40
1268.59
1268.99
1269.02
1269.57
1270.39
1273.38
1277.26
1277.42
1277.50
1278.00
1279.16
1280.58
1280.71
1281.13
1282.16
1282.23
1283.75
1284.03
1284.35
1284.99
1285.27
1285.92
1286.45
1286.53
1286.78
1286.91
1288.19
1288.37
1289.40
1289.43
1290.65
1292.14
1292.39
1292.52
1293.13
1294.34
1296.74
1297.24
1297.69
1297.77
1297.90
1299.39
1299.59
1299.60
1299.94
1300.11
1301.09
1302.57
1303.73
1304.77
1304.91
1305.39
1308.46
1309.35
1309.84
1310.81
1311.47
1313.48
1313.78
1313.80
1316.63
1317.41
1317.68
1317.85
1318.07
1319.81
1320.31
1321.65
1322.09
1322.37
1322.88
1325.12
1326.84
1328.81
1328.88
1329.74
1329.77
1330.22
1331.09
1332.74
1332.95
1334.02
1335.67
1336.30
1337.24
1338.10
1339.94
1342.19
1342.70
1343.95
1344.77
1345.87
1346.24
1346.87
1347.28
1347.82
1348.27
1348.59
1350.15
1350.83
1351.31
1352.20
1353.09
1353.17
1354.19
1355.17
1358.14
1358.48
1358.99
1359.18
1359.65
1359.77
1362.55
1364.25
1364.99
1365.71
1365.89
1366.66
1366.82
1367.18
1368.35
1369.56
1369.77
1372.45
1373.00
1376.42
1376.56
1376.99
1377.11
1377.26
1380.59
1380.67
1381.00
1382.59
1382.80
1383.50
1383.59
1386.83
1388.31
1388.89
1389.31
1389.43
1390.64
1390.86
1391.82
1391.97
1392.07
1393.25
1394.52
1394.85
1394.94
1395.21
1395.21
1398.75
1398.76
1399.38
1401.13
1401.96
1402.32
1404.18
1404.34
1404.53
1404.62
1407.77
1408.25
1408.36
1409.47
1411.02
1411.12
1411.15
1411.89
1412.11
1413.03
1414.32
1414.65
1415.51
1415.85
1416.84
1418.06
1419.91
1419.96
1421.76
1424.53
1425.05
1425.19
1425.45
1426.21
1426.26
1426.27
1426.78
1427.21
1427.72
1428.56
1428.79
1432.16
1432.26
1432.97
1433.12
1433.68
1433.73
1434.57
1435.61
1436.09
1436.49
1436.60
1436.80
1437.55
1437.92
1440.04
1440.12
1440.49
1441.66
1441.69
1441.76
1441.96
1444.41
1445.83
1446.26
1448.67
1449.50
1449.69
1449.84
1450.19
1450.61
1451.68
1453.74
1455.05
1456.67
1457.27
1458.61
1460.66
1461.14
1461.48
1461.94
1462.04
1462.27
1463.51
1463.56
1465.54
1465.70
1467.01
1467.11
1467.23
1468.14
1468.73
1469.49
1470.14
1471.26
1472.96
1473.76
1473.87
1473.93
1474.19
1474.97
1475.55
1477.24
1477.73
1477.89
1478.79
1480.17
1480.86
1481.00
1482.11
1482.25
1482.88
1483.55
1484.54
1484.95
1485.54
1485.77
1486.49
1489.90
1490.05
1490.06
1490.44
1494.36
1496.79
1498.05
1499.51
1500.66
1502.16
1502.53
1503.18
1505.49
1507.46
1507.53
1507.74
1508.26
1508.82
1509.36
1511.22
1511.22
1511.84
1512.23
1513.49
1513.64
1514.13
1514.81
1515.67
1517.64
1520.17
1524.06
1524.37
1524.59
1527.10
1527.21
1527.58
1529.18
1529.99
1530.97
1530.99
1531.20
1532.38
1533.80
1535.07
1535.42
1535.58
1538.61
1538.71
1538.82
1538.92
1539.42
1540.21
1540.86
1541.31
1542.07
1542.12
1542.61
1542.68
1542.78
1544.30
1544.68
1546.03
1548.03
1548.04
1548.71
1550.79
1551.16
1551.77
1552.00
1553.08
1554.12
1554.34
1554.99
1555.11
1557.15
1557.82
1558.95
1559.47
1559.61
1560.10
1562.57
1562.80
1562.85
1566.26
1566.53
1566.65
1566.92
1567.09
1568.68
1569.02
1569.12
1569.72
1570.77
1572.15
1573.30
1573.30
1573.59
1574.82
1577.12
1577.29
1577.63
1578.27
1578.95
1579.77
1579.91
1580.98
1581.87
1582.54
1584.55
1585.06
1586.07
1586.41
1586.76
1587.46
1588.17
1588.36
1591.90
1592.33
1593.62
1594.74
1595.49
1597.46
1598.70
1599.72
1600.10
1600.41
1603.12
1604.45
1608.49
1608.52
1609.22
1609.58
1609.81
1610.91
1610.96
1612.25
1612.97
1614.36
1616.83
1618.05
1618.47
1618.89
1618.94
1618.96
1619.19
1621.38
1623.33
1623.37
1624.12
1624.70
1627.37
1627.59
1628.87
1630.07
1630.58
1630.94
1631.06
1632.84
1633.64
1634.82
1635.42
1635.49
1637.48
1637.50
1639.82
1640.94
1642.59
1642.73
1643.94
1644.01
1644.46
1644.54
1645.49
1653.23
1654.22
1657.19
1658.23
1658.27
1658.46
1658.97
1659.59
1659.61
1660.31
1660.56
1661.48
1661.75
1662.54
1663.19
1663.28
1663.62
1665.01
1665.04
1665.12
1665.86
1667.32
1668.36
1670.71
1671.33
1672.47
1672.74
1673.95
1674.89
1675.31
1677.56
1677.85
1679.01
1679.01
1679.63
1679.94
1680.01
1680.72
1681.87
1682.65
1683.39
1683.56
1683.58
1683.63
1683.85
1684.21
1684.34
1686.71
1688.67
1690.06
1691.68
1691.70
1692.78
1693.61
1693.85
1694.10
1694.38
1695.40
1697.40
1697.55
1698.82
1699.44
1699.87
1700.38
1703.18
1704.07
1704.93
1705.19
1705.58
1706.35
1707.94
1708.20
1708.76
1709.72
1710.05
1711.94
1711.96
1712.11
1712.36
1712.74
1713.40
1713.96
1714.18
1715.81
1715.96
1716.15
1716.20
1717.97
1718.12
1720.57
1721.19
1721.80
1721.99
1724.41
1724.43
1724.73
1724.97
1725.35
1725.55
1725.87
1728.95
1730.24
1731.27
1731.44
1731.84
1733.22
1733.39
1735.31
1736.64
1737.77
1737.79
1738.43
1739.10
1739.14
1740.61
1741.38
1743.74
1745.19
1746.08
1746.19
1746.42
1749.52
1749.69
1754.20
1755.11
1755.72
1755.97
1756.63
1758.95
1761.14
1763.78
1764.25
1764.65
1765.19
1767.06
1768.17
1768.50
1769.13
1769.83
1770.22
1770.45
1770.89
1771.60
1772.13
1774.07
1776.61
1777.70
1778.20
1778.47
1779.51
1780.11
1780.11
1780.13
1780.23
1780.63
1780.98
1782.89
1783.00
1784.06
1785.07
1785.65
1785.90
1788.49
1788.70
1789.79
1790.37
1792.09
1792.54
1793.41
1793.41
1793.43
1793.95
1794.32
1795.80
1796.34
1796.61
1796.73
1797.66
1797.94
1798.66
1799.14
1800.47
1800.58
1801.15
1802.44
1803.26
1803.84
1804.04
1804.43
1807.14
1807.18
1809.41
1810.08
1810.94
1812.08
1813.12
1813.23
1813.27
1814.78
1815.02
1816.36
1817.04
1821.41
1821.45
1822.10
1823.29
1823.46
1823.52
1823.62
1825.24
1825.42
1825.81
1825.91
1827.10
1827.20
1827.26
1827.30
1827.37
1827.99
1829.21
1832.23
1833.10
1833.55
1835.88
1836.33
1836.93
1837.07
1837.98
1838.54
1838.72
1838.78
1838.78
1839.04
1841.23
1843.54
1844.00
1844.02
1846.97
1847.25
1849.67
1851.56
1853.26
1854.78
1855.03
1857.03
1858.30
1859.29
1859.39
1859.71
1860.31
1861.02
1861.58
1863.49
1864.64
1865.15
1865.69
1868.93
1869.47
1869.94
1871.54
1872.43
1872.85
1873.72
1873.81
1874.64
1875.92
1880.24
1881.87
1883.87
1884.87
1887.40
1887.56
1889.20
1890.50
1890.59
1890.63
1891.28
1891.34
1891.90
1892.28
1893.72
1893.92
1896.96
1899.26
1900.49
1900.80
1901.11
1902.45
1903.02
1903.25
1904.28
1905.35
1905.60
1905.95
1906.05
1906.55
1906.65
1906.96
1907.46
1908.32
1908.51
1910.55
1911.63
1912.10
1916.29
1918.65
1919.42
1920.88
1923.18
1923.25
1924.06
1925.18
1926.83
1927.70
1930.10
1932.93
1935.61
1935.69
1935.71
1936.13
1938.52
1938.60
1938.62
1940.81
1941.69
1943.16
1943.22
1945.41
1945.49
1946.42
1948.17
1948.84
1949.31
1949.39
1950.05
1950.34
1952.92
1953.57
1954.19
1954.93
1955.41
1956.20
1956.62
1957.06
1957.85
1957.87
1958.17
1958.48
1959.35
1960.26
1960.82
1961.39
1961.73
1962.64
1962.70
1962.96
1963.77
1964.51
1965.70
1968.25
1970.90
1973.35
1973.50
1974.68
1975.98
1976.24
1978.12
1982.58
1983.00
1983.65
1984.16
1984.46
1984.59
1985.43
1985.75
1987.84
1990.83
1991.04
1992.14
1992.14
1992.90
1998.79
1999.59
2000.29
2002.13
2002.24
2007.44
2007.75
2009.53
2010.07
2011.05
2011.14
2011.35
2012.07
2012.18
2013.18
2013.71
2014.34
2014.75
2014.80
2015.10
2016.37
2016.67
2017.20
2017.65
2018.13
2019.84
2020.49
2021.19
2021.61
2023.71
2023.71
2024.15
2024.50
2024.59
2026.47
2027.76
2027.83
2029.43
2032.73
2033.08
2034.16
2035.06
2036.08
2037.22
2037.33
2038.81
2039.51
2039.60
2040.11
2042.12
2042.14
2042.65
2042.81
2045.11
2045.24
2047.50
2048.41
2048.45
2048.74
2048.74
2049.40
2049.67
2050.09
2050.49
2051.11
2051.55
2053.46
2054.66
2054.95
2055.44
2058.09
2058.80
2060.36
2060.65
2060.74
2060.83
2065.18
2065.70
2066.79
2068.16
2069.30
2071.36
2071.65
2073.20
2073.72
2074.30
2078.68
2078.77
2079.31
2080.64
2081.36
2081.72
2082.82
2083.50
2084.06
2086.61
2086.82
2087.13
2087.70
2089.03
2089.93
2091.25
2093.62
2093.83
2093.87
2095.10
2097.64
2098.25
2101.34
2102.52
2102.82
2102.84
2103.00
2106.48
2107.90
2108.40
2108.56
2109.38
2110.22
2110.68
2111.07
2111.80
2113.26
2113.42
2113.97
2114.09
2117.31
2117.47
2118.12
2122.34
2122.47
2125.67
2126.06
2126.84
2128.11
2129.21
2129.95
2130.21
2130.64
2131.17
2133.00
2135.21
2136.04
2136.44
2136.53
2137.73
2138.50
2138.56
2139.40
2139.58
2139.72
2140.14
2141.69
2146.38
2149.77
2149.77
2151.21
2151.98
2152.84
2153.01
2154.03
2155.59
2157.62
2159.51
2160.12
2160.26
2160.68
2161.81
2162.27
2164.61
2164.71
2165.46
2166.86
2167.83
2169.77
2169.98
2170.48
2171.21
2172.31
2175.93
2175.93
2177.16
2179.49
2180.76
2185.47
2187.22
2187.24
2188.02
2193.00
2193.33
2197.58
2198.01
2198.30
2201.01
2204.99
2206.78
2207.23
2207.42
2209.91
2210.75
2212.66
2218.03
2218.13
2220.62
2220.98
2221.80
2222.91
2222.93
2224.37
2224.54
2225.99
2226.16
2226.78
2230.13
2232.26
2235.18
2237.97
2238.04
2238.14
2240.41
2240.73
2246.38
2246.77
2246.85
2247.28
2247.38
2247.50
2248.74
2249.86
2250.88
2251.91
2252.25
2252.71
2254.03
2254.27
2259.35
2260.16
2261.01
2261.50
2262.19
2262.21
2262.43
2262.70
2264.49
2264.93
2265.03
2267.11
2275.94
2277.29
2280.35
2280.35
2281.56
2281.90
2282.23
2282.40
2282.99
2283.09
2283.31
2285.46
2285.86
2286.38
2286.87
2287.52
2291.18
2292.37
2293.59
2293.66
2293.89
2298.58
2299.28
2300.05
2300.55
2304.53
2305.63
2306.03
2306.98
2307.75
2308.00
2308.75
2309.00
2310.95
2311.75
2317.03
2317.84
2318.71
2318.94
2319.82
2322.33
2323.18
2323.28
2325.85
2327.29
2327.39
2328.09
2329.22
2329.48
2329.60
2332.35
2335.51
2336.42
2337.35
2339.99
2340.44
2340.80
2340.85
2342.95
2343.91
2346.58
2347.01
2348.30
2352.32
2352.86
2353.37
2353.88
2353.98
2354.10
2356.27
2357.24
2359.66
2359.87
2360.46
2362.01
2362.76
2362.88
2364.14
2364.29
2368.03
2369.82
2372.46
2373.44
2373.52
2374.57
2377.06
2377.32
2377.53
2378.43
2380.74
2381.41
2381.57
2381.93
2384.90
2390.14
2395.29
2395.71
2396.17
2397.44
2400.17
2400.17
2401.29
2404.07
2405.94
2406.25
2406.43
2407.92
2409.46
2411.00
2411.23
2411.28
2411.99
2413.48
2414.05
2415.20
2415.88
2417.68
2419.44
2420.56
2421.74
2423.18
2423.24
2424.47
2425.20
2425.94
2427.28
2427.67
2428.09
2428.51
2429.54
2431.25
2431.80
2432.17
2432.38
2432.67
2433.09
2436.72
2437.12
2438.67
2439.20
2442.95
2445.86
2446.42
2446.76
2447.98
2449.57
2449.81
2450.84
2451.00
2452.22
2452.59
2452.73
2456.28
2457.32
2459.66
2460.57
2460.83
2461.69
2462.16
2463.50
2464.56
2465.28
2466.48
2467.55
2468.49
2468.70
2469.37
2469.96
2471.08
2471.48
2471.51
2471.99
2472.52
2476.86
2480.64
2480.67
2481.64
2485.40
2485.75
2486.53
2487.23
2487.36
2488.09
2489.41
2489.81
2492.51
2492.51
2493.37
2493.72
2493.88
2495.31
2497.77
2498.69
2498.77
2500.07
2500.61
2501.83
2503.43
2505.27
2505.30
2507.90
2508.58
2510.75
2512.14
2512.92
2513.11
2513.82
2513.96
2513.96
2515.73
2516.03
2516.57
2519.16
2519.84
2522.62
2523.52
2524.21
2525.49
2526.50
2530.11
2530.80
2531.78
2532.25
2532.96
2533.76
2536.36
2537.13
2539.35
2539.57
2540.04
2540.18
2540.78
2541.53
2541.66
2542.87
2543.26
2544.55
2545.35
2545.96
2547.56
2548.88
2548.99
2549.57
2549.98
2551.33
2553.21
2555.09
2557.55
2558.47
2563.18
2564.06
2565.17
2568.56
2569.31
2570.31
2571.93
2573.57
2573.60
2573.63
2573.93
2574.96
2577.42
2578.67
2581.49
2581.77
2584.48
2585.71
2585.82
2586.19
2589.07
2590.39
2592.27
2597.24
2599.48
2600.13
2600.58
2600.61
2600.89
2604.44
2605.62
2605.82
2607.12
2608.02
2608.05
2610.53
2611.32
2612.71
2615.00
2615.88
2617.01
2617.69
2622.79
2623.19
2623.53
2626.06
2626.65
2626.77
2627.39
2628.19
2630.64
2634.71
2635.14
2635.48
2637.22
2639.99
2640.87
2641.10
2641.70
2642.85
2642.93
2643.59
2645.99
2646.31
2647.17
2647.54
2649.32
2650.61
2651.61
2652.44
2652.70
2654.08
2656.21
2656.44
2657.84
2658.76
2658.82
2659.25
2659.80
2659.80
2661.01
2662.56
2662.77
2665.04
2666.08
2666.25
2667.38
2668.88
2670.30
2671.42
2672.70
2673.10
2674.05
2675.13
2676.23
2677.41
2678.08
2679.18
2679.96
2680.22
2680.89
2681.12
2681.76
2681.99
2684.06
2684.08
2686.47
2686.73
2689.46
2691.12
2693.92
2698.64
2699.02
2702.00
2705.40
2706.80
2707.04
2708.71
2709.67
2710.00
2710.64
2710.70
2712.52
2712.81
2715.49
2717.69
2722.13
2723.70
2724.82
2724.87
2726.26
2727.74
2728.21
2731.01
2732.11
2732.46
2736.63
2736.69
2736.78
2737.55
2738.06
2739.48
2739.74
2741.76
2743.78
2745.89
2746.45
2747.17
2747.79
2747.97
2751.06
2752.34
2752.64
2754.07
2756.78
2761.38
2761.56
2761.77
2762.70
2763.62
2766.02
2767.90
2771.11
2772.73
2775.82
2777.11
2777.17
2777.50
2778.49
2781.53
2784.72
2787.04
2787.10
2789.70
2792.30
2796.71
2796.98
2799.22
2801.92
2802.10
2802.62
2802.83
2804.13
2804.98
2805.04
2807.29
2807.50
2810.54
2810.70
2812.79
2813.22
2813.65
2813.65
2816.14
2816.30
2816.91
2817.64
2818.25
2821.30
2821.48
2822.49
2829.31
2833.11
2833.32
2834.03
2835.07
2836.08
2839.34
2839.67
2840.66
2841.43
2841.49
2841.55
2841.61
2841.98
2844.38
2848.23
2849.15
2851.22
2852.39
2853.19
2854.03
2854.06
2855.11
2855.23
2855.51
2855.66
2859.62
2860.18
2861.85
2862.81
2863.49
2866.53
2869.70
2869.85
2871.43
2872.30
2872.43
2876.07
2876.16
2876.72
2878.53
2881.24
2881.95
2883.51
2884.64
2886.48
2886.57
2886.67
2889.17
2889.45
2889.79
2890.64
2893.95
2894.80
2898.78
2898.97
2902.04
2902.92
2903.83
2904.62
2905.03
2906.03
2906.54
2908.36
2908.49
2909.24
2909.59
2911.51
2913.59
2917.22
2917.53
2918.54
2918.86
2919.74
2920.57
2922.15
2922.75
2924.36
2926.01
2926.35
2926.64
2927.30
2931.65
2932.60
2932.79
2935.90
2936.25
2936.34
2936.79
2937.23
2937.93
2939.84
2940.16
2941.91
2942.23
2942.58
2942.80
2943.37
2945.99
2949.14
2951.57
2953.65
2954.29
2958.16
2958.22
2959.53
2961.36
2961.68
2962.51
2964.63
2965.27
2969.15
2969.60
2971.89
2972.88
2973.17
2974.94
2976.36
2980.55
2981.74
2982.32
2982.45
2984.23
2985.52
2986.10
2987.13
2989.53
2991.15
2991.21
2994.48
2994.74
2994.97
2997.07
2997.14
2997.27
2997.69
2997.82
2998.86
3002.59
3002.75
3004.48
3004.93
3006.13
3006.72
3007.50
3007.79
3008.12
3010.79
3014.60
3016.23
3016.30
3017.96
3018.62
3019.34
3020.64
3021.07
3022.28
3022.54
3024.14
3026.01
3026.37
3027.09
3027.55
3032.07
3043.18
3043.94
3044.76
3047.43
3048.35
3049.97
3050.04
3050.23
3054.40
3057.64
3057.90
3059.49
3059.85
3060.32
3062.01
3063.43
3065.39
3074.52
3075.02
3076.68
3078.62
3083.08
3086.79
3087.12
3087.89
3088.36
3088.76
3089.80
3091.70
3093.11
3093.98
3094.38
3095.82
3100.28
3102.29
3104.10
3104.41
3105.88
3107.36
3110.83
3111.27
3113.42
3113.76
3114.06
3114.36
3115.11
3115.17
3117.06
3121.01
3121.04
3121.95
3122.43
3124.66
3126.28
3126.52
3130.00
3130.68
3131.63
3131.73
3133.90
3135.77
3139.03
3139.54
3139.94
3140.96
3142.90
3146.40
3147.15
3149.47
3149.57
3149.57
3151.75
3152.03
3152.30
3153.94
3154.69
3157.42
3158.92
3159.50
3163.10
3163.54
3163.99
3165.77
3165.97
3166.59
3169.85
3170.94
3171.29
3171.42
3171.63
3172.38
3173.93
3176.88
3178.67
3180.91
3182.80
3183.90
3184.01
3187.63
3188.63
3190.15
3195.26
3196.23
3196.30
3196.92
3198.86
3200.21
3201.80
3203.60
3203.70
3207.80
3208.98
3211.27
3214.16
3214.82
3217.04
3220.73
3220.91
3221.29
3223.42
3224.50
3224.99
3226.32
3230.44
3230.65
3235.44
3237.51
3238.28
3239.15
3240.20
3242.66
3242.94
3242.94
3245.89
3247.96
3248.52
3248.98
3249.44
3249.65
3249.72
3251.05
3251.48
3253.62
3253.69
3255.67
3256.65
3257.50
3257.57
3258.27
3260.42
3261.55
3262.97
3264.20
3264.91
3266.25
3268.16
3268.16
3268.20
3269.89
3270.78
3273.50
3274.07
3275.24
3276.16
3278.82
3278.96
3279.28
3280.45
3280.91
3283.36
3285.03
3285.92
3289.37
3290.26
3292.19
3292.26
3294.25
3294.75
3295.22
3297.64
3297.82
3300.21
3302.78
3302.96
3304.25
3305.04
3305.64
3306.57
3310.55
3312.09
3314.99
3315.42
3316.07
3318.72
3319.51
3320.88
3323.04
3323.50
3326.60
3329.19
3329.87
3331.06
3331.32
3331.39
3340.95
3343.09
3343.67
3347.21
3349.97
3350.07
3353.08
3354.43
3354.61
3355.26
3356.75
3357.51
3359.44
3360.93
3361.37
3362.57
3363.19
3363.73
3368.47
3368.90
3370.95
3371.49
3373.68
3375.18
3380.22
3380.73
3381.61
3386.78
3387.25
3391.95
3394.00
3394.15
3394.74
3394.85
3397.68
3400.25
3404.45
3404.85
3407.03
3407.40
3407.51
3412.67
3413.30
3414.74
3416.55
3417.99
3421.10
3422.62
3424.73
3425.36
3426.62
3427.44
3428.47
3433.34
3434.60
3438.36
3438.54
3439.03
3441.48
3445.47
3446.48
3447.22
3447.41
3448.83
3450.13
3454.39
3454.43
3454.76
3464.65
3466.15
3467.61
3467.65
3469.64
3471.40
3475.72
3491.02
3491.36
3492.84
3493.29
3493.33
3494.99
3497.00
3498.36
3499.50
3500.71
3501.01
3501.65
3503.63
3503.89
3504.61
3506.05
3508.63
3508.86
3509.70
3511.18
3512.39
3516.42
3521.64
3523.39
3526.90
3532.71
3534.47
3538.48
3539.52
3542.85
3543.73
3546.65
3546.69
3546.72
3549.60
3550.14
3550.26
3550.91
3553.18
3553.52
3553.91
3555.64
3564.54
3565.85
3566.47
3567.31
3569.71
3569.79
3570.60
3571.76
3574.31
3577.36
3577.83
3578.60
3579.07
3581.24
3581.70
3585.04
3585.31
3585.70
3585.77
3585.97
3587.29
3589.27
3590.94
3592.88
3593.27
3594.36
3594.67
3595.10
3596.81
3598.37
3600.55
3602.81
3603.35
3603.86
3604.25
3604.41
3604.83
3605.73
3606.63
3608.03
3610.89
3611.47
3614.52
3617.26
3620.94
3624.74
3627.33
3629.96
3630.59
3631.10
3631.26
3632.32
3632.95
3635.15
3635.58
3640.03
3645.51
3646.10
3652.18
3652.38
3656.17
3656.85
3657.16
3664.61
3666.75
3666.91
3667.98
3670.76
3673.46
3677.36
3684.73
3686.12
3688.20
3689.60
3690.35
3690.71
3692.83
3693.15
3693.79
3694.71
3694.95
3696.07
3696.39
3696.55
3697.59
3698.99
3700.95
3701.59
3703.39
3703.71
3706.36
3706.48
3707.60
3714.95
3715.43
3715.96
3716.32
3716.84
3717.08
3717.97
3719.13
3721.07
3721.07
3723.72
3724.01
3725.98
3730.90
3732.68
3735.51
3738.01
3738.14
3741.01
3743.44
3747.53
3750.37
3751.34
3752.16
3754.92
3758.01
3765.09
3769.41
3770.39
3770.80
3770.96
3774.84
3776.23
3776.55
3777.25
3779.29
3779.33
3779.41
3783.14
3783.38
3783.51
3785.51
3786.13
3786.17
3787.36
3790.43
3791.58
3792.69
3794.53
3795.40
3796.09
3796.71
3799.42
3802.47
3802.59
3802.88
3804.65
3804.98
3808.40
3810.21
3810.54
3813.30
3813.43
3817.10
3817.97
3820.69
3823.67
3823.67
3826.40
3826.73
3829.63
3830.05
3831.75
3832.66
3834.53
3839.18
3839.43
3841.71
3844.37
3846.37
3847.12
3848.03
3850.37
3850.49
3851.95
3852.70
3857.00
3857.58
3858.67
3860.42
3861.88
3862.68
3865.81
3866.27
3867.90
3868.11
3872.47
3874.14
3874.52
3876.03
3876.91
3878.38
3881.40
3881.82
3883.80
3887.54
3889.73
3891.45
3894.49
3895.20
3897.31
3898.79
3900.94
3902.67
3903.05
3903.68
3905.71
3905.79
3906.39
3908.33
3908.84
3913.37
3913.49
3918.66
3921.38
3923.29
3923.54
3924.43
3927.32
3932.76
3933.11
3935.74
3936.00
3937.02
3938.85
3941.80
3942.27
3947.94
3949.65
3954.95
3956.45
3957.09
3969.49
3970.90
3972.75
3972.80
3975.55
3978.65
3979.59
3981.79
3982.26
3987.52
3987.95
3989.29
3990.16
3996.68
3997.03
4001.05
4004.78
4006.99
4008.76
4009.07
4011.50
4012.23
4013.54
4014.62
4017.67
4018.62
4019.32
4021.67
4022.58
4023.15
4023.28
4023.58
4024.63
4024.93
4025.63
4027.72
4029.99
4031.56
4033.52
4034.35
4034.48
4035.27
4038.50
4041.51
4046.24
4052.55
4052.77
4053.34
4055.84
4056.76
4060.10
4061.11
4062.51
4064.40
4068.10
4068.94
4073.08
4073.30
4078.77
4079.12
4081.19
4081.81
4085.44
4085.52
4086.63
4097.39
4102.80
4107.91
4109.60
4111.87
4111.87
4113.20
4114.76
4115.78
4116.81
4123.85
4124.61
4126.17
4131.00
4134.75
4134.84
4135.74
4135.87
4138.38
4139.77
4140.66
4142.90
4143.17
4143.80
4144.43
4149.50
4150.08
4151.88
4153.76
4157.27
4157.45
4157.54
4157.77
4161.64
4163.66
4164.79
4166.01
4167.86
4167.90
4168.31
4169.34
4170.83
4171.96
4174.72
4175.71
4181.22
4181.77
4182.58
4186.20
4186.93
4190.55
4190.60
4191.64
4192.10
4194.68
4200.41
4201.54
4204.36
4204.50
4204.68
4204.72
4205.04
4208.27
4211.96
4215.70
4215.98
4218.85
4219.81
4228.95
4230.10
4231.15
4231.97
4232.57
4232.80
4233.99
4235.00
4237.06
4238.94
4239.95
4241.46
4245.32
4251.62
4255.85
4258.29
4258.43
4259.12
4261.43
4263.41
4265.44
4267.65
4270.70
4270.80
4272.37
4273.48
4274.12
4275.47
4276.16
4282.09
4282.22
4282.46
4283.24
4284.54
4285.52
4286.26
4286.49
4287.19
4290.15
4291.50
4292.38
4297.40
4300.19
4302.29
4302.75
4307.88
4309.56
4309.56
4312.07
4313.47
4315.67
4318.52
4318.89
4319.45
4324.60
4328.15
4328.57
4328.72
4331.81
4333.92
4333.96
4334.48
4334.95
4338.52
4342.74
4343.73
4343.92
4344.81
4345.23
4345.42
4348.90
4349.09
4351.02
4351.58
4353.00
4354.65
4356.63
4357.10
4361.77
4363.56
4366.30
4366.39
4366.82
4368.05
4369.80
4370.65
4371.78
4374.81
4375.19
4378.93
4379.17
4386.80
4389.94
4390.08
4390.22
4390.32
4391.22
4391.31
4394.97
4395.45
4396.59
4397.40
4397.78
4397.83
4398.07
4400.68
4401.68
4403.78
4403.97
4405.31
4405.54
4406.59
4407.17
4415.76
4415.76
4416.38
4419.72
4420.20
4420.97
4421.97
4424.13
4425.32
4428.29
4434.43
4438.27
4439.71
4449.95
4453.18
4454.92
4455.88
4455.93
4458.34
4458.63
4458.68
4465.29
4465.58
4466.64
4466.69
4467.71
4469.50
4471.48
4472.21
4475.84
4476.66
4478.26
4481.31
4484.71
4487.04
4488.74
4488.88
4490.92
4493.69
4494.57
4497.29
4497.49
4499.04
4506.69
4507.03
4519.88
4523.74
4527.17
4529.08
4529.91
4537.17
4537.67
4538.99
4539.78
4541.74
4541.79
4542.28
4542.33
4543.81
4545.28
4552.12
4553.80
4555.37
4555.77
4560.90
4560.95
4562.43
4563.02
4563.96
4566.08
4566.68
4569.15
4569.54
4569.99
4571.47
4573.15
4576.42
4577.01
4577.21
4581.23
4585.54
4586.53
4587.08
4588.96
4589.51
4589.51
4590.50
4591.89
4592.44
4597.76
4606.23
4608.67
4609.32
4609.67
4613.06
4614.86
4615.01
4616.30
4621.00
4621.25
4621.35
4621.80
4621.90
4624.70
4624.70
4625.00
4625.25
4626.35
4627.51
4627.96
4629.31
4629.51
4631.41
4633.97
4636.58
4641.65
4644.21
4650.80
4653.36
4653.61
4655.43
4660.22
4660.57
4661.27
4663.19
4663.75
4664.50
4664.50
4667.03
4668.14
4668.19
4668.34
4670.51
4670.97
4672.53
4675.47
4675.62
4676.78
4679.01
4680.99
4682.35
4683.01
4684.13
4688.49
4689.86
4690.62
4691.13
4692.29
4692.50
4693.11
4694.27
4694.78
4695.59
4698.29
4700.42
4706.99
4709.69
4709.74
4710.10
4711.93
4713.00
4713.00
4713.51
4715.55
4715.86
4715.86
4719.89
4719.99
4720.10
4720.96
4723.26
4723.67
4726.18
4726.28
4727.92
4729.71
4731.81
4733.70
4734.47
4734.67
4735.34
4738.00
4738.67
4741.70
4747.70
4747.81
4752.28
4752.33
4755.41
4760.25
4766.23
4769.17
4769.38
4769.53
4772.79
4774.28
4777.33
4779.09
4781.37
4783.38
4784.52
4784.78
4787.58
4791.36
4793.07
4797.27
4798.42
4801.06
4802.16
4804.39
4805.22
4805.38
4806.83
4808.65
4809.64
4810.22
4811.93
4815.01
4819.02
4819.12
4821.00
4821.68
4828.62
4831.34
4833.07
4841.96
4844.58
4846.89
4850.46
4852.14
4853.92
4854.87
4855.71
4859.18
4860.28
4861.97
4870.49
4873.87
4878.14
4878.78
4879.73
4885.91
4886.07
4891.73
4893.74
4897.60
4897.82
4898.24
4899.04
4902.32
4905.08
4905.24
4909.38
4910.02
4913.58
4914.48
4914.70
4914.80
4918.85
4918.85
4921.35
4924.01
4924.17
4925.50
4928.01
4929.88
4930.30
4932.33
4933.08
4933.98
4933.98
4934.68
4947.35
4947.40
4950.08
4956.62
4958.98
4963.54
4964.02
4964.94
4965.80
4966.12
4968.70
4973.32
4973.38
4977.74
4978.55
4981.83
4984.31
4990.09
4992.03
4992.79
4993.60
4996.08
4999.76
5003.28
5003.44
5007.18
5009.24
5010.16
5013.52
5014.71
5019.71
5020.41
5023.24
5024.33
5025.03
5026.07
5028.84
5031.18
5031.45
5031.78
5033.25
5045.74
5046.23
5047.27
5047.81
5049.51
5050.05
5053.60
5055.35
5057.60
5061.48
5061.76
5064.17
5067.84
5068.72
5068.77
5069.10
5070.75
5071.08
5071.96
5073.16
5075.69
5076.57
5077.83
5078.49
5079.53
5082.83
5084.59
5085.09
5086.35
5086.79
5092.08
5092.25
5093.51
5095.22
5096.27
5096.77
5098.03
5098.25
5107.70
5109.08
5110.35
5117.82
5125.41
5126.35
5126.74
5126.85
5127.85
5129.96
5130.85
5132.79
5133.07
5134.46
5147.81
5155.84
5156.39
5157.01
5159.02
5161.14
5162.98
5163.82
5170.53
5176.18
5180.44
5182.18
5185.15
5190.15
5191.83
5193.18
5196.83
5200.43
5203.25
5204.37
5205.27
5209.95
5210.63
5211.47
5213.73
5214.57
5214.86
5216.49
5220.84
5224.18
5227.74
5231.02
5232.15
5232.38
5235.83
5235.95
5237.08
5239.35
5242.24
5244.00
5244.17
5244.56
5245.81
5247.74
5248.48
5253.59
5254.28
5254.79
5254.96
5255.19
5256.95
5259.28
5260.08
5263.89
5264.97
5268.45
5268.85
5269.53
5270.45
5271.87
5272.16
5272.39
5273.64
5280.21
5281.01
5285.64
5288.27
5294.16
5295.08
5297.55
5300.13
5300.24
5300.81
5301.04
5301.22
5302.94
5310.57
5311.84
5312.58
5316.49
5320.12
5321.21
5321.56
5322.65
5323.23
5326.40
5327.49
5332.45
5333.49
5334.01
5335.34
5335.74
5338.69
5339.67
5342.96
5353.26
5355.23
5355.70
5361.90
5362.36
5363.53
5365.21
5365.67
5368.34
5368.87
5371.07
5375.78
5379.33
5381.84
5385.97
5388.83
5389.00
5390.40
5394.08
5395.01
5397.41
5398.11
5399.45
5406.17
5421.99
5422.17
5422.64
5423.93
5424.40
5425.69
5425.75
5428.98
5431.27
5433.38
5437.50
5437.85
5439.03
5447.39
5447.86
5448.57
5450.46
5452.35
5452.99
5454.76
5455.18
5455.18
5459.37
5462.15
5462.38
5463.92
5467.59
5472.91
5473.27
5477.36
5482.87
5484.89
5485.72
5492.55
5496.12
5496.35
5498.67
5498.79
5500.93
5502.54
5505.40
5506.06
5510.82
5511.24
5511.78
5513.93
5514.34
5515.48
5519.48
5521.03
5522.52
5525.51
5532.63
5533.05
5539.64
5545.34
5546.84
5547.62
5548.22
5548.70
5552.96
5554.52
5556.03
5557.95
5559.09
5563.30
5566.13
5568.91
5574.75
5575.24
5576.32
5577.17
5578.31
5582.06
5587.19
5587.86
5593.00
5594.15
5595.18
5597.05
5603.36
5607.72
5609.06
5609.73
5609.91
5611.43
5613.19
5614.89
5620.54
5620.72
5623.22
5623.76
5625.29
5625.59
5627.36
5636.19
5638.87
5639.36
5639.36
5639.55
5639.61
5641.13
5643.27
5648.65
5649.07
5649.62
5655.13
5657.76
5658.62
5662.96
5663.82
5665.05
5665.72
5665.91
5666.95
5667.44
5668.79
5672.22
5674.56
5675.48
5685.50
5685.68
5685.99
5692.64
5696.83
5707.38
5714.11
5715.66
5720.36
5723.39
5724.01
5727.17
5734.67
5734.67
5735.23
5736.54
5738.96
5739.08
5739.14
5740.39
5742.31
5743.68
5747.91
5750.02
5752.26
5753.44
5755.50
5756.18
5756.25
5757.93
5764.22
5765.53
5767.78
5769.40
5771.09
5772.21
5774.40
5775.33
5775.90
5777.65
5782.21
5783.65
5786.91
5788.47
5789.91
5793.36
5794.80
5796.43
5797.12
5797.69
5799.00
5800.89
5804.53
5804.97
5805.85
5805.91
5806.66
5807.23
5809.68
5815.15
5815.59
5823.46
5825.48
5827.24
5839.17
5839.43
5839.43
5840.18
5840.94
5854.17
5858.16
5858.41
5858.98
5867.67
5871.17
5874.41
5876.76
5878.35
5878.60
5878.73
5885.35
5891.08
5892.17
5892.55
5894.27
5895.04
5902.44
5905.25
5905.95
5906.08
5908.64
5915.48
5921.37
5922.59
5923.23
5926.24
5928.81
5936.51
5940.62
5940.82
5942.10
5942.36
5943.39
5948.28
5949.50
5950.08
5951.05
5955.81
5958.46
5959.36
5960.00
5962.20
5966.65
5969.04
5974.08
5982.16
5982.55
5986.44
5988.25
5988.77
5989.09
5990.00
5990.06
5997.59
5998.37
5999.60
6000.51
6005.38
6009.54
6009.54
6013.18
6013.96
6021.32
6021.45
6022.17
6026.53
6028.16
6031.30
6032.28
6032.93
6038.61
6042.73
6051.76
6060.86
6066.90
6069.20
6069.66
6072.15
6072.15
6073.86
6074.72
6075.05
6077.08
6078.27
6080.83
6089.59
6089.79
6090.18
6092.29
6092.49
6093.94
6097.77
6097.96
6098.43
6102.39
6105.36
6107.60
6110.38
6112.17
6112.69
6113.16
6113.42
6115.27
6118.05
6123.42
6125.21
6128.79
6130.31
6132.24
6132.63
6133.30
6134.82
6135.36
6137.35
6140.34
6140.60
6141.53
6148.45
6150.58
6151.97
6161.57
6164.83
6175.18
6181.33
6184.34
6186.28
6187.96
6188.89
6191.10
6201.29
6201.43
6203.51
6205.66
6207.87
6210.36
6212.64
6221.52
6222.47
6222.53
6222.67
6222.94
6230.08
6233.38
6233.58
6235.54
6237.02
6237.09
6238.04
6250.27
6252.63
6257.84
6262.99
6263.06
6264.82
6265.84
6266.04
6272.83
6280.50
6283.56
6283.76
6285.26
6286.69
6290.22
6292.95
6295.19
6295.60
6296.22
6297.51
6299.90
6300.31
6302.21
6303.10
6308.15
6311.97
6312.86
6316.69
6318.05
6320.11
6320.52
6324.28
6325.78
6325.78
6328.18
6331.95
6331.95
6334.14
6338.60
6341.00
6343.40
6344.91
6347.93
6350.13
6356.80
6359.20
6361.61
6363.20
6368.29
6370.98
6372.29
6372.77
6373.05
6377.39
6379.60
6383.47
6386.37
6392.25
6393.01
6399.10
6401.04
6402.77
6404.02
6405.05
6405.68
6414.69
6415.11
6419.00
6419.07
6422.82
6422.96
6423.24
6423.38
6423.45
6429.01
6429.01
6430.89
6435.41
6453.54
6454.66
6457.45
6458.71
6462.06
6464.51
6465.28
6466.82
6468.64
6485.04
6486.86
6487.42
6489.53
6491.71
6493.11
6498.38
6500.14
6504.08
6504.50
6508.52
6520.99
6523.39
6525.93
6530.95
6539.36
6539.58
6543.75
6544.53
6544.67
6547.65
6548.28
6552.82
6553.17
6555.66
6564.53
6565.45
6569.15
6571.56
6573.77
6574.20
6575.41
6575.41
6575.97
6578.11
6579.60
6580.32
6580.89
6582.67
6588.44
6590.65
6595.14
6597.43
6601.42
6601.57
6601.92
6605.64
6614.87
6615.30
6617.66
6624.97
6626.26
6626.47
6628.98
6631.35
6640.75
6660.61
6663.28
6663.57
6667.97
6670.06
6675.12
6684.73
6685.45
6688.13
6689.00
6689.79
6691.31
6692.91
6698.27
6701.46
6703.12
6707.26
6708.78
6710.02
6715.39
6726.96
6730.45
6730.89
6731.32
6733.80
6734.89
6737.66
6739.49
6740.22
6741.67
6746.42
6747.15
6749.56
6750.43
6751.31
6759.42
6765.57
6770.48
6772.45
6772.75
6774.21
6775.53
6775.82
6775.82
6776.41
6777.22
6779.05
6781.25
6782.79
6785.22
6791.02
6794.62
6802.64
6808.90
6811.25
6814.50
6818.78
6818.92
6819.96
6823.42
6826.23
6829.33
6831.40
6836.06
6836.36
6839.17
6843.98
6845.53
6846.20
6847.24
6851.54
6852.28
6853.24
6856.51
6860.88
6862.52
6863.41
6863.48
6870.84
6871.14
6872.33
6872.99
6875.45
6877.16
6880.96
6881.78
6882.82
6883.94
6886.99
6888.41
6894.07
6897.88
6904.67
6909.16
6921.65
6922.92
6925.85
6928.25
6928.62
6929.74
6934.77
6936.35
6939.87
6940.63
6940.85
6942.95
6947.24
6948.51
6950.39
6958.90
6959.80
6964.77
6965.83
6969.45
6970.43
6978.20
6979.26
6980.77
6982.88
6983.71
6997.48
6997.71
6998.54
6998.61
6999.22
7000.28
7007.48
7009.68
7012.03
7014.00
7014.99
7016.81
7021.60
7022.20
7030.26
7034.14
7036.73
7038.03
7041.15
7043.21
7043.28
7044.43
7048.08
7048.47
7058.31
7061.44
7061.90
7069.85
7070.46
7073.45
7074.29
7076.20
7081.41
7082.56
7084.25
7090.31
7094.53
7100.44
7100.52
7102.44
7107.82
7111.59
7114.05
7125.07
7125.14
7126.76
7127.07
7129.69
7130.39
7135.25
7136.10
7139.19
7145.29
7149.86
7150.55
7154.11
7155.04
7156.98
7160.23
7162.09
7163.10
7167.13
7168.21
7172.17
7172.56
7173.33
7173.88
7176.28
7186.00
7188.17
7190.51
7193.31
7194.16
7198.45
7201.02
7203.12
7205.54
7206.08
7207.57
7216.54
7221.93
7223.49
7224.98
7229.98
7230.06
7233.42
7234.36
7234.76
7238.36
7239.45
7239.69
7246.74
7250.74
7254.51
7256.86
7258.51
7258.59
7258.83
7267.31
7270.07
7277.78
7280.69
7282.03
7283.61
7284.87
7287.31
7294.49
7295.75
7296.86
7298.04
7298.20
7299.86
7303.34
7306.89
7309.34
7310.21
7311.48
7312.98
7314.17
7320.66
7323.91
7327.72
7328.35
7328.67
7328.91
7330.49
7331.76
7331.84
7334.54
7344.94
7350.43
7350.90
7352.26
7352.73
7353.29
7355.12
7355.92
7356.39
7356.87
7358.70
7359.02
7361.25
7367.39
7374.40
7374.64
7376.08
7377.92
7378.63
7382.31
7386.78
7387.82
7388.22
7390.22
7391.02
7391.10
7400.94
7404.87
7410.08
7414.41
7417.30
7421.15
7421.95
7422.35
7425.97
7433.60
7434.01
7434.25
7435.05
7436.74
7437.63
7446.16
7450.35
7455.59
7458.42
7466.90
7468.75
7472.80
7479.67
7479.91
7480.40
7489.15
7489.71
7491.17
7492.63
7497.74
7504.64
7507.48
7511.38
7519.84
7522.93
7523.83
7524.23
7527.65
7527.90
7529.53
7531.16
7531.56
7531.89
7532.13
7533.03
7534.74
7536.62
7538.41
7539.39
7542.25
7543.80
7545.35
7546.90
7548.29
7548.78
7550.17
7554.09
7554.42
7564.31
7565.13
7565.46
7565.46
7567.10
7568.57
7575.45
7576.85
7578.24
7580.86
7581.60
7581.60
7589.23
7589.65
7596.71
7599.34
7599.67
7607.65
7610.12
7610.78
7619.92
7622.73
7628.75
7636.35
7637.51
7638.83
7643.21
7643.29
7645.69
7652.73
7656.04
7662.92
7663.00
7665.24
7665.49
7666.57
7667.23
7677.44
7677.69
7687.42
7690.91
7691.99
7699.82
7703.57
7705.74
7708.40
7712.08
7713.24
7713.33
7726.94
7728.95
7729.95
7731.79
7732.13
7741.50
7743.01
7743.09
7749.72
7751.14
7756.01
7757.43
7759.20
7764.49
7771.88
7781.31
7793.02
7796.06
7799.18
7799.68
7806.44
7814.13
7814.63
7814.72
7815.99
7822.93
7834.87
7835.21
7845.22
7845.30
7848.19
7850.82
7853.46
7856.94
7857.45
7860.09
7873.88
7874.13
7877.97
7878.65
7883.94
7884.36
7884.79
7888.29
7889.40
7890.59
7897.08
7899.90
7905.38
7907.60
7910.00
7916.33
7916.85
7918.22
7921.64
7928.85
7931.08
7933.22
7935.28
7935.28
7936.83
7939.41
7941.12
7951.79
7952.22
7952.90
7954.02
7957.29
7960.31
7960.57
7964.79
7966.17
7971.68
7973.93
7976.86
7978.41
7982.82
8001.58
8012.33
8015.19
8018.31
8024.82
8029.60
8035.68
8038.81
8040.12
8041.51
8042.99
8042.99
8043.86
8043.86
8046.29
8047.95
8050.56
8052.83
8057.27
8062.15
8067.74
8070.36
8073.33
8077.61
8082.77
8088.28
8090.20
8090.47
8097.56
8098.26
8100.80
8102.73
8103.96
8104.13
8104.84
8105.10
8107.20
8107.38
8108.96
8110.54
8110.80
8111.42
8111.59
8113.08
8122.57
8125.82
8128.64
8134.44
8137.52
8139.11
8139.20
8140.08
8143.42
8146.16
8147.48
8153.39
8162.48
8164.33
8165.75
8170.61
8178.30
8181.13
8181.13
8191.50
8192.92
8193.00
8194.42
8194.42
8195.04
8198.59
8199.30
8206.22
8212.35
8212.97
8215.91
8221.95
8232.55
8233.71
8235.40
8235.93
8245.83
8246.10
8248.86
8249.85
8251.01
8254.22
8254.58
8258.15
8260.39
8263.87
8266.29
8268.61
8269.24
8273.35
8282.40
8284.10
8287.06
8287.69
8288.68
8293.34
8294.51
8295.23
8295.32
8295.58
8308.34
8308.34
8312.12
8314.19
8315.26
8317.51
8319.13
8324.09
8324.63
8328.32
8334.63
8343.20
8344.20
8346.09
8346.63
8355.22
8359.01
8361.55
8364.99
8366.34
8367.16
8367.25
8375.67
8379.39
8385.10
8391.00
8392.55
8395.09
8403.45
8406.09
8406.54
8409.91
8411.27
8413.73
8414.82
8418.92
8422.02
8425.85
8426.67
8431.68
8433.60
8434.69
8442.09
8446.57
8446.75
8447.57
8449.49
8458.82
8460.01
8461.57
8462.76
8470.64
8477.60
8482.83
8486.32
8487.88
8488.80
8492.57
8496.98
8498.18
8499.92
8500.38
8502.41
8508.30
8509.22
8512.16
8516.40
8516.77
8518.80
8527.93
8530.97
8533.93
8535.96
8536.70
8538.91
8543.81
8546.12
8548.62
8552.14
8558.34
8558.62
8558.62
8560.28
8563.43
8567.79
8570.11
8574.93
8576.32
8578.83
8580.59
8582.73
8588.76
8591.92
8596.02
8596.11
8608.77
8610.63
8610.82
8613.61
8613.99
8618.93
8621.72
8621.91
8624.06
8625.55
8630.50
8630.87
8651.44
8652.10
8653.50
8665.30
8668.02
8669.06
8673.28
8675.25
8676.00
8680.51
8682.67
8684.45
8685.49
8685.58
8688.40
8690.75
8691.13
8697.90
8703.36
8704.96
8708.63
8718.06
8719.57
8720.80
8725.90
8727.50
8728.73
8731.66
8735.25
8735.63
8738.27
8739.03
8739.03
8742.53
8744.14
8746.41
8755.88
8756.16
8757.20
8759.86
8763.27
8763.74
8763.93
8766.78
8769.34
8781.21
8781.59
8787.48
8788.72
8797.28
8800.32
8800.90
8802.23
8802.80
8802.99
8805.75
8806.99
8816.14
8822.73
8824.92
8826.64
8829.41
8834.10
8837.06
8837.63
8839.55
8849.59
8856.01
8856.97
8857.16
8857.35
8859.56
8862.43
8863.68
8865.22
8867.13
8878.56
8879.61
8881.63
8887.78
8888.84
8890.86
8893.56
8897.60
8898.08
8898.56
8904.82
8905.79
8908.29
8915.62
8918.03
8918.51
8932.71
8933.29
8939.09
8940.54
8941.12
8942.77
8947.22
8948.38
8948.96
8949.35
8951.87
8954.68
8958.94
8960.59
8963.40
8963.79
8969.32
8969.90
8970.00
8977.67
8978.45
8980.00
8981.75
8984.96
8987.19
8989.53
8991.38
8992.06
8992.83
8995.07
8997.70
9001.69
9002.47
9005.69
9006.08
9011.15
9011.83
9024.22
9043.87
9046.02
9050.33
9056.11
9060.62
9061.20
9066.40
9068.46
9068.66
9076.90
9078.57
9078.57
9081.62
9082.50
9082.70
9082.80
9083.29
9092.73
9093.02
9094.01
9095.19
9101.00
9102.08
9103.85
9104.44
9107.60
9107.99
9110.95
9122.39
9130.19
9131.77
9134.74
9138.00
9140.37
9147.20
9149.87
9150.47
9151.26
9159.58
9168.40
9168.80
9170.88
9175.45
9188.76
9195.33
9196.92
9197.91
9200.10
9200.40
9201.20
9208.27
9213.35
9214.85
9216.84
9218.34
9219.83
9220.23
9220.33
9231.21
9233.71
9234.21
9236.11
9242.81
9246.61
9250.31
9253.11
9256.42
9258.82
9259.82
9263.33
9274.86
9279.08
9279.08
9282.69
9283.20
9283.60
9287.62
9290.33
9291.13
9303.21
9304.11
9305.02
9305.42
9307.03
9312.37
9312.47
9319.53
9324.67
9324.77
9328.10
9329.51
9337.90
9338.20
9339.82
9345.48
9368.76
9370.89
9373.12
9395.77
9397.90
9412.45
9412.76
9413.47
9415.41
9418.36
9420.81
9424.27
9425.90
9430.80
9434.68
9447.35
9447.65
9453.48
9457.98
9458.70
9464.53
9465.05
9467.81
9467.81
9469.14
9484.01
9491.92
9496.02
9507.74
9508.57
9509.39
9511.76
9522.78
9528.75
9530.82
9532.88
9533.19
9534.84
9541.44
9546.71
9550.74
9557.67
9563.98
9564.39
9572.36
9573.60
9573.71
9574.64
9597.98
9598.50
9612.32
9614.19
9620.12
9621.06
9621.06
9639.71
9640.13
9641.17
9642.94
9643.15
9643.47
9650.67
9652.34
9667.29
9671.37
9673.35
9674.61
9678.38
9680.37
9688.86
9689.07
9689.49
9689.80
9694.94
9695.36
9701.76
9710.48
9710.58
9721.83
9730.67
9731.30
9735.62
9740.89
9746.16
9751.54
9755.34
9758.61
9766.74
9773.72
9775.84
9778.37
9786.74
9798.50
9798.92
9801.36
9814.94
9818.77
9821.21
9824.61
9830.35
9832.91
9838.23
9838.55
9841.21
9852.50
9859.97
9860.71
9865.62
9866.16
9867.65
9868.61
9873.63
9874.17
9880.47
9882.18
9883.57
9890.20
9890.20
9891.17
9893.74
9896.95
9897.06
9900.91
9901.23
9901.77
9901.88
9905.30
9906.59
9915.06
9915.49
9918.60
9920.00
9923.00
9932.13
9933.75
9944.72
9946.87
9955.80
9956.67
9960.76
9963.56
9965.93
9967.34
9969.39
9973.92
9976.08
9977.26
9984.39
9984.61
9986.77
9989.58
9990.77
9998.77
10018.91
10021.51
10023.90
10024.22
10025.85
10029.97
10033.88
10047.35
10054.97
10068.79
10072.06
10076.20
10084.38
10085.15
10090.17
10094.32
10101.20
10116.40
10117.17
10124.83
10132.51
10135.25
10138.10
10142.93
10144.46
10148.74
10151.16
10154.13
10155.77
10157.86
10166.11
10166.99
10169.30
10169.41
10172.16
10174.47
10175.02
10176.89
10179.21
10180.64
10181.30
10184.83
10188.68
10196.62
10210.86
10212.08
10214.62
10214.73
10217.50
10217.61
10218.82
10220.15
10220.37
10231.21
10231.77
10233.76
10234.42
10234.98
10248.61
10252.38
10260.81
10264.48
10266.03
10266.59
10270.70
10277.15
10284.26
10294.84
10295.96
10297.29
10300.41
10304.20
10330.66
10330.66
10334.91
10336.03
10336.14
10339.05
10339.27
10340.50
10352.59
10355.84
10359.54
10362.56
10367.05
10367.50
10367.61
10370.64
10377.60
10378.72
10380.97
10391.98
10392.32
10395.58
10395.80
10404.81
10406.16
10414.04
10415.06
10427.23
10429.72
10431.30
10437.17
10439.65
10448.01
10454.46
10459.10
10462.49
10466.80
10468.83
10470.08
10488.45
10493.22
10496.06
10500.26
10511.17
10515.38
10522.66
10527.10
10551.85
10552.19
10555.85
10556.07
10560.53
10564.30
10569.79
10571.73
10573.68
10581.35
10591.08
10597.50
10604.73
10604.96
10612.76
10617.59
10618.85
10620.34
10620.69
10622.76
10632.07
10639.21
10644.62
10648.88
10654.99
10655.10
10658.45
10659.49
10660.18
10660.29
10663.52
10664.45
10665.60
10666.75
10670.45
10673.22
10673.33
10679.69
10683.15
10685.35
10689.86
10689.98
10693.10
10703.29
10707.46
10708.27
10710.47
10712.21
10712.90
10718.35
10721.37
10728.68
10731.23
10741.57
10763.44
10774.51
10775.79
10776.38
10780.81
10794.12
10797.04
10799.14
10806.74
10817.50
10818.90
10821.01
10821.48
10828.51
10833.31
10837.18
10847.27
10847.50
10849.38
10850.20
10861.36
10861.48
10863.59
10863.83
10865.95
10867.36
10879.71
10881.95
10883.59
10885.95
10890.66
10894.43
10898.32
10901.15
10908.23
10917.21
10917.33
10919.22
10919.33
10931.04
10935.77
10936.71
10940.27
10940.38
10941.09
10947.13
10950.09
10954.83
10956.73
10960.64
10961.83
10963.14
10963.37
10969.42
10969.90
10974.41
10979.16
10979.40
10980.59
10984.39
10987.12
10992.00
10994.50
11013.19
11015.33
11024.39
11024.51
11025.59
11027.02
11027.73
11030.00
11035.61
11041.82
11044.45
11048.16
11049.23
11052.10
11054.85
11057.13
11057.60
11062.03
11069.69
11072.57
11074.13
11074.25
11075.21
11080.60
11095.36
11099.92
11101.96
11110.37
11110.61
11115.78
11124.57
11126.25
11132.63
11136.97
11146.98
11147.94
11155.90
11157.23
11159.77
11174.39
11175.11
11177.53
11178.14
11182.49
11187.57
11191.21
11205.87
11209.51
11210.35
11229.05
11236.58
11247.04
11249.24
11251.43
11255.20
11256.66
11259.46
11262.39
11264.95
11269.58
11270.07
11272.26
11273.12
11283.98
11284.34
11284.47
11287.40
11294.24
11294.24
11296.07
11302.92
11314.91
11317.11
11320.17
11330.71
11331.94
11335.00
11336.35
11340.03
11353.78
11361.40
11362.39
11370.63
11384.29
11387.37
11389.96
11395.01
11398.09
11398.34
11400.19
11407.22
11413.27
11414.26
11417.72
11421.30
11435.28
11437.50
11438.99
11459.43
11463.27
11464.88
11465.75
11469.72
11472.95
11480.77
11482.89
11484.87
11485.00
11494.45
11494.57
11494.82
11495.32
11498.68
11504.15
11504.15
11505.40
11506.64
11516.85
11518.72
11518.97
11528.45
11529.32
11544.30
11555.92
11560.30
11560.55
11564.55
11583.46
11588.60
11593.37
11606.55
11616.47
11636.22
11645.04
11647.43
11647.81
11652.47
11661.18
11663.07
11666.48
11670.64
11675.19
11676.33
11679.99
11690.11
11702.00
11707.95
11710.87
11712.64
11718.35
11742.72
11743.99
11751.87
11752.88
11758.86
11762.42
11778.47
11780.89
11794.03
11806.03
11813.06
11814.59
11816.00
11816.25
11817.02
11822.26
11823.42
11823.54
11824.70
11829.30
11830.20
11832.37
11832.76
11837.11
11837.24
11837.50
11840.83
11841.72
11843.39
11847.36
11849.67
11849.80
11850.70
11851.85
11851.98
11853.77
11858.65
11860.83
11863.65
11865.71
11867.76
11871.23
11873.54
11876.50
11879.58
11882.54
11889.61
11898.10
11900.55
11912.92
11918.98
11922.85
11923.62
11927.10
11927.62
11929.56
11932.53
11935.50
11938.72
11948.42
11948.93
11959.28
11962.65
11990.77
11994.01
11994.40
12004.92
12006.21
12008.29
12021.16
12022.98
12033.92
12033.92
12038.73
12046.94
12048.12
12050.20
12052.16
12056.07
12062.07
12062.07
12065.47
12067.56
12071.47
12080.75
12087.55
12091.74
12125.67
12139.85
12148.78
12150.62
12152.86
12164.83
12167.86
12177.60
12186.83
12187.09
12188.54
12192.90
12195.14
12195.14
12198.57
12205.57
12206.62
12215.34
12218.12
12221.03
12224.73
12225.26
12228.43
12241.14
12244.32
12246.31
12249.75
12250.68
12251.74
12256.38
12259.57
12260.36
12265.40
12265.94
12268.99
12269.39
12270.85
12272.71
12280.94
12283.07
12289.05
12290.25
12292.91
12295.83
12301.42
12312.74
12315.40
12317.14
12318.07
12318.34
12318.60
12332.74
12339.95
12348.63
12354.11
12361.46
12374.58
12382.75
12386.36
12387.17
12393.87
12401.79
12402.59
12405.14
12412.93
12414.94
12419.24
12427.58
12428.11
12435.65
12436.86
12440.63
12440.90
12441.97
12442.91
12445.20
12459.08
12464.74
12477.70
12483.64
12494.72
12499.45
12503.10
12503.51
12511.63
12511.77
12515.29
12524.90
12527.21
12535.21
12535.61
12538.06
12539.55
12541.04
12548.78
12549.46
12552.31
12556.25
12556.93
12558.69
12574.74
12574.87
12580.86
12589.85
12595.84
12599.11
12602.11
12602.80
12608.11
12610.57
12616.58
12627.91
12628.87
12629.69
12630.51
12636.11
12638.03
12640.62
12644.59
12647.87
12650.61
12650.61
12653.08
12653.62
12654.86
12659.92
12660.33
12669.79
12675.96
12687.76
12693.25
12693.25
12693.80
12694.76
12699.57
12702.73
12708.92
12709.19
12710.02
12712.77
12713.18
12721.71
12737.83
12739.21
12744.45
12751.89
12752.17
12754.93
12766.53
12773.57
12774.82
12779.38
12780.35
12781.73
12782.84
12786.57
12787.82
12790.58
12792.80
12798.75
12810.11
12812.33
12814.69
12816.07
12828.56
12829.39
12831.34
12833.70
12837.03
12840.36
12841.75
12845.50
12845.92
12846.20
12852.87
12853.99
12861.78
12868.32
12878.35
12878.49
12880.16
12883.50
12884.90
12893.96
12902.89
12916.44
12918.40
12919.66
12929.31
12935.60
12943.58
12944.98
12949.47
12949.61
12955.63
12959.42
12964.75
12966.15
12967.69
12972.19
12980.61
12982.29
12983.84
12991.29
12993.26
12999.44
13001.27
13003.80
13012.53
13020.56
13032.68
13032.96
13035.78
13036.35
13037.47
13038.04
13046.65
13065.01
13076.75
13080.29
13095.01
13095.86
13097.42
13100.82
13103.52
13104.37
13118.27
13134.89
13137.16
13153.80
13158.07
13163.77
13170.18
13178.02
13179.73
13180.02
13185.44
13186.01
13201.00
13207.85
13213.43
13218.00
13221.01
13228.16
13234.32
13238.61
13238.61
13240.91
13241.19
13247.93
13265.14
13265.14
13274.76
13276.91
13279.21
13281.94
13284.96
13290.71
13296.18
13296.46
13300.21
13302.36
13312.44
13344.17
13344.89
13345.04
13345.18
13345.90
13353.99
13354.57
13361.80
13367.87
13371.34
13382.63
13387.70
13391.61
13402.77
13403.64
13404.95
13410.61
13411.04
13419.60
13423.67
13431.95
13437.77
13439.37
13443.58
13461.34
13462.80
13467.02
13472.12
13473.44
13477.81
13480.73
13486.85
13487.58
13491.38
13492.25
13497.07
13501.60
13502.77
13508.91
13516.22
13522.51
13528.51
13528.95
13530.26
13551.95
13566.91
13567.20
13575.13
13578.37
13589.54
13594.54
13600.42
13603.36
13611.61
13616.18
13620.01
13623.69
13632.24
13636.37
13636.96
13638.29
13642.13
13659.41
13665.47
13665.77
13698.04
13702.04
13724.30
13726.23
13743.02
13767.43
13774.13
13774.43
13780.24
13782.78
13786.81
13796.21
13798.74
13806.21
13809.50
13809.95
13815.48
13817.87
13820.86
13823.70
13826.24
13829.98
13833.13
13844.81
13847.05
13849.45
13860.09
13862.49
13865.64
13871.64
13879.00
13880.35
13894.33
13902.60
13922.92
13924.88
13930.30
13936.79
13943.42
13946.59
13953.84
13954.14
13964.41
13966.83
13973.78
13974.69
13983.61
13987.70
13998.60
14007.69
14009.81
14017.54
14021.49
14023.31
14024.98
14029.68
14034.54
14038.18
14043.65
14043.96
14046.69
14055.51
14066.46
14066.46
14069.36
14073.47
14079.10
14079.41
14085.65
14089.01
14089.77
14096.48
14108.53
14111.74
14116.63
14133.13
14146.75
14150.88
14157.93
14158.54
14196.27
14198.12
14203.19
14212.87
14213.33
14218.72
14224.56
14238.42
14239.66
14243.82
14244.59
14252.14
14258.16
14266.95
14273.90
14275.44
14284.71
14293.37
14299.56
14317.05
14317.98
14322.79
14324.49
14327.13
14339.53
14339.84
14353.50
14354.12
14358.01
14365.93
14368.26
14369.97
14378.22
14379.62
14386.93
14392.38
14394.41
14396.27
14402.35
14405.00
14406.87
14418.72
14439.64
14441.20
14471.24
14477.50
14484.39
14485.49
14488.94
14501.80
14509.18
14510.59
14518.13
14520.64
14550.37
14561.39
14562.97
14563.12
14564.23
14564.70
14581.10
14583.78
14588.51
14590.57
14594.04
14603.36
14614.11
14615.21
14624.55
14625.50
14626.60
14628.66
14630.88
14632.94
14633.41
14637.53
14641.96
14646.08
14656.23
14663.37
14664.64
14666.06
14682.26
14682.73
14684.48
14694.50
14697.04
14700.38
14700.70
14713.75
14723.78
14731.75
14741.95
14743.55
14751.36
14755.36
14756.63
14760.31
14766.38
14768.13
14777.88
14778.04
14781.72
14784.12
14786.52
14787.00
14797.08
14798.52
14799.00
14820.64
14821.44
14832.03
14834.92
14848.73
14850.49
14854.35
14856.12
14858.85
14869.47
14872.84
14874.45
14880.73
14883.47
14889.91
14907.81
14908.13
14909.58
14914.58
14916.52
14924.75
14938.65
14943.66
14952.07
14953.20
14955.63
14966.63
14967.77
14971.49
14976.52
14981.21
14985.75
14989.97
14991.27
14995.32
14998.89
15004.41
15027.81
15030.41
15035.13
15039.85
15041.80
15044.73
15055.80
15060.85
15063.13
15067.05
15067.86
15073.24
15077.16
15078.62
15083.52
15085.97
15087.93
15090.54
15091.03
15097.07
15098.21
15102.14
15103.77
15111.29
15137.64
15139.44
15139.44
15153.20
15159.93
15167.47
15172.56
15180.77
15184.22
15193.92
15200.99
15202.47
15207.57
15213.82
15238.70
15239.85
15241.67
15249.09
15252.39
15255.86
15259.82
15266.26
15273.69
15273.69
15278.98
15281.96
15298.67
15300.16
15300.99
15317.55
15349.07
15351.73
15361.87
15364.52
15365.85
15366.85
15373.17
15373.34
15387.48
15391.98
15405.47
15431.67
15432.33
15433.84
15434.17
15435.67
15436.51
15441.35
15442.52
15460.41
15461.08
15473.46
15487.20
15488.87
15488.87
15491.56
15497.93
15510.51
15520.24
15530.32
15540.75
15543.60
15556.90
15562.45
15563.29
15569.69
15577.61
15583.51
15595.32
15600.55
15603.08
15603.25
15612.88
15621.33
15624.03
15624.20
15628.26
15628.43
15628.43
15639.25
15639.59
15651.95
15661.61
15662.28
15675.34
15688.91
15707.26
15707.77
15721.54
15722.39
15724.94
15727.32
15733.28
15735.49
15756.79
15762.76
15780.50
15789.90
15803.23
15812.12
15831.13
15844.66
15864.22
15864.39
15866.11
15876.41
15883.80
15893.25
15912.70
15913.21
15923.20
15926.13
15928.89
15937.16
15945.96
15949.76
15950.62
15963.74
15964.26
15969.79
15976.01
15983.27
15988.29
16031.77
16032.11
16036.62
16047.56
16066.67
16070.15
16078.84
16079.02
16088.94
16092.07
16101.82
16107.75
16110.71
16112.28
16131.64
16135.13
16140.55
16173.59
16193.20
16193.90
16203.36
16226.52
16231.26
16235.13
16237.94
16257.10
16260.79
16260.97
16264.49
16276.64
16281.92
16289.67
16300.60
16301.13
16306.07
16323.72
16325.84
16326.55
16330.97
16334.68
16335.74
16339.63
16355.90
16358.20
16359.97
16360.15
16361.39
16366.35
16373.78
16377.51
16380.52
16381.23
16382.65
16399.14
16412.45
16415.65
16451.21
16453.88
16457.62
16476.33
16485.60
16485.78
16486.49
16487.03
16489.52
16489.88
16500.59
16500.77
16521.67
16532.58
16533.11
16534.54
16566.42
16580.23
16582.02
16608.42
16612.73
16612.73
16645.84
16649.26
16657.37
16664.40
16664.76
16670.17
16670.71
16684.96
16686.23
16696.34
16706.64
16713.87
16737.40
16741.20
16745.55
16754.61
16757.33
16761.32
16780.92
16781.10
16787.46
16817.09
16817.64
16834.02
16836.93
16854.61
16874.14
16887.84
16902.28
16912.89
16918.38
16933.21
16949.16
16954.66
16959.07
16963.65
16985.33
16997.46
17029.31
17040.92
17044.42
17053.28
17053.28
17061.03
17061.40
17077.83
17079.31
17083.93
17086.52
17097.43
17097.62
17103.72
17104.46
17104.65
17107.24
17108.53
17130.02
17148.01
17158.77
17160.63
17174.19
17181.81
17190.73
17195.39
17199.48
17205.06
17228.72
17232.26
17233.38
17247.93
17256.14
17273.33
17279.13
17288.29
17304.20
17343.18
17345.25
17345.81
17357.07
17357.45
17376.62
17386.21
17390.91
17417.46
17431.04
17435.75
17442.36
17451.61
17456.89
17460.11
17467.10
17468.80
17472.77
17476.36
17477.49
17494.90
17510.43
17510.62
17551.40
17551.40
17556.72
17562.80
17564.89
17572.68
17608.46
17615.13
17638.02
17652.91
17655.39
17660.36
17675.85
17683.50
17707.43
17726.98
17734.08
17740.61
17757.12
17760.58
17761.92
17767.11
17768.46
17770.38
17786.54
17786.93
17789.81
17800.98
17810.23
17825.07
17834.14
17842.44
17848.04
17850.16
17850.74
17858.85
17875.67
17903.35
17915.17
17919.44
17958.45
17962.34
17968.75
18016.64
18035.37
18038.29
18043.56
18054.50
18061.92
18071.50
18074.44
18081.28
18083.63
18099.88
18109.67
18111.24
18118.10
18118.69
18133.79
18133.99
18140.85
18148.51
18153.03
18163.83
18170.32
18178.97
18202.59
18212.83
18216.38
18217.76
18220.32
18225.85
18236.30
18245.97
18247.16
18260.59
18263.35
18264.34
18276.20
18281.14
18303.11
18304.30
18313.81
18322.53
18334.43
18337.80
18345.54
18346.14
18347.53
18357.85
18360.44
18366.99
18367.99
18369.18
18388.47
18406.18
18407.58
18439.27
18450.45
18454.04
18471.82
18490.82
18494.42
18524.46
18534.88
18545.72
18560.37
18577.45
18583.48
18593.54
18606.21
18623.53
18627.36
18634.82
18645.71
18651.16
18655.00
18672.16
18672.97
18679.64
18682.06
18689.75
18691.57
18700.06
18736.52
18740.57
18753.76
18778.73
18788.08
18791.13
18809.03
18827.56
18844.07
18855.89
18856.10
18859.77
18863.44
18875.49
18903.29
18910.04
18910.65
18917.40
18927.64
18928.25
18929.89
18942.39
18945.88
18968.85
18975.83
18979.93
19021.87
19026.61
19048.24
19063.29
19070.51
19091.15
19108.72
19110.37
19114.51
19123.82
19145.35
19148.66
19158.20
19164.42
19169.60
19178.94
19233.17
19239.00
19242.12
19244.21
19245.25
19245.66
19245.66
19272.96
19274.21
19275.88
19276.51
19280.26
19314.29
19315.55
19322.86
19324.96
19330.81
19341.06
19347.13
19348.39
19356.34
19358.02
19358.65
19371.43
19374.36
19383.17
19392.40
19413.39
19415.28
19417.18
19424.53
19439.25
19443.24
19453.13
19482.62
19483.68
19489.79
19490.00
19497.81
19509.20
19523.14
19523.77
19527.36
19527.57
19532.65
19554.85
19574.75
19577.29
19584.70
19588.73
19614.39
19624.80
19644.76
19647.10
19667.95
19676.89
19678.38
19687.53
19690.09
19717.81
19723.35
19725.06
19747.27
19765.65
19770.57
19778.92
19796.26
19840.43
19858.26
19865.13
19869.22
19891.16
19905.80
19922.17
19922.60
19923.90
19927.13
19935.54
19948.27
19949.14
19966.84
19977.00
19977.21
19977.21
19977.65
20007.72
20008.80
20010.31
20019.62
20027.64
20038.05
20050.62
20056.70
20061.26
20079.72
20099.50
20115.38
20115.81
20116.25
20120.82
20128.00
20139.99
20140.86
20148.70
20160.48
20174.66
20183.83
20198.69
20215.31
20216.62
20224.71
20226.90
20240.91
20253.84
20265.46
20283.66
20284.32
20290.47
20292.66
20296.84
20305.62
20307.38
20329.36
20330.24
20338.82
20341.02
20351.15
20358.86
20361.94
20365.91
20373.40
20390.16
20393.69
20411.13
20417.98
20425.93
20443.84
20455.13
20467.53
20471.73
20484.14
20490.57
20493.01
20522.08
20546.96
20576.10
20576.33
20594.81
20597.26
20616.66
20641.21
20641.44
20644.34
20654.39
20662.44
20686.38
20694.21
20701.15
20709.67
20719.98
20740.84
20745.33
20755.88
20757.45
20773.85
20777.67
20777.67
20799.27
20803.77
20807.37
20822.68
20829.67
20831.25
20874.34
20883.60
20889.03
20891.51
20903.95
20904.17
20913.90
20932.47
20935.41
20956.03
20961.48
20966.24
20984.40
21000.29
21000.29
21031.22
21032.81
21037.14
21037.36
21037.82
21045.10
21066.52
21085.45
21102.56
21111.70
21114.67
21119.70
21128.38
21133.87
21145.08
21146.22
21154.00
21181.71
21193.63
21203.04
21245.29
21253.11
21271.74
21281.41
21298.00
21304.68
21306.29
21309.75
21314.59
21318.05
21329.36
21358.46
21386.90
21395.46
21397.08
21468.97
21469.21
21473.16
21483.38
21485.94
21495.70
21523.17
21531.32
21576.33
21596.18
21610.20
21663.81
21665.22
21671.79
21706.05
21721.79
21737.07
21765.31
21804.67
21837.02
21853.33
21867.28
21890.96
21898.54
21900.67
21933.87
21939.57
21949.54
21954.76
21959.04
21964.03
21984.95
21989.95
22012.32
22067.41
22077.20
22079.83
22108.76
22115.69
22166.96
22167.68
22185.92
22189.28
22190.00
22233.01
22235.90
22248.17
22254.19
22277.56
22279.01
22294.68
22319.54
22320.75
22342.50
22343.46
22380.00
22382.66
22410.29
22436.49
22447.17
22450.33
22473.66
22476.34
22478.77
22502.62
22510.41
22530.39
22574.07
22578.95
22587.75
22593.13
22600.71
22626.15
22643.78
22671.24
22684.00
22685.47
22702.42
22715.68
22723.55
22726.01
22745.69
22750.86
22815.20
22844.34
22844.59
22848.79
22850.52
22878.48
22885.66
22916.38
22921.34
22933.75
22960.06
22963.05
22965.53
22967.77
22969.75
22972.99
22975.97
22976.71
23015.28
23025.24
23067.88
23088.61
23126.36
23139.88
23141.13
23171.45
23191.01
23206.32
23213.10
23228.17
23229.18
23235.46
23236.22
23239.74
23254.33
23292.60
23298.40
23302.94
23310.50
23311.26
23312.27
23313.03
23316.05
23347.36
23351.65
23360.24
23360.50
23376.42
23400.46
23417.18
23428.84
23445.83
23446.34
23475.78
23485.69
23486.71
23502.47
23505.01
23507.81
23508.32
23524.09
23533.00
23542.43
23565.87
23569.44
23577.35
23579.13
23616.41
23618.20
23644.02
23671.16
23673.97
23689.60
23690.89
23698.58
23701.40
23724.75
23744.26
23753.77
23767.14
23768.94
23789.52
23798.27
23800.59
23810.64
23869.71
23881.85
23918.05
23939.54
23958.72
23960.53
23978.43
24012.96
24025.17
24031.67
24036.61
24049.36
24057.95
24072.53
24082.69
24099.63
24103.80
24107.19
24113.72
24141.39
24147.66
24163.60
24192.64
24192.90
24199.71
24208.35
24211.75
24212.54
24223.81
24231.93
24233.77
24245.31
24260.27
24266.57
24273.92
24281.80
24288.37
24296.78
24311.24
24318.35
24330.19
24339.93
24373.40
24381.58
24383.16
24397.94
24423.29
24435.45
24436.24
24436.24
24453.44
24474.08
24478.85
24491.30
24594.87
24599.12
24602.58
24656.95
24672.96
24703.41
24715.71
24724.80
24736.31
24740.59
24741.13
24748.62
24753.98
24755.59
24778.90
24793.11
24803.04
24841.45
24841.72
24880.99
24885.03
24899.30
24911.97
24916.01
24917.63
24937.05
24952.43
25013.79
25048.46
25078.29
25127.99
25145.94
25167.99
25185.15
25205.05
25215.96
25217.33
25236.98
25278.25
25283.17
25349.18
25356.04
25373.88
25384.59
25388.71
25399.70
25402.17
25417.84
25440.13
25443.43
25453.07
25459.96
25483.38
25490.28
25497.72
25513.73
25521.18
25550.75
25577.58
25581.73
25598.62
25616.91
25642.14
25702.14
25724.95
25730.24
25736.64
25742.21
25748.34
25784.03
25791.28
25864.22
25874.29
25878.77
25880.17
25906.23
25910.99
25939.89
25943.25
25969.65
25969.94
25975.56
25986.80
25995.24
26013.81
26041.69
26059.73
26071.29
26075.80
26113.92
26116.74
26124.37
26133.99
26144.45
26148.13
26153.50
26170.77
26175.87
26180.68
26276.89
26296.80
26359.47
26387.72
26402.86
26408.00
26413.71
26416.86
26429.44
26458.62
26461.48
26468.36
26474.37
26483.25
26513.93
26564.75
26586.32
26588.33
26611.36
26624.89
26647.95
26657.76
26692.10
26792.79
26802.94
26804.68
26808.45
26828.76
26857.52
26909.58
26928.22
26944.55
26945.71
26984.52
27012.85
27017.24
27089.83
27095.69
27198.79
27219.10
27254.17
27270.39
27294.30
27301.39
27303.46
27312.03
27316.17
27370.31
27410.61
27410.91
27416.25
27420.70
27446.82
27451.27
27469.69
27527.12
27583.47
27593.61
27607.65
27640.53
27679.43
27683.33
27686.32
27687.82
27698.31
27727.39
27740.00
27751.40
27773.63
27797.68
27802.80
27834.70
27843.14
27850.06
27851.57
27914.93
27933.96
27995.38
28009.93
28058.15
28092.78
28126.85
28130.80
28170.71
28174.67
28199.37
28237.23
28245.79
28280.34
28283.40
28287.99
28309.43
28325.97
28329.96
28348.35
28350.50
28373.82
28379.96
28396.24
28418.99
28426.37
28438.67
28498.12
28502.13
28538.85
28544.10
28604.08
28641.24
28646.51
28665.11
28683.11
28708.26
28846.81
28880.86
28952.19
29018.99
29051.98
29106.41
29131.61
29144.22
29270.63
29271.58
29321.03
29366.75
29383.91
29391.22
29448.84
29496.35
29510.40
29556.09
29604.42
29640.64
29695.85
29696.50
29823.68
29844.34
29847.57
29865.66
29941.05
29961.14
29966.65
29984.17
30009.81
30040.34
30069.94
30121.06
30141.60
30142.25
30187.29
30199.71
30275.61
30287.40
30329.05
30342.83
30372.07
30408.90
30480.71
30484.00
30573.85
30581.46
30589.73
30600.99
30666.95
30707.45
30866.01
30895.75
30910.46
31005.25
31016.66
31034.79
31065.70
31066.03
31143.78
31164.68
31176.82
31225.43
31281.90
31347.29
31389.38
31453.29
31565.80
31580.83
31582.88
31599.97
31635.89
31650.27
31672.88
31684.53
31785.14
31799.59
31814.73
31869.51
31907.81
31959.29
31965.86
31970.70
32030.60
32132.65
32219.69
32221.78
32246.19
32266.79
32289.49
32307.66
32325.14
32365.39
32405.68
32421.11
32477.99
32594.16
32628.39
32634.39
32646.75
32707.21
32778.77
32917.38
33049.78
33083.77
33135.36
33211.09
33213.61
33234.82
33297.80
33472.64
33667.68
33687.36
33697.93
33793.96
33831.64
33912.64
33914.47
33934.29
33959.27
34089.96
34107.67
34134.62
34182.66
34254.86
34324.98
34361.03
34417.21
34549.29
34683.75
34698.76
35007.99
35110.41
35200.94
35332.20
35357.06
35389.97
35616.23
35770.70
35777.28
35830.36
35848.19
35869.92
36213.08
36222.10
36394.56
36422.53
36521.97
37662.46
37757.53
38114.21
38257.58
38573.47
38789.43
38915.12
39478.31
40274.32
40540.13
40709.80
42289.25
42980.72
44942.96
