24.35
24.48
24.68
27.49
29.92
29.96
30.02
30.24
30.75
31.89
32.07
32.29
33.21
33.37
33.54
33.58
33.87
34.21
35.29
36.30
36.75
36.77
36.78
36.87
37.09
37.73
38.31
39.16
39.21
39.41
39.56
39.59
40.23
41.48
42.28
42.42
42.73
43.79
45.24
45.39
45.48
45.66
45.87
45.90
46.02
46.49
46.61
46.85
47.11
47.27
47.31
47.35
48.08
48.25
48.83
48.90
49.22
49.56
49.75
50.26
50.70
51.26
51.31
51.97
52.79
52.96
52.99
53.06
53.41
54.08
54.41
54.42
54.82
54.83
54.91
55.21
55.22
55.66
55.87
55.92
56.03
56.10
56.26
56.70
56.71
57.03
57.06
57.85
58.75
59.32
59.61
59.71
59.78
60.28
60.31
60.33
60.51
61.26
61.97
62.06
62.24
62.50
62.66
63.10
63.22
63.42
63.54
63.64
63.66
64.07
64.18
64.95
65.62
65.65
65.75
65.86
65.90
66.27
66.68
66.88
66.88
66.89
66.90
66.91
66.98
67.40
67.63
68.11
68.41
68.55
68.58
68.71
69.25
69.38
69.51
69.56
69.58
70.20
70.72
70.80
70.93
71.24
71.52
72.01
72.32
72.55
72.56
72.59
72.63
72.72
72.93
73.04
73.13
73.29
73.61
73.85
73.98
74.08
74.17
74.22
74.27
74.64
74.64
74.75
74.82
74.83
75.06
75.14
75.20
75.20
75.21
75.31
75.46
75.57
75.76
76.32
76.69
77.03
77.07
77.22
77.39
77.43
77.59
77.79
78.30
78.43
78.45
78.63
78.64
78.66
78.80
78.95
78.96
79.14
79.23
79.72
79.92
80.30
80.50
80.67
80.83
80.93
80.95
81.16
81.27
81.71
81.71
81.86
82.01
82.16
82.32
82.36
82.39
82.54
82.64
82.70
82.73
83.35
83.65
83.68
84.43
84.44
84.96
85.42
85.45
85.69
85.70
85.74
85.76
85.77
85.97
85.99
86.03
86.04
86.30
86.36
86.77
86.96
87.24
87.39
87.52
87.86
88.18
88.80
88.95
89.00
89.26
89.54
89.59
89.62
89.96
90.11
90.34
90.71
91.26
91.42
91.53
91.58
91.92
92.19
92.28
92.29
92.30
92.51
92.58
92.68
92.81
92.85
92.88
92.92
93.02
93.15
93.40
93.44
93.60
93.67
93.94
93.96
94.07
94.15
94.32
94.61
94.84
94.86
94.87
95.01
95.01
95.34
95.43
95.62
95.94
95.94
96.00
96.34
96.65
96.65
96.83
96.88
96.97
96.99
97.07
97.08
97.12
97.27
98.22
98.23
98.31
98.33
98.47
98.51
98.58
98.62
98.66
98.84
98.88
99.03
99.22
99.40
99.56
99.67
100.04
100.13
100.31
100.41
100.49
100.85
101.09
101.19
101.46
101.93
102.32
102.35
102.44
102.51
102.72
102.74
103.03
103.11
103.16
103.20
103.20
103.50
103.52
103.64
104.00
104.01
104.10
104.31
104.71
104.83
104.95
105.37
105.40
105.54
105.61
105.78
106.05
106.22
106.36
106.36
106.76
107.08
107.14
107.67
107.82
108.09
108.17
108.38
109.14
109.19
109.25
109.51
109.70
109.85
109.87
110.13
110.62
110.63
110.74
110.86
111.37
111.38
111.57
111.57
111.60
111.62
111.88
112.05
112.19
112.23
112.29
112.40
112.52
112.56
112.78
112.94
112.96
112.98
113.02
113.23
113.28
113.32
113.36
113.60
113.67
113.97
114.09
114.17
114.34
114.42
114.60
114.78
114.98
115.22
115.44
115.47
115.78
116.01
116.45
116.74
116.76
116.77
117.03
117.23
117.49
117.56
117.57
117.62
117.62
117.82
117.92
118.20
118.32
118.35
118.36
118.48
118.64
119.03
119.21
119.52
119.73
119.86
120.46
120.78
120.89
120.95
121.03
121.16
121.25
121.48
121.77
122.33
122.38
122.45
122.52
122.64
122.84
122.86
123.09
123.38
123.43
123.55
123.67
123.69
123.74
123.93
124.01
124.08
124.48
124.64
124.65
124.75
124.91
124.93
125.02
125.24
125.58
125.60
125.80
125.86
126.05
126.16
126.29
126.42
126.53
126.88
127.09
127.25
127.48
127.76
127.81
127.82
127.96
128.02
128.05
128.06
128.14
128.50
128.65
129.05
129.06
130.07
130.16
130.51
130.52
130.69
130.75
130.83
130.86
130.96
131.02
131.08
131.09
131.18
131.60
131.95
131.99
132.02
132.34
132.46
132.57
132.58
132.58
132.59
132.77
133.03
133.06
133.31
133.34
133.34
133.39
133.41
133.49
133.51
133.72
133.77
133.89
133.96
134.00
134.29
134.34
134.40
134.44
134.64
134.70
135.19
135.30
135.39
135.63
135.84
135.86
136.05
136.28
136.41
136.44
136.48
136.48
136.56
136.64
136.88
136.92
137.27
137.28
137.35
137.39
137.41
137.53
137.78
137.88
137.91
137.91
137.94
137.96
137.98
138.01
138.15
138.19
138.38
138.62
138.93
139.23
139.31
139.35
139.40
139.41
139.56
139.74
139.81
139.86
139.92
140.02
140.26
140.42
140.77
140.85
140.89
140.96
141.00
141.49
141.56
141.60
141.64
141.87
142.26
142.27
142.42
142.60
142.90
143.66
143.72
143.83
144.21
144.80
144.92
145.21
145.36
145.44
145.59
145.76
146.08
146.21
146.28
146.32
146.33
146.48
146.58
146.58
146.63
146.68
147.04
147.08
147.09
147.36
147.37
147.40
147.73
147.84
147.97
148.11
148.13
148.38
148.54
149.00
149.06
149.22
149.38
149.71
149.84
150.08
150.19
150.27
150.36
151.09
151.14
151.21
151.25
151.34
151.44
151.62
151.98
152.12
152.50
152.74
152.92
153.05
153.11
153.25
153.43
153.47
153.55
153.63
153.70
153.81
153.81
153.83
153.97
154.16
154.55
154.56
154.99
155.07
155.15
155.17
155.22
155.37
155.37
155.39
155.40
156.02
156.32
156.52
156.53
156.63
156.66
156.79
157.33
157.62
157.74
157.88
157.95
157.95
158.18
158.29
158.39
158.39
158.61
158.62
158.63
158.68
158.81
158.93
159.46
159.73
159.81
159.83
160.11
160.17
160.19
160.34
160.48
160.53
160.63
160.73
160.86
160.86
160.89
161.01
161.06
161.10
161.27
161.43
161.58
161.66
161.89
162.10
162.11
162.15
162.21
162.28
162.35
162.39
162.58
162.60
162.60
162.66
162.79
162.82
162.93
162.97
163.21
163.28
163.89
164.10
164.21
164.25
164.52
164.91
164.94
165.24
165.25
165.48
165.63
165.66
165.88
165.92
166.11
166.16
166.18
166.19
166.22
166.43
166.52
166.57
167.01
167.43
167.50
167.58
167.68
167.83
167.93
168.09
168.15
168.16
168.27
168.73
168.95
169.07
169.26
169.26
169.30
169.38
169.66
169.79
169.88
169.90
170.25
170.51
170.56
170.67
170.67
170.81
170.88
171.28
171.61
171.67
172.02
172.02
172.05
172.21
172.55
172.57
172.60
172.63
172.64
172.65
172.97
173.07
173.08
173.24
173.29
173.40
173.55
173.60
173.60
173.69
173.81
173.88
173.95
174.09
174.32
174.40
174.46
174.61
174.85
174.97
175.15
175.23
175.28
175.75
175.80
175.96
175.97
176.09
176.23
176.40
176.48
176.48
176.66
176.88
176.89
176.95
177.04
177.15
177.30
177.34
177.64
177.79
177.79
177.84
178.07
178.11
178.23
178.36
178.37
178.46
178.97
179.08
179.21
179.68
179.69
179.74
179.76
180.13
180.26
180.31
180.32
180.85
181.18
181.84
182.09
182.26
182.47
182.63
182.69
182.70
182.78
182.95
183.06
183.13
183.47
183.83
183.93
184.14
184.22
184.47
184.56
184.68
184.77
184.84
184.87
185.64
185.66
185.70
185.76
185.92
186.01
186.03
186.27
186.44
186.45
186.46
186.76
186.80
186.86
186.90
186.96
187.21
187.26
187.55
188.10
188.40
188.47
188.49
188.61
188.76
188.89
188.90
189.20
189.36
189.41
189.48
189.64
189.71
189.73
190.01
190.25
190.27
190.44
190.59
190.77
190.81
190.91
191.02
191.44
191.44
191.45
191.73
192.11
192.23
192.65
192.73
193.07
193.16
193.22
193.38
193.49
193.54
193.78
193.79
193.80
194.09
194.26
194.29
194.36
194.73
194.93
195.23
195.32
195.65
195.72
195.72
195.75
195.78
195.85
195.87
195.89
195.94
196.10
196.12
196.26
196.33
196.34
196.49
196.73
196.87
197.29
197.48
197.71
197.80
197.94
198.01
198.15
198.26
198.71
199.08
199.31
199.50
199.63
199.68
199.76
199.81
199.91
199.95
199.97
200.05
200.10
200.15
200.24
200.37
200.49
200.55
200.79
200.86
200.89
200.91
201.04
201.08
201.23
201.38
201.39
201.53
201.55
201.70
201.79
202.10
202.16
202.28
202.29
202.49
202.57
202.57
202.57
202.60
202.64
202.67
202.71
203.03
203.07
203.09
203.42
203.43
203.70
203.91
204.02
204.35
204.62
204.67
204.81
204.84
204.95
204.96
205.06
205.08
205.11
205.33
205.52
205.63
205.88
205.90
205.95
206.08
206.23
206.47
206.52
206.77
206.89
207.01
207.09
207.21
207.23
207.41
207.42
207.44
207.50
207.70
207.92
208.13
208.18
208.70
208.81
209.01
209.03
209.22
209.27
209.71
209.82
209.84
210.07
210.09
210.27
210.63
210.79
210.89
211.23
211.49
211.53
211.71
211.86
211.94
212.51
212.60
212.60
212.71
212.79
212.80
212.90
213.04
213.05
213.07
213.43
213.52
213.60
213.64
213.65
213.69
213.78
213.86
213.96
214.02
214.06
214.20
214.50
214.56
214.59
214.60
214.62
214.66
214.83
214.87
215.14
215.18
215.55
215.62
215.72
215.74
215.84
215.86
215.98
216.13
216.16
216.21
216.28
216.35
216.45
216.55
216.62
216.68
216.73
217.08
217.11
217.30
217.43
217.54
217.63
217.66
217.90
217.95
218.06
218.14
218.31
218.33
218.35
218.36
218.54
218.57
218.75
218.86
219.19
219.29
219.41
219.47
219.58
219.60
219.77
220.05
220.09
220.26
220.42
220.50
220.70
220.72
220.93
221.19
221.59
221.75
221.94
222.04
222.14
222.40
222.49
222.74
222.86
222.88
222.98
223.00
223.01
223.11
223.15
223.36
223.38
223.51
223.60
223.75
223.94
223.95
224.15
224.20
224.79
224.88
225.12
225.13
225.25
225.30
225.37
225.44
225.73
225.75
225.92
226.01
226.04
226.17
226.24
226.30
226.36
226.38
226.52
226.71
226.72
226.81
227.17
227.18
227.28
227.29
227.33
227.38
227.40
227.80
227.97
228.11
228.42
228.44
228.75
228.83
228.93
229.01
229.05
229.15
229.16
229.75
229.88
230.81
230.86
230.95
231.20
231.37
231.50
231.67
231.87
232.14
232.29
232.30
232.53
232.55
232.69
232.83
233.00
233.16
233.23
233.26
233.30
233.42
233.46
233.50
233.58
233.58
233.64
233.65
233.83
234.27
234.28
234.48
234.50
234.69
234.80
235.02
235.18
235.19
235.40
235.81
235.99
236.05
236.10
236.31
236.32
236.39
236.53
236.74
236.76
237.05
237.17
237.17
237.35
237.49
237.75
237.86
238.04
238.64
238.67
238.75
238.76
238.78
238.82
239.16
239.23
239.29
239.63
239.72
240.04
240.05
240.05
240.19
240.30
240.47
240.65
240.66
241.02
241.10
241.26
241.43
241.56
241.76
241.86
242.02
242.30
242.58
242.71
242.76
243.06
243.28
243.30
243.44
243.78
243.87
243.89
243.97
243.97
244.05
244.28
244.66
244.83
244.86
245.05
245.38
245.40
245.43
245.45
245.76
246.20
246.36
246.70
246.91
246.95
247.11
247.28
247.68
247.75
247.80
248.37
248.72
248.90
249.02
249.03
249.14
249.22
249.28
249.97
250.18
250.52
250.61
250.66
250.68
250.94
251.07
251.28
251.39
252.00
252.25
252.28
252.49
252.89
252.95
253.43
253.52
253.72
253.72
253.84
253.94
254.01
254.18
254.25
254.41
254.52
254.53
254.58
254.89
255.23
255.45
255.67
255.71
255.80
256.00
256.44
256.47
256.61
256.69
256.70
256.80
256.92
257.07
257.25
257.45
257.54
257.76
257.83
258.11
258.31
258.33
258.35
258.68
258.82
258.83
259.36
259.41
259.44
259.57
259.58
259.58
259.82
259.98
259.99
260.23
260.33
261.00
261.14
261.22
261.28
261.78
261.79
262.11
262.21
262.42
262.43
262.50
262.63
262.93
262.97
263.28
263.52
263.62
263.66
263.76
264.23
264.31
264.54
265.01
265.36
265.45
265.47
265.62
265.73
265.75
266.01
266.09
266.50
266.76
266.81
266.82
266.83
267.07
267.22
267.34
267.50
267.55
267.74
268.28
268.44
268.49
268.58
268.62
268.69
268.80
268.80
268.82
268.91
269.31
269.56
269.59
270.00
270.09
270.88
270.88
270.90
270.90
270.98
271.03
271.13
271.34
271.60
271.95
272.13
272.16
272.23
272.33
272.34
272.55
272.70
273.02
273.12
273.14
273.30
273.35
273.45
273.61
273.87
273.89
273.98
274.15
274.32
274.46
274.66
275.02
275.39
275.69
275.80
275.95
276.02
276.22
276.30
276.36
276.37
276.41
276.49
276.55
276.57
276.67
276.70
276.74
276.92
277.18
277.23
277.55
277.61
277.86
278.06
278.18
278.46
278.53
278.69
278.79
278.84
279.46
279.54
279.79
279.89
280.08
280.26
280.96
281.02
281.33
281.43
281.48
281.53
281.66
281.68
281.93
281.93
281.97
282.25
282.39
282.43
282.56
282.58
282.66
282.72
282.75
282.77
282.93
283.06
283.14
283.15
283.38
283.45
283.45
283.57
283.64
283.88
283.92
283.94
284.20
284.25
284.38
284.87
284.97
285.01
285.02
285.16
285.18
285.19
285.31
285.35
285.36
285.62
285.67
285.79
286.23
286.47
286.77
286.85
287.01
287.29
287.43
287.45
287.46
287.64
287.80
288.07
288.22
288.30
288.37
288.47
288.70
289.00
289.08
289.24
289.58
289.66
289.67
289.71
289.83
289.91
290.08
290.47
290.68
290.70
290.70
290.76
290.83
290.92
290.95
291.07
291.08
291.68
291.88
291.94
292.07
292.09
292.13
292.38
292.57
292.80
292.85
293.09
293.19
293.54
293.91
293.92
293.92
293.94
294.25
294.38
294.54
294.62
294.72
294.87
294.89
295.02
295.13
295.16
295.21
295.27
295.47
295.64
295.79
295.88
296.05
296.16
296.23
296.26
296.40
296.47
296.63
296.63
296.86
296.91
297.66
297.72
297.79
297.93
297.94
297.96
298.00
298.09
298.17
298.34
298.45
298.61
298.80
298.83
298.97
299.29
299.36
299.42
299.43
299.88
300.04
300.14
300.48
300.52
300.63
300.89
300.90
300.92
301.01
301.09
301.31
301.35
301.43
301.47
301.64
301.84
302.00
302.16
302.20
302.31
302.32
302.48
302.64
303.02
303.26
303.31
303.62
303.64
303.84
303.86
304.06
304.28
304.42
304.60
304.63
304.75
304.83
304.90
304.96
305.08
305.26
305.27
305.39
305.43
305.44
305.52
305.62
305.67
305.70
306.00
306.23
306.43
306.49
306.52
307.14
307.42
307.48
307.51
307.53
307.55
307.88
308.35
308.43
308.45
309.34
309.55
309.56
309.57
309.73
309.79
309.90
310.09
310.18
310.28
310.59
310.76
310.90
311.18
311.20
311.27
311.30
311.52
311.52
311.58
311.82
311.84
312.19
312.25
312.29
312.45
312.55
312.69
312.76
312.82
313.05
313.10
313.49
313.93
313.98
314.64
314.80
314.89
314.91
315.21
315.22
315.27
315.37
315.39
315.53
315.77
315.79
315.82
315.85
316.02
316.06
316.34
316.39
316.50
316.75
316.78
316.79
316.83
316.86
317.01
317.06
317.08
317.12
317.17
317.23
317.41
317.50
317.76
317.94
318.28
318.35
318.74
318.88
319.15
319.40
319.52
319.57
319.58
319.58
319.87
319.90
319.91
320.12
320.25
320.28
320.31
320.34
320.36
320.64
320.79
320.92
321.04
321.12
321.15
321.20
321.24
321.44
321.63
321.73
321.96
322.10
322.27
322.34
322.38
322.59
322.63
322.73
322.77
322.86
323.09
323.13
323.34
323.94
324.12
324.46
324.57
324.60
324.79
324.89
325.06
325.52
326.33
326.34
326.37
326.46
326.77
326.89
327.27
327.33
327.39
327.57
327.58
327.60
327.87
327.99
328.07
328.14
328.19
328.22
328.27
328.37
328.46
328.59
328.84
329.15
329.36
329.37
329.40
329.50
329.91
330.60
330.63
330.79
330.90
330.92
331.44
331.46
331.55
331.59
331.63
331.97
332.17
332.18
332.29
332.42
332.53
332.78
332.82
333.31
333.47
333.47
333.62
333.77
333.86
334.11
334.85
335.08
335.11
335.13
335.26
335.26
335.62
335.74
335.91
336.88
336.98
336.98
337.07
337.10
337.23
337.26
337.51
337.62
337.66
337.74
338.20
338.37
338.55
338.63
339.19
339.63
339.69
339.79
340.25
340.27
340.35
340.36
340.51
340.82
340.83
340.92
340.92
341.06
341.20
341.52
341.86
342.03
342.31
342.40
342.51
342.59
342.71
342.85
342.87
343.19
343.24
343.72
344.19
344.41
344.90
345.18
345.25
345.53
345.58
345.67
345.88
345.92
345.98
346.05
346.10
346.10
346.19
346.34
346.38
346.45
346.82
347.07
347.34
347.52
347.56
347.75
347.86
347.94
348.20
348.46
348.47
348.54
348.55
348.56
348.93
349.07
349.09
349.20
349.53
349.58
349.65
349.69
349.84
350.07
350.24
350.34
351.04
351.07
351.56
351.60
351.66
351.78
351.91
351.97
352.27
352.68
352.71
352.98
352.99
353.25
353.27
353.38
353.45
353.81
353.86
353.90
353.97
354.19
354.28
354.40
354.43
354.48
354.75
354.82
354.91
354.98
355.18
355.39
355.42
355.70
355.76
356.02
356.15
356.70
356.80
356.98
357.26
357.26
357.67
357.72
357.74
357.77
357.95
358.21
358.44
358.82
359.08
359.37
359.42
359.44
359.65
359.82
360.11
360.16
360.34
360.47
360.70
360.78
361.37
361.53
361.62
361.66
361.66
361.71
361.74
361.85
361.87
361.92
362.01
362.37
362.43
362.56
362.56
362.60
362.82
362.92
362.96
363.45
363.78
364.03
364.10
364.28
364.34
364.43
364.53
364.54
364.60
364.72
364.77
365.02
365.03
365.18
365.21
365.30
365.46
365.71
365.98
366.18
366.41
366.52
366.71
367.03
367.13
367.27
367.36
367.61
367.72
367.73
367.79
367.83
367.91
368.02
368.42
368.53
368.77
369.08
369.24
369.52
369.67
369.87
370.05
370.29
370.30
370.53
370.61
370.61
370.98
371.15
371.24
371.35
371.65
371.66
371.77
371.83
371.92
372.17
372.17
372.52
372.65
372.69
373.16
373.36
373.38
373.52
373.67
373.82
374.25
374.44
374.56
374.71
374.95
375.05
375.18
375.34
375.38
375.52
375.61
375.73
376.00
376.05
376.10
376.22
376.30
376.42
376.73
376.73
376.76
376.79
376.87
377.02
377.13
377.13
377.15
377.20
377.24
377.26
377.49
377.68
378.00
378.29
378.39
378.56
378.91
378.93
379.28
379.41
379.58
379.61
379.67
379.95
380.01
380.06
380.08
380.46
380.97
380.99
381.14
381.23
381.29
381.61
381.68
381.73
382.13
382.32
382.44
382.49
382.50
382.88
382.97
383.08
383.28
383.59
383.89
384.02
384.06
384.56
384.69
385.03
385.22
385.48
385.57
385.64
385.86
386.24
386.32
386.44
386.49
386.71
386.73
387.16
387.27
387.71
387.77
388.22
388.26
388.39
388.57
388.70
388.71
388.98
388.99
389.51
389.58
389.69
389.72
389.96
389.98
390.01
390.07
390.25
390.63
390.77
390.85
391.14
391.91
392.62
392.72
393.11
393.16
393.22
393.61
394.15
394.38
394.40
394.58
394.61
394.65
394.80
394.81
394.84
394.93
394.94
395.60
395.62
395.85
396.07
396.35
396.84
397.00
397.01
397.02
397.04
397.57
397.65
397.73
397.80
397.82
398.57
399.45
399.50
399.52
399.71
399.74
399.74
400.16
400.32
400.57
400.67
400.70
401.02
401.36
401.38
401.60
401.81
401.84
402.20
402.74
402.77
403.07
403.59
403.79
403.92
404.10
404.54
404.57
404.60
404.60
404.62
404.68
404.83
405.07
405.38
405.71
406.09
406.14
406.28
406.49
406.54
406.63
407.05
407.24
407.54
407.80
407.90
408.11
408.17
408.26
408.36
408.39
408.50
408.63
408.69
409.06
409.25
409.34
409.55
409.59
410.06
410.16
410.16
410.39
410.42
410.74
411.12
411.20
411.33
411.37
411.40
411.64
411.64
411.93
412.06
412.14
412.27
412.42
412.45
412.49
412.49
412.54
412.70
412.83
413.05
413.43
413.68
413.72
413.83
413.97
414.24
414.48
414.53
414.66
414.72
414.82
414.94
415.12
415.64
415.64
415.72
415.93
416.09
416.38
416.52
416.78
416.92
417.18
417.29
417.97
418.03
418.28
418.31
418.33
418.45
418.47
418.88
418.90
418.93
419.07
419.23
419.36
419.74
419.78
419.90
420.01
420.07
420.13
420.61
420.66
420.68
420.75
420.92
420.99
421.01
421.22
421.29
421.44
421.71
421.75
422.31
422.49
422.69
422.95
422.96
423.42
423.44
423.58
423.85
423.92
424.03
424.27
424.27
424.75
424.97
425.07
425.18
425.21
425.22
425.34
425.41
425.43
425.45
425.48
425.59
426.07
426.79
426.84
427.50
427.61
427.64
427.76
428.05
428.12
428.24
428.81
428.91
429.05
429.06
429.75
430.10
430.25
430.42
430.43
430.89
430.90
430.94
431.43
431.69
432.05
432.13
432.34
432.46
432.55
432.68
432.74
432.75
432.79
433.17
433.39
433.41
433.66
433.77
434.06
434.28
434.51
434.80
434.91
435.22
435.38
435.46
436.09
436.43
436.65
436.83
436.85
436.91
436.91
437.02
437.19
437.24
437.25
437.75
438.59
438.77
439.27
439.29
439.86
439.90
439.93
439.97
440.02
440.20
440.42
440.44
440.48
440.54
440.92
440.93
441.46
441.51
441.58
441.79
441.85
442.34
442.36
442.47
442.47
442.52
442.54
442.56
442.71
442.84
442.94
443.27
443.50
443.50
443.68
443.74
444.06
444.26
444.81
444.82
444.84
444.98
445.01
445.21
445.22
445.36
445.42
445.47
445.60
445.64
445.71
445.85
446.01
446.03
446.15
446.23
446.54
446.68
446.99
447.16
447.17
447.32
447.46
447.73
447.76
447.77
447.87
447.89
447.94
447.97
448.54
448.67
448.92
449.31
449.64
449.73
449.95
449.99
450.04
450.20
450.81
450.93
451.12
451.52
451.56
451.63
451.85
452.52
452.82
453.05
453.38
453.46
453.65
454.17
454.17
454.24
454.30
454.44
454.71
454.95
455.16
455.23
455.61
455.82
455.89
455.99
456.24
456.70
456.93
457.21
457.24
457.28
457.65
457.86
457.89
457.90
458.13
458.18
458.55
458.61
458.63
459.66
459.68
459.98
460.17
460.25
460.51
461.18
461.18
461.29
461.35
461.69
462.27
462.89
463.19
463.46
463.55
463.67
463.69
463.80
464.01
464.20
464.21
464.49
465.06
465.36
465.47
466.05
466.28
466.80
466.84
466.88
467.01
467.04
467.27
467.53
467.75
467.81
467.81
467.85
468.03
468.27
468.28
468.57
469.10
469.63
469.87
469.90
470.00
470.29
470.40
470.43
470.55
470.61
470.96
471.66
471.67
471.80
472.17
472.22
472.26
472.26
472.27
472.51
473.08
474.03
474.26
474.32
474.32
474.74
474.90
475.01
475.44
475.64
475.64
475.73
475.82
475.94
476.11
476.53
476.68
476.79
477.00
477.29
477.58
477.62
477.68
477.96
478.04
478.12
478.14
478.21
478.95
479.22
480.13
480.21
480.31
480.34
480.57
480.70
480.71
480.73
480.84
480.90
480.92
480.96
480.98
481.00
481.19
481.24
481.99
482.03
482.80
482.94
483.42
484.18
484.38
484.42
484.50
484.71
484.78
484.88
485.08
485.08
485.11
485.14
485.14
485.27
485.31
485.37
485.60
485.62
485.77
485.78
485.82
485.82
486.22
486.57
486.62
486.63
486.63
486.67
486.74
486.95
487.19
487.67
487.71
487.77
487.81
487.83
487.84
487.98
488.45
488.64
488.79
489.09
489.31
489.42
489.55
489.63
489.68
489.77
490.05
490.18
490.42
490.54
490.59
490.69
490.89
491.29
491.30
491.94
492.20
492.31
492.50
492.94
492.97
493.73
494.05
494.53
495.12
495.27
495.66
495.80
496.12
496.26
496.28
496.42
496.45
496.49
496.61
496.79
496.82
496.98
497.06
497.14
497.20
497.39
497.39
497.45
498.02
498.28
498.40
498.42
498.52
498.62
498.67
498.74
498.77
499.21
499.30
499.42
499.48
499.50
499.61
499.89
500.30
501.12
501.26
501.30
501.51
501.63
501.82
501.99
502.12
502.21
502.54
502.66
502.77
502.89
503.00
503.11
503.31
503.46
504.21
504.59
504.64
504.84
504.99
505.00
505.57
505.87
505.89
506.06
506.87
506.96
507.23
507.34
507.35
507.51
507.75
507.76
507.96
507.97
508.18
508.36
508.44
508.63
508.73
508.89
508.97
509.11
509.15
509.17
509.26
509.30
509.32
509.60
509.94
510.03
510.13
510.24
510.35
510.48
510.59
511.14
511.17
511.34
511.72
512.28
512.33
512.47
512.82
512.83
512.87
512.87
512.91
513.08
513.25
513.36
513.57
513.60
513.78
513.91
513.95
514.05
514.37
514.41
514.44
514.56
514.81
514.99
515.38
515.47
515.60
515.71
516.47
516.81
517.18
517.26
517.32
517.67
518.11
518.54
518.62
519.08
519.15
519.23
519.40
519.62
519.94
519.95
520.44
520.68
520.72
520.80
520.82
521.01
521.11
521.27
521.39
521.89
522.02
522.27
522.43
522.57
522.96
523.12
523.34
523.38
523.42
523.76
524.34
524.36
524.44
524.53
524.64
524.78
524.89
525.04
525.19
525.49
525.73
525.94
525.99
526.09
526.51
526.83
526.83
527.12
527.19
527.33
527.38
527.49
527.61
527.78
527.98
528.15
528.73
528.98
529.01
529.11
529.15
529.15
529.24
529.48
529.75
529.83
530.12
530.37
530.40
530.41
530.52
530.67
530.86
531.14
531.62
531.92
531.96
532.20
532.29
532.34
532.36
532.53
532.56
533.03
533.24
533.29
533.64
533.79
533.92
534.07
534.31
534.42
534.68
535.20
535.44
535.46
535.74
535.93
536.23
536.29
536.50
536.76
536.84
536.93
536.98
536.99
537.05
537.43
537.72
537.79
538.03
538.18
538.19
538.62
538.62
538.65
538.80
538.82
538.84
538.93
539.10
539.13
539.17
539.36
539.67
539.78
540.14
540.23
540.49
540.63
540.68
540.72
540.78
540.81
541.02
541.10
542.09
542.17
542.91
543.71
543.76
543.90
544.05
544.07
544.10
544.36
544.67
544.68
544.86
544.88
544.91
545.18
545.84
546.10
546.91
547.43
547.44
547.80
548.05
548.14
548.21
548.43
549.13
549.40
549.64
549.79
549.91
550.09
550.30
550.31
550.60
551.01
551.05
551.08
551.50
552.17
552.23
552.41
552.44
552.58
552.78
552.79
552.97
553.28
553.41
553.79
553.88
554.08
554.17
554.21
554.27
554.29
554.96
555.35
555.44
555.69
555.80
555.97
556.52
556.65
556.66
556.93
557.42
558.11
558.11
558.14
558.18
558.36
558.63
558.89
559.03
559.18
559.41
559.55
559.84
561.38
562.87
563.03
563.35
563.40
563.42
563.65
563.67
563.95
564.38
564.46
564.70
564.71
564.88
565.74
565.91
566.45
566.76
566.85
567.03
567.14
567.23
567.50
567.59
567.76
567.76
568.22
568.81
569.25
569.38
569.60
570.07
570.09
570.11
570.24
570.25
570.44
570.46
570.53
570.88
570.90
570.99
571.10
571.22
571.88
572.08
572.24
572.29
572.34
572.54
572.92
572.94
573.35
573.37
573.39
573.67
573.82
573.86
574.39
574.58
575.11
575.19
575.27
575.40
575.46
575.80
575.82
576.03
576.16
576.31
576.33
576.42
576.64
577.03
577.14
577.56
577.58
577.98
578.19
578.28
578.48
578.96
579.16
579.18
579.18
579.42
579.45
579.48
579.62
579.64
580.34
580.70
580.81
581.02
581.17
582.02
582.32
582.47
583.18
584.02
584.03
584.05
584.23
584.31
584.36
584.41
584.53
584.89
585.16
585.49
585.58
585.58
585.79
585.83
585.86
586.41
586.53
587.13
587.15
587.20
587.26
587.83
588.04
588.46
588.88
589.45
589.47
589.58
589.65
589.76
589.85
590.11
590.13
590.26
590.27
590.88
590.88
590.96
591.25
591.26
591.88
592.13
592.38
592.50
592.63
592.72
592.73
593.21
593.26
593.67
594.09
594.36
594.68
594.72
594.84
595.06
595.08
595.10
595.28
595.55
595.66
595.95
595.97
596.24
596.25
596.41
596.79
596.81
597.19
597.39
597.50
597.59
598.05
598.16
598.19
598.38
598.52
599.08
599.47
599.54
599.61
600.15
600.24
600.41
600.89
601.07
601.11
601.47
601.51
601.86
602.24
602.67
602.77
602.94
603.44
603.56
603.60
603.70
603.81
603.86
603.88
604.28
604.53
604.55
604.70
604.72
604.85
604.98
605.93
606.39
606.46
606.81
607.40
608.36
608.67
608.71
608.94
609.33
609.64
610.57
610.84
611.13
611.27
611.27
612.23
612.26
612.34
612.89
613.41
613.47
614.07
614.38
614.88
614.92
615.15
615.25
615.41
615.50
615.80
615.88
615.97
616.61
616.64
616.67
616.71
616.95
617.21
617.21
617.24
617.47
617.90
618.20
618.98
619.48
619.59
619.96
620.44
620.46
620.89
621.03
621.15
621.66
621.69
621.77
622.12
622.51
622.68
622.74
623.23
623.63
623.93
623.96
623.98
624.19
624.44
624.56
624.66
625.13
625.42
625.46
626.05
626.28
626.33
626.40
627.19
627.52
627.68
627.77
627.90
628.03
628.06
628.62
629.02
629.11
629.33
629.64
629.88
629.97
630.36
630.38
630.60
630.66
630.78
631.18
631.50
631.54
631.65
631.69
632.10
632.11
632.50
632.56
632.66
632.97
633.90
634.07
634.23
634.26
634.40
634.59
634.78
634.90
635.00
635.52
635.66
635.74
635.90
636.61
636.65
636.76
636.94
637.04
637.21
637.57
637.63
637.92
638.48
638.64
638.89
639.33
639.37
639.72
639.98
640.58
640.66
641.09
641.25
641.66
641.67
641.77
642.54
642.93
643.27
643.55
644.02
644.32
644.46
644.80
644.99
645.12
645.36
645.64
645.88
646.13
646.13
646.19
646.43
646.46
646.52
647.18
647.47
647.67
647.72
647.95
648.05
648.13
648.28
648.30
648.68
648.71
648.74
649.08
650.62
651.11
651.83
651.88
652.63
653.25
653.25
653.34
653.73
653.85
653.93
654.12
654.12
654.15
654.16
654.19
654.25
654.29
654.68
655.05
655.14
655.26
655.46
655.50
655.72
656.39
656.40
656.88
656.89
656.97
657.03
657.03
657.76
657.80
658.06
658.55
658.73
659.39
659.50
659.96
660.15
660.18
660.35
661.30
661.55
661.73
662.25
662.31
662.77
663.63
664.14
665.06
665.06
665.60
665.71
665.88
665.98
666.02
666.11
666.13
666.24
666.69
666.94
667.18
667.43
668.36
668.45
668.74
668.88
669.06
669.41
669.50
669.78
669.93
670.37
670.39
670.64
671.10
671.62
671.63
671.70
671.76
671.91
672.05
672.18
672.22
672.52
672.71
672.95
673.03
673.09
673.23
673.26
673.38
673.40
673.44
673.44
673.50
673.68
673.81
673.84
673.88
674.16
674.22
674.22
674.41
674.81
675.81
675.96
676.03
676.48
677.90
678.31
678.32
679.14
679.58
679.70
679.80
680.02
680.03
680.39
681.00
681.38
681.74
682.00
682.52
682.60
682.82
683.10
683.17
683.19
683.43
684.17
684.45
684.45
685.42
685.59
685.65
685.72
685.87
686.23
686.93
686.95
687.44
687.65
687.76
687.83
687.87
688.61
688.67
688.74
688.80
688.82
689.03
689.21
689.64
689.76
689.86
689.91
689.98
689.99
690.41
690.45
690.46
691.20
691.68
692.18
692.27
692.34
692.51
692.69
692.95
693.56
693.62
694.00
694.68
695.40
695.62
695.91
696.04
696.07
696.13
696.35
696.51
696.61
696.88
697.32
697.61
697.71
697.90
699.23
699.43
699.53
700.28
700.53
700.70
700.70
700.78
700.91
701.01
701.18
701.38
701.59
701.75
701.75
701.88
702.29
702.77
703.06
703.21
703.37
703.61
703.66
703.67
703.69
703.91
704.14
704.16
704.78
704.97
705.48
705.77
706.06
706.62
706.67
706.82
707.17
707.20
708.16
709.01
709.15
709.23
709.60
710.09
710.77
710.83
710.97
711.33
711.37
711.52
711.60
711.60
712.07
712.11
712.51
712.99
713.59
713.98
714.00
714.02
714.34
714.77
714.83
714.89
714.99
715.60
715.93
716.08
716.27
716.64
716.83
716.90
717.18
717.30
717.35
717.35
717.49
717.96
717.98
718.54
718.81
719.06
719.43
719.71
719.90
720.25
720.50
720.50
720.58
720.98
721.15
722.89
723.38
723.47
723.50
723.77
723.85
724.37
724.39
724.40
724.87
724.91
724.98
725.21
725.44
725.47
726.37
726.60
727.64
727.71
728.36
728.55
728.91
728.98
729.30
729.69
729.86
730.84
731.15
731.68
731.70
731.75
731.98
732.06
732.39
732.46
732.48
732.89
732.99
733.32
733.62
733.63
733.68
734.59
734.85
734.90
736.03
736.19
736.21
736.64
736.94
737.45
737.46
737.55
737.74
737.76
737.86
737.88
737.91
738.20
739.05
739.48
739.55
739.99
740.43
741.29
741.80
742.04
742.22
742.34
742.40
742.54
742.71
742.79
742.90
743.40
743.72
743.80
743.88
743.93
744.04
744.70
745.02
745.21
745.22
745.58
745.87
746.15
746.74
747.54
747.62
747.71
748.19
748.25
748.63
749.07
749.25
749.30
749.56
749.63
749.98
750.52
750.61
751.47
751.81
751.82
752.20
752.47
752.75
753.36
753.47
753.55
753.65
753.72
753.88
754.34
754.35
754.71
754.76
754.91
755.05
755.49
755.64
756.08
756.16
756.27
756.34
756.38
756.68
756.76
757.37
757.45
758.06
758.39
758.45
758.64
758.67
758.77
758.90
759.05
759.78
760.20
760.47
761.04
761.14
761.45
761.47
761.65
761.69
762.06
762.22
762.72
762.98
763.24
763.45
763.58
764.28
764.52
764.62
765.29
765.29
766.01
766.91
767.48
768.07
768.38
768.59
768.68
768.85
769.24
769.38
769.80
769.98
770.05
771.10
771.84
772.77
773.01
773.47
773.56
773.64
773.85
773.94
773.97
774.00
774.27
774.32
774.46
774.83
774.88
775.01
775.74
775.78
776.06
776.12
777.00
777.06
777.35
777.98
779.12
779.29
779.32
779.43
779.70
780.07
780.21
780.50
781.18
781.36
781.42
781.68
782.09
782.11
782.43
782.61
782.68
782.75
783.46
783.61
784.13
784.24
784.28
784.95
784.98
784.99
785.23
785.27
785.32
785.41
786.48
786.55
787.49
787.61
787.68
787.70
787.71
787.87
788.02
788.46
788.56
788.67
788.68
788.82
788.99
788.99
789.00
789.34
789.35
789.37
789.52
789.84
789.91
790.51
790.68
790.71
790.73
791.24
791.32
791.49
791.61
791.68
792.50
792.54
792.73
792.90
793.46
794.47
794.62
794.62
794.95
794.99
795.11
795.35
796.02
796.11
796.16
796.43
797.16
797.18
797.86
799.19
799.50
799.88
799.90
800.14
800.31
800.44
800.73
800.79
800.81
801.09
801.76
801.78
801.88
801.96
802.20
802.37
802.54
802.71
802.84
803.14
803.19
803.41
803.70
803.72
803.85
804.70
804.97
805.10
805.65
806.05
806.35
806.88
807.01
807.03
807.08
807.22
807.30
807.53
807.57
807.77
807.92
808.23
808.79
808.91
809.29
809.69
809.77
810.20
810.33
810.63
810.82
811.54
811.59
812.19
812.21
812.71
812.75
813.04
813.13
813.19
813.54
813.81
813.93
814.12
814.34
814.42
814.48
814.58
814.69
814.87
814.91
815.02
815.36
815.72
815.90
816.24
816.67
816.71
816.93
817.36
817.96
818.16
818.30
818.44
818.66
818.68
818.77
819.06
819.27
819.66
819.80
819.86
820.20
820.27
820.73
820.97
821.09
821.24
821.75
822.03
822.28
822.52
823.90
824.09
824.12
825.62
825.73
825.80
826.78
826.84
827.13
827.90
828.41
828.60
828.70
829.09
829.12
829.20
829.34
829.41
829.99
830.08
830.13
830.40
830.81
831.10
831.51
832.01
832.03
833.13
833.21
833.60
834.29
834.43
834.51
834.71
834.75
835.01
835.04
835.17
835.54
835.69
835.74
835.97
836.11
836.43
836.55
836.63
836.64
836.66
837.05
837.21
837.31
837.33
837.51
837.64
838.74
838.90
838.91
838.98
840.19
840.38
840.40
841.27
841.43
841.66
841.67
841.70
841.82
842.00
842.60
842.78
842.78
842.93
843.06
843.37
843.38
843.45
843.50
843.74
843.76
844.05
844.10
844.22
844.90
845.06
845.70
846.15
846.51
846.95
847.31
847.69
847.93
847.97
848.37
848.42
848.87
848.96
849.17
849.24
849.31
849.77
849.88
849.95
850.02
850.34
850.59
851.42
851.72
851.84
851.88
852.60
852.60
853.15
853.33
853.36
853.55
854.20
854.24
854.25
854.25
854.54
854.55
855.19
855.31
856.65
857.54
857.54
858.74
858.97
859.41
859.50
859.71
861.41
861.97
862.28
862.38
862.52
862.77
862.80
862.94
863.01
863.01
863.42
863.44
864.00
864.36
864.49
864.84
865.00
865.34
865.45
866.61
866.80
866.97
867.16
867.34
867.40
868.03
868.40
868.54
868.70
869.17
869.31
869.80
869.93
870.61
870.64
871.10
871.26
871.70
871.73
871.75
872.26
872.43
872.65
872.73
873.02
873.40
873.49
873.55
873.88
873.93
874.12
874.19
874.43
874.50
875.07
875.20
875.87
876.02
876.26
876.96
877.15
877.26
877.33
877.58
877.62
877.66
878.32
879.00
879.63
879.68
880.10
880.55
880.97
881.31
881.63
881.74
881.74
882.14
882.33
882.62
883.44
883.76
883.81
884.29
884.68
886.14
886.34
886.68
887.33
888.55
889.04
889.29
889.90
890.00
891.16
891.44
891.59
891.87
891.93
892.49
893.04
893.12
893.50
893.91
894.04
894.14
894.26
894.73
894.85
895.00
895.19
895.83
896.06
896.27
896.54
896.76
897.09
897.42
897.50
897.78
897.80
897.85
898.65
899.02
899.25
899.60
899.68
900.35
900.39
900.77
900.84
900.93
901.73
902.01
902.40
903.08
903.55
903.67
904.44
904.59
904.69
904.90
905.70
905.81
905.82
905.89
906.39
906.64
907.04
907.22
907.95
908.15
909.20
909.30
909.37
909.40
909.51
910.10
910.34
910.75
910.82
911.84
912.40
912.44
912.51
912.62
912.70
913.70
913.79
913.96
914.09
914.77
914.88
914.90
916.16
916.37
917.17
917.18
917.29
917.42
917.92
918.18
918.41
919.29
919.80
919.96
920.55
920.71
922.12
922.90
924.70
924.80
925.10
925.27
927.03
927.06
927.15
927.17
927.22
927.37
928.21
928.25
928.28
928.62
928.68
928.76
929.02
929.22
929.46
929.86
930.11
930.15
930.16
930.33
931.06
931.60
931.71
932.34
932.55
932.55
933.49
933.53
934.19
934.49
934.52
934.56
934.75
935.71
935.81
936.06
936.51
936.89
937.60
937.71
938.17
938.24
938.74
938.95
938.96
939.56
939.61
939.62
939.67
940.12
940.20
940.51
940.76
941.20
941.47
941.67
942.92
943.15
943.30
943.88
944.50
944.66
945.14
945.26
945.31
945.71
945.74
945.88
946.10
947.29
947.50
947.75
948.18
948.20
948.61
949.01
949.05
949.25
949.40
950.59
950.73
950.93
951.04
951.52
951.65
951.72
952.15
952.40
952.61
952.89
955.04
955.21
955.70
956.75
957.60
958.12
958.26
958.31
958.53
958.71
958.72
959.42
959.59
959.89
960.35
960.46
960.78
961.33
961.58
962.01
962.10
962.91
962.97
964.26
964.97
965.02
965.27
965.60
965.98
966.14
966.77
967.02
967.75
967.76
968.00
968.04
969.66
969.90
970.97
971.31
971.50
972.29
972.64
972.86
973.09
973.49
974.13
974.15
974.33
974.53
974.75
975.21
975.22
975.97
976.79
977.94
978.14
978.68
978.81
979.42
979.88
979.93
980.22
980.56
981.13
981.68
982.05
982.25
982.52
983.32
983.59
983.70
984.16
984.40
984.40
984.72
985.02
985.03
985.35
985.41
985.53
985.65
986.41
986.73
986.84
986.88
987.09
987.23
987.36
988.26
988.98
989.31
989.37
989.71
990.10
990.18
990.47
990.52
990.72
990.77
991.41
991.60
991.76
992.16
993.16
993.19
994.17
995.57
995.69
995.92
998.04
998.05
998.34
998.78
999.05
999.09
999.29
1002.32
1002.40
1002.48
1002.49
1003.22
1003.24
1003.31
1003.38
1003.48
1003.74
1003.88
1004.37
1005.63
1006.40
1006.61
1006.78
1006.87
1007.29
1007.43
1008.01
1008.16
1008.29
1008.84
1008.89
1009.48
1009.74
1010.36
1010.87
1012.01
1012.03
1012.28
1012.36
1013.22
1014.23
1014.33
1014.80
1015.25
1015.56
1015.83
1016.91
1016.93
1017.80
1017.94
1018.30
1018.87
1019.49
1019.75
1021.20
1021.27
1021.63
1022.88
1022.97
1023.40
1023.56
1024.49
1025.08
1025.16
1025.60
1025.79
1026.00
1026.33
1026.38
1026.42
1026.85
1027.50
1027.92
1027.92
1028.12
1028.52
1029.33
1029.39
1029.98
1030.56
1030.57
1031.89
1031.97
1031.97
1032.65
1033.44
1034.05
1035.08
1035.43
1035.52
1035.53
1036.06
1036.43
1037.76
1037.85
1038.58
1038.72
1039.10
1039.29
1039.33
1039.41
1039.52
1039.70
1040.13
1042.10
1042.26
1042.98
1043.16
1043.53
1044.29
1044.37
1044.77
1045.12
1045.14
1045.16
1045.22
1046.53
1046.56
1046.82
1046.88
1046.88
1047.07
1047.24
1047.30
1047.46
1048.39
1048.79
1048.99
1049.65
1049.73
1049.92
1050.00
1050.02
1050.52
1051.42
1051.59
1051.90
1052.49
1053.37
1053.46
1053.53
1053.58
1053.72
1054.34
1055.03
1055.21
1055.71
1055.88
1055.99
1056.20
1056.53
1056.71
1056.81
1057.04
1057.26
1057.60
1057.67
1057.71
1058.07
1058.11
1058.32
1058.38
1059.24
1059.52
1060.02
1061.15
1061.19
1061.67
1061.80
1062.25
1062.33
1062.89
1062.96
1063.18
1063.55
1063.69
1064.09
1065.38
1065.53
1065.59
1066.23
1067.06
1067.24
1067.42
1068.54
1070.89
1070.93
1070.96
1071.11
1071.18
1071.24
1071.24
1071.47
1071.66
1071.66
1071.69
1071.83
1071.95
1073.35
1073.55
1074.45
1075.51
1076.12
1076.18
1076.95
1077.02
1077.98
1078.04
1078.17
1078.40
1079.49
1080.34
1080.61
1080.77
1081.15
1081.41
1083.49
1084.25
1084.60
1085.24
1085.66
1086.14
1086.57
1087.26
1087.28
1088.44
1088.59
1088.78
1089.42
1089.42
1089.73
1090.70
1090.75
1090.77
1090.88
1091.39
1091.55
1091.98
1092.83
1093.00
1093.88
1093.89
1094.45
1096.21
1096.50
1096.74
1097.36
1097.40
1097.53
1097.79
1098.39
1098.49
1098.58
1098.72
1099.28
1099.39
1099.49
1099.65
1099.74
1099.79
1100.18
1100.42
1100.84
1100.96
1101.33
1101.78
1101.91
1101.96
1102.20
1102.32
1102.42
1102.52
1103.48
1103.48
1103.94
1104.40
1104.60
1105.10
1105.13
1105.41
1105.46
1105.46
1105.49
1105.66
1105.90
1106.59
1107.22
1107.54
1108.32
1108.35
1108.93
1109.60
1110.48
1111.15
1111.37
1111.55
1111.79
1111.87
1112.24
1112.55
1112.80
1113.68
1114.36
1114.64
1114.95
1114.96
1115.45
1115.67
1116.46
1116.72
1116.84
1117.88
1118.85
1119.20
1119.72
1120.15
1120.74
1120.79
1122.61
1123.23
1123.34
1123.56
1123.86
1123.91
1124.55
1124.82
1126.09
1126.14
1126.50
1127.06
1127.83
1128.23
1129.54
1129.98
1130.01
1130.36
1131.76
1132.06
1132.17
1132.32
1132.49
1132.66
1134.34
1134.38
1134.43
1134.55
1135.31
1135.32
1136.33
1136.34
1137.33
1137.40
1137.55
1138.53
1139.35
1139.56
1140.13
1140.27
1140.33
1140.47
1140.69
1140.88
1140.93
1141.83
1142.32
1142.77
1143.63
1144.50
1144.59
1145.00
1145.14
1145.14
1145.19
1145.32
1145.40
1146.04
1146.29
1146.35
1147.15
1147.31
1147.96
1148.33
1148.59
1148.69
1149.02
1149.08
1149.20
1149.33
1149.87
1150.50
1151.24
1151.34
1151.99
1152.17
1152.72
1153.30
1153.64
1153.79
1153.90
1154.33
1154.94
1155.04
1155.31
1155.52
1155.54
1157.13
1157.21
1157.33
1158.52
1158.57
1160.20
1160.29
1160.30
1160.32
1160.76
1161.28
1161.64
1162.66
1163.06
1163.26
1163.31
1163.62
1163.63
1163.63
1163.64
1164.05
1164.36
1164.44
1164.79
1165.43
1165.48
1165.56
1165.70
1165.70
1166.26
1166.79
1166.82
1168.37
1168.46
1168.46
1168.60
1168.83
1169.08
1169.37
1169.74
1171.27
1171.51
1172.50
1172.78
1173.38
1173.39
1173.95
1174.09
1174.09
1175.63
1176.28
1176.43
1178.06
1178.22
1178.36
1178.65
1178.71
1179.07
1179.49
1179.84
1179.90
1180.33
1180.73
1181.34
1181.35
1181.89
1182.29
1183.08
1183.48
1183.50
1183.63
1184.05
1184.85
1184.96
1187.28
1187.85
1189.81
1190.15
1190.36
1190.64
1190.98
1191.05
1191.48
1192.16
1194.15
1194.22
1195.19
1195.65
1196.56
1196.76
1196.87
1197.20
1197.37
1197.52
1199.15
1199.21
1199.36
1199.86
1200.79
1201.10
1201.33
1201.46
1201.71
1202.11
1202.36
1203.11
1203.17
1203.89
1203.96
1204.66
1205.16
1205.25
1206.07
1206.53
1206.58
1206.97
1206.99
1207.10
1207.48
1207.53
1207.85
1208.08
1209.14
1209.19
1209.39
1210.62
1212.35
1213.32
1213.35
1213.85
1213.93
1214.12
1214.40
1214.50
1214.73
1215.07
1215.49
1215.87
1215.94
1216.44
1217.35
1217.73
1218.07
1219.07
1220.42
1221.13
1221.57
1222.12
1222.20
1222.90
1222.92
1222.98
1223.24
1223.86
1224.10
1224.19
1224.45
1225.87
1225.94
1226.43
1226.96
1227.01
1227.03
1227.53
1228.65
1228.69
1229.18
1229.42
1229.96
1230.16
1230.36
1230.52
1230.68
1230.72
1230.78
1231.00
1231.04
1231.64
1231.71
1231.80
1232.56
1234.03
1235.45
1235.58
1236.38
1236.76
1236.84
1236.86
1237.85
1238.85
1239.01
1241.25
1241.99
1242.11
1242.83
1242.94
1244.00
1244.04
1244.56
1245.23
1245.30
1245.35
1246.48
1246.89
1246.93
1247.43
1247.60
1248.16
1248.33
1248.59
1249.02
1249.37
1249.56
1250.05
1250.41
1252.25
1253.52
1254.04
1254.29
1255.02
1255.16
1255.31
1255.86
1255.89
1256.37
1256.61
1256.83
1256.96
1257.06
1257.43
1258.68
1259.35
1259.36
1259.51
1259.95
1259.96
1260.34
1260.37
1260.89
1261.28
1261.38
1261.77
1261.98
1262.03
1262.69
1262.80
1264.00
1264.02
1264.67
1264.69
1265.12
1265.33
1266.18
1266.84
1267.91
1268.37
1268.94
1269.18
1269.33
1270.14
1270.76
1270.98
1271.89
1272.22
1272.30
1272.52
1273.41
1274.48
1275.11
1275.38
1275.46
1276.38
1278.26
1278.51
1279.18
1279.83
1281.09
1282.73
1282.78
1283.13
1283.49
1283.61
1283.92
1284.27
1284.38
1284.56
1285.17
1286.65
1287.52
1287.90
1288.46
1289.29
1289.64
1290.31
1290.42
1290.44
1290.88
1291.32
1291.40
1293.13
1293.27
1294.96
1295.75
1296.30
1296.39
1296.41
1296.44
1296.69
1297.20
1297.66
1298.28
1298.79
1300.47
1300.60
1300.71
1302.59
1302.77
1302.78
1302.92
1303.04
1303.05
1303.23
1304.32
1304.39
1304.77
1305.49
1305.65
1305.65
1306.45
1307.26
1307.57
1307.58
1307.63
1307.81
1308.16
1308.63
1308.91
1309.52
1310.30
1310.49
1310.50
1310.63
1311.24
1311.25
1312.52
1314.95
1315.57
1315.90
1316.66
1317.18
1317.72
1318.10
1318.38
1319.75
1320.65
1320.81
1322.48
1324.04
1324.10
1324.17
1324.47
1324.89
1324.92
1325.65
1325.66
1325.79
1326.91
1327.33
1327.73
1328.04
1328.15
1328.63
1329.97
1331.20
1332.10
1332.13
1333.40
1333.65
1333.92
1334.06
1334.18
1334.96
1335.38
1337.13
1337.79
1337.97
1339.08
1339.16
1339.63
1340.58
1340.58
1341.16
1341.20
1341.23
1341.85
1342.74
1343.39
1344.77
1345.04
1345.17
1345.24
1345.28
1345.87
1346.75
1348.11
1349.39
1349.41
1352.05
1352.54
1352.54
1352.80
1353.15
1353.50
1356.16
1356.29
1356.35
1356.89
1357.95
1358.64
1359.89
1361.35
1361.52
1361.57
1362.04
1363.34
1363.54
1364.65
1364.92
1365.15
1365.26
1365.76
1366.08
1366.16
1366.67
1366.96
1367.04
1367.09
1367.35
1367.41
1368.41
1369.59
1369.63
1369.65
1369.65
1370.69
1371.79
1372.17
1373.27
1373.72
1374.52
1375.93
1377.06
1377.41
1377.65
1377.84
1377.85
1377.97
1378.50
1378.50
1378.79
1379.20
1379.50
1379.75
1379.75
1380.24
1380.29
1380.41
1381.74
1382.24
1382.32
1383.52
1383.52
1385.72
1385.94
1386.02
1388.51
1390.78
1390.80
1391.88
1392.14
1392.27
1392.50
1392.95
1393.01
1393.36
1393.57
1393.94
1394.41
1396.45
1396.75
1396.78
1397.27
1398.35
1398.95
1398.98
1399.31
1399.58
1400.23
1400.40
1400.47
1401.11
1401.55
1401.63
1402.20
1402.54
1402.92
1402.93
1403.80
1403.90
1404.10
1405.20
1405.29
1405.54
1406.29
1406.32
1406.87
1406.94
1407.07
1407.96
1408.47
1409.32
1410.16
1410.92
1410.97
1411.23
1413.18
1414.10
1414.22
1414.30
1414.52
1414.67
1416.18
1417.90
1418.07
1418.30
1418.73
1419.38
1420.10
1420.27
1420.90
1421.07
1421.11
1421.43
1421.56
1421.59
1422.05
1423.93
1423.93
1424.36
1424.54
1424.85
1425.62
1425.93
1425.96
1427.58
1428.16
1428.59
1429.59
1430.51
1430.69
1430.86
1431.87
1432.23
1432.49
1432.64
1432.94
1433.17
1433.53
1434.33
1435.38
1435.47
1436.37
1437.10
1437.77
1438.62
1439.28
1440.23
1440.28
1440.45
1440.57
1441.43
1441.49
1441.79
1443.21
1443.63
1443.79
1444.11
1444.16
1444.96
1445.27
1445.32
1445.79
1446.10
1446.23
1447.18
1447.24
1447.27
1447.57
1447.76
1448.15
1448.61
1448.93
1449.83
1450.49
1451.13
1452.53
1452.54
1453.21
1454.57
1454.98
1456.46
1457.05
1459.03
1459.43
1460.16
1460.98
1461.15
1461.44
1461.56
1462.04
1462.61
1462.69
1462.86
1464.43
1465.44
1465.58
1465.58
1465.92
1466.12
1466.39
1466.92
1467.16
1467.55
1467.85
1468.89
1469.01
1469.43
1469.82
1470.38
1470.57
1470.76
1470.78
1471.08
1471.19
1472.29
1472.36
1472.53
1472.64
1473.89
1474.70
1475.32
1475.39
1475.55
1475.94
1476.07
1476.66
1478.68
1480.76
1481.54
1482.20
1482.60
1483.68
1483.79
1484.00
1484.29
1484.85
1485.11
1485.24
1485.78
1487.89
1488.26
1489.63
1490.27
1490.64
1491.02
1491.05
1491.06
1492.86
1493.18
1493.23
1493.66
1493.71
1493.86
1494.57
1495.85
1497.76
1497.95
1498.44
1499.67
1500.48
1502.37
1502.66
1502.89
1503.00
1503.16
1503.62
1504.37
1504.45
1506.34
1506.78
1507.09
1508.17
1508.64
1509.78
1510.48
1511.15
1511.91
1513.04
1513.64
1513.68
1514.12
1514.35
1515.31
1515.90
1516.00
1517.10
1517.38
1518.96
1519.12
1520.16
1520.54
1520.62
1521.00
1522.12
1522.25
1522.31
1522.38
1522.96
1523.24
1524.28
1526.47
1527.78
1529.26
1530.21
1531.78
1532.59
1533.07
1534.07
1534.32
1536.50
1538.51
1539.21
1539.34
1540.02
1540.24
1540.27
1540.62
1541.32
1542.66
1543.36
1545.82
1548.13
1549.07
1549.89
1550.15
1550.71
1551.04
1551.23
1553.83
1554.47
1554.86
1555.06
1555.97
1556.26
1557.65
1559.20
1559.66
1560.17
1560.59
1562.82
1562.94
1564.27
1564.38
1564.43
1565.31
1566.59
1566.61
1567.29
1567.41
1567.48
1567.53
1568.10
1568.24
1569.68
1569.75
1569.92
1570.16
1571.11
1571.60
1571.67
1571.74
1571.81
1572.71
1573.29
1573.87
1573.95
1574.05
1574.14
1574.84
1574.92
1574.96
1576.18
1576.59
1577.45
1577.63
1577.65
1577.87
1578.08
1578.13
1578.62
1579.41
1579.85
1580.25
1580.78
1580.78
1581.03
1583.86
1584.67
1584.91
1585.61
1585.64
1587.75
1588.10
1589.32
1589.90
1591.07
1591.30
1593.05
1594.28
1594.36
1594.66
1595.18
1595.62
1596.16
1596.40
1596.54
1597.21
1597.65
1598.15
1598.48
1598.96
1599.46
1600.33
1600.92
1601.47
1601.94
1603.27
1603.41
1603.81
1603.92
1603.93
1604.26
1604.77
1605.03
1606.19
1606.57
1606.68
1607.51
1608.05
1609.55
1609.65
1609.72
1609.81
1610.25
1611.13
1611.27
1611.48
1613.10
1613.14
1613.28
1614.15
1614.31
1614.48
1614.87
1615.36
1615.52
1615.55
1615.64
1615.66
1615.85
1617.98
1618.37
1618.58
1618.79
1619.51
1621.22
1621.52
1622.38
1622.82
1622.89
1623.37
1625.61
1625.69
1626.25
1626.58
1627.59
1628.66
1628.71
1628.73
1629.49
1629.93
1630.16
1630.88
1631.08
1631.73
1632.24
1632.74
1633.41
1633.80
1635.30
1636.01
1636.06
1636.80
1637.18
1638.63
1638.88
1638.91
1639.76
1639.89
1640.01
1640.03
1640.47
1640.67
1641.15
1641.54
1641.90
1642.20
1643.41
1644.35
1645.15
1646.72
1647.59
1647.71
1647.82
1647.86
1648.11
1648.34
1648.48
1648.98
1649.16
1649.25
1650.03
1650.19
1650.32
1651.25
1651.46
1651.86
1651.86
1651.96
1652.57
1652.62
1654.70
1655.22
1655.65
1656.33
1656.74
1657.10
1657.23
1657.57
1657.78
1657.80
1658.52
1658.89
1659.13
1659.36
1659.54
1659.65
1659.85
1660.62
1660.85
1661.00
1661.07
1662.47
1663.89
1664.90
1665.59
1666.07
1668.80
1670.42
1671.69
1671.78
1673.01
1673.19
1673.55
1673.86
1673.88
1673.95
1673.97
1674.40
1675.42
1675.96
1676.98
1677.20
1677.49
1678.90
1679.14
1679.16
1679.68
1679.90
1680.72
1682.07
1682.85
1682.96
1683.19
1683.72
1684.98
1685.02
1685.51
1685.53
1685.64
1687.66
1687.77
1687.79
1688.30
1689.31
1689.95
1691.94
1692.11
1694.21
1694.69
1695.33
1696.01
1696.14
1696.73
1696.85
1697.70
1698.21
1698.29
1698.97
1700.55
1700.97
1701.82
1701.89
1702.41
1702.98
1703.24
1703.27
1705.54
1705.73
1706.39
1706.69
1707.59
1707.63
1708.27
1709.00
1709.00
1709.01
1709.14
1709.44
1710.03
1710.14
1710.18
1710.31
1711.38
1713.90
1714.13
1714.26
1714.96
1715.67
1715.83
1717.10
1718.21
1718.64
1718.92
1719.64
1719.96
1721.41
1721.84
1722.19
1722.68
1723.29
1723.46
1723.61
1723.74
1723.78
1723.82
1724.13
1724.24
1724.26
1725.63
1726.06
1727.66
1728.35
1728.50
1729.98
1730.56
1730.58
1730.75
1731.50
1731.69
1731.72
1733.32
1733.35
1733.43
1733.75
1734.05
1734.20
1738.97
1739.76
1740.19
1741.55
1744.11
1744.51
1744.78
1745.78
1745.87
1747.08
1748.01
1748.40
1748.80
1749.69
1750.03
1753.06
1753.39
1753.42
1754.71
1755.55
1755.57
1755.97
1756.41
1756.80
1756.94
1757.39
1757.89
1758.04
1759.43
1759.70
1759.96
1760.06
1760.61
1761.07
1763.53
1764.16
1764.52
1766.91
1767.02
1769.38
1769.99
1770.64
1772.21
1772.58
1773.19
1773.53
1774.51
1777.68
1780.61
1783.02
1784.10
1784.27
1784.31
1784.66
1784.91
1785.38
1786.24
1786.84
1787.13
1787.46
1787.64
1788.00
1788.12
1788.24
1788.84
1789.94
1790.25
1790.42
1793.08
1793.31
1793.78
1794.13
1794.42
1795.12
1795.55
1795.58
1795.74
1798.11
1798.19
1798.91
1799.77
1800.08
1800.47
1800.72
1802.38
1804.23
1804.66
1804.68
1805.75
1806.44
1806.63
1807.46
1807.67
1807.71
1808.08
1809.73
1809.98
1809.98
1810.49
1810.65
1810.94
1811.74
1812.37
1813.53
1814.00
1814.06
1814.65
1816.34
1817.02
1817.24
1817.97
1818.01
1820.17
1821.12
1821.81
1822.42
1822.60
1822.64
1822.85
1822.85
1822.93
1822.95
1823.56
1823.74
1824.17
1825.58
1825.85
1826.80
1826.84
1826.88
1827.35
1827.55
1830.13
1830.46
1831.43
1831.87
1832.90
1835.76
1836.27
1837.27
1837.80
1838.26
1838.52
1839.67
1841.05
1841.31
1841.96
1842.66
1845.50
1845.90
1846.25
1846.63
1846.81
1848.27
1848.31
1849.47
1849.95
1850.07
1851.46
1852.32
1853.76
1855.17
1856.83
1860.92
1861.48
1861.62
1862.59
1863.51
1864.12
1864.91
1865.05
1865.15
1867.77
1868.08
1868.36
1868.44
1868.60
1869.82
1869.94
1869.96
1870.75
1870.77
1870.97
1870.99
1871.35
1871.76
1872.06
1872.87
1873.34
1874.37
1874.64
1875.41
1875.71
1875.85
1876.87
1876.87
1879.25
1880.79
1881.26
1881.28
1882.34
1882.91
1883.18
1884.13
1884.72
1884.89
1884.89
1885.21
1885.60
1887.62
1889.03
1889.26
1889.95
1892.63
1892.76
1893.19
1894.21
1894.68
1895.19
1896.12
1896.20
1896.28
1897.31
1897.35
1898.52
1899.01
1899.01
1899.28
1899.32
1899.53
1899.83
1900.29
1901.11
1902.28
1902.63
1903.46
1904.30
1906.86
1906.98
1907.12
1907.27
1907.39
1910.80
1911.03
1911.84
1914.13
1914.42
1915.65
1915.69
1915.85
1917.49
1918.59
1918.90
1919.23
1919.77
1920.71
1921.04
1921.79
1922.19
1922.23
1922.41
1923.85
1924.47
1924.52
1925.16
1926.02
1926.04
1926.14
1926.29
1926.83
1928.21
1929.06
1929.98
1931.25
1931.38
1932.26
1932.82
1933.24
1935.67
1936.02
1936.84
1937.11
1937.16
1937.18
1937.99
1938.20
1939.02
1939.59
1940.99
1941.98
1944.48
1945.45
1945.54
1947.09
1950.36
1951.00
1952.05
1952.94
1953.21
1953.51
1953.97
1954.36
1955.79
1956.53
1956.56
1958.10
1959.82
1960.35
1961.58
1962.09
1962.19
1963.70
1964.62
1964.72
1964.74
1966.49
1966.83
1967.53
1968.04
1968.62
1972.67
1973.76
1974.06
1974.33
1976.41
1977.90
1979.06
1980.09
1980.90
1984.16
1984.36
1985.32
1985.71
1986.03
1987.17
1988.07
1988.10
1988.66
1988.70
1989.15
1989.34
1990.29
1990.76
1991.30
1991.58
1992.81
1993.33
1994.32
1994.58
1995.34
1995.75
1996.70
1996.85
1998.56
1998.73
1999.75
1999.81
1999.81
1999.90
1999.94
2000.39
2002.19
2002.34
2002.86
2003.73
2005.10
2005.86
2006.14
2006.20
2006.20
2007.01
2007.75
2010.09
2010.83
2011.38
2011.44
2011.55
2012.84
2012.99
2013.38
2013.45
2014.40
2014.47
2014.75
2014.75
2015.80
2015.84
2015.89
2018.07
2019.71
2020.19
2022.33
2022.55
2023.36
2023.95
2024.30
2025.55
2025.90
2026.12
2027.00
2028.29
2029.59
2030.58
2031.19
2031.48
2033.30
2033.57
2033.92
2036.01
2036.74
2036.80
2037.60
2040.07
2040.07
2040.46
2042.32
2042.85
2045.22
2045.33
2045.84
2046.15
2046.61
2047.81
2048.58
2048.65
2049.16
2050.58
2051.60
2052.95
2053.29
2054.22
2055.49
2055.55
2056.31
2056.87
2056.93
2057.09
2057.53
2058.07
2058.60
2058.74
2061.39
2063.91
2064.16
2064.56
2064.56
2064.83
2065.83
2066.24
2066.59
2067.04
2068.79
2069.39
2070.04
2071.07
2072.21
2073.40
2073.54
2074.19
2074.88
2076.61
2077.96
2078.86
2079.40
2080.01
2080.05
2081.13
2081.56
2082.28
2082.71
2082.73
2082.89
2082.91
2082.91
2083.36
2084.96
2085.03
2085.46
2086.75
2086.97
2087.06
2088.64
2089.62
2089.91
2092.74
2092.99
2093.28
2094.44
2095.96
2096.52
2096.66
2096.71
2096.91
2103.98
2104.43
2105.96
2106.64
2107.01
2107.10
2108.31
2109.72
2109.81
2110.32
2110.86
2112.01
2112.21
2115.60
2116.49
2117.41
2119.72
2119.93
2120.45
2120.59
2121.12
2121.40
2121.97
2122.38
2122.91
2123.28
2123.90
2128.57
2130.21
2130.48
2130.60
2130.76
2130.94
2131.96
2132.86
2134.87
2135.30
2136.90
2137.71
2137.71
2138.10
2138.82
2139.68
2139.91
2140.74
2140.86
2140.90
2143.04
2143.66
2144.66
2145.91
2146.01
2146.33
2146.73
2149.28
2149.49
2153.91
2154.54
2155.24
2155.69
2156.22
2156.99
2157.55
2158.65
2158.79
2159.35
2163.28
2164.40
2164.59
2166.98
2167.52
2168.04
2168.58
2169.61
2170.03
2170.99
2171.21
2171.28
2171.68
2174.83
2175.25
2175.74
2175.77
2176.33
2178.29
2178.59
2180.22
2180.62
2180.84
2188.14
2188.66
2188.94
2189.42
2190.13
2190.32
2190.67
2190.96
2191.93
2193.54
2194.11
2195.21
2195.44
2196.35
2196.80
2197.51
2197.72
2198.34
2199.56
2200.79
2201.72
2201.99
2202.10
2202.41
2203.34
2203.84
2203.96
2204.39
2205.54
2205.75
2205.85
2207.23
2209.79
2210.20
2212.59
2212.64
2213.12
2213.93
2216.73
2217.17
2218.10
2219.61
2219.76
2220.26
2220.67
2220.74
2221.08
2222.71
2222.79
2222.79
2223.12
2225.87
2227.07
2227.51
2227.58
2228.52
2228.52
2228.93
2232.16
2232.21
2232.50
2232.62
2233.15
2236.34
2237.00
2237.60
2237.92
2238.23
2239.69
2240.75
2243.35
2244.42
2244.54
2245.27
2245.46
2245.92
2246.36
2246.87
2248.94
2249.23
2250.30
2253.18
2254.64
2255.37
2255.86
2256.49
2256.49
2256.59
2257.64
2258.64
2259.30
2261.80
2262.26
2262.53
2263.56
2265.08
2266.08
2266.35
2267.33
2268.27
2270.13
2271.02
2271.85
2272.47
2273.45
2273.65
2274.51
2275.77
2276.65
2277.10
2277.39
2277.93
2278.89
2278.97
2281.63
2281.93
2283.07
2283.46
2283.51
2285.12
2287.05
2287.10
2287.29
2287.49
2288.16
2288.18
2289.87
2290.93
2291.65
2291.73
2292.50
2293.19
2298.88
2298.90
2299.43
2302.12
2302.36
2302.59
2303.76
2304.01
2305.26
2305.46
2307.28
2308.25
2309.20
2309.40
2309.58
2311.28
2313.35
2314.53
2317.03
2318.34
2320.09
2320.47
2321.83
2321.93
2322.33
2322.35
2323.16
2324.52
2325.70
2325.95
2329.15
2329.38
2330.33
2330.49
2332.23
2332.73
2332.73
2333.26
2334.02
2334.95
2335.31
2335.38
2335.81
2335.89
2337.58
2337.91
2338.49
2339.73
2340.67
2340.82
2342.01
2342.21
2344.29
2344.29
2344.50
2346.27
2346.81
2348.15
2348.18
2348.86
2349.45
2349.83
2350.03
2350.13
2350.16
2350.41
2350.72
2351.38
2352.27
2352.37
2355.15
2356.68
2358.62
2360.15
2360.17
2360.56
2360.63
2360.81
2361.02
2363.24
2363.68
2364.01
2365.19
2365.52
2365.80
2366.52
2367.57
2369.62
2370.13
2372.72
2375.11
2375.98
2376.29
2380.49
2383.04
2383.37
2383.79
2383.91
2386.08
2386.29
2387.06
2388.87
2390.94
2391.48
2391.56
2392.65
2393.74
2394.49
2394.54
2394.67
2396.74
2398.30
2399.36
2400.51
2401.60
2401.65
2403.42
2404.69
2406.02
2407.42
2408.44
2409.59
2409.95
2412.48
2416.69
2418.13
2418.49
2418.60
2421.85
2424.42
2425.15
2425.33
2425.57
2426.17
2426.72
2428.09
2428.64
2428.80
2432.11
2432.40
2434.01
2434.61
2436.88
2437.33
2437.36
2439.26
2441.90
2442.85
2443.75
2443.77
2443.96
2445.31
2447.77
2448.14
2450.13
2453.65
2453.73
2453.95
2454.00
2454.42
2454.74
2455.04
2455.67
2455.73
2456.26
2456.39
2457.99
2458.44
2459.08
2459.95
2460.35
2460.89
2460.97
2461.98
2462.01
2462.88
2463.79
2464.54
2465.02
2465.66
2466.00
2466.14
2467.63
2470.49
2471.53
2472.82
2473.03
2473.33
2474.69
2475.68
2476.35
2476.54
2477.72
2478.98
2479.06
2479.41
2480.02
2480.27
2480.64
2480.91
2483.78
2485.29
2485.34
2485.85
2486.98
2489.14
2489.43
2491.43
2498.93
2501.07
2501.61
2501.83
2501.88
2502.56
2503.16
2503.94
2504.75
2504.78
2506.08
2506.41
2509.75
2510.94
2511.95
2511.97
2513.03
2514.42
2516.73
2517.39
2519.24
2520.33
2520.39
2522.79
2523.17
2523.88
2526.01
2527.32
2527.35
2527.81
2528.52
2528.69
2530.03
2531.21
2531.43
2531.73
2533.13
2536.47
2537.79
2538.04
2538.12
2539.55
2541.53
2542.13
2542.93
2543.64
2543.84
2543.97
2544.22
2546.92
2547.28
2547.91
2550.48
2551.00
2551.17
2551.75
2553.07
2554.43
2555.12
2555.56
2556.36
2557.75
2560.29
2561.46
2563.40
2564.42
2564.48
2565.12
2565.98
2570.20
2572.76
2574.38
2577.02
2579.03
2581.63
2583.05
2583.39
2584.17
2584.26
2584.54
2590.47
2592.41
2593.11
2595.89
2599.96
2600.78
2600.92
2601.31
2602.44
2602.66
2602.81
2604.44
2607.40
2607.85
2608.13
2611.86
2612.60
2613.81
2613.90
2615.62
2617.18
2618.85
2620.49
2621.80
2623.44
2625.29
2625.72
2625.83
2627.62
2627.73
2627.99
2631.58
2633.34
2634.54
2634.74
2634.79
2635.99
2636.08
2636.39
2637.50
2638.50
2639.45
2639.47
2640.87
2641.02
2645.25
2648.49
2650.12
2650.49
2650.81
2651.50
2654.19
2655.46
2656.06
2657.73
2660.98
2661.24
2662.59
2662.62
2662.85
2665.62
2666.20
2669.43
2671.25
2672.98
2674.34
2675.65
2676.34
2680.98
2681.07
2681.12
2681.44
2681.96
2683.74
2684.29
2685.07
2685.59
2686.67
2687.66
2688.53
2689.17
2689.96
2690.31
2690.36
2692.64
2693.54
2694.15
2695.43
2696.75
2698.94
2699.87
2701.51
2702.94
2703.79
2706.30
2707.95
2709.23
2709.73
2711.40
2712.20
2712.52
2715.07
2715.69
2716.13
2717.60
2718.07
2720.43
2721.93
2722.55
2722.63
2724.26
2725.11
2727.00
2727.41
2729.15
2730.13
2730.13
2731.10
2731.13
2733.50
2733.59
2733.88
2734.15
2734.95
2737.94
2738.53
2740.01
2741.11
2742.77
2743.57
2744.28
2746.72
2746.78
2747.08
2747.61
2748.74
2752.40
2755.02
2755.80
2756.66
2757.59
2758.27
2758.45
2760.42
2762.64
2762.96
2763.44
2764.85
2768.38
2769.46
2774.14
2774.41
2776.15
2776.18
2777.50
2783.52
2784.42
2786.50
2787.56
2789.55
2790.88
2791.15
2791.42
2792.81
2792.93
2796.89
2796.95
2797.92
2799.83
2801.98
2802.28
2802.31
2803.28
2804.65
2804.83
2805.77
2806.90
2807.20
2810.39
2811.24
2811.85
2813.62
2816.33
2818.77
2819.56
2820.72
2821.30
2823.37
2824.54
2825.21
2826.40
2826.46
2827.23
2829.98
2834.91
2835.50
2837.12
2839.67
2843.24
2844.16
2844.38
2845.39
2848.84
2849.68
2852.42
2852.55
2855.39
2856.31
2856.44
2860.89
2861.14
2863.62
2863.62
2863.86
2866.65
2868.70
2869.04
2869.32
2869.63
2870.56
2874.85
2877.56
2878.65
2878.84
2880.46
2881.95
2882.20
2883.02
2883.33
2884.26
2886.26
2888.92
2890.32
2890.82
2892.98
2898.59
2902.01
2904.37
2905.63
2906.69
2907.76
2907.80
2907.92
2909.05
2909.18
2909.21
2909.68
2911.70
2911.92
2912.01
2912.83
2915.07
2915.20
2916.21
2920.09
2922.62
2924.07
2925.34
2926.42
2928.63
2931.52
2931.55
2931.74
2933.33
2933.39
2933.93
2935.49
2936.15
2937.08
2938.95
2939.46
2940.67
2942.13
2942.16
2943.37
2943.53
2947.29
2948.22
2951.25
2951.99
2954.70
2955.47
2958.54
2959.79
2961.29
2961.58
2962.03
2965.21
2965.37
2965.98
2966.04
2966.84
2967.45
2970.63
2971.63
2973.08
2976.78
2978.52
2983.65
2984.87
2984.91
2985.00
2988.04
2988.62
2992.15
2996.26
2999.57
3002.53
3002.72
3003.27
3006.66
3011.60
3012.65
3013.14
3013.43
3015.32
3020.02
3022.21
3024.80
3025.68
3026.93
3027.45
3027.97
3028.79
3028.96
3030.60
3030.69
3032.24
3032.37
3032.73
3034.07
3034.57
3035.81
3036.24
3036.37
3037.92
3038.31
3039.17
3041.70
3042.09
3042.82
3046.61
3049.90
3050.20
3050.53
3051.98
3052.58
3053.24
3053.90
3054.86
3054.99
3055.12
3065.25
3066.81
3067.28
3067.44
3069.77
3070.77
3072.03
3072.53
3074.99
3078.48
3078.65
3079.52
3079.65
3082.98
3083.45
3084.38
3085.05
3085.72
3085.82
3087.76
3090.16
3092.74
3095.68
3096.49
3096.69
3098.40
3098.57
3102.06
3102.22
3102.66
3102.73
3107.23
3108.30
3111.43
3112.24
3114.97
3115.44
3116.72
3117.80
3118.82
3119.96
3120.44
3122.93
3124.62
3127.94
3130.92
3134.17
3135.26
3139.09
3143.82
3144.70
3146.54
3147.83
3148.04
3149.10
3149.30
3150.15
3154.76
3154.96
3155.44
3162.31
3167.89
3168.03
3170.81
3170.81
3173.72
3175.51
3176.64
3177.40
3178.53
3178.60
3180.19
3180.84
3181.77
3181.98
3182.80
3185.66
3187.70
3188.63
3190.66
3190.73
3190.90
3191.22
3191.46
3192.77
3194.50
3195.33
3195.57
3196.30
3196.57
3196.88
3199.58
3199.86
3199.96
3203.43
3205.82
3206.72
3207.07
3208.42
3208.73
3210.26
3213.43
3214.26
3214.26
3214.75
3215.37
3215.86
3216.45
3218.54
3220.70
3221.05
3222.44
3224.78
3226.11
3232.05
3232.36
3240.87
3240.97
3241.08
3241.82
3241.99
3244.94
3246.20
3247.86
3250.35
3251.90
3252.00
3252.25
3256.12
3259.86
3260.71
3263.85
3263.95
3264.13
3266.78
3266.96
3268.83
3270.95
3270.99
3272.23
3275.88
3275.95
3276.66
3276.76
3277.12
3278.08
3278.86
3281.73
3281.98
3285.35
3286.35
3288.77
3288.88
3289.66
3290.26
3292.33
3293.18
3296.25
3296.64
3309.11
3310.58
3310.69
3310.91
3312.88
3316.89
3318.36
3319.01
3320.56
3322.78
3322.89
3323.93
3332.69
3332.72
3334.27
3335.50
3336.00
3337.59
3342.72
3343.70
3344.28
3344.86
3346.96
3347.36
3347.86
3350.00
3353.52
3357.88
3358.57
3358.97
3359.22
3362.20
3363.00
3363.37
3364.64
3365.62
3366.03
3366.72
3367.19
3367.37
3368.21
3369.74
3370.40
3371.82
3375.22
3378.65
3378.80
3379.05
3379.13
3380.19
3388.94
3395.80
3396.98
3401.35
3402.38
3403.53
3403.82
3404.04
3404.23
3405.77
3407.14
3408.46
3411.97
3412.67
3415.59
3416.37
3418.03
3418.92
3422.36
3426.18
3427.40
3427.44
3428.59
3428.99
3431.37
3433.11
3433.19
3434.04
3434.53
3434.97
3437.20
3437.61
3439.88
3440.44
3441.71
3443.20
3444.24
3444.57
3444.65
3444.87
3445.84
3446.03
3447.89
3449.98
3454.80
3455.18
3456.37
3457.01
3458.17
3461.31
3462.29
3462.59
3463.18
3464.16
3468.55
3469.22
3472.26
3473.20
3473.58
3475.38
3475.46
3476.78
3477.94
3478.09
3479.07
3483.70
3485.17
3486.04
3486.19
3486.87
3487.66
3487.78
3488.23
3489.25
3493.40
3494.12
3494.96
3496.13
3496.66
3497.00
3499.53
3503.13
3504.27
3510.91
3512.77
3513.00
3513.69
3514.64
3515.24
3515.93
3517.26
3517.57
3519.96
3520.08
3523.89
3523.93
3525.83
3526.94
3531.10
3531.26
3533.70
3537.26
3540.05
3540.21
3540.78
3543.96
3545.77
3546.30
3546.57
3549.76
3551.45
3552.95
3552.99
3555.64
3558.83
3562.88
3566.00
3575.20
3577.87
3577.98
3579.30
3581.51
3582.90
3583.17
3585.27
3587.05
3588.84
3590.70
3592.65
3593.27
3599.11
3600.59
3602.69
3604.52
3605.69
3606.59
3608.31
3608.74
3609.56
3609.60
3611.12
3615.81
3617.26
3618.51
3619.33
3620.23
3627.02
3630.39
3631.38
3631.93
3632.52
3633.54
3633.54
3633.93
3634.36
3636.29
3637.39
3637.67
3638.73
3640.42
3641.88
3647.72
3650.48
3653.72
3658.87
3658.98
3659.26
3666.16
3667.94
3668.06
3674.34
3675.93
3678.47
3680.03
3683.01
3683.69
3683.89
3684.05
3685.57
3687.84
3691.31
3692.23
3695.27
3696.15
3699.23
3700.31
3700.51
3702.71
3709.93
3711.66
3712.46
3713.26
3719.34
3720.46
3726.55
3727.23
3727.39
3730.14
3730.70
3731.51
3733.53
3734.30
3734.74
3737.29
3738.58
3740.24
3747.81
3747.90
3748.79
3749.64
3749.68
3753.29
3753.33
3757.48
3757.76
3763.38
3763.46
3768.84
3769.65
3770.43
3771.00
3773.61
3776.31
3778.84
3779.41
3781.05
3783.30
3784.24
3785.51
3788.59
3793.92
3795.77
3796.14
3796.26
3798.85
3802.26
3805.18
3806.54
3808.77
3808.77
3810.13
3813.71
3814.17
3818.34
3820.12
3836.52
3841.67
3841.92
3842.25
3842.46
3842.92
3845.62
3845.75
3852.12
3852.99
3856.16
3856.29
3861.51
3863.30
3863.43
3866.86
3867.32
3868.15
3868.41
3869.49
3871.13
3871.17
3871.71
3872.64
3874.02
3874.69
3874.90
3876.11
3879.43
3880.14
3880.39
3880.69
3880.90
3884.13
3884.93
3889.94
3890.95
3892.34
3892.59
3894.95
3896.00
3899.92
3900.47
3903.94
3904.40
3905.79
3906.68
3910.28
3912.99
3917.94
3918.49
3920.74
3923.97
3927.02
3928.43
3930.08
3930.25
3931.23
3933.70
3935.23
3935.32
3938.13
3939.02
3940.01
3940.82
3941.28
3946.15
3946.15
3946.75
3947.17
3947.30
3951.92
3952.56
3953.03
3955.77
3957.48
3958.64
3960.73
3961.76
3963.26
3963.39
3964.77
3971.98
3979.76
3980.58
3983.30
3989.25
3999.36
3999.41
4002.65
4007.16
4010.46
4010.59
4011.54
4011.76
4012.10
4013.84
4016.27
4016.80
4019.10
4019.10
4019.23
4020.14
4022.88
4025.41
4032.30
4034.39
4035.22
4036.58
4042.04
4048.52
4049.61
4064.67
4066.08
4070.83
4071.49
4072.50
4073.34
4075.50
4080.53
4082.61
4083.18
4086.58
4086.85
4096.59
4096.63
4097.61
4097.83
4097.92
4099.78
4108.97
4113.51
4113.56
4117.79
4118.01
4118.23
4123.23
4127.56
4130.95
4131.22
4131.85
4132.20
4133.86
4143.89
4145.23
4149.72
4152.64
4156.73
4163.21
4165.29
4165.38
4167.63
4168.53
4170.02
4178.33
4180.00
4182.49
4183.35
4188.97
4191.23
4196.41
4198.91
4199.41
4200.27
4206.00
4206.14
4210.78
4211.92
4215.25
4217.67
4218.58
4220.31
4225.11
4232.02
4237.84
4238.30
4242.70
4246.79
4248.90
4249.45
4250.37
4251.11
4256.03
4256.59
4258.06
4260.18
4260.60
4264.33
4264.52
4266.50
4266.92
4268.35
4269.36
4269.41
4271.54
4277.36
4280.97
4281.07
4281.58
4288.02
4288.07
4288.44
4291.55
4293.03
4297.12
4299.31
4299.45
4299.54
4300.43
4302.52
4305.41
4305.55
4305.64
4306.11
4310.91
4311.79
4312.77
4313.75
4313.89
4314.64
4317.26
4320.76
4321.32
4322.26
4323.85
4325.48
4328.15
4330.12
4330.31
4333.35
4333.92
4336.12
4338.19
4338.89
4339.08
4340.44
4344.62
4344.67
4349.75
4350.13
4352.20
4352.81
4354.65
4356.25
4361.34
4361.39
4362.24
4364.84
4367.48
4369.37
4371.55
4374.01
4375.90
4376.70
4377.65
4380.54
4381.16
4384.72
4385.00
4386.90
4387.14
4388.65
4391.74
4393.83
4399.02
4402.78
4405.02
4405.88
4406.40
4407.02
4407.36
4416.04
4416.71
4418.29
4420.06
4422.83
4425.51
4425.56
4425.71
4426.23
4430.98
4432.80
4434.38
4434.77
4436.35
4439.09
4441.44
4445.72
4448.03
4454.67
4455.06
4461.09
4467.03
4470.80
4470.90
4473.51
4475.84
4475.84
4485.29
4487.81
4490.14
4491.31
4501.43
4502.55
4505.91
4505.91
4510.35
4515.53
4515.87
4519.49
4521.69
4524.72
4526.78
4529.67
4529.77
4533.49
4537.27
4541.05
4542.77
4544.49
4545.63
4545.97
4551.09
4552.61
4553.75
4556.41
4556.85
4561.74
4563.17
4565.00
4572.01
4573.50
4578.10
4578.40
4578.90
4585.59
4592.39
4600.60
4604.08
4604.58
4606.77
4609.82
4610.76
4611.61
4615.45
4621.45
4627.91
4634.22
4635.72
4635.98
4637.08
4644.31
4647.07
4649.89
4653.72
4654.52
4654.57
4657.14
4658.20
4660.06
4660.37
4665.36
4666.07
4666.27
4667.08
4668.14
4670.06
4674.10
4681.34
4689.40
4692.09
4695.39
4702.61
4706.22
4708.72
4717.85
4719.94
4722.29
4723.47
4725.26
4726.89
4729.19
4730.22
4731.65
4733.85
4740.06
4746.32
4750.17
4751.20
4751.56
4755.00
4756.70
4756.75
4765.05
4774.65
4779.14
4781.26
4782.35
4782.71
4784.26
4787.53
4788.35
4789.81
4793.85
4795.30
4798.00
4801.38
4801.64
4804.49
4813.03
4815.48
4820.74
4821.00
4821.42
4822.72
4839.66
4841.49
4852.19
4853.92
4862.70
4862.70
4867.39
4867.70
4873.39
4875.40
4876.72
4878.35
4881.84
4882.16
4882.16
4883.37
4883.58
4883.95
4886.96
4894.64
4895.86
4898.45
4903.28
4904.87
4912.62
4912.89
4914.06
4916.66
4919.91
4920.23
4922.04
4922.15
4925.02
4929.93
4930.09
4930.57
4936.07
4937.67
4941.84
4943.07
4944.30
4944.62
4952.11
4963.33
4964.24
4978.01
4978.28
4978.98
4981.51
4981.67
4984.96
4985.34
4986.04
4986.09
4986.69
4988.41
4988.63
4989.82
4991.55
5003.93
5006.85
5009.62
5012.33
5012.49
5015.42
5017.70
5024.76
5027.21
5027.26
5029.77
5036.08
5039.19
5039.24
5040.06
5040.50
5040.72
5042.14
5043.55
5050.82
5052.40
5055.14
5057.65
5059.35
5063.07
5065.26
5066.14
5067.84
5071.41
5081.68
5083.27
5086.41
5089.77
5090.15
5114.50
5115.05
5119.65
5120.64
5125.74
5127.13
5127.35
5132.57
5140.46
5140.91
5142.35
5142.63
5143.41
5146.19
5151.60
5157.34
5158.68
5160.91
5162.31
5163.15
5164.21
5167.62
5174.67
5178.98
5180.27
5182.91
5184.42
5188.18
5191.16
5202.68
5205.78
5207.47
5208.77
5209.78
5217.51
5219.09
5219.94
5221.24
5222.03
5229.26
5231.19
5232.15
5250.01
5251.21
5252.80
5254.28
5254.62
5256.38
5264.69
5268.91
5270.05
5275.87
5281.92
5282.44
5283.46
5286.09
5286.49
5288.95
5292.27
5293.42
5294.11
5294.51
5302.53
5303.80
5305.69
5313.45
5315.29
5324.84
5324.90
5329.97
5330.43
5334.53
5337.24
5337.71
5338.05
5338.22
5342.73
5345.80
5346.38
5346.84
5347.53
5349.79
5351.06
5352.45
5354.71
5358.07
5358.13
5360.51
5376.71
5379.16
5380.79
5385.51
5387.55
5390.46
5394.43
5396.71
5403.83
5404.13
5419.00
5420.29
5422.99
5432.91
5436.56
5438.85
5441.68
5443.86
5444.09
5445.92
5448.34
5458.54
5476.94
5478.01
5481.09
5485.01
5490.05
5490.47
5492.97
5493.02
5493.68
5493.92
5499.03
5500.28
5501.11
5506.47
5507.72
5509.87
5512.67
5523.48
5526.41
5530.00
5530.30
5538.08
5539.40
5541.98
5542.46
5544.92
5552.12
5565.05
5570.59
5574.51
5575.24
5580.49
5581.27
5588.76
5592.94
5596.03
5603.54
5603.72
5605.42
5606.39
5608.94
5615.92
5617.26
5619.08
5619.20
5619.87
5622.00
5622.18
5625.71
5626.75
5627.36
5631.07
5636.98
5639.85
5641.38
5641.38
5643.09
5645.10
5648.95
5654.94
5657.33
5658.98
5661.92
5668.18
5680.39
5688.45
5695.10
5702.19
5702.50
5703.06
5709.17
5709.35
5709.79
5717.45
5720.11
5721.04
5727.54
5731.63
5734.92
5737.22
5737.40
5744.67
5747.53
5748.90
5753.13
5753.51
5754.81
5755.37
5777.71
5783.28
5783.53
5793.67
5797.12
5799.44
5804.47
5808.80
5811.00
5821.07
5821.38
5826.61
5828.95
5832.29
5844.99
5846.00
5853.22
5856.83
5858.98
5868.94
5873.13
5873.45
5873.58
5885.16
5885.48
5889.55
5889.68
5897.78
5897.97
5902.95
5904.42
5905.06
5909.21
5915.42
5923.62
5929.71
5930.03
5932.53
5934.20
5939.72
5946.86
5948.60
5957.49
5962.32
5965.10
5966.84
5975.89
5976.66
5980.03
5982.75
5983.33
5990.19
5992.92
5993.70
5993.76
5999.86
5999.99
6012.60
6014.61
6016.57
6020.80
6030.51
6036.45
6036.98
6042.99
6042.99
6045.28
6046.13
6050.12
6061.06
6068.94
6069.33
6071.83
6074.19
6078.40
6079.25
6082.74
6085.64
6091.24
6092.56
6093.02
6093.21
6093.87
6094.67
6097.44
6101.46
6108.07
6108.73
6108.99
6110.58
6115.27
6116.60
6117.52
6120.97
6121.50
6124.41
6125.60
6128.12
6131.57
6138.01
6142.20
6142.53
6143.33
6146.58
6152.37
6155.04
6162.23
6170.77
6180.66
6188.29
6195.46
6201.29
6203.78
6206.46
6211.03
6216.68
6217.22
6220.72
6222.47
6227.99
6232.64
6244.05
6246.61
6246.75
6247.09
6258.45
6258.59
6260.42
6262.11
6263.94
6268.69
6283.08
6285.87
6304.81
6305.56
6307.47
6308.63
6310.13
6312.04
6315.94
6316.14
6316.48
6319.15
6342.16
6344.08
6344.36
6345.73
6346.49
6347.45
6350.06
6350.33
6351.43
6361.82
6362.64
6365.19
6380.02
6381.67
6408.10
6413.72
6415.53
6418.65
6419.83
6422.89
6424.00
6426.92
6427.83
6429.91
6431.23
6449.14
6458.92
6460.04
6460.25
6466.19
6467.59
6467.80
6472.00
6475.15
6477.89
6479.78
6481.39
6482.58
6482.79
6485.81
6486.16
6486.30
6489.39
6490.65
6493.11
6499.93
6501.20
6503.52
6513.45
6515.42
6533.78
6534.55
6542.19
6544.60
6553.53
6562.75
6567.73
6573.34
6577.18
6579.18
6584.02
6586.80
6594.50
6594.57
6596.00
6598.57
6601.07
6614.65
6632.78
6636.16
6640.11
6643.41
6644.20
6646.43
6652.84
6664.44
6671.14
6674.47
6675.26
6690.15
6696.17
6701.82
6703.63
6712.49
6712.70
6727.47
6730.67
6731.32
6732.78
6736.72
6736.79
6741.24
6741.75
6742.04
6744.81
6755.47
6760.59
6771.72
6772.09
6775.68
6778.76
6793.44
6796.24
6803.15
6805.14
6806.76
6809.12
6814.57
6820.03
6820.77
6829.26
6832.73
6841.02
6844.87
6855.54
6859.62
6871.36
6873.14
6873.22
6892.21
6894.15
6898.33
6900.56
6901.39
6903.63
6907.74
6908.56
6911.03
6913.19
6914.17
6915.74
6927.05
6930.57
6934.54
6939.20
6939.27
6949.34
6954.53
6955.74
6958.37
6959.65
6970.05
6977.90
6986.81
6987.11
6994.38
6995.59
6997.18
6999.67
7003.61
7019.32
7021.90
7030.95
7037.34
7038.18
7044.43
7045.57
7048.24
7050.22
7073.30
7078.58
7080.95
7085.78
7089.15
7096.29
7111.74
7117.13
7118.59
7121.29
7123.29
7123.52
7127.92
7130.46
7132.93
7141.12
7143.67
7148.70
7153.41
7159.61
7162.17
7164.26
7169.30
7193.46
7199.69
7212.95
7213.88
7215.29
7226.93
7240.78
7242.04
7243.06
7245.25
7266.29
7266.37
7267.00
7273.92
7287.94
7291.26
7294.02
7299.39
7300.49
7301.76
7304.84
7310.21
7319.00
7322.96
7331.76
7340.25
7341.37
7348.20
7362.68
7379.83
7385.98
7387.34
7387.66
7397.74
7403.66
7407.59
7414.01
7420.27
7422.03
7432.08
7436.58
7436.90
7443.91
7443.99
7463.42
7468.75
7470.05
7470.78
7492.31
7492.63
7501.64
7510.57
7518.05
7519.11
7529.12
7537.60
7551.39
7562.02
7577.99
7580.13
7580.70
7603.12
7603.21
7614.24
7618.77
7622.56
7627.93
7635.61
7645.20
7648.59
7656.04
7669.30
7675.53
7681.18
7682.68
7683.01
7690.33
7704.24
7709.82
7710.57
7715.58
7722.09
7728.95
7735.14
7750.81
7753.15
7758.44
7760.71
7763.90
7782.74
7787.12
7790.15
7791.75
7796.39
7798.42
7814.80
7835.46
7839.96
7844.54
7844.71
7849.72
7850.57
7856.35
7857.54
7868.60
7875.15
7878.05
7879.07
7885.30
7917.87
7922.84
7929.36
7930.31
7936.49
7936.83
7943.53
7948.00
7951.35
7956.26
7957.29
7965.30
7967.46
7980.92
7981.26
7988.52
7999.77
8004.53
8004.96
8015.36
8025.08
8025.95
8033.59
8035.85
8043.07
8045.16
8050.91
8071.93
8086.70
8087.14
8094.06
8107.20
8119.05
8131.80
8138.67
8139.20
8144.75
8152.95
8162.66
8164.24
8165.30
8175.56
8199.21
8201.08
8204.80
8216.89
8219.02
8219.37
8220.80
8227.38
8240.21
8253.77
8262.35
8275.32
8278.01
8314.63
8321.75
8324.27
8328.68
8332.56
8347.36
8347.99
8363.09
8363.45
8365.89
8366.62
8367.70
8372.32
8377.94
8378.30
8379.30
8385.37
8389.82
8390.00
8407.09
8412.18
8424.30
8447.66
8461.84
8470.18
8478.61
8479.99
8480.63
8482.47
8488.80
8499.74
8501.67
8510.23
8513.36
8529.13
8538.91
8539.01
8543.63
8543.63
8560.38
8572.52
8575.49
8579.94
8602.44
8615.38
8658.74
8681.92
8682.29
8683.04
8691.50
8698.84
8702.51
8703.27
8728.26
8731.28
8742.43
8767.35
8773.99
8780.83
8784.06
8789.67
8801.56
8842.61
8844.33
8855.92
8858.98
8865.12
8867.52
8881.34
8886.44
8895.48
8901.07
8902.03
8906.56
8910.03
8911.09
8917.94
8939.09
8968.93
8984.76
8998.48
9006.27
9009.29
9030.96
9033.01
9033.40
9038.39
9039.37
9045.63
9072.09
9099.03
9116.96
9117.06
9120.61
9124.27
9128.61
9129.80
9131.18
9136.12
9139.38
9173.86
9176.74
9179.12
9190.15
9192.04
9195.13
9199.80
9208.07
9208.27
9217.94
9238.31
9258.82
9262.03
9262.43
9275.36
9282.99
9286.61
9296.06
9306.33
9321.85
9351.44
9352.86
9355.59
9356.91
9368.46
9381.95
9383.68
9388.55
9388.96
9407.06
9407.77
9424.78
9431.21
9451.54
9453.89
9461.77
9468.84
9494.79
9523.19
9526.38
9527.00
9534.12
9534.53
9541.24
9548.78
9567.08
9587.91
9589.47
9600.47
9611.07
9636.06
9643.05
9657.88
9679.22
9681.52
9696.51
9705.12
9711.84
9724.56
9725.93
9750.90
9757.87
9764.00
9798.07
9802.21
9820.68
9845.15
9850.26
9864.98
9866.80
9869.25
9872.99
9881.97
9883.79
9924.29
9925.26
9939.55
9953.00
9954.40
9982.99
10012.63
10026.39
10032.47
10035.84
10041.16
10041.27
10041.81
10042.79
10050.94
10052.46
10067.38
10069.88
10075.00
10091.15
10116.95
10124.62
10139.41
10140.84
10185.60
10189.12
10190.67
10200.37
10200.71
10210.53
10220.92
10259.59
10292.06
10305.21
10362.79
10364.02
10365.70
10369.29
10414.94
10429.15
10429.94
10433.78
10444.06
10449.94
10462.04
10480.62
10481.64
10485.95
10492.08
10497.19
10505.26
10505.94
10507.87
10514.58
10539.30
10546.49
10556.07
10564.53
10569.10
10587.19
10638.05
10649.69
10656.37
10690.79
10691.25
10692.29
10718.93
10724.27
10726.94
10737.04
10749.71
10761.58
10790.14
10790.61
10793.65
10794.00
10813.64
10828.74
10834.60
10849.03
10856.66
10873.94
10875.71
10882.53
10908.35
10915.44
10916.85
10945.83
10951.99
10954.01
10956.61
10963.85
10985.22
11012.35
11020.34
11020.82
11030.24
11032.99
11033.58
11036.09
11081.68
11106.41
11116.50
11117.23
11117.35
11147.46
11149.63
11150.23
11152.16
11167.98
11182.73
11184.67
11195.32
11200.17
11245.83
11249.72
11256.05
11258.12
11265.92
11287.15
11304.51
11318.46
11332.06
11342.49
11349.73
11397.35
11411.79
11426.62
11448.52
11451.37
11491.71
11493.82
11494.07
11514.24
11551.55
11564.05
11565.18
11584.59
11587.60
11597.89
11600.77
11602.53
11641.76
11643.65
11648.69
11698.96
11702.13
11717.84
11749.71
11763.95
11778.60
11802.58
11805.14
11807.69
11807.95
11819.07
11838.14
11842.24
11851.47
11858.01
11883.69
11889.74
11902.48
11925.30
11927.36
11960.83
11971.58
11982.21
11992.06
12026.89
12033.27
12051.90
12062.33
12065.34
12075.00
12117.93
12131.18
12150.10
12163.51
12166.41
12178.79
12192.76
12197.65
12198.44
12200.81
12203.85
12212.30
12214.55
12236.24
12249.75
12251.35
12298.23
12322.74
12380.07
12392.53
12399.24
12400.85
12481.34
12509.60
12519.21
12603.34
12610.84
12639.26
12640.49
12660.88
12664.72
12677.47
12695.86
12703.28
12725.29
12757.83
12759.90
12765.42
12767.63
12785.19
12801.24
12807.48
12807.89
12826.62
12827.59
12839.39
12842.59
12859.13
12886.85
12904.57
12938.68
13028.03
13044.11
13052.29
13080.29
13159.50
13167.05
13176.02
13186.72
13202.57
13208.14
13218.29
13227.16
13238.04
13255.38
13263.99
13267.44
13275.62
13279.64
13282.23
13289.71
13314.89
13316.48
13353.56
13362.66
13365.12
13398.71
13412.35
13416.41
13437.48
13479.12
13514.17
13528.36
13536.56
13540.95
13543.15
13549.31
13570.73
13573.22
13576.31
13578.51
13596.89
13607.49
13613.08
13635.93
13638.14
13680.26
13711.98
13712.27
13714.35
13767.43
13790.09
13813.53
13851.10
13888.62
13901.24
13903.50
13945.99
13978.92
13998.14
14005.87
14047.45
14053.08
14062.81
14065.25
14076.82
14120.90
14158.54
14183.84
14200.27
14211.80
14222.87
14225.95
14270.50
14317.36
14381.33
14491.61
14502.27
14508.39
14514.36
14524.88
14532.12
14559.18
14715.50
14747.53
14755.83
14775.96
14801.41
14851.78
14862.71
14875.26
14884.43
14904.74
14936.87
14948.02
14959.19
14982.67
14984.46
14987.38
15011.88
15050.26
15059.55
15078.13
15082.54
15172.89
15213.99
15226.17
15238.37
15256.02
15304.63
15313.24
15380.33
15395.98
15448.71
15474.80
15525.45
15542.93
15562.62
15594.81
15632.32
15646.70
15659.23
15726.47
15745.20
15768.05
15806.14
15879.33
15889.81
15937.85
15994.34
16024.31
16033.50
16038.53
16049.30
16072.93
16073.63
16074.15
16107.40
16132.52
16182.69
16209.85
16220.03
16228.63
16230.03
16249.54
16262.03
16272.59
16302.37
16311.19
16323.37
16328.67
16373.96
16387.25
16397.72
16455.84
16479.54
16487.74
16610.57
16637.01
16669.99
16676.30
16692.01
16751.71
16764.22
16793.27
16800.18
16822.55
16860.45
16911.42
16914.54
16915.45
16927.35
16940.54
16954.30
17072.66
17112.98
17148.56
17221.08
17241.77
17416.14
17437.64
17483.36
17532.04
17589.04
17613.99
17616.85
17626.00
17675.46
17712.03
17859.63
17942.53
18095.18
18115.55
18313.02
18330.46
18347.73
18407.78
18464.03
18526.86
18539.90
18613.06
18624.74
18679.64
18680.24
18694.60
18714.03
18746.86
18814.93
18893.27
18906.15
18909.01
19094.46
19180.80
19250.25
19420.75
19460.08
19478.20
19562.47
19618.43
19630.32
19689.66
19708.42
19760.73
19789.41
19803.11
19812.97
19875.45
19915.49
19927.35
19928.21
20028.07
20051.71
20058.22
20143.47
20534.29
20605.51
20635.63
20657.52
20667.36
20737.70
20897.84
20993.93
21053.99
21064.92
21163.84
21181.94
21292.93
21398.47
21545.30
21617.69
21832.06
21845.76
21873.91
22132.93
22271.30
22475.12
22563.08
22606.33
22643.29
22648.19
22671.00
22794.47
22895.56
22961.06
23077.12
23267.16
23362.26
23466.39
23634.31
23686.53
23771.77
23819.66
24041.03
24311.51
24336.77
24386.32
24573.05
24612.17
24801.97
25100.55
25149.48
25213.78
25383.77
25436.83
25699.08
25755.03
26542.92
26576.25
26611.07
26865.07
26898.52
26994.44
28055.42
28133.24
28239.98
28820.92
28914.62
29033.12
29044.43
29375.33
29699.07
29897.02
30016.95
30461.25
30519.32
32186.94
33482.78
34061.94
34507.07
34649.62
34903.98
34924.00
38231.51
39290.82
41726.56
43847.35
