15.73
18.53
18.73
19.25
19.61
20.62
20.63
21.88
22.49
22.97
23.17
24.27
24.62
25.44
25.51
25.78
26.39
26.66
26.81
28.01
28.83
30.01
30.08
30.50
30.53
31.00
31.34
31.68
31.75
31.87
32.67
33.06
33.27
33.66
33.89
33.94
34.91
35.23
35.37
36.69
36.72
37.42
37.60
37.65
38.18
38.18
38.68
38.75
38.77
39.33
39.34
39.54
39.60
40.03
40.06
40.81
40.92
41.95
41.98
42.21
42.75
43.11
43.24
43.29
43.44
43.50
43.94
43.95
44.12
44.48
45.05
45.21
45.34
45.39
45.39
45.42
45.50
45.58
45.72
45.78
45.84
45.98
46.86
46.87
46.95
47.24
47.43
47.57
47.63
47.70
47.89
48.27
48.56
48.73
49.18
49.36
49.48
49.48
49.95
50.22
50.65
50.79
50.95
51.06
51.31
51.38
51.44
52.18
52.52
52.72
53.16
53.54
53.83
54.31
54.50
55.07
55.12
55.45
55.49
55.51
56.30
56.42
56.44
56.95
57.35
57.54
58.21
58.25
58.50
58.57
58.82
59.44
59.59
59.85
59.98
60.16
60.37
61.10
61.10
61.24
61.33
61.58
61.72
62.64
62.70
62.95
63.11
63.18
63.85
63.95
63.96
63.99
64.32
64.39
64.48
64.71
65.41
66.58
66.67
66.83
67.04
67.48
67.58
67.82
67.89
67.92
68.57
68.58
69.32
69.81
69.82
69.86
70.01
70.23
70.23
71.12
71.15
71.47
71.77
71.94
72.06
72.12
72.49
72.50
72.53
72.62
72.70
72.76
73.06
73.28
73.31
73.39
73.68
74.25
74.28
74.32
74.38
74.45
74.65
74.92
75.01
75.04
75.10
75.23
75.28
75.69
76.12
76.15
76.22
76.59
76.65
76.82
76.87
76.94
77.18
77.68
77.86
77.89
77.90
77.99
78.14
78.32
78.47
79.19
79.21
79.24
79.39
79.46
79.58
79.77
79.77
79.79
79.84
79.96
79.96
80.27
80.67
80.90
81.10
81.33
81.67
81.74
81.90
82.25
82.73
82.78
83.30
83.31
83.78
83.78
83.90
83.97
84.13
84.26
85.13
85.31
85.33
85.51
85.53
85.73
86.69
86.84
86.95
86.97
87.52
87.53
87.59
87.72
87.77
87.83
87.95
88.02
88.09
88.14
88.15
88.41
88.64
88.71
88.77
88.82
88.86
89.05
89.05
89.07
89.36
89.39
89.46
89.55
89.63
89.94
90.26
90.38
90.42
90.77
90.83
91.01
91.17
91.41
91.64
91.84
93.74
94.00
94.22
94.31
94.32
94.71
94.71
94.72
94.84
94.98
95.06
95.23
95.25
95.39
95.42
95.69
95.69
95.99
96.14
96.19
96.32
96.50
96.51
97.05
97.15
97.27
97.36
97.43
97.57
97.73
98.43
98.54
98.85
98.93
99.17
99.25
99.36
99.45
99.89
99.99
100.10
100.21
100.21
100.22
100.33
100.48
100.90
101.00
101.08
101.32
101.44
101.49
101.55
101.63
101.68
101.69
101.71
101.73
101.88
102.10
102.14
102.20
102.24
102.35
102.43
102.83
103.01
103.08
103.29
103.77
103.93
104.05
104.16
104.34
104.43
105.19
105.26
105.27
105.62
105.62
105.70
106.22
106.29
106.43
106.66
106.85
106.87
107.42
107.60
107.63
107.79
107.84
107.89
107.92
108.10
108.32
108.37
108.39
108.39
108.49
108.64
109.07
109.08
109.20
109.37
109.50
109.53
109.78
110.17
110.37
110.52
110.66
110.68
110.84
111.08
111.15
111.31
111.66
111.66
111.70
111.75
111.75
112.09
112.36
112.42
112.65
112.77
112.84
113.05
113.12
113.20
113.32
113.32
113.45
113.70
113.78
113.81
113.92
114.21
114.22
114.23
114.62
114.89
115.00
115.08
115.72
116.35
116.59
116.64
116.74
116.85
116.89
116.92
116.93
117.10
117.24
117.45
117.57
117.68
117.75
117.77
118.07
118.26
118.30
118.38
118.65
118.66
118.84
119.10
119.24
119.42
119.56
119.64
119.66
119.78
119.80
119.95
119.96
120.03
120.04
121.05
121.46
121.72
121.75
122.05
122.05
122.30
122.35
122.51
123.41
123.62
123.70
123.84
123.97
124.08
124.11
124.12
124.14
124.18
124.40
124.50
124.54
124.68
124.89
124.98
125.14
125.20
125.22
125.38
125.49
125.84
125.87
125.94
126.25
126.36
126.59
126.59
126.89
127.03
127.45
127.46
127.73
127.81
127.86
127.87
127.95
128.00
128.00
128.03
128.17
128.23
128.35
128.36
128.43
128.79
128.80
129.24
129.56
129.68
129.71
130.66
130.84
130.86
131.05
131.15
131.35
131.37
131.40
131.60
131.67
131.67
131.73
131.93
132.04
132.50
132.65
132.87
132.90
132.95
132.97
133.06
133.25
133.30
133.43
133.46
133.49
133.72
133.87
133.87
133.88
134.08
134.12
134.26
134.29
134.35
134.43
134.45
134.58
134.59
134.62
134.67
134.76
134.77
135.12
135.12
135.22
135.34
135.44
135.46
135.63
135.77
135.87
135.89
136.17
136.43
136.49
136.60
136.62
136.79
136.82
136.83
136.94
137.02
137.17
137.20
137.47
137.49
137.68
137.72
137.85
137.93
138.26
138.67
138.71
138.73
138.79
138.81
139.13
139.20
139.51
139.65
139.69
139.78
139.85
139.97
140.20
140.25
140.27
140.29
140.86
140.92
141.02
141.25
141.35
141.36
141.46
141.48
141.53
141.54
141.55
141.90
141.97
142.05
142.08
142.09
142.15
142.52
142.60
142.63
142.67
142.94
143.33
143.49
144.03
144.21
144.38
144.96
145.44
145.49
145.64
145.87
145.90
146.13
146.33
146.43
146.49
146.81
146.89
147.68
147.83
148.00
148.15
148.17
148.33
148.46
148.55
148.56
148.78
148.95
149.05
149.09
149.32
149.48
149.58
149.64
150.00
150.06
150.34
150.57
150.61
150.78
151.00
151.03
151.24
151.31
151.47
151.74
151.98
152.15
152.39
152.39
152.46
152.60
152.73
153.00
153.02
153.11
153.16
153.36
153.44
153.58
153.61
153.73
154.34
154.39
154.40
154.54
154.59
154.65
154.75
154.92
154.98
155.08
155.35
155.41
155.49
155.53
155.57
155.61
155.94
156.09
156.23
156.28
156.66
156.75
156.87
157.04
157.18
157.57
158.03
158.11
158.44
158.85
159.14
159.55
159.67
159.78
159.81
159.93
160.26
160.43
160.51
160.52
160.68
160.83
160.84
160.89
161.40
161.49
161.66
161.74
161.81
161.83
162.27
162.31
162.48
162.67
162.72
162.73
162.74
162.80
162.97
163.03
163.43
163.74
163.75
163.80
164.04
164.07
164.17
164.19
164.36
164.76
164.76
164.99
165.33
165.53
165.70
165.71
165.80
166.68
166.71
166.75
166.88
167.10
167.21
167.23
167.53
167.72
167.72
167.89
168.30
168.38
168.59
168.64
168.80
169.07
169.32
169.33
169.36
169.41
169.70
169.74
169.74
169.87
170.29
170.56
170.61
170.79
171.23
171.41
171.59
171.80
171.88
171.91
172.02
172.20
172.51
172.74
172.94
173.13
173.14
173.32
173.35
173.37
173.41
173.54
173.56
173.71
173.95
173.97
174.00
174.01
174.31
174.80
175.40
175.45
176.24
176.26
176.35
176.75
176.81
176.95
177.44
177.66
177.73
177.75
177.96
178.11
178.28
178.84
178.91
179.25
179.37
179.69
179.76
179.84
179.95
180.13
180.19
180.21
180.28
180.58
180.65
181.21
181.61
181.62
181.64
181.67
181.70
181.76
181.78
182.15
182.54
183.19
183.31
183.34
183.45
183.91
184.09
184.23
184.45
184.61
184.70
184.94
184.96
185.12
185.22
185.38
185.47
185.50
185.58
185.90
185.91
185.92
186.01
186.07
186.11
186.19
186.32
186.40
186.55
186.70
186.70
186.80
186.83
186.97
187.02
187.07
187.35
187.52
187.61
187.67
187.94
187.95
188.07
188.17
188.21
188.36
188.55
188.56
188.70
188.94
188.96
188.99
189.36
189.53
189.62
189.65
189.71
189.95
190.27
190.34
191.01
191.09
191.16
191.31
191.43
191.46
191.49
191.62
191.64
191.67
191.96
192.53
192.67
192.73
192.93
193.02
193.21
193.47
193.61
193.68
193.71
193.74
194.02
194.03
194.07
194.08
194.13
194.14
194.37
194.39
194.45
194.54
194.84
194.87
195.01
195.01
195.01
195.19
195.25
195.25
195.25
195.47
195.66
195.83
195.88
196.03
196.17
196.25
196.33
196.63
196.72
196.76
196.83
196.90
196.91
197.15
197.17
197.25
197.65
197.78
197.94
198.21
198.46
198.48
198.98
199.32
199.36
199.55
199.85
199.92
200.06
200.35
200.52
200.64
200.72
201.03
201.17
201.21
201.22
201.23
201.26
201.27
201.35
201.60
201.73
202.00
202.05
202.26
202.30
202.32
202.32
202.93
203.04
203.22
203.40
203.45
203.72
203.84
203.89
203.95
203.96
204.07
204.12
204.28
204.51
204.60
204.62
204.80
205.00
205.15
205.23
205.29
205.31
205.32
205.42
205.46
205.53
205.58
205.60
205.77
205.79
205.81
206.46
206.56
206.64
206.71
206.98
207.02
207.03
207.20
207.25
207.28
207.29
207.34
207.36
207.36
208.63
208.96
209.24
209.44
209.55
209.58
209.64
209.76
209.81
209.81
210.14
210.19
210.52
210.52
210.67
210.82
210.83
210.88
211.16
211.21
211.26
211.26
211.32
211.43
211.44
211.95
212.08
212.47
212.62
212.70
212.99
213.02
213.05
213.35
213.49
213.54
213.73
213.76
213.92
213.93
214.06
214.23
214.36
214.40
214.62
214.70
214.73
214.78
214.95
215.21
215.36
215.93
215.98
216.02
216.10
216.15
216.17
216.24
216.38
216.45
216.50
216.55
216.59
216.80
216.88
216.97
217.12
217.19
217.25
217.28
217.28
217.47
217.55
217.67
217.93
217.94
218.00
218.18
218.23
218.28
218.43
218.57
218.60
218.75
218.94
219.05
219.19
219.46
219.59
219.60
219.92
220.04
220.05
220.30
220.52
220.53
220.74
220.82
220.87
220.91
220.96
221.07
221.39
221.55
221.61
221.75
221.82
221.91
221.91
222.14
222.84
222.86
222.91
222.99
223.12
223.13
223.20
223.35
223.72
223.79
224.06
224.14
224.46
224.49
224.50
224.60
224.60
224.62
224.70
224.72
224.72
224.73
224.81
224.96
225.00
225.25
225.29
225.73
225.74
226.14
226.18
226.51
226.52
226.67
226.79
226.84
226.86
227.21
227.34
227.40
227.76
227.76
227.77
227.80
228.16
228.18
228.23
228.43
228.76
228.88
228.98
229.14
229.15
229.17
229.27
229.34
229.35
229.35
229.38
229.54
230.04
230.23
230.28
230.42
230.59
231.22
231.38
231.46
231.53
232.07
232.22
232.41
232.44
232.77
233.18
233.27
233.50
233.87
234.05
234.06
234.08
234.30
234.71
234.76
234.94
235.08
235.72
235.98
236.09
236.21
236.22
236.30
236.36
236.69
236.74
236.77
236.96
237.02
237.06
237.15
237.42
237.47
237.48
237.81
237.88
238.20
238.29
238.44
238.86
239.07
239.19
239.21
239.42
239.55
239.58
239.59
239.63
239.65
239.82
239.92
240.38
240.43
240.71
240.73
240.73
240.86
240.94
240.98
241.01
241.08
241.29
241.71
242.16
242.47
242.50
242.55
242.65
242.79
242.99
243.33
243.35
243.51
243.62
244.24
244.38
244.40
244.51
244.66
244.68
244.75
245.13
245.17
245.31
245.33
245.56
245.61
245.66
245.83
245.85
245.97
245.97
246.33
246.38
246.48
246.54
246.74
247.18
247.32
247.44
247.49
247.68
247.75
247.81
247.81
248.03
248.06
248.15
248.17
248.21
248.29
248.35
248.84
248.87
248.88
248.97
249.16
249.25
249.38
249.57
249.57
249.81
250.20
250.32
250.52
250.53
250.59
250.65
250.97
251.03
251.03
251.25
251.37
251.39
251.82
251.87
252.06
252.15
252.34
252.36
252.67
252.68
252.70
252.74
252.84
252.95
253.11
253.20
253.39
253.44
253.45
253.46
253.48
253.54
253.61
253.95
254.10
254.36
254.41
254.43
254.90
254.94
255.16
255.29
255.34
255.99
256.29
256.37
256.65
256.82
256.84
256.87
256.97
256.97
257.41
257.46
257.54
257.63
257.74
257.78
257.93
258.20
258.22
258.64
258.79
258.86
258.88
259.03
259.14
259.19
259.28
259.39
259.45
259.68
259.79
259.85
260.04
260.04
260.33
260.34
260.40
260.56
260.56
260.65
260.72
260.75
260.99
261.27
261.35
261.71
261.75
262.16
262.24
262.31
262.38
262.43
262.63
262.64
262.90
263.02
263.26
263.33
263.42
263.46
263.74
263.89
264.17
264.58
264.66
265.05
265.25
265.46
265.73
266.29
266.49
266.74
266.79
267.05
267.12
267.30
267.58
267.61
267.66
267.67
267.84
268.05
268.36
268.52
268.60
268.78
268.81
269.02
269.04
269.05
269.31
269.48
269.50
269.54
269.71
269.81
269.88
269.91
270.32
270.44
270.73
270.85
270.89
270.93
271.08
271.09
271.57
271.82
271.85
271.86
271.94
271.96
272.03
272.19
272.51
272.72
272.78
273.18
273.30
273.48
273.58
273.67
273.75
274.40
274.45
274.56
274.65
274.69
274.87
274.96
274.97
275.30
275.30
275.43
275.71
275.85
275.95
275.95
276.29
276.73
276.74
276.79
276.89
276.93
276.98
277.05
277.67
277.75
277.79
277.87
277.88
278.12
278.18
278.24
278.38
278.49
278.64
278.64
278.81
279.23
279.23
279.28
279.42
279.43
279.59
279.59
279.60
279.62
280.03
280.19
280.26
280.35
280.39
280.65
280.70
280.89
281.02
281.29
281.46
281.66
281.84
282.11
282.43
282.44
282.60
282.62
282.68
283.04
283.05
283.22
283.53
283.84
283.91
283.92
283.99
284.05
284.42
284.43
284.82
284.89
285.12
285.16
285.62
285.69
285.84
285.86
286.03
286.04
286.63
286.99
287.10
287.21
287.60
287.63
287.65
287.85
287.97
288.04
288.04
288.20
288.30
288.31
288.32
288.68
288.72
288.78
288.79
288.81
288.88
288.90
288.91
288.95
289.09
289.13
289.21
289.56
289.71
289.89
289.90
289.91
289.93
290.24
290.27
290.54
290.96
290.97
291.13
291.31
291.46
291.87
292.14
292.20
292.72
292.98
293.10
293.12
293.61
293.61
293.64
293.67
293.94
294.10
294.15
294.47
294.73
294.76
294.99
295.00
295.12
295.32
295.33
295.49
295.91
295.92
296.09
296.11
296.30
296.40
296.42
296.66
296.68
297.05
297.09
297.25
297.40
297.46
297.81
297.91
298.26
298.29
298.53
298.54
298.62
298.63
298.75
298.83
299.18
299.39
299.61
299.74
299.83
299.99
299.99
300.00
300.32
300.35
300.52
300.78
300.87
300.91
300.93
301.09
301.15
301.16
301.29
301.39
301.40
301.50
301.62
301.75
302.04
302.13
302.18
302.19
302.19
302.21
302.34
302.65
302.90
303.04
303.06
303.47
303.58
303.81
303.89
304.18
304.21
304.39
304.58
304.60
304.69
304.85
304.89
304.99
304.99
305.01
305.05
305.07
305.39
305.42
305.49
305.50
305.55
305.67
306.12
306.43
306.93
306.98
307.29
307.30
307.38
307.45
307.53
307.71
307.72
307.88
307.88
307.91
308.32
308.36
308.42
308.67
309.07
309.16
309.55
309.97
310.09
310.32
310.37
310.43
310.58
311.08
311.12
311.70
311.71
311.74
311.74
312.11
312.19
312.21
312.28
312.28
312.29
312.33
313.14
313.24
313.27
313.29
313.33
313.96
313.99
314.02
314.09
314.20
314.21
314.24
314.27
314.40
314.41
314.81
314.82
315.92
316.21
316.21
316.51
316.52
316.53
316.54
316.65
316.69
316.99
317.57
317.64
317.80
318.07
318.37
318.37
318.49
318.73
319.07
319.27
319.32
319.60
319.62
319.63
319.76
320.38
320.39
320.60
321.13
321.21
321.56
321.71
322.10
322.18
322.48
322.61
323.09
323.31
323.40
323.67
323.90
323.91
324.28
324.94
325.01
325.03
325.49
325.55
325.62
325.74
325.92
325.94
326.01
326.25
326.32
326.87
327.06
327.21
328.05
328.06
328.69
329.45
329.50
329.55
329.57
329.81
329.88
329.98
330.05
330.06
330.07
330.07
330.40
330.49
330.82
330.94
331.00
331.15
331.28
331.37
331.50
331.53
331.70
331.80
332.18
332.25
332.41
332.54
333.00
333.38
333.44
333.53
333.63
333.63
334.03
334.05
334.14
334.14
334.34
334.65
334.69
334.70
334.93
334.96
335.01
335.11
335.20
335.29
335.62
335.67
335.84
336.10
336.33
336.54
336.56
336.62
336.71
336.74
336.80
336.82
336.90
336.94
336.95
336.99
337.11
337.26
337.40
337.59
337.82
337.90
337.96
338.23
338.35
338.40
338.46
338.47
338.68
338.78
338.90
339.28
339.37
339.50
339.54
339.65
339.89
339.93
340.00
340.13
340.16
340.32
340.36
340.39
340.40
340.56
340.64
340.86
341.51
341.88
342.12
342.13
342.19
342.23
342.26
342.36
342.50
342.53
342.90
343.07
343.11
343.18
343.24
343.25
343.31
343.72
344.03
344.30
344.37
344.45
344.58
344.76
344.93
345.23
345.25
345.30
345.30
345.41
345.43
345.45
345.63
345.88
345.88
345.89
346.08
346.43
346.62
346.76
347.13
347.15
347.50
347.78
347.93
347.95
348.12
348.25
348.26
348.28
348.41
348.49
348.84
348.85
348.89
348.92
349.02
349.14
349.75
349.97
349.98
350.06
350.11
350.40
350.44
350.46
350.62
350.80
350.87
350.88
350.95
350.96
351.29
351.53
351.64
351.68
352.22
352.46
352.56
352.62
353.02
353.17
353.17
353.43
353.45
353.50
353.77
353.85
353.97
354.50
354.72
354.91
355.29
355.36
355.39
355.47
355.56
355.86
357.03
357.12
357.30
357.53
357.61
357.82
357.83
357.95
358.12
358.23
358.43
358.69
358.94
359.34
359.52
359.80
359.98
360.04
360.16
360.74
360.89
360.96
361.12
361.22
361.22
361.24
361.33
361.38
361.68
361.78
361.92
362.04
362.22
362.37
362.53
362.70
362.83
362.85
362.97
363.09
363.11
363.34
363.73
363.84
363.96
364.16
364.19
364.32
364.41
364.50
364.68
364.73
364.88
364.92
364.94
365.78
365.80
366.03
366.07
366.84
367.42
367.63
367.66
367.71
367.76
368.28
368.72
368.85
368.90
369.31
369.39
369.39
369.48
369.81
370.51
370.57
370.79
370.92
371.29
371.33
371.41
371.67
372.67
373.41
373.44
373.64
373.68
373.97
374.12
374.67
374.70
374.74
374.80
375.21
375.32
375.42
375.44
375.72
375.83
375.96
376.06
376.14
376.39
376.50
376.76
377.10
377.13
377.39
377.61
377.62
377.65
377.72
377.76
377.90
377.95
378.07
378.25
378.49
378.61
378.73
378.83
379.10
379.53
379.55
379.57
379.60
379.60
379.66
379.80
379.94
380.65
380.67
380.68
381.16
381.32
381.37
381.40
381.68
381.94
382.21
382.26
382.27
382.33
382.36
382.46
382.48
382.62
382.99
383.00
383.23
383.37
383.75
383.79
384.18
384.22
384.22
384.34
384.59
384.83
384.84
384.88
384.96
385.07
385.60
385.61
385.63
385.67
385.91
386.05
386.36
386.89
387.18
387.21
387.43
387.82
387.94
388.34
388.42
388.58
388.66
388.69
388.79
388.90
388.95
389.08
389.28
389.47
389.48
389.78
389.86
390.08
390.10
390.48
390.86
391.04
391.09
391.20
391.25
391.65
391.83
391.84
391.97
391.98
392.24
392.32
392.33
392.72
393.01
393.20
393.31
393.40
393.74
393.83
394.01
394.20
394.23
394.39
394.49
394.83
395.08
395.31
395.34
395.36
395.38
395.55
395.66
395.70
396.05
396.48
396.54
396.80
396.95
397.02
397.13
397.45
397.47
397.54
397.63
397.66
397.90
398.06
398.13
398.15
398.15
398.42
398.42
398.76
398.99
399.13
399.15
399.30
399.60
399.97
400.09
400.13
400.22
400.38
400.50
401.03
401.04
401.50
402.06
402.10
403.21
403.41
403.67
403.73
403.77
403.83
403.85
404.19
404.28
404.53
404.61
404.65
404.66
404.71
404.88
404.90
405.08
405.32
405.78
406.17
406.33
406.81
406.98
407.08
407.46
407.48
407.63
407.72
407.88
407.93
408.24
408.41
408.55
408.67
408.83
409.16
409.20
409.24
409.30
409.30
409.63
410.11
410.11
410.21
410.45
410.46
410.48
410.49
410.49
410.49
410.68
410.81
410.85
411.00
411.21
411.34
411.63
411.88
411.89
411.91
412.36
412.45
412.48
413.34
413.48
413.63
413.80
414.20
414.25
414.28
414.68
414.77
415.01
415.02
415.24
415.43
415.45
415.51
415.60
415.63
415.88
416.10
416.14
416.52
417.09
417.48
417.57
417.72
418.19
418.29
418.32
418.49
418.55
418.65
418.66
419.01
419.08
419.30
419.68
420.07
420.13
420.36
420.46
420.59
420.61
420.88
420.98
422.07
422.13
422.38
422.44
422.84
422.86
423.02
423.05
423.07
423.10
424.36
424.64
424.64
424.75
424.89
425.00
425.13
425.21
425.37
425.37
425.49
425.92
425.97
426.18
426.46
427.15
427.23
427.33
427.43
427.54
427.74
427.82
427.85
427.86
427.92
427.97
427.99
428.03
428.08
428.46
428.90
429.13
429.14
429.15
429.17
429.33
429.84
430.07
430.09
430.34
430.74
430.94
431.03
431.12
431.16
431.17
431.22
431.63
431.67
431.89
431.97
431.98
432.00
432.12
432.15
432.53
432.98
433.26
433.30
433.72
433.76
433.78
434.42
434.63
434.73
434.75
434.85
434.88
435.01
435.19
435.23
435.30
435.32
435.56
435.75
435.78
436.12
436.34
436.36
436.46
436.71
437.01
437.20
437.21
437.91
438.31
438.53
438.53
438.59
438.64
438.74
438.82
439.07
439.37
439.47
439.57
439.60
439.70
439.90
440.19
440.44
440.49
440.50
440.57
441.01
441.05
441.06
441.21
441.53
441.72
441.76
442.31
442.71
442.86
443.23
443.25
443.35
443.40
443.74
443.74
443.74
443.95
444.11
444.11
444.17
444.50
444.57
444.60
444.89
444.90
445.05
445.56
445.61
445.99
446.12
446.26
446.36
446.55
447.40
447.41
447.72
448.14
448.27
448.64
448.90
448.91
448.96
449.11
449.37
449.50
449.70
449.83
449.89
449.89
450.06
450.14
450.50
451.02
451.37
451.40
451.55
451.57
452.08
452.47
452.74
452.77
452.87
452.95
453.05
453.12
453.20
453.42
453.99
454.02
454.32
454.45
454.54
454.93
455.31
455.33
456.01
456.01
456.12
456.34
456.45
456.68
457.14
457.42
457.78
458.18
458.26
458.53
458.76
458.81
459.08
459.08
459.56
460.17
460.17
460.95
461.23
461.33
461.53
461.68
462.03
462.17
462.18
462.23
462.33
462.36
463.22
463.22
463.35
463.38
463.59
463.61
463.93
464.21
464.35
464.44
465.78
466.03
466.53
466.54
466.57
466.69
466.86
467.03
467.52
467.87
467.97
468.05
468.24
468.42
468.45
468.48
468.81
468.90
469.14
469.16
469.21
469.27
469.28
469.33
469.52
469.71
469.88
469.98
470.16
470.35
470.53
470.65
470.71
471.02
471.22
471.22
471.34
472.01
472.02
472.02
472.15
472.36
472.68
472.98
473.12
473.22
473.62
473.79
474.02
474.31
474.47
474.58
474.73
474.94
475.11
475.47
475.64
475.70
475.70
475.93
475.97
476.28
476.44
476.59
476.62
476.70
476.83
476.95
477.12
477.17
477.31
477.33
477.49
477.55
478.31
478.35
478.41
478.93
478.97
479.10
479.17
479.78
479.88
480.26
480.35
480.98
481.05
481.19
481.80
481.93
481.96
482.26
482.40
482.41
482.66
482.72
482.81
482.83
482.96
483.00
483.03
483.17
483.28
483.62
483.65
483.85
483.86
484.33
484.61
484.63
484.65
484.76
484.90
485.05
485.06
485.14
485.23
485.29
485.31
485.33
485.46
485.56
485.71
485.81
485.88
486.28
486.92
487.27
487.30
487.30
487.41
487.41
487.47
487.63
488.20
488.29
488.58
488.65
489.46
489.51
489.61
489.87
490.08
490.20
490.46
490.63
490.73
491.00
491.06
491.06
491.46
492.02
492.18
492.39
492.39
492.48
492.71
492.83
492.92
493.46
493.46
493.57
493.63
494.01
494.09
494.11
494.15
494.51
494.53
494.60
494.61
495.48
495.49
495.78
495.85
496.58
496.75
496.76
497.18
497.30
497.41
497.49
497.58
497.65
497.93
497.94
497.98
498.31
498.36
498.58
498.70
498.76
498.98
499.16
499.17
499.22
499.40
499.66
499.76
500.09
500.15
500.17
500.22
500.22
500.46
500.67
500.75
501.20
501.25
501.31
502.12
502.20
502.64
502.76
503.05
503.10
503.46
503.58
503.59
503.93
504.05
504.22
504.40
504.46
504.56
504.77
504.86
505.13
505.25
505.49
506.10
506.16
506.19
506.20
506.21
506.41
506.53
506.57
506.86
506.87
507.07
507.19
507.33
507.46
507.46
507.58
507.61
507.65
507.71
507.79
508.04
508.11
508.18
508.35
508.68
509.00
509.19
509.38
509.53
509.54
509.96
510.01
510.15
510.44
510.78
510.84
510.97
510.98
511.13
511.50
511.65
511.66
512.05
512.05
512.20
512.95
512.95
512.98
513.24
513.28
513.38
513.54
513.67
513.83
513.96
514.15
514.18
514.22
514.30
514.31
515.00
515.51
515.65
515.79
516.05
516.06
516.08
516.11
516.21
516.26
516.32
516.46
516.85
516.85
517.30
518.25
518.62
518.63
518.69
518.91
519.09
519.12
519.28
519.30
519.34
519.59
519.70
519.88
520.76
520.99
521.40
521.48
521.60
522.00
522.14
522.20
522.28
522.29
522.58
522.65
522.81
523.17
523.22
523.84
524.15
524.18
524.55
524.86
524.94
525.68
525.74
525.81
525.97
526.03
526.06
526.07
526.62
526.89
527.29
527.39
527.66
527.77
528.28
528.35
528.46
528.50
528.71
528.72
528.76
528.78
528.86
528.97
529.10
529.23
529.74
530.47
530.92
530.95
531.24
531.39
531.50
531.62
532.41
533.42
533.47
533.81
533.81
534.02
534.44
534.59
534.78
535.18
535.21
535.48
535.50
535.52
535.57
535.67
536.03
536.05
536.25
536.40
536.74
537.17
537.57
537.62
537.62
537.72
538.16
539.06
539.17
539.20
539.39
539.40
539.47
539.57
539.58
539.62
539.88
539.94
539.97
540.09
540.15
540.15
540.15
540.40
540.74
540.93
541.06
541.08
541.33
541.38
541.43
541.46
541.58
541.72
542.18
542.18
542.37
542.72
543.25
543.36
543.77
544.16
544.31
544.57
544.60
544.64
545.34
545.47
545.92
546.09
546.15
546.77
547.06
547.31
547.53
548.02
548.42
548.56
548.62
548.72
549.20
549.31
549.59
549.67
549.73
549.79
549.83
550.47
550.95
551.65
551.70
551.75
551.81
552.05
552.14
552.17
552.55
553.17
553.36
553.39
553.43
553.75
553.85
554.13
554.26
554.26
554.28
554.33
554.48
554.98
555.27
555.32
555.33
555.37
555.50
555.67
555.72
556.02
556.05
556.47
556.74
556.97
557.00
557.56
557.58
557.64
557.67
557.95
557.97
558.01
558.26
558.87
559.05
559.09
559.14
559.73
559.86
559.92
560.08
560.16
561.30
561.41
561.66
562.09
562.17
562.26
562.71
563.18
564.28
564.64
564.87
564.91
565.03
565.09
565.12
565.13
565.27
565.78
565.99
566.51
566.84
567.18
567.23
567.72
567.91
567.94
568.03
568.08
568.09
568.24
568.29
568.33
568.37
568.90
569.15
569.17
569.46
569.77
569.81
569.85
569.97
570.06
570.19
570.48
570.55
570.80
570.85
570.89
571.03
571.39
571.46
571.54
571.55
571.59
571.68
571.83
572.35
572.39
572.63
572.67
572.70
572.79
573.24
573.27
573.33
573.47
573.81
573.94
574.12
574.35
574.76
574.83
574.86
575.16
575.56
575.59
575.60
576.09
576.20
576.23
576.47
576.76
576.89
577.36
577.38
577.58
577.74
577.96
578.21
578.71
579.16
579.60
579.75
579.93
580.01
580.14
580.22
580.51
580.67
580.86
580.94
581.07
581.42
582.47
582.60
582.67
583.14
583.14
583.54
583.63
583.81
585.24
585.24
585.30
585.65
585.67
585.77
585.84
586.02
586.16
586.24
586.69
586.73
586.77
586.99
587.09
587.48
588.09
588.57
588.65
588.82
588.92
589.04
589.49
589.64
589.77
589.87
590.09
590.18
590.29
590.43
590.59
590.66
591.06
591.64
591.76
591.83
591.99
592.31
593.00
593.35
593.50
593.62
593.66
593.71
594.11
594.35
594.52
594.65
594.76
594.85
594.86
595.13
595.15
595.28
595.59
595.67
595.68
596.15
596.15
596.16
596.20
596.31
596.35
596.46
596.68
596.84
597.02
597.10
597.14
597.41
597.48
597.65
597.77
598.02
598.73
598.78
599.04
599.48
599.83
600.01
600.31
600.61
600.70
600.78
601.01
601.34
601.63
601.71
601.73
601.83
601.92
602.03
602.40
602.58
602.58
602.77
603.11
603.26
603.41
603.83
604.22
604.48
604.77
605.04
605.32
605.37
605.38
605.52
605.72
605.78
605.81
606.01
606.10
606.11
606.15
606.48
606.96
607.09
607.42
607.65
607.66
607.70
607.77
607.84
607.85
607.94
608.01
608.03
608.03
608.31
609.02
609.21
610.08
610.12
610.45
611.33
611.33
611.35
611.52
612.15
612.37
612.42
612.61
612.62
613.38
613.58
613.79
614.09
614.82
614.88
615.03
615.15
615.23
615.68
615.96
616.36
616.64
616.74
616.74
616.93
617.50
617.78
618.01
618.02
619.02
619.09
619.20
619.24
619.34
619.42
619.70
619.74
619.81
619.96
620.22
620.46
620.56
620.85
620.91
621.47
621.62
621.63
621.97
622.24
622.51
622.63
622.72
622.96
623.05
623.73
623.92
624.02
624.15
624.23
624.29
624.76
625.08
625.15
625.21
625.49
625.56
625.94
626.16
626.25
626.48
626.70
626.74
626.74
626.97
627.15
627.43
627.52
627.61
627.63
627.71
627.90
627.97
628.16
628.41
628.43
628.48
628.79
628.82
629.01
629.14
629.20
629.25
629.40
629.70
629.81
630.01
630.29
630.34
630.35
630.77
631.22
631.52
631.69
631.71
631.95
631.97
632.06
632.19
632.70
632.74
633.14
633.64
633.71
633.98
634.45
634.47
634.56
634.63
634.65
634.87
635.11
635.15
635.20
635.39
635.48
635.57
635.92
636.07
636.14
636.52
636.57
636.85
637.06
637.32
637.43
637.54
638.01
638.14
638.16
638.20
638.25
638.39
638.45
638.60
638.61
638.65
638.86
638.88
638.93
638.99
639.04
639.45
640.77
640.84
641.03
641.36
641.40
641.54
641.61
641.62
641.70
641.77
641.91
642.12
642.20
642.51
642.70
642.78
642.90
643.09
643.85
644.03
644.21
644.49
644.58
644.58
645.03
645.06
645.80
646.15
646.41
647.12
647.24
647.77
647.86
648.00
648.16
648.30
648.59
648.78
648.95
648.96
649.13
649.42
649.46
649.49
649.57
649.67
649.68
650.73
650.76
651.26
651.50
651.67
652.02
652.09
652.27
652.59
652.87
652.91
653.09
653.32
653.51
653.63
653.71
654.08
654.38
654.47
654.53
654.67
654.83
655.15
655.54
655.74
656.21
656.22
656.27
656.47
656.59
656.74
656.96
656.99
657.08
657.34
658.19
658.26
658.32
659.24
659.33
659.57
660.17
660.53
660.80
660.98
661.09
661.29
661.68
661.81
662.18
662.29
663.03
663.27
663.28
663.51
663.60
663.66
663.79
664.04
664.53
664.74
665.05
665.34
665.34
665.76
666.00
666.10
666.12
666.64
667.31
667.40
667.78
667.89
667.92
667.96
668.02
668.53
669.24
669.27
669.37
669.53
669.61
669.75
669.76
669.96
670.42
670.54
670.64
670.70
670.72
671.67
671.70
672.05
672.08
672.55
672.65
672.65
672.69
672.82
673.40
673.63
673.81
674.14
675.11
675.49
675.54
675.58
675.85
675.89
676.05
676.27
676.69
677.29
677.45
677.84
677.87
677.98
678.25
678.36
678.97
679.14
679.65
679.75
679.80
679.83
680.18
680.44
680.47
680.70
681.24
681.55
681.68
681.76
682.27
682.34
682.80
682.99
683.02
683.20
683.32
683.47
683.51
684.13
684.17
684.39
684.66
684.97
685.12
685.15
685.29
685.56
685.56
685.73
686.32
686.43
686.49
686.90
686.96
686.98
687.05
687.38
687.48
687.72
687.73
687.82
687.94
688.02
688.34
688.53
688.73
688.95
689.14
689.50
689.90
690.04
690.07
690.22
690.22
690.41
690.41
690.64
691.32
691.47
691.47
691.99
692.09
692.21
692.45
692.47
692.72
693.04
693.26
693.33
693.41
693.77
693.95
694.68
694.70
695.07
695.28
695.29
695.53
695.91
695.92
695.93
696.06
696.14
696.50
697.02
697.06
697.06
697.47
697.54
697.70
697.75
697.77
697.79
697.91
698.44
699.06
699.19
699.72
699.74
699.78
699.86
699.98
700.07
700.10
700.21
700.31
700.46
700.46
700.59
700.74
701.23
701.32
701.37
701.49
701.75
701.78
701.95
702.07
702.16
702.41
702.57
702.90
703.11
703.14
703.18
703.40
703.64
703.65
703.84
704.01
704.01
704.38
704.67
704.69
705.09
705.12
705.16
705.16
705.21
705.77
705.84
705.87
705.91
706.90
706.94
706.94
707.53
707.56
707.78
708.08
708.26
708.61
708.84
708.92
709.06
709.08
709.55
709.56
709.64
709.85
710.02
710.89
710.92
711.30
711.76
712.05
712.33
712.43
712.84
712.92
713.37
713.81
713.92
713.99
714.27
714.39
714.69
714.91
714.97
715.10
715.25
715.80
715.89
715.95
715.96
716.61
716.86
716.99
717.01
717.18
717.21
717.45
717.59
717.90
718.25
718.26
718.35
718.58
718.60
718.88
719.06
719.25
719.26
719.39
719.41
719.47
719.65
720.45
720.46
720.50
721.34
721.51
721.60
721.78
721.81
722.13
722.44
722.53
723.23
723.66
723.75
724.35
724.40
724.47
724.55
724.57
724.89
724.90
725.05
725.16
725.27
725.30
725.35
725.42
725.60
725.82
726.60
726.87
726.92
726.93
727.30
727.55
727.61
727.85
728.26
728.98
729.09
729.22
729.25
729.75
730.11
730.25
730.39
730.54
730.77
730.98
730.99
731.07
731.23
731.52
732.09
732.20
732.30
732.31
732.40
732.55
732.59
732.97
734.21
734.73
734.78
734.89
735.46
735.51
735.71
735.77
735.84
735.84
735.87
736.41
736.66
736.91
737.05
737.46
737.94
738.01
738.29
738.47
738.78
738.82
738.87
738.91
738.95
739.00
739.27
739.42
739.89
739.96
740.08
740.41
740.55
740.67
740.68
742.30
742.49
742.66
742.87
742.95
743.40
743.41
743.57
744.48
744.81
744.98
745.00
745.24
745.25
745.30
745.42
745.94
745.95
746.55
746.69
747.11
747.20
747.52
747.66
747.74
747.81
747.95
748.65
748.88
748.90
749.14
749.15
750.44
750.75
751.18
751.21
751.34
751.53
751.71
752.24
752.37
752.44
752.44
752.52
752.66
752.69
752.75
753.15
753.23
753.94
755.66
756.10
756.49
756.50
756.58
756.88
756.91
756.91
757.35
757.38
757.92
758.07
758.23
758.65
759.13
759.59
760.07
760.29
760.36
760.37
760.50
760.75
760.93
761.07
761.20
761.28
761.30
761.47
761.54
762.13
762.23
762.62
762.67
762.97
763.07
763.10
763.45
763.80
764.94
765.10
765.48
765.58
765.81
765.84
765.95
765.98
766.00
766.02
766.46
766.58
766.99
767.28
768.13
768.14
768.24
768.26
768.32
768.77
769.25
769.72
770.46
770.65
770.95
771.02
771.10
771.31
771.35
771.70
771.86
772.29
772.45
772.60
772.63
772.76
772.78
773.03
773.12
773.18
773.28
773.46
773.47
774.13
774.26
774.68
774.87
775.27
775.40
775.41
775.47
775.56
776.18
776.52
776.57
777.40
777.58
777.76
777.81
778.13
778.20
778.73
778.88
779.04
779.43
779.53
779.96
781.21
781.61
782.33
782.46
782.48
782.72
782.77
782.98
783.36
783.43
784.48
784.71
785.40
785.52
785.57
785.72
786.41
786.61
786.91
787.26
787.27
787.33
787.51
787.55
787.83
788.13
788.27
788.34
788.42
788.86
789.20
789.26
789.78
790.09
790.16
790.28
790.36
790.62
790.65
790.93
791.23
791.30
791.72
791.85
791.87
792.29
792.47
792.89
792.92
793.63
793.65
793.67
793.90
794.05
794.67
794.85
795.41
795.65
795.96
796.03
796.17
796.18
796.36
797.32
797.32
797.44
798.44
798.55
798.56
798.56
799.43
800.00
800.50
800.52
800.61
800.85
801.52
801.87
802.00
802.03
802.32
802.64
802.68
803.00
803.32
803.44
803.78
804.01
804.06
804.07
804.07
804.46
805.06
805.10
805.10
805.10
805.16
805.51
805.59
805.62
806.05
806.35
806.67
806.71
807.27
807.43
807.45
807.69
807.73
808.05
808.78
808.93
809.17
809.24
809.84
809.86
809.93
810.01
810.30
810.57
810.93
811.33
812.23
813.01
813.03
813.20
813.24
813.26
813.92
814.22
814.33
814.55
814.93
815.06
815.11
815.57
815.62
816.19
816.48
816.60
817.16
817.25
817.43
817.74
817.92
818.46
818.48
818.73
820.12
820.35
821.35
821.59
821.62
821.85
821.97
822.26
822.33
822.61
822.85
822.87
823.15
823.22
823.36
823.37
823.63
823.70
823.86
824.26
824.34
824.62
825.00
825.06
825.08
825.40
825.45
825.55
825.68
825.73
825.87
827.62
827.73
827.78
827.85
827.88
828.16
829.12
829.26
829.40
829.50
830.76
831.25
831.32
832.59
832.87
832.99
833.15
833.22
833.36
834.12
834.21
834.50
835.07
835.60
835.94
836.04
836.47
836.85
837.51
837.65
837.94
838.00
838.27
839.32
839.63
839.88
840.08
840.23
840.40
840.70
841.32
841.66
841.80
842.21
842.95
843.39
843.45
843.60
843.78
843.86
844.09
844.48
844.59
844.81
844.89
844.93
845.14
845.19
845.26
845.27
845.78
845.80
846.13
846.24
846.24
846.48
847.61
847.74
847.90
848.00
849.80
849.87
850.12
850.15
850.16
850.83
851.05
851.23
851.42
851.62
851.66
852.05
852.34
852.39
852.45
852.57
852.62
853.59
853.86
854.09
854.30
854.70
854.72
855.15
855.30
855.64
855.69
856.59
856.74
856.92
856.99
857.02
857.28
857.81
857.91
858.42
858.90
859.33
859.48
860.09
860.13
860.20
860.44
860.44
860.66
861.14
861.20
861.25
861.37
862.14
862.27
862.59
862.76
863.75
863.78
863.83
864.03
864.06
864.08
864.22
864.24
864.29
864.55
864.55
864.60
864.64
864.95
865.35
865.72
865.92
866.00
866.27
866.59
866.65
866.91
867.25
867.65
867.86
868.07
868.24
869.09
869.16
869.19
869.33
869.58
870.46
870.49
870.51
870.54
870.85
870.97
871.05
871.58
872.16
872.41
872.53
872.61
872.64
872.70
872.86
873.33
873.69
873.84
873.86
874.12
874.33
874.43
874.76
875.04
875.17
875.35
875.76
877.09
877.26
877.32
877.40
877.40
878.60
879.12
879.33
880.23
880.41
880.63
880.96
881.04
881.19
881.20
881.29
881.34
881.53
881.83
882.03
882.27
882.73
883.26
883.64
883.90
884.52
885.06
885.10
885.42
885.58
885.92
886.06
886.22
886.38
886.48
886.65
886.67
886.68
886.69
886.83
886.84
887.27
887.37
887.73
888.29
888.35
888.91
888.93
889.89
889.96
890.86
891.02
891.21
891.39
891.53
892.04
892.11
893.67
894.68
894.75
895.06
895.61
895.99
896.15
896.25
896.40
896.71
896.89
897.09
897.16
897.49
897.69
898.15
898.40
898.61
899.09
899.32
899.52
899.73
899.75
899.91
901.00
901.22
901.41
901.44
901.44
901.59
901.76
902.30
902.66
903.15
903.41
903.67
904.28
904.32
904.41
904.42
904.70
905.13
905.62
905.65
905.91
906.24
906.60
906.64
906.70
907.16
908.04
908.33
908.42
908.49
908.67
908.69
909.00
909.04
909.07
909.85
909.91
910.08
910.18
911.58
911.90
912.12
912.71
913.26
913.67
913.71
913.76
913.89
914.17
914.29
914.32
914.61
915.01
915.09
915.11
915.25
915.94
916.00
916.97
918.27
918.50
918.71
919.10
919.45
919.67
920.09
920.73
920.98
921.15
921.49
921.90
922.12
922.63
922.90
923.04
923.16
923.28
923.57
923.94
924.08
924.31
925.20
925.47
925.48
926.39
926.58
926.74
926.94
926.95
927.21
927.41
927.55
927.70
927.76
927.79
928.07
928.29
928.56
928.70
928.84
928.92
929.60
929.65
929.74
930.34
930.73
931.16
931.23
931.55
931.57
931.62
931.69
931.82
931.88
931.89
931.95
931.95
932.01
932.07
932.17
932.17
932.55
933.20
933.33
933.60
934.18
934.46
935.27
935.38
935.41
935.86
935.99
936.00
936.38
936.46
936.48
936.73
936.83
936.96
936.98
937.33
938.02
938.39
938.87
938.98
939.16
939.65
939.76
940.03
940.12
940.20
941.00
941.31
941.48
941.86
942.03
942.07
942.67
942.89
943.43
943.55
943.64
943.67
944.14
944.35
944.64
944.67
944.85
944.89
945.20
945.41
945.92
946.66
946.74
947.06
947.86
948.05
948.06
948.14
948.20
948.36
948.38
948.45
948.54
949.18
949.34
949.56
949.56
949.59
949.60
949.82
950.27
950.49
950.50
951.18
951.37
951.40
951.41
951.49
951.54
951.75
951.77
951.97
952.39
952.41
952.62
952.71
952.91
952.91
953.11
953.19
953.20
953.23
953.39
953.60
953.96
954.45
954.55
955.41
955.58
956.57
956.60
956.61
957.23
957.24
957.86
958.13
958.13
958.55
958.55
958.88
959.08
959.49
959.53
959.67
959.95
960.57
960.71
961.54
961.56
961.64
961.86
962.03
962.10
962.14
962.53
962.54
962.56
962.57
962.91
963.18
963.71
964.04
964.47
964.49
964.60
965.01
965.10
965.57
965.72
965.78
966.23
966.64
966.91
966.92
967.59
968.02
968.35
968.35
968.53
969.14
969.51
969.99
970.37
970.85
971.50
972.66
972.79
972.98
973.10
973.18
973.41
973.77
974.31
974.32
975.16
975.99
976.08
977.17
978.10
978.32
978.36
978.54
978.70
978.96
979.48
979.97
980.42
981.00
981.14
981.59
981.76
981.95
982.16
982.29
982.35
982.78
983.18
983.36
983.57
983.72
984.00
985.26
985.89
986.12
986.31
986.38
986.59
986.95
988.11
988.26
988.32
988.33
988.46
988.59
988.64
988.97
989.08
989.88
990.07
990.25
990.79
990.89
991.43
991.67
991.73
992.21
992.23
992.38
992.97
993.07
993.09
993.19
993.95
993.98
994.57
994.74
994.89
996.10
996.66
996.85
998.38
998.90
999.22
999.67
1000.07
1000.77
1000.90
1001.27
1001.32
1001.77
1001.84
1001.87
1002.24
1002.46
1002.83
1002.86
1002.99
1003.17
1003.25
1003.35
1003.46
1003.47
1004.80
1005.25
1005.26
1005.26
1005.63
1005.74
1006.11
1006.75
1006.95
1007.07
1007.49
1007.55
1007.78
1008.01
1008.03
1008.77
1008.89
1009.39
1009.41
1009.42
1009.46
1010.10
1010.69
1011.59
1011.73
1011.80
1011.80
1011.95
1012.26
1012.52
1013.10
1013.86
1014.08
1014.43
1014.87
1015.02
1015.58
1015.97
1016.25
1016.67
1016.83
1017.74
1017.99
1018.10
1018.49
1018.65
1019.16
1019.26
1019.34
1019.61
1019.71
1019.98
1020.10
1020.97
1021.42
1022.50
1022.71
1022.98
1023.56
1023.58
1024.22
1024.40
1024.59
1024.73
1025.50
1025.64
1026.32
1026.41
1026.57
1026.61
1027.40
1027.71
1027.87
1028.15
1028.24
1028.93
1029.13
1029.35
1030.19
1030.35
1030.36
1030.76
1030.83
1031.10
1031.10
1031.40
1031.65
1032.66
1032.67
1033.40
1033.56
1034.57
1035.30
1035.38
1035.53
1035.59
1035.64
1035.74
1035.78
1035.83
1036.22
1036.35
1036.43
1036.63
1036.81
1037.53
1037.95
1038.89
1038.99
1039.20
1039.43
1039.67
1039.96
1040.22
1040.36
1040.46
1040.80
1042.03
1042.05
1042.41
1042.58
1042.88
1043.26
1043.46
1043.57
1044.02
1044.15
1044.88
1045.08
1045.25
1047.50
1047.89
1048.01
1048.05
1048.73
1048.81
1048.94
1049.66
1049.73
1050.04
1050.26
1050.62
1050.92
1051.27
1051.43
1051.54
1051.68
1052.09
1052.56
1052.74
1053.02
1053.25
1053.82
1054.60
1055.59
1055.66
1056.19
1056.77
1057.29
1057.51
1057.64
1057.89
1058.26
1058.37
1058.61
1058.74
1059.02
1059.22
1059.25
1059.42
1059.65
1059.72
1059.89
1059.95
1060.01
1061.20
1061.59
1061.71
1062.18
1062.44
1062.75
1062.96
1063.20
1063.27
1063.56
1063.70
1064.05
1064.18
1064.65
1065.74
1065.94
1066.53
1066.88
1067.19
1067.25
1067.32
1067.39
1067.74
1067.78
1069.68
1069.69
1069.86
1070.05
1070.15
1071.19
1071.45
1071.49
1071.76
1071.87
1072.02
1072.17
1072.63
1072.98
1073.03
1073.25
1073.58
1074.11
1074.22
1074.77
1074.80
1074.85
1075.43
1076.19
1076.32
1076.48
1076.60
1076.65
1077.20
1077.23
1077.41
1077.69
1077.97
1078.51
1079.91
1080.04
1080.11
1080.38
1081.08
1081.08
1081.28
1081.53
1081.60
1081.83
1082.17
1082.19
1083.00
1083.10
1083.16
1083.31
1083.99
1084.52
1084.59
1085.11
1085.30
1086.01
1086.27
1086.48
1087.25
1087.33
1087.93
1087.94
1088.08
1089.32
1089.84
1090.05
1091.47
1091.56
1091.79
1092.32
1092.57
1093.94
1094.20
1094.22
1094.80
1094.90
1094.92
1094.93
1095.02
1095.21
1095.22
1095.69
1096.02
1096.46
1096.76
1097.07
1097.19
1098.05
1098.18
1098.21
1098.45
1099.42
1099.69
1099.81
1099.90
1099.92
1099.94
1100.36
1100.84
1100.86
1101.49
1101.52
1101.77
1101.83
1102.45
1102.64
1102.79
1103.17
1103.96
1104.58
1104.63
1104.67
1105.01
1105.34
1105.71
1105.84
1105.86
1106.07
1106.45
1106.81
1107.64
1107.65
1107.67
1107.83
1107.92
1108.74
1108.87
1109.11
1109.72
1110.38
1112.04
1112.48
1112.76
1113.20
1113.50
1113.78
1113.84
1114.05
1114.19
1114.19
1114.44
1114.51
1114.77
1114.78
1115.43
1115.51
1115.69
1116.13
1116.85
1117.34
1117.68
1117.97
1118.17
1118.27
1118.33
1118.63
1119.07
1119.27
1119.41
1119.70
1119.75
1119.76
1119.88
1120.15
1120.76
1120.93
1121.56
1121.81
1122.38
1122.44
1123.09
1123.13
1123.29
1123.54
1123.97
1124.24
1124.76
1126.70
1126.90
1127.00
1127.25
1127.44
1127.56
1127.62
1128.34
1128.38
1128.94
1128.97
1129.00
1129.02
1129.03
1129.33
1129.36
1129.47
1129.88
1129.94
1130.26
1130.57
1131.14
1131.22
1131.68
1131.68
1132.39
1132.96
1133.83
1133.95
1134.37
1134.38
1134.71
1135.37
1135.48
1136.92
1137.38
1137.40
1137.44
1138.09
1138.66
1138.98
1139.20
1139.24
1140.52
1140.88
1141.00
1141.06
1141.08
1141.64
1141.68
1141.83
1141.85
1141.89
1142.36
1142.42
1142.63
1142.87
1143.09
1143.14
1143.50
1143.93
1144.43
1144.49
1145.48
1145.55
1145.74
1145.94
1146.33
1146.79
1146.88
1146.89
1146.93
1147.31
1147.91
1148.22
1148.22
1148.25
1148.81
1148.89
1149.83
1150.40
1150.62
1150.82
1151.54
1151.71
1152.04
1152.39
1152.60
1152.73
1153.55
1153.70
1154.03
1154.34
1154.62
1154.90
1155.11
1155.12
1155.90
1156.10
1156.14
1156.69
1156.85
1156.95
1157.10
1157.58
1157.92
1157.97
1158.03
1158.63
1159.02
1159.13
1159.19
1159.24
1159.26
1159.27
1159.28
1159.77
1160.66
1160.84
1161.04
1161.49
1161.57
1161.69
1162.81
1163.14
1163.21
1163.25
1164.02
1164.70
1165.13
1165.76
1165.86
1166.43
1166.50
1166.82
1167.20
1167.46
1167.51
1167.53
1167.61
1167.70
1167.98
1168.17
1168.31
1168.52
1168.88
1169.11
1169.14
1169.23
1169.36
1169.50
1169.60
1169.76
1169.83
1169.88
1169.90
1170.14
1170.18
1170.20
1170.99
1171.06
1171.36
1172.60
1172.95
1172.97
1172.97
1173.33
1174.00
1174.53
1174.71
1174.94
1175.00
1175.70
1176.62
1176.70
1176.71
1176.98
1177.38
1177.94
1177.96
1177.99
1178.03
1178.73
1178.82
1179.31
1179.91
1179.95
1180.34
1180.46
1181.07
1181.24
1181.70
1182.06
1183.18
1183.35
1184.24
1184.44
1184.45
1186.03
1187.43
1187.46
1187.85
1187.88
1187.99
1188.43
1188.80
1189.03
1189.30
1189.84
1190.78
1190.87
1191.09
1191.54
1191.69
1191.82
1192.43
1192.45
1192.64
1193.57
1194.23
1194.66
1194.94
1195.03
1195.24
1195.41
1195.55
1195.78
1196.03
1196.30
1196.53
1197.22
1197.54
1197.66
1197.74
1197.75
1198.05
1198.15
1199.25
1199.37
1199.40
1199.47
1199.71
1199.72
1200.17
1200.20
1200.89
1200.98
1201.37
1201.49
1201.51
1201.60
1201.63
1202.42
1204.48
1204.51
1204.66
1205.03
1205.12
1205.90
1206.35
1206.45
1206.75
1207.09
1207.10
1207.36
1207.46
1207.69
1207.89
1208.03
1208.12
1208.28
1208.67
1209.09
1209.67
1209.70
1209.84
1210.05
1210.16
1210.25
1210.28
1210.37
1210.41
1210.41
1210.62
1210.87
1211.17
1211.42
1211.43
1211.66
1211.72
1211.97
1212.12
1212.26
1213.20
1213.22
1213.65
1213.69
1214.43
1214.73
1215.11
1215.95
1217.16
1218.99
1219.17
1219.32
1219.48
1220.51
1220.58
1220.72
1220.83
1221.29
1221.60
1222.60
1222.73
1222.96
1223.59
1224.14
1224.18
1224.25
1224.32
1225.00
1225.22
1225.79
1226.42
1226.42
1226.92
1227.08
1227.42
1228.41
1228.70
1228.86
1229.07
1230.06
1230.63
1230.70
1230.90
1231.72
1232.08
1235.37
1235.45
1235.45
1235.47
1235.99
1236.18
1236.38
1236.76
1237.01
1237.06
1237.08
1237.53
1237.97
1238.66
1238.83
1239.45
1240.33
1240.39
1240.78
1241.66
1241.92
1242.04
1243.64
1243.68
1243.95
1245.09
1245.22
1246.27
1247.41
1248.25
1249.09
1249.30
1250.56
1250.58
1250.70
1251.47
1252.02
1252.44
1252.48
1252.85
1253.08
1253.58
1254.53
1255.17
1256.01
1256.26
1256.37
1256.39
1256.42
1256.87
1256.94
1257.50
1257.73
1258.27
1258.60
1259.05
1259.62
1259.72
1259.78
1259.99
1260.26
1261.37
1261.41
1261.52
1262.03
1262.42
1262.68
1262.95
1263.05
1263.43
1263.78
1264.32
1265.17
1265.44
1265.51
1265.59
1265.62
1265.89
1266.29
1266.75
1266.92
1267.54
1268.40
1268.48
1269.22
1269.39
1269.72
1270.08
1270.80
1270.89
1271.33
1271.44
1272.17
1273.43
1274.47
1274.62
1275.02
1275.43
1275.54
1276.45
1276.47
1276.52
1276.63
1276.72
1277.49
1277.93
1278.58
1279.62
1279.63
1280.04
1280.08
1280.31
1282.64
1283.03
1283.71
1284.14
1284.39
1284.57
1284.64
1285.32
1285.37
1285.55
1285.81
1285.84
1286.34
1286.81
1287.43
1287.61
1287.76
1287.86
1288.80
1289.56
1289.80
1289.80
1290.49
1290.55
1290.62
1290.73
1290.97
1291.36
1291.55
1291.76
1291.83
1292.16
1292.46
1293.23
1293.34
1293.55
1293.60
1293.62
1294.04
1295.59
1295.85
1295.99
1297.70
1298.34
1298.63
1298.77
1298.91
1299.36
1299.73
1300.49
1300.70
1301.64
1301.74
1301.84
1301.91
1302.18
1302.50
1302.81
1302.91
1302.92
1303.04
1303.14
1303.32
1303.88
1304.01
1304.01
1304.14
1304.26
1304.40
1304.88
1304.94
1305.24
1305.31
1305.77
1305.90
1306.17
1306.81
1307.58
1308.22
1308.38
1309.24
1309.35
1309.79
1309.85
1310.01
1310.05
1311.01
1312.70
1312.77
1313.01
1313.44
1314.51
1314.92
1314.95
1315.46
1315.84
1316.50
1316.87
1317.10
1317.87
1318.99
1319.45
1319.69
1319.78
1321.62
1321.91
1322.28
1322.92
1323.66
1324.21
1324.61
1325.17
1325.55
1325.89
1325.96
1327.41
1328.17
1328.29
1328.30
1328.50
1328.85
1329.35
1329.40
1329.64
1329.76
1329.84
1329.91
1330.13
1330.33
1330.62
1330.81
1330.94
1331.63
1332.43
1333.62
1333.96
1334.34
1334.41
1334.56
1334.66
1334.67
1334.86
1335.09
1335.36
1336.33
1336.97
1337.22
1337.46
1337.58
1338.20
1338.55
1338.65
1338.81
1339.24
1339.75
1340.29
1341.56
1341.82
1341.85
1341.87
1342.40
1342.51
1342.93
1343.03
1343.13
1343.47
1345.53
1345.78
1346.39
1346.43
1347.09
1347.15
1348.43
1348.61
1348.64
1348.83
1350.17
1351.03
1351.76
1352.64
1352.87
1353.30
1353.34
1354.69
1354.92
1355.29
1355.88
1355.95
1356.29
1356.32
1356.57
1356.71
1357.24
1357.39
1357.86
1358.01
1358.80
1359.74
1359.79
1359.87
1359.95
1359.99
1360.18
1361.24
1361.26
1361.64
1361.77
1362.07
1362.07
1362.33
1362.91
1363.09
1363.57
1363.84
1364.25
1364.58
1364.83
1364.84
1365.74
1368.24
1368.49
1369.58
1369.61
1370.39
1370.41
1370.52
1372.02
1372.04
1372.48
1372.50
1372.90
1372.99
1373.17
1373.75
1373.82
1374.10
1375.35
1376.11
1376.59
1376.60
1377.03
1377.47
1378.08
1378.14
1378.42
1378.67
1379.03
1379.20
1380.30
1380.96
1382.60
1382.93
1384.01
1384.37
1384.43
1384.44
1385.28
1386.05
1386.21
1386.32
1386.50
1386.89
1387.38
1387.64
1388.72
1388.86
1388.89
1389.53
1389.71
1389.77
1390.25
1390.28
1390.43
1390.46
1390.54
1390.66
1390.70
1391.19
1391.73
1391.89
1392.99
1394.50
1394.67
1395.21
1395.82
1396.27
1396.48
1397.01
1397.02
1397.89
1397.99
1398.20
1398.34
1398.35
1398.64
1398.82
1398.82
1398.95
1399.10
1399.40
1399.57
1399.60
1399.76
1400.64
1401.14
1401.34
1401.34
1402.05
1402.17
1403.25
1404.50
1404.63
1405.18
1405.71
1405.73
1405.86
1406.47
1407.74
1407.83
1408.70
1408.88
1408.96
1409.17
1410.01
1410.45
1410.54
1410.91
1410.95
1412.05
1412.39
1412.74
1413.60
1414.50
1415.01
1415.82
1417.00
1417.06
1417.44
1418.13
1418.99
1419.82
1420.25
1420.79
1421.00
1421.23
1421.34
1421.48
1421.51
1421.87
1422.03
1422.14
1423.76
1424.96
1425.07
1425.22
1425.41
1425.66
1426.09
1426.32
1426.87
1427.40
1427.45
1427.91
1428.51
1430.07
1430.14
1430.54
1430.54
1431.17
1431.19
1431.79
1433.71
1433.73
1433.99
1434.18
1434.24
1434.27
1435.53
1435.58
1435.67
1436.51
1436.54
1436.59
1437.22
1437.33
1437.33
1437.47
1438.86
1439.37
1439.47
1440.20
1440.35
1442.27
1442.60
1443.43
1443.66
1443.74
1443.80
1443.86
1444.29
1444.40
1444.52
1445.19
1445.74
1446.05
1446.37
1446.46
1447.87
1448.06
1448.29
1449.51
1449.78
1450.44
1450.50
1450.86
1450.94
1451.08
1451.23
1451.37
1451.78
1451.82
1451.99
1452.54
1452.78
1453.16
1453.68
1453.74
1454.48
1454.53
1455.75
1456.16
1456.20
1456.50
1456.62
1456.68
1456.83
1457.79
1457.95
1458.07
1459.11
1459.30
1459.68
1460.50
1460.63
1461.28
1461.88
1462.15
1462.20
1462.45
1462.86
1464.19
1464.73
1465.58
1466.50
1466.70
1466.84
1466.89
1466.92
1467.01
1467.27
1467.60
1467.76
1467.93
1468.93
1470.13
1470.33
1470.33
1471.35
1471.75
1472.02
1472.04
1472.42
1473.06
1473.18
1473.25
1473.46
1473.77
1473.81
1474.19
1474.56
1474.64
1474.65
1474.81
1475.03
1475.23
1477.24
1477.35
1477.77
1478.39
1478.52
1479.49
1479.91
1481.86
1482.03
1483.10
1483.24
1483.53
1484.67
1484.82
1484.96
1485.07
1486.10
1486.23
1486.34
1486.44
1486.46
1487.62
1488.74
1490.13
1490.61
1491.53
1492.21
1492.74
1493.42
1494.26
1494.65
1495.43
1495.70
1496.06
1496.83
1497.08
1498.00
1498.50
1498.52
1499.87
1499.90
1500.50
1500.65
1500.69
1500.76
1501.10
1501.57
1501.62
1502.03
1502.56
1503.54
1503.57
1503.67
1503.78
1503.80
1503.82
1503.98
1505.23
1506.19
1507.25
1507.74
1508.31
1508.62
1508.84
1509.13
1509.15
1509.78
1510.57
1510.94
1511.30
1511.60
1511.66
1511.73
1512.01
1512.69
1512.86
1513.09
1513.12
1513.99
1514.20
1516.97
1517.17
1518.32
1521.11
1521.57
1521.62
1522.22
1522.63
1522.69
1523.48
1524.44
1524.95
1525.12
1525.86
1526.24
1526.82
1527.68
1527.84
1528.21
1528.32
1528.44
1530.16
1530.26
1530.46
1530.75
1530.89
1531.83
1532.48
1532.83
1533.12
1534.72
1534.93
1535.75
1535.86
1536.21
1536.26
1536.89
1537.63
1537.69
1538.09
1538.24
1539.32
1540.94
1541.49
1542.44
1542.49
1542.56
1542.74
1542.89
1543.06
1543.71
1543.76
1545.05
1545.57
1549.28
1549.62
1549.85
1551.25
1551.98
1552.07
1552.59
1554.34
1554.71
1555.36
1555.87
1556.32
1556.42
1557.79
1557.86
1558.07
1558.36
1559.34
1559.41
1559.49
1560.69
1560.74
1560.93
1563.61
1564.00
1564.14
1564.24
1564.48
1564.63
1565.51
1565.95
1566.46
1566.68
1568.38
1569.14
1570.50
1571.14
1572.74
1572.78
1573.78
1573.83
1574.67
1574.75
1575.01
1575.30
1577.55
1577.63
1577.77
1578.32
1578.95
1579.10
1580.11
1580.42
1580.49
1580.61
1580.76
1580.93
1580.98
1581.43
1582.08
1582.32
1582.40
1583.28
1584.25
1584.94
1585.25
1585.49
1585.88
1586.40
1586.71
1588.03
1588.05
1588.12
1588.48
1588.68
1588.96
1589.20
1589.42
1589.47
1591.11
1594.28
1595.30
1596.14
1597.58
1597.59
1598.46
1600.97
1601.16
1601.70
1601.90
1603.05
1603.97
1607.39
1607.41
1607.51
1607.63
1608.10
1608.68
1609.04
1609.41
1610.05
1610.42
1610.54
1612.06
1612.27
1612.35
1613.23
1613.91
1614.26
1614.59
1616.67
1617.33
1618.19
1619.52
1620.07
1620.38
1620.89
1621.61
1621.70
1621.96
1622.98
1623.15
1623.28
1623.72
1623.79
1624.54
1624.58
1624.79
1626.41
1626.49
1627.02
1627.52
1627.89
1628.17
1628.70
1628.84
1629.63
1630.42
1630.53
1631.16
1631.57
1631.94
1632.08
1632.67
1633.04
1633.30
1633.37
1634.45
1635.81
1635.87
1636.27
1636.77
1637.32
1637.80
1637.83
1639.02
1639.61
1639.66
1641.33
1641.36
1641.66
1641.86
1642.53
1642.96
1643.69
1644.51
1644.67
1645.11
1645.35
1646.27
1646.43
1646.63
1648.89
1649.16
1649.57
1649.66
1651.11
1651.48
1652.18
1652.62
1653.63
1653.88
1653.93
1654.23
1655.33
1655.51
1656.51
1656.55
1656.87
1657.51
1657.94
1660.30
1660.73
1661.23
1661.30
1661.34
1661.45
1661.57
1661.64
1661.82
1661.86
1662.06
1663.10
1663.59
1664.34
1664.72
1665.46
1665.84
1667.14
1668.00
1669.28
1670.28
1671.87
1672.18
1672.77
1673.28
1674.31
1675.60
1675.73
1677.54
1677.69
1677.79
1679.46
1681.14
1681.88
1681.96
1682.05
1683.49
1683.56
1683.96
1686.04
1686.59
1686.69
1687.72
1688.17
1688.36
1689.82
1690.75
1691.54
1692.05
1692.18
1694.51
1695.06
1695.15
1696.76
1697.13
1697.66
1699.46
1699.46
1700.36
1700.46
1701.12
1701.47
1701.78
1703.73
1703.75
1704.49
1704.73
1705.15
1706.94
1708.13
1708.94
1709.50
1710.14
1711.03
1711.40
1711.57
1711.75
1712.46
1712.94
1713.11
1714.03
1714.14
1714.27
1714.66
1715.03
1715.87
1716.35
1716.71
1717.34
1717.37
1718.40
1719.85
1720.35
1720.37
1720.83
1722.25
1722.58
1723.03
1723.09
1723.16
1723.39
1723.42
1723.83
1724.90
1725.12
1725.16
1725.57
1725.57
1726.24
1726.30
1726.35
1726.39
1727.62
1727.85
1728.00
1728.41
1729.27
1729.91
1731.09
1731.25
1731.63
1732.75
1734.14
1734.37
1734.46
1736.17
1736.53
1738.22
1738.59
1738.71
1739.37
1739.57
1739.70
1740.06
1741.02
1741.06
1741.78
1742.30
1743.00
1743.34
1743.78
1743.78
1743.87
1745.76
1747.95
1748.25
1748.44
1748.63
1748.74
1748.95
1749.01
1749.01
1750.86
1751.05
1752.76
1753.16
1753.33
1754.24
1755.74
1755.97
1756.31
1756.88
1757.49
1757.55
1757.77
1758.10
1759.87
1761.39
1761.49
1761.73
1762.04
1762.67
1763.07
1763.09
1763.32
1764.61
1764.61
1764.77
1765.19
1765.34
1765.67
1766.28
1766.87
1767.40
1768.23
1768.44
1768.53
1769.03
1770.37
1770.83
1771.10
1771.66
1771.77
1771.98
1772.25
1773.32
1773.48
1773.84
1776.36
1776.86
1777.03
1777.43
1778.32
1778.36
1778.43
1779.45
1780.23
1780.55
1781.11
1783.87
1784.31
1785.47
1785.74
1786.21
1786.28
1786.48
1786.65
1786.82
1786.98
1787.21
1787.97
1788.02
1788.72
1789.46
1789.98
1790.04
1790.17
1790.66
1791.02
1791.84
1792.32
1793.49
1794.28
1794.50
1796.05
1796.40
1796.52
1797.59
1798.31
1798.99
1799.26
1799.57
1799.82
1800.02
1800.08
1800.70
1800.70
1800.90
1800.97
1800.99
1801.58
1801.68
1802.34
1804.31
1804.56
1805.13
1805.17
1805.85
1806.13
1807.03
1807.59
1807.83
1808.28
1808.36
1809.53
1809.76
1809.78
1810.84
1811.45
1812.17
1812.31
1812.82
1813.51
1813.61
1813.88
1814.65
1815.83
1816.20
1816.24
1816.26
1818.24
1818.56
1819.15
1819.46
1819.90
1820.57
1821.33
1822.24
1822.83
1823.09
1823.98
1824.00
1824.35
1825.08
1825.20
1825.60
1826.37
1826.86
1826.88
1827.00
1827.71
1827.73
1828.78
1828.92
1829.02
1829.08
1829.49
1829.89
1830.36
1830.48
1831.31
1831.73
1831.91
1832.32
1833.08
1833.26
1833.75
1834.41
1835.60
1835.66
1836.25
1838.36
1838.44
1838.90
1839.36
1839.38
1839.42
1840.77
1841.09
1841.17
1841.55
1841.73
1843.02
1843.28
1844.36
1844.50
1845.66
1845.74
1845.90
1845.94
1846.41
1847.23
1847.27
1847.35
1848.45
1849.37
1850.07
1851.24
1851.54
1852.16
1852.22
1852.76
1852.90
1853.58
1854.94
1855.85
1855.95
1857.19
1857.35
1857.52
1858.74
1858.82
1859.61
1860.23
1860.27
1861.14
1861.70
1863.45
1864.64
1864.72
1864.99
1865.35
1866.72
1867.77
1867.94
1868.02
1868.99
1869.37
1870.06
1870.22
1872.02
1872.33
1873.18
1873.68
1875.27
1875.57
1875.65
1877.56
1878.58
1878.58
1878.68
1879.31
1879.49
1879.88
1880.20
1880.89
1881.00
1883.68
1883.77
1883.79
1884.24
1884.28
1884.60
1885.05
1885.72
1886.44
1886.68
1887.09
1887.25
1887.25
1887.89
1890.36
1890.85
1891.61
1891.67
1893.53
1893.64
1894.99
1895.36
1896.45
1898.44
1899.51
1899.88
1899.96
1900.18
1900.82
1901.23
1901.75
1904.55
1904.65
1905.74
1906.75
1907.21
1907.29
1908.30
1909.29
1909.69
1909.71
1910.06
1910.06
1911.63
1912.17
1912.58
1913.12
1913.41
1913.93
1914.49
1915.96
1916.31
1916.39
1917.70
1918.42
1919.59
1920.34
1920.56
1921.71
1921.81
1922.31
1922.68
1923.45
1925.18
1925.81
1926.10
1927.04
1928.43
1928.87
1929.52
1929.67
1930.04
1930.40
1932.53
1933.34
1933.62
1933.64
1933.91
1934.56
1935.46
1935.58
1938.12
1939.65
1940.09
1941.77
1942.78
1945.85
1946.46
1947.35
1948.57
1953.04
1954.65
1954.82
1957.00
1958.10
1959.35
1960.05
1960.62
1961.88
1962.47
1962.92
1962.92
1963.70
1964.83
1964.98
1965.38
1965.91
1966.08
1966.15
1967.36
1967.55
1967.87
1968.68
1968.87
1970.28
1970.66
1972.18
1972.52
1972.84
1972.95
1973.20
1974.85
1974.85
1974.91
1976.32
1976.62
1978.48
1979.02
1979.38
1980.60
1981.22
1981.44
1981.76
1982.27
1983.97
1984.08
1984.08
1984.44
1985.37
1986.55
1986.85
1988.44
1989.54
1990.23
1991.45
1992.19
1992.34
1996.11
1996.68
1996.87
1996.89
1997.65
1998.15
1998.64
2000.05
2001.98
2002.15
2003.51
2004.38
2005.49
2005.53
2005.73
2007.44
2008.38
2009.55
2009.70
2009.77
2010.16
2013.45
2014.21
2014.38
2014.97
2015.45
2016.39
2016.89
2018.24
2019.29
2021.04
2021.26
2021.98
2022.29
2023.21
2023.23
2023.64
2023.95
2024.59
2024.67
2025.05
2025.44
2025.73
2026.69
2028.38
2028.66
2028.99
2029.41
2030.00
2030.09
2030.47
2030.73
2030.97
2032.18
2033.72
2033.81
2034.03
2034.56
2034.97
2035.19
2035.41
2036.23
2036.76
2036.80
2036.93
2037.93
2039.03
2039.10
2039.51
2039.89
2040.35
2040.46
2040.62
2042.36
2043.18
2043.84
2044.15
2044.18
2044.31
2044.57
2046.10
2046.68
2046.94
2047.59
2047.81
2048.05
2048.14
2048.47
2048.58
2048.65
2049.34
2049.62
2049.82
2050.18
2050.76
2051.67
2052.02
2052.18
2052.24
2053.11
2053.26
2053.78
2054.24
2054.60
2054.93
2055.67
2056.00
2057.76
2058.00
2058.14
2058.14
2058.71
2058.96
2059.52
2059.85
2061.03
2061.88
2062.26
2063.26
2063.46
2063.78
2063.80
2065.18
2065.25
2066.03
2066.44
2066.88
2068.02
2068.67
2068.76
2069.05
2069.84
2073.51
2075.35
2075.42
2075.56
2076.14
2076.21
2076.23
2076.50
2077.60
2077.87
2079.74
2080.39
2081.16
2085.28
2085.60
2086.03
2088.44
2088.55
2088.55
2089.10
2089.48
2089.87
2090.27
2091.27
2091.86
2093.37
2094.66
2094.98
2095.03
2095.19
2095.23
2097.20
2097.50
2098.04
2099.36
2100.32
2101.54
2102.38
2103.11
2104.98
2105.53
2107.10
2107.46
2107.60
2108.72
2109.84
2111.55
2111.94
2112.17
2112.78
2114.06
2114.36
2116.38
2116.51
2116.83
2116.83
2118.87
2119.61
2119.86
2120.94
2121.30
2121.92
2123.12
2124.22
2124.98
2125.83
2126.04
2126.15
2127.76
2129.08
2129.56
2131.17
2131.24
2131.38
2131.77
2134.20
2135.51
2135.95
2136.37
2138.08
2138.94
2139.49
2139.56
2140.72
2140.72
2140.74
2140.88
2143.87
2144.64
2146.14
2146.45
2146.54
2148.05
2148.49
2150.14
2150.14
2151.45
2151.68
2151.84
2152.05
2152.14
2152.26
2152.84
2153.63
2153.68
2153.77
2154.24
2154.50
2154.80
2155.66
2155.71
2156.67
2158.04
2158.49
2158.91
2160.01
2160.24
2160.85
2161.27
2162.34
2162.39
2163.33
2165.97
2165.97
2166.07
2168.88
2170.24
2174.21
2174.54
2178.50
2179.61
2179.61
2180.08
2180.20
2180.46
2180.65
2180.67
2181.24
2181.47
2184.09
2184.21
2186.01
2186.36
2186.70
2187.29
2187.38
2187.83
2188.04
2188.28
2188.87
2189.35
2189.96
2192.12
2192.26
2193.45
2196.16
2197.13
2197.27
2197.75
2198.51
2198.89
2199.18
2199.94
2200.41
2200.46
2200.72
2202.06
2204.54
2205.04
2206.25
2206.35
2206.68
2208.52
2208.93
2210.08
2211.22
2212.23
2212.92
2212.92
2213.00
2213.14
2213.21
2214.27
2214.58
2215.10
2215.13
2215.63
2215.92
2219.28
2219.64
2220.74
2221.08
2221.44
2221.80
2222.31
2224.33
2224.45
2225.31
2227.94
2227.96
2228.06
2230.54
2231.15
2232.79
2234.36
2234.51
2234.53
2234.65
2234.70
2235.62
2236.15
2236.66
2237.77
2239.76
2240.39
2240.78
2241.58
2242.01
2242.26
2243.15
2243.44
2243.78
2244.93
2245.29
2245.51
2245.53
2245.63
2248.50
2249.40
2251.25
2251.52
2251.52
2254.35
2254.78
2255.05
2255.25
2255.42
2257.08
2257.23
2258.23
2258.62
2259.55
2259.57
2261.77
2262.46
2263.19
2263.27
2264.71
2264.88
2265.20
2265.40
2266.01
2271.09
2272.07
2272.27
2272.62
2272.71
2273.23
2273.80
2274.34
2275.72
2276.23
2276.31
2276.73
2276.97
2277.49
2277.98
2279.07
2279.86
2280.20
2280.47
2280.65
2281.14
2281.26
2282.05
2283.26
2284.23
2285.66
2287.79
2290.46
2294.01
2294.16
2294.18
2294.63
2294.73
2295.25
2295.35
2296.10
2296.54
2296.64
2300.25
2301.67
2302.56
2303.24
2304.28
2305.01
2305.03
2305.18
2305.46
2305.56
2305.76
2305.83
2306.53
2306.80
2307.45
2307.80
2307.85
2309.45
2309.60
2309.93
2310.00
2310.13
2313.00
2313.53
2315.41
2316.43
2317.18
2317.44
2318.29
2320.07
2321.10
2322.30
2323.03
2324.32
2324.34
2326.00
2326.28
2326.53
2326.68
2326.88
2327.03
2327.66
2328.72
2329.35
2331.62
2332.53
2333.72
2335.46
2336.39
2336.60
2337.78
2339.73
2341.07
2341.96
2343.23
2343.48
2345.99
2345.99
2347.03
2347.59
2348.03
2349.07
2350.21
2350.26
2351.00
2351.00
2353.34
2353.88
2355.28
2356.07
2356.45
2356.50
2356.55
2359.28
2360.56
2360.76
2361.86
2361.99
2362.09
2362.76
2363.55
2364.11
2364.26
2364.34
2365.21
2365.67
2366.18
2366.59
2366.59
2367.93
2370.13
2370.16
2373.08
2374.00
2374.80
2376.29
2376.34
2377.68
2378.02
2378.74
2380.90
2382.32
2382.96
2383.04
2383.04
2383.24
2383.24
2384.15
2384.28
2384.97
2385.88
2386.78
2389.60
2389.80
2390.94
2390.99
2391.43
2392.47
2394.02
2394.75
2398.17
2398.27
2398.84
2398.87
2400.14
2401.62
2402.66
2404.56
2405.60
2407.01
2408.39
2408.49
2409.56
2411.15
2411.93
2413.74
2414.52
2414.86
2415.49
2415.54
2416.32
2416.95
2418.00
2418.26
2418.28
2419.07
2419.41
2421.27
2421.71
2425.41
2425.44
2425.44
2426.02
2426.28
2426.65
2427.30
2427.46
2428.83
2429.48
2430.61
2430.77
2431.80
2432.22
2432.40
2432.82
2435.85
2436.43
2437.46
2439.28
2439.28
2439.44
2440.36
2442.90
2444.01
2444.22
2445.28
2445.68
2447.40
2447.40
2448.93
2449.97
2449.99
2450.74
2450.97
2451.82
2452.49
2453.73
2456.31
2456.58
2457.51
2457.72
2459.69
2460.81
2462.51
2463.50
2464.46
2465.28
2465.44
2466.70
2467.53
2468.41
2470.36
2473.59
2473.59
2474.05
2474.26
2476.24
2476.62
2476.70
2476.73
2482.71
2482.95
2483.14
2483.68
2483.76
2486.28
2487.39
2487.60
2487.79
2488.87
2490.84
2492.02
2493.05
2493.72
2494.94
2495.02
2496.72
2497.18
2498.96
2499.85
2500.53
2501.04
2502.51
2503.48
2504.21
2505.02
2505.73
2506.27
2507.36
2508.12
2509.20
2509.42
2511.02
2512.30
2512.43
2514.07
2514.96
2515.89
2516.90
2516.92
2517.25
2517.77
2518.94
2519.24
2520.63
2523.00
2525.82
2525.93
2525.95
2526.77
2528.99
2529.07
2530.22
2530.25
2530.58
2530.60
2530.99
2532.63
2532.66
2532.88
2533.26
2533.45
2533.59
2533.65
2534.33
2534.72
2536.58
2537.38
2538.94
2539.66
2540.32
2541.80
2542.32
2542.54
2544.69
2546.54
2546.87
2547.91
2548.46
2548.55
2548.60
2548.88
2549.32
2549.62
2552.05
2552.80
2553.79
2554.54
2556.00
2556.53
2557.61
2558.85
2559.80
2561.10
2561.79
2564.31
2565.01
2566.81
2567.56
2568.45
2570.12
2571.29
2573.74
2573.93
2574.66
2576.02
2576.10
2576.10
2577.86
2577.92
2579.37
2580.26
2580.65
2582.69
2583.67
2583.70
2585.15
2586.33
2588.43
2589.63
2590.36
2593.64
2596.00
2597.09
2597.18
2597.52
2598.58
2598.70
2599.17
2603.45
2604.33
2604.58
2605.71
2605.96
2606.10
2609.40
2610.53
2610.56
2612.54
2612.99
2615.74
2617.38
2619.53
2620.41
2622.39
2623.44
2623.53
2623.76
2624.52
2625.35
2625.57
2625.94
2626.28
2627.71
2629.30
2629.78
2631.12
2633.31
2635.99
2637.13
2639.53
2639.82
2642.05
2642.96
2643.45
2644.16
2644.25
2645.62
2647.14
2647.65
2648.06
2648.20
2649.17
2650.61
2650.89
2651.35
2652.18
2655.80
2657.01
2657.12
2657.44
2658.16
2659.05
2659.20
2659.63
2660.00
2660.12
2661.47
2662.56
2662.59
2663.57
2666.63
2667.26
2668.88
2669.46
2671.71
2672.12
2673.07
2674.34
2674.46
2674.49
2675.91
2677.09
2681.94
2682.17
2683.24
2683.33
2683.53
2685.01
2688.73
2690.54
2690.86
2691.99
2694.53
2694.91
2696.72
2697.21
2697.68
2697.80
2698.24
2699.08
2701.19
2701.97
2702.79
2703.17
2704.20
2706.48
2707.10
2708.91
2711.17
2711.64
2712.55
2712.70
2712.87
2713.14
2714.84
2714.87
2714.90
2715.93
2716.40
2718.34
2719.16
2719.22
2720.96
2722.34
2722.46
2723.81
2724.34
2724.40
2725.67
2728.62
2730.57
2732.55
2734.21
2735.21
2735.30
2735.42
2736.07
2736.84
2737.34
2741.02
2741.52
2744.40
2744.58
2745.17
2747.40
2749.13
2750.62
2751.00
2751.21
2752.82
2753.89
2754.46
2754.79
2756.01
2756.72
2757.35
2758.33
2762.13
2762.37
2763.71
2765.18
2765.75
2765.75
2769.22
2770.24
2772.10
2774.41
2775.61
2775.91
2775.94
2776.66
2777.35
2777.56
2779.06
2779.21
2779.24
2779.76
2780.60
2781.35
2781.47
2781.71
2782.95
2784.09
2784.48
2787.98
2792.21
2792.51
2795.92
2796.86
2796.89
2796.92
2797.92
2798.68
2799.37
2799.50
2802.31
2803.16
2803.22
2803.38
2804.83
2806.99
2807.56
2809.08
2809.54
2809.72
2813.19
2813.95
2815.75
2816.33
2817.85
2817.91
2818.37
2818.86
2818.89
2820.11
2823.07
2824.29
2824.32
2824.38
2825.33
2828.14
2829.18
2829.58
2829.98
2830.23
2831.33
2832.46
2834.09
2834.58
2834.73
2836.57
2839.83
2840.44
2840.75
2841.12
2841.15
2842.41
2843.64
2844.56
2845.82
2852.70
2852.76
2855.08
2855.08
2856.25
2856.31
2856.96
2857.33
2860.86
2862.97
2864.11
2866.59
2866.75
2870.63
2870.94
2872.18
2872.80
2873.42
2873.89
2874.17
2875.94
2876.44
2877.25
2878.43
2882.61
2884.64
2886.01
2886.48
2886.48
2887.57
2888.79
2888.95
2891.61
2892.58
2892.61
2893.70
2893.73
2894.49
2895.24
2895.93
2897.31
2897.68
2897.74
2898.09
2899.91
2900.00
2901.07
2901.13
2901.48
2902.77
2905.47
2905.50
2905.53
2905.81
2906.32
2910.94
2911.64
2912.17
2912.64
2913.81
2914.31
2914.88
2915.96
2916.43
2917.85
2917.94
2918.10
2918.16
2918.32
2919.30
2919.93
2923.85
2923.98
2926.83
2927.40
2930.98
2930.98
2931.46
2932.66
2933.33
2934.41
2937.74
2938.06
2938.38
2942.04
2942.13
2942.80
2945.09
2946.11
2948.19
2948.60
2949.05
2950.84
2952.34
2953.07
2953.14
2956.46
2956.46
2956.91
2961.45
2962.42
2962.83
2963.89
2963.99
2967.45
2969.60
2969.86
2970.95
2974.88
2976.55
2977.10
2977.26
2977.42
2977.91
2979.03
2979.10
2980.23
2980.71
2981.19
2981.61
2983.39
2984.29
2985.71
2987.85
2988.75
2989.37
2989.59
2990.34
2993.12
2993.31
2993.90
2994.12
2994.29
2994.68
2995.61
2996.26
2996.30
2996.46
2999.90
3000.84
3002.98
3003.63
3004.90
3005.26
3006.72
3007.37
3008.64
3010.89
3012.22
3016.01
3018.32
3018.59
3021.33
3022.61
3026.53
3027.84
3028.83
3029.25
3029.35
3029.58
3031.74
3031.91
3033.29
3033.88
3036.37
3036.77
3038.18
3039.49
3039.72
3041.40
3041.80
3043.54
3043.74
3044.17
3044.63
3044.70
3046.28
3046.41
3046.74
3048.16
3049.57
3049.61
3050.07
3051.06
3051.42
3052.08
3053.73
3057.21
3057.47
3057.70
3057.70
3058.13
3062.24
3063.13
3063.20
3063.27
3063.96
3066.38
3068.17
3069.07
3071.23
3072.29
3073.36
3073.99
3074.56
3076.72
3076.82
3079.55
3080.88
3082.42
3083.98
3086.45
3087.89
3088.16
3089.29
3091.07
3091.20
3091.27
3092.44
3093.47
3093.74
3094.51
3094.65
3094.68
3096.59
3098.10
3099.81
3101.25
3105.21
3107.53
3107.97
3108.57
3111.03
3113.79
3113.99
3114.03
3115.48
3116.79
3118.21
3118.24
3118.58
3119.46
3125.47
3127.57
3128.55
3131.22
3134.14
3135.63
3135.77
3136.21
3136.48
3136.72
3137.91
3138.21
3138.31
3138.92
3148.01
3149.74
3149.78
3151.34
3151.38
3155.30
3156.91
3158.48
3161.66
3165.05
3166.08
3166.73
3167.41
3167.58
3173.90
3180.46
3181.63
3183.97
3184.59
3185.52
3187.42
3187.70
3188.21
3190.90
3191.15
3191.63
3196.43
3197.99
3198.65
3198.75
3198.86
3199.93
3200.41
3204.64
3205.23
3206.27
3207.31
3208.28
3208.70
3215.27
3217.67
3218.54
3219.10
3223.63
3225.20
3230.40
3231.63
3232.95
3233.34
3233.79
3234.74
3236.17
3238.14
3239.40
3239.54
3239.54
3240.13
3242.10
3242.13
3242.24
3245.85
3246.24
3246.66
3248.14
3249.40
3250.53
3251.97
3252.22
3258.20
3263.42
3263.78
3265.51
3265.72
3267.10
3270.00
3270.99
3272.97
3273.89
3275.49
3276.87
3277.61
3278.89
3279.57
3281.48
3283.83
3285.96
3286.92
3291.15
3293.29
3293.33
3294.54
3297.43
3298.50
3300.57
3300.57
3307.32
3307.68
3310.26
3311.12
3311.55
3312.02
3312.98
3313.56
3314.67
3316.21
3317.07
3318.87
3322.35
3323.79
3324.51
3326.85
3330.05
3330.63
3331.46
3335.46
3336.55
3341.28
3345.33
3346.13
3347.14
3350.40
3351.38
3351.49
3351.63
3353.70
3354.28
3355.30
3355.99
3356.21
3357.33
3357.44
3365.99
3367.23
3372.11
3374.41
3375.18
3375.95
3377.04
3378.47
3379.27
3381.25
3381.72
3385.05
3387.76
3388.50
3389.93
3391.80
3394.11
3394.81
3398.41
3399.00
3399.44
3403.56
3403.86
3405.15
3406.84
3408.02
3411.71
3412.41
3415.07
3415.37
3418.73
3421.32
3422.66
3423.36
3423.54
3424.73
3426.03
3426.36
3426.77
3429.07
3429.36
3431.33
3432.04
3432.56
3434.38
3437.20
3438.69
3439.25
3439.51
3440.59
3440.66
3441.11
3442.04
3443.08
3448.27
3450.95
3451.85
3452.11
3452.11
3453.05
3459.59
3460.56
3461.57
3463.78
3464.91
3467.46
3467.87
3468.85
3480.31
3480.77
3481.74
3482.42
3484.19
3484.31
3485.82
3486.57
3487.93
3491.02
3491.10
3493.14
3493.93
3500.14
3501.05
3501.09
3501.39
3502.22
3502.75
3505.86
3508.33
3508.52
3517.57
3519.62
3519.66
3521.11
3523.16
3528.39
3528.66
3530.91
3532.44
3532.86
3535.38
3537.03
3537.37
3543.35
3543.73
3544.08
3547.84
3548.53
3548.68
3549.87
3552.14
3552.72
3553.41
3553.72
3554.52
3555.02
3556.29
3557.14
3558.56
3561.84
3562.45
3563.23
3563.26
3564.61
3566.27
3566.58
3566.66
3569.32
3570.79
3571.95
3572.99
3575.24
3577.05
3577.87
3578.53
3581.08
3583.17
3583.76
3584.34
3585.66
3586.05
3589.42
3590.86
3591.99
3592.61
3597.78
3599.57
3600.47
3601.99
3606.86
3607.37
3613.39
3615.58
3617.02
3618.00
3619.37
3620.23
3623.02
3626.23
3628.04
3632.04
3635.94
3644.92
3647.24
3647.28
3649.38
3651.55
3651.94
3653.29
3656.25
3656.97
3661.76
3663.70
3663.98
3664.85
3667.03
3667.11
3668.30
3668.86
3671.08
3671.71
3672.27
3673.50
3674.73
3675.33
3679.15
3680.70
3683.89
3685.25
3687.80
3688.56
3693.71
3694.03
3694.79
3694.99
3696.95
3703.43
3705.64
3705.92
3711.94
3715.35
3716.20
3716.36
3716.84
3719.09
3719.21
3719.74
3722.52
3723.52
3728.84
3730.66
3732.72
3734.58
3734.98
3737.00
3738.26
3740.77
3741.05
3743.03
3746.19
3748.87
3750.53
3750.57
3754.23
3755.16
3755.69
3756.14
3757.44
3758.58
3759.51
3759.92
3761.99
3762.08
3763.74
3766.15
3766.88
3768.72
3770.59
3778.35
3779.21
3779.58
3779.99
3780.56
3782.16
3784.69
3785.59
3786.21
3787.11
3787.52
3789.65
3792.60
3795.07
3795.77
3797.08
3804.03
3806.38
3810.09
3811.61
3813.05
3818.01
3821.27
3821.98
3823.22
3823.30
3826.90
3827.07
3832.25
3836.64
3837.27
3840.21
3840.71
3841.88
3843.25
3844.08
3848.66
3849.45
3849.87
3849.95
3852.70
3855.83
3859.42
3860.38
3861.59
3863.72
3864.31
3866.27
3874.35
3875.95
3878.46
3884.05
3890.11
3891.37
3894.91
3895.29
3902.67
3902.92
3903.47
3905.20
3905.25
3909.47
3911.80
3911.97
3912.86
3912.90
3915.02
3922.23
3922.44
3924.69
3925.79
3925.83
3925.83
3927.96
3930.25
3930.85
3933.62
3934.89
3936.43
3937.66
3938.13
3939.71
3941.80
3947.69
3954.61
3955.25
3955.81
3956.41
3959.49
3964.25
3965.97
3967.86
3969.62
3972.15
3972.54
3977.05
3981.19
3982.35
3985.45
3988.73
3988.73
3997.89
3998.89
3999.62
4001.66
4002.35
4005.08
4006.51
4008.03
4009.28
4009.85
4011.45
4012.45
4012.63
4013.75
4014.23
4015.97
4021.01
4023.76
4027.37
4027.50
4028.33
4028.42
4029.68
4031.51
4034.00
4038.80
4039.98
4042.26
4043.22
4043.35
4045.63
4048.21
4050.31
4051.32
4057.95
4058.03
4059.44
4059.66
4069.42
4074.53
4074.88
4082.83
4083.53
4084.02
4084.64
4086.98
4087.12
4089.42
4089.68
4089.99
4095.53
4095.79
4099.12
4101.34
4101.78
4103.69
4108.93
4111.42
4112.67
4113.96
4114.14
4117.12
4121.40
4122.47
4124.25
4124.79
4125.37
4128.67
4129.16
4130.64
4133.37
4133.99
4135.11
4135.78
4136.01
4145.23
4146.22
4146.89
4148.46
4149.86
4151.20
4151.38
4152.42
4153.99
4154.17
4156.60
4160.11
4160.65
4163.08
4163.62
4164.52
4166.64
4169.84
4176.52
4177.20
4178.10
4178.83
4183.76
4185.03
4186.02
4186.84
4189.19
4189.97
4192.73
4194.32
4197.41
4197.41
4198.09
4199.63
4200.59
4201.41
4206.09
4206.36
4207.82
4212.60
4214.56
4214.65
4215.61
4215.98
4218.44
4218.67
4222.37
4225.16
4225.25
4225.66
4226.48
4229.96
4232.71
4236.55
4239.63
4241.09
4242.20
4248.35
4252.49
4254.38
4255.21
4262.16
4264.98
4269.78
4271.77
4272.46
4276.44
4277.50
4279.63
4279.82
4283.34
4288.39
4290.39
4292.10
4297.91
4301.64
4302.05
4302.94
4303.68
4306.48
4307.69
4307.97
4309.14
4311.79
4312.45
4313.38
4316.04
4316.65
4318.56
4320.06
4321.42
4321.60
4323.43
4324.08
4324.78
4327.73
4330.03
4332.32
4336.40
4346.13
4348.67
4351.77
4360.11
4371.03
4374.53
4375.38
4376.56
4376.75
4383.43
4384.86
4385.66
4386.19
4394.26
4394.55
4394.97
4397.97
4399.30
4401.59
4403.40
4406.64
4409.98
4411.84
4412.99
4413.08
4416.76
4417.76
4420.44
4423.74
4424.60
4425.47
4428.24
4430.69
4440.57
4444.37
4450.63
4454.29
4454.48
4455.45
4455.49
4458.53
4459.11
4459.59
4461.67
4461.81
4463.21
4467.08
4467.61
4472.50
4474.48
4480.54
4482.67
4484.76
4489.32
4490.10
4490.78
4491.70
4493.69
4498.02
4499.43
4507.72
4511.33
4513.43
4514.60
4522.62
4523.55
4524.67
4524.82
4525.80
4525.90
4526.78
4531.68
4538.16
4538.50
4540.81
4541.64
4550.99
4557.15
4561.19
4563.02
4565.24
4569.29
4571.67
4578.75
4579.19
4580.43
4583.75
4591.50
4592.59
4593.34
4597.16
4597.46
4598.11
4598.51
4606.87
4610.86
4615.95
4618.80
4621.20
4621.75
4622.95
4623.50
4631.66
4632.06
4633.62
4639.89
4642.35
4644.36
4653.31
4653.82
4655.63
4656.23
4666.78
4669.20
4669.60
4670.26
4673.50
4677.04
4678.45
4679.31
4680.43
4687.73
4689.55
4706.58
4706.94
4713.31
4715.50
4718.26
4722.55
4729.96
4730.93
4733.60
4735.75
4736.11
4737.24
4741.03
4743.34
4754.33
4762.06
4764.58
4776.97
4782.56
4785.40
4789.13
4790.43
4795.20
4796.08
4800.08
4802.21
4803.40
4812.04
4816.62
4824.81
4826.17
4827.06
4830.30
4832.39
4832.91
4834.58
4845.89
4850.93
4854.82
4855.29
4855.45
4865.02
4868.23
4876.98
4877.56
4877.67
4891.99
4899.62
4901.37
4901.42
4902.53
4904.92
4906.78
4908.16
4910.60
4914.01
4914.27
4918.58
4921.30
4924.54
4927.32
4928.38
4931.48
4932.54
4942.85
4942.91
4947.40
4950.45
4959.62
4961.66
4969.02
4969.72
4969.94
4970.58
4972.57
4981.29
4981.29
4983.94
4986.26
4986.80
4987.93
4989.17
4989.76
4989.87
4991.82
4995.33
5003.87
5013.25
5023.08
5029.11
5030.31
5034.72
5038.65
5051.42
5051.75
5052.29
5053.60
5061.98
5067.35
5068.61
5070.20
5073.55
5076.07
5076.90
5080.74
5083.49
5083.77
5087.29
5091.09
5095.17
5095.50
5098.53
5099.80
5100.08
5102.89
5106.59
5112.40
5114.78
5115.38
5123.58
5129.63
5134.29
5136.85
5143.58
5149.98
5155.45
5155.45
5162.31
5162.53
5164.55
5168.07
5169.91
5178.70
5178.81
5181.28
5189.30
5195.88
5196.78
5201.45
5203.81
5204.77
5207.98
5208.65
5211.47
5212.60
5214.69
5222.03
5224.85
5235.44
5246.66
5248.37
5250.41
5264.63
5277.98
5284.55
5286.84
5287.01
5291.07
5291.70
5295.37
5296.46
5298.46
5300.07
5303.40
5309.77
5320.18
5320.70
5323.52
5331.01
5331.36
5339.50
5354.65
5356.04
5360.57
5371.54
5374.68
5379.16
5381.08
5385.04
5387.49
5391.10
5395.83
5410.21
5410.39
5413.02
5418.35
5419.70
5428.21
5429.50
5430.33
5431.44
5432.50
5433.21
5433.38
5439.68
5442.44
5448.75
5452.17
5464.27
5473.62
5477.83
5483.17
5494.39
5516.73
5518.04
5525.69
5535.92
5536.34
5541.86
5543.36
5544.56
5545.76
5555.18
5563.24
5564.03
5569.09
5571.62
5576.08
5579.34
5583.93
5592.76
5596.03
5599.78
5601.60
5615.37
5616.83
5628.88
5633.57
5634.91
5636.31
5647.79
5650.36
5663.52
5677.57
5681.31
5681.87
5682.42
5685.74
5691.96
5706.39
5706.76
5709.35
5712.13
5713.43
5716.96
5717.45
5734.43
5739.27
5746.48
5751.64
5762.98
5791.42
5813.77
5818.17
5820.50
5835.83
5835.89
5847.83
5853.85
5856.76
5875.80
5876.00
5878.22
5884.65
5896.25
5896.31
5902.57
5913.95
5919.84
5927.65
5937.54
5950.34
5951.43
5952.53
5958.78
5959.62
5961.29
5964.91
5973.30
5975.31
5976.21
5982.87
5983.00
5991.43
5991.69
5994.67
5996.68
5999.66
6004.79
6017.41
6018.26
6020.67
6022.04
6024.19
6038.02
6042.86
6043.84
6046.78
6048.74
6050.05
6050.25
6072.75
6078.86
6083.14
6090.31
6101.92
6104.76
6110.05
6113.55
6130.25
6133.83
6146.98
6147.18
6152.71
6164.83
6172.84
6183.27
6188.83
6199.42
6201.83
6206.19
6216.14
6220.38
6221.66
6226.57
6237.97
6239.45
6243.03
6251.69
6252.43
6258.93
6292.74
6297.51
6299.62
6299.90
6311.56
6318.12
6325.85
6338.53
6348.20
6390.24
6392.66
6404.15
6404.50
6405.12
6425.81
6436.59
6450.96
6461.16
6476.41
6495.43
6499.79
6501.97
6509.50
6515.70
6522.69
6527.28
6535.54
6544.88
6557.43
6560.69
6563.25
6564.17
6573.84
6581.81
6582.17
6585.30
6588.37
6592.43
6593.14
6614.29
6619.52
6635.58
6642.84
6646.36
6658.16
6658.24
6673.53
6686.46
6687.26
6687.48
6687.84
6690.08
6690.88
6693.34
6697.83
6698.85
6699.64
6713.29
6718.23
6718.74
6731.54
6738.68
6747.73
6761.98
6781.03
6782.65
6805.73
6812.88
6820.40
6868.31
6868.68
6874.41
6876.49
6894.59
6895.64
6902.28
6908.93
6910.73
6926.82
6935.60
6937.70
6940.63
6949.12
6959.95
6965.53
6980.16
6988.55
7004.07
7011.65
7019.24
7024.79
7026.92
7030.95
7037.72
7046.41
7076.82
7081.18
7081.49
7084.55
7086.85
7107.90
7117.05
7117.75
7123.99
7157.29
7168.91
7181.72
7186.38
7187.01
7196.50
7201.49
7203.20
7220.29
7230.84
7231.47
7244.94
7255.06
7255.45
7258.36
7261.50
7264.48
7267.79
7270.70
7273.61
7275.73
7283.61
7289.76
7293.47
7293.54
7317.57
7359.82
7366.59
7367.62
7367.94
7376.32
7385.74
7417.70
7418.98
7437.95
7441.17
7448.66
7450.19
7454.63
7458.01
7466.90
7467.54
7469.24
7469.97
7488.17
7489.23
7489.96
7492.71
7516.99
7534.82
7537.43
7564.97
7565.54
7579.88
7582.67
7588.00
7590.63
7597.61
7619.76
7650.66
7651.48
7657.86
7670.30
7696.90
7707.49
7713.33
7726.86
7744.44
7774.41
7775.25
7785.01
7798.92
7814.21
7828.26
7838.09
7841.99
7848.95
7856.77
7862.21
7871.66
7894.26
7916.33
7927.39
7959.96
7966.77
7995.35
7997.08
7997.78
8000.98
8001.67
8028.47
8034.55
8048.47
8059.89
8083.29
8118.35
8124.06
8128.02
8140.61
8184.41
8185.83
8194.95
8241.82
8259.13
8264.41
8268.34
8270.49
8294.78
8355.58
8369.06
8373.86
8385.92
8397.72
8411.00
8427.12
8465.23
8473.20
8482.93
8515.20
8524.70
8547.60
8557.41
8611.66
8612.59
8632.27
8636.48
8673.84
8678.53
8678.53
8719.10
8722.59
8729.29
8732.22
8745.56
8748.87
8751.42
8760.04
8793.19
8793.76
8796.90
8808.99
8817.48
8842.42
8858.70
8880.10
8881.63
8925.18
8934.64
8954.48
8962.24
8980.29
9020.80
9078.67
9087.91
9125.94
9152.74
9180.81
9181.90
9236.91
9261.53
9262.43
9294.15
9315.19
9365.22
9374.34
9378.60
9380.73
9425.50
9450.72
9495.20
9514.23
9531.23
9543.10
9543.51
9545.88
9587.81
9594.24
9595.17
9626.99
9742.05
9808.15
9831.74
9866.58
9905.20
10046.70
10092.24
10120.13
10143.91
10242.73
10260.81
10265.03
10277.92
10288.94
10311.56
10323.28
10373.56
10386.36
10401.32
10430.73
10435.47
10541.01
10547.74
10566.36
10605.53
10622.41
10691.13
10734.60
10741.11
10756.22
10764.84
10801.12
10803.93
10816.80
10821.48
10844.33
10962.19
11015.93
11031.91
11176.69
11238.04
11251.06
11304.26
11322.38
11323.11
11474.19
11542.43
11654.49
11692.00
11708.46
11882.02
11884.85
11895.92
11955.40
12053.20
12138.14
12203.85
12260.76
12291.84
12331.94
12419.51
12558.28
12596.39
12638.85
12795.01
12911.27
12911.27
12928.89
13101.96
13153.66
13322.82
13342.00
13463.38
13512.41
13547.70
13579.98
13624.28
13751.35
13761.77
13771.00
14005.11
14027.71
14112.20
14187.06
14245.67
14246.90
14408.59
14506.98
14588.99
14829.46
14836.36
14890.56
15088.25
15204.61
15349.74
15407.97
15445.86
15579.13
15598.36
15682.46
15782.04
15821.36
15829.24
16029.34
16151.55
16166.94
16681.17
16701.94
17497.93
17556.15
17604.84
17773.84
17968.95
18013.52
18177.79
18178.19
18385.48
18557.36
19023.52
19167.53
19432.73
19909.89
19972.89
19987.16
20070.38
20167.90
20170.30
20178.59
20932.92
20957.62
21066.52
21700.88
21768.84
21806.33
21961.89
22002.80
22177.52
22629.58
24435.19
25311.09
25582.84
27882.63
27902.55
28775.74
31047.55
31087.89
31771.04
37206.40
38852.85
