5.44
6.65
6.69
6.72
7.04
7.46
7.55
7.93
8.05
8.19
8.26
8.40
8.71
8.96
9.11
9.19
9.33
9.52
9.71
10.44
10.49
10.56
10.58
10.83
10.83
11.01
11.05
11.20
11.24
11.57
11.63
11.73
11.94
12.05
12.07
12.28
12.30
12.33
12.34
12.36
12.57
12.61
12.66
12.68
12.80
12.82
12.82
12.93
13.33
13.50
13.66
13.68
13.89
13.92
13.97
14.00
14.06
14.09
14.21
14.29
14.30
14.42
14.47
14.78
14.86
14.87
14.91
15.06
15.16
15.26
15.42
15.43
15.52
15.54
15.56
15.65
15.70
15.77
15.99
16.04
16.07
16.09
16.15
16.15
16.27
16.31
16.47
16.56
16.56
16.61
16.78
16.85
16.88
16.92
16.96
17.01
17.04
17.20
17.21
17.21
17.31
17.39
17.42
17.43
17.54
17.59
17.65
17.76
17.86
17.98
18.01
18.09
18.12
18.24
18.24
18.42
18.55
18.58
18.67
18.77
18.84
18.93
19.01
19.09
19.10
19.11
19.15
19.22
19.26
19.27
19.33
19.33
19.39
19.46
19.66
19.67
19.72
19.87
19.91
20.04
20.05
20.09
20.24
20.29
20.30
20.31
20.39
20.46
20.49
20.50
20.56
20.71
20.74
20.79
20.83
20.84
20.84
20.92
20.94
20.95
20.95
21.01
21.02
21.19
21.21
21.22
21.24
21.41
21.41
21.56
21.64
21.67
21.67
21.68
21.97
22.04
22.10
22.27
22.31
22.38
22.78
23.06
23.23
23.24
23.31
23.37
23.41
23.50
23.65
23.67
23.88
23.89
23.91
23.98
24.27
24.30
24.30
24.34
24.41
24.42
24.55
24.66
24.72
24.78
24.84
25.02
25.14
25.26
25.32
25.39
25.45
25.46
25.69
25.90
25.98
26.00
26.03
26.05
26.17
26.33
26.45
26.68
26.80
26.86
26.95
27.02
27.09
27.19
27.24
27.29
27.55
27.56
27.73
27.84
27.93
27.95
28.01
28.12
28.16
28.19
28.20
28.21
28.23
28.33
28.42
28.46
28.63
28.69
28.86
28.88
28.91
29.02
29.02
29.13
29.36
29.39
29.41
29.47
29.55
29.55
29.72
29.77
29.86
29.87
30.03
30.04
30.04
30.08
30.12
30.13
30.16
30.16
30.16
30.23
30.31
30.40
30.48
30.53
30.59
30.68
30.72
30.74
30.75
30.84
30.84
30.88
30.97
30.98
31.03
31.04
31.09
31.24
31.30
31.35
31.41
31.67
31.72
32.11
32.11
32.12
32.13
32.14
32.15
32.15
32.22
32.25
32.26
32.33
32.50
32.52
32.74
32.75
32.76
32.79
32.82
32.87
32.97
33.35
33.41
33.42
33.42
33.45
33.47
33.50
33.54
33.66
33.67
33.81
33.83
33.89
34.29
34.29
34.45
34.55
34.59
34.60
34.66
34.68
34.78
34.86
34.98
35.03
35.08
35.09
35.23
35.23
35.32
35.35
35.50
35.54
35.56
35.67
35.71
35.73
35.74
35.94
35.95
36.15
36.17
36.24
36.37
36.44
36.50
36.55
36.64
36.65
36.70
36.71
36.71
36.76
36.82
36.85
36.85
36.97
37.02
37.02
37.02
37.24
37.30
37.33
37.49
37.52
37.58
37.64
37.65
37.66
37.74
37.75
37.76
37.89
38.05
38.21
38.38
38.40
38.77
38.81
38.87
38.89
38.94
39.02
39.08
39.25
39.42
39.52
39.53
39.54
39.56
39.64
39.68
39.68
39.72
39.74
39.77
39.90
39.91
39.95
39.98
40.29
40.53
40.53
40.64
40.65
40.68
40.68
40.69
40.72
40.76
40.78
40.81
40.84
41.01
41.13
41.16
41.20
41.31
41.31
41.34
41.39
41.40
41.52
41.53
41.72
41.73
41.74
41.79
41.99
41.99
42.15
42.33
42.55
42.60
42.64
42.72
42.74
42.74
42.94
43.13
43.13
43.13
43.18
43.21
43.34
43.48
43.53
43.56
43.58
43.63
43.81
43.87
43.96
44.07
44.09
44.13
44.18
44.23
44.25
44.32
44.36
44.43
44.44
44.46
44.60
44.64
44.68
44.77
44.82
44.82
44.87
44.94
45.01
45.06
45.08
45.31
45.34
45.42
45.52
45.63
45.67
45.81
45.96
45.96
46.03
46.28
46.28
46.37
46.65
46.83
46.86
46.91
46.93
46.96
47.12
47.29
47.30
47.36
47.43
47.46
47.48
47.50
47.54
47.61
47.63
47.73
47.74
47.90
47.98
48.03
48.10
48.13
48.15
48.21
48.34
48.43
48.59
48.60
48.68
48.70
48.71
48.83
48.85
48.88
48.90
48.93
48.98
49.30
49.34
49.38
49.51
49.82
49.96
50.00
50.16
50.31
50.35
50.62
50.66
50.68
50.73
50.76
50.89
51.15
51.15
51.26
51.28
51.32
51.47
51.50
51.60
51.82
51.93
51.95
52.07
52.39
52.43
52.48
52.49
52.63
52.67
52.68
52.97
53.08
53.18
53.20
53.22
53.24
53.29
53.36
53.45
53.63
53.64
53.69
53.84
54.16
54.41
54.41
54.78
54.78
54.79
54.87
54.88
54.97
55.04
55.05
55.21
55.30
55.48
55.57
55.58
55.67
55.72
56.01
56.06
56.12
56.13
56.18
56.22
56.29
56.36
56.40
56.44
56.49
56.75
56.79
56.88
56.92
56.96
57.06
57.11
57.11
57.34
57.38
57.53
57.65
57.85
57.88
57.90
57.90
58.04
58.16
58.16
58.27
58.31
58.35
58.49
58.69
58.76
58.78
59.14
59.32
59.33
59.38
59.48
59.59
59.68
59.69
59.76
59.79
59.83
59.93
59.94
59.96
60.07
60.22
60.23
60.29
60.35
60.37
60.43
60.43
60.61
60.67
60.70
60.71
60.74
60.91
60.92
60.93
60.93
60.98
61.15
61.19
61.32
61.42
61.56
61.79
61.80
61.93
61.98
62.01
62.17
62.22
62.37
62.48
62.52
62.57
62.78
62.85
62.87
62.89
63.06
63.08
63.08
63.13
63.17
63.20
63.26
63.29
63.33
63.44
63.55
63.72
64.11
64.15
64.17
64.19
64.27
64.28
64.32
64.44
64.47
64.62
64.66
64.67
64.73
64.77
64.79
64.81
64.94
65.03
65.11
65.13
65.14
65.15
65.23
65.36
65.42
65.66
65.74
65.75
65.79
65.82
65.89
66.03
66.03
66.07
66.13
66.15
66.20
66.48
66.55
66.61
66.68
66.91
66.94
66.96
67.01
67.01
67.01
67.04
67.24
67.30
67.38
67.65
67.70
67.73
67.83
67.86
67.88
68.01
68.03
68.07
68.16
68.19
68.32
68.38
68.40
68.44
68.45
68.62
68.72
68.77
68.87
68.89
69.06
69.09
69.19
69.21
69.42
69.51
69.67
69.73
69.78
69.85
69.85
69.89
70.00
70.00
70.03
70.04
70.07
70.17
70.35
70.42
70.47
70.70
70.77
70.99
71.00
71.01
71.06
71.19
71.25
71.28
71.32
71.33
71.37
71.50
71.53
71.67
71.71
71.74
71.79
71.82
71.85
71.95
72.17
72.24
72.24
72.29
72.39
72.41
72.56
72.63
72.65
72.69
72.74
72.74
73.03
73.22
73.37
73.41
73.43
73.46
73.59
73.62
73.85
73.93
73.95
74.06
74.13
74.14
74.39
74.45
74.51
74.62
74.66
74.70
74.93
75.00
75.29
75.58
75.66
75.72
75.75
75.87
76.19
76.25
76.40
76.41
76.41
76.50
76.59
76.59
76.59
76.77
76.81
76.83
76.91
76.93
76.93
76.97
76.98
77.01
77.01
77.07
77.16
77.28
77.41
77.41
77.45
77.52
77.65
77.70
77.98
78.01
78.05
78.28
78.36
78.38
78.43
78.49
78.53
78.79
78.92
78.96
79.22
79.24
79.31
79.33
79.35
79.44
79.64
79.76
79.76
80.01
80.03
80.04
80.04
80.04
80.14
80.26
80.47
80.51
80.53
80.55
80.57
80.77
80.80
80.83
80.87
81.12
81.17
81.18
81.26
81.28
81.39
81.70
81.81
81.83
81.85
81.90
82.00
82.02
82.10
82.12
82.16
82.37
82.42
82.54
82.60
82.67
82.77
82.97
83.01
83.02
83.03
83.14
83.30
83.52
83.56
83.67
83.74
83.83
83.83
83.87
83.90
83.97
84.28
84.31
84.41
84.45
84.68
84.79
84.87
84.94
85.10
85.15
85.32
85.34
85.35
85.48
85.63
85.69
85.89
86.23
86.37
86.48
86.64
86.68
86.88
86.97
86.97
87.00
87.17
87.25
87.29
87.38
87.52
87.58
87.59
87.74
87.86
88.25
88.52
88.65
88.75
89.00
89.05
89.12
89.32
89.32
89.36
89.38
89.48
89.57
89.71
89.90
89.96
90.08
90.13
90.13
90.24
90.45
90.55
90.58
90.58
90.97
91.23
91.42
91.52
91.57
91.65
91.76
91.89
91.92
91.92
92.10
92.21
92.25
92.31
92.58
92.76
92.87
92.89
92.93
93.00
93.04
93.13
93.16
93.36
93.37
93.41
93.47
93.50
93.67
93.68
93.74
93.75
93.82
93.90
93.91
93.92
93.98
94.00
94.10
94.16
94.20
94.24
94.27
94.33
94.58
94.70
94.74
94.91
95.21
95.29
95.31
95.34
95.57
95.62
95.70
95.73
95.79
95.81
95.82
95.82
95.86
95.87
95.96
96.16
96.21
96.23
96.27
96.54
96.64
96.74
96.75
96.86
97.02
97.10
97.17
97.22
97.23
97.52
97.55
97.81
97.88
97.94
98.00
98.08
98.28
98.31
98.46
98.46
98.52
98.54
98.62
98.69
98.72
98.77
98.79
98.79
98.97
98.98
99.22
99.27
99.29
99.37
99.41
99.49
99.49
99.54
99.77
99.78
99.98
100.04
100.12
100.15
100.16
100.22
100.28
100.28
100.29
100.35
100.36
100.37
100.38
100.39
100.58
100.74
100.82
100.90
100.90
100.92
100.97
101.00
101.00
101.07
101.15
101.19
101.21
101.26
101.32
101.51
101.79
101.86
101.98
102.18
102.31
102.40
102.47
102.48
102.68
102.70
102.91
102.97
103.16
103.24
103.30
103.37
103.37
103.51
103.66
103.67
103.67
103.69
103.81
103.99
104.00
104.39
104.48
104.52
104.60
104.66
104.72
104.81
104.84
105.00
105.04
105.09
105.11
105.25
105.44
105.47
105.47
105.58
105.65
105.67
105.68
105.98
105.99
106.16
106.17
106.30
106.35
106.50
106.50
106.62
106.70
106.81
106.92
106.93
107.00
107.09
107.20
107.23
107.35
107.47
107.51
107.55
107.61
107.69
107.79
107.84
107.90
108.00
108.06
108.06
108.53
108.73
108.81
108.93
109.01
109.01
109.02
109.16
109.32
109.39
109.40
109.51
109.57
109.62
109.83
109.86
109.98
110.12
110.15
110.23
110.31
110.50
110.51
110.52
110.57
110.65
110.83
110.92
110.97
110.99
111.04
111.04
111.07
111.13
111.15
111.22
111.27
111.53
111.65
111.73
111.81
111.87
111.87
111.89
111.95
112.18
112.18
112.26
112.36
112.57
112.63
112.71
112.78
112.95
113.31
113.33
113.66
113.95
113.98
114.09
114.18
114.24
114.25
114.25
114.32
114.65
114.67
114.92
115.01
115.01
115.07
115.11
115.14
115.92
115.93
115.97
116.11
116.34
116.51
116.53
116.58
116.62
116.76
116.79
116.84
116.90
117.17
117.30
117.46
117.61
117.61
117.69
117.73
117.74
117.77
117.80
117.81
117.91
118.14
118.14
118.61
118.68
118.70
118.73
118.74
118.74
118.77
118.86
118.87
118.98
119.07
119.15
119.84
119.96
120.18
120.19
120.43
120.52
120.56
120.59
120.62
120.62
120.72
121.54
121.67
121.67
121.79
121.89
121.90
122.09
122.85
123.13
123.26
123.40
123.42
123.62
123.79
124.11
124.12
124.17
124.26
124.44
124.46
124.47
124.48
124.56
124.66
124.72
124.90
124.99
125.03
125.35
125.40
125.42
125.53
125.55
125.74
125.98
125.99
126.02
126.11
126.16
126.19
126.97
127.04
127.14
127.24
127.31
127.48
127.49
127.55
127.60
127.68
127.72
127.72
128.03
128.10
128.18
128.26
128.27
128.37
128.45
128.83
129.12
129.60
129.66
129.71
129.74
129.85
129.85
129.90
129.94
130.01
130.14
130.14
130.18
130.51
130.60
130.60
130.93
130.97
130.99
131.24
131.28
131.51
131.53
131.65
131.87
131.93
132.13
132.14
132.17
132.24
132.26
132.32
132.44
132.58
132.68
132.92
133.04
133.39
134.12
134.28
134.32
134.46
134.48
134.58
134.60
134.69
135.37
135.40
135.40
135.44
135.44
135.52
135.76
135.85
135.95
135.98
136.01
136.01
136.05
136.18
136.39
136.51
136.51
136.60
136.93
136.93
137.19
137.22
137.22
137.23
137.30
137.32
137.54
137.54
137.90
138.14
138.16
138.21
138.28
138.40
138.48
138.59
138.63
138.68
139.16
139.35
139.43
139.45
139.49
139.52
139.54
139.55
139.63
139.66
139.75
139.84
139.95
140.12
140.23
140.36
140.42
140.58
140.63
140.79
140.81
140.82
140.92
140.96
141.01
141.26
141.32
141.50
141.63
141.68
141.97
142.00
142.06
142.14
142.15
142.31
142.50
142.69
142.92
143.28
143.42
143.48
143.55
143.69
143.77
144.03
144.28
144.30
144.52
144.82
144.86
144.91
144.96
145.02
145.17
145.25
145.26
145.49
145.49
145.51
145.95
146.14
146.21
146.27
146.36
146.46
146.54
146.63
146.70
146.71
146.71
146.77
147.02
147.09
147.09
147.34
147.61
147.65
147.86
147.87
147.97
148.43
148.44
148.50
148.53
148.55
148.58
148.76
148.91
149.12
149.18
149.21
149.26
149.30
149.34
149.56
149.77
149.79
149.92
149.97
150.00
150.04
150.13
150.18
150.19
150.21
150.23
150.30
150.33
150.54
150.62
150.82
150.87
150.94
151.09
151.11
151.19
151.22
151.22
151.57
151.58
151.69
151.74
151.85
151.92
152.04
152.11
152.21
152.59
152.81
152.87
153.23
153.55
153.66
153.70
153.77
153.85
153.90
153.92
154.01
154.02
154.04
154.23
154.32
154.32
154.45
154.57
155.29
155.49
155.53
155.93
155.93
155.94
155.99
156.04
156.06
156.31
156.58
156.58
156.60
156.74
156.76
156.88
157.31
157.61
157.66
157.81
157.84
157.86
157.96
158.25
158.28
158.28
158.45
158.64
158.83
158.84
158.90
158.91
158.93
158.97
159.12
159.24
159.41
159.72
159.74
159.76
159.91
159.99
160.00
160.29
160.35
160.36
160.47
160.47
160.50
160.65
160.86
160.96
160.98
161.07
161.19
161.58
161.64
161.65
162.15
162.32
162.36
162.65
162.75
162.82
162.88
162.95
163.06
163.10
163.25
163.43
163.67
163.75
163.86
163.87
163.88
163.95
164.27
164.34
164.45
164.58
164.74
164.90
165.08
165.25
165.52
166.10
166.31
166.32
166.34
166.42
166.67
166.80
166.97
167.10
167.10
167.11
167.12
167.19
167.53
167.54
167.57
167.71
167.74
167.77
168.33
168.85
168.87
168.98
169.20
169.45
169.49
169.55
169.61
169.99
170.24
170.40
170.64
170.67
170.77
170.80
170.82
170.93
171.02
171.24
171.33
171.45
171.51
171.59
171.64
171.71
171.75
171.85
172.02
172.07
172.17
172.23
172.62
172.78
172.84
172.91
172.93
173.04
173.05
173.06
173.12
173.28
173.41
173.53
173.63
173.69
174.23
174.24
174.24
174.31
174.44
174.65
174.78
174.85
174.91
175.00
175.51
175.59
175.75
175.86
176.13
176.35
176.59
176.61
176.66
176.77
176.97
177.07
177.21
177.53
177.58
177.66
177.73
177.76
177.76
177.80
177.93
177.95
178.10
178.11
178.12
178.19
178.27
178.32
178.50
178.61
178.95
178.95
179.02
179.09
179.17
179.19
179.43
179.44
179.68
180.15
180.16
180.33
180.44
180.52
180.54
180.55
180.57
180.63
180.94
181.09
181.41
181.48
181.51
181.62
181.64
181.64
181.71
181.81
181.99
182.10
182.29
182.58
182.61
182.68
182.83
183.07
183.33
183.38
183.45
183.58
183.66
183.73
184.07
184.19
184.45
184.63
184.64
184.78
184.79
184.85
184.92
184.94
185.02
185.23
185.41
185.66
185.73
185.84
186.25
186.77
187.10
187.12
187.27
187.39
187.55
187.69
187.76
187.76
187.86
188.01
188.08
188.37
188.39
188.68
188.70
188.72
189.02
189.33
189.55
189.74
189.81
189.84
190.04
190.22
190.29
190.29
190.35
190.41
190.47
190.64
190.92
191.03
191.09
191.18
191.64
191.72
191.79
191.82
191.86
191.88
192.06
192.11
192.34
192.47
192.80
192.84
192.90
193.06
193.13
193.38
193.52
193.56
193.62
193.69
193.88
193.92
193.96
194.20
194.22
194.54
194.74
194.75
194.78
194.90
194.98
195.10
195.47
195.68
195.98
196.08
196.14
196.18
196.20
196.55
196.84
196.98
197.00
197.17
197.29
197.35
197.37
197.68
197.71
197.75
197.83
197.99
198.27
198.35
198.88
199.03
199.37
199.65
199.77
200.01
200.05
200.12
200.14
200.14
200.14
200.30
200.32
200.39
200.47
200.55
200.58
200.60
200.67
200.95
201.01
201.53
201.57
201.74
201.95
201.95
202.24
202.31
202.46
202.64
202.71
202.84
202.94
202.96
203.06
203.47
203.58
203.96
203.96
204.08
204.55
204.61
204.96
205.19
205.38
205.74
205.86
206.14
206.27
206.47
206.48
206.54
206.94
206.94
207.63
208.05
208.22
208.24
208.30
208.36
208.40
208.46
208.49
208.76
208.88
209.34
209.34
209.39
209.43
209.75
209.81
209.85
209.88
209.94
210.23
210.24
210.52
210.64
210.77
211.34
211.48
211.49
211.63
211.75
211.86
211.90
211.91
212.00
212.01
212.03
212.05
212.26
212.83
212.84
212.87
213.10
213.17
213.17
213.27
213.28
213.40
213.69
213.70
213.86
213.89
214.16
214.25
214.43
214.61
214.85
215.21
215.24
215.26
215.43
215.64
216.48
216.58
216.65
216.74
216.78
216.87
216.99
217.07
217.50
217.84
218.24
218.30
218.37
218.42
219.15
219.30
219.64
220.12
220.23
220.26
220.88
221.11
221.14
221.48
221.73
221.83
221.86
222.19
222.29
222.32
222.35
222.44
223.50
224.09
224.12
224.22
224.26
224.55
224.81
224.84
225.27
225.30
225.31
225.31
225.50
225.67
225.80
225.95
226.03
226.04
226.05
226.26
226.26
226.32
226.45
226.54
226.65
227.00
227.06
227.40
227.70
227.72
227.76
227.78
228.09
228.17
228.25
228.36
228.46
228.47
228.52
228.56
228.57
228.58
228.85
228.95
229.15
229.21
229.27
229.49
229.51
230.06
230.56
230.64
230.83
230.94
231.02
231.15
231.19
231.21
231.41
231.47
231.58
231.75
232.09
232.18
232.27
232.29
232.31
232.60
232.80
233.03
233.05
233.06
233.08
233.54
233.54
233.61
234.12
234.28
234.44
234.45
234.58
234.59
234.64
234.69
234.74
235.43
235.69
235.72
235.78
236.17
236.22
236.27
236.31
236.33
236.36
236.51
236.63
236.65
236.74
236.86
236.89
236.90
236.92
236.97
237.38
237.72
237.75
237.75
237.92
238.49
238.84
238.86
239.11
239.17
239.25
239.30
240.30
240.47
240.81
240.90
241.17
241.21
241.48
241.49
241.79
241.88
241.95
242.30
242.36
242.49
243.32
243.49
243.85
243.86
243.93
244.01
244.51
244.52
244.53
244.70
244.82
244.83
244.87
245.03
245.44
245.51
245.53
245.56
245.57
245.70
245.73
245.75
245.76
245.83
245.88
246.03
246.28
246.39
246.47
246.49
246.56
246.57
246.61
246.84
246.84
246.95
246.99
247.00
247.23
247.33
247.34
248.06
248.16
248.26
248.34
248.39
248.60
248.70
248.83
248.85
249.07
249.33
249.43
249.49
249.63
249.75
249.78
249.87
249.90
249.96
250.11
250.19
250.26
250.65
250.72
250.96
251.23
251.48
251.84
252.05
252.17
252.21
252.27
252.27
252.34
252.41
252.52
252.55
252.70
252.88
253.12
253.27
253.48
253.66
254.31
254.39
254.40
254.90
255.10
255.16
255.20
255.74
255.89
255.94
256.02
256.08
256.12
256.18
256.35
256.41
256.55
257.07
257.11
257.18
257.36
257.51
257.56
257.99
258.13
258.15
258.57
258.84
258.89
259.02
259.29
259.55
259.75
259.87
260.00
260.14
260.20
260.23
260.80
260.87
261.15
261.26
261.30
261.33
261.39
261.39
261.64
262.16
262.20
262.57
262.72
262.75
262.78
263.85
263.99
264.06
264.06
264.32
264.42
265.48
265.56
265.89
265.92
266.24
266.38
266.51
266.58
266.66
266.68
266.80
266.97
267.09
267.91
267.94
267.95
268.02
268.09
268.13
268.19
268.75
268.91
268.93
268.94
269.04
269.40
269.45
269.73
269.80
270.21
270.21
270.22
270.26
270.41
270.68
270.76
270.83
271.11
271.18
271.24
271.29
271.50
271.58
272.48
272.50
272.62
273.11
273.24
273.27
273.33
273.44
273.83
273.86
274.15
274.43
275.14
275.84
275.85
275.87
276.57
276.73
276.78
277.21
277.49
277.50
277.64
277.91
278.22
278.46
279.07
279.96
280.52
280.91
280.95
280.98
281.24
281.33
281.46
282.35
282.37
282.48
282.49
282.88
282.96
282.98
283.09
283.35
283.45
283.72
283.92
284.27
284.30
284.47
284.65
284.88
284.93
284.93
284.94
285.02
285.03
285.05
285.06
285.15
285.51
285.61
285.69
285.69
285.77
285.87
286.01
286.27
286.37
286.71
286.83
287.05
287.09
287.44
287.65
287.73
287.76
287.77
288.01
288.08
288.23
288.31
288.38
288.42
288.94
289.16
289.53
289.85
290.96
291.00
291.05
291.21
291.40
291.46
291.68
291.88
292.89
293.23
293.26
293.34
293.46
293.53
293.61
294.41
294.53
294.55
294.57
294.57
294.60
294.69
294.79
294.98
295.11
295.17
295.46
295.78
295.89
296.26
296.26
296.37
296.50
296.68
297.01
297.09
297.21
297.70
299.15
299.26
299.36
299.40
299.52
299.78
300.04
300.15
300.40
300.57
300.58
300.80
300.92
301.04
301.06
301.62
302.00
302.36
302.92
302.95
303.34
303.40
303.67
303.72
303.94
304.15
304.23
304.30
304.36
304.52
304.78
304.79
304.84
305.07
305.09
305.12
305.21
305.44
305.55
305.69
305.80
305.83
306.04
306.30
306.36
306.63
306.71
307.03
307.11
307.18
307.29
307.83
307.86
308.01
308.23
308.29
308.41
308.58
308.61
308.76
308.76
308.86
308.99
309.30
309.48
309.50
309.57
309.90
310.33
310.76
310.77
310.99
311.62
312.12
312.62
312.76
313.56
313.73
314.02
314.14
314.43
314.90
315.30
315.30
315.44
315.54
315.55
315.56
315.86
315.87
315.88
315.93
316.05
316.11
316.91
316.95
316.98
317.43
317.53
317.73
317.84
318.13
318.13
318.20
318.24
318.28
318.75
319.08
319.18
319.23
319.24
319.45
319.47
319.49
319.70
319.83
320.15
320.28
320.31
320.44
320.70
321.16
321.29
321.30
321.46
321.47
321.52
321.62
321.65
321.69
321.81
322.20
322.20
322.43
322.47
322.60
323.01
323.13
323.15
323.20
323.43
323.56
323.58
323.85
323.86
324.28
324.42
324.51
324.64
324.65
324.71
325.03
325.03
325.29
325.66
325.96
325.97
326.18
326.42
326.59
326.71
327.10
327.27
327.65
327.94
328.26
328.62
328.67
329.11
329.11
329.37
329.73
329.78
330.18
330.23
330.32
330.45
330.47
330.64
331.77
331.84
332.40
332.42
332.42
332.73
333.28
333.33
333.46
333.70
333.96
334.10
334.31
334.45
334.47
334.81
334.95
334.96
335.12
335.30
335.46
335.47
335.47
335.50
335.71
335.75
335.84
335.88
336.05
336.23
336.26
336.73
336.96
337.07
337.16
337.59
337.68
338.77
339.35
339.70
339.73
341.11
341.47
341.57
341.64
341.69
341.71
341.93
342.05
342.11
342.19
342.79
342.83
342.85
342.90
342.96
343.07
343.27
343.41
343.51
343.94
343.95
344.03
344.13
344.21
344.34
344.72
345.33
345.53
345.54
345.88
346.02
346.56
346.58
346.95
347.39
347.90
347.91
347.98
348.61
348.65
348.75
349.13
349.22
349.60
349.62
349.72
349.82
349.95
350.02
350.03
350.11
350.12
350.40
350.52
350.62
350.66
351.29
351.36
351.43
351.68
352.13
352.20
352.40
352.62
352.78
353.04
353.06
353.27
353.47
353.71
353.81
353.82
354.11
354.28
354.37
354.64
354.71
354.86
355.14
355.16
355.23
355.51
355.55
355.70
355.85
356.04
356.06
356.12
356.22
356.57
356.72
356.83
356.88
357.24
357.26
357.38
357.61
357.69
357.97
358.15
358.60
358.61
358.98
358.99
359.18
359.28
359.51
359.82
359.99
360.09
360.72
361.10
361.10
361.58
361.91
361.95
362.01
362.02
362.24
362.32
362.54
362.54
362.62
362.75
363.23
363.33
363.34
363.69
364.24
364.47
364.78
364.78
364.79
365.40
365.54
365.72
365.79
365.82
367.17
367.36
367.56
368.08
368.10
368.40
368.95
369.32
369.41
369.90
369.95
370.12
370.12
370.16
370.22
370.59
370.77
370.81
371.00
371.15
371.42
371.96
372.03
372.17
372.21
372.21
372.30
372.79
372.81
372.89
373.31
373.52
373.55
373.63
373.72
373.97
374.11
374.15
374.28
374.42
374.58
375.08
375.38
375.74
376.24
376.26
376.34
376.36
376.40
376.67
377.35
377.71
377.95
379.14
379.32
379.63
380.03
380.60
380.95
381.02
382.03
382.17
382.64
383.07
383.16
383.19
383.25
383.27
384.34
384.50
384.69
384.76
384.95
385.54
385.75
385.75
385.83
386.66
387.15
387.21
387.32
387.34
387.48
387.48
387.68
387.86
388.42
388.53
388.82
388.94
389.19
389.27
389.28
389.37
389.49
389.58
389.61
389.65
389.96
390.23
390.30
390.53
390.94
391.37
391.42
391.50
391.64
391.83
391.88
391.95
392.19
392.50
392.51
392.55
392.59
392.93
393.05
393.07
393.16
393.50
394.24
394.28
394.45
394.70
394.75
394.99
395.65
395.74
395.77
396.32
396.48
396.76
396.77
397.06
397.36
397.44
397.50
397.52
397.56
397.57
397.60
397.60
397.66
397.89
397.92
397.94
397.98
398.16
398.16
398.65
399.09
399.23
399.42
399.77
400.19
400.30
400.51
400.70
401.09
401.15
401.54
401.59
401.60
401.70
401.83
402.01
402.02
402.07
402.74
402.93
403.34
403.49
403.70
404.02
404.53
404.78
405.48
405.67
405.90
405.92
406.44
406.51
406.82
406.83
407.24
407.42
407.59
407.71
407.88
408.05
408.31
408.36
408.89
409.19
409.32
409.36
409.38
409.72
410.12
410.20
410.29
411.03
411.40
411.54
411.88
411.94
412.08
412.20
412.52
412.82
413.16
413.34
413.71
413.73
413.78
413.81
413.93
413.98
413.98
414.60
414.88
415.26
415.33
415.71
415.91
416.32
416.33
416.40
417.07
417.09
417.71
417.79
418.13
418.42
418.52
418.53
418.76
418.89
419.23
419.53
419.54
419.73
419.76
419.90
419.90
419.98
420.23
420.25
420.62
420.84
420.86
420.97
421.08
421.16
421.41
421.53
421.87
422.02
422.28
422.39
422.39
422.45
422.56
422.58
422.87
422.94
423.33
423.45
423.64
424.21
424.34
424.41
424.89
425.16
425.16
425.58
425.71
425.91
425.91
427.47
427.67
427.74
427.93
428.23
428.52
428.82
429.46
429.85
429.93
430.29
430.35
430.78
431.27
431.51
431.53
431.81
431.92
432.57
432.65
432.71
432.99
434.37
436.02
436.08
436.51
437.00
437.03
437.65
437.91
438.27
438.40
438.42
438.66
438.78
438.86
438.88
438.99
439.18
439.28
440.05
440.84
441.58
441.63
441.85
441.97
442.06
442.40
442.97
443.45
443.49
443.74
444.01
444.05
444.35
444.49
444.94
445.27
445.58
445.61
445.82
446.15
446.18
446.35
447.20
448.01
448.14
448.36
448.81
449.11
449.27
449.41
449.48
449.60
449.77
450.69
450.88
451.44
451.54
452.09
452.11
452.28
452.66
452.74
452.94
453.06
453.26
453.60
454.04
454.42
455.10
455.92
456.09
456.16
456.26
456.30
456.32
456.40
456.56
456.73
457.93
457.94
457.98
458.00
458.18
458.44
458.59
459.18
459.36
459.56
460.37
460.61
460.94
461.58
462.12
462.83
462.86
463.14
463.22
463.28
463.30
463.41
463.55
464.08
464.44
464.58
464.59
464.68
464.70
464.77
465.29
465.37
465.71
465.89
465.90
465.96
466.68
466.89
466.97
467.08
467.72
468.28
468.56
468.87
468.89
469.02
469.76
470.31
470.42
470.95
471.06
471.25
471.26
471.37
471.43
471.86
472.03
472.08
472.24
472.50
473.25
473.35
473.36
474.74
475.32
475.42
475.51
475.58
475.93
475.95
476.20
476.32
476.37
476.37
476.90
477.00
477.18
478.22
478.49
478.50
478.96
478.96
479.22
479.38
479.71
480.03
480.15
480.43
480.64
480.74
481.05
481.15
481.24
481.32
482.38
482.40
482.47
482.61
482.79
483.21
483.24
484.02
484.05
484.07
484.24
484.81
484.92
484.94
485.02
485.49
485.66
486.19
486.48
486.75
487.11
487.14
487.54
487.75
488.85
489.15
489.34
489.91
489.92
490.70
490.75
491.08
491.33
491.54
492.01
492.48
492.54
492.84
493.09
493.30
493.98
494.08
494.84
495.09
495.16
495.36
495.63
495.66
496.36
496.81
496.82
496.97
497.17
497.21
497.25
497.95
498.17
498.29
498.31
498.44
498.82
498.93
498.94
499.47
499.53
499.73
500.85
501.25
501.36
501.82
502.03
502.31
503.14
503.28
503.30
503.47
504.89
504.93
505.48
505.73
506.89
507.41
507.58
507.68
507.72
507.73
508.06
508.26
508.30
508.35
508.47
508.49
509.16
509.67
510.13
510.28
511.39
511.45
511.61
511.62
511.63
511.88
512.38
512.47
512.56
512.58
512.61
513.34
513.41
513.72
513.89
514.07
514.11
514.16
514.61
514.93
515.37
515.75
515.76
515.77
516.03
516.39
516.49
516.65
516.71
517.12
518.70
518.75
519.00
519.16
519.27
519.48
520.04
520.12
520.16
520.47
520.69
520.73
520.84
520.89
521.75
522.19
522.31
522.45
522.47
522.70
522.91
523.09
523.34
523.44
523.59
523.90
524.36
524.40
525.05
525.87
525.91
526.14
526.74
527.13
527.45
527.47
527.67
527.85
528.20
528.21
528.21
528.27
528.58
528.84
529.15
530.03
530.35
530.79
531.41
531.92
532.05
532.52
533.10
533.25
533.50
533.64
533.78
533.87
535.10
535.36
535.36
535.49
535.52
535.96
536.47
536.61
537.67
537.81
538.29
538.33
538.40
538.46
538.50
538.78
539.42
539.46
540.02
540.09
540.73
540.88
541.34
541.42
541.48
542.22
542.36
542.40
542.43
542.57
543.25
544.09
544.64
544.77
545.13
545.79
546.22
546.23
546.33
546.56
546.62
546.63
546.71
546.73
546.77
546.85
547.21
547.35
547.38
548.20
548.29
548.50
548.77
549.61
549.66
549.76
549.85
549.92
550.71
550.76
550.90
550.96
551.56
551.59
551.88
551.95
551.99
552.00
552.60
552.88
553.02
553.04
553.16
553.60
554.26
554.71
554.78
554.83
554.99
555.05
555.15
555.20
555.25
555.36
555.48
556.06
556.19
557.72
558.00
558.55
558.61
558.81
559.10
560.11
560.16
560.41
560.61
560.78
560.79
560.98
561.26
561.29
561.32
561.83
561.94
562.84
563.05
563.35
563.74
564.29
564.33
564.70
565.19
565.24
565.48
565.55
565.69
565.74
565.94
566.45
566.72
567.01
567.63
568.06
568.09
568.20
568.29
568.41
568.66
569.09
569.35
569.64
569.69
570.30
570.35
570.46
570.51
570.57
571.61
571.94
571.97
572.09
572.36
572.89
573.63
573.72
574.98
575.25
575.51
575.93
576.31
576.36
576.53
576.72
576.94
577.25
577.73
577.77
577.91
577.94
577.99
578.83
578.86
579.72
579.87
579.90
580.26
580.67
580.71
580.75
580.98
581.55
581.76
582.21
582.21
582.29
582.38
582.48
582.97
583.85
584.41
584.56
584.63
584.73
584.77
584.80
584.98
585.50
585.93
586.20
586.27
586.44
586.50
586.65
586.83
587.20
587.75
587.79
588.19
588.24
588.67
588.95
589.19
590.45
590.75
591.21
591.62
591.69
592.01
592.38
592.50
593.30
593.43
593.66
594.28
594.52
594.59
594.68
594.95
594.96
595.06
595.48
595.89
595.91
596.10
596.66
597.72
598.58
598.98
599.28
599.43
600.05
600.35
600.42
600.50
600.97
601.65
602.06
602.57
602.89
603.11
603.18
603.81
603.92
604.24
604.38
604.62
604.96
605.54
606.18
606.18
606.56
606.79
607.29
607.86
608.88
608.98
609.62
609.93
610.98
611.06
611.82
612.15
612.18
612.45
612.74
613.44
614.74
614.82
614.84
615.31
615.45
615.51
615.89
616.48
616.93
617.03
617.56
617.90
617.93
618.45
618.77
618.98
619.20
619.62
619.82
619.95
620.13
620.33
620.53
620.76
622.14
622.24
622.28
622.96
623.12
623.27
623.65
624.16
624.17
624.76
624.98
625.63
626.34
626.40
626.73
627.19
627.21
627.63
627.71
627.82
628.04
628.07
628.68
628.90
628.92
629.23
629.63
630.23
630.84
630.96
631.27
631.66
631.86
633.00
633.12
633.43
633.74
633.90
634.14
634.36
634.65
634.81
634.87
634.87
635.04
635.17
635.22
635.52
636.48
636.92
637.43
637.74
637.85
638.20
638.50
638.57
639.68
639.75
640.37
640.63
640.97
641.04
641.06
641.08
641.38
641.74
642.86
642.99
643.48
643.94
644.28
644.42
644.91
645.11
645.31
646.78
646.85
646.89
648.84
649.25
649.93
649.93
650.05
650.14
650.23
650.57
650.79
651.45
651.60
652.11
652.46
652.92
653.21
653.32
653.36
653.52
654.12
654.13
654.13
654.32
654.40
654.41
655.19
656.11
656.14
656.41
657.01
657.75
657.91
657.98
658.04
658.47
658.51
659.25
659.64
659.78
659.78
659.82
660.19
660.39
660.41
660.45
660.55
660.61
660.80
660.95
661.14
661.69
662.14
662.25
662.26
662.33
662.49
662.86
662.88
662.93
663.26
663.35
664.19
664.54
665.06
665.22
665.77
665.89
665.97
667.09
667.49
667.71
667.94
668.01
668.14
668.98
669.57
669.85
670.22
670.71
670.96
671.66
672.05
672.06
672.22
672.50
672.70
673.20
674.40
674.97
675.35
675.56
676.50
676.71
676.73
677.56
678.14
678.41
678.97
679.16
679.58
679.80
679.94
680.40
680.90
681.96
681.99
682.11
682.33
682.35
682.40
682.53
682.65
683.76
684.49
684.77
685.04
685.05
685.45
685.63
685.67
685.77
686.69
687.11
687.18
687.68
687.73
688.00
688.04
688.29
688.75
688.75
688.81
689.42
689.61
689.62
689.65
689.67
690.20
690.45
690.58
690.61
690.87
691.00
691.53
691.71
691.97
691.97
692.00
692.22
692.27
692.30
692.71
693.07
693.42
693.92
694.13
694.37
695.10
695.15
695.66
695.71
696.23
696.38
696.41
696.75
696.84
697.08
697.12
697.55
697.86
698.04
698.08
698.16
698.91
699.15
699.51
699.81
699.99
700.08
700.37
700.51
700.84
701.20
701.31
701.54
702.02
702.57
702.93
703.01
703.30
703.44
703.46
704.07
704.13
704.82
704.94
705.22
705.35
705.84
706.57
706.62
707.20
708.61
709.33
710.01
710.84
710.94
711.12
711.16
711.79
711.92
712.13
712.16
712.31
713.21
713.25
714.63
715.07
715.63
715.77
715.99
717.67
718.18
718.38
718.39
718.54
719.00
719.09
719.73
720.23
720.49
720.61
720.95
721.24
721.48
722.11
722.53
723.09
723.18
723.50
723.69
724.30
724.58
724.63
725.08
725.53
725.91
725.93
725.98
726.55
726.90
727.18
727.37
727.64
727.79
727.80
727.82
727.99
728.14
728.98
729.15
730.43
730.81
731.03
731.13
731.22
732.17
732.78
734.15
734.81
735.08
735.21
735.84
736.48
737.22
738.00
738.80
739.16
739.50
739.50
740.04
740.05
740.07
740.55
740.86
741.16
741.65
741.65
741.93
741.94
741.99
743.16
743.16
743.27
743.27
743.32
743.39
743.74
743.74
744.15
744.80
744.91
745.13
747.87
748.38
748.47
749.20
749.27
749.82
749.88
750.03
750.28
750.33
750.91
751.09
752.14
752.48
753.38
753.45
754.16
754.27
754.90
755.70
755.70
755.95
756.54
756.73
757.21
757.93
758.02
758.85
759.82
760.46
760.79
761.15
762.08
762.26
763.08
763.24
763.60
763.92
764.38
764.87
765.25
765.42
765.65
765.86
766.36
766.64
766.97
767.07
767.25
767.69
768.90
769.80
770.10
770.23
771.95
772.54
772.65
772.75
772.94
772.96
773.66
773.89
775.25
775.61
776.00
776.18
777.29
777.68
779.90
779.96
780.22
780.57
780.77
781.20
781.20
781.24
781.28
782.43
782.59
783.00
783.15
783.67
783.88
784.29
784.53
784.62
784.68
785.33
785.63
786.35
786.46
786.48
786.88
787.15
787.28
787.34
787.84
789.84
791.94
792.54
793.46
793.80
794.18
794.47
794.77
794.91
795.49
796.88
797.13
798.45
798.95
800.21
801.58
802.52
802.56
802.96
804.14
804.19
804.24
804.47
804.56
804.89
805.06
806.53
806.55
807.70
807.71
807.86
808.42
809.03
810.61
810.76
810.94
811.33
811.63
811.85
811.95
812.83
812.85
813.04
813.24
813.26
814.44
815.00
815.61
815.86
816.95
817.11
817.43
818.33
818.53
818.75
818.89
819.49
819.80
819.90
820.34
820.45
820.86
821.78
822.27
822.62
822.73
822.79
823.57
824.59
825.78
826.09
826.44
826.46
826.66
826.86
827.34
828.37
828.42
828.75
828.86
829.29
829.84
829.87
830.01
830.52
831.25
832.04
832.61
833.43
834.10
834.12
834.14
834.25
834.47
835.23
836.29
837.60
837.73
838.23
838.66
838.88
838.91
839.32
839.80
840.13
840.61
840.95
841.62
841.70
842.33
842.48
845.95
846.15
846.17
846.49
846.53
846.92
847.33
847.55
848.08
848.17
848.82
848.92
849.01
849.10
849.17
849.89
850.28
850.38
850.57
850.85
851.01
851.46
851.71
851.93
852.36
852.45
852.63
853.56
853.61
853.67
853.77
854.04
854.69
854.82
855.23
855.73
856.00
856.39
856.73
856.85
857.00
857.54
857.73
857.99
858.12
858.19
858.24
858.81
859.15
859.74
860.26
860.26
860.47
860.66
860.71
860.71
861.80
862.64
862.71
863.21
863.73
864.24
865.04
865.24
865.26
865.65
866.81
866.99
867.25
867.56
867.71
867.75
868.31
868.42
868.52
868.86
870.93
871.00
871.36
871.59
871.68
872.33
872.68
872.74
872.81
874.60
875.26
875.93
876.29
877.15
877.72
878.09
878.27
878.47
878.85
878.87
879.44
879.98
881.00
881.63
882.01
882.01
882.53
882.58
882.83
882.86
882.99
883.23
884.26
884.85
885.00
885.19
886.91
887.15
888.05
888.20
888.25
888.52
888.89
889.24
889.28
890.45
890.75
890.80
890.85
890.93
891.63
891.67
892.25
893.19
893.44
893.71
893.92
894.76
894.81
895.39
895.93
896.33
896.65
896.78
896.89
897.10
897.86
898.05
898.29
898.76
899.15
900.12
900.34
900.94
901.05
902.28
903.01
904.25
904.26
904.33
904.39
905.13
905.72
906.38
906.89
907.12
907.75
907.92
909.10
909.51
909.69
909.91
910.54
911.41
912.38
912.47
912.96
914.27
915.13
915.39
915.70
915.98
916.04
916.40
916.94
917.70
917.98
919.42
919.57
920.06
920.80
921.03
921.13
921.66
921.73
921.80
922.52
923.30
923.72
923.84
924.61
925.07
925.30
925.47
925.64
925.80
926.18
926.27
926.31
926.93
928.01
928.08
928.60
929.10
929.20
929.32
929.50
929.64
930.16
930.20
930.37
930.59
930.68
932.88
932.93
932.97
933.14
933.26
933.58
933.58
934.04
934.26
934.68
935.47
937.86
937.98
938.50
938.53
938.72
939.34
939.42
939.94
940.22
940.83
941.31
941.34
941.88
942.48
943.54
944.53
944.78
945.28
945.73
945.80
946.92
947.46
947.81
948.02
948.36
948.54
948.55
948.62
949.08
949.34
949.82
950.13
950.84
951.57
952.36
953.04
953.15
953.19
953.43
954.22
954.30
954.45
954.70
954.85
955.75
955.93
956.11
956.29
956.54
956.62
957.91
958.00
958.21
958.66
958.81
959.98
961.11
961.43
961.77
961.79
961.82
962.42
962.54
962.56
963.02
963.17
963.80
964.62
965.70
966.09
966.21
966.33
968.32
970.58
971.24
971.68
972.12
973.10
973.49
974.04
975.20
975.30
975.51
975.65
975.77
978.49
978.56
978.78
978.99
979.63
980.47
980.63
982.84
983.06
983.22
983.23
983.24
983.54
984.10
985.16
985.67
985.78
986.56
986.57
986.75
986.89
987.00
988.42
989.26
989.67
990.02
990.70
991.13
991.23
991.33
991.51
991.52
991.74
992.40
992.81
993.24
993.38
994.73
995.52
996.06
996.61
997.03
997.19
998.48
998.96
999.47
999.94
1000.21
1000.78
1000.93
1000.95
1001.47
1001.94
1002.65
1002.98
1002.98
1003.03
1003.60
1003.92
1004.04
1004.50
1005.37
1005.93
1006.77
1007.42
1007.74
1007.96
1008.18
1008.59
1008.99
1010.04
1010.25
1011.04
1011.76
1012.91
1013.26
1013.65
1013.92
1014.12
1014.79
1014.94
1015.35
1015.50
1015.94
1016.10
1016.20
1016.66
1016.84
1016.89
1019.02
1019.94
1022.20
1022.87
1023.01
1023.79
1024.71
1025.13
1025.47
1025.83
1026.18
1026.91
1027.29
1027.70
1028.02
1028.64
1028.86
1028.89
1029.62
1029.67
1030.39
1031.22
1031.40
1031.65
1032.88
1032.95
1033.81
1034.16
1034.69
1034.87
1035.25
1035.36
1035.37
1035.56
1035.64
1035.87
1036.78
1037.09
1037.35
1037.45
1037.56
1037.61
1038.08
1038.19
1038.71
1038.74
1038.90
1039.47
1039.63
1039.86
1040.51
1040.69
1040.96
1042.43
1042.88
1043.09
1044.46
1044.63
1044.82
1045.09
1045.23
1045.77
1045.85
1046.09
1046.78
1046.97
1048.84
1051.02
1051.28
1051.48
1051.64
1052.98
1053.88
1054.23
1054.38
1055.34
1055.72
1055.84
1056.47
1057.28
1057.67
1058.21
1058.29
1058.83
1059.31
1059.88
1062.21
1062.71
1063.66
1063.85
1064.56
1065.49
1065.66
1065.71
1065.92
1066.66
1068.08
1068.24
1068.48
1068.57
1068.66
1069.35
1069.87
1069.88
1070.27
1070.41
1071.09
1076.58
1076.72
1077.26
1077.76
1078.01
1078.10
1079.34
1079.55
1079.57
1080.34
1080.38
1080.39
1081.05
1081.89
1082.49
1082.52
1082.88
1083.27
1083.35
1084.15
1084.91
1085.10
1085.22
1085.43
1085.80
1085.98
1086.01
1086.12
1086.61
1087.42
1088.30
1088.53
1089.06
1090.49
1090.55
1090.61
1090.88
1091.35
1091.95
1092.05
1092.11
1092.82
1093.12
1093.47
1093.69
1094.14
1095.03
1096.63
1096.66
1097.45
1098.15
1098.32
1099.08
1099.75
1100.60
1101.17
1101.25
1102.27
1102.72
1102.85
1103.33
1103.53
1104.28
1105.52
1105.55
1106.92
1108.27
1109.33
1109.33
1109.64
1111.03
1111.18
1111.81
1112.66
1112.97
1113.52
1113.88
1113.96
1114.26
1115.92
1116.53
1116.77
1117.52
1118.12
1118.45
1118.70
1118.97
1119.25
1119.44
1119.79
1120.06
1121.77
1121.95
1122.74
1123.14
1123.41
1124.91
1125.71
1125.81
1127.42
1127.62
1128.22
1128.25
1128.54
1128.97
1129.65
1130.38
1131.91
1132.15
1133.25
1133.57
1133.65
1133.80
1133.84
1136.30
1137.00
1137.03
1137.16
1137.43
1138.89
1139.35
1139.77
1140.42
1141.29
1141.61
1141.74
1143.02
1143.46
1143.62
1143.92
1143.97
1144.62
1145.33
1145.75
1145.75
1147.25
1147.71
1148.36
1148.66
1148.73
1149.81
1150.34
1150.51
1150.65
1151.38
1151.76
1153.09
1154.30
1154.60
1156.21
1159.02
1159.04
1160.98
1161.27
1161.67
1161.94
1162.86
1162.90
1163.20
1164.45
1164.83
1165.53
1165.90
1165.92
1166.57
1166.88
1167.25
1167.82
1167.94
1168.31
1168.46
1169.09
1171.72
1171.85
1171.85
1172.83
1173.36
1174.27
1174.32
1174.75
1174.94
1175.28
1175.98
1176.45
1176.89
1177.65
1177.74
1178.01
1178.38
1178.68
1181.35
1181.95
1182.91
1183.41
1183.48
1183.50
1184.05
1184.97
1185.12
1185.49
1185.89
1186.42
1188.43
1188.79
1188.97
1189.41
1189.42
1189.62
1190.38
1191.42
1191.43
1193.34
1193.58
1194.02
1194.38
1194.46
1195.02
1195.21
1195.24
1195.74
1196.08
1196.16
1196.58
1196.70
1198.40
1199.97
1200.60
1200.68
1201.03
1201.07
1201.29
1202.12
1202.27
1202.61
1202.87
1203.44
1203.59
1204.12
1205.24
1205.71
1206.01
1206.49
1208.40
1208.49
1209.14
1210.07
1211.51
1212.02
1212.43
1213.27
1213.57
1213.62
1213.66
1214.07
1214.41
1214.45
1215.65
1215.77
1217.72
1218.89
1219.38
1219.84
1219.93
1220.18
1220.70
1221.25
1221.54
1223.16
1223.47
1223.49
1224.29
1224.44
1224.82
1226.38
1228.78
1230.15
1230.27
1230.48
1230.72
1230.95
1232.09
1232.19
1232.87
1233.14
1233.78
1235.63
1236.23
1237.36
1237.56
1238.12
1239.50
1239.70
1240.60
1241.81
1242.23
1242.98
1243.01
1243.51
1243.56
1244.14
1244.96
1246.17
1246.56
1247.82
1248.06
1248.06
1248.07
1248.68
1249.02
1250.05
1250.16
1251.90
1252.15
1252.31
1252.35
1252.43
1253.91
1254.23
1254.55
1256.48
1256.49
1256.53
1257.44
1257.82
1258.41
1259.01
1259.69
1260.11
1260.22
1260.33
1261.62
1261.76
1261.86
1261.87
1263.54
1263.71
1263.89
1265.29
1265.81
1265.92
1266.23
1266.56
1266.77
1267.27
1267.78
1268.47
1268.50
1268.61
1268.69
1269.13
1269.47
1269.50
1269.88
1270.80
1270.85
1272.91
1274.89
1275.25
1275.67
1276.16
1276.29
1276.38
1280.84
1281.49
1281.50
1281.53
1282.42
1282.59
1282.70
1284.23
1284.56
1284.88
1285.16
1285.57
1285.57
1285.62
1285.71
1285.94
1286.16
1288.80
1289.13
1289.92
1290.21
1290.67
1291.07
1291.08
1292.35
1292.81
1293.34
1293.43
1293.65
1294.21
1295.25
1295.82
1296.44
1297.35
1297.40
1297.69
1297.86
1298.34
1298.52
1299.33
1299.59
1299.62
1300.21
1302.02
1302.66
1303.77
1304.25
1304.64
1304.83
1305.20
1305.75
1306.50
1306.71
1310.10
1310.39
1311.71
1312.03
1312.80
1312.93
1313.85
1314.19
1315.64
1316.10
1317.35
1318.74
1319.98
1320.35
1320.51
1320.89
1321.01
1321.45
1322.21
1323.23
1324.17
1325.00
1325.10
1326.90
1327.31
1327.97
1328.27
1328.85
1329.15
1329.44
1329.68
1330.39
1330.50
1330.72
1330.75
1331.18
1331.37
1333.21
1333.52
1333.96
1335.78
1336.54
1338.03
1338.88
1340.69
1341.82
1343.01
1343.10
1343.23
1343.28
1343.67
1343.71
1345.41
1345.95
1346.61
1347.54
1348.49
1349.37
1349.58
1350.39
1350.65
1354.40
1355.23
1355.34
1355.41
1356.19
1357.62
1358.11
1358.80
1358.89
1361.02
1361.10
1361.23
1362.55
1363.03
1363.40
1363.87
1364.69
1364.90
1365.08
1366.36
1366.38
1367.89
1368.76
1369.22
1370.27
1370.35
1371.43
1371.62
1372.08
1373.57
1376.74
1376.96
1377.48
1377.87
1377.97
1378.12
1378.29
1378.38
1378.91
1379.81
1380.41
1380.87
1380.93
1381.02
1381.24
1381.78
1381.96
1386.00
1386.62
1387.14
1387.32
1387.50
1387.56
1387.65
1388.40
1388.57
1388.87
1390.36
1390.92
1393.02
1394.70
1398.25
1398.87
1399.31
1400.25
1402.01
1402.46
1402.57
1403.28
1404.40
1404.69
1405.44
1405.82
1406.35
1407.26
1411.89
1412.71
1412.92
1413.09
1413.29
1414.65
1414.82
1414.91
1414.96
1415.34
1415.46
1415.92
1416.35
1416.52
1416.77
1416.94
1417.01
1418.35
1419.15
1419.27
1419.85
1420.02
1420.19
1420.22
1420.27
1420.73
1421.53
1421.96
1423.62
1425.69
1425.90
1426.16
1426.16
1427.21
1427.41
1427.72
1427.94
1428.56
1429.13
1429.30
1431.76
1432.69
1433.34
1433.76
1435.16
1435.58
1436.96
1437.19
1437.19
1437.46
1437.74
1439.39
1439.98
1440.49
1441.91
1442.65
1443.46
1444.54
1444.63
1445.04
1445.40
1446.48
1446.60
1447.01
1447.18
1447.32
1447.76
1448.61
1448.68
1449.37
1452.10
1453.28
1454.09
1454.18
1457.17
1457.28
1457.57
1459.52
1460.08
1460.19
1460.72
1460.93
1461.44
1461.70
1463.13
1463.16
1463.38
1463.49
1463.71
1464.11
1464.35
1465.57
1466.68
1466.79
1466.81
1467.43
1468.20
1468.51
1470.46
1471.03
1471.22
1471.64
1471.70
1472.16
1472.99
1473.01
1473.33
1474.89
1474.92
1475.72
1475.85
1476.02
1476.22
1477.09
1477.53
1477.81
1478.09
1478.55
1479.33
1479.38
1479.40
1479.96
1481.80
1481.91
1482.59
1483.71
1484.13
1484.91
1485.94
1487.18
1487.55
1487.94
1488.15
1489.18
1489.68
1490.34
1491.45
1491.58
1491.66
1491.66
1492.24
1492.73
1492.82
1493.47
1494.31
1494.38
1494.91
1495.57
1496.06
1497.34
1497.60
1497.76
1497.86
1499.40
1499.53
1500.24
1500.39
1502.73
1503.31
1503.82
1504.55
1505.54
1506.05
1508.13
1508.41
1509.06
1509.28
1509.32
1510.11
1510.29
1512.66
1512.87
1513.12
1513.13
1513.64
1514.92
1514.95
1515.25
1516.22
1516.30
1516.69
1517.81
1518.05
1518.60
1518.74
1519.07
1519.29
1519.96
1520.31
1520.93
1522.66
1523.27
1523.62
1523.63
1523.93
1524.08
1524.28
1524.64
1525.58
1527.11
1529.91
1530.74
1532.48
1532.81
1535.12
1535.47
1535.93
1536.78
1537.51
1538.11
1540.42
1541.06
1542.16
1542.79
1543.08
1544.08
1544.56
1545.47
1545.55
1546.29
1546.60
1546.92
1547.24
1547.74
1549.00
1550.26
1550.81
1551.06
1551.20
1552.25
1553.29
1553.85
1555.51
1555.56
1555.60
1556.04
1557.43
1558.13
1558.34
1560.12
1561.30
1562.67
1565.39
1565.48
1566.92
1567.24
1568.94
1570.84
1571.35
1571.64
1571.84
1572.35
1572.93
1573.13
1580.37
1581.68
1582.81
1584.03
1585.28
1585.85
1586.84
1586.84
1587.20
1587.34
1588.51
1588.58
1591.28
1591.59
1592.05
1592.81
1593.02
1593.19
1594.38
1594.69
1595.42
1595.64
1597.04
1597.51
1597.91
1598.61
1598.94
1600.26
1602.30
1602.63
1603.83
1604.49
1604.68
1604.94
1605.55
1607.25
1608.80
1609.13
1609.65
1609.69
1609.90
1610.28
1610.66
1610.84
1611.15
1611.33
1611.48
1611.81
1612.56
1612.77
1612.84
1614.03
1614.34
1614.61
1615.31
1615.99
1616.34
1616.58
1616.88
1616.98
1617.53
1620.26
1620.73
1621.31
1621.89
1622.15
1622.89
1626.07
1627.43
1627.74
1628.63
1630.42
1630.65
1630.90
1630.95
1631.94
1633.90
1634.38
1634.86
1636.04
1636.40
1637.90
1637.90
1638.08
1638.31
1639.18
1639.27
1639.64
1639.80
1640.16
1642.61
1643.94
1644.95
1645.47
1648.45
1648.68
1650.19
1650.61
1651.30
1652.05
1652.09
1652.34
1652.39
1653.14
1653.27
1653.57
1653.73
1655.18
1655.56
1656.04
1656.28
1657.39
1659.11
1660.47
1661.12
1661.28
1661.41
1662.76
1663.24
1664.13
1664.59
1665.93
1666.05
1669.61
1670.11
1671.22
1672.99
1676.05
1677.65
1677.74
1679.37
1679.99
1680.68
1682.28
1683.18
1684.09
1684.63
1684.65
1684.72
1685.29
1685.64
1686.11
1686.18
1687.95
1688.03
1689.64
1690.29
1690.53
1692.78
1695.22
1696.45
1696.65
1697.42
1698.27
1699.08
1700.24
1700.68
1702.44
1702.85
1703.07
1703.35
1704.05
1705.04
1707.22
1707.24
1707.68
1707.92
1708.63
1708.87
1709.81
1711.90
1712.59
1712.72
1713.40
1715.16
1715.89
1716.00
1716.76
1717.37
1718.66
1718.69
1719.07
1719.98
1720.44
1721.04
1721.28
1722.55
1724.23
1724.26
1724.80
1725.21
1725.38
1725.53
1726.65
1726.95
1728.77
1728.78
1729.38
1729.42
1729.87
1730.00
1731.01
1732.27
1732.66
1732.74
1733.79
1737.35
1738.20
1738.35
1738.82
1739.99
1740.08
1741.04
1741.36
1742.38
1743.36
1745.57
1746.65
1748.61
1752.15
1752.46
1753.35
1754.73
1755.17
1755.38
1755.87
1758.31
1759.70
1759.89
1760.57
1760.59
1760.80
1760.82
1763.07
1763.22
1763.55
1763.93
1763.95
1764.69
1764.92
1766.12
1768.13
1769.07
1769.41
1770.70
1771.64
1771.79
1772.15
1772.58
1772.71
1773.59
1774.86
1775.17
1778.61
1778.90
1779.24
1779.40
1781.59
1781.94
1784.31
1784.53
1784.89
1786.63
1787.40
1788.16
1788.72
1790.89
1790.95
1791.35
1792.38
1792.50
1792.56
1792.73
1792.79
1793.04
1793.80
1794.05
1795.68
1795.78
1796.32
1796.58
1797.10
1797.74
1797.80
1798.05
1801.42
1801.58
1801.75
1803.06
1804.33
1804.80
1805.01
1806.09
1807.67
1808.41
1810.14
1810.27
1810.65
1810.82
1811.33
1812.21
1812.57
1814.73
1814.84
1815.45
1817.04
1817.10
1817.59
1818.28
1819.13
1820.35
1820.39
1820.45
1821.99
1822.87
1822.99
1823.70
1823.82
1823.94
1824.92
1825.75
1827.16
1828.82
1828.86
1829.12
1829.51
1829.67
1829.75
1830.03
1830.05
1831.37
1831.63
1831.89
1833.10
1836.08
1837.74
1837.96
1839.69
1840.47
1841.15
1841.31
1844.40
1845.24
1845.32
1846.35
1848.05
1849.45
1851.00
1851.64
1851.94
1853.28
1854.96
1855.37
1855.73
1857.07
1858.28
1859.18
1860.43
1860.83
1861.62
1862.97
1863.29
1863.76
1864.00
1865.37
1869.57
1870.75
1870.97
1871.76
1872.51
1873.44
1874.25
1875.55
1875.67
1876.28
1878.60
1879.71
1879.92
1880.12
1880.45
1880.57
1882.30
1882.85
1883.52
1884.13
1884.24
1884.34
1885.23
1886.76
1888.05
1888.13
1889.89
1890.03
1890.16
1890.61
1891.06
1891.20
1892.39
1892.57
1895.11
1895.58
1900.25
1901.17
1902.80
1903.54
1903.74
1904.18
1905.70
1908.07
1908.10
1908.14
1908.34
1908.92
1909.66
1909.87
1911.94
1912.99
1913.16
1913.82
1914.73
1916.12
1916.79
1917.55
1917.95
1919.17
1919.48
1920.25
1920.34
1923.08
1924.12
1924.35
1924.95
1925.00
1925.14
1925.50
1930.46
1931.80
1932.19
1932.80
1933.30
1934.35
1934.47
1934.58
1935.33
1935.48
1935.81
1937.60
1939.90
1941.46
1942.30
1942.99
1944.34
1945.07
1945.66
1947.07
1947.73
1948.09
1948.53
1949.39
1949.41
1950.22
1952.60
1952.66
1952.94
1953.83
1955.50
1955.88
1956.05
1957.21
1957.66
1958.48
1960.03
1960.18
1960.43
1960.75
1960.86
1961.01
1961.15
1962.24
1963.49
1964.30
1964.47
1964.98
1965.32
1968.49
1968.62
1969.04
1969.11
1970.83
1971.67
1972.48
1973.22
1977.35
1977.58
1977.63
1977.90
1978.95
1979.30
1979.53
1981.37
1981.40
1982.64
1984.36
1985.17
1985.19
1985.41
1986.83
1987.84
1988.10
1989.75
1990.53
1991.76
1992.58
1992.96
1993.29
1994.80
1995.29
1995.88
1996.01
1996.35
1998.95
2000.01
2000.65
2000.76
2001.17
2001.26
2002.58
2003.02
2003.60
2003.69
2005.23
2005.68
2005.96
2006.49
2006.55
2006.72
2007.81
2008.61
2009.27
2010.29
2013.92
2014.82
2015.89
2017.54
2018.20
2019.25
2019.31
2020.63
2021.17
2021.17
2022.02
2022.05
2022.79
2023.93
2024.08
2025.44
2026.16
2026.78
2027.48
2027.96
2029.48
2029.76
2031.98
2032.16
2032.42
2032.71
2033.74
2033.79
2034.38
2034.56
2036.76
2037.27
2037.29
2038.17
2038.35
2038.41
2038.46
2038.50
2039.91
2041.37
2041.39
2041.63
2042.14
2042.89
2043.62
2044.04
2045.53
2047.01
2047.47
2047.83
2050.69
2051.18
2051.67
2053.82
2053.86
2055.04
2055.09
2055.91
2056.07
2056.89
2057.16
2057.42
2058.76
2058.89
2059.38
2059.85
2059.92
2060.41
2062.10
2062.66
2063.00
2063.17
2063.40
2063.73
2064.16
2064.51
2065.10
2067.35
2069.14
2071.32
2076.63
2076.90
2077.38
2077.80
2079.62
2080.07
2080.14
2080.82
2080.86
2082.48
2082.57
2084.20
2084.90
2085.73
2086.61
2087.27
2087.47
2088.40
2088.58
2088.94
2090.25
2092.44
2092.72
2092.97
2093.92
2094.48
2094.80
2095.25
2096.09
2096.16
2096.18
2099.27
2101.77
2101.82
2105.50
2106.05
2108.51
2109.13
2109.81
2113.79
2114.89
2114.96
2115.69
2118.67
2119.22
2120.48
2122.34
2122.50
2123.12
2123.12
2126.59
2126.61
2126.73
2126.80
2127.81
2128.39
2128.73
2129.47
2129.51
2131.06
2131.84
2132.67
2132.81
2133.48
2134.77
2136.90
2137.34
2137.41
2138.13
2138.17
2139.07
2139.37
2140.05
2140.95
2143.24
2144.66
2146.19
2146.33
2146.84
2147.21
2147.86
2149.86
2150.40
2150.49
2154.19
2154.87
2155.34
2155.83
2156.13
2156.36
2158.72
2158.74
2159.12
2159.16
2159.61
2160.24
2160.75
2161.41
2161.55
2161.97
2162.02
2162.11
2163.35
2163.40
2163.75
2164.36
2165.65
2165.86
2166.84
2167.31
2169.14
2170.85
2171.51
2173.65
2173.65
2174.80
2175.06
2175.20
2175.46
2175.96
2177.32
2178.17
2178.67
2179.44
2179.82
2180.34
2183.62
2184.80
2185.32
2188.35
2192.69
2194.26
2195.68
2196.06
2198.06
2198.63
2198.84
2200.34
2200.44
2201.48
2202.94
2203.94
2205.44
2205.68
2206.42
2206.92
2207.02
2208.95
2211.66
2213.52
2213.83
2214.48
2216.47
2218.08
2218.34
2218.68
2219.97
2220.24
2220.70
2222.14
2224.11
2224.13
2224.76
2225.17
2226.40
2227.10
2227.29
2228.11
2228.23
2229.34
2229.46
2229.58
2231.05
2231.49
2232.60
2238.89
2239.01
2239.13
2239.15
2239.47
2248.11
2249.69
2250.52
2250.57
2252.35
2252.93
2253.27
2253.76
2255.79
2256.74
2258.37
2258.50
2258.74
2260.26
2262.92
2263.27
2264.25
2264.61
2265.18
2266.75
2266.80
2266.94
2267.43
2268.68
2269.03
2269.47
2270.77
2271.56
2274.61
2277.37
2277.44
2278.08
2279.91
2280.40
2282.50
2284.82
2285.44
2285.71
2286.08
2287.05
2287.14
2288.56
2289.77
2290.09
2291.70
2292.40
2292.47
2292.57
2293.71
2294.03
2298.51
2301.17
2303.54
2305.33
2305.38
2305.66
2308.70
2308.80
2308.98
2309.98
2310.25
2310.75
2311.28
2312.50
2313.13
2315.00
2315.46
2315.48
2316.43
2320.47
2321.75
2322.53
2323.39
2324.19
2325.02
2328.67
2330.38
2330.49
2332.45
2332.78
2332.96
2333.44
2334.12
2334.47
2334.57
2335.00
2335.10
2335.38
2335.56
2336.77
2340.06
2341.89
2343.61
2343.74
2348.33
2349.07
2350.29
2351.30
2351.94
2352.07
2352.50
2353.98
2354.77
2354.95
2355.33
2356.98
2357.67
2357.88
2358.08
2358.69
2361.12
2364.01
2364.06
2364.16
2364.47
2365.59
2365.80
2369.54
2370.10
2371.21
2371.59
2372.85
2373.05
2376.34
2376.47
2376.52
2378.02
2381.16
2381.65
2383.06
2383.32
2386.11
2386.78
2386.91
2388.48
2388.48
2388.72
2389.39
2390.84
2392.67
2392.86
2394.20
2394.41
2394.80
2399.16
2401.00
2401.26
2402.71
2402.90
2403.00
2404.64
2405.91
2408.00
2408.81
2409.25
2409.48
2411.88
2412.09
2414.23
2414.49
2414.96
2415.12
2416.92
2417.32
2417.40
2417.60
2420.22
2420.27
2421.77
2424.57
2424.89
2425.57
2425.73
2427.57
2428.59
2428.88
2431.43
2431.56
2431.98
2432.19
2433.59
2435.67
2437.67
2438.23
2440.44
2440.97
2441.79
2442.95
2444.51
2445.92
2446.05
2447.08
2447.93
2448.85
2450.55
2451.24
2451.48
2452.67
2453.28
2455.73
2456.10
2458.81
2460.73
2460.99
2465.66
2465.82
2467.90
2474.16
2476.54
2477.13
2477.72
2478.25
2479.11
2479.60
2481.74
2483.68
2484.13
2485.80
2488.09
2488.20
2488.76
2489.84
2490.97
2491.13
2491.78
2491.81
2492.67
2492.80
2497.07
2498.39
2501.96
2503.34
2504.48
2504.65
2506.33
2507.66
2508.79
2509.12
2509.96
2512.68
2514.18
2518.75
2520.09
2520.41
2520.99
2523.61
2523.80
2529.46
2530.55
2531.67
2534.96
2535.21
2535.87
2536.09
2536.14
2538.04
2538.97
2539.93
2540.62
2541.86
2543.18
2545.02
2547.36
2549.60
2550.95
2552.83
2553.13
2553.88
2553.99
2554.32
2554.87
2555.42
2555.84
2559.05
2563.04
2564.37
2564.37
2564.70
2565.70
2565.70
2566.37
2570.09
2570.51
2571.45
2571.48
2573.26
2574.10
2574.24
2580.43
2581.35
2581.57
2581.77
2582.50
2584.42
2586.02
2586.16
2587.64
2588.90
2590.14
2590.50
2593.78
2594.09
2597.21
2597.35
2597.88
2598.75
2600.38
2600.58
2601.51
2601.71
2609.21
2612.85
2616.24
2618.20
2620.32
2621.12
2621.37
2623.36
2624.24
2627.05
2627.71
2628.16
2628.87
2631.95
2632.69
2633.26
2633.63
2633.91
2634.79
2634.85
2635.56
2636.02
2636.19
2636.22
2636.59
2637.42
2637.93
2640.02
2640.07
2644.36
2644.56
2645.85
2648.11
2650.26
2651.27
2652.53
2652.84
2655.95
2656.18
2656.26
2656.87
2658.42
2658.62
2661.67
2661.67
2662.25
2663.28
2663.57
2664.03
2664.67
2665.74
2665.97
2667.18
2669.05
2670.06
2671.28
2672.67
2673.45
2674.29
2674.29
2677.76
2678.69
2680.02
2680.28
2682.46
2683.07
2684.46
2685.97
2686.76
2686.76
2686.99
2690.77
2690.89
2693.42
2693.86
2694.71
2695.08
2695.29
2696.16
2697.13
2698.21
2698.64
2698.76
2699.64
2699.90
2703.32
2703.55
2703.85
2704.31
2704.64
2705.22
2707.51
2708.97
2710.26
2712.78
2715.57
2716.87
2718.19
2718.84
2719.07
2719.81
2721.87
2722.37
2722.58
2726.50
2728.39
2730.75
2731.81
2732.49
2733.56
2736.37
2736.60
2737.82
2738.20
2739.63
2741.79
2742.77
2744.05
2746.07
2746.24
2747.02
2749.63
2751.93
2752.46
2754.43
2755.71
2755.92
2757.05
2757.35
2759.59
2759.71
2760.33
2762.52
2765.36
2767.03
2768.35
2770.00
2770.72
2771.08
2771.26
2771.32
2772.40
2776.06
2777.08
2778.88
2779.52
2779.97
2780.51
2781.98
2782.55
2784.69
2785.96
2786.05
2786.86
2788.19
2789.40
2790.33
2790.39
2791.45
2795.95
2798.71
2799.34
2799.56
2799.80
2799.89
2800.50
2803.07
2804.38
2805.11
2807.38
2807.78
2809.21
2809.63
2810.42
2811.27
2812.73
2814.26
2817.64
2818.64
2822.58
2822.79
2823.89
2825.73
2825.85
2829.49
2830.01
2831.82
2832.55
2834.09
2837.43
2840.60
2840.93
2841.76
2842.87
2844.01
2846.56
2847.09
2847.77
2849.34
2849.40
2849.74
2849.98
2850.85
2856.19
2856.93
2857.61
2857.77
2859.75
2862.35
2863.77
2866.00
2868.24
2868.39
2869.35
2870.13
2870.41
2871.87
2874.08
2874.64
2875.07
2879.27
2879.31
2882.11
2882.70
2883.42
2883.58
2884.95
2886.04
2888.17
2891.11
2892.76
2894.05
2896.65
2897.21
2900.13
2904.15
2904.56
2906.57
2909.68
2911.07
2911.64
2912.08
2912.17
2912.52
2913.46
2915.89
2917.72
2918.13
2918.16
2919.17
2920.28
2922.15
2922.97
2923.60
2924.55
2924.58
2924.58
2928.06
2929.30
2930.03
2931.08
2933.36
2933.99
2937.65
2937.93
2938.00
2938.70
2938.89
2940.57
2944.49
2944.58
2945.51
2946.08
2946.82
2948.76
2949.08
2949.24
2950.64
2951.47
2952.08
2953.97
2955.15
2955.21
2956.46
2958.73
2961.20
2961.23
2962.26
2962.70
2963.92
2965.27
2965.46
2967.55
2967.58
2969.64
2971.44
2971.47
2971.85
2972.30
2977.52
2978.39
2978.94
2979.55
2979.94
2980.87
2981.84
2984.20
2986.17
2989.17
2990.50
2990.76
2992.70
2993.93
2993.93
2995.49
2995.87
2997.33
2999.08
3002.20
3002.62
3004.48
3005.13
3005.97
3006.36
3010.98
3012.39
3013.43
3015.45
3015.61
3015.61
3016.46
3018.29
3020.87
3021.75
3027.35
3027.38
3027.42
3028.53
3029.05
3031.19
3032.01
3032.04
3032.50
3034.83
3040.35
3040.48
3042.13
3043.44
3044.14
3045.52
3046.77
3047.43
3048.62
3050.70
3052.61
3053.77
3054.69
3055.16
3058.70
3058.76
3059.03
3060.25
3063.10
3064.03
3064.96
3065.89
3067.05
3068.71
3069.57
3069.80
3072.39
3075.95
3077.28
3086.39
3087.86
3089.03
3089.53
3090.53
3092.91
3096.39
3097.43
3101.75
3102.09
3102.42
3103.06
3107.40
3110.26
3111.00
3113.08
3113.99
3114.77
3115.04
3116.99
3120.94
3123.88
3124.32
3126.38
3126.42
3126.52
3131.12
3134.34
3137.97
3138.45
3138.65
3139.60
3143.75
3144.02
3146.03
3149.16
3150.39
3151.31
3154.59
3155.92
3156.84
3157.18
3157.49
3160.87
3163.10
3163.95
3164.29
3167.65
3168.82
3170.09
3170.26
3170.29
3172.08
3174.89
3175.23
3175.23
3177.95
3178.57
3178.91
3179.29
3180.12
3181.80
3183.01
3183.04
3183.87
3185.52
3189.25
3190.08
3192.84
3194.88
3194.91
3195.36
3196.09
3196.54
3198.09
3200.59
3201.52
3201.63
3207.35
3208.25
3211.55
3213.60
3214.02
3214.68
3214.82
3223.42
3223.63
3224.15
3224.26
3225.41
3227.96
3237.08
3237.33
3239.33
3239.92
3241.19
3242.45
3247.89
3248.73
3249.82
3250.95
3251.69
3253.45
3257.67
3259.72
3260.95
3265.44
3266.71
3268.37
3268.41
3269.72
3272.48
3275.17
3277.26
3277.79
3281.27
3283.15
3283.19
3283.29
3283.76
3283.93
3285.53
3286.07
3287.38
3289.59
3290.87
3291.05
3291.26
3293.65
3294.72
3296.61
3298.50
3298.93
3299.43
3300.14
3300.18
3303.43
3305.61
3305.75
3310.19
3310.65
3311.16
3312.34
3314.06
3315.57
3321.63
3321.96
3323.68
3324.98
3327.14
3327.60
3329.44
3331.24
3331.57
3333.48
3334.06
3334.31
3339.33
3344.28
3345.51
3347.14
3347.83
3350.40
3350.73
3353.23
3353.23
3353.41
3353.81
3354.54
3354.68
3356.46
3357.11
3358.75
3359.55
3363.08
3363.37
3366.32
3366.64
3366.64
3366.75
3367.26
3368.65
3371.27
3371.64
3373.32
3374.08
3374.16
3374.89
3375.11
3375.84
3379.78
3379.78
3382.97
3383.44
3386.70
3390.00
3395.95
3396.57
3402.20
3403.01
3403.16
3403.49
3404.34
3405.81
3407.03
3407.14
3407.47
3407.95
3411.45
3411.60
3412.56
3412.89
3414.19
3414.33
3416.29
3418.73
3418.73
3421.32
3423.29
3425.88
3426.14
3430.48
3431.44
3433.23
3433.82
3436.83
3438.10
3438.50
3442.45
3443.08
3444.98
3445.10
3445.73
3446.25
3447.18
3448.60
3448.90
3450.39
3450.51
3454.24
3454.73
3456.00
3457.34
3458.39
3460.34
3460.71
3460.75
3461.27
3461.69
3462.62
3463.11
3463.56
3463.78
3465.36
3465.85
3466.78
3466.97
3467.76
3468.62
3468.77
3473.92
3474.63
3475.84
3478.06
3481.14
3485.44
3485.70
3488.95
3490.91
3492.57
3494.77
3495.18
3496.01
3496.81
3496.81
3499.27
3500.10
3501.47
3504.65
3509.77
3510.72
3511.86
3513.08
3513.80
3514.14
3515.59
3515.70
3517.34
3517.53
3518.71
3519.13
3519.89
3520.61
3521.03
3522.21
3522.48
3524.84
3527.02
3532.02
3534.96
3536.26
3538.37
3540.55
3540.90
3542.51
3543.04
3546.46
3549.87
3550.30
3552.02
3553.87
3554.48
3557.37
3559.30
3559.83
3564.00
3567.97
3569.90
3571.72
3572.53
3573.30
3577.40
3577.87
3579.65
3580.27
3584.61
3586.05
3587.17
3587.52
3590.35
3592.18
3593.93
3596.81
3598.76
3600.20
3601.01
3602.88
3603.00
3608.50
3609.17
3609.24
3609.40
3609.75
3610.34
3611.24
3612.72
3617.18
3619.18
3621.06
3625.92
3627.80
3629.73
3630.94
3631.34
3631.34
3633.89
3635.50
3638.49
3641.80
3642.67
3643.62
3647.21
3648.27
3651.90
3652.42
3652.42
3653.01
3658.23
3658.87
3660.33
3660.65
3662.63
3662.83
3663.14
3663.38
3664.21
3665.40
3666.16
3666.63
3671.20
3673.82
3675.37
3675.37
3681.10
3681.22
3682.97
3683.97
3686.40
3688.04
3688.68
3690.99
3692.87
3693.95
3695.39
3695.43
3697.11
3697.27
3698.11
3699.07
3701.31
3703.07
3705.76
3705.80
3709.33
3713.30
3714.19
3717.04
3717.57
3719.17
3720.99
3721.35
3722.19
3722.19
3722.31
3727.15
3727.39
3728.04
3728.32
3729.65
3731.15
3733.20
3733.57
3733.85
3736.96
3740.28
3741.01
3741.86
3742.99
3744.37
3745.46
3746.03
3748.38
3748.46
3749.96
3750.78
3753.37
3755.57
3757.60
3758.25
3758.45
3759.43
3760.85
3761.95
3763.58
3764.11
3764.84
3767.00
3771.45
3771.73
3777.62
3786.50
3787.36
3788.26
3788.91
3789.12
3789.36
3789.82
3790.39
3793.02
3793.06
3794.66
3796.71
3798.23
3799.55
3799.92
3801.44
3802.59
3803.54
3804.44
3810.21
3815.90
3819.37
3823.84
3833.53
3835.65
3837.18
3843.37
3843.58
3843.62
3844.33
3845.75
3846.45
3850.74
3854.12
3856.20
3857.46
3858.46
3858.96
3863.30
3863.60
3863.93
3864.68
3864.72
3866.73
3869.79
3870.50
3871.67
3879.39
3882.66
3885.90
3888.76
3890.19
3893.90
3895.67
3897.23
3898.95
3899.00
3899.12
3899.46
3900.64
3902.16
3903.18
3904.23
3905.16
3905.58
3906.05
3908.58
3910.62
3912.60
3913.58
3916.25
3916.42
3918.15
3918.49
3918.49
3919.55
3920.02
3921.17
3924.14
3926.73
3928.85
3930.72
3931.40
3932.38
3936.43
3937.53
3940.09
3940.30
3941.07
3944.48
3949.57
3952.69
3953.67
3954.10
3954.65
3957.22
3959.45
3961.94
3962.24
3963.05
3963.61
3970.56
3970.95
3971.21
3974.64
3977.83
3980.80
3981.92
3983.04
3983.64
3984.68
3990.24
3992.88
3994.04
3994.48
3994.56
3994.91
3995.69
3997.16
3997.59
3999.58
4000.27
4000.53
4002.70
4008.03
4009.63
4011.76
4014.67
4017.45
4018.53
4019.10
4019.19
4019.27
4024.54
4031.64
4034.13
4035.79
4036.23
4036.66
4038.06
4038.93
4041.78
4042.21
4044.09
4046.06
4048.78
4048.82
4050.66
4051.58
4058.69
4059.04
4062.25
4063.96
4066.12
4068.80
4069.86
4071.40
4072.59
4078.41
4080.58
4083.09
4083.93
4084.73
4085.35
4086.94
4087.20
4087.47
4088.27
4091.76
4092.34
4094.91
4099.56
4102.13
4111.87
4112.62
4115.69
4118.99
4125.68
4125.99
4127.02
4127.02
4138.11
4139.99
4140.39
4141.24
4141.96
4143.26
4143.98
4144.65
4145.82
4146.85
4148.42
4148.46
4152.51
4153.81
4154.80
4154.89
4155.29
4157.72
4162.04
4163.17
4163.80
4163.98
4164.29
4166.05
4166.55
4167.40
4168.76
4171.42
4172.64
4174.22
4183.08
4184.62
4185.34
4187.06
4190.96
4191.14
4194.14
4198.63
4200.13
4205.68
4205.82
4205.86
4208.46
4210.01
4211.33
4212.88
4214.11
4219.17
4220.27
4223.88
4225.11
4227.58
4228.45
4229.09
4235.82
4241.51
4241.92
4243.34
4243.53
4244.17
4244.35
4248.54
4249.82
4251.57
4252.03
4255.80
4261.01
4264.24
4266.73
4272.32
4274.12
4274.26
4274.40
4275.79
4278.47
4280.37
4281.44
4281.67
4282.73
4285.10
4285.84
4286.35
4289.64
4290.80
4290.94
4295.91
4296.19
4298.19
4299.82
4303.03
4303.87
4304.06
4304.29
4304.89
4308.11
4309.32
4312.63
4314.22
4314.92
4319.03
4320.20
4320.90
4324.74
4332.14
4332.75
4335.09
4342.65
4342.88
4344.62
4348.05
4349.89
4354.55
4360.87
4361.01
4362.38
4362.47
4365.50
4366.44
4366.77
4374.10
4375.33
4378.13
4380.83
4385.38
4387.56
4387.61
4387.75
4388.51
4389.89
4392.07
4395.64
4396.45
4402.97
4403.64
4404.30
4405.50
4406.93
4408.64
4409.79
4412.70
4414.85
4417.05
4418.62
4418.77
4421.45
4421.45
4422.26
4422.59
4423.69
4425.47
4426.33
4428.15
4428.92
4429.83
4432.46
4433.52
4436.83
4440.00
4442.21
4443.12
4443.36
4443.94
4444.04
4444.47
4445.29
4449.09
4449.38
4452.02
4453.37
4454.67
4458.63
4464.37
4465.97
4466.79
4469.06
4474.58
4485.39
4489.80
4490.34
4490.44
4497.73
4501.38
4504.74
4505.77
4509.13
4510.50
4522.86
4522.86
4526.78
4529.87
4535.06
4535.55
4537.91
4542.18
4544.25
4547.20
4548.97
4549.37
4551.33
4556.80
4557.69
4559.07
4565.84
4573.05
4574.59
4574.93
4575.73
4577.95
4585.04
4586.43
4589.76
4589.91
4590.26
4594.48
4597.36
4599.60
4599.65
4600.00
4601.10
4601.29
4605.28
4606.52
4609.37
4610.61
4611.81
4614.46
4618.35
4620.20
4622.70
4624.95
4627.71
4629.06
4632.52
4634.02
4636.43
4637.33
4638.08
4646.57
4646.77
4646.87
4647.27
4651.70
4653.51
4653.87
4656.79
4657.85
4659.31
4661.32
4662.08
4665.77
4670.41
4670.92
4671.57
4671.98
4674.05
4676.48
4678.05
4678.76
4679.57
4681.75
4686.51
4689.60
4690.06
4690.16
4690.31
4691.94
4695.19
4695.54
4702.00
4703.22
4708.06
4710.20
4712.14
4713.36
4717.59
4718.31
4719.28
4730.53
4730.68
4731.24
4732.37
4734.06
4734.16
4734.37
4734.52
4735.80
4736.36
4736.72
4738.26
4741.03
4743.49
4745.55
4746.78
4747.86
4748.11
4748.22
4750.37
4751.81
4755.21
4756.44
4757.22
4759.27
4759.43
4759.69
4760.46
4763.86
4764.38
4771.60
4771.91
4771.96
4773.10
4773.66
4775.06
4779.14
4779.87
4780.12
4782.14
4784.94
4788.46
4790.69
4791.31
4795.09
4796.55
4800.08
4803.20
4803.61
4810.74
4812.35
4812.40
4812.45
4815.89
4816.62
4816.73
4817.30
4818.08
4820.11
4820.74
4827.47
4828.00
4832.65
4835.47
4836.26
4840.39
4842.33
4847.73
4850.30
4851.77
4853.35
4854.03
4855.34
4859.70
4861.76
4863.49
4868.76
4872.60
4873.71
4878.04
4880.52
4881.52
4883.85
4883.85
4886.38
4886.81
4889.56
4891.94
4892.36
4894.21
4895.22
4895.33
4895.70
4896.12
4897.23
4898.93
4899.99
4899.99
4903.70
4904.98
4906.46
4909.65
4910.23
4911.35
4912.04
4916.03
4921.77
4922.52
4923.43
4924.33
4924.70
4926.30
4927.85
4931.05
4935.96
4937.83
4938.84
4941.89
4942.59
4945.10
4947.30
4948.69
4951.10
4952.17
4952.28
4952.60
4953.99
4956.83
4956.89
4960.80
4961.02
4966.71
4970.04
4970.37
4972.73
4981.19
4982.75
4989.66
4990.57
4993.38
4997.92
5004.74
5004.80
5005.61
5007.12
5007.45
5008.26
5009.13
5011.19
5013.41
5013.41
5014.93
5016.18
5017.75
5019.87
5023.78
5028.52
5030.37
5032.92
5035.27
5038.32
5039.35
5042.08
5047.43
5049.94
5051.14
5051.64
5055.25
5057.65
5059.13
5061.70
5063.89
5065.26
5065.37
5066.74
5071.35
5072.12
5074.37
5076.18
5081.51
5092.91
5094.45
5099.52
5101.84
5107.09
5115.88
5116.88
5120.87
5121.09
5124.75
5125.86
5126.52
5126.85
5127.69
5127.96
5134.01
5135.57
5135.63
5149.26
5155.33
5156.00
5161.58
5164.83
5165.05
5180.16
5180.66
5183.92
5187.84
5191.49
5201.00
5203.64
5203.87
5211.02
5211.25
5212.32
5214.86
5216.04
5217.90
5218.07
5220.45
5220.50
5221.41
5222.14
5232.89
5235.83
5236.17
5246.55
5247.12
5250.64
5260.42
5262.30
5265.77
5268.91
5269.99
5270.05
5270.96
5276.15
5279.01
5279.86
5283.24
5283.64
5286.67
5286.72
5287.24
5288.50
5292.22
5295.77
5297.37
5298.35
5305.92
5310.23
5310.86
5312.47
5316.03
5318.05
5318.11
5318.22
5320.75
5324.15
5329.51
5334.41
5337.94
5338.80
5340.94
5341.06
5341.63
5348.92
5350.66
5351.18
5351.58
5352.68
5358.48
5359.41
5364.63
5366.49
5367.53
5368.98
5371.60
5372.53
5372.53
5375.61
5375.78
5376.83
5378.87
5379.33
5380.38
5382.65
5385.80
5386.09
5389.24
5390.40
5391.98
5393.32
5394.60
5398.52
5400.15
5402.72
5407.81
5408.16
5411.03
5414.49
5414.84
5416.54
5417.59
5418.71
5418.88
5421.93
5423.40
5425.98
5429.09
5431.38
5437.09
5438.97
5449.04
5451.34
5451.99
5452.99
5457.01
5461.91
5464.93
5465.28
5468.42
5469.18
5470.25
5472.56
5473.27
5481.45
5483.52
5484.71
5489.99
5492.31
5492.61
5494.99
5501.65
5508.02
5510.53
5515.42
5516.67
5518.46
5520.25
5523.48
5525.75
5526.53
5526.65
5527.31
5529.88
5530.48
5534.13
5534.25
5537.00
5537.84
5537.84
5539.58
5540.36
5541.68
5542.82
5544.56
5545.28
5546.48
5546.72
5550.14
5555.36
5556.93
5558.85
5558.85
5559.03
5560.24
5563.97
5577.29
5581.94
5592.33
5597.90
5600.69
5604.81
5605.96
5607.72
5608.21
5611.30
5612.09
5626.69
5627.84
5629.30
5632.29
5633.39
5635.03
5636.31
5641.38
5641.62
5644.80
5645.04
5645.10
5655.37
5659.35
5663.76
5668.36
5670.63
5671.79
5674.86
5679.84
5681.74
5683.84
5685.25
5688.82
5690.30
5690.97
5692.39
5696.21
5698.55
5699.85
5701.45
5702.50
5704.10
5712.13
5720.98
5722.03
5725.13
5730.15
5731.57
5737.47
5741.44
5741.69
5741.81
5750.70
5751.26
5753.32
5754.19
5758.11
5760.05
5763.66
5766.59
5773.15
5774.09
5775.65
5784.72
5788.22
5792.54
5797.37
5799.69
5803.15
5807.04
5808.80
5817.17
5820.56
5823.46
5826.11
5830.78
5831.41
5832.86
5834.56
5834.82
5839.49
5844.42
5847.77
5851.44
5854.10
5854.29
5858.47
5859.43
5862.28
5864.50
5864.94
5877.78
5880.64
5882.48
5887.58
5892.99
5893.44
5897.52
5903.27
5905.19
5909.72
5910.17
5911.83
5913.31
5913.50
5916.31
5918.62
5925.73
5927.59
5932.98
5937.86
5938.05
5938.25
5941.27
5945.00
5945.38
5947.89
5949.95
5950.47
5953.17
5961.16
5964.26
5964.71
5966.07
5967.55
5969.68
5978.35
5986.18
5986.63
5987.47
5988.38
5993.11
5998.37
5998.43
6000.25
6003.50
6009.54
6012.73
6016.44
6016.83
6017.09
6017.35
6018.19
6018.84
6022.43
6022.88
6027.25
6027.64
6030.32
6030.58
6031.04
6031.62
6032.93
6037.56
6038.22
6039.13
6048.68
6049.86
6052.61
6053.20
6054.24
6064.60
6067.29
6072.68
6074.59
6077.02
6080.96
6082.21
6087.35
6091.37
6091.90
6094.07
6097.63
6100.27
6101.66
6111.44
6120.64
6123.55
6125.80
6126.73
6128.72
6133.10
6140.67
6141.93
6144.59
6146.78
6157.63
6159.43
6161.57
6161.90
6173.18
6173.85
6176.45
6180.60
6182.47
6184.34
6193.05
6194.19
6198.21
6204.99
6208.14
6211.37
6211.64
6212.58
6213.38
6217.15
6220.38
6223.21
6227.18
6227.25
6238.37
6240.94
6242.63
6243.44
6248.17
6255.75
6258.05
6260.28
6270.99
6278.73
6281.79
6284.92
6285.53
6287.71
6290.22
6294.99
6297.85
6297.99
6297.99
6300.37
6302.42
6305.69
6306.10
6311.22
6314.16
6330.58
6333.80
6337.64
6342.51
6346.90
6349.10
6354.18
6357.28
6358.17
6361.89
6364.09
6366.43
6371.05
6387.89
6397.44
6399.17
6400.00
6400.76
6400.83
6406.16
6408.31
6411.09
6413.10
6415.81
6418.93
6423.03
6426.78
6438.82
6442.87
6443.63
6450.75
6451.65
6452.98
6459.55
6461.44
6462.90
6469.13
6470.04
6473.19
6479.50
6485.95
6486.79
6490.79
6492.69
6493.60
6499.09
6500.07
6505.42
6507.39
6507.81
6511.90
6512.81
6517.18
6518.31
6519.02
6520.64
6523.96
6533.35
6533.49
6537.52
6547.29
6548.07
6548.85
6549.56
6551.05
6552.89
6553.60
6560.84
6561.62
6564.88
6576.26
6576.26
6578.11
6587.15
6590.15
6595.21
6595.36
6602.14
6603.28
6616.94
6617.66
6631.35
6632.50
6644.92
6646.36
6652.33
6652.62
6654.56
6661.05
6667.03
6668.76
6674.32
6681.76
6685.52
6686.32
6686.75
6687.19
6688.27
6694.93
6702.40
6705.30
6706.97
6709.87
6726.52
6732.27
6736.06
6736.57
6740.00
6740.36
6741.16
6744.15
6744.74
6746.56
6747.44
6750.58
6752.62
6754.67
6764.10
6766.15
6768.50
6769.89
6773.11
6779.42
6780.15
6790.14
6791.68
6793.52
6798.52
6803.08
6804.99
6813.02
6813.32
6818.18
6823.13
6836.73
6838.35
6839.54
6842.20
6848.28
6854.43
6858.81
6860.66
6868.46
6874.41
6878.50
6881.85
6889.08
6889.23
6891.01
6891.09
6892.95
6902.95
6904.00
6906.69
6907.51
6910.28
6931.99
6945.13
6945.51
6947.39
6951.82
6954.83
6956.26
6958.37
6961.46
6962.81
6963.27
6965.60
6965.98
6970.50
6974.50
6978.58
6988.25
7000.74
7002.71
7005.21
7016.51
7021.14
7029.27
7037.87
7044.43
7055.33
7055.49
7061.06
7061.21
7068.25
7072.84
7078.42
7078.96
7084.71
7084.78
7087.54
7088.16
7100.13
7100.59
7103.67
7110.82
7110.97
7112.59
7114.97
7120.90
7127.69
7130.23
7142.82
7144.67
7146.45
7156.36
7163.02
7173.88
7176.90
7180.40
7183.90
7185.22
7190.04
7190.90
7194.09
7198.60
7200.39
7200.78
7203.04
7203.51
7211.78
7211.86
7217.63
7222.40
7223.41
7226.31
7231.23
7244.78
7256.47
7256.94
7257.73
7259.22
7261.73
7278.49
7295.68
7299.47
7302.47
7306.58
7318.68
7319.63
7322.17
7327.24
7329.46
7330.09
7330.65
7331.21
7337.16
7337.71
7354.01
7357.19
7360.06
7368.90
7369.62
7370.57
7371.05
7372.65
7375.28
7382.87
7389.18
7389.18
7393.02
7405.83
7422.43
7434.09
7434.97
7449.14
7453.90
7459.14
7459.23
7473.28
7473.60
7479.83
7480.81
7481.45
7484.85
7488.09
7489.96
7491.66
7498.63
7500.34
7500.91
7503.42
7506.67
7510.65
7511.87
7513.25
7513.82
7514.47
7522.36
7528.14
7534.42
7540.62
7549.27
7550.09
7550.17
7553.44
7555.81
7565.05
7570.04
7575.94
7578.81
7594.16
7595.40
7595.89
7600.82
7603.12
7606.17
7612.18
7619.35
7621.90
7624.79
7628.17
7631.15
7632.96
7636.35
7644.37
7648.92
7651.57
7661.59
7676.78
7680.10
7685.09
7696.74
7697.32
7709.49
7711.41
7715.50
7719.59
7721.59
7723.68
7724.27
7727.78
7733.38
7736.14
7740.25
7746.87
7765.75
7769.87
7771.04
7775.25
7775.75
7792.68
7794.28
7794.71
7796.06
7798.84
7812.35
7818.61
7819.03
7826.99
7828.85
7833.77
7835.29
7842.08
7845.05
7848.02
7858.13
7859.83
7860.68
7865.87
7875.75
7881.38
7881.89
7885.73
7887.43
7890.93
7891.70
7898.19
7910.42
7912.56
7912.91
7918.82
7924.82
7926.79
7931.33
7944.99
7946.11
7949.89
7953.25
7953.51
7958.93
7962.29
7963.41
7970.22
7972.98
7974.79
7979.71
7986.71
7988.78
7990.68
7990.77
7993.28
8000.54
8005.39
8014.67
8017.18
8017.27
8021.95
8024.21
8028.55
8035.33
8036.46
8039.16
8039.42
8041.16
8044.73
8044.90
8045.51
8049.43
8053.26
8054.92
8065.12
8071.76
8073.42
8079.10
8080.76
8086.18
8088.10
8104.05
8105.01
8105.19
8123.45
8131.54
8136.73
8141.75
8143.86
8144.92
8150.12
8153.74
8164.51
8168.49
8173.44
8183.08
8188.66
8208.09
8224.45
8226.67
8226.67
8227.03
8227.65
8228.01
8232.99
8254.67
8257.62
8258.60
8263.42
8267.09
8274.25
8276.67
8295.49
8303.58
8304.92
8311.85
8315.98
8321.02
8324.90
8340.40
8345.46
8359.56
8360.19
8360.37
8362.09
8365.26
8368.06
8368.61
8369.97
8372.77
8385.56
8392.82
8397.72
8401.09
8415.37
8416.55
8418.92
8420.20
8424.57
8424.84
8438.07
8449.95
8452.33
8453.97
8457.81
8466.33
8476.50
8479.90
8481.46
8487.88
8491.37
8501.30
8504.52
8510.14
8519.17
8522.48
8526.17
8540.58
8549.45
8551.49
8551.77
8552.23
8591.83
8595.46
8598.06
8598.53
8599.64
8605.69
8608.30
8618.18
8621.16
8641.71
8642.83
8647.51
8652.00
8660.15
8664.55
8667.56
8678.82
8683.51
8691.88
8694.23
8706.00
8707.60
8709.48
8726.65
8735.91
8738.46
8742.53
8748.96
8754.55
8756.25
8756.73
8771.14
8774.75
8785.20
8788.05
8794.04
8794.23
8794.80
8809.57
8819.77
8822.54
8824.64
8827.31
8828.08
8828.65
8828.65
8846.82
8850.17
8852.75
8853.33
8857.35
8864.06
8878.56
8887.21
8894.71
8909.74
8911.38
8913.11
8915.23
8921.89
8930.87
8936.29
8938.12
8945.86
8946.74
8948.28
8950.41
8954.10
8967.67
8968.45
8970.48
8975.34
8977.38
8980.58
8981.85
8983.40
8994.10
9001.40
9011.83
9024.81
9035.26
9041.62
9043.97
9062.48
9073.86
9078.28
9090.37
9093.32
9105.23
9105.23
9121.40
9126.34
9155.22
9155.81
9157.40
9158.79
9171.18
9174.06
9198.61
9199.01
9212.65
9213.75
9218.64
9220.23
9221.43
9230.91
9239.31
9245.81
9247.31
9248.21
9254.11
9258.62
9270.35
9307.03
9315.80
9320.64
9322.55
9324.67
9325.58
9343.86
9344.06
9345.48
9353.47
9372.21
9373.63
9376.06
9396.27
9397.60
9407.97
9411.23
9436.42
9452.36
9457.16
9459.52
9462.69
9463.31
9464.64
9467.71
9477.45
9479.09
9480.52
9497.36
9521.23
9523.09
9523.81
9525.25
9528.86
9531.74
9532.67
9535.77
9547.43
9548.26
9574.74
9585.94
9589.36
9591.96
9602.34
9605.04
9620.23
9629.08
9647.85
9649.10
9649.62
9658.40
9659.86
9660.18
9666.24
9679.22
9684.45
9686.45
9694.20
9694.20
9702.49
9706.90
9720.46
9729.30
9738.78
9739.20
9763.68
9776.05
9804.33
9810.27
9813.03
9821.95
9839.19
9866.16
9876.41
9879.51
9884.96
9889.03
9889.46
9893.74
9898.55
9902.84
9906.38
9906.91
9910.99
9916.99
9928.70
9933.96
9935.79
9952.68
9969.39
9973.92
9974.46
9988.39
9989.15
9992.60
9995.31
9998.77
10000.50
10000.50
10007.43
10036.49
10053.99
10059.10
10064.22
10070.97
10077.29
10079.26
10080.67
10118.15
10122.10
10141.06
10153.69
10159.07
10166.55
10167.98
10170.73
10181.85
10199.60
10205.45
10208.88
10209.32
10219.15
10243.62
10251.38
10285.27
10291.61
10295.84
10309.44
10323.28
10338.15
10338.49
10373.89
10385.35
10389.62
10421.59
10427.35
10456.95
10465.78
10486.63
10510.60
10517.43
10524.71
10547.51
10548.43
10576.42
10581.69
10584.67
10607.14
10614.26
10635.29
10638.17
10639.32
10659.25
10671.60
10673.68
10677.61
10677.84
10695.99
10710.01
10729.96
10738.55
10751.57
10788.39
10793.06
10802.29
10808.72
10816.21
10828.15
10836.83
10844.57
10844.69
10850.44
10870.88
10879.59
10888.19
10900.92
10908.71
10923.47
10934.47
10939.20
10955.78
10978.69
10989.50
10993.54
11000.80
11004.37
11009.73
11030.84
11033.82
11037.52
11051.86
11075.09
11077.24
11081.68
11097.40
11105.44
11121.32
11127.45
11132.03
11150.11
11151.32
11156.15
11159.89
11161.22
11172.70
11178.62
11180.68
11197.26
11235.00
11241.57
11276.90
11282.63
11285.56
11317.11
11321.28
11342.73
11343.59
11371.86
11399.82
11416.98
11430.82
11442.21
11467.24
11471.96
11482.39
11489.10
11522.21
11533.81
11570.31
11570.56
11570.69
11577.95
11592.62
11605.54
11605.79
11613.20
11614.96
11615.34
11616.35
11616.60
11642.64
11648.69
11650.96
11652.73
11661.93
11675.82
11678.22
11705.04
11716.32
11744.24
11753.65
11779.11
11799.26
11813.95
11873.03
11891.80
11893.47
11911.63
11938.08
11938.85
11952.55
11977.54
11995.18
12050.46
12064.42
12074.74
12076.44
12097.10
12113.60
12119.24
12123.18
12125.93
12146.68
12157.99
12164.70
12179.97
12180.63
12197.78
12205.96
12243.39
12251.48
12282.00
12291.71
12303.55
12315.94
12340.48
12341.68
12344.09
12345.96
12347.03
12368.15
12369.62
12407.15
12409.57
12416.55
12431.48
12443.32
12453.15
12472.84
12483.91
12515.42
12534.53
12557.06
12563.99
12567.94
12586.72
12587.12
12587.81
12596.52
12614.26
12625.86
12652.80
12666.23
12684.60
12697.37
12709.88
12712.63
12723.64
12754.79
12805.82
12835.36
12841.20
12851.48
12861.22
12877.23
12890.89
12899.68
12921.20
12937.56
12984.26
12993.12
13014.36
13044.11
13046.36
13081.70
13137.73
13164.20
13167.62
13178.59
13194.00
13223.58
13242.48
13243.34
13269.45
13307.98
13308.99
13321.95
13338.97
13370.62
13381.47
13386.25
13410.32
13419.02
13424.25
13435.44
13440.09
13448.53
13469.65
13509.64
13569.55
13580.42
13580.57
13595.86
13633.87
13663.25
13667.54
13676.42
13686.33
13695.37
13733.21
13822.20
13860.39
13863.99
13865.64
13868.04
13895.83
13897.94
13914.79
13917.35
13944.18
13949.91
13956.10
13994.96
14074.53
14075.29
14083.37
14114.79
14153.02
14176.32
14203.65
14229.49
14229.95
14272.66
14312.41
14374.33
14444.96
14469.67
14476.87
14528.50
14531.64
14543.91
14589.46
14626.29
14629.77
14636.89
14671.14
14703.40
14717.89
14731.43
14738.44
14740.36
14745.30
14757.75
14760.31
14785.40
14793.88
14869.63
14872.84
14879.44
14975.70
14981.05
14990.29
15018.71
15045.05
15057.92
15058.41
15083.36
15093.97
15112.43
15121.10
15121.92
15184.55
15222.71
15239.52
15271.88
15289.07
15306.62
15325.84
15385.49
15475.81
15516.38
15544.11
15592.62
15636.72
15699.10
15713.55
15730.73
15743.33
15757.30
15801.69
15802.03
15866.97
15877.44
15883.45
16016.51
16021.36
16053.46
16060.93
16101.65
16126.41
16129.55
16167.81
16212.83
16217.39
16351.65
16355.19
16405.88
16427.37
16506.48
16556.74
16565.88
16601.41
16652.68
16699.77
16711.70
16760.23
16786.37
16787.82
16801.81
16808.18
16917.28
17001.51
17006.84
17023.41
17074.69
17146.15
17172.70
17189.62
17235.99
17304.38
17382.63
17425.38
17430.47
17535.83
17556.53
17613.23
17638.59
17687.90
17691.73
17861.37
17888.44
17893.67
17894.83
17946.99
17992.29
18018.59
18034.78
18088.33
18121.43
18124.18
18137.71
18139.09
18140.07
18168.75
18245.18
18253.47
18281.74
18303.31
18303.31
18439.07
18606.01
18647.33
18674.38
18721.32
18757.00
18801.50
18905.74
18945.06
19023.73
19041.23
19209.26
19316.59
19388.62
19411.71
19471.03
19473.77
19488.74
19663.27
19881.69
19893.31
19906.87
19976.57
19977.21
20008.80
20028.72
20083.63
20181.87
20314.41
20407.16
20846.35
21059.91
21082.25
21203.50
21335.36
21374.64
21532.25
21561.62
21779.21
21815.53
21820.25
22038.54
22108.28
22190.00
22296.37
22301.68
22376.61
23231.44
23413.38
23481.37
23877.97
23897.36
24153.67
24224.59
24230.10
24233.77
24328.87
24424.09
24902.54
25287.27
25599.73
25974.15
26061.98
26078.06
26090.20
26123.24
26287.98
26451.18
26557.28
26608.48
26811.06
26857.81
27023.67
28140.85
28835.27
28838.39
28982.59
29903.17
32018.13
32346.48
33700.85
34639.49
40959.87
