5.69
5.87
6.34
7.16
7.66
8.02
8.15
8.61
8.63
8.75
9.04
9.60
9.64
9.76
9.78
9.83
9.98
10.56
10.60
10.77
10.87
11.05
11.37
11.41
11.72
11.79
11.90
11.97
12.06
12.08
12.20
12.52
12.59
12.92
12.93
12.96
13.08
13.29
13.30
13.32
13.36
13.67
13.78
13.96
13.96
14.11
14.32
14.34
14.43
14.49
14.54
14.60
14.74
14.78
15.02
15.11
15.22
15.50
15.59
15.59
15.82
16.13
16.14
16.32
16.38
16.39
16.43
16.70
16.71
16.79
17.05
17.14
17.19
17.41
17.53
17.66
17.73
17.83
17.88
17.97
18.13
18.21
18.34
18.41
18.41
18.88
19.34
19.37
19.50
19.67
19.67
19.68
19.93
20.00
20.03
20.06
20.13
20.55
20.62
20.63
20.78
20.97
21.05
21.16
21.21
21.24
21.32
21.36
21.54
21.54
21.67
21.97
21.98
21.99
22.11
22.16
22.23
22.42
22.45
22.46
22.50
22.61
22.67
22.67
22.95
22.97
23.00
23.04
23.14
23.25
23.30
23.34
23.52
23.54
23.67
23.72
23.79
23.80
23.89
23.93
23.98
23.98
24.07
24.09
24.13
24.31
24.48
24.59
24.63
24.68
24.82
24.90
24.90
24.92
25.00
25.02
25.16
25.19
25.20
25.25
25.27
25.53
25.63
25.71
25.86
25.91
25.98
26.36
26.39
26.39
26.43
26.46
26.47
26.50
26.50
26.73
26.76
26.80
26.85
26.97
26.97
27.01
27.14
27.16
27.21
27.27
27.35
27.53
27.55
27.56
27.60
27.63
27.64
27.92
27.93
27.97
27.98
28.23
28.25
28.32
28.38
28.39
28.44
28.53
28.53
28.67
28.69
28.74
28.74
28.97
28.97
29.03
29.13
29.38
29.49
29.53
29.58
29.60
29.69
29.71
29.78
29.85
29.91
29.98
30.05
30.16
30.23
30.27
30.34
30.43
30.63
30.64
30.65
30.70
30.78
30.99
31.04
31.08
31.12
31.18
31.30
31.43
31.55
31.62
31.68
31.74
31.76
31.79
31.79
31.84
31.89
31.95
32.13
32.22
32.26
32.27
32.36
32.40
32.49
32.49
32.61
32.62
32.64
32.65
32.71
32.81
32.86
33.17
33.21
33.23
33.29
33.30
33.48
33.51
33.59
33.62
33.63
33.64
33.73
33.74
33.89
33.89
33.92
33.94
33.95
33.97
34.12
34.14
34.15
34.18
34.24
34.37
34.42
34.46
34.52
34.54
34.69
34.70
34.88
34.88
34.93
35.21
35.22
35.31
35.43
35.49
35.51
35.56
35.68
35.81
35.82
35.93
36.07
36.07
36.21
36.24
36.27
36.33
36.35
36.36
36.39
36.40
36.44
36.47
36.55
36.56
36.59
36.67
36.70
36.81
36.90
37.09
37.16
37.35
37.36
37.40
37.62
37.65
37.68
37.81
37.90
37.96
37.97
38.01
38.36
38.36
38.38
38.48
38.56
38.71
38.85
38.98
39.02
39.02
39.19
39.30
39.36
39.42
39.51
39.65
39.65
39.80
39.88
39.97
40.03
40.16
40.26
40.32
40.36
40.42
40.52
40.60
40.70
40.80
40.89
40.97
41.17
41.19
41.31
41.36
41.37
41.40
41.44
41.54
41.69
41.87
41.99
42.16
42.39
42.41
42.46
42.59
42.60
42.70
42.72
42.84
42.87
43.01
43.04
43.10
43.26
43.26
43.53
43.63
43.66
43.66
43.70
43.86
43.91
44.48
44.51
44.60
44.62
44.64
44.69
44.70
44.92
44.98
45.04
45.11
45.15
45.18
45.29
45.29
45.52
45.59
45.72
45.77
45.92
46.09
46.16
46.19
46.32
46.37
46.38
46.50
46.56
46.68
46.84
47.01
47.07
47.18
47.25
47.29
47.36
47.37
47.49
47.56
47.65
47.67
47.84
47.89
47.89
48.04
48.08
48.23
48.30
48.35
48.41
48.51
48.55
48.56
48.64
48.64
48.65
48.72
48.83
48.84
48.92
48.94
48.95
48.97
49.02
49.06
49.08
49.10
49.13
49.22
49.23
49.23
49.24
49.26
49.48
49.54
49.69
49.77
49.88
49.90
49.90
50.29
50.30
50.57
50.78
50.79
50.85
50.88
50.97
50.98
51.10
51.15
51.15
51.18
51.26
51.33
51.40
51.49
51.62
51.67
51.68
51.79
51.80
51.96
52.01
52.08
52.10
52.14
52.20
52.26
52.29
52.41
52.46
52.52
52.62
52.69
52.71
52.82
53.06
53.11
53.13
53.14
53.27
53.27
53.35
53.38
53.51
53.59
53.65
53.67
53.82
54.11
54.15
54.15
54.22
54.29
54.63
54.94
55.02
55.04
55.09
55.11
55.15
55.15
55.18
55.26
55.45
55.47
55.52
55.64
55.71
55.72
55.78
55.80
55.95
55.97
56.06
56.10
56.23
56.34
56.42
56.45
56.46
56.54
56.56
56.70
56.81
56.98
57.00
57.06
57.09
57.14
57.41
57.42
57.47
57.67
57.69
57.69
57.69
57.79
57.79
57.82
57.99
58.17
58.20
58.35
58.40
58.51
58.63
58.68
58.74
58.77
58.79
58.80
59.17
59.31
59.34
59.52
59.59
59.77
59.79
59.92
59.98
60.00
60.02
60.14
60.21
60.41
60.42
60.57
60.68
60.68
60.73
60.74
60.75
60.88
60.90
61.00
61.02
61.12
61.18
61.22
61.41
61.43
61.44
61.52
61.52
61.56
61.72
61.95
61.95
62.15
62.19
62.24
62.50
62.50
62.51
62.57
62.59
62.67
62.72
62.74
62.86
62.89
62.93
62.94
62.98
63.03
63.07
63.20
63.28
63.34
63.37
63.53
63.62
63.63
63.67
63.77
63.78
63.81
63.89
63.90
63.92
63.94
64.03
64.04
64.06
64.11
64.12
64.23
64.29
64.52
64.56
64.86
64.88
64.90
64.91
64.95
64.96
65.32
65.39
65.47
65.57
65.71
65.80
65.82
65.83
66.05
66.24
66.36
66.39
66.43
66.52
66.77
66.78
66.85
66.85
66.93
67.12
67.15
67.21
67.28
67.32
67.39
67.39
67.47
67.49
67.53
67.59
67.79
67.80
67.83
67.86
67.87
67.88
67.98
68.09
68.15
68.38
68.40
68.40
68.46
68.51
68.54
68.58
69.04
69.19
69.23
69.39
69.61
69.72
69.89
70.04
70.08
70.09
70.15
70.40
70.46
70.50
70.50
70.79
70.85
70.93
70.97
71.08
71.11
71.26
71.30
71.34
71.50
71.59
71.61
71.62
71.63
71.70
71.83
71.83
71.88
72.05
72.19
72.19
72.19
72.59
72.62
72.67
72.77
72.90
72.96
72.98
73.58
73.61
73.76
73.76
73.86
73.87
73.90
73.95
74.06
74.17
74.26
74.40
74.71
74.75
74.89
74.91
75.10
75.10
75.14
75.16
75.20
75.21
75.24
75.25
75.41
75.43
75.44
75.49
75.72
75.88
75.90
75.91
76.10
76.15
76.35
76.42
76.55
76.71
76.72
76.73
76.78
76.78
76.78
76.79
76.84
77.02
77.03
77.06
77.09
77.13
77.20
77.29
77.42
77.54
77.55
77.55
77.58
77.59
77.62
77.77
78.10
78.24
78.35
78.35
78.37
78.47
78.70
78.75
78.92
79.00
79.24
79.31
79.40
79.55
79.61
79.67
79.70
79.71
79.76
79.76
79.80
80.01
80.21
80.24
80.34
80.65
80.74
80.77
80.81
80.84
80.85
80.92
80.93
81.00
81.09
81.11
81.23
81.34
81.38
81.79
81.82
81.89
81.98
82.00
82.05
82.47
82.56
82.59
82.90
82.94
83.07
83.10
83.39
83.39
83.54
83.58
83.62
83.64
83.71
83.81
83.97
84.03
84.04
84.15
84.17
84.21
84.21
84.21
84.24
84.37
84.42
84.45
84.50
84.71
84.95
84.96
85.05
85.10
85.13
85.15
85.15
85.21
85.51
85.54
85.67
85.71
85.77
85.86
86.13
86.25
86.43
86.60
86.80
86.87
86.89
87.03
87.09
87.34
87.52
87.55
87.56
87.62
87.90
87.99
88.12
88.61
88.70
88.84
88.87
88.92
88.96
89.00
89.27
89.35
89.39
89.55
89.57
89.63
89.81
89.84
89.86
89.89
89.92
90.03
90.08
90.23
90.41
90.66
90.67
90.82
90.82
90.85
91.10
91.11
91.82
91.84
91.92
91.94
91.98
92.00
92.04
92.05
92.08
92.11
92.13
92.28
92.33
92.38
92.39
92.47
92.75
92.80
92.83
93.12
93.13
93.19
93.20
93.39
93.39
93.47
93.49
93.72
93.79
93.87
94.09
94.09
94.15
94.17
94.28
94.33
94.56
94.63
94.75
94.85
94.86
94.92
95.17
95.25
95.66
95.69
95.70
95.74
95.77
95.78
95.92
96.07
96.68
96.79
96.82
97.03
97.24
97.30
97.40
97.44
97.47
97.48
97.56
97.64
97.76
97.80
97.93
97.95
98.07
98.16
98.35
98.37
98.38
98.53
98.68
98.87
98.94
99.11
99.25
99.32
99.38
99.38
99.44
99.56
99.61
99.63
99.89
100.23
101.19
101.30
101.34
101.72
101.82
102.25
102.28
102.28
102.43
102.45
102.48
102.58
102.64
102.66
102.71
102.77
102.83
102.83
102.84
102.94
103.13
103.43
103.52
103.57
103.81
103.86
103.90
103.94
104.31
104.32
104.35
104.38
104.53
104.64
104.68
104.71
105.35
105.51
105.85
105.85
106.22
106.50
106.76
106.99
107.12
107.18
107.58
107.60
107.63
107.73
107.85
107.87
107.91
107.96
108.00
108.28
108.45
108.48
108.57
108.62
108.62
108.62
108.75
109.12
109.13
109.31
109.36
109.42
109.56
109.63
109.65
109.78
109.88
109.92
110.09
110.29
110.48
110.51
110.54
110.56
110.66
110.79
110.87
111.09
111.42
111.64
111.76
111.96
111.98
112.07
112.29
112.37
112.39
112.48
112.54
112.59
112.61
112.70
112.72
112.75
112.79
113.03
113.05
113.32
113.33
113.34
113.34
113.43
113.45
113.48
113.56
113.64
113.68
113.70
113.75
113.89
113.97
113.98
114.24
114.26
114.29
114.34
114.38
114.47
114.52
114.88
114.88
114.89
114.97
115.25
115.43
115.75
115.77
115.85
116.10
116.38
116.51
116.60
116.80
117.08
117.32
117.37
117.47
117.50
117.55
117.59
117.66
118.00
118.09
118.21
118.35
118.53
118.54
118.64
118.70
118.75
118.84
118.91
119.04
119.26
119.33
119.36
119.52
119.54
119.69
119.84
120.00
120.03
120.25
120.35
120.41
120.52
120.57
120.74
120.82
121.17
121.24
121.30
121.48
121.48
121.58
121.66
121.67
121.72
121.73
121.83
121.85
121.92
122.08
122.12
122.14
122.49
122.54
122.67
122.87
122.96
123.07
123.18
123.25
123.42
123.71
123.87
123.90
124.04
124.14
124.57
124.65
124.82
124.94
125.01
125.08
125.10
125.25
125.33
125.39
125.55
125.61
125.99
126.07
126.08
126.26
126.46
126.63
126.67
127.00
127.03
127.10
127.24
127.30
127.54
128.15
128.22
128.37
128.38
128.52
128.63
128.79
129.15
129.24
129.61
129.69
129.81
130.01
130.08
130.37
130.49
130.54
130.63
130.91
130.97
131.01
131.02
131.55
131.90
132.05
132.06
132.14
132.22
132.51
132.65
132.96
133.29
133.49
133.59
133.64
133.76
133.90
134.08
134.12
134.20
134.31
134.38
134.62
134.89
134.92
135.11
135.31
135.46
135.54
135.59
135.67
135.71
135.99
136.09
136.14
136.16
136.17
136.31
136.36
136.67
136.69
136.73
136.95
137.16
137.23
137.32
137.46
137.58
137.81
137.84
137.88
138.05
138.25
138.36
138.42
138.43
138.55
139.14
139.14
139.24
139.26
139.30
139.41
139.42
139.59
139.82
139.87
140.06
140.36
140.51
140.89
141.19
141.22
141.32
141.44
141.73
141.79
141.85
141.87
141.96
141.98
141.98
142.00
142.91
143.23
143.31
143.50
143.85
144.01
144.19
144.21
144.38
144.71
144.78
144.81
144.99
145.14
145.28
145.37
145.41
145.43
145.57
145.77
145.80
145.81
145.81
146.10
146.20
146.25
146.31
146.52
146.85
146.96
147.32
147.40
147.66
147.74
148.03
148.04
148.07
148.13
148.39
148.48
148.52
148.56
148.59
148.76
148.98
149.70
149.73
149.93
149.95
150.11
150.12
150.25
150.26
150.66
150.93
151.10
151.18
151.47
151.63
151.83
151.87
152.50
152.69
152.81
152.85
152.88
152.93
153.20
153.45
153.73
153.77
153.98
154.47
154.65
154.65
154.65
154.76
154.81
154.98
155.00
155.38
155.56
155.58
155.89
155.96
156.06
156.27
156.35
156.69
156.94
157.09
157.12
157.16
157.57
157.59
157.78
158.22
158.38
158.48
158.53
158.74
158.81
158.83
158.86
158.90
158.90
158.99
158.99
159.16
159.17
159.17
159.27
159.49
159.73
159.84
159.88
160.61
160.64
160.77
160.79
160.80
160.86
161.04
161.11
161.18
161.68
161.73
162.02
162.39
162.72
162.94
162.97
163.10
163.31
163.61
163.65
163.70
164.03
164.05
164.11
164.20
164.24
164.30
164.35
164.46
164.49
164.62
164.62
164.97
165.31
165.38
165.49
165.60
165.85
165.89
166.20
166.47
166.78
166.80
166.84
166.96
167.29
167.35
167.80
168.01
168.08
168.19
168.25
168.25
168.42
168.47
168.56
168.62
168.80
168.98
169.08
169.11
169.53
169.54
169.76
169.76
169.92
170.02
170.11
170.13
170.28
170.59
170.65
170.77
170.90
170.94
171.17
171.22
171.45
171.51
171.74
171.96
171.98
172.29
172.30
172.39
172.46
172.51
172.81
172.81
172.91
173.04
173.23
173.31
173.34
173.65
173.77
173.93
173.95
174.12
174.89
175.04
175.10
175.15
175.62
175.67
175.69
176.13
176.15
176.42
176.55
176.63
176.73
176.90
176.91
177.00
177.29
177.31
177.33
177.43
177.45
177.46
177.56
177.77
178.06
178.06
178.06
178.12
178.31
178.40
178.47
178.55
178.66
178.97
178.99
179.20
179.48
179.92
179.93
180.10
180.16
180.17
180.45
180.50
180.65
180.70
180.84
180.91
180.94
180.95
181.21
181.33
181.63
181.67
181.72
181.91
181.97
181.99
182.30
182.78
182.95
182.97
183.18
183.30
183.72
183.79
184.20
184.38
184.43
184.51
184.54
184.55
184.60
184.77
184.82
184.83
184.83
184.90
185.18
185.30
185.33
185.45
185.49
185.58
185.61
185.74
186.04
186.05
186.38
186.54
186.92
187.19
187.40
187.49
187.58
187.69
187.74
187.76
187.94
187.94
188.07
188.09
188.18
188.42
188.49
188.58
188.59
188.72
188.80
188.87
189.12
189.19
189.25
189.68
189.80
190.04
190.46
190.48
190.50
190.50
190.53
190.61
190.68
191.34
191.35
191.35
191.48
191.53
191.57
191.62
191.91
191.96
191.98
191.99
192.58
192.62
192.77
192.89
193.20
193.25
193.61
193.92
194.17
194.35
194.41
194.47
194.92
195.03
195.27
195.31
196.18
196.55
196.83
196.85
196.97
196.97
197.12
197.29
197.43
197.70
197.76
198.03
198.12
198.17
198.21
198.30
198.49
198.51
198.64
198.79
199.39
199.60
199.64
199.73
199.88
199.96
200.13
200.13
200.30
200.36
200.44
200.66
200.72
200.73
200.94
201.15
201.35
201.47
201.62
201.62
201.77
201.85
201.85
201.97
201.98
202.08
202.24
202.54
202.66
202.74
202.96
203.71
203.99
204.03
204.11
204.31
204.33
204.33
204.71
204.96
204.99
205.11
205.50
205.51
205.71
205.75
205.79
206.15
206.22
206.50
206.67
206.73
206.86
207.19
207.32
207.33
207.42
207.49
207.63
207.68
208.01
208.11
208.13
208.33
208.51
208.52
208.56
208.58
208.73
208.82
208.98
209.13
209.26
209.29
209.36
209.62
209.62
210.58
211.06
211.11
211.17
211.32
211.44
211.98
212.21
212.23
212.27
212.41
212.57
212.89
212.89
212.96
213.10
213.10
213.13
213.19
213.24
213.27
213.50
213.61
213.81
213.93
213.96
213.99
214.21
214.32
214.60
214.71
214.78
215.05
215.14
215.51
215.57
215.70
215.77
215.77
216.22
216.28
216.32
216.42
216.54
216.78
216.78
217.21
217.36
217.44
217.54
217.68
217.78
217.93
218.07
218.17
218.68
218.72
218.79
218.87
219.04
219.10
219.29
219.34
219.51
219.67
219.71
219.83
220.07
220.07
220.12
220.28
220.53
220.60
220.96
220.97
221.00
221.14
221.55
222.13
222.26
222.55
222.65
222.82
223.23
223.40
223.40
223.52
223.72
223.81
223.82
223.84
224.15
225.25
225.39
225.45
225.50
225.50
225.59
225.93
226.04
226.28
226.41
226.52
226.73
227.07
227.44
227.55
227.94
228.21
228.29
228.40
228.56
228.76
229.13
229.28
229.91
230.32
230.52
230.56
230.87
230.91
230.96
231.03
231.07
231.08
231.94
232.02
232.11
232.28
232.39
232.63
233.01
233.12
233.17
233.43
233.64
233.82
234.10
234.22
234.31
234.67
234.92
235.10
235.46
235.50
235.67
235.95
236.32
236.50
236.52
236.67
236.94
237.42
237.66
237.76
238.15
238.46
238.69
238.85
238.97
239.40
239.45
239.61
239.89
240.11
240.14
240.41
240.50
240.70
241.28
241.30
241.41
242.25
242.57
242.64
242.94
243.09
243.22
243.34
243.52
243.58
243.67
243.71
243.87
244.17
244.18
244.21
244.28
244.29
244.48
244.49
244.69
244.86
244.87
244.89
244.93
244.98
245.15
245.20
245.21
245.46
245.49
245.53
245.59
245.67
245.94
246.95
247.27
247.35
247.45
247.67
247.69
247.69
247.78
247.82
247.98
248.14
248.18
248.26
248.35
248.79
249.07
249.73
249.81
249.97
249.99
250.03
250.40
250.55
250.63
250.72
251.50
251.52
251.67
251.70
251.88
251.89
252.02
252.07
252.09
252.37
252.71
253.21
253.23
253.75
254.19
254.28
254.37
254.39
254.64
254.88
254.90
254.96
254.96
255.11
255.12
255.21
255.33
255.50
255.58
255.62
255.96
256.00
256.01
256.39
256.78
257.17
257.38
257.61
257.66
258.86
258.89
259.15
259.33
259.46
259.52
259.52
259.81
259.82
260.14
260.26
260.38
260.56
260.74
261.13
261.27
261.87
261.98
262.39
262.61
263.16
263.31
263.32
263.58
263.73
264.01
264.08
264.08
264.19
264.46
264.69
265.02
265.12
265.18
265.23
265.32
265.34
265.38
265.48
265.48
265.62
266.00
266.18
266.21
266.21
266.23
266.24
266.27
266.36
266.47
266.79
267.35
267.41
267.64
267.68
267.74
267.84
267.93
268.11
268.91
268.96
269.36
269.40
269.45
269.59
269.62
269.69
270.09
270.16
270.50
270.59
271.08
271.27
271.30
271.53
271.75
271.91
272.02
272.15
272.55
272.56
272.90
272.96
273.06
273.07
273.32
274.09
274.41
274.65
275.19
275.25
275.36
275.48
275.50
275.52
275.62
275.80
276.00
276.03
276.09
276.53
276.55
276.81
277.02
277.28
277.52
277.57
277.65
277.70
278.80
278.87
279.35
279.69
279.90
279.97
280.34
281.15
281.39
281.82
282.03
282.37
282.37
283.15
283.28
283.52
283.72
284.05
284.48
284.75
285.07
285.13
285.19
285.37
286.13
286.29
286.54
286.83
286.88
286.92
287.07
287.26
287.71
287.74
287.89
288.09
288.17
288.30
288.35
288.48
288.59
288.62
288.72
288.92
289.05
289.24
289.25
289.33
289.50
289.53
290.23
290.23
290.26
290.55
290.58
290.68
290.79
291.06
291.44
291.63
291.63
291.64
291.70
291.75
292.08
292.68
292.79
292.80
293.19
293.27
293.49
293.78
294.07
294.17
294.44
294.45
294.66
294.75
294.83
294.96
294.98
295.06
295.10
295.24
295.27
295.79
296.61
296.80
296.80
296.85
296.87
296.90
296.97
299.31
299.44
299.65
299.90
301.12
301.30
301.51
301.62
301.84
302.57
302.95
303.00
303.22
304.19
304.23
304.45
304.54
305.02
305.74
305.86
306.50
306.53
306.77
307.25
307.29
307.59
307.73
307.90
308.10
308.40
308.50
309.01
309.05
309.30
309.34
309.41
309.43
309.67
309.72
309.79
310.05
310.45
310.55
310.64
310.71
311.29
311.68
311.96
312.07
312.10
312.38
312.47
312.70
312.84
312.93
313.04
313.06
313.54
313.77
314.85
314.92
314.97
315.17
315.49
315.55
315.58
315.84
315.85
316.08
316.21
316.24
316.48
316.72
316.89
317.12
317.32
317.57
317.68
318.14
318.39
318.46
319.14
319.19
319.50
319.59
319.60
319.98
320.43
320.58
320.78
321.12
321.29
321.57
321.57
321.65
321.82
322.53
322.86
323.05
323.12
323.69
323.96
323.98
324.23
324.33
324.49
324.63
324.83
325.28
325.40
325.51
325.60
325.84
326.07
326.15
326.46
326.77
327.06
328.52
329.15
329.20
329.55
329.65
329.93
330.24
330.27
330.31
330.52
331.19
331.87
331.92
331.97
332.08
332.13
332.31
332.69
332.76
332.77
333.10
333.25
334.46
334.47
334.50
334.60
334.86
334.99
335.36
335.42
335.47
335.69
335.88
335.93
336.19
336.39
336.64
336.66
336.67
336.70
337.15
337.21
337.26
337.59
337.76
337.89
337.92
338.19
338.46
338.64
338.74
338.74
338.98
339.48
340.00
340.25
340.25
340.26
340.42
340.51
341.11
341.28
341.47
341.61
341.84
341.89
342.51
342.53
342.54
342.69
342.75
342.82
342.93
343.08
343.17
343.75
343.90
343.93
344.11
344.25
344.32
344.52
344.75
345.06
345.14
345.31
345.42
345.53
345.53
345.69
345.86
346.07
346.24
346.49
346.51
346.65
347.34
347.37
347.62
347.64
347.66
347.68
347.85
348.09
348.43
348.81
349.23
349.71
350.10
350.41
350.75
351.07
351.10
351.98
352.35
352.58
353.22
353.26
353.38
353.45
353.94
353.99
354.04
354.04
354.16
354.91
355.07
355.25
355.31
355.32
356.11
356.21
356.39
356.85
357.01
357.09
357.11
357.22
357.77
357.85
357.96
358.25
358.28
358.48
359.08
359.41
359.76
359.91
360.16
360.28
360.36
360.97
361.90
361.95
362.05
362.08
362.58
362.59
362.72
362.92
363.07
363.15
363.19
363.50
363.63
363.66
363.67
363.79
363.80
363.90
364.05
364.26
364.34
364.41
364.58
364.70
364.81
364.83
365.15
365.16
365.16
365.20
365.60
365.67
365.84
366.15
366.69
366.84
366.90
367.20
367.34
367.52
367.53
367.73
367.78
368.23
368.39
368.50
368.93
369.13
369.14
369.24
369.45
369.59
370.00
370.05
370.09
370.11
370.16
370.30
370.67
371.12
371.88
372.02
372.32
372.35
372.87
372.88
373.00
373.43
373.44
373.64
373.81
374.18
374.37
374.37
374.54
374.79
374.87
375.07
375.55
375.91
376.29
376.69
376.85
377.07
377.13
377.93
378.33
378.57
379.41
379.97
380.02
380.19
380.65
380.75
381.14
381.17
381.22
381.29
381.37
381.75
381.92
382.29
382.30
382.83
383.12
383.38
383.41
384.21
384.63
384.80
384.83
385.93
385.97
386.65
386.91
386.95
387.43
387.83
387.90
388.30
388.81
388.83
389.12
389.16
389.39
389.71
389.86
389.94
389.96
390.10
390.57
390.59
390.70
391.36
391.64
392.22
392.45
392.57
392.61
392.68
392.73
393.28
393.36
393.63
394.05
394.37
394.44
394.60
394.66
394.68
395.08
395.66
395.91
397.10
397.13
397.36
397.43
397.60
397.92
398.73
398.81
398.85
399.46
399.68
399.70
399.76
399.78
399.94
399.98
400.10
400.36
400.78
401.14
401.31
401.35
401.43
401.82
402.03
402.54
402.62
402.68
402.96
403.10
403.54
403.56
403.90
404.22
405.51
405.56
405.72
405.83
406.32
407.20
407.30
408.14
408.28
408.95
409.19
409.63
409.63
409.76
409.95
410.03
410.03
410.54
410.80
411.14
411.26
411.30
411.59
411.60
412.01
412.04
412.09
413.02
413.32
413.84
414.52
414.99
415.32
415.35
415.44
415.55
416.02
416.39
416.53
416.71
416.95
417.42
417.77
418.15
418.17
419.51
419.85
419.93
420.39
420.57
420.76
420.82
420.96
421.18
421.72
421.89
421.98
422.32
422.35
422.67
423.53
423.94
424.46
424.53
425.24
425.26
425.28
425.30
425.62
425.71
425.77
426.28
426.46
426.57
427.06
427.09
427.52
427.61
428.03
428.71
428.71
429.04
429.14
429.64
430.05
430.50
430.50
430.73
430.74
431.40
432.02
432.08
432.15
432.72
432.77
433.82
433.92
434.01
434.23
434.49
434.72
434.91
435.06
435.24
436.00
436.22
436.34
436.72
437.60
437.92
438.69
438.86
438.86
439.08
439.41
440.20
440.61
440.84
440.90
441.13
441.31
441.64
441.78
441.97
442.18
442.64
442.87
443.37
443.87
444.77
444.79
445.21
445.42
445.44
446.30
446.66
446.66
447.09
447.65
447.67
447.86
447.87
448.28
448.41
448.52
449.01
449.18
449.33
449.41
449.61
450.40
450.76
450.86
451.21
451.24
451.69
452.28
452.40
452.71
452.93
453.20
453.66
453.86
454.19
455.33
455.38
455.68
456.47
457.10
457.40
457.58
457.93
458.10
458.25
458.40
458.69
458.73
459.58
459.65
459.94
460.09
460.55
462.58
462.87
463.03
463.11
463.15
463.15
463.39
463.92
464.80
464.99
465.06
465.29
465.40
465.45
465.50
465.64
465.73
465.81
465.95
466.24
466.33
467.09
467.37
467.68
467.99
467.99
468.14
468.70
469.33
469.50
469.68
469.69
469.74
470.13
470.41
470.44
470.52
472.19
472.24
472.28
472.51
473.18
473.59
473.73
473.93
474.13
474.23
474.40
474.42
474.77
475.01
475.14
475.43
475.71
475.98
476.13
476.14
476.21
476.36
476.67
476.87
477.12
477.32
477.61
477.70
478.83
479.20
479.24
479.26
479.44
479.50
479.62
480.48
480.68
480.98
481.42
481.51
481.63
481.69
481.78
482.77
482.79
482.96
483.11
483.20
483.36
483.73
484.14
485.22
485.29
485.57
485.65
485.78
486.15
486.22
486.64
486.71
486.85
486.85
486.94
487.19
487.36
487.52
487.84
487.91
488.26
488.26
488.36
488.41
488.51
488.56
488.73
489.26
489.37
489.54
490.35
490.48
491.17
491.18
491.21
491.34
491.35
491.47
491.47
491.54
491.80
491.81
491.83
492.00
492.11
493.08
493.51
493.64
493.93
494.04
494.15
494.29
494.34
494.67
495.01
495.43
495.49
495.78
496.05
496.13
496.19
497.04
497.29
497.71
497.80
497.93
498.34
498.35
498.47
498.69
499.01
499.39
499.65
499.81
499.98
500.13
500.83
500.84
501.03
501.27
501.95
502.74
502.83
502.91
503.87
504.07
504.97
505.15
505.17
505.62
505.67
505.68
505.81
506.22
506.42
506.53
506.66
506.69
506.71
507.03
507.34
507.70
508.19
508.77
508.96
509.67
510.07
510.68
510.88
510.99
511.16
511.65
512.16
512.81
512.95
512.95
513.28
513.70
514.36
514.45
515.05
515.66
515.97
515.98
516.47
516.77
516.92
517.44
517.53
517.59
517.82
517.82
518.17
518.39
518.64
519.33
519.61
519.77
520.01
520.10
520.26
521.07
521.95
522.23
523.13
523.31
523.64
523.73
524.09
524.87
525.84
526.22
526.75
526.76
526.79
527.22
527.57
527.74
527.96
528.11
528.80
528.88
528.94
529.39
529.53
529.67
529.79
530.04
530.24
530.26
530.39
530.99
531.23
531.66
532.03
532.45
533.10
533.42
533.59
533.77
533.84
534.01
534.91
535.24
535.71
535.71
535.95
536.33
536.44
537.17
537.64
537.66
538.10
540.43
540.45
541.59
542.17
542.17
542.17
542.24
542.60
542.72
542.85
543.09
543.19
543.21
543.80
544.14
544.81
544.97
545.26
545.62
545.86
546.43
546.68
547.61
547.81
547.84
547.99
548.10
548.29
548.56
549.04
549.04
549.23
550.70
550.75
551.15
551.24
551.92
551.99
552.47
552.90
554.10
554.25
554.33
554.83
555.05
555.29
555.47
555.54
555.74
555.76
555.82
556.27
556.48
557.19
557.50
557.53
557.75
558.51
558.55
559.02
559.88
560.45
561.04
561.21
561.88
562.00
562.62
562.77
562.87
562.98
563.46
564.99
565.13
565.19
565.33
566.37
566.62
567.20
567.26
567.60
568.39
568.79
568.90
570.58
570.72
570.75
571.38
572.00
572.86
573.32
573.57
574.52
574.91
575.07
575.47
576.06
576.21
576.21
576.49
576.67
576.78
577.14
577.41
578.01
578.43
579.03
579.33
579.33
580.04
580.26
581.20
581.53
581.70
581.77
582.30
582.53
582.98
584.00
584.22
584.29
585.69
586.12
587.74
587.97
588.04
588.25
588.63
588.89
589.69
589.84
590.21
590.30
590.44
590.52
590.76
591.02
591.54
591.87
591.99
592.78
593.31
593.40
593.46
594.11
594.24
594.94
595.44
595.48
595.49
595.98
596.13
596.20
596.49
597.69
598.93
599.05
599.11
599.22
600.32
601.10
601.69
602.23
603.14
603.83
604.39
604.85
605.41
605.83
606.81
607.68
608.63
609.36
609.58
609.83
609.87
610.10
610.52
611.29
612.17
612.35
613.29
613.38
613.83
613.98
614.16
614.32
614.42
614.44
614.55
614.67
614.69
614.70
614.72
614.89
614.90
615.68
616.14
616.39
616.85
617.82
618.08
618.16
618.93
619.26
619.62
620.03
620.22
620.56
620.63
620.87
621.10
621.39
621.78
622.03
622.22
623.46
623.75
623.75
623.80
624.04
624.12
625.30
625.37
627.77
628.03
628.04
628.72
628.95
629.04
629.30
629.66
629.85
630.49
631.26
631.48
631.69
632.04
632.14
632.61
632.86
633.16
633.16
633.89
634.56
634.81
635.92
636.08
636.16
636.23
636.60
636.66
636.74
636.87
637.74
638.15
638.48
638.64
638.72
638.72
639.52
640.07
640.14
640.19
640.21
641.81
642.95
643.27
643.58
643.70
643.80
644.00
644.96
645.26
645.35
646.15
646.18
646.87
647.60
647.66
648.66
648.71
649.01
649.10
649.70
649.80
650.06
650.28
650.46
650.67
650.69
650.69
650.70
650.74
651.07
651.74
651.90
652.09
652.46
652.78
653.96
654.51
655.54
656.12
656.19
656.29
656.52
656.81
657.35
657.39
657.75
658.87
658.99
659.03
659.20
659.32
659.86
660.95
661.36
661.58
661.78
661.96
662.54
663.36
664.09
664.09
664.23
664.56
666.11
666.77
666.87
666.95
667.14
668.56
668.88
668.91
670.00
671.30
671.43
671.94
672.17
674.08
674.42
674.51
675.70
676.16
676.25
676.43
676.44
676.46
676.52
677.08
677.13
677.78
677.78
678.17
678.72
678.95
679.34
680.14
680.58
681.37
682.58
683.03
684.04
684.67
686.40
686.43
687.56
687.56
688.77
689.15
689.69
690.11
690.93
691.02
691.29
691.70
691.92
692.11
692.40
693.23
693.52
694.56
694.71
694.92
695.15
695.33
695.37
696.67
696.90
697.07
697.70
698.53
698.59
698.70
698.94
699.09
699.10
699.28
699.35
699.42
699.87
699.89
699.99
700.27
700.47
700.67
700.84
701.10
701.81
701.91
702.99
703.09
703.30
703.88
704.47
705.16
705.44
705.63
706.42
706.43
706.69
707.19
707.27
707.30
708.06
708.15
709.22
709.41
710.07
710.91
711.23
711.93
711.99
712.03
712.14
712.23
712.30
712.63
712.71
713.21
713.55
713.95
714.38
714.60
714.87
715.10
715.32
716.36
716.46
716.62
716.86
717.56
717.67
718.30
718.63
718.75
719.34
719.79
719.93
719.99
720.24
720.61
720.61
721.16
721.45
721.47
722.13
722.24
723.37
723.57
723.98
724.03
724.07
724.08
724.18
725.55
726.12
726.81
726.95
727.48
727.84
727.99
728.61
728.94
729.57
730.39
730.41
730.48
730.62
732.48
734.48
734.53
734.60
734.63
736.37
736.50
736.63
736.84
736.93
737.30
737.34
738.57
738.63
740.36
740.91
741.98
742.47
743.41
743.45
743.78
744.14
745.04
745.41
745.98
746.70
746.73
746.83
746.99
747.11
747.37
749.53
749.93
750.30
751.23
753.60
754.01
754.49
754.59
754.82
755.03
756.22
756.24
756.52
757.71
759.27
759.72
759.75
760.34
760.46
760.66
760.69
761.09
761.72
761.95
762.58
762.81
763.07
763.22
763.41
763.43
763.70
764.84
765.43
766.76
768.08
768.92
769.03
769.21
769.91
770.12
770.13
770.78
771.77
771.78
771.81
772.19
773.38
774.50
774.89
775.15
775.37
775.44
775.65
775.76
775.92
776.04
776.54
779.83
780.06
780.42
780.53
783.13
783.93
784.12
784.43
785.41
785.57
785.73
786.84
786.86
787.27
787.41
788.06
788.97
788.99
789.71
790.47
790.77
791.08
791.30
791.63
791.76
791.79
791.95
792.87
792.89
793.68
793.75
794.00
794.48
795.62
796.03
796.12
796.93
797.04
797.23
797.73
797.95
798.49
798.88
799.53
800.21
800.61
801.03
801.21
801.65
802.57
802.81
803.29
803.38
805.56
806.18
806.19
808.56
809.01
809.25
809.35
810.41
811.30
812.18
812.29
814.15
814.37
814.38
814.66
815.11
815.44
815.61
815.87
816.09
816.35
816.48
816.69
817.12
820.14
820.74
821.22
821.47
821.66
822.00
822.12
822.19
822.25
822.36
822.73
823.30
823.35
824.77
824.86
825.14
826.50
827.21
827.36
827.54
827.59
827.63
827.99
829.05
830.29
830.89
831.15
831.64
831.86
832.32
832.45
833.78
834.25
835.04
835.54
836.55
836.56
836.80
837.15
837.23
837.76
838.58
838.76
838.92
839.00
839.69
840.82
842.02
842.03
842.11
842.26
842.51
844.51
844.57
844.67
844.74
844.97
845.09
845.67
846.18
846.49
846.74
847.39
847.60
847.66
848.11
848.89
849.21
849.27
850.27
850.58
851.45
851.65
851.73
851.84
852.18
852.21
852.78
854.41
854.66
855.07
855.36
855.58
855.72
857.38
857.61
858.19
859.64
861.04
861.44
861.60
862.04
862.99
863.03
863.06
863.40
863.54
863.66
863.83
863.91
864.19
864.49
865.11
865.34
866.00
866.25
866.33
866.91
867.39
868.25
868.98
869.26
869.34
869.57
870.31
871.31
871.82
872.16
872.19
872.98
873.13
873.45
873.93
874.67
874.85
875.23
875.54
875.56
876.58
876.88
877.62
878.14
878.81
878.94
878.96
879.22
879.50
881.34
881.76
882.32
882.93
883.64
883.65
884.87
885.23
885.34
885.72
886.05
886.89
888.41
888.77
889.08
889.47
889.78
889.87
890.92
892.65
893.47
893.51
894.01
894.13
894.59
894.82
895.29
895.39
896.65
898.32
898.89
900.03
900.50
900.91
902.27
902.94
903.81
904.69
905.26
905.43
905.44
905.60
906.51
907.08
907.23
908.73
908.82
909.45
910.22
910.46
912.55
914.03
915.11
915.51
916.27
916.52
916.61
916.66
918.19
918.59
918.68
918.89
919.06
919.15
919.85
920.16
920.56
920.68
920.72
922.55
922.89
922.91
923.03
923.09
923.85
924.36
924.88
926.12
926.18
926.48
926.52
926.75
926.84
927.18
928.32
928.41
929.28
931.46
932.62
933.09
933.31
933.82
934.23
934.85
935.65
936.11
936.23
936.47
936.53
936.74
937.91
938.27
940.48
940.53
940.56
942.84
943.58
943.65
944.33
944.88
946.08
946.45
946.89
946.95
947.01
947.09
947.83
948.45
950.36
950.45
950.65
950.95
951.02
951.75
952.65
953.13
954.02
954.97
955.34
955.82
956.19
956.22
956.40
957.65
957.94
958.17
958.33
958.40
958.45
958.47
959.13
959.24
959.34
959.50
959.70
960.80
960.91
961.08
961.18
961.38
962.66
963.14
963.27
963.57
963.94
964.24
964.74
964.95
965.15
965.92
966.36
966.64
967.11
967.50
967.68
967.72
968.49
969.08
971.21
971.54
972.26
973.49
974.28
974.98
975.59
975.62
975.80
976.35
976.70
977.37
978.10
978.19
978.82
979.09
979.14
979.55
979.78
980.30
980.30
980.70
981.09
982.24
982.52
982.54
982.61
982.65
983.14
983.19
983.24
983.57
983.88
984.17
985.18
987.07
988.14
988.18
988.19
988.25
988.95
989.22
989.83
991.95
992.56
993.85
994.53
994.54
994.69
995.12
996.19
996.55
996.57
996.87
997.29
997.81
998.00
998.04
998.64
999.40
999.67
999.83
999.85
1001.26
1001.64
1002.02
1002.55
1003.25
1003.55
1003.91
1003.97
1004.43
1004.62
1004.87
1006.24
1006.67
1006.78
1007.93
1008.68
1010.15
1010.28
1010.31
1011.09
1011.11
1011.19
1011.81
1012.25
1012.40
1012.69
1013.05
1013.08
1014.39
1014.43
1014.45
1015.00
1015.08
1015.64
1015.74
1015.92
1017.02
1018.27
1019.35
1019.64
1019.83
1020.39
1021.10
1022.15
1022.18
1023.83
1024.53
1025.00
1025.33
1025.68
1025.69
1025.92
1026.44
1027.25
1027.80
1027.97
1028.81
1028.91
1029.45
1030.30
1031.23
1031.43
1031.58
1032.97
1033.84
1034.58
1035.64
1035.78
1036.58
1036.95
1037.01
1037.01
1038.56
1038.65
1039.00
1039.89
1040.12
1040.80
1041.06
1041.17
1041.66
1042.35
1042.61
1043.68
1044.13
1044.56
1044.81
1044.86
1044.92
1045.59
1047.60
1050.21
1050.43
1050.75
1051.10
1051.57
1051.58
1051.77
1052.57
1055.26
1056.27
1056.68
1056.85
1056.95
1058.87
1059.44
1059.93
1060.98
1062.62
1063.19
1063.38
1063.56
1063.59
1063.62
1066.22
1066.37
1066.69
1067.06
1067.81
1068.21
1068.22
1068.31
1068.35
1069.25
1069.70
1070.46
1070.80
1071.42
1071.92
1072.00
1072.21
1072.99
1073.30
1074.37
1074.61
1074.66
1075.23
1075.40
1076.10
1076.22
1076.82
1077.35
1077.61
1077.98
1078.26
1078.37
1078.87
1079.62
1079.89
1080.60
1081.18
1083.12
1084.11
1084.14
1084.21
1084.25
1084.31
1084.75
1086.23
1087.17
1087.54
1089.91
1089.95
1090.29
1091.03
1092.32
1092.54
1093.44
1094.28
1094.71
1094.96
1095.36
1095.59
1095.60
1095.80
1096.34
1096.77
1097.06
1097.08
1097.21
1097.69
1098.34
1098.83
1099.48
1099.53
1100.06
1100.96
1101.18
1102.34
1103.29
1103.58
1103.71
1104.89
1105.89
1106.46
1108.15
1108.28
1108.95
1109.27
1111.16
1112.68
1113.42
1113.60
1113.86
1113.97
1114.98
1115.61
1115.92
1116.41
1116.96
1117.51
1117.85
1118.41
1118.43
1118.45
1118.75
1119.65
1119.70
1122.03
1122.05
1123.42
1124.01
1124.49
1125.92
1125.99
1126.79
1129.58
1129.86
1130.26
1130.80
1131.33
1132.07
1132.92
1133.89
1134.17
1134.33
1135.52
1136.70
1138.14
1138.17
1139.69
1139.85
1141.98
1142.08
1142.43
1143.28
1143.44
1143.73
1143.86
1144.25
1145.11
1145.26
1145.67
1146.06
1146.40
1146.48
1148.56
1148.98
1149.39
1150.55
1150.85
1151.12
1151.54
1151.84
1152.23
1153.23
1153.90
1154.34
1154.84
1155.41
1155.72
1156.06
1156.50
1156.51
1158.32
1158.32
1160.26
1162.08
1162.35
1162.75
1163.06
1163.35
1163.63
1165.02
1165.23
1165.33
1165.47
1166.47
1166.74
1166.78
1166.81
1167.22
1167.30
1167.68
1168.12
1168.15
1168.64
1169.01
1169.79
1170.22
1170.31
1171.40
1171.42
1171.47
1171.58
1172.27
1172.32
1172.53
1173.66
1173.89
1173.95
1173.99
1174.14
1174.57
1175.02
1175.21
1175.93
1176.05
1176.10
1176.78
1176.82
1177.66
1178.03
1178.33
1178.84
1179.02
1179.04
1179.21
1180.44
1180.59
1181.71
1181.81
1182.46
1182.85
1182.86
1182.89
1183.89
1184.10
1185.94
1185.95
1186.60
1186.81
1186.87
1188.04
1190.63
1192.58
1192.77
1194.23
1195.30
1196.44
1197.11
1197.18
1197.22
1197.44
1197.54
1199.06
1200.07
1200.46
1200.75
1201.93
1202.32
1202.67
1204.81
1205.45
1206.36
1206.46
1206.59
1206.79
1208.89
1208.97
1209.30
1209.42
1209.51
1209.56
1210.66
1214.29
1216.69
1216.78
1217.91
1218.27
1218.57
1219.06
1219.57
1220.86
1221.37
1221.78
1223.05
1223.24
1223.76
1224.04
1224.24
1224.81
1225.82
1226.19
1227.08
1227.17
1229.99
1230.08
1231.23
1232.39
1233.27
1233.30
1233.43
1233.72
1234.15
1234.96
1236.42
1237.55
1237.57
1237.92
1238.44
1238.94
1239.19
1239.60
1239.69
1240.33
1240.82
1240.95
1241.27
1241.49
1241.57
1242.34
1243.12
1244.08
1245.55
1247.95
1248.48
1248.49
1248.94
1248.95
1249.01
1249.62
1249.93
1250.02
1250.32
1250.41
1250.75
1250.94
1251.66
1252.06
1252.43
1252.53
1252.62
1252.81
1254.23
1254.79
1255.01
1255.39
1256.16
1256.62
1257.60
1257.74
1257.88
1258.50
1258.79
1259.21
1259.40
1259.72
1259.95
1260.93
1261.01
1261.15
1261.42
1261.73
1261.87
1262.23
1262.57
1263.13
1263.50
1263.78
1263.95
1265.78
1266.89
1267.29
1267.41
1267.77
1268.07
1270.10
1270.13
1270.20
1270.50
1271.12
1272.39
1273.28
1275.29
1276.94
1276.95
1278.67
1279.14
1279.45
1279.55
1279.77
1280.81
1281.27
1281.85
1282.24
1287.09
1287.79
1287.87
1288.15
1288.51
1289.31
1289.75
1290.02
1290.13
1290.24
1291.42
1292.32
1292.80
1292.93
1294.93
1295.78
1297.83
1297.97
1298.63
1300.05
1300.19
1300.85
1300.85
1303.91
1307.94
1308.28
1308.97
1309.01
1309.25
1309.54
1310.30
1311.81
1311.95
1312.93
1313.57
1314.79
1317.05
1317.67
1317.72
1317.88
1318.14
1318.27
1318.55
1319.25
1319.97
1321.75
1321.88
1322.88
1323.73
1326.29
1326.64
1327.00
1327.17
1328.19
1328.33
1328.71
1328.95
1329.25
1329.42
1329.64
1330.12
1330.20
1332.77
1332.85
1333.50
1335.49
1335.52
1335.58
1335.62
1335.81
1336.10
1336.38
1337.39
1338.94
1339.04
1339.59
1340.26
1342.88
1343.15
1343.20
1343.28
1343.39
1343.44
1343.55
1344.06
1344.48
1344.67
1345.20
1345.81
1346.23
1346.29
1346.90
1346.96
1347.31
1347.56
1348.02
1348.43
1349.18
1349.72
1350.15
1350.84
1353.17
1354.32
1354.46
1356.11
1356.71
1356.79
1357.89
1358.86
1359.76
1359.82
1360.09
1361.02
1361.18
1362.10
1363.28
1365.27
1366.42
1366.57
1366.88
1367.75
1369.01
1369.43
1369.92
1370.17
1372.42
1373.26
1373.63
1375.31
1375.69
1377.29
1377.63
1378.06
1378.50
1378.66
1378.90
1378.99
1380.15
1381.08
1381.27
1381.60
1382.71
1382.99
1384.00
1384.85
1384.85
1384.95
1385.93
1385.93
1386.56
1386.72
1388.78
1389.55
1389.68
1390.84
1391.37
1391.53
1391.58
1392.89
1393.22
1393.28
1394.05
1394.94
1398.52
1400.60
1400.69
1403.17
1403.39
1403.84
1405.82
1405.99
1407.98
1408.86
1409.81
1411.50
1412.39
1416.55
1416.91
1417.55
1417.58
1417.89
1421.88
1422.71
1422.74
1423.57
1424.10
1424.47
1424.59
1424.78
1425.21
1425.49
1425.56
1426.29
1428.33
1429.36
1430.82
1430.97
1431.48
1432.92
1433.16
1433.20
1433.36
1433.56
1433.96
1434.01
1434.75
1435.10
1435.47
1435.81
1436.96
1437.15
1437.55
1438.50
1438.55
1439.54
1439.79
1440.14
1440.49
1441.07
1441.69
1441.76
1442.51
1444.46
1445.93
1446.05
1446.16
1446.52
1446.74
1446.77
1447.88
1448.23
1449.64
1451.81
1452.15
1452.81
1453.30
1453.96
1456.21
1456.38
1457.14
1457.39
1457.65
1458.31
1461.61
1462.08
1463.81
1464.87
1466.57
1466.58
1468.11
1468.65
1468.98
1469.06
1469.71
1471.26
1472.44
1474.27
1478.12
1478.49
1480.18
1480.55
1481.56
1482.25
1482.76
1482.89
1483.21
1483.42
1483.50
1483.69
1483.90
1484.63
1484.87
1485.09
1485.12
1485.14
1486.31
1486.83
1487.62
1488.02
1488.50
1488.66
1490.85
1492.18
1492.32
1492.86
1493.66
1494.31
1494.49
1495.04
1496.27
1496.56
1497.95
1498.03
1498.91
1499.12
1500.66
1502.27
1503.49
1504.55
1504.60
1505.23
1505.46
1505.49
1506.75
1506.84
1507.02
1507.37
1508.98
1509.00
1509.73
1510.37
1510.71
1510.81
1511.22
1511.30
1512.68
1514.95
1515.28
1516.46
1516.95
1518.23
1518.28
1519.40
1519.60
1520.04
1520.42
1521.59
1525.07
1525.23
1525.27
1526.02
1526.09
1526.11
1527.21
1527.78
1527.99
1528.44
1529.00
1529.31
1529.73
1529.79
1529.93
1530.03
1530.37
1530.92
1531.52
1532.13
1533.24
1534.73
1537.78
1538.13
1538.26
1539.09
1539.47
1539.54
1542.61
1545.11
1545.40
1546.39
1547.93
1549.15
1549.27
1551.41
1552.34
1552.61
1552.96
1553.26
1554.15
1555.04
1555.53
1556.27
1556.58
1557.89
1561.79
1562.33
1562.79
1562.89
1563.90
1564.63
1565.46
1566.83
1567.15
1567.27
1568.22
1568.44
1568.48
1568.65
1568.82
1568.85
1569.53
1569.84
1570.16
1570.45
1570.67
1570.89
1571.04
1571.13
1572.44
1573.17
1573.53
1574.26
1574.51
1575.57
1580.11
1580.15
1580.49
1581.53
1584.13
1584.20
1585.85
1586.12
1586.60
1587.10
1588.68
1588.87
1589.16
1589.56
1589.73
1592.23
1592.90
1593.26
1593.59
1594.54
1595.02
1595.04
1595.69
1595.78
1595.81
1599.34
1599.38
1599.39
1600.85
1606.61
1608.12
1608.54
1608.78
1609.01
1609.50
1610.73
1611.57
1616.97
1618.89
1619.54
1621.15
1621.35
1622.75
1622.89
1624.37
1624.81
1626.07
1629.14
1629.45
1630.18
1630.32
1630.32
1630.35
1631.45
1631.85
1632.51
1633.67
1634.49
1634.86
1635.14
1635.41
1637.69
1638.01
1638.12
1638.81
1639.27
1640.53
1641.10
1642.02
1643.48
1643.49
1643.81
1647.89
1654.20
1654.32
1655.83
1656.81
1657.67
1658.59
1659.36
1661.34
1661.45
1661.91
1662.56
1663.33
1664.14
1664.83
1665.40
1665.91
1666.38
1666.90
1667.19
1667.89
1668.40
1670.40
1670.64
1671.71
1671.81
1672.18
1672.75
1673.28
1673.39
1675.09
1676.18
1676.20
1676.43
1677.96
1678.32
1679.34
1680.34
1680.37
1680.45
1680.72
1682.37
1683.39
1683.39
1684.21
1684.91
1685.14
1685.29
1685.31
1686.07
1687.55
1690.71
1691.03
1693.39
1694.30
1694.71
1695.13
1695.17
1695.55
1695.84
1696.74
1697.20
1698.01
1698.64
1698.93
1699.24
1699.43
1700.14
1703.57
1704.32
1705.23
1706.17
1706.87
1707.28
1707.35
1707.55
1709.74
1712.77
1713.09
1713.16
1713.38
1713.85
1714.00
1714.74
1714.90
1715.93
1717.37
1717.54
1718.14
1718.55
1718.73
1720.20
1720.50
1721.02
1721.13
1721.71
1723.09
1724.21
1726.35
1727.94
1730.34
1730.71
1731.07
1734.70
1734.95
1735.14
1735.25
1736.00
1736.15
1737.13
1737.18
1738.27
1739.29
1740.08
1740.46
1741.83
1741.98
1743.44
1744.00
1744.79
1745.36
1747.59
1747.99
1748.61
1749.52
1750.41
1751.19
1752.17
1753.52
1753.58
1753.67
1754.92
1756.39
1756.88
1759.12
1760.25
1762.50
1762.54
1762.71
1766.70
1766.85
1767.46
1768.17
1770.10
1770.14
1771.18
1774.00
1774.03
1774.53
1774.99
1775.45
1775.69
1776.09
1776.20
1776.45
1780.07
1783.64
1783.85
1785.07
1785.63
1786.96
1787.95
1788.24
1790.83
1791.74
1791.94
1792.69
1793.35
1793.51
1797.10
1797.55
1799.20
1800.08
1801.15
1801.56
1801.62
1801.73
1804.54
1806.11
1806.24
1807.18
1808.32
1808.75
1810.18
1810.72
1810.98
1811.94
1813.68
1816.45
1816.87
1816.97
1817.22
1817.52
1817.61
1818.13
1818.26
1820.47
1820.96
1821.63
1822.77
1824.00
1825.79
1827.79
1828.03
1828.98
1831.83
1833.65
1833.69
1835.36
1836.06
1837.27
1839.20
1839.57
1840.09
1842.06
1842.40
1842.52
1842.78
1842.78
1843.06
1847.55
1849.07
1850.35
1852.76
1853.08
1856.09
1856.75
1858.46
1859.02
1860.63
1861.46
1863.35
1863.96
1867.57
1867.81
1868.62
1868.74
1871.64
1872.65
1874.54
1876.20
1876.54
1879.00
1879.04
1879.12
1879.41
1880.49
1882.01
1882.89
1884.74
1885.23
1885.62
1887.23
1887.44
1888.81
1889.58
1889.58
1889.89
1890.87
1891.90
1892.41
1892.55
1892.57
1894.52
1895.21
1895.87
1896.28
1897.27
1902.10
1904.79
1905.47
1906.51
1906.55
1906.94
1907.31
1909.21
1911.07
1911.22
1914.69
1914.92
1916.85
1918.67
1919.80
1920.58
1921.44
1921.46
1921.96
1922.41
1922.75
1923.41
1923.56
1925.31
1926.06
1927.43
1928.06
1929.14
1929.29
1929.79
1933.18
1933.97
1935.42
1937.83
1939.19
1941.50
1941.60
1942.70
1946.21
1946.42
1946.97
1947.47
1948.09
1950.00
1950.09
1950.26
1952.03
1952.05
1952.24
1952.56
1953.43
1954.69
1955.26
1955.39
1957.32
1959.48
1960.29
1960.73
1960.79
1961.24
1965.47
1967.62
1967.68
1969.94
1970.45
1973.03
1973.86
1974.16
1976.09
1976.43
1977.03
1979.49
1979.83
1980.56
1982.32
1982.34
1983.84
1985.41
1985.69
1986.33
1986.53
1987.43
1988.74
1989.88
1990.55
1990.64
1992.94
1994.78
1995.10
1995.57
1996.83
1997.58
1997.73
1999.90
2000.76
2001.48
2002.19
2003.21
2004.47
2005.21
2005.31
2006.18
2007.20
2008.81
2009.01
2012.05
2013.49
2015.28
2015.76
2017.78
2018.79
2019.73
2020.47
2022.16
2025.66
2027.11
2027.98
2029.30
2029.50
2029.52
2030.79
2031.43
2031.74
2032.33
2032.93
2032.97
2034.25
2034.58
2035.04
2035.11
2036.25
2036.85
2038.35
2038.65
2040.00
2040.22
2041.10
2041.26
2043.82
2044.24
2045.35
2047.25
2050.91
2052.53
2053.00
2053.58
2055.06
2057.27
2058.29
2058.83
2060.03
2060.07
2060.21
2060.63
2061.88
2062.39
2062.46
2062.64
2063.71
2065.63
2068.54
2070.40
2072.91
2074.55
2074.61
2074.82
2076.86
2078.79
2079.94
2080.93
2081.56
2081.99
2082.08
2082.55
2092.72
2094.48
2095.53
2097.11
2097.36
2097.91
2098.75
2098.91
2099.57
2100.95
2104.25
2107.49
2107.62
2108.60
2108.74
2109.36
2110.96
2111.14
2111.48
2111.78
2112.26
2112.76
2112.85
2113.63
2113.99
2114.32
2115.99
2117.59
2118.00
2118.60
2118.78
2120.11
2122.93
2124.15
2124.98
2125.14
2126.66
2128.20
2128.89
2130.39
2130.41
2131.06
2133.09
2134.59
2135.84
2137.69
2138.45
2138.82
2138.98
2139.33
2139.49
2140.25
2140.42
2141.07
2144.54
2148.89
2151.77
2152.49
2152.89
2152.89
2153.01
2153.47
2154.78
2155.50
2155.76
2157.55
2157.58
2161.69
2161.83
2162.30
2163.49
2164.47
2164.80
2165.95
2167.54
2168.72
2169.00
2169.56
2171.21
2171.46
2171.77
2173.91
2174.71
2175.13
2176.26
2176.43
2177.93
2178.41
2179.87
2180.22
2180.41
2180.86
2181.07
2185.11
2185.87
2186.48
2186.48
2187.38
2188.87
2189.56
2189.89
2190.22
2195.37
2195.56
2196.94
2198.37
2198.46
2199.79
2199.91
2200.96
2203.22
2204.85
2207.93
2209.14
2210.03
2210.27
2211.37
2211.51
2211.99
2212.16
2212.78
2214.27
2214.84
2215.08
2215.37
2217.36
2218.03
2219.04
2222.71
2223.15
2223.20
2224.57
2224.74
2225.48
2226.35
2226.52
2227.60
2229.02
2229.75
2229.94
2231.63
2232.50
2232.57
2232.91
2233.56
2233.76
2234.17
2235.69
2236.20
2237.14
2237.34
2238.91
2239.25
2239.88
2242.91
2244.95
2247.67
2248.60
2248.91
2249.25
2250.15
2251.42
2251.86
2255.35
2255.47
2255.66
2256.15
2256.44
2259.25
2259.62
2260.45
2260.62
2261.82
2262.31
2262.48
2263.68
2264.64
2266.13
2266.43
2267.90
2268.49
2277.14
2277.34
2277.79
2278.75
2279.91
2283.02
2285.49
2285.54
2287.24
2288.31
2290.19
2290.88
2294.18
2296.17
2297.66
2298.23
2298.76
2300.62
2301.44
2301.64
2303.44
2304.81
2304.93
2306.93
2307.60
2307.70
2308.50
2308.73
2310.08
2312.05
2313.00
2313.28
2314.60
2314.68
2316.31
2320.77
2321.98
2323.46
2325.95
2327.46
2328.70
2329.43
2330.94
2330.96
2331.01
2332.23
2332.40
2333.18
2334.80
2335.66
2337.15
2337.38
2337.73
2338.62
2339.53
2339.58
2339.71
2343.66
2344.07
2344.47
2346.30
2346.43
2347.21
2352.30
2353.77
2356.42
2356.81
2357.80
2358.13
2360.07
2362.50
2365.21
2365.26
2367.39
2368.03
2368.46
2370.87
2371.44
2372.80
2373.75
2374.49
2378.99
2379.64
2380.23
2380.51
2381.83
2382.26
2382.68
2384.59
2385.36
2385.54
2387.66
2388.98
2390.53
2393.43
2394.88
2396.33
2396.74
2402.56
2408.15
2408.47
2409.07
2409.27
2409.33
2414.99
2416.32
2416.40
2416.64
2417.26
2417.40
2418.99
2419.54
2419.86
2422.58
2424.78
2424.81
2425.15
2425.57
2427.17
2429.90
2430.19
2432.24
2433.32
2433.40
2436.09
2437.57
2440.60
2441.10
2441.24
2441.66
2441.68
2442.85
2445.23
2447.79
2449.33
2450.29
2451.24
2451.51
2451.69
2451.77
2452.01
2454.42
2454.64
2455.01
2456.60
2456.76
2457.85
2458.38
2458.65
2458.73
2458.78
2459.13
2462.48
2464.00
2464.03
2465.98
2466.06
2466.24
2466.27
2467.66
2471.53
2473.57
2474.53
2475.04
2477.29
2478.15
2478.55
2478.82
2478.90
2481.31
2482.39
2484.00
2484.11
2488.01
2494.61
2494.91
2496.26
2498.34
2498.91
2498.99
2505.40
2506.30
2507.63
2509.17
2509.85
2510.29
2510.53
2512.43
2512.54
2512.87
2515.67
2516.60
2519.10
2520.55
2520.99
2520.99
2524.18
2524.48
2524.53
2528.63
2529.65
2529.70
2529.76
2530.71
2530.85
2531.37
2533.59
2534.33
2534.50
2534.63
2534.99
2535.87
2535.89
2536.55
2536.61
2537.90
2537.95
2538.39
2538.69
2543.51
2546.81
2550.04
2550.70
2552.13
2552.66
2555.89
2556.64
2556.70
2557.77
2559.13
2561.60
2561.73
2566.92
2571.65
2574.77
2574.88
2576.44
2577.19
2578.61
2579.31
2580.90
2581.15
2581.91
2582.44
2583.03
2584.56
2589.07
2590.56
2590.61
2591.56
2591.90
2593.36
2593.89
2595.04
2595.21
2599.29
2602.04
2602.78
2604.64
2605.23
2607.77
2609.69
2610.42
2615.17
2618.91
2621.00
2625.72
2625.94
2627.85
2628.84
2633.77
2634.77
2634.82
2636.76
2638.13
2638.59
2640.45
2641.73
2642.56
2643.39
2645.08
2646.65
2649.23
2649.52
2660.12
2660.66
2664.87
2665.91
2666.63
2666.66
2666.77
2666.80
2669.63
2671.37
2673.10
2673.59
2674.17
2674.29
2675.53
2676.43
2676.66
2676.78
2679.50
2679.62
2681.15
2683.24
2683.30
2688.76
2690.16
2691.00
2693.10
2693.77
2696.51
2697.77
2699.05
2700.69
2702.09
2703.90
2705.34
2706.63
2711.35
2711.40
2711.46
2712.46
2712.70
2713.55
2713.58
2718.25
2720.07
2722.93
2726.41
2727.15
2728.27
2729.33
2730.22
2731.60
2733.91
2735.09
2738.56
2741.46
2741.55
2742.30
2742.98
2743.19
2743.93
2746.48
2749.51
2749.69
2751.63
2752.22
2752.55
2752.97
2753.21
2753.56
2755.53
2757.14
2757.41
2761.83
2762.25
2765.03
2765.42
2766.37
2767.06
2767.09
2767.48
2767.84
2770.18
2770.48
2771.02
2771.11
2773.54
2777.95
2778.97
2779.34
2785.05
2785.08
2785.24
2786.50
2787.13
2787.47
2787.50
2787.62
2787.71
2788.13
2792.48
2796.77
2798.01
2798.34
2799.10
2802.92
2803.31
2806.14
2807.14
2807.96
2810.94
2812.49
2813.10
2814.86
2815.57
2816.81
2816.91
2818.92
2820.54
2821.24
2830.10
2830.10
2830.41
2831.08
2832.16
2832.28
2833.29
2835.04
2835.13
2835.50
2836.54
2837.06
2838.08
2842.59
2843.18
2843.36
2845.30
2845.64
2849.21
2851.87
2855.76
2856.96
2863.93
2863.93
2863.93
2863.96
2864.11
2864.17
2867.37
2867.89
2871.53
2874.64
2874.79
2875.73
2876.22
2876.32
2877.87
2880.86
2881.21
2881.77
2881.99
2882.05
2882.67
2883.67
2884.48
2884.48
2885.92
2893.64
2894.17
2894.71
2894.83
2895.43
2901.01
2904.62
2905.06
2906.47
2907.32
2909.53
2910.82
2912.49
2914.22
2915.29
2918.04
2919.40
2920.63
2923.66
2924.04
2926.07
2926.89
2928.44
2928.73
2930.03
2930.73
2931.39
2931.65
2932.09
2935.58
2936.25
2936.60
2939.46
2940.06
2942.42
2944.49
2944.81
2945.54
2945.73
2946.31
2951.57
2952.88
2954.06
2954.38
2954.80
2954.80
2958.54
2958.80
2959.69
2960.01
2965.40
2967.84
2968.06
2968.70
2968.93
2971.34
2972.98
2975.10
2975.20
2975.78
2976.75
2976.78
2979.87
2981.32
2981.94
2982.42
2983.23
2986.20
2986.65
2987.33
2988.17
2988.46
2989.85
2990.50
2998.60
2999.93
3001.26
3005.16
3005.29
3006.33
3006.56
3006.88
3008.64
3008.93
3012.16
3014.86
3017.12
3018.45
3019.17
3027.25
3027.58
3028.50
3029.68
3030.73
3031.74
3033.15
3035.42
3036.17
3036.83
3036.90
3039.17
3041.63
3041.63
3045.55
3050.47
3052.12
3052.61
3053.11
3053.27
3054.89
3055.19
3058.43
3060.18
3060.32
3060.71
3061.84
3064.29
3065.82
3066.68
3066.91
3067.98
3069.97
3070.53
3071.53
3074.62
3074.99
3075.02
3075.15
3078.25
3078.88
3081.78
3083.05
3083.65
3083.65
3084.52
3086.65
3089.26
3091.03
3092.04
3092.27
3092.81
3092.97
3094.81
3095.32
3096.49
3096.69
3100.08
3101.32
3102.79
3103.60
3104.57
3105.18
3107.90
3109.21
3109.95
3111.00
3116.32
3117.50
3119.73
3121.41
3121.68
3122.46
3123.04
3124.05
3124.29
3124.90
3125.03
3130.78
3132.34
3132.95
3133.29
3137.97
3138.92
3139.40
3140.01
3140.01
3141.91
3142.83
3144.77
3147.87
3150.73
3154.45
3154.62
3156.46
3159.95
3160.56
3163.13
3165.08
3167.38
3169.09
3169.67
3172.62
3173.35
3174.51
3175.89
3176.06
3177.57
3178.74
3179.53
3180.39
3180.98
3181.08
3183.39
3185.21
3186.39
3188.11
3189.63
3190.63
3194.12
3194.36
3195.57
3196.40
3197.61
3200.24
3203.22
3204.85
3206.13
3208.11
3208.28
3208.77
3208.77
3210.47
3213.49
3214.57
3215.69
3216.17
3217.01
3222.86
3226.98
3228.72
3229.39
3230.61
3231.63
3231.77
3233.51
3233.76
3234.35
3237.40
3238.66
3240.52
3241.12
3241.50
3242.31
3243.36
3244.62
3245.71
3247.47
3248.21
3248.49
3248.59
3250.84
3251.62
3253.80
3255.63
3255.91
3256.58
3258.03
3258.73
3258.94
3259.54
3261.06
3261.70
3262.44
3264.38
3264.84
3265.79
3266.53
3267.95
3270.74
3271.56
3271.80
3274.92
3275.06
3276.09
3277.58
3280.38
3281.02
3283.47
3283.61
3288.41
3288.91
3289.23
3289.98
3294.32
3295.79
3296.04
3296.68
3299.46
3301.50
3304.57
3305.00
3306.72
3307.75
3307.86
3308.76
3309.04
3309.19
3309.69
3310.08
3310.44
3311.84
3312.88
3313.06
3313.27
3313.41
3313.70
3314.38
3314.45
3315.17
3318.69
3319.01
3319.51
3320.12
3320.20
3321.63
3322.35
3323.47
3324.37
3325.09
3325.12
3328.58
3330.16
3330.81
3331.28
3336.62
3341.93
3344.86
3347.65
3348.99
3349.24
3349.60
3350.18
3356.06
3356.35
3357.04
3357.66
3359.22
3362.57
3365.92
3369.49
3369.82
3372.15
3375.25
3377.66
3381.76
3381.80
3382.05
3384.65
3385.42
3385.90
3386.30
3386.34
3387.62
3390.59
3390.88
3393.05
3394.41
3399.77
3404.01
3404.12
3404.56
3404.63
3405.33
3406.66
3409.72
3411.34
3413.89
3419.40
3419.69
3419.77
3421.66
3424.21
3426.66
3428.10
3428.62
3431.70
3431.89
3433.11
3436.50
3438.02
3443.42
3444.31
3446.10
3447.52
3452.41
3452.41
3455.44
3458.84
3459.36
3465.25
3465.36
3466.18
3466.26
3466.63
3467.16
3467.87
3468.96
3469.15
3469.49
3476.32
3479.82
3482.99
3487.82
3488.65
3488.87
3488.99
3490.23
3491.44
3493.22
3495.03
3496.20
3497.79
3497.98
3498.17
3499.38
3500.93
3501.58
3502.22
3504.00
3509.09
3512.20
3512.58
3514.37
3514.52
3514.86
3515.78
3523.20
3526.02
3527.05
3529.15
3530.30
3530.99
3535.80
3536.19
3537.11
3538.10
3539.29
3539.94
3540.55
3541.62
3541.89
3542.01
3544.65
3544.92
3545.92
3546.26
3547.07
3550.45
3552.95
3553.18
3553.45
3555.83
3556.64
3557.91
3562.42
3562.53
3562.69
3564.11
3564.42
3566.04
3569.67
3570.56
3576.59
3577.05
3578.60
3580.23
3580.31
3580.89
3581.97
3582.44
3583.72
3583.87
3587.48
3588.30
3592.53
3593.58
3594.20
3594.24
3595.21
3596.69
3598.17
3598.68
3598.83
3599.61
3600.35
3603.70
3605.50
3608.66
3610.46
3612.88
3614.05
3614.95
3616.59
3617.85
3618.86
3620.55
3624.23
3625.21
3626.19
3628.47
3629.61
3631.22
3631.45
3632.52
3632.79
3633.85
3633.85
3633.89
3635.54
3637.71
3643.93
3646.34
3646.65
3648.82
3650.68
3658.47
3658.51
3663.26
3664.81
3670.36
3670.88
3671.28
3675.73
3678.51
3678.91
3680.86
3680.94
3681.10
3684.25
3686.28
3687.84
3691.79
3692.27
3693.71
3694.27
3698.07
3698.83
3701.95
3702.67
3703.87
3704.60
3705.12
3710.01
3711.74
3714.07
3719.90
3722.36
3724.37
3727.59
3728.56
3728.60
3730.22
3733.93
3735.06
3738.10
3738.34
3738.74
3739.79
3740.32
3744.41
3750.21
3750.41
3753.37
3756.22
3763.05
3763.66
3769.61
3776.88
3778.60
3780.56
3781.83
3782.03
3782.20
3782.97
3783.26
3785.35
3787.48
3788.01
3790.23
3791.33
3795.31
3795.31
3802.26
3803.25
3805.43
3805.47
3806.54
3806.66
3808.40
3808.97
3809.05
3812.72
3812.81
3817.39
3820.45
3821.89
3822.64
3826.98
3827.31
3834.24
3835.19
3840.17
3840.67
3841.34
3842.42
3849.37
3850.12
3852.24
3854.58
3855.79
3860.59
3860.75
3865.56
3869.54
3869.87
3871.25
3871.38
3873.47
3877.00
3877.50
3877.88
3883.00
3884.09
3886.70
3886.99
3887.92
3890.02
3894.65
3895.12
3896.42
3896.55
3900.73
3901.49
3901.95
3908.04
3909.47
3910.49
3910.95
3914.51
3917.65
3919.72
3922.91
3923.20
3924.01
3924.52
3928.34
3930.47
3933.28
3937.58
3943.46
3943.63
3943.76
3945.64
3950.12
3951.02
3951.66
3952.34
3954.78
3963.61
3965.88
3965.97
3966.31
3967.21
3967.77
3968.16
3969.44
3970.82
3971.81
3972.75
3974.64
3975.16
3977.87
3984.07
3984.07
3984.25
3984.25
3986.40
3987.18
3990.07
3991.24
3992.27
3992.70
3995.30
3996.20
3997.89
3999.49
4000.36
4000.44
4000.44
4001.83
4003.09
4005.34
4005.64
4006.47
4008.85
4010.06
4011.67
4013.97
4014.45
4014.71
4015.41
4021.19
4022.49
4023.84
4024.19
4027.85
4030.81
4031.16
4031.73
4034.70
4035.88
4037.49
4038.72
4039.68
4040.64
4041.21
4042.39
4043.53
4044.49
4045.36
4047.77
4050.71
4052.72
4052.72
4055.93
4057.20
4058.69
4061.85
4064.05
4065.28
4066.08
4069.02
4070.26
4074.22
4074.93
4076.82
4077.13
4083.14
4083.49
4084.24
4085.44
4086.54
4089.24
4089.68
4093.27
4093.62
4094.64
4097.08
4097.08
4098.32
4100.18
4100.54
4100.98
4101.20
4102.09
4102.13
4103.02
4103.47
4103.78
4106.84
4109.42
4110.44
4110.53
4113.11
4120.86
4123.90
4125.37
4125.46
4129.39
4133.46
4134.62
4136.23
4140.17
4141.42
4143.31
4145.19
4146.58
4148.20
4148.78
4149.23
4155.25
4155.34
4157.27
4157.95
4160.78
4162.45
4168.08
4169.34
4169.61
4171.42
4172.14
4172.32
4175.84
4176.79
4176.79
4177.38
4177.92
4179.19
4179.42
4182.27
4183.80
4186.34
4186.34
4186.48
4191.46
4191.51
4192.91
4193.09
4195.95
4197.50
4199.59
4200.81
4200.91
4201.00
4202.27
4205.09
4206.41
4206.41
4207.73
4208.14
4209.87
4209.91
4210.96
4211.96
4212.74
4213.79
4214.02
4216.62
4218.85
4221.27
4221.96
4222.46
4222.51
4223.88
4223.97
4224.42
4225.48
4229.23
4231.24
4234.58
4236.83
4237.33
4242.75
4245.78
4245.92
4252.54
4253.36
4257.00
4261.43
4264.33
4267.10
4267.93
4271.12
4271.58
4276.11
4276.48
4277.73
4278.57
4279.58
4281.95
4287.23
4292.80
4292.99
4293.54
4294.89
4297.26
4297.45
4303.45
4308.25
4308.34
4313.61
4313.80
4315.25
4317.44
4319.41
4320.01
4321.60
4321.60
4325.06
4327.54
4331.90
4336.03
4344.01
4344.20
4348.34
4351.11
4351.25
4357.00
4358.75
4363.80
4364.36
4366.35
4366.96
4368.38
4368.47
4369.75
4371.74
4374.76
4377.42
4380.40
4380.73
4383.06
4383.10
4383.24
4385.71
4393.22
4395.74
4397.07
4399.92
4401.21
4408.55
4408.64
4410.60
4412.65
4413.08
4420.78
4424.51
4428.82
4430.50
4431.17
4432.08
4432.17
4434.48
4434.62
4435.63
4436.88
4436.88
4437.55
4439.47
4439.76
4439.90
4440.00
4442.11
4443.75
4445.77
4452.75
4453.04
4457.23
4458.05
4458.53
4460.80
4462.44
4463.50
4471.62
4471.62
4473.37
4474.43
4475.01
4480.00
4481.17
4482.43
4482.48
4483.54
4486.99
4490.63
4490.97
4492.09
4492.53
4496.95
4499.34
4500.94
4501.04
4503.62
4504.35
4509.57
4510.99
4512.99
4513.77
4515.43
4515.87
4519.88
4524.87
4526.00
4529.96
4534.82
4536.24
4537.52
4537.76
4538.89
4540.02
4545.13
4546.51
4550.79
4552.61
4565.05
4567.32
4569.79
4570.04
4578.55
4586.48
4586.68
4591.75
4594.28
4597.91
4598.31
4599.35
4600.05
4604.38
4604.93
4605.13
4606.23
4607.37
4607.92
4608.77
4612.46
4618.85
4618.95
4619.85
4621.45
4622.20
4624.55
4628.21
4630.81
4632.11
4636.03
4644.41
4644.56
4649.34
4653.06
4656.08
4658.25
4662.99
4663.04
4666.93
4667.94
4668.64
4669.15
4674.10
4674.66
4677.54
4678.10
4680.38
4681.04
4681.64
4684.99
4687.37
4687.93
4688.44
4691.13
4691.68
4692.45
4693.11
4697.22
4698.95
4703.02
4705.92
4709.08
4710.71
4712.75
4714.94
4715.25
4718.00
4719.38
4719.43
4720.91
4721.73
4722.55
4722.85
4724.44
4724.69
4728.84
4732.16
4733.03
4733.44
4735.08
4738.21
4738.57
4741.34
4741.54
4741.95
4747.55
4747.96
4748.68
4750.99
4753.61
4754.28
4754.44
4756.39
4763.09
4766.90
4767.06
4767.37
4770.82
4772.01
4772.11
4773.10
4775.27
4776.35
4778.21
4781.78
4785.61
4788.46
4792.71
4796.44
4796.44
4799.20
4799.66
4801.53
4804.39
4804.81
4806.05
4806.57
4818.34
4820.01
4821.42
4822.67
4823.98
4825.54
4825.65
4833.01
4838.04
4838.30
4839.87
4840.08
4840.08
4848.25
4850.09
4852.82
4854.87
4855.08
4856.81
4859.39
4863.70
4865.70
4872.97
4876.82
4877.19
4878.51
4879.09
4879.57
4880.47
4884.59
4889.61
4893.21
4895.01
4896.70
4902.43
4908.59
4909.81
4910.76
4910.82
4917.84
4917.89
4921.56
4923.59
4924.49
4926.09
4926.52
4927.37
4928.76
4935.16
4944.78
4946.49
4946.92
4959.68
4960.70
4964.67
4971.33
4973.22
4981.46
4982.27
4984.91
4987.12
4988.25
4991.55
4992.19
4994.68
4995.44
4998.19
4998.19
4998.36
4999.11
5008.48
5010.92
5013.41
5013.90
5015.58
5015.80
5016.18
5018.62
5020.25
5027.59
5029.82
5035.16
5041.70
5044.10
5047.05
5047.16
5047.54
5047.59
5048.14
5050.27
5053.82
5056.45
5057.32
5061.92
5067.13
5070.31
5077.61
5078.71
5080.74
5081.02
5083.60
5091.03
5096.05
5100.96
5100.96
5105.43
5107.48
5108.53
5108.86
5113.83
5116.99
5118.04
5118.54
5124.97
5125.74
5128.63
5131.79
5132.07
5133.01
5139.46
5139.46
5141.91
5143.69
5146.19
5148.37
5151.49
5154.27
5154.66
5156.62
5160.97
5170.92
5171.98
5173.55
5175.06
5175.45
5175.62
5176.57
5178.65
5183.64
5184.31
5187.62
5193.63
5195.60
5200.94
5201.05
5201.39
5204.32
5204.65
5209.39
5209.95
5214.86
5215.14
5215.31
5215.76
5217.90
5226.66
5226.72
5234.25
5234.81
5236.85
5242.69
5251.60
5251.60
5251.78
5252.40
5263.55
5266.40
5267.31
5267.54
5268.11
5268.45
5268.96
5272.96
5273.01
5274.27
5279.46
5280.49
5281.69
5283.58
5287.87
5288.15
5290.96
5291.82
5291.93
5292.79
5295.65
5296.06
5299.32
5301.22
5308.05
5308.68
5312.99
5315.00
5319.20
5319.43
5320.87
5325.53
5326.57
5327.44
5327.78
5332.63
5335.63
5336.15
5336.26
5336.26
5336.72
5339.90
5343.25
5343.48
5343.54
5347.30
5348.57
5355.52
5355.99
5359.81
5360.86
5362.71
5363.87
5365.85
5369.51
5372.12
5374.50
5377.41
5378.17
5387.14
5388.54
5391.39
5392.68
5393.32
5402.61
5403.07
5404.07
5404.13
5404.18
5406.52
5406.76
5407.11
5411.44
5414.72
5415.66
5421.58
5425.45
5425.98
5429.33
5435.15
5435.26
5437.21
5439.15
5447.98
5450.87
5454.41
5455.06
5464.10
5464.57
5466.58
5469.18
5470.13
5471.43
5471.49
5471.61
5474.22
5478.60
5495.22
5501.29
5503.44
5506.29
5509.51
5511.00
5516.13
5516.79
5516.97
5521.21
5522.22
5526.47
5529.04
5530.00
5533.17
5533.59
5535.92
5537.00
5539.58
5540.54
5540.60
5546.72
5548.82
5550.32
5552.78
5552.90
5553.80
5554.46
5559.81
5560.96
5564.75
5567.10
5573.06
5574.69
5578.68
5578.86
5578.92
5583.26
5584.29
5594.63
5594.94
5596.51
5597.54
5598.02
5601.48
5605.48
5606.33
5611.00
5616.22
5619.08
5623.03
5628.57
5630.04
5631.31
5635.22
5636.98
5639.61
5648.16
5648.77
5652.25
5652.92
5653.90
5658.43
5659.53
5660.33
5667.93
5671.00
5674.00
5682.54
5684.08
5685.07
5690.17
5697.13
5698.06
5698.74
5703.12
5707.99
5709.35
5715.10
5716.15
5717.51
5723.64
5724.94
5728.35
5729.15
5729.71
5731.39
5734.67
5736.60
5738.46
5738.90
5742.37
5742.50
5743.93
5749.96
5754.19
5759.30
5761.04
5763.29
5764.22
5774.65
5776.33
5776.40
5783.59
5786.28
5796.62
5796.87
5800.01
5802.83
5803.71
5804.65
5812.57
5813.58
5814.77
5815.47
5815.91
5816.54
5816.72
5817.17
5819.49
5821.57
5822.90
5828.76
5829.51
5836.96
5837.03
5837.78
5838.04
5838.48
5839.05
5840.12
5842.21
5843.66
5844.48
5856.57
5862.28
5865.26
5869.45
5871.80
5877.33
5884.01
5885.73
5885.79
5894.59
5895.80
5899.25
5899.57
5899.82
5902.31
5913.88
5914.46
5916.38
5917.21
5918.17
5931.83
5932.40
5932.98
5934.71
5935.29
5936.06
5936.58
5939.02
5939.21
5942.30
5944.42
5945.19
5946.86
5953.56
5957.42
5963.10
5963.42
5964.71
5966.26
5975.95
5984.17
5985.46
5986.57
5988.90
5989.55
5992.85
5993.76
5994.93
6000.31
6006.03
6006.29
6009.99
6012.27
6021.97
6026.99
6027.71
6028.03
6032.08
6035.80
6038.28
6040.57
6042.79
6043.51
6044.36
6050.38
6051.17
6055.75
6056.73
6059.82
6061.39
6063.36
6064.34
6064.73
6067.43
6068.02
6071.30
6075.90
6077.48
6079.39
6079.91
6085.24
6091.63
6093.08
6096.64
6097.77
6099.28
6100.07
6102.58
6102.91
6110.91
6111.17
6117.06
6117.19
6120.37
6120.64
6122.29
6123.22
6132.50
6136.28
6138.94
6142.93
6143.19
6144.19
6147.85
6149.11
6152.77
6152.91
6160.30
6162.83
6166.10
6167.97
6174.38
6186.62
6192.31
6195.12
6208.81
6209.69
6210.96
6211.97
6217.35
6222.06
6223.95
6226.30
6228.80
6235.88
6237.56
6242.90
6243.44
6245.47
6245.74
6249.93
6250.47
6251.08
6251.08
6253.72
6273.23
6281.86
6282.95
6285.05
6285.67
6289.34
6293.42
6293.76
6296.28
6299.21
6304.12
6306.44
6307.47
6308.83
6312.52
6313.34
6316.41
6318.94
6323.46
6324.14
6324.62
6331.60
6335.65
6335.85
6338.18
6340.86
6343.74
6349.10
6350.40
6351.50
6354.87
6367.81
6368.22
6369.46
6377.32
6386.99
6394.25
6400.27
6406.86
6408.04
6414.42
6417.82
6420.67
6421.29
6422.13
6423.86
6437.57
6439.17
6447.75
6453.26
6453.89
6455.57
6458.01
6459.83
6460.18
6462.41
6462.76
6466.26
6474.45
6475.22
6480.76
6483.42
6483.99
6486.72
6493.53
6498.95
6499.58
6500.35
6501.83
6502.60
6505.70
6508.45
6519.16
6527.20
6530.10
6532.93
6534.20
6534.20
6551.26
6552.32
6557.15
6558.71
6560.62
6564.96
6568.37
6568.58
6569.72
6577.90
6582.17
6585.80
6586.58
6587.72
6592.22
6592.72
6596.00
6598.78
6613.08
6616.73
6625.47
6626.04
6628.12
6632.50
6634.15
6636.59
6636.88
6640.61
6643.27
6643.48
6644.63
6648.81
6654.42
6654.71
6658.09
6665.16
6667.32
6667.39
6670.86
6672.80
6679.02
6681.55
6682.78
6683.14
6689.50
6694.72
6695.44
6696.09
6696.31
6697.76
6698.19
6701.46
6701.53
6701.75
6703.56
6703.78
6713.72
6713.94
6714.67
6716.85
6721.43
6729.72
6734.53
6735.19
6740.43
6755.26
6759.20
6761.10
6761.40
6763.89
6768.79
6772.75
6774.29
6777.88
6778.24
6782.79
6786.76
6793.30
6801.83
6815.38
6816.49
6819.14
6821.51
6825.34
6827.78
6833.77
6842.65
6846.20
6851.24
6852.87
6857.99
6862.89
6868.31
6868.83
6870.99
6873.22
6873.29
6873.44
6876.34
6876.86
6882.97
6883.12
6888.55
6893.85
6894.07
6896.91
6897.06
6901.39
6915.96
6918.21
6920.30
6923.97
6932.67
6936.35
6942.20
6945.58
6960.78
6966.66
6977.07
6978.73
6980.16
6982.05
6982.43
6992.11
6996.80
6996.87
6997.48
7001.87
7006.34
7007.86
7008.24
7009.07
7018.71
7018.94
7021.75
7029.50
7033.00
7044.88
7046.64
7053.88
7059.46
7062.51
7068.25
7068.48
7069.85
7075.82
7084.09
7095.60
7102.97
7104.82
7109.36
7109.43
7109.66
7116.36
7124.53
7138.72
7151.56
7158.99
7162.17
7162.63
7166.35
7172.40
7174.27
7175.51
7179.00
7187.01
7188.95
7192.30
7196.11
7196.81
7202.26
7203.75
7209.28
7212.64
7215.45
7224.51
7227.40
7232.33
7232.80
7239.84
7240.71
7243.06
7245.80
7247.76
7250.74
7257.49
7257.96
7266.92
7267.00
7267.23
7278.88
7280.38
7281.01
7283.06
7285.89
7288.34
7293.47
7300.97
7302.15
7302.31
7303.89
7305.31
7305.94
7310.06
7325.65
7333.27
7333.98
7339.78
7339.94
7342.72
7351.14
7355.36
7357.67
7369.46
7372.09
7383.19
7388.78
7391.10
7392.70
7392.86
7396.78
7398.62
7399.42
7400.38
7404.79
7407.83
7410.32
7421.15
7439.72
7444.39
7444.55
7444.71
7445.44
7445.60
7446.89
7451.97
7452.61
7458.74
7458.90
7466.25
7477.97
7481.13
7482.83
7483.15
7487.36
7489.15
7489.71
7491.09
7496.61
7500.99
7511.38
7516.18
7537.60
7538.82
7542.00
7542.98
7548.62
7550.17
7550.17
7552.54
7556.30
7557.03
7557.11
7560.39
7566.20
7572.99
7573.65
7575.62
7576.11
7597.45
7602.22
7603.37
7604.03
7613.17
7616.13
7621.33
7622.56
7629.33
7639.57
7644.29
7645.77
7646.85
7660.85
7661.67
7667.73
7673.45
7673.45
7686.75
7688.08
7688.75
7691.49
7695.74
7696.07
7701.24
7704.74
7704.99
7708.40
7710.24
7716.75
7721.18
7728.03
7732.38
7747.62
7757.35
7760.96
7762.14
7769.03
7770.20
7770.62
7772.22
7779.20
7780.47
7782.07
7783.92
7785.18
7790.49
7793.10
7804.75
7809.14
7829.11
7832.83
7840.13
7842.33
7844.62
7844.71
7850.14
7854.48
7857.20
7858.56
7863.83
7864.17
7866.55
7868.43
7879.84
7882.49
7884.87
7886.75
7887.52
7893.92
7900.50
7900.59
7901.19
7906.15
7907.43
7908.63
7912.22
7914.28
7914.96
7916.16
7927.39
7927.82
7931.08
7941.98
7952.90
7955.49
7969.36
7985.41
7985.58
7986.45
7993.36
7998.47
7998.73
8002.10
8002.36
8006.87
8007.39
8009.55
8014.49
8017.36
8020.22
8021.95
8027.16
8029.94
8038.38
8038.55
8042.46
8052.74
8057.45
8061.63
8064.86
8065.64
8065.82
8074.38
8078.48
8082.50
8098.44
8099.93
8100.01
8102.29
8104.84
8109.22
8110.63
8120.81
8121.16
8122.22
8125.29
8130.48
8140.52
8148.89
8154.00
8172.38
8175.38
8177.51
8182.55
8189.81
8199.74
8237.27
8237.89
8249.22
8250.47
8251.01
8253.60
8262.44
8265.93
8271.30
8273.80
8276.49
8277.83
8283.39
8283.66
8291.46
8296.12
8297.92
8300.16
8306.63
8308.16
8314.99
8316.70
8320.75
8329.94
8330.39
8333.64
8333.82
8336.43
8338.60
8344.29
8346.54
8350.16
8354.13
8356.48
8359.83
8365.80
8371.32
8372.32
8373.95
8375.40
8379.39
8379.84
8381.66
8383.47
8383.83
8387.01
8392.91
8393.00
8415.37
8432.50
8439.71
8439.81
8441.36
8448.21
8464.50
8481.46
8487.98
8493.12
8497.99
8499.10
8499.74
8514.28
8516.68
8522.02
8530.79
8543.17
8548.99
8553.80
8557.13
8557.60
8559.63
8559.91
8561.86
8562.23
8564.92
8565.38
8575.21
8586.16
8593.60
8593.78
8602.44
8618.18
8619.21
8626.20
8640.68
8647.32
8656.96
8667.18
8667.84
8668.87
8680.88
8682.29
8684.08
8686.33
8686.80
8693.10
8730.14
8732.51
8737.89
8741.49
8742.81
8744.70
8749.15
8749.81
8762.32
8764.97
8765.16
8769.81
8771.05
8777.69
8778.36
8782.44
8792.23
8802.04
8802.32
8804.04
8805.47
8806.71
8816.43
8820.63
8821.68
8821.77
8841.36
8842.51
8867.33
8873.56
8874.33
8878.75
8881.25
8887.40
8893.36
8903.57
8907.91
8913.21
8915.23
8931.16
8935.22
8943.35
8945.77
8946.35
8948.87
8952.35
8958.94
8966.80
8967.48
8970.39
8973.10
8985.25
8993.22
8998.19
9003.45
9008.90
9011.15
9013.10
9018.75
9033.40
9033.99
9040.05
9052.29
9054.93
9055.81
9061.79
9064.05
9066.01
9069.34
9070.52
9071.11
9073.27
9092.43
9097.35
9104.94
9118.25
9124.07
9129.20
9129.80
9130.59
9135.13
9137.41
9138.10
9141.76
9154.62
9156.31
9156.61
9165.33
9167.21
9170.39
9173.36
9173.46
9183.99
9191.45
9193.93
9208.07
9212.65
9219.03
9226.12
9245.51
9251.61
9256.62
9258.22
9266.04
9273.36
9274.16
9281.49
9284.20
9286.81
9294.65
9295.66
9300.59
9307.53
9315.80
9316.60
9318.22
9320.84
9322.85
9324.97
9330.12
9333.15
9338.40
9339.51
9344.57
9345.98
9359.04
9364.40
9371.30
9371.50
9371.60
9373.93
9390.48
9391.19
9393.73
9401.87
9416.22
9423.87
9425.60
9432.33
9433.35
9435.19
9435.29
9451.64
9462.28
9465.15
9465.76
9468.94
9478.68
9488.42
9490.68
9504.56
9505.58
9506.41
9511.55
9512.48
9519.07
9531.64
9533.29
9539.69
9545.26
9556.94
9560.87
9565.01
9565.63
9580.96
9582.31
9584.69
9586.87
9596.32
9597.25
9612.11
9613.78
9617.83
9619.60
9619.91
9623.45
9625.12
9630.75
9636.37
9649.73
9652.86
9657.25
9658.82
9665.61
9672.62
9674.30
9674.71
9690.85
9692.95
9695.88
9699.66
9699.87
9703.44
9704.17
9712.68
9717.10
9723.09
9746.90
9748.69
9749.64
9753.33
9756.92
9774.78
9808.79
9812.50
9820.79
9821.42
9826.63
9838.76
9841.85
9846.96
9849.94
9861.46
9867.01
9869.04
9869.15
9871.17
9871.39
9875.02
9885.50
9893.09
9893.95
9901.77
9918.92
9931.60
9952.47
9969.60
9970.03
9979.31
9987.20
9987.63
9995.20
10002.45
10010.78
10014.36
10017.94
10018.26
10021.08
10022.27
10023.79
10024.33
10035.29
10035.84
10047.35
10049.64
10051.92
10056.05
10061.50
10065.96
10068.25
10082.53
10087.87
10102.84
10105.57
10120.02
10129.44
10130.97
10133.60
10142.71
10145.01
10146.11
10151.16
10157.97
10162.81
10165.12
10169.41
10178.88
10204.57
10213.96
10224.35
10225.68
10230.33
10233.54
10240.74
10242.51
10263.59
10266.70
10273.25
10286.60
10308.55
10309.78
10317.81
10334.35
10338.04
10346.21
10348.11
10348.33
10351.92
10369.18
10378.95
10405.60
10410.66
10414.72
10415.62
10421.03
10449.94
10451.41
10453.78
10455.70
10456.61
10458.76
10463.85
10472.69
10473.14
10477.56
10479.15
10482.44
10482.89
10484.25
10497.65
10506.96
10514.01
10539.98
10540.55
10542.83
10559.62
10562.93
10567.73
10582.15
10582.61
10589.13
10596.36
10602.78
10608.29
10616.67
10629.54
10650.84
10659.37
10662.37
10663.06
10665.02
10675.18
10676.34
10695.88
10706.18
10719.98
10731.35
10742.27
10745.06
10747.27
10749.59
10749.71
10750.17
10755.29
10766.82
10770.08
10774.16
10777.08
10780.34
10781.63
10785.71
10785.83
10787.11
10790.03
10800.42
10805.10
10813.99
10816.44
10818.32
10822.65
10824.41
10847.74
10849.85
10851.14
10860.19
10862.89
10864.30
10869.12
10872.18
10872.30
10876.77
10886.19
10912.01
10921.58
10922.05
10933.76
10950.81
10952.23
10956.02
10958.98
10964.32
10964.56
10964.68
10968.00
10980.94
11009.37
11032.75
11033.70
11042.06
11054.25
11054.85
11056.77
11056.77
11064.19
11067.18
11072.69
11088.99
11116.14
11123.12
11127.58
11128.78
11131.19
11150.11
11164.00
11181.77
11184.67
11186.24
11186.97
11188.91
11196.29
11207.08
11210.96
11212.66
11217.76
11225.65
11227.96
11229.17
11231.48
11238.77
11243.15
11253.01
11269.70
11278.00
11278.00
11283.86
11289.23
11291.31
11311.85
11332.67
11338.44
11353.54
11356.36
11369.15
11374.93
11377.89
11411.92
11448.03
11451.50
11458.31
11463.64
11471.96
11484.75
11486.99
11506.77
11542.43
11546.30
11547.42
11552.05
11554.92
11555.80
11556.17
11559.55
11563.93
11567.06
11571.44
11579.83
11615.47
11621.12
11621.37
11625.27
11625.40
11630.68
11649.45
11651.21
11664.96
11680.24
11681.38
11696.05
11700.36
11715.94
11717.97
11724.69
11726.72
11734.71
11736.87
11751.99
11765.10
11775.92
11781.53
11786.63
11791.48
11795.82
11796.33
11818.04
11820.35
11859.42
11873.80
11884.85
11900.55
11908.67
11909.44
11910.08
11929.69
11936.53
11984.02
11987.39
11992.58
11998.81
12000.50
12006.34
12006.34
12023.24
12024.29
12027.15
12034.18
12065.86
12070.56
12074.87
12085.46
12099.46
12110.46
12120.95
12122.91
12130.65
12131.31
12146.41
12146.81
12164.70
12165.09
12177.07
12177.21
12178.26
12199.10
12200.68
12213.62
12217.72
12218.52
12227.77
12232.27
12235.05
12243.92
12248.43
12249.49
12255.99
12261.56
12266.20
12266.33
12275.89
12276.69
12278.55
12294.90
12302.09
12306.35
12308.08
12310.88
12316.47
12357.72
12360.39
12372.97
12381.81
12384.62
12392.53
12393.74
12396.82
12406.75
12423.68
12447.49
12451.13
12459.48
12464.47
12484.85
12492.29
12507.98
12510.95
12520.97
12529.11
12529.78
12532.90
12543.62
12546.60
12562.63
12574.46
12591.62
12593.94
12603.61
12610.98
12612.75
12619.31
12624.36
12628.87
12636.11
12638.16
12638.16
12645.41
12682.27
12703.56
12705.89
12708.78
12730.25
12811.36
12822.32
12830.09
12837.86
12847.87
12869.99
12873.33
12880.72
12882.95
12889.50
12894.10
12933.92
12936.02
12941.62
12957.74
12966.71
12973.87
12976.54
12976.68
12979.63
12987.07
12987.91
12993.96
13010.42
13029.15
13034.94
13077.46
13080.29
13087.22
13088.64
13092.32
13099.41
13117.42
13124.94
13133.75
13140.15
13167.05
13176.88
13196.43
13204.71
13209.85
13227.88
13232.46
13243.20
13269.73
13276.20
13306.25
13306.54
13309.28
13309.85
13340.27
13343.30
13343.74
13391.03
13391.90
13396.10
13415.68
13421.20
13425.12
13426.14
13430.93
13453.77
13454.64
13464.25
13466.15
13477.08
13480.87
13485.69
13487.88
13493.28
13502.48
13544.03
13555.91
13561.19
13564.86
13565.88
13575.28
13580.57
13594.39
13595.42
13600.71
13603.36
13612.49
13622.51
13625.61
13632.98
13636.08
13652.61
13652.91
13674.20
13675.68
13680.56
13681.60
13693.74
13703.52
13714.65
13725.34
13732.32
13740.05
13756.11
13764.89
13785.02
13794.71
13802.93
13818.02
13852.00
13852.45
13854.40
13858.89
13866.54
13868.34
13870.44
13879.45
13885.91
13903.05
13912.83
13914.34
13928.80
13929.40
13929.85
13931.06
13945.69
13955.19
13956.10
13960.18
13961.99
13964.26
13970.45
13974.38
13975.29
13977.11
13985.43
13987.85
13991.63
13999.96
14006.63
14013.14
14020.58
14021.64
14054.45
14061.90
14078.95
14092.51
14112.35
14114.03
14121.36
14153.18
14161.45
14168.81
14170.65
14171.26
14172.03
14173.87
14183.68
14203.34
14209.95
14221.33
14235.34
14249.21
14286.41
14294.46
14308.85
14351.80
14352.42
14359.56
14371.22
14374.17
14374.95
14378.84
14384.44
14393.16
14395.34
14400.79
14436.67
14447.77
14463.57
14474.68
14476.72
14477.19
14501.96
14518.13
14529.44
14532.90
14534.63
14543.13
14544.23
14550.05
14567.54
14574.47
14584.88
14587.41
14600.04
14607.15
14611.26
14617.90
14620.28
14624.07
14642.91
14647.67
14649.73
14658.77
14663.52
14677.18
14687.66
14690.36
14692.27
14707.38
14726.49
14726.65
14748.49
14762.38
14766.22
14772.77
14773.09
14790.36
14791.32
14807.33
14828.50
14854.19
14855.64
14855.96
14863.35
14874.13
14877.51
14878.16
14879.77
14884.43
14907.48
14911.84
14912.00
14930.89
14931.37
14947.54
14948.67
14952.39
14969.87
14986.89
15012.21
15017.73
15026.34
15044.40
15047.82
15063.62
15068.84
15073.89
15089.07
15100.50
15102.46
15122.90
15134.36
15134.85
15144.02
15145.01
15148.78
15172.07
15175.02
15189.81
15202.63
15214.65
15241.01
15270.72
15282.46
15289.73
15289.90
15312.25
15313.41
15319.04
15362.86
15381.66
15392.48
15397.64
15426.66
15433.17
15473.46
15479.83
15482.17
15516.05
15527.80
15536.21
15549.66
15564.14
15577.11
15622.00
15647.21
15649.58
15654.15
15678.05
15696.04
15704.71
15720.35
15724.43
15728.17
15730.56
15762.25
15767.36
15774.53
15775.38
15785.63
15815.72
15829.58
15835.92
15845.69
15852.21
15856.67
15863.53
15875.38
15882.94
15911.84
15954.42
15972.90
15976.01
15978.78
15982.23
15988.29
15988.46
15998.84
16001.44
16009.93
16018.59
16023.79
16040.44
16040.62
16040.62
16053.12
16063.89
16085.11
16095.73
16098.17
16131.82
16145.26
16147.53
16150.15
16156.97
16159.24
16166.41
16176.21
16197.23
16221.61
16257.28
16263.43
16268.71
16284.91
16289.67
16290.55
16296.20
16344.40
16356.26
16364.22
16419.73
16424.18
16433.24
16473.65
16488.81
16492.56
16498.27
16523.10
16557.28
16578.25
16599.43
16625.86
16654.84
16675.76
16684.06
16685.33
16706.64
16730.52
16770.03
16770.21
16773.84
16777.65
16790.36
16795.09
16799.27
16835.11
16869.39
16870.67
16879.43
16902.64
16921.13
16921.67
16941.28
16955.03
16966.41
16972.28
17008.13
17009.42
17024.52
17028.94
17034.65
17038.71
17063.43
17073.03
17082.64
17094.10
17097.80
17117.05
17121.50
17126.13
17139.85
17144.11
17156.54
17221.08
17261.37
17272.02
17305.69
17317.49
17318.62
17337.18
17341.49
17357.07
17368.16
17430.09
17430.47
17434.05
17455.01
17462.37
17486.20
17488.28
17520.85
17522.18
17535.83
17540.39
17561.47
17576.68
17578.77
17587.14
17598.37
17604.46
17615.90
17634.20
17643.36
17655.58
17664.76
17669.73
17681.01
17692.11
17704.56
17738.30
17740.22
17744.64
17749.25
17768.65
17772.31
17791.16
17795.97
17854.80
17884.96
17943.11
17948.74
17952.04
17980.23
17986.84
18003.20
18061.73
18079.52
18117.71
18125.55
18197.86
18204.56
18232.75
18239.06
18247.55
18249.33
18249.52
18253.87
18278.38
18323.92
18325.51
18340.58
18344.35
18350.51
18350.51
18367.59
18368.38
18407.38
18433.29
18447.85
18453.04
18471.82
18484.22
18493.62
18507.23
18520.45
18525.46
18529.87
18555.95
18561.37
18568.00
18569.01
18577.25
18590.12
18596.55
18608.43
18620.92
18648.94
18706.94
18722.13
18750.92
18761.26
18771.82
18776.70
18777.11
18780.76
18795.40
18808.42
18813.51
18830.61
18832.65
18873.86
18874.88
18883.46
19002.95
19005.01
19030.31
19039.17
19053.60
19082.69
19102.31
19109.55
19118.65
19172.30
19185.37
19186.82
19228.18
19240.04
19249.83
19269.42
19295.08
19300.72
19351.53
19352.78
19390.93
19399.33
19405.20
19446.61
19462.40
19463.24
19506.04
19509.83
19529.05
19529.69
19556.75
19590.43
19615.67
19640.09
19658.37
19663.05
19685.40
19713.11
19728.90
19737.66
19751.76
19761.38
19776.78
19780.63
19785.55
19789.83
19848.80
19859.55
19875.45
19884.92
19926.92
20053.01
20069.51
20089.28
20105.59
20110.59
20114.72
20142.60
20166.81
20170.52
20184.05
20190.60
20236.53
20246.39
20270.94
20278.18
20278.62
20285.42
20309.36
20356.00
20362.16
20367.67
20388.18
20398.99
20401.86
20468.41
20478.38
20501.66
20514.08
20567.42
20585.68
20651.04
20658.64
20661.99
20698.02
20718.18
20726.70
20730.52
20732.76
20734.78
20753.86
20804.44
20821.11
20832.82
20858.31
20868.02
20898.07
20912.32
20913.00
20920.24
20921.82
20934.96
20942.43
20958.75
20992.80
21036.23
21107.59
21118.78
21127.69
21136.61
21194.55
21230.12
21258.17
21263.92
21276.81
21288.09
21301.22
21371.40
21371.86
21430.68
21448.77
21460.15
21473.85
21474.32
21505.47
21508.96
21564.66
21568.86
21608.33
21619.09
21716.15
21730.72
21747.66
21754.48
21760.60
21797.60
21799.48
21859.24
21882.19
21889.77
21895.69
21901.14
21929.36
21937.90
21950.96
21956.90
21987.33
22022.09
22044.26
22045.45
22049.99
22060.25
22070.51
22086.04
22096.08
22100.15
22102.06
22114.26
22118.80
22141.31
22150.90
22169.84
22174.40
22182.56
22183.04
22193.36
22204.17
22209.45
22221.23
22304.33
22313.26
22359.18
22381.21
22394.53
22413.68
22431.15
22443.77
22458.10
22458.35
22498.23
22527.22
22533.07
22544.53
22579.44
22582.86
22607.06
22617.83
22694.31
22698.98
22712.49
22738.31
22759.23
22763.17
22768.34
22792.50
22812.23
22816.92
22848.79
22891.60
22918.37
22979.95
23011.79
23071.63
23078.12
23088.86
23149.14
23200.04
23234.71
23355.19
23385.53
23401.73
23416.93
23481.37
23496.37
23557.71
23591.13
23663.99
23799.82
23835.90
23898.39
23922.97
23939.02
24005.16
24013.48
24053.00
24116.32
24148.18
24156.28
24246.62
24258.95
24265.25
24291.78
24401.63
24422.24
24488.12
24495.81
24521.53
24560.56
24626.29
24793.38
24808.95
24831.77
24863.23
24864.57
24873.18
24881.53
24926.26
24939.21
24946.49
25029.77
25103.26
25105.44
25248.45
25393.10
25393.10
25444.26
25450.87
25493.31
25604.99
25615.80
25632.43
25738.04
25812.78
25820.88
25874.01
25880.17
25999.46
26044.50
26063.96
26069.88
26095.56
26112.79
26145.02
26174.74
26190.32
26344.64
26384.01
26520.82
26582.29
26633.25
26637.00
26638.44
26660.06
26844.44
26851.71
26895.03
27083.38
27222.64
27225.29
27291.35
27300.80
27379.19
27406.76
27410.61
27413.28
27464.05
27573.92
27613.33
27629.17
27659.38
27682.43
27699.81
27718.09
27745.70
27836.21
27884.74
27996.59
28067.87
28124.41
28147.25
28273.61
28443.29
28443.29
28459.91
28503.36
28510.77
28550.90
28570.98
28653.64
28794.74
28798.48
28928.71
29081.54
29181.77
29291.54
29297.56
29322.93
29381.05
29404.58
29515.83
29653.79
29722.21
29756.32
29763.40
29804.65
29811.75
29848.54
29865.02
29878.59
30001.37
30337.25
30663.63
30701.81
30704.46
30808.29
30840.31
30945.93
31082.51
31207.53
31458.40
31498.25
31633.15
31644.79
31722.61
31825.06
31980.04
32379.05
32465.70
32628.74
32733.41
33009.76
33340.71
33388.36
33536.07
33849.58
34568.36
35281.01
35858.67
36523.55
36646.26
36833.09
37711.80
39408.32
40656.54
42053.35
44175.44
