36.95
37.18
41.11
43.13
46.16
46.20
46.44
49.43
49.45
50.32
50.39
50.90
50.96
51.81
52.00
52.27
54.17
56.02
56.70
58.56
59.52
60.86
62.32
62.53
62.61
62.79
63.55
65.08
65.37
65.61
67.40
67.81
67.96
68.16
68.54
68.65
68.85
69.38
69.79
70.48
70.76
71.92
72.02
72.41
74.70
75.29
75.79
76.25
76.27
76.83
77.27
77.79
78.02
78.19
78.28
78.81
79.17
79.47
79.65
80.03
81.09
81.94
82.60
82.81
83.15
83.17
83.45
83.91
84.45
85.13
85.46
86.20
86.21
87.01
87.47
87.60
88.42
89.31
89.58
90.19
90.31
90.51
91.87
92.58
93.57
93.84
93.86
94.43
94.65
94.72
95.03
95.39
96.07
96.15
96.38
96.60
97.00
97.41
98.14
98.41
98.61
99.22
99.57
99.75
100.68
101.46
101.77
102.12
102.57
103.74
103.76
103.95
104.43
104.93
105.04
105.57
106.32
106.45
106.49
106.97
107.10
108.68
109.61
110.61
111.19
111.97
112.10
112.34
113.65
113.89
114.09
114.47
114.91
115.57
115.67
116.13
116.80
116.89
117.12
117.36
118.48
118.67
118.96
119.64
119.84
120.15
120.53
120.80
121.07
121.48
122.20
122.37
122.65
122.77
122.93
122.95
123.01
123.44
123.45
124.95
125.61
125.74
125.91
125.98
126.23
126.41
126.44
126.83
127.23
127.74
127.83
128.49
128.67
128.87
128.97
129.37
129.78
129.79
130.62
130.76
131.39
131.67
131.88
131.91
132.74
133.57
133.84
133.94
134.12
134.86
136.27
136.90
137.14
137.33
137.47
137.56
137.81
138.26
138.36
138.37
138.44
139.13
139.62
139.65
140.81
140.86
140.99
141.16
141.39
141.74
142.18
142.35
142.38
142.66
142.72
142.79
143.05
143.88
143.90
145.53
146.04
146.88
146.89
148.58
148.98
148.98
148.99
149.12
149.55
149.83
150.37
150.53
150.81
150.98
151.46
151.52
151.82
151.84
151.87
151.97
152.40
153.02
153.19
153.23
153.25
153.51
153.74
153.77
154.22
154.79
154.90
154.98
154.99
155.05
155.20
155.32
155.84
156.01
156.78
157.35
157.60
157.71
157.91
158.04
158.12
158.79
159.17
159.94
160.13
160.44
161.13
161.28
162.14
163.11
163.44
163.52
163.88
164.49
164.83
166.20
167.08
167.54
167.76
167.98
169.34
169.53
170.02
170.03
170.29
170.31
171.45
171.50
171.50
171.54
171.66
171.72
171.94
172.07
172.14
172.54
172.57
172.57
173.21
173.40
174.10
174.38
174.58
175.82
176.40
176.58
176.75
176.87
177.24
177.28
177.38
177.62
177.68
177.73
177.77
177.77
177.98
177.99
178.63
178.84
179.13
179.63
179.73
179.83
180.15
180.17
180.24
180.34
180.55
180.80
180.92
180.94
181.25
181.41
181.41
181.50
182.00
182.37
182.84
182.99
183.00
183.31
183.74
183.95
183.99
184.14
184.36
184.41
184.58
184.81
185.22
185.29
185.46
185.59
185.98
186.29
186.52
186.57
186.63
187.71
188.39
188.62
189.45
190.25
190.27
190.59
190.79
190.88
190.99
191.35
192.01
192.20
192.29
192.31
192.35
192.37
192.61
192.80
192.82
193.08
193.45
193.77
194.11
194.13
194.22
194.33
194.75
195.28
195.32
195.56
195.69
195.83
196.93
197.07
197.13
197.17
197.48
197.79
198.31
198.39
198.41
198.43
198.80
198.82
199.20
200.22
200.96
201.49
202.47
202.49
202.59
202.67
202.72
202.74
203.24
204.00
204.06
204.35
204.45
204.59
204.70
204.89
204.98
205.01
205.14
206.22
206.28
206.51
206.64
206.75
206.82
207.01
207.81
207.97
208.02
208.23
208.35
208.52
208.59
209.45
209.55
209.86
210.81
211.39
212.11
212.25
212.37
212.39
213.24
213.94
213.98
214.27
214.36
214.76
215.02
215.14
215.36
215.63
215.65
215.67
215.74
215.99
216.00
216.06
216.06
216.13
216.20
216.30
216.31
216.74
216.81
216.93
217.61
217.80
217.97
218.13
218.45
219.36
219.68
219.71
219.74
220.20
220.63
220.80
221.14
221.20
221.68
221.73
221.75
221.80
222.18
222.44
223.02
223.08
223.16
224.10
224.18
225.12
225.31
225.41
225.77
225.83
226.24
226.48
227.10
227.17
227.51
227.55
227.78
227.93
227.96
228.14
228.73
228.90
229.26
229.35
229.55
229.87
230.44
230.61
231.32
231.67
231.78
231.83
232.28
232.38
232.97
233.01
233.06
233.15
233.46
234.47
234.73
234.99
235.84
236.21
236.26
236.69
236.81
237.96
238.24
238.40
238.51
238.67
239.35
239.50
239.75
240.20
240.70
240.75
241.15
241.57
241.60
242.34
242.39
242.41
242.56
242.59
243.29
243.44
243.46
243.51
244.00
244.24
245.76
246.25
246.45
246.55
246.58
246.73
246.74
246.75
246.80
246.81
247.48
248.05
248.17
248.77
248.85
248.97
249.07
249.09
249.23
249.38
249.45
249.47
249.54
249.87
250.12
250.19
250.26
250.54
250.73
250.79
251.42
251.57
252.18
252.32
252.37
252.59
252.72
252.79
252.90
253.17
253.65
253.78
253.81
253.90
253.93
254.02
254.27
254.30
254.59
255.17
255.18
255.25
255.64
256.12
256.50
256.59
256.60
256.67
256.71
257.32
257.95
258.34
258.46
258.76
260.12
260.33
260.54
260.59
261.02
261.09
261.81
262.23
262.32
262.34
262.38
262.78
263.40
264.22
264.26
264.35
264.56
265.09
265.25
265.28
265.45
265.56
265.82
266.11
266.27
266.78
266.84
267.00
267.03
267.30
267.78
268.12
268.27
268.74
269.03
269.18
269.25
269.59
269.64
269.99
270.51
270.62
271.28
271.35
271.53
271.93
272.00
272.06
272.11
272.27
273.76
274.15
274.22
274.33
274.78
274.96
275.25
275.59
275.73
275.76
275.78
275.90
276.20
276.22
276.41
276.89
277.62
277.69
277.80
277.88
277.96
278.09
278.54
278.99
279.94
280.00
280.31
281.67
281.70
281.87
282.44
282.53
282.63
282.76
283.26
283.39
283.43
283.55
283.55
283.66
283.91
283.95
284.04
284.46
284.51
284.99
285.27
285.33
285.56
285.60
285.61
285.66
286.08
286.60
286.95
287.07
287.18
287.38
287.41
287.55
287.57
287.90
287.97
288.00
288.43
288.50
288.74
288.98
288.99
289.42
289.87
290.06
290.21
290.37
290.43
290.49
290.54
290.58
290.62
290.68
290.72
290.83
290.91
291.06
291.50
291.70
291.71
291.76
291.80
291.81
291.89
292.12
292.17
292.18
292.23
292.25
292.53
292.54
292.95
293.07
293.36
293.68
293.68
294.03
294.35
294.50
294.54
294.60
295.30
295.34
295.40
295.64
295.84
296.41
296.59
296.79
296.81
297.28
297.29
297.42
298.02
298.28
298.31
298.35
298.69
298.91
299.20
299.51
299.60
299.62
299.74
299.93
300.46
300.47
300.60
300.91
301.23
301.31
301.61
301.76
302.23
302.46
303.35
303.67
304.21
305.07
305.36
305.93
306.18
307.18
307.78
307.83
307.87
308.44
308.68
308.74
308.80
308.93
309.19
309.35
309.47
309.64
309.81
309.87
309.89
310.01
310.25
310.33
310.35
310.74
310.90
311.23
311.58
311.81
311.99
312.21
312.62
312.64
312.77
312.84
312.90
313.85
314.21
314.35
314.38
314.82
315.05
315.09
315.18
315.69
316.02
316.37
316.74
317.17
317.78
317.97
318.59
318.62
318.71
319.28
319.40
319.45
319.58
319.59
319.76
319.85
320.05
320.15
320.26
320.36
320.65
320.67
321.17
321.90
321.96
322.32
322.34
322.86
323.33
323.43
323.56
323.89
323.89
324.07
324.33
324.83
325.58
325.72
326.07
326.77
327.18
327.20
327.22
327.35
327.51
327.59
327.81
328.08
328.26
328.46
328.50
328.72
328.84
329.54
329.92
329.93
329.96
330.06
330.07
330.11
330.33
330.87
331.26
331.56
331.83
332.59
332.62
332.77
333.23
333.32
333.51
333.88
333.91
334.02
334.10
334.55
334.67
334.88
335.17
335.82
336.09
336.26
336.32
336.72
336.87
336.92
338.00
338.18
339.33
339.35
339.41
340.57
340.69
340.79
341.05
341.06
341.61
341.88
341.94
342.07
342.11
342.64
342.92
343.04
343.12
343.33
343.49
343.98
344.06
344.50
344.52
345.21
345.37
345.40
345.51
345.66
345.91
346.06
346.25
346.32
347.19
347.27
347.62
347.76
347.81
348.24
348.36
348.89
349.13
349.17
349.91
350.00
350.07
350.10
350.19
350.26
350.40
350.59
351.11
351.12
351.28
351.75
351.83
352.23
353.67
353.71
353.99
354.31
354.36
354.60
354.87
355.07
355.75
356.03
356.43
356.49
356.49
356.51
356.52
356.61
356.62
357.07
357.32
357.54
357.70
357.98
358.30
358.63
359.28
359.52
359.53
359.62
359.71
359.80
360.40
360.44
360.68
361.16
361.38
361.42
362.07
362.17
362.90
362.90
363.42
363.46
363.66
363.69
363.74
363.83
364.01
364.16
364.33
364.49
364.64
365.91
365.94
366.44
366.46
366.82
366.93
367.07
367.15
367.34
368.15
368.16
368.30
368.32
368.51
368.53
368.82
369.20
369.25
369.30
369.55
369.89
370.27
370.59
370.77
370.94
371.02
371.20
372.26
372.71
373.20
373.31
373.36
374.28
374.52
374.67
374.76
375.02
376.01
376.81
377.07
377.29
377.44
377.58
377.67
377.74
377.76
378.05
378.42
379.08
379.12
379.60
379.70
380.25
380.41
380.57
381.42
381.64
381.66
381.77
381.84
382.15
382.16
382.26
382.40
382.98
383.10
383.26
383.47
384.74
384.84
385.46
385.64
386.01
386.78
386.82
386.86
387.13
387.14
387.37
387.48
388.14
388.68
390.09
390.17
390.20
390.43
390.96
391.44
391.45
391.46
391.81
392.01
392.19
392.43
392.59
393.60
393.99
394.25
394.48
395.25
395.41
395.51
395.66
396.07
396.45
396.73
396.88
397.02
397.14
397.17
397.39
397.65
398.09
398.25
398.25
398.27
398.84
399.11
399.37
399.77
399.88
400.88
401.33
401.45
402.03
402.13
402.25
402.35
402.36
402.63
402.98
403.18
403.18
403.43
403.57
403.61
403.69
404.32
404.43
404.60
404.71
404.77
405.13
405.26
405.56
405.76
405.81
405.89
406.13
406.13
406.28
406.58
407.22
407.42
407.72
408.11
408.48
408.67
408.79
408.92
408.99
409.06
409.08
409.64
409.64
409.81
410.07
410.22
410.51
410.58
410.73
410.74
411.04
411.14
411.26
411.51
411.60
411.75
412.28
412.33
412.42
412.61
413.15
413.63
413.63
414.50
414.69
414.72
414.73
415.64
415.68
416.22
416.28
416.29
416.52
416.83
417.11
417.72
417.80
417.83
417.90
418.17
418.35
418.42
418.49
418.57
418.90
419.10
419.15
420.15
420.31
420.62
421.11
421.47
422.01
422.19
422.88
423.49
423.75
424.03
424.06
424.10
424.13
424.43
424.70
424.73
424.93
425.17
425.23
425.56
426.03
426.27
426.29
426.40
426.51
426.51
426.55
426.56
426.71
427.42
427.48
427.55
428.04
428.74
428.81
429.00
429.10
429.23
429.27
429.28
429.47
429.62
429.68
429.75
430.18
430.60
430.62
430.90
430.97
431.02
431.73
432.36
432.62
432.69
432.83
433.62
433.73
434.06
434.37
434.50
434.76
434.80
434.95
435.00
435.37
435.37
435.48
435.69
436.13
436.33
436.79
437.13
437.31
437.42
437.59
438.04
438.08
438.13
438.40
438.78
438.94
439.68
439.82
440.10
440.54
440.68
440.74
440.85
441.12
441.83
441.95
442.25
442.25
442.29
443.30
443.35
443.41
443.46
443.54
443.63
443.95
444.05
444.32
445.21
445.26
445.69
446.59
447.25
447.38
447.63
448.17
448.25
448.47
448.65
448.93
449.10
449.16
449.26
449.44
449.62
449.63
449.74
450.25
450.29
450.30
450.49
450.57
450.90
451.25
451.36
452.36
452.38
452.39
452.92
452.98
452.99
453.47
453.50
453.61
453.70
453.85
454.03
454.54
455.02
455.30
455.38
455.40
455.88
456.01
456.08
456.36
456.52
456.69
456.85
457.35
457.46
457.49
457.97
458.07
458.19
459.08
459.36
459.82
460.20
460.45
460.59
460.62
460.71
461.16
461.29
461.39
461.74
461.79
461.96
462.63
463.67
463.71
463.83
463.83
464.16
464.48
466.02
466.19
466.29
466.71
466.85
467.78
468.13
468.45
468.68
468.74
468.91
468.94
469.28
470.04
470.11
470.16
470.23
470.94
471.08
471.61
471.67
472.18
472.21
472.40
472.60
472.88
472.96
472.98
473.09
473.49
473.84
473.88
474.19
474.29
474.41
474.60
474.63
474.74
474.76
474.79
475.33
475.55
475.96
476.31
476.57
476.69
477.47
477.48
477.63
477.95
478.04
478.81
478.83
478.90
479.07
479.44
479.64
479.88
480.26
481.08
481.54
481.57
481.73
481.90
482.34
482.35
482.45
482.52
482.66
483.04
483.10
483.11
483.80
484.01
484.43
484.62
484.89
485.37
485.50
485.92
485.94
485.96
485.96
486.62
486.86
487.09
487.30
487.46
487.59
487.94
488.10
488.12
488.27
488.50
488.66
488.82
489.28
489.51
489.70
489.88
490.02
490.80
490.91
491.27
491.41
491.50
491.70
491.87
492.19
492.19
492.50
492.68
492.70
492.87
493.21
493.30
493.49
493.78
493.95
494.56
494.62
494.71
495.43
495.44
495.91
496.75
496.87
497.03
497.31
497.44
497.49
497.50
497.86
497.98
498.22
498.31
498.52
498.54
498.64
498.65
499.14
499.22
499.26
499.53
499.69
499.81
500.34
500.83
500.86
500.97
501.27
501.35
502.82
502.89
503.09
503.16
503.25
503.58
503.64
504.28
504.63
504.75
504.84
505.05
505.18
505.24
505.35
505.41
506.21
506.39
507.18
507.66
507.79
508.77
508.91
509.04
509.26
509.36
509.50
509.56
509.86
509.98
509.99
510.18
510.54
510.74
510.84
510.95
511.22
511.42
512.67
512.86
513.38
513.39
513.55
513.89
513.91
514.13
514.27
514.34
514.36
514.53
514.90
515.13
515.21
515.34
515.51
515.67
516.78
516.86
516.94
517.25
517.62
517.71
518.30
518.41
518.61
518.71
518.87
518.98
519.46
520.02
520.32
520.86
520.89
521.22
521.29
521.29
521.56
522.22
522.87
522.91
523.30
523.33
523.79
523.92
524.03
524.15
524.38
524.56
524.62
524.71
524.71
524.97
525.35
525.60
525.64
525.92
525.93
525.99
526.27
526.39
527.19
527.32
527.40
527.55
527.65
527.70
527.85
527.98
528.73
528.74
528.85
528.86
528.88
529.31
529.43
529.59
530.08
530.09
530.56
531.51
531.91
533.19
533.19
533.23
533.90
534.30
534.42
534.50
534.50
534.54
534.77
535.04
535.10
535.69
535.75
536.18
536.24
536.72
537.10
537.13
537.18
537.33
537.37
538.08
538.12
538.29
538.39
538.64
539.62
539.78
539.90
539.93
540.36
540.54
541.16
541.18
541.35
541.44
541.83
541.83
542.44
543.14
543.68
543.78
544.01
544.05
544.22
544.36
544.61
544.73
545.47
545.47
545.62
545.81
545.93
546.04
546.08
546.49
546.54
546.66
546.74
546.86
546.93
547.12
548.66
548.71
548.78
548.80
548.87
548.92
548.95
549.22
549.37
549.73
549.92
550.20
550.22
550.83
550.91
550.98
551.13
551.32
551.47
551.73
551.85
552.11
552.93
553.01
553.03
553.48
553.74
553.88
554.18
554.42
554.57
554.69
554.95
555.06
555.14
555.20
555.38
555.47
555.83
555.86
556.30
556.60
556.80
558.15
558.28
558.43
558.69
558.81
559.12
560.01
560.16
560.18
560.39
560.72
560.93
561.11
561.12
561.23
561.40
561.51
561.57
561.69
561.75
562.37
562.47
562.55
562.57
562.99
563.46
563.54
563.57
563.91
564.10
564.20
564.22
564.62
564.92
564.99
565.09
566.05
566.46
566.66
566.88
567.26
567.27
567.32
567.35
567.96
568.39
568.44
568.44
568.60
568.72
569.03
569.14
569.54
569.64
569.84
570.32
570.95
571.12
571.12
571.14
571.46
571.46
571.48
572.02
573.23
574.74
574.89
574.98
574.99
575.29
575.37
575.68
575.77
575.88
575.90
576.47
576.93
577.19
577.67
577.72
577.76
577.77
577.84
577.92
578.04
578.07
578.12
578.23
578.68
578.73
579.65
579.89
579.98
580.16
580.20
580.21
580.27
580.75
580.86
580.99
581.39
581.67
581.71
581.95
582.39
583.00
583.18
583.70
583.71
583.82
584.24
584.50
584.51
584.83
584.92
585.25
586.04
586.23
586.24
586.49
587.08
587.18
587.22
587.65
588.35
588.58
588.75
589.18
589.23
589.27
589.30
590.77
590.80
590.89
590.98
591.03
591.16
591.45
591.51
592.56
592.62
592.68
593.23
593.24
593.60
593.82
593.91
594.18
594.39
594.77
594.89
594.97
595.00
595.08
595.31
595.37
595.55
595.77
596.06
596.07
596.13
596.33
596.38
596.65
596.73
596.84
597.14
597.19
597.22
597.76
598.29
598.77
599.27
599.30
599.72
599.83
600.28
600.51
600.79
600.89
601.01
601.08
601.38
602.42
602.47
603.17
603.24
603.90
603.90
604.45
604.47
604.80
604.87
604.88
605.31
605.59
605.87
606.01
606.51
606.54
606.98
607.47
607.49
608.00
608.11
608.18
608.59
609.04
609.07
609.29
609.50
609.68
609.77
609.83
609.94
610.30
610.82
611.21
611.46
611.62
611.90
612.50
612.51
613.12
613.12
613.48
613.64
613.70
614.31
614.58
614.98
615.17
615.35
615.73
616.65
616.91
617.42
617.43
617.57
617.64
618.40
618.48
618.89
618.94
619.64
619.88
620.06
620.13
620.73
620.77
620.87
620.95
621.17
621.25
621.52
621.60
621.69
622.28
622.67
622.78
623.27
623.58
623.79
623.83
623.91
624.04
624.24
624.28
624.45
625.03
625.06
625.10
625.48
626.05
626.48
626.70
627.04
627.04
627.70
627.73
627.88
628.23
628.54
628.88
628.89
628.97
629.50
629.77
629.79
629.92
629.93
630.06
630.21
630.96
631.00
631.04
631.49
631.53
631.60
631.97
631.97
632.08
632.28
632.32
632.47
632.50
632.66
633.11
633.14
633.25
633.28
633.34
634.07
634.29
634.93
635.04
635.21
635.34
635.73
635.87
635.91
635.93
635.95
635.99
636.00
636.56
636.56
637.49
637.74
637.77
638.81
638.97
639.13
639.57
639.57
639.78
639.93
640.07
640.65
641.11
641.36
641.56
641.64
641.92
642.65
643.07
643.50
643.78
644.07
644.12
644.33
645.19
645.42
646.54
646.61
648.33
648.34
648.68
648.77
649.03
649.34
649.60
650.04
650.07
650.98
651.11
651.22
651.26
651.81
651.93
652.09
652.18
652.45
653.06
654.12
654.39
654.77
655.13
655.63
655.95
656.13
657.05
657.46
658.02
658.05
658.12
658.41
658.41
659.38
659.54
659.61
659.72
660.17
660.33
660.34
660.78
660.97
661.32
661.46
662.39
662.44
662.44
662.52
663.52
663.94
664.32
664.35
665.22
665.26
665.30
665.44
665.55
665.69
665.77
665.78
665.80
665.81
666.00
666.01
666.16
666.46
666.55
667.36
667.57
667.62
667.75
667.91
668.43
668.51
668.73
668.86
668.97
669.10
669.11
669.51
670.16
670.38
670.81
670.96
671.26
671.34
671.41
671.63
671.91
671.94
672.27
672.29
672.38
672.71
673.10
673.53
674.22
674.33
674.33
674.37
674.76
674.78
674.93
675.05
675.05
675.35
675.57
675.57
675.57
675.58
675.70
675.76
675.89
675.92
676.78
676.87
677.07
677.32
677.58
677.81
678.03
678.06
678.33
678.61
678.84
678.95
678.99
679.05
679.33
679.47
679.56
680.04
680.05
680.22
680.36
680.47
680.77
680.89
681.47
681.63
682.10
682.34
682.60
682.83
682.92
682.93
683.02
683.49
684.13
684.20
684.27
684.53
684.58
684.98
685.31
685.75
686.23
686.32
686.58
687.59
688.30
688.42
688.78
688.89
688.96
689.13
689.84
689.86
689.97
690.02
690.51
690.84
690.93
690.96
691.59
691.71
692.22
692.32
692.46
692.60
692.93
693.13
693.44
693.87
694.63
694.76
694.79
695.39
696.50
696.50
696.83
697.22
697.26
698.15
698.39
698.69
698.73
699.17
699.25
699.33
699.64
700.03
700.10
700.19
700.36
700.59
701.09
701.38
701.53
701.59
701.66
701.75
702.51
703.40
703.46
703.53
703.69
704.36
704.41
705.01
705.16
705.19
705.43
705.51
705.62
706.07
706.19
706.44
706.71
706.76
706.97
707.20
707.35
707.62
707.72
708.25
708.51
708.52
708.65
708.98
709.19
709.27
709.83
709.99
710.22
710.28
710.39
710.63
710.97
711.32
711.40
711.66
711.66
711.72
712.73
712.86
712.99
713.12
714.02
715.15
715.52
715.89
716.43
716.79
717.02
717.51
717.80
718.29
718.36
718.43
719.00
719.03
719.25
719.31
719.91
720.09
720.12
720.38
720.43
721.39
721.42
721.46
721.47
721.50
722.30
723.02
723.03
723.51
723.64
723.70
723.84
723.95
724.40
725.14
725.92
726.39
726.42
726.76
727.13
727.17
727.19
727.51
727.77
728.32
728.50
728.56
728.66
728.94
729.06
729.23
729.27
729.40
729.71
729.91
730.58
730.84
730.92
731.18
731.45
731.49
731.53
731.68
731.83
732.43
732.59
733.09
733.29
733.50
733.50
734.24
734.34
735.15
735.70
736.30
736.45
736.52
737.06
737.33
738.08
738.12
738.57
738.69
738.91
739.32
739.93
740.45
740.82
740.90
740.96
741.04
741.18
741.28
742.07
742.30
742.48
743.00
743.79
743.86
744.73
744.77
744.98
745.39
745.47
745.57
745.58
745.88
746.29
746.38
746.90
747.32
747.36
748.58
748.68
748.71
749.00
749.45
749.77
749.89
750.70
750.93
751.03
751.26
751.59
752.18
752.20
752.32
752.32
752.86
753.22
753.80
754.16
754.97
755.07
755.29
755.52
755.94
756.08
756.10
756.13
756.15
756.15
756.59
757.22
757.85
758.08
758.24
758.78
759.32
759.86
759.91
760.53
761.22
761.25
761.31
761.39
761.45
761.67
761.81
761.85
762.02
762.28
762.37
762.43
762.65
762.81
762.89
763.38
763.54
764.19
764.63
764.84
766.16
766.52
766.77
767.11
767.35
767.41
767.75
767.80
768.21
768.39
768.42
768.66
768.76
768.77
768.94
769.36
769.63
769.90
770.48
770.70
770.85
771.30
772.20
772.30
773.10
773.39
773.41
773.49
773.64
774.05
774.20
774.21
774.31
774.82
775.01
775.11
775.24
775.30
775.40
775.40
775.62
776.06
776.48
776.66
777.28
777.55
777.90
778.57
778.63
779.02
779.50
779.53
779.91
780.07
780.13
780.18
780.44
780.79
780.88
781.08
781.08
781.18
781.27
781.42
781.45
781.74
781.89
782.15
782.17
782.21
783.71
783.98
783.99
784.21
784.73
785.48
785.62
786.68
786.78
787.83
787.89
788.00
788.67
788.79
788.94
789.35
789.44
789.78
790.00
790.04
790.34
790.51
790.67
790.81
791.12
791.24
791.68
792.42
792.44
792.52
792.65
792.65
792.68
792.74
793.10
793.21
793.50
793.52
793.52
793.67
794.91
795.18
795.86
796.00
796.77
796.77
796.79
796.85
796.98
797.06
797.41
797.99
798.59
798.80
799.12
800.32
800.57
800.84
801.13
801.54
801.71
801.73
801.84
802.06
802.52
803.88
803.97
804.25
804.33
804.37
804.50
804.90
805.08
805.11
805.16
805.20
805.65
806.56
806.83
807.46
807.53
807.67
807.92
808.02
808.05
808.12
808.12
808.54
809.48
809.52
809.79
809.90
810.37
810.57
810.65
811.37
811.83
812.44
812.70
812.74
812.84
812.98
813.26
813.36
813.54
813.88
814.64
814.89
814.93
815.15
815.79
816.17
816.23
816.29
816.43
816.50
816.64
816.66
816.70
817.11
817.46
818.00
818.08
818.20
818.28
818.38
819.45
819.70
820.41
820.88
821.26
822.90
823.28
823.30
824.44
825.80
826.01
826.06
826.14
826.39
826.80
826.83
826.92
827.04
827.73
827.78
828.32
828.76
829.00
829.48
829.59
830.02
830.48
830.97
831.20
831.61
831.94
832.13
832.35
832.56
833.05
833.32
833.91
834.11
834.18
835.04
835.80
836.34
836.38
837.74
837.98
838.62
839.77
841.46
841.92
843.16
844.36
844.43
844.49
845.47
845.49
845.50
846.16
846.22
846.41
846.67
846.80
846.95
847.43
848.44
848.74
848.86
849.15
849.41
849.50
849.54
850.18
850.21
850.35
851.06
851.14
851.19
851.21
851.32
851.34
851.43
851.52
851.81
852.88
852.93
854.01
854.08
854.48
855.45
855.47
855.89
856.01
856.14
856.29
856.60
856.77
856.90
857.08
857.43
857.45
857.65
857.98
858.28
859.24
859.25
859.83
860.47
860.57
860.89
862.13
862.18
862.27
862.36
862.36
862.48
862.97
863.77
864.25
864.55
864.57
864.59
864.95
865.03
865.04
865.18
865.35
865.74
866.17
866.52
866.53
866.93
867.95
868.32
868.54
868.66
868.91
869.20
869.65
869.71
869.93
870.29
870.92
871.80
871.95
872.26
872.67
872.72
872.79
872.95
873.04
873.77
873.85
874.19
874.25
874.85
875.20
875.70
876.45
876.52
876.60
876.65
876.68
876.80
877.08
877.67
877.76
878.65
879.65
879.83
879.90
879.98
881.30
881.41
881.53
881.54
882.96
883.70
883.74
884.06
884.27
884.78
885.03
886.29
886.36
886.39
886.48
886.99
887.56
887.65
887.78
887.86
887.93
888.17
888.47
888.76
888.76
889.20
890.22
891.39
891.41
891.50
891.77
892.22
893.04
893.34
893.66
893.80
894.02
894.08
894.20
894.49
895.09
895.09
895.16
895.35
895.62
895.73
895.75
896.08
896.32
897.03
897.22
897.30
897.36
897.45
897.72
899.63
900.07
900.30
900.36
901.09
901.24
901.64
902.13
902.69
902.75
902.76
903.07
903.26
903.44
903.49
903.62
903.85
904.08
905.04
905.41
905.51
905.53
905.60
905.77
905.94
906.04
906.88
906.91
906.96
907.18
907.18
907.27
907.29
907.36
907.42
908.31
908.32
908.52
908.72
908.88
909.85
910.63
910.74
911.10
912.02
912.16
912.41
912.77
913.47
913.80
914.65
915.28
915.32
915.36
915.45
916.06
916.27
916.48
916.65
916.85
917.53
917.89
918.07
918.66
918.67
918.86
919.40
919.85
919.91
920.83
920.87
921.36
921.44
921.91
922.01
922.15
922.39
923.35
923.45
923.57
923.66
923.76
923.93
924.04
924.38
924.41
925.00
925.06
925.49
925.95
926.92
927.13
927.78
927.80
927.86
928.43
928.63
929.12
929.73
930.68
930.93
931.04
931.26
931.78
932.02
932.34
933.45
933.65
933.85
934.80
936.44
936.49
937.49
937.53
937.85
937.95
938.36
938.73
939.29
939.44
939.62
942.00
942.07
942.48
942.78
942.85
943.47
943.80
943.98
944.18
944.51
944.55
945.27
946.02
946.30
946.42
946.94
948.44
948.80
949.88
950.97
950.98
951.17
951.40
951.67
951.88
951.96
952.11
952.18
952.98
953.21
953.58
953.89
954.09
954.35
954.36
954.40
954.49
954.60
954.88
954.98
955.02
955.20
955.38
955.41
956.51
958.64
958.94
959.00
959.15
960.11
960.18
960.41
960.71
960.74
960.97
961.24
961.44
961.70
961.78
962.43
962.72
962.83
962.95
963.35
963.94
963.94
963.95
964.15
964.23
964.59
964.70
964.83
965.08
965.42
965.56
965.78
965.92
965.93
966.00
966.08
966.23
966.43
966.44
967.08
967.34
968.89
969.14
969.45
969.47
969.59
969.61
969.73
970.95
971.09
971.45
972.25
973.52
973.52
973.60
973.67
974.23
974.33
974.39
975.31
975.62
975.76
975.96
976.21
976.21
976.49
976.87
976.88
977.39
978.08
979.18
979.27
979.27
979.43
979.45
979.71
980.58
980.98
981.09
981.12
981.13
981.31
981.53
981.60
981.79
982.61
983.09
983.20
983.48
983.96
984.34
984.49
984.61
985.36
986.00
986.06
986.90
986.91
987.44
988.13
988.28
988.46
988.50
988.51
988.58
989.51
989.54
989.69
990.07
990.37
991.69
992.15
992.29
992.65
992.65
993.35
993.45
993.95
994.09
994.25
994.41
994.56
995.29
996.66
996.97
997.46
997.59
997.71
997.87
997.88
998.41
998.80
999.00
999.17
999.26
999.40
999.43
999.46
999.80
999.98
1000.33
1000.45
1001.49
1001.72
1002.09
1002.58
1002.86
1002.95
1003.44
1004.43
1005.13
1005.27
1005.80
1006.56
1006.78
1006.82
1007.35
1007.53
1007.60
1007.89
1007.96
1008.77
1008.96
1008.99
1009.15
1009.31
1009.46
1009.78
1009.95
1010.18
1010.19
1010.42
1010.65
1010.98
1010.99
1011.20
1012.33
1012.37
1012.38
1012.68
1012.92
1013.27
1013.43
1014.60
1015.83
1015.97
1016.44
1016.89
1017.77
1017.80
1018.35
1018.49
1018.61
1018.74
1019.12
1019.30
1019.47
1019.99
1020.08
1020.60
1021.17
1022.87
1022.90
1023.37
1023.48
1024.17
1024.53
1024.79
1025.08
1025.37
1025.43
1025.54
1026.98
1026.98
1027.70
1028.34
1029.02
1029.27
1029.30
1029.37
1029.42
1029.48
1029.85
1030.49
1031.45
1031.50
1031.56
1032.31
1032.99
1033.02
1033.24
1033.37
1033.50
1033.52
1034.25
1034.45
1034.88
1034.95
1035.46
1035.47
1035.52
1035.86
1036.12
1036.82
1037.05
1037.07
1037.28
1037.52
1037.56
1038.38
1038.67
1039.02
1039.09
1039.32
1039.37
1039.76
1040.12
1040.45
1041.08
1041.31
1041.31
1041.40
1041.46
1042.04
1042.72
1042.72
1042.76
1042.97
1043.67
1043.98
1044.13
1044.29
1045.01
1045.10
1045.36
1045.44
1045.93
1046.63
1046.73
1046.74
1046.79
1047.18
1047.25
1047.65
1047.73
1047.88
1048.02
1048.05
1048.35
1048.90
1048.94
1049.37
1049.67
1049.73
1050.08
1050.21
1050.44
1051.01
1051.36
1051.73
1051.85
1051.87
1053.16
1053.44
1053.44
1053.85
1054.05
1054.15
1054.28
1054.28
1054.46
1054.76
1055.26
1055.37
1055.57
1056.60
1057.53
1057.95
1058.07
1058.95
1059.72
1060.30
1060.53
1061.55
1061.65
1062.23
1062.49
1062.74
1062.83
1063.23
1063.24
1063.36
1064.05
1064.10
1064.27
1064.60
1065.33
1066.09
1066.47
1066.84
1066.95
1067.01
1067.13
1067.16
1067.41
1067.42
1067.46
1067.68
1067.88
1068.59
1068.66
1069.36
1069.43
1069.79
1070.00
1070.24
1070.36
1070.64
1070.65
1070.73
1070.96
1071.13
1071.38
1071.45
1071.69
1071.90
1071.92
1072.07
1072.39
1073.18
1074.00
1074.51
1074.56
1075.23
1075.35
1075.43
1075.86
1075.92
1075.93
1076.95
1076.99
1078.05
1078.17
1078.17
1078.43
1078.75
1078.88
1079.04
1079.33
1079.85
1080.06
1080.29
1080.38
1080.90
1081.18
1081.37
1081.89
1081.89
1082.39
1082.54
1082.58
1082.63
1084.39
1084.62
1084.76
1085.03
1085.06
1085.10
1085.26
1085.36
1085.60
1085.90
1086.40
1086.71
1086.79
1088.24
1088.26
1088.79
1089.05
1089.40
1089.83
1090.10
1090.24
1092.02
1092.09
1093.11
1093.22
1093.50
1094.00
1094.21
1094.40
1094.84
1094.97
1095.42
1095.47
1095.64
1097.06
1097.32
1097.35
1097.64
1097.79
1097.93
1098.48
1098.96
1099.04
1099.31
1100.54
1100.59
1100.67
1100.74
1100.86
1100.97
1101.10
1101.79
1102.01
1102.89
1103.08
1103.28
1103.51
1103.93
1104.07
1104.31
1104.44
1104.67
1105.09
1105.41
1105.77
1105.84
1106.63
1106.88
1107.06
1107.68
1107.76
1107.84
1107.94
1108.40
1108.56
1109.31
1110.00
1110.40
1110.97
1111.56
1111.87
1112.34
1112.66
1112.75
1113.13
1113.69
1113.93
1113.95
1115.44
1115.81
1117.11
1117.40
1117.78
1118.30
1118.61
1118.64
1119.33
1119.47
1121.70
1121.81
1123.06
1123.35
1123.63
1125.66
1126.00
1126.20
1126.97
1127.32
1127.87
1128.53
1128.60
1128.81
1129.15
1129.79
1129.97
1130.07
1130.20
1130.36
1130.38
1131.09
1131.51
1132.32
1132.59
1133.40
1133.83
1133.85
1133.97
1134.18
1134.27
1134.39
1134.44
1135.19
1136.58
1136.75
1137.92
1138.34
1138.44
1139.40
1139.48
1139.53
1139.82
1140.40
1140.46
1141.16
1141.95
1142.64
1142.72
1143.03
1143.63
1143.71
1144.29
1144.40
1144.43
1145.18
1146.56
1146.92
1147.31
1147.74
1147.79
1148.84
1148.97
1149.08
1149.68
1150.01
1150.05
1150.17
1150.19
1150.30
1150.35
1150.97
1151.21
1151.22
1151.79
1152.84
1153.30
1153.88
1153.90
1153.99
1154.14
1154.54
1156.13
1156.36
1157.34
1157.60
1158.10
1158.29
1158.91
1158.92
1159.07
1160.22
1160.27
1160.54
1161.42
1161.48
1161.54
1161.92
1161.92
1162.42
1162.51
1162.64
1163.57
1163.58
1163.68
1163.86
1164.66
1165.02
1165.23
1165.25
1165.46
1165.68
1165.68
1165.87
1165.96
1166.15
1167.03
1167.14
1167.55
1167.84
1168.01
1168.46
1169.54
1169.76
1169.78
1170.04
1170.44
1170.49
1170.54
1170.92
1171.21
1171.41
1172.40
1172.69
1173.20
1173.44
1173.67
1173.96
1174.09
1174.81
1174.93
1174.99
1175.09
1176.82
1177.09
1177.96
1178.40
1178.65
1179.22
1179.36
1179.83
1179.84
1180.87
1181.38
1181.42
1181.44
1181.44
1181.90
1181.93
1182.31
1182.44
1182.90
1182.95
1184.65
1185.01
1185.30
1185.80
1186.24
1186.37
1186.55
1186.78
1187.59
1189.15
1189.32
1189.47
1189.60
1189.93
1190.33
1190.50
1191.11
1191.42
1191.67
1191.69
1191.80
1191.83
1192.98
1193.48
1193.76
1194.32
1194.73
1195.57
1195.61
1195.81
1196.65
1196.91
1197.18
1197.57
1198.68
1199.06
1199.45
1200.81
1201.43
1201.92
1202.67
1203.15
1203.37
1203.43
1203.44
1204.15
1204.62
1204.68
1204.68
1204.87
1205.11
1205.29
1205.30
1206.06
1206.22
1206.78
1206.84
1208.21
1208.32
1208.99
1209.16
1209.52
1210.07
1210.69
1210.77
1211.00
1211.26
1212.09
1213.30
1213.69
1214.23
1215.25
1215.78
1215.89
1217.21
1217.25
1217.37
1217.74
1218.49
1219.11
1219.13
1219.61
1220.72
1221.34
1221.46
1221.52
1222.07
1222.11
1222.35
1222.53
1223.10
1223.42
1224.10
1224.10
1225.79
1226.43
1226.77
1226.84
1226.93
1227.34
1227.52
1228.58
1229.03
1229.10
1229.42
1229.47
1229.90
1229.94
1230.19
1230.64
1230.83
1231.06
1231.84
1231.89
1232.28
1233.23
1233.67
1234.12
1234.52
1234.75
1234.92
1234.92
1236.17
1236.86
1237.25
1237.33
1239.02
1239.31
1240.00
1240.28
1240.78
1240.94
1241.29
1241.37
1241.45
1241.80
1241.80
1241.93
1242.87
1243.12
1243.96
1244.77
1245.43
1246.33
1247.35
1248.32
1248.68
1249.82
1249.91
1249.94
1250.39
1250.75
1250.91
1251.08
1251.70
1253.15
1253.46
1255.14
1255.56
1256.48
1256.49
1256.61
1256.94
1257.03
1257.44
1257.48
1257.74
1258.98
1259.24
1259.39
1260.21
1260.23
1260.36
1260.56
1260.89
1260.89
1261.05
1261.19
1261.19
1261.26
1261.39
1261.47
1263.50
1263.87
1264.13
1264.29
1264.78
1264.93
1265.17
1265.23
1265.32
1265.59
1267.69
1267.89
1268.11
1268.18
1269.15
1269.35
1269.37
1269.55
1269.98
1270.16
1271.57
1271.85
1272.94
1273.09
1273.39
1273.41
1273.42
1273.89
1274.08
1274.55
1274.67
1274.73
1275.39
1275.42
1276.44
1276.58
1277.71
1278.11
1278.96
1279.34
1280.29
1280.73
1281.14
1281.30
1282.35
1282.55
1282.55
1283.75
1284.04
1284.04
1284.80
1284.91
1285.05
1285.81
1286.19
1286.23
1286.59
1286.81
1286.85
1288.00
1288.08
1288.50
1288.62
1289.08
1289.40
1290.12
1290.73
1292.13
1292.14
1292.55
1292.59
1292.77
1293.71
1294.09
1295.21
1295.74
1296.53
1296.62
1296.67
1296.90
1296.95
1297.28
1297.69
1298.32
1299.67
1301.30
1301.37
1302.35
1302.56
1303.02
1303.15
1303.21
1303.36
1303.40
1303.66
1303.97
1303.97
1304.08
1304.11
1304.49
1305.92
1306.09
1307.50
1307.99
1309.00
1309.72
1309.85
1310.10
1310.13
1310.52
1311.59
1312.11
1312.18
1312.69
1312.91
1313.72
1313.77
1313.88
1314.08
1314.39
1315.25
1315.94
1316.39
1316.80
1317.00
1317.31
1317.81
1318.28
1319.01
1319.41
1319.54
1320.21
1320.31
1320.41
1320.87
1321.67
1321.72
1323.15
1323.51
1323.78
1324.77
1324.92
1324.93
1325.03
1325.13
1325.17
1325.55
1328.23
1328.59
1328.71
1328.79
1328.85
1328.89
1328.96
1329.38
1329.63
1329.87
1330.01
1330.33
1330.37
1331.15
1331.32
1331.56
1331.80
1332.06
1332.95
1333.33
1333.43
1334.54
1334.61
1334.77
1336.09
1336.93
1337.84
1338.17
1338.24
1339.10
1339.34
1339.37
1339.43
1341.00
1341.81
1341.82
1341.91
1341.95
1342.33
1343.70
1343.80
1344.85
1345.12
1345.28
1345.76
1346.40
1347.16
1347.24
1347.38
1347.51
1347.63
1347.64
1348.01
1348.43
1348.64
1348.64
1349.41
1350.56
1350.64
1350.78
1350.99
1352.03
1352.05
1352.22
1352.98
1353.91
1353.97
1354.50
1354.51
1355.23
1355.28
1355.45
1355.73
1356.14
1356.30
1356.45
1356.54
1356.74
1357.43
1357.71
1358.30
1358.67
1358.96
1359.18
1359.27
1359.82
1359.89
1361.32
1361.45
1361.91
1362.82
1363.20
1363.47
1363.60
1363.85
1365.77
1366.41
1366.61
1366.81
1367.15
1367.87
1367.95
1368.29
1368.91
1369.37
1369.47
1369.63
1370.12
1370.46
1370.75
1371.53
1371.86
1372.08
1372.69
1373.34
1373.36
1373.72
1377.17
1378.33
1378.87
1379.32
1379.90
1380.81
1381.00
1381.48
1382.21
1382.41
1382.42
1383.59
1384.37
1384.94
1385.13
1385.76
1385.93
1386.03
1386.75
1387.73
1388.10
1388.36
1388.36
1389.04
1389.08
1390.24
1390.30
1390.92
1391.22
1391.40
1391.68
1391.80
1392.48
1392.50
1392.80
1393.21
1393.45
1393.78
1393.85
1393.97
1394.06
1394.43
1394.49
1394.74
1396.18
1396.75
1398.14
1398.64
1399.05
1399.10
1400.25
1400.46
1400.66
1401.93
1402.90
1403.14
1403.51
1403.65
1403.74
1404.39
1404.42
1404.57
1404.89
1405.35
1405.53
1405.71
1405.71
1406.08
1406.18
1407.11
1407.78
1407.87
1408.48
1409.63
1409.69
1410.40
1410.47
1411.60
1411.64
1411.90
1412.10
1412.19
1412.37
1413.26
1414.32
1414.97
1415.01
1415.73
1415.92
1416.40
1417.89
1417.92
1418.16
1418.22
1419.33
1419.41
1419.71
1419.77
1420.48
1420.88
1420.91
1421.36
1421.47
1421.63
1421.79
1422.03
1422.07
1422.10
1422.34
1422.79
1424.87
1425.87
1426.35
1426.40
1427.09
1427.38
1427.43
1427.58
1428.00
1428.50
1428.67
1429.22
1429.67
1430.75
1431.48
1432.72
1432.97
1433.51
1433.87
1434.55
1435.16
1435.39
1435.64
1435.67
1435.90
1435.92
1436.40
1437.57
1437.82
1438.02
1438.14
1438.14
1439.61
1439.73
1440.85
1441.24
1441.74
1442.05
1442.69
1443.05
1443.19
1443.32
1443.77
1444.71
1444.93
1445.94
1446.05
1446.37
1446.49
1447.13
1448.40
1448.59
1448.65
1448.67
1449.36
1449.44
1450.82
1451.34
1451.93
1451.96
1452.58
1453.94
1453.96
1454.02
1454.12
1455.03
1455.35
1455.57
1455.83
1456.57
1457.41
1457.41
1458.15
1458.66
1458.69
1459.02
1459.13
1459.38
1459.75
1460.01
1460.47
1460.79
1460.82
1461.26
1461.50
1461.75
1461.78
1462.20
1462.45
1463.73
1464.30
1465.46
1465.60
1466.73
1467.85
1467.90
1468.06
1468.92
1468.98
1469.43
1469.51
1469.57
1470.27
1470.83
1472.39
1472.80
1472.96
1473.39
1474.09
1474.33
1474.76
1474.92
1475.24
1476.25
1477.43
1478.25
1478.60
1479.49
1479.65
1479.97
1480.05
1481.00
1481.13
1481.26
1481.48
1481.62
1481.67
1481.75
1482.35
1484.10
1484.51
1484.69
1485.69
1486.25
1486.26
1486.28
1486.59
1487.10
1487.42
1487.58
1488.10
1489.18
1489.55
1490.18
1490.35
1490.47
1490.50
1490.69
1490.89
1491.00
1492.68
1493.05
1493.26
1494.07
1495.36
1495.56
1496.06
1496.20
1496.62
1496.69
1496.96
1497.11
1497.34
1497.42
1497.90
1498.34
1498.42
1498.78
1499.49
1499.98
1500.11
1500.34
1500.66
1500.99
1501.05
1501.10
1501.18
1502.55
1502.60
1502.61
1502.68
1502.81
1502.89
1503.15
1503.91
1503.95
1504.55
1504.56
1505.82
1505.93
1505.95
1506.09
1506.62
1506.96
1507.46
1508.15
1508.51
1508.54
1508.56
1508.77
1508.97
1510.19
1510.96
1511.04
1511.04
1511.61
1511.71
1511.96
1512.20
1512.30
1513.17
1513.51
1514.33
1514.94
1515.63
1515.81
1516.41
1516.49
1516.82
1516.99
1517.77
1519.43
1520.13
1520.37
1520.50
1521.26
1521.29
1521.72
1522.08
1522.46
1523.22
1523.70
1523.81
1523.96
1524.11
1525.18
1525.66
1526.06
1526.36
1526.93
1527.35
1529.58
1529.99
1530.37
1530.64
1531.18
1532.01
1532.54
1532.63
1532.91
1533.72
1533.90
1534.67
1534.73
1535.73
1536.30
1536.36
1536.68
1537.14
1537.36
1538.24
1538.44
1538.59
1538.91
1540.61
1540.94
1541.02
1541.52
1541.97
1542.09
1542.73
1543.81
1543.89
1543.96
1544.33
1544.43
1544.73
1545.21
1547.39
1547.51
1548.95
1549.00
1549.25
1549.92
1550.66
1551.18
1551.72
1551.78
1551.98
1552.32
1552.64
1552.77
1553.19
1553.33
1554.17
1554.62
1554.91
1555.55
1556.37
1556.42
1556.49
1556.79
1557.11
1557.94
1558.04
1558.14
1558.19
1559.07
1559.32
1559.76
1560.08
1560.17
1560.34
1560.42
1560.59
1560.61
1561.08
1561.13
1562.38
1562.38
1562.45
1564.12
1564.39
1564.73
1565.14
1565.39
1566.14
1566.71
1566.76
1567.12
1567.17
1567.54
1567.97
1569.95
1571.45
1572.42
1572.76
1572.84
1573.99
1574.00
1574.04
1574.73
1575.11
1575.43
1575.72
1576.17
1576.95
1576.95
1577.41
1578.25
1578.40
1579.09
1579.41
1579.63
1580.37
1580.98
1581.24
1582.20
1583.35
1583.36
1583.40
1584.25
1584.58
1584.77
1586.50
1587.27
1587.91
1589.16
1589.18
1589.61
1590.06
1590.26
1590.80
1591.35
1591.35
1591.40
1592.19
1593.74
1593.80
1594.14
1594.69
1594.69
1595.62
1595.68
1596.32
1596.38
1596.42
1596.47
1598.11
1598.22
1598.34
1598.37
1598.44
1598.58
1598.86
1599.12
1599.13
1599.76
1600.66
1601.28
1601.59
1603.55
1603.55
1603.93
1604.49
1604.52
1604.64
1604.97
1605.10
1605.24
1605.44
1606.36
1606.90
1607.60
1608.02
1609.04
1609.83
1610.40
1610.82
1610.94
1610.99
1611.10
1611.66
1611.97
1613.24
1616.28
1616.46
1616.55
1616.70
1616.77
1617.33
1617.46
1618.75
1618.93
1619.31
1619.56
1620.19
1621.29
1621.31
1621.57
1621.86
1622.47
1623.45
1623.56
1623.65
1623.65
1624.56
1624.86
1627.60
1627.92
1628.98
1629.51
1629.89
1629.97
1630.26
1630.37
1630.78
1631.06
1631.22
1631.34
1631.50
1631.54
1631.78
1633.02
1634.54
1634.98
1635.46
1636.03
1636.95
1638.17
1638.19
1638.79
1639.06
1639.06
1639.11
1639.13
1640.24
1640.67
1641.06
1641.77
1642.93
1642.96
1643.55
1644.08
1644.58
1644.67
1644.67
1644.72
1645.83
1646.25
1646.41
1646.70
1647.18
1647.79
1647.91
1647.96
1648.73
1649.39
1650.57
1650.87
1652.66
1652.73
1653.20
1653.27
1653.55
1653.59
1654.27
1654.32
1654.47
1654.75
1655.88
1656.28
1656.35
1656.76
1656.80
1656.87
1657.01
1658.11
1658.48
1658.70
1658.91
1659.38
1660.24
1660.83
1661.18
1661.39
1661.46
1662.79
1665.21
1665.55
1665.98
1666.07
1666.81
1667.84
1668.18
1669.01
1669.03
1669.37
1670.37
1670.91
1671.90
1672.00
1672.12
1672.61
1672.90
1673.41
1674.06
1674.33
1677.36
1677.36
1678.99
1679.23
1679.39
1680.36
1681.37
1682.07
1682.56
1682.67
1684.01
1685.11
1686.51
1687.75
1688.17
1688.17
1688.92
1689.42
1689.67
1690.28
1690.84
1691.59
1692.25
1693.59
1694.71
1694.96
1695.62
1695.66
1695.81
1696.71
1696.74
1697.79
1700.16
1700.22
1701.71
1702.26
1702.87
1703.46
1705.36
1705.58
1705.93
1706.17
1706.32
1706.70
1706.72
1708.59
1708.87
1709.98
1711.14
1713.61
1713.94
1714.24
1714.63
1715.13
1715.48
1715.89
1715.91
1715.98
1716.89
1717.10
1719.59
1719.87
1720.31
1721.02
1722.08
1722.36
1723.68
1724.04
1725.05
1725.40
1726.41
1726.80
1726.99
1727.18
1727.18
1727.76
1729.18
1729.46
1730.39
1730.45
1730.51
1730.75
1731.07
1732.00
1732.00
1732.21
1732.32
1732.96
1732.98
1734.12
1734.48
1735.12
1735.64
1737.09
1737.62
1737.79
1738.27
1738.52
1738.73
1739.27
1739.82
1739.93
1740.23
1740.34
1740.99
1741.55
1741.72
1742.23
1742.44
1742.96
1743.78
1744.25
1744.85
1745.40
1746.10
1746.66
1746.82
1747.12
1747.48
1747.48
1747.67
1748.21
1748.23
1748.40
1748.80
1749.27
1749.97
1750.07
1750.68
1750.94
1751.79
1752.49
1752.59
1752.91
1753.99
1755.17
1756.22
1756.54
1756.63
1756.82
1757.11
1760.21
1760.25
1760.90
1761.03
1761.12
1761.35
1761.66
1763.76
1764.25
1764.67
1765.26
1765.74
1765.89
1765.93
1766.93
1767.27
1768.02
1768.55
1769.43
1769.85
1771.89
1772.48
1773.46
1774.97
1774.99
1775.05
1775.80
1778.11
1780.36
1780.48
1780.82
1781.61
1782.67
1783.27
1783.46
1783.46
1783.48
1783.70
1784.35
1784.64
1784.82
1785.61
1785.74
1787.62
1788.41
1789.82
1790.15
1790.21
1790.91
1792.15
1792.17
1792.30
1792.54
1792.54
1792.67
1792.69
1792.93
1792.96
1794.01
1794.03
1794.38
1794.50
1794.92
1795.49
1796.09
1796.61
1796.75
1797.41
1797.59
1797.74
1798.64
1798.83
1799.53
1799.73
1799.82
1800.23
1800.43
1801.31
1802.34
1802.88
1803.49
1803.55
1804.08
1804.08
1804.15
1804.47
1805.91
1806.91
1807.12
1807.20
1807.24
1807.26
1808.14
1810.55
1812.12
1813.74
1814.20
1814.90
1815.49
1815.61
1816.73
1817.44
1817.55
1817.91
1818.36
1819.23
1819.94
1819.98
1822.06
1823.07
1823.11
1823.39
1823.80
1824.41
1824.83
1825.32
1825.66
1825.68
1825.85
1826.35
1826.49
1826.86
1827.16
1827.20
1827.24
1828.34
1829.06
1829.10
1829.41
1829.69
1830.24
1830.38
1830.56
1830.68
1830.92
1831.16
1833.18
1833.36
1833.59
1833.61
1833.65
1833.79
1834.01
1834.07
1834.70
1836.25
1836.29
1837.61
1837.69
1837.74
1837.84
1839.67
1840.29
1841.07
1841.09
1841.87
1842.70
1842.84
1843.76
1846.13
1847.91
1848.39
1849.29
1849.87
1850.65
1850.94
1851.32
1853.38
1853.42
1853.80
1854.26
1855.31
1857.88
1858.06
1858.08
1858.30
1858.42
1859.35
1859.73
1859.81
1860.94
1862.31
1863.41
1863.47
1864.70
1865.19
1866.14
1866.93
1867.47
1867.55
1868.85
1869.27
1869.82
1870.00
1870.24
1870.28
1870.38
1871.03
1871.29
1872.65
1872.81
1872.89
1874.17
1874.41
1875.14
1875.16
1875.41
1875.87
1879.06
1879.96
1880.04
1880.69
1881.22
1881.77
1882.01
1882.44
1883.38
1884.56
1885.44
1885.93
1886.32
1886.99
1887.83
1887.87
1887.87
1888.01
1888.42
1889.69
1889.85
1890.20
1890.24
1891.08
1891.12
1891.26
1891.32
1892.22
1894.23
1894.91
1895.15
1895.63
1895.91
1896.10
1896.59
1896.81
1897.31
1897.43
1897.66
1897.72
1897.84
1898.85
1899.34
1901.29
1902.61
1902.78
1903.13
1903.21
1904.36
1904.73
1905.25
1905.62
1905.64
1905.74
1906.07
1906.18
1906.20
1906.42
1907.21
1907.83
1908.12
1908.16
1908.22
1908.36
1908.45
1908.55
1909.13
1910.59
1910.93
1911.42
1912.06
1912.89
1913.20
1913.80
1913.84
1914.20
1915.02
1915.56
1916.04
1917.41
1917.72
1917.93
1918.63
1919.30
1919.84
1920.13
1920.54
1921.15
1921.50
1921.89
1922.83
1923.04
1923.14
1923.66
1923.73
1924.37
1924.45
1926.12
1928.39
1928.71
1929.37
1929.65
1929.98
1930.38
1930.63
1932.22
1932.38
1932.38
1932.51
1932.95
1933.39
1934.22
1934.64
1935.42
1939.71
1940.01
1940.43
1940.53
1941.37
1942.00
1943.18
1944.15
1944.53
1945.20
1945.73
1948.95
1949.52
1949.67
1949.88
1951.21
1951.31
1951.69
1952.05
1953.32
1953.43
1953.62
1953.64
1954.63
1954.84
1955.88
1956.05
1956.24
1956.98
1958.86
1960.58
1961.07
1962.51
1963.28
1963.30
1964.04
1964.60
1964.64
1965.19
1965.89
1966.79
1967.62
1967.79
1968.72
1969.00
1969.70
1970.90
1971.24
1971.41
1971.43
1971.75
1972.11
1972.99
1975.79
1976.62
1977.07
1978.18
1978.78
1979.42
1979.72
1979.83
1980.95
1981.18
1983.63
1986.05
1986.93
1988.57
1988.70
1989.84
1990.38
1990.83
1991.48
1993.16
1993.91
1994.06
1995.29
1996.29
1997.09
1997.93
1999.25
2001.11
2001.52
2002.13
2002.65
2003.10
2003.19
2003.28
2003.28
2005.75
2006.75
2007.35
2010.57
2011.27
2011.70
2011.88
2013.31
2015.62
2015.65
2016.06
2016.10
2016.72
2016.91
2018.09
2018.66
2018.92
2019.99
2020.17
2020.30
2020.95
2021.11
2022.37
2024.08
2024.52
2024.61
2024.76
2024.94
2025.40
2027.04
2027.74
2028.29
2028.86
2029.02
2029.21
2029.48
2032.03
2032.14
2032.58
2033.17
2033.39
2033.46
2033.81
2034.82
2035.59
2036.12
2036.16
2036.78
2037.02
2037.97
2038.08
2039.03
2039.07
2039.89
2040.07
2040.71
2041.24
2041.86
2041.97
2043.42
2043.60
2044.04
2044.99
2045.61
2048.63
2048.76
2049.29
2054.40
2054.95
2055.75
2056.09
2056.40
2057.69
2058.38
2058.54
2058.85
2059.18
2059.38
2059.49
2059.72
2060.12
2060.39
2061.50
2063.31
2064.25
2066.06
2066.95
2067.31
2067.96
2068.72
2068.87
2068.94
2070.78
2072.06
2072.15
2073.02
2073.13
2073.85
2074.23
2074.88
2076.63
2078.03
2078.37
2078.37
2078.77
2079.74
2079.78
2081.34
2082.44
2082.82
2083.36
2083.45
2083.84
2084.76
2085.42
2085.44
2086.66
2086.93
2088.08
2088.28
2088.96
2089.46
2089.71
2089.84
2090.75
2092.99
2093.17
2093.85
2094.35
2095.19
2095.28
2095.98
2096.14
2096.34
2096.39
2096.41
2098.04
2102.07
2102.82
2102.98
2103.00
2103.45
2105.25
2105.43
2106.19
2107.33
2107.49
2107.60
2108.24
2108.44
2108.90
2108.97
2110.54
2110.59
2111.21
2111.80
2111.85
2112.07
2112.14
2114.36
2115.14
2116.26
2116.67
2117.29
2117.52
2118.53
2119.24
2119.63
2121.49
2122.47
2122.66
2123.74
2124.98
2125.00
2125.12
2125.23
2125.72
2126.64
2126.96
2127.49
2127.53
2128.55
2129.81
2129.86
2130.30
2132.67
2132.97
2133.67
2134.20
2134.52
2135.77
2136.44
2137.04
2138.26
2138.31
2138.54
2138.75
2138.75
2141.07
2142.97
2143.41
2143.45
2144.03
2144.64
2144.80
2144.96
2145.15
2145.31
2146.12
2146.31
2146.63
2146.84
2147.12
2147.14
2147.33
2148.61
2149.33
2149.96
2150.10
2150.35
2150.35
2151.26
2153.45
2153.66
2154.01
2154.01
2154.43
2155.34
2155.36
2155.55
2155.76
2155.94
2156.27
2156.29
2156.60
2157.44
2157.79
2158.25
2158.63
2158.70
2159.23
2160.10
2160.22
2161.50
2161.83
2162.74
2163.12
2165.72
2166.70
2167.61
2168.18
2170.99
2171.06
2171.30
2171.44
2171.58
2173.27
2173.39
2173.93
2175.11
2175.30
2175.70
2176.97
2177.75
2178.57
2178.62
2178.67
2178.81
2178.85
2179.51
2179.66
2179.68
2180.06
2180.08
2181.73
2182.42
2182.79
2183.05
2183.31
2183.72
2185.13
2186.58
2187.03
2187.24
2187.78
2188.35
2191.10
2191.24
2192.74
2194.21
2195.04
2195.09
2197.25
2198.13
2198.87
2199.10
2199.10
2200.96
2201.96
2203.20
2203.22
2203.84
2204.06
2204.63
2205.11
2206.35
2207.95
2208.67
2209.43
2209.84
2210.36
2210.48
2211.20
2211.75
2211.85
2212.40
2214.07
2214.60
2214.94
2216.09
2216.69
2216.97
2217.43
2217.53
2219.64
2221.20
2221.66
2224.04
2224.13
2224.33
2224.40
2225.19
2226.01
2226.01
2227.24
2228.42
2228.86
2229.02
2229.22
2230.01
2230.45
2230.69
2232.45
2233.10
2233.56
2233.68
2234.58
2235.96
2236.61
2236.66
2236.90
2236.92
2237.87
2238.35
2238.67
2239.30
2239.61
2240.53
2241.50
2241.79
2243.27
2244.51
2246.21
2246.31
2246.75
2247.87
2248.74
2248.79
2248.94
2249.45
2249.57
2249.76
2250.76
2251.42
2251.93
2252.22
2252.37
2253.69
2254.59
2256.52
2257.71
2258.55
2259.99
2261.06
2261.41
2262.65
2262.75
2264.66
2264.88
2265.01
2267.56
2268.41
2268.66
2268.68
2268.78
2270.06
2270.13
2270.18
2270.87
2271.09
2271.88
2272.17
2272.74
2273.85
2275.91
2276.18
2276.23
2276.36
2276.92
2277.29
2277.96
2278.62
2278.85
2279.17
2279.58
2279.73
2281.68
2282.27
2286.03
2287.91
2288.13
2290.24
2290.74
2291.13
2291.65
2291.98
2292.07
2292.69
2292.97
2293.71
2293.79
2294.78
2294.98
2295.10
2295.50
2295.77
2296.00
2296.74
2297.61
2297.71
2298.81
2299.33
2299.40
2299.73
2301.32
2301.57
2302.44
2302.59
2304.01
2304.06
2304.18
2304.56
2304.88
2305.48
2305.68
2306.20
2306.60
2306.80
2307.30
2307.58
2308.13
2308.23
2309.18
2309.45
2309.55
2309.98
2310.10
2310.18
2310.73
2311.60
2311.83
2313.55
2315.28
2315.98
2316.18
2316.38
2318.16
2318.29
2319.29
2320.07
2320.57
2322.20
2322.88
2323.66
2324.84
2325.25
2326.93
2327.56
2327.81
2328.87
2329.17
2329.17
2329.55
2330.96
2332.58
2333.11
2333.79
2335.46
2336.32
2336.72
2337.33
2339.68
2339.81
2340.72
2340.87
2341.68
2343.51
2345.00
2345.26
2346.50
2346.73
2347.29
2347.69
2347.75
2347.92
2348.38
2348.81
2350.19
2350.31
2350.59
2350.87
2351.36
2354.74
2355.30
2356.17
2356.83
2357.04
2357.88
2358.23
2358.59
2359.03
2359.49
2360.12
2360.56
2362.99
2364.60
2365.36
2366.44
2366.77
2367.64
2368.54
2368.54
2369.03
2369.64
2370.90
2372.18
2373.23
2373.65
2374.03
2374.36
2374.62
2375.01
2375.03
2376.83
2378.43
2378.66
2379.22
2379.87
2380.25
2380.87
2381.29
2381.31
2381.96
2383.68
2383.68
2383.97
2384.53
2385.59
2385.75
2386.34
2388.90
2391.79
2393.63
2395.03
2395.89
2398.58
2399.60
2402.06
2402.12
2403.18
2403.23
2403.60
2403.65
2405.73
2408.36
2408.65
2409.77
2411.41
2413.89
2413.97
2414.81
2415.59
2415.72
2416.06
2418.23
2420.06
2420.54
2420.59
2421.24
2421.32
2422.32
2423.37
2424.02
2424.13
2424.31
2424.76
2425.52
2425.86
2425.99
2426.15
2426.70
2427.80
2428.67
2429.96
2430.43
2430.88
2430.90
2431.46
2431.53
2432.74
2433.19
2433.67
2433.93
2434.25
2435.96
2436.27
2437.28
2438.12
2438.89
2438.91
2439.23
2439.76
2439.97
2446.34
2448.51
2448.96
2449.49
2449.62
2450.95
2451.00
2451.13
2451.43
2451.45
2451.69
2452.65
2452.70
2454.19
2454.37
2454.64
2456.58
2456.58
2456.82
2457.93
2458.28
2458.97
2459.37
2460.19
2460.33
2460.67
2462.27
2462.62
2463.07
2463.10
2463.26
2464.08
2466.86
2467.37
2467.39
2468.57
2469.42
2473.14
2473.59
2475.01
2475.01
2475.79
2476.08
2476.41
2477.26
2477.53
2477.96
2477.99
2478.31
2479.17
2479.33
2480.05
2480.83
2481.80
2481.93
2485.16
2485.48
2486.26
2487.23
2487.58
2488.03
2488.30
2490.57
2490.97
2491.16
2492.16
2492.18
2492.75
2493.21
2495.02
2495.07
2495.23
2495.29
2495.77
2496.31
2496.53
2497.20
2497.85
2498.53
2499.10
2499.18
2499.66
2499.88
2501.18
2501.37
2503.13
2504.02
2504.43
2504.43
2504.62
2504.89
2506.81
2509.66
2509.66
2509.69
2510.32
2510.48
2511.73
2513.41
2514.09
2515.51
2515.84
2516.00
2517.90
2518.91
2518.99
2519.87
2519.98
2521.12
2521.75
2522.24
2523.66
2525.46
2527.05
2529.43
2532.88
2532.91
2533.21
2533.76
2533.84
2534.50
2534.69
2535.13
2536.61
2536.72
2536.75
2537.35
2537.95
2538.53
2539.99
2541.61
2541.86
2543.23
2543.29
2543.73
2544.39
2544.75
2545.68
2546.20
2546.51
2547.72
2548.55
2549.71
2551.20
2551.97
2552.60
2552.85
2553.52
2555.12
2555.48
2555.98
2556.31
2556.42
2556.83
2557.08
2557.47
2557.64
2557.75
2560.38
2561.10
2562.40
2562.57
2562.76
2563.09
2564.92
2564.95
2565.81
2568.81
2569.06
2571.43
2576.05
2576.66
2577.14
2578.06
2578.39
2582.61
2582.66
2583.19
2583.50
2583.78
2584.06
2586.49
2586.86
2588.43
2590.58
2591.31
2592.60
2595.04
2595.58
2595.91
2596.22
2597.24
2597.49
2598.72
2599.29
2601.57
2602.10
2602.61
2602.64
2602.66
2602.69
2603.31
2603.65
2604.19
2605.65
2605.76
2605.96
2607.91
2609.71
2612.62
2612.82
2613.22
2613.98
2615.48
2615.54
2617.29
2618.23
2618.71
2619.76
2621.43
2622.59
2624.95
2625.21
2625.72
2626.85
2627.73
2628.13
2628.30
2629.98
2630.29
2631.23
2632.37
2633.48
2633.94
2634.17
2635.88
2636.13
2636.22
2639.56
2644.68
2645.54
2647.14
2647.17
2648.00
2648.51
2648.60
2648.66
2649.00
2649.43
2650.61
2651.90
2652.79
2653.28
2653.65
2654.28
2655.92
2655.92
2656.49
2656.64
2657.38
2657.61
2658.99
2660.09
2660.23
2661.56
2661.73
2662.48
2663.46
2663.75
2664.29
2665.33
2665.56
2665.74
2666.77
2667.96
2668.30
2669.05
2669.89
2669.98
2671.68
2672.17
2672.32
2672.52
2673.16
2674.03
2675.50
2675.62
2676.31
2678.66
2679.09
2679.24
2679.62
2679.82
2681.76
2682.49
2683.01
2683.45
2683.59
2684.06
2685.10
2685.77
2686.52
2687.19
2687.54
2687.83
2688.62
2689.23
2689.43
2689.58
2690.02
2693.68
2696.75
2697.21
2698.35
2698.99
2699.96
2700.02
2700.05
2700.19
2701.24
2701.95
2701.95
2702.65
2703.82
2703.99
2706.13
2708.06
2708.50
2708.56
2708.59
2710.35
2711.87
2713.43
2713.87
2719.19
2719.43
2720.25
2720.51
2721.19
2721.31
2721.87
2722.02
2723.58
2723.78
2724.17
2725.08
2725.35
2725.55
2725.91
2725.97
2726.73
2728.30
2730.60
2730.69
2730.75
2730.75
2730.95
2731.58
2732.11
2732.20
2732.52
2733.85
2734.62
2735.92
2736.22
2737.02
2737.76
2738.65
2739.63
2742.98
2743.96
2745.86
2746.13
2746.69
2746.81
2747.40
2748.24
2749.25
2749.34
2750.76
2750.85
2751.00
2751.36
2751.96
2753.35
2754.22
2754.76
2757.20
2758.01
2759.11
2759.29
2761.71
2761.80
2763.26
2765.27
2766.40
2768.92
2769.52
2769.85
2771.32
2773.21
2779.73
2779.76
2779.97
2780.63
2781.02
2783.01
2786.89
2787.83
2790.24
2790.33
2790.36
2791.15
2792.72
2794.41
2796.35
2797.62
2797.83
2799.37
2801.07
2802.71
2803.41
2803.89
2804.38
2805.01
2805.41
2805.71
2806.11
2806.29
2806.84
2807.08
2807.81
2808.14
2808.42
2810.57
2810.97
2811.06
2811.73
2813.56
2813.77
2814.01
2815.08
2815.23
2816.84
2819.47
2819.59
2820.63
2820.78
2820.90
2821.21
2823.50
2826.46
2827.10
2827.29
2828.33
2830.13
2831.02
2831.36
2831.57
2834.67
2835.37
2835.59
2836.54
2836.82
2837.03
2837.22
2837.68
2837.83
2839.80
2840.32
2841.12
2842.53
2843.02
2844.35
2844.72
2845.46
2846.16
2852.48
2853.19
2854.27
2854.58
2855.14
2855.23
2855.26
2856.34
2856.81
2857.80
2857.83
2859.65
2860.09
2863.49
2863.52
2864.20
2866.65
2868.83
2869.48
2870.72
2870.84
2871.56
2873.45
2874.39
2875.04
2875.32
2875.66
2876.47
2877.56
2877.62
2877.72
2878.65
2883.64
2884.14
2884.39
2885.76
2886.45
2886.60
2888.29
2889.07
2890.51
2891.86
2892.17
2892.83
2892.98
2893.42
2893.42
2894.11
2894.42
2896.49
2896.65
2898.34
2898.40
2898.97
2899.94
2900.54
2900.88
2902.29
2903.87
2904.30
2905.12
2905.78
2905.97
2905.97
2906.35
2906.98
2907.48
2909.02
2909.78
2909.90
2910.25
2911.26
2911.29
2911.45
2911.54
2912.14
2912.49
2912.96
2914.38
2914.57
2914.82
2915.07
2916.74
2919.05
2919.33
2919.52
2920.34
2922.87
2923.35
2924.61
2924.80
2925.09
2926.54
2926.99
2928.22
2928.51
2930.35
2930.69
2930.73
2930.82
2931.27
2934.53
2934.53
2934.98
2937.04
2937.55
2938.44
2940.06
2940.25
2941.27
2941.94
2942.45
2943.69
2943.92
2944.04
2945.70
2946.43
2947.04
2947.93
2947.96
2949.49
2951.15
2951.41
2951.63
2951.73
2951.89
2952.82
2955.12
2955.82
2956.24
2956.65
2957.80
2957.90
2958.44
2958.96
2959.02
2959.72
2961.36
2962.13
2966.39
2966.91
2967.52
2968.45
2970.99
2971.08
2971.63
2971.63
2972.98
2975.68
2978.20
2980.23
2983.52
2983.94
2984.68
2984.81
2984.87
2987.23
2987.65
2987.78
2989.24
2990.05
2992.15
2994.29
2996.43
2997.59
2998.76
2999.80
3000.35
3002.75
3004.09
3004.31
3006.56
3006.72
3010.76
3012.52
3013.14
3014.37
3016.04
3016.23
3016.46
3017.57
3017.74
3019.73
3020.38
3021.69
3022.51
3023.62
3024.24
3024.76
3024.86
3026.66
3026.86
3028.86
3029.94
3031.78
3032.69
3032.73
3035.49
3035.55
3037.39
3038.02
3038.54
3040.12
3042.69
3043.64
3045.78
3046.31
3046.74
3047.04
3047.36
3047.56
3049.11
3049.81
3050.14
3051.26
3051.98
3052.51
3054.16
3054.66
3054.86
3056.71
3057.93
3058.00
3058.10
3059.95
3062.67
3063.70
3064.62
3064.76
3065.25
3066.25
3067.74
3068.31
3068.91
3069.10
3070.96
3071.00
3071.43
3071.83
3072.89
3072.99
3073.26
3073.76
3073.82
3074.99
3075.09
3076.88
3077.98
3080.22
3080.25
3080.85
3081.12
3082.52
3083.72
3085.22
3086.92
3088.29
3091.57
3092.17
3092.74
3094.28
3095.15
3095.28
3096.59
3096.89
3097.06
3097.06
3097.06
3097.39
3097.59
3101.82
3102.19
3102.83
3104.10
3104.51
3104.57
3105.21
3105.95
3107.90
3108.61
3108.94
3111.23
3112.95
3116.12
3118.11
3118.58
3118.58
3120.00
3120.64
3121.82
3123.00
3123.85
3124.96
3125.33
3126.18
3126.82
3131.33
3133.73
3134.04
3134.07
3135.50
3135.73
3137.67
3137.97
3138.28
3139.26
3140.01
3143.38
3144.19
3144.57
3145.01
3145.45
3145.66
3146.88
3148.55
3148.99
3150.59
3150.66
3151.38
3152.03
3154.96
3156.26
3156.70
3158.07
3158.75
3158.79
3160.91
3160.94
3161.66
3161.90
3163.13
3163.75
3166.76
3166.79
3167.14
3169.19
3169.57
3169.61
3169.67
3169.74
3170.50
3170.84
3172.21
3172.59
3177.40
3179.02
3179.05
3179.43
3179.98
3180.05
3180.19
3181.42
3183.18
3184.63
3185.66
3185.94
3186.21
3186.42
3187.73
3190.04
3195.71
3200.17
3200.21
3202.53
3204.19
3204.54
3204.92
3205.09
3205.33
3205.72
3206.69
3207.03
3207.28
3210.68
3211.76
3213.63
3214.92
3216.94
3217.25
3220.53
3221.85
3222.27
3222.55
3223.91
3224.64
3226.70
3231.35
3232.46
3232.50
3233.37
3233.55
3234.67
3234.74
3235.09
3236.66
3239.89
3240.73
3241.36
3242.38
3242.87
3243.01
3243.92
3244.52
3244.83
3244.90
3247.19
3247.75
3248.24
3250.07
3251.20
3252.43
3256.48
3258.24
3259.97
3260.25
3260.50
3261.27
3261.31
3262.40
3264.10
3266.64
3267.52
3271.70
3271.95
3272.19
3274.07
3277.58
3279.64
3280.03
3281.59
3281.98
3282.05
3282.94
3283.33
3284.64
3286.17
3286.31
3286.63
3286.85
3290.23
3290.23
3290.30
3291.30
3291.72
3293.54
3294.40
3296.96
3297.21
3298.82
3299.35
3307.25
3309.94
3310.98
3313.16
3313.20
3315.46
3315.96
3316.39
3316.43
3316.53
3316.57
3316.82
3317.61
3318.69
3322.39
3323.25
3323.36
3325.48
3326.38
3327.82
3328.76
3331.06
3333.91
3335.32
3337.02
3340.77
3343.09
3345.51
3346.38
3347.83
3348.52
3351.85
3352.21
3353.63
3354.03
3354.43
3358.28
3358.35
3359.88
3360.31
3361.84
3362.09
3363.99
3364.93
3367.48
3369.63
3369.82
3371.68
3372.08
3373.21
3374.67
3376.35
3377.22
3379.82
3380.00
3380.33
3381.14
3381.17
3382.93
3384.80
3386.63
3389.30
3392.35
3393.12
3396.17
3396.61
3397.24
3397.68
3397.79
3397.93
3401.98
3409.87
3411.67
3414.92
3415.29
3415.29
3416.92
3418.21
3419.25
3419.55
3419.73
3420.62
3421.21
3422.14
3425.62
3425.84
3426.55
3427.25
3428.29
3428.40
3429.14
3430.40
3432.56
3434.19
3434.23
3435.12
3435.16
3435.53
3436.09
3438.84
3439.92
3444.80
3445.88
3447.30
3447.30
3449.46
3451.81
3453.46
3455.36
3456.93
3458.88
3459.07
3460.53
3461.69
3464.42
3464.61
3465.70
3466.93
3468.51
3469.60
3470.39
3471.29
3472.19
3474.44
3477.68
3478.73
3480.92
3482.31
3482.72
3484.27
3485.59
3487.32
3487.32
3489.10
3489.59
3491.06
3491.70
3492.54
3493.33
3493.56
3495.30
3498.78
3500.37
3502.79
3504.38
3507.11
3507.57
3511.71
3512.05
3516.35
3516.42
3517.72
3518.29
3521.07
3521.79
3523.01
3523.51
3524.31
3527.02
3528.31
3529.19
3531.87
3532.10
3532.55
3534.85
3539.36
3541.13
3544.61
3544.61
3547.76
3548.11
3548.95
3550.18
3551.10
3551.45
3553.99
3554.29
3554.91
3555.29
3556.22
3556.99
3557.83
3560.72
3562.69
3563.65
3565.23
3566.31
3567.66
3568.40
3568.59
3569.13
3570.29
3571.60
3571.72
3571.87
3575.51
3577.98
3579.69
3580.23
3581.35
3583.06
3583.49
3583.56
3585.42
3585.54
3585.70
3587.68
3592.30
3593.23
3593.35
3594.12
3594.47
3598.33
3598.83
3599.22
3599.85
3600.59
3601.75
3601.87
3603.04
3604.37
3607.45
3608.07
3609.83
3609.95
3610.03
3610.22
3612.84
3613.07
3614.60
3616.20
3616.20
3616.24
3617.18
3617.57
3618.16
3619.14
3624.51
3627.02
3627.68
3627.72
3628.08
3628.12
3628.82
3628.90
3632.04
3634.36
3636.37
3637.20
3637.47
3637.86
3638.22
3640.70
3641.05
3641.17
3641.25
3642.24
3643.10
3643.22
3647.72
3648.35
3649.93
3653.92
3655.86
3655.98
3656.97
3657.24
3660.69
3662.43
3663.02
3663.58
3670.01
3672.59
3681.38
3683.21
3683.97
3684.37
3685.21
3685.57
3686.04
3686.40
3688.40
3689.95
3693.55
3696.59
3696.63
3698.19
3698.43
3699.07
3699.47
3699.79
3702.11
3703.39
3704.32
3705.60
3706.32
3707.68
3709.41
3710.53
3710.69
3713.02
3713.63
3714.79
3716.04
3720.38
3721.75
3722.19
3722.23
3722.36
3722.92
3726.59
3729.09
3729.61
3736.40
3737.85
3738.10
3739.51
3740.28
3740.93
3741.21
3741.74
3741.86
3742.18
3743.28
3743.28
3743.88
3744.61
3744.69
3747.21
3747.57
3749.64
3749.72
3749.76
3749.88
3753.62
3755.04
3755.36
3757.93
3757.97
3761.75
3762.89
3763.95
3764.19
3764.48
3765.09
3767.37
3768.80
3769.45
3774.43
3776.88
3779.37
3780.97
3781.50
3783.47
3785.80
3787.52
3791.21
3791.29
3791.66
3791.74
3794.12
3794.99
3798.11
3798.93
3799.22
3799.46
3799.83
3801.23
3801.23
3801.44
3803.17
3803.87
3804.52
3804.81
3805.88
3808.44
3809.51
3809.76
3814.46
3820.82
3821.89
3822.60
3822.64
3828.47
3828.97
3833.45
3833.57
3833.61
3834.40
3834.49
3836.64
3838.26
3839.22
3839.84
3840.46
3841.00
3841.46
3842.17
3842.71
3845.87
3846.95
3848.83
3849.03
3850.24
3850.49
3851.28
3851.37
3855.54
3856.62
3859.00
3862.47
3862.97
3863.64
3866.02
3868.99
3869.24
3870.00
3870.04
3872.76
3874.90
3876.37
3877.83
3879.47
3880.23
3880.94
3885.23
3885.65
3887.41
3889.73
3890.44
3892.34
3893.39
3897.10
3903.89
3904.82
3904.95
3905.71
3907.61
3909.30
3910.87
3911.08
3911.76
3912.73
3914.21
3915.70
3916.59
3917.98
3920.78
3923.63
3924.65
3925.07
3926.51
3927.32
3929.57
3930.94
3932.04
3935.28
3935.49
3936.00
3937.19
3938.64
3940.09
3941.97
3945.04
3946.53
3946.75
3950.72
3951.96
3953.16
3954.53
3956.62
3958.98
3960.48
3960.61
3960.73
3961.12
3961.29
3961.72
3962.32
3964.42
3964.72
3966.31
3966.70
3968.03
3968.37
3968.46
3969.66
3973.44
3974.21
3974.47
3977.53
3978.82
3980.50
3980.67
3983.04
3984.16
3984.55
3985.28
3987.57
3991.84
3992.36
3998.37
3998.76
3998.84
4000.27
4004.78
4005.17
4005.21
4005.25
4005.77
4007.07
4007.68
4011.67
4014.62
4015.14
4017.53
4019.49
4020.71
4021.27
4024.45
4027.68
4030.81
4031.86
4032.21
4033.13
4033.78
4033.91
4035.35
4038.72
4042.61
4045.01
4048.69
4054.30
4057.29
4057.42
4057.86
4059.17
4059.83
4062.25
4063.88
4064.45
4065.15
4065.33
4065.99
4066.52
4067.04
4067.62
4067.97
4067.97
4068.58
4072.86
4074.05
4077.80
4080.05
4080.22
4081.33
4081.64
4083.31
4086.45
4086.98
4088.84
4089.11
4089.15
4091.01
4093.62
4095.17
4095.92
4096.77
4099.29
4102.44
4102.84
4103.11
4104.58
4108.71
4110.09
4117.43
4119.57
4120.37
4121.49
4121.93
4122.33
4122.78
4123.36
4125.64
4130.10
4131.76
4132.83
4132.87
4132.96
4134.44
4136.14
4137.03
4138.11
4139.50
4143.57
4143.75
4144.16
4145.28
4146.13
4150.80
4151.02
4155.29
4155.70
4157.99
4160.96
4162.67
4165.47
4166.59
4167.00
4167.81
4171.55
4172.32
4175.98
4176.16
4176.97
4177.16
4178.06
4178.47
4180.00
4182.08
4183.03
4185.03
4187.16
4187.38
4187.97
4193.46
4197.27
4199.59
4202.59
4204.91
4207.41
4210.14
4216.94
4216.98
4219.17
4219.95
4222.09
4222.19
4222.46
4223.10
4226.21
4229.36
4229.82
4233.30
4233.58
4235.78
4236.60
4238.94
4244.12
4244.45
4244.54
4247.20
4255.62
4256.54
4260.00
4260.09
4264.52
4264.98
4266.50
4274.63
4275.84
4275.97
4276.02
4276.48
4278.20
4279.17
4282.36
4282.55
4282.64
4283.43
4284.40
4285.75
4287.00
4287.88
4288.95
4289.41
4289.60
4290.02
4297.68
4298.29
4299.03
4301.96
4304.76
4305.69
4307.41
4308.95
4314.64
4316.04
4319.03
4319.22
4320.06
4324.03
4324.64
4324.69
4325.06
4328.06
4331.15
4331.20
4333.31
4337.67
4338.52
4339.22
4339.41
4339.41
4339.45
4339.55
4341.47
4342.27
4342.60
4343.63
4346.13
4347.87
4352.67
4354.65
4356.06
4357.66
4358.51
4358.84
4359.27
4360.40
4363.99
4367.48
4369.89
4373.72
4376.52
4378.13
4379.78
4381.49
4381.59
4381.92
4382.39
4383.29
4383.72
4384.05
4385.00
4385.71
4386.23
4387.56
4388.61
4389.79
4393.22
4393.36
4394.55
4394.88
4396.16
4396.21
4398.92
4399.26
4401.40
4402.30
4403.69
4404.50
4404.88
4405.26
4405.31
4405.97
4407.98
4410.50
4417.00
4419.25
4420.63
4425.99
4428.87
4428.92
4430.59
4436.59
4436.97
4437.93
4438.75
4440.57
4440.67
4442.30
4443.60
4447.40
4448.22
4449.86
4450.63
4452.84
4452.99
4454.72
4456.80
4459.83
4462.15
4464.37
4465.48
4466.64
4468.34
4470.85
4471.00
4471.38
4471.67
4473.03
4479.91
4480.05
4482.57
4483.25
4492.67
4495.10
4496.46
4497.34
4500.07
4503.62
4503.77
4504.45
4505.23
4505.23
4505.86
4506.89
4508.69
4509.57
4509.96
4510.60
4512.50
4513.67
4516.21
4518.12
4518.26
4518.36
4522.96
4524.38
4524.43
4526.39
4530.01
4533.89
4535.31
4535.90
4541.25
4542.04
4544.10
4545.13
4546.66
4549.46
4550.25
4550.69
4550.69
4550.84
4551.24
4551.83
4554.34
4556.02
4556.41
4560.60
4560.95
4562.92
4563.46
4565.44
4565.74
4566.38
4566.58
4569.69
4574.54
4576.62
4584.00
4586.48
4588.02
4588.37
4590.16
4590.26
4592.14
4592.59
4594.38
4595.27
4595.87
4599.90
4605.63
4610.16
4610.81
4612.21
4614.06
4614.16
4614.46
4617.10
4617.50
4618.40
4622.70
4625.90
4626.00
4626.05
4626.40
4631.81
4633.67
4634.67
4641.70
4643.51
4643.56
4643.76
4644.81
4646.87
4647.48
4649.04
4650.80
4651.90
4653.87
4655.53
4657.54
4658.35
4659.36
4660.82
4664.20
4669.15
4672.64
4673.34
4673.34
4673.80
4675.01
4676.38
4676.48
4676.68
4676.99
4679.11
4680.18
4680.53
4680.99
4681.14
4681.29
4682.30
4682.81
4683.06
4683.67
4683.72
4684.48
4686.41
4688.08
4689.10
4690.52
4694.63
4696.25
4696.97
4697.42
4701.49
4702.10
4705.46
4706.02
4708.57
4709.23
4711.17
4713.46
4714.43
4716.42
4718.16
4718.46
4719.99
4722.39
4723.11
4730.78
4731.29
4732.47
4733.14
4733.44
4733.80
4733.96
4735.75
4736.67
4737.29
4737.70
4739.54
4740.52
4742.00
4742.77
4745.03
4749.19
4750.68
4752.59
4753.72
4755.88
4756.86
4758.55
4758.81
4762.93
4770.41
4770.72
4773.20
4775.01
4781.52
4783.02
4783.75
4785.97
4788.98
4790.17
4791.78
4796.50
4799.92
4800.86
4801.95
4809.70
4811.00
4811.21
4811.78
4813.65
4814.28
4814.49
4821.99
4824.55
4825.07
4829.83
4830.56
4833.17
4833.96
4838.40
4838.82
4839.66
4841.54
4843.12
4843.64
4844.22
4846.05
4846.52
4848.94
4849.15
4849.83
4850.14
4850.25
4851.30
4852.35
4852.45
4854.92
4858.76
4861.28
4864.07
4864.39
4864.54
4865.60
4869.18
4870.76
4872.29
4878.04
4879.04
4881.42
4884.74
4887.39
4889.08
4890.77
4892.04
4896.39
4899.19
4901.21
4901.31
4901.47
4902.38
4903.33
4903.60
4903.97
4905.29
4906.99
4908.80
4909.33
4911.83
4912.73
4913.05
4915.65
4916.61
4919.59
4921.08
4922.57
4923.11
4923.59
4924.38
4924.70
4928.92
4935.05
4940.66
4943.18
4946.39
4946.65
4947.72
4949.44
4951.79
4955.60
4958.17
4958.50
4959.35
4959.57
4961.34
4964.72
4965.15
4966.55
4967.30
4974.62
4974.89
4976.93
4979.25
4979.79
4980.00
4981.08
4982.48
4984.58
4987.50
4987.98
4992.41
4993.33
4996.68
5000.36
5002.14
5003.44
5010.81
5015.91
5016.29
5018.79
5021.61
5022.48
5025.52
5025.85
5026.34
5028.19
5028.79
5031.94
5034.07
5034.83
5036.46
5038.05
5038.37
5038.70
5041.92
5043.34
5046.72
5046.72
5048.03
5048.85
5049.34
5049.34
5053.50
5053.71
5054.53
5058.53
5063.46
5067.35
5070.20
5070.47
5073.05
5073.55
5073.60
5073.93
5074.92
5075.14
5079.04
5083.99
5086.13
5086.63
5087.40
5087.90
5088.34
5088.89
5091.03
5097.15
5102.84
5103.72
5108.41
5109.08
5110.68
5112.78
5112.95
5113.89
5114.28
5114.89
5115.16
5116.21
5116.27
5125.02
5125.97
5128.41
5132.96
5134.51
5137.57
5139.52
5140.41
5142.13
5142.63
5149.31
5151.04
5153.83
5155.45
5155.50
5157.01
5161.42
5163.32
5165.22
5165.72
5165.78
5165.89
5166.28
5166.95
5171.03
5173.72
5176.85
5177.02
5178.81
5180.55
5181.34
5183.36
5184.25
5184.87
5185.77
5186.83
5187.06
5187.17
5190.31
5195.48
5199.98
5202.85
5205.44
5205.61
5208.37
5210.91
5212.77
5213.50
5213.73
5215.99
5220.84
5222.65
5225.31
5226.27
5228.08
5228.76
5238.21
5242.80
5245.64
5245.81
5245.93
5245.98
5255.36
5256.38
5258.03
5258.48
5262.35
5267.31
5269.88
5272.21
5273.87
5274.95
5275.47
5280.09
5280.89
5281.41
5281.58
5281.63
5284.44
5285.35
5285.58
5286.84
5289.76
5291.47
5291.99
5299.32
5299.95
5300.07
5304.66
5307.07
5312.24
5312.87
5313.04
5322.25
5328.65
5331.41
5334.53
5336.43
5336.55
5337.13
5338.17
5346.43
5349.33
5349.67
5350.60
5352.97
5354.36
5355.58
5356.33
5357.44
5357.49
5362.25
5362.48
5363.12
5366.49
5367.71
5370.26
5372.06
5374.39
5375.20
5377.53
5379.10
5385.04
5387.66
5393.73
5394.20
5394.43
5396.06
5396.82
5400.91
5410.21
5419.94
5421.40
5423.57
5426.80
5427.10
5428.56
5429.15
5431.15
5434.09
5435.56
5435.91
5439.32
5439.50
5439.56
5442.38
5450.28
5451.11
5452.40
5454.00
5455.18
5457.54
5459.13
5460.67
5462.86
5465.04
5467.47
5469.01
5472.20
5481.57
5481.68
5481.74
5482.99
5486.91
5487.68
5488.27
5501.83
5502.01
5503.38
5504.27
5510.94
5515.48
5517.21
5523.84
5528.08
5529.28
5535.44
5541.44
5543.30
5546.12
5548.10
5550.26
5552.30
5555.55
5556.03
5557.35
5560.42
5560.66
5560.84
5561.44
5562.04
5567.88
5568.54
5572.04
5573.19
5575.54
5575.66
5577.95
5582.06
5584.53
5591.49
5592.51
5593.54
5593.66
5595.30
5603.66
5604.08
5604.81
5605.90
5606.51
5606.93
5609.85
5617.62
5619.38
5620.60
5621.27
5623.52
5627.66
5629.55
5629.61
5633.26
5633.87
5636.07
5636.56
5638.87
5642.60
5654.76
5654.82
5655.49
5656.66
5656.90
5659.72
5663.70
5663.88
5666.52
5666.58
5669.89
5670.20
5670.38
5672.16
5673.14
5674.99
5674.99
5675.29
5676.52
5678.24
5680.15
5681.44
5683.28
5683.90
5685.62
5687.65
5691.71
5695.72
5696.70
5700.03
5701.02
5704.10
5705.71
5706.70
5706.76
5707.62
5710.84
5710.90
5712.07
5712.13
5714.42
5716.58
5717.45
5718.50
5722.96
5729.22
5732.25
5732.50
5734.92
5739.45
5742.06
5747.84
5751.64
5752.57
5754.44
5766.22
5771.46
5772.15
5772.71
5774.09
5776.08
5777.33
5777.40
5777.46
5781.40
5790.98
5795.43
5804.84
5806.41
5807.42
5808.55
5812.51
5815.21
5816.16
5818.55
5825.73
5829.26
5832.04
5833.81
5834.75
5834.88
5836.14
5839.99
5844.23
5847.20
5851.82
5852.39
5854.10
5854.80
5858.16
5859.11
5863.99
5864.18
5864.50
5865.13
5867.10
5867.55
5874.15
5884.14
5884.71
5891.02
5893.95
5895.23
5899.63
5901.03
5904.04
5907.29
5907.74
5913.37
5914.20
5917.91
5919.45
5919.52
5929.45
5931.05
5933.49
5953.94
5957.94
5958.71
5961.68
5969.23
5970.01
5970.39
5970.65
5976.99
5981.45
5985.01
5985.66
5989.68
5993.18
5994.47
5995.25
5995.90
5999.53
6002.13
6002.91
6003.63
6011.23
6013.12
6018.45
6018.58
6023.34
6023.73
6024.25
6024.97
6026.47
6028.88
6035.47
6038.41
6041.68
6045.08
6047.11
6053.46
6065.06
6065.52
6067.16
6071.10
6072.55
6080.11
6081.16
6082.28
6082.61
6083.86
6092.89
6093.94
6101.53
6105.56
6106.02
6110.31
6113.29
6114.68
6116.00
6119.18
6122.69
6124.08
6128.52
6132.97
6134.89
6136.55
6137.75
6139.54
6140.00
6142.13
6146.12
6146.19
6150.44
6152.24
6153.97
6160.90
6163.83
6165.57
6168.97
6172.78
6174.18
6175.58
6176.78
6178.86
6181.80
6185.88
6188.02
6190.77
6194.79
6203.37
6204.52
6205.05
6205.25
6205.32
6208.61
6209.35
6218.49
6220.92
6236.55
6242.29
6244.65
6245.33
6247.09
6251.01
6254.87
6259.27
6261.64
6264.01
6269.03
6271.67
6283.08
6284.78
6284.78
6291.65
6295.19
6298.81
6306.17
6308.63
6309.99
6311.15
6311.36
6313.20
6314.02
6315.05
6315.32
6315.53
6317.03
6317.71
6323.18
6324.69
6327.29
6329.21
6331.40
6333.32
6338.12
6339.28
6342.99
6348.27
6351.71
6353.36
6354.39
6358.17
6359.75
6365.95
6366.91
6368.71
6372.91
6375.74
6377.05
6379.88
6380.71
6382.09
6383.40
6385.33
6390.03
6390.10
6395.29
6398.61
6400.00
6405.19
6408.66
6409.91
6410.88
6412.47
6422.33
6422.75
6433.04
6437.01
6443.84
6445.24
6450.89
6454.59
6458.29
6462.76
6466.82
6468.85
6468.92
6470.88
6471.16
6471.72
6473.89
6475.01
6475.78
6484.06
6490.44
6490.79
6492.41
6493.46
6493.60
6494.45
6496.06
6498.88
6502.74
6503.03
6512.46
6513.66
6515.77
6518.31
6520.85
6529.39
6533.56
6534.77
6539.93
6551.62
6562.26
6562.54
6571.64
6572.42
6573.41
6577.54
6578.82
6581.03
6581.17
6585.37
6595.07
6596.71
6598.92
6600.07
6600.92
6602.78
6611.72
6613.01
6613.15
6613.36
6617.44
6622.53
6635.51
6637.31
6639.53
6639.89
6641.54
6648.73
6657.37
6663.07
6663.64
6665.16
6665.37
6668.84
6670.64
6676.20
6676.42
6677.79
6680.75
6684.01
6684.58
6685.89
6686.39
6686.61
6689.36
6693.78
6694.72
6695.22
6699.06
6700.66
6702.40
6708.93
6712.92
6715.61
6718.59
6721.14
6726.15
6726.52
6727.17
6729.72
6732.71
6737.01
6743.35
6747.29
6748.53
6749.41
6762.79
6768.50
6769.89
6770.91
6777.36
6788.81
6793.00
6794.18
6800.36
6802.49
6804.77
6807.50
6811.25
6813.54
6821.65
6822.17
6822.17
6825.94
6827.86
6831.03
6831.48
6835.32
6843.91
6850.05
6852.50
6857.69
6857.92
6858.88
6865.04
6865.27
6866.75
6867.57
6871.95
6878.87
6879.54
6879.62
6884.23
6897.73
6898.40
6899.44
6900.27
6922.48
6936.20
6938.90
6939.27
6944.38
6951.60
6963.42
6970.28
6970.43
6973.75
6975.48
6976.61
6982.88
6986.28
6991.05
6993.69
6994.91
6995.59
6997.10
7002.25
7017.34
7024.86
7031.10
7035.28
7040.92
7046.56
7058.62
7060.53
7066.18
7072.22
7073.68
7076.51
7077.58
7078.42
7083.48
7085.55
7090.38
7093.45
7094.37
7094.45
7097.37
7098.67
7102.21
7107.05
7109.66
7111.74
7113.20
7116.21
7117.44
7119.06
7126.30
7151.17
7153.88
7155.50
7157.29
7157.98
7161.39
7162.94
7165.58
7167.05
7169.22
7179.39
7180.79
7189.34
7197.28
7198.84
7201.80
7203.59
7204.99
7205.93
7206.63
7213.49
7220.21
7223.65
7234.29
7236.48
7236.95
7242.27
7243.45
7243.53
7246.27
7248.07
7249.72
7251.06
7265.82
7283.29
7288.57
7291.73
7292.12
7304.13
7308.47
7310.14
7312.90
7314.49
7316.15
7324.39
7327.00
7328.98
7330.97
7335.09
7338.11
7348.92
7354.17
7358.94
7366.91
7367.23
7367.31
7369.94
7386.22
7386.30
7388.54
7390.06
7395.58
7396.70
7399.26
7408.63
7409.35
7409.59
7411.68
7416.57
7417.86
7418.74
7419.54
7432.96
7435.45
7442.78
7449.47
7450.11
7452.21
7452.21
7454.55
7454.71
7460.19
7461.16
7465.68
7466.73
7472.23
7482.42
7485.91
7488.98
7489.47
7493.52
7497.58
7501.15
7511.14
7515.77
7517.15
7522.36
7527.74
7532.38
7535.15
7536.78
7539.96
7550.09
7550.82
7556.05
7558.67
7559.73
7561.37
7563.74
7567.34
7569.14
7570.21
7573.65
7586.77
7588.09
7597.61
7606.09
7606.91
7618.69
7632.80
7633.46
7644.86
7647.76
7648.34
7655.29
7657.53
7660.93
7661.09
7664.00
7676.94
7679.68
7686.00
7693.07
7698.40
7700.49
7703.07
7705.15
7707.24
7712.91
7716.00
7720.34
7720.76
7735.73
7737.73
7740.75
7743.85
7749.21
7750.30
7756.68
7761.55
7766.34
7767.18
7767.93
7777.10
7792.09
7797.15
7799.01
7808.63
7809.99
7811.93
7815.06
7835.72
7840.04
7846.83
7854.22
7860.00
7866.47
7874.81
7886.75
7890.34
7891.19
7892.04
7907.17
7913.51
7917.62
7919.33
7929.19
7932.62
7932.71
7942.07
7953.08
7972.72
7973.93
7973.93
7992.24
7992.33
7994.23
7996.30
7996.39
7998.38
8001.24
8004.61
8004.79
8021.17
8030.20
8030.81
8042.99
8043.51
8066.08
8072.45
8080.58
8086.27
8086.35
8093.88
8096.77
8110.63
8114.75
8116.51
8120.90
8150.21
8152.06
8177.24
8183.17
8183.88
8213.24
8215.46
8225.34
8229.88
8230.41
8239.94
8241.37
8254.04
8259.31
8263.16
8268.79
8274.79
8276.40
8280.34
8280.97
8284.10
8300.07
8303.22
8306.63
8309.78
8319.49
8330.30
8345.46
8348.53
8350.07
8353.14
8355.58
8358.74
8359.74
8361.46
8362.45
8365.62
8379.48
8380.57
8380.84
8389.46
8393.00
8399.45
8401.63
8402.45
8414.28
8419.38
8420.65
8425.30
8436.15
8437.98
8443.09
8456.53
8468.89
8469.44
8470.18
8475.77
8480.63
8481.00
8488.99
8496.70
8502.50
8507.65
8507.93
8509.68
8521.47
8528.67
8545.20
8547.14
8550.38
8553.71
8559.63
8571.13
8583.75
8584.68
8585.14
8586.72
8591.00
8606.07
8610.07
8625.27
8626.76
8631.71
8633.86
8637.41
8646.11
8651.44
8653.13
8655.65
8669.71
8669.90
8672.62
8677.13
8697.71
8702.89
8709.01
8711.93
8719.48
8732.22
8732.98
8740.07
8741.20
8741.77
8747.73
8755.97
8769.24
8771.05
8779.59
8787.57
8789.48
8796.99
8798.71
8809.95
8810.61
8814.33
8814.90
8833.14
8848.16
8870.78
8877.21
8882.31
8884.52
8884.52
8886.92
8889.13
8890.77
8900.30
8911.67
8916.68
8916.78
8921.80
8930.78
8942.57
8951.58
8959.43
8965.63
8970.68
8970.87
8972.62
8981.46
8986.90
8988.17
8990.60
9010.17
9013.00
9023.83
9038.10
9042.40
9051.11
9051.31
9055.23
9060.91
9072.09
9096.57
9104.64
9111.15
9111.34
9116.67
9120.42
9123.48
9124.56
9131.38
9150.17
9154.82
9159.97
9161.06
9164.44
9171.68
9178.23
9180.71
9188.26
9189.66
9200.50
9207.77
9208.17
9211.86
9230.61
9234.11
9234.41
9242.21
9242.21
9251.31
9254.11
9255.01
9257.12
9258.72
9260.52
9262.83
9284.50
9287.52
9308.94
9314.08
9322.75
9339.01
9357.11
9361.67
9366.33
9376.57
9391.80
9403.60
9421.93
9432.33
9446.43
9450.62
9451.95
9454.50
9477.24
9478.06
9481.14
9502.29
9506.30
9508.05
9509.39
9510.83
9522.26
9532.57
9544.44
9550.64
9551.46
9556.32
9570.08
9583.24
9592.48
9600.99
9603.07
9621.58
9635.33
9636.06
9636.17
9654.64
9658.71
9659.97
9667.70
9672.20
9685.50
9688.33
9697.77
9727.93
9731.62
9732.04
9735.41
9740.15
9758.19
9767.69
9767.80
9774.78
9789.91
9791.40
9814.52
9830.25
9830.67
9846.11
9863.27
9868.93
9874.49
9884.53
9894.27
9898.55
9902.84
9904.77
9905.20
9920.00
9926.87
9930.52
9939.23
9951.93
9971.98
9973.38
9977.16
9986.01
9986.55
9991.09
9993.79
9995.20
10002.88
10008.73
10013.28
10038.33
10039.96
10070.21
10081.98
10091.37
10095.96
10125.38
10126.26
10134.59
10136.78
10137.33
10140.07
10141.94
10146.22
10148.74
10150.17
10165.34
10168.97
10179.10
10192.43
10205.01
10214.51
10226.90
10271.48
10285.93
10294.84
10304.98
10305.09
10305.87
10317.25
10331.33
10363.46
10367.50
10369.97
10375.35
10379.28
10394.57
10397.27
10405.60
10406.50
10434.46
10451.75
10479.37
10481.53
10488.79
10489.92
10493.56
10506.62
10506.85
10517.54
10521.52
10523.23
10525.40
10528.02
10543.86
10544.89
10546.71
10551.39
10562.82
10578.03
10598.42
10610.70
10615.63
10629.31
10630.46
10632.53
10640.24
10644.39
10650.15
10660.87
10668.60
10674.49
10681.42
10692.87
10712.09
10720.67
10723.11
10735.06
10745.64
10753.66
10754.94
10778.13
10787.81
10797.39
10801.83
10814.69
10818.08
10838.70
10848.44
10856.19
10869.24
10871.00
10903.99
10908.35
10910.59
10927.25
10931.15
10943.70
10950.81
10975.36
10976.31
10979.40
10987.12
10992.12
10992.24
11013.66
11024.99
11029.64
11031.31
11032.39
11045.29
11052.82
11062.15
11067.78
11069.10
11079.28
11088.39
11090.43
11111.57
11116.26
11117.11
11117.11
11117.35
11126.97
11128.30
11149.27
11159.29
11162.79
11163.63
11167.26
11168.95
11179.95
11195.32
11200.41
11212.54
11214.96
11216.06
11227.23
11237.31
11243.39
11247.53
11249.11
11254.47
11258.25
11265.07
11285.08
11285.93
11323.60
11330.10
11338.32
11339.79
11340.28
11365.58
11367.43
11380.72
11387.99
11392.05
11403.40
11408.21
11420.93
11421.92
11451.74
11458.81
11469.72
11481.02
11487.61
11508.01
11512.24
11538.56
11547.30
11550.80
11570.19
11576.32
11588.73
11619.99
11624.52
11627.03
11636.47
11650.08
11668.12
11669.13
11675.70
11685.81
11706.94
11716.44
11733.32
11739.92
11771.34
11798.37
11838.01
11844.16
11846.85
11847.88
11883.69
11894.24
11913.95
11922.07
11953.98
11968.73
11975.99
11994.14
11996.61
11998.03
12012.71
12013.10
12094.48
12094.61
12095.66
12101.03
12115.31
12140.90
12225.52
12238.36
12242.47
12242.60
12246.04
12246.97
12249.89
12253.47
12263.94
12279.08
12280.94
12291.18
12315.67
12316.34
12329.80
12339.81
12341.02
12346.76
12352.10
12352.24
12359.72
12372.70
12378.86
12386.23
12420.99
12431.21
12434.44
12439.41
12442.91
12453.69
12455.17
12462.86
12467.17
12486.61
12505.81
12531.55
12531.95
12542.67
12554.89
12556.38
12624.91
12635.56
12655.54
12666.77
12709.33
12710.43
12711.94
12773.44
12777.03
12782.28
12784.22
12786.57
12816.35
12839.25
12876.12
12887.41
12887.69
12891.17
12912.67
12968.82
12974.15
12978.92
12991.29
13027.46
13029.72
13048.91
13054.55
13069.68
13082.27
13111.88
13119.26
13136.17
13152.81
13197.28
13204.57
13267.58
13277.34
13291.86
13303.66
13308.41
13336.81
13348.65
13356.30
13362.95
13371.34
13382.63
13412.78
13435.73
13447.22
13463.23
13465.42
13485.39
13513.88
13524.85
13532.02
13537.15
13560.89
13561.48
13567.20
13568.38
13634.90
13657.93
13694.78
13712.72
13712.87
13715.24
13734.40
13734.55
13750.46
13778.90
13824.15
13834.47
13892.97
13903.20
13908.92
13910.42
13975.59
13979.22
14013.14
14036.82
14039.25
14045.93
14058.70
14077.58
14116.78
14136.95
14155.32
14160.84
14168.81
14185.83
14202.57
14230.11
14231.80
14241.66
14241.81
14278.69
14284.10
14295.07
14297.08
14349.47
14349.93
14371.53
14427.46
14467.79
14489.88
14491.92
14556.19
14578.42
14591.36
14656.23
14660.35
14665.43
14668.13
14670.51
14674.16
14676.38
14696.56
14698.95
14738.76
14743.71
14762.70
14778.04
14837.64
14840.69
14855.31
14908.13
14942.69
15005.71
15117.67
15138.95
15166.49
15213.66
15240.02
15270.39
15281.63
15302.64
15330.98
15385.98
15436.01
15504.80
15519.57
15535.87
15544.45
15591.10
15653.47
15711.17
15729.88
15765.66
15813.32
15829.93
15873.15
15884.31
15900.13
15907.70
15951.66
15997.29
16005.42
16085.63
16120.30
16162.22
16182.34
16187.94
16213.71
16286.32
16421.69
16507.91
16582.38
16638.81
16811.09
16850.06
16874.32
16903.74
17004.63
17020.28
17028.94
17051.61
17051.80
17096.69
17099.10
17130.95
17175.68
17211.95
17213.07
17287.17
17312.62
17431.60
17455.01
17494.90
17518.77
17559.76
17575.34
17637.06
17683.88
17693.83
17716.63
17770.96
17823.91
17843.60
17898.70
17917.50
17924.67
17990.15
18000.67
18002.61
18040.25
18067.59
18178.78
18215.79
18266.91
18322.93
18408.57
18425.31
18435.88
18481.02
18576.64
18587.70
18629.18
18659.24
18913.52
18946.08
19139.55
19159.85
19160.89
19192.84
19195.75
19226.72
19246.29
19254.62
19340.64
19369.12
19372.48
19411.50
19566.07
19612.48
19622.25
19683.27
19690.73
19696.06
19714.39
19830.13
19952.37
20030.89
20068.42
20295.52
20348.29
20423.50
20541.40
20558.75
20572.10
20726.48
20981.90
20997.11
21053.53
21132.95
21135.47
21414.22
21471.06
21486.17
21514.32
21534.11
21608.33
22089.87
22234.94
22307.47
22314.71
22347.33
22393.08
22512.36
22545.02
22598.99
22651.14
22851.51
22869.57
22894.82
22925.81
23020.26
23255.33
23259.86
23406.29
23511.62
23619.73
23664.76
23692.42
23866.61
23965.98
24600.45
24704.48
24853.81
24917.63
25021.37
25254.74
25280.71
25370.86
25407.40
25727.18
26098.95
26190.60
26395.43
26718.97
26993.86
27229.41
27299.62
27410.91
27489.02
27603.77
27639.93
27906.47
27965.71
29378.19
29503.70
30114.87
30149.10
30370.10
31146.81
32847.29
35413.72
36718.50
38420.19
