2.76
3.35
3.68
3.77
3.87
4.11
4.36
4.65
4.79
4.85
4.86
4.94
4.98
5.07
5.16
5.42
5.77
6.09
6.12
6.12
6.35
6.44
6.47
6.49
6.51
6.56
6.57
6.65
6.66
6.88
6.91
7.01
7.07
7.18
7.24
7.29
7.37
7.39
7.45
7.48
7.64
7.66
7.80
7.86
7.91
7.99
8.12
8.24
8.26
8.29
8.31
8.47
8.66
8.73
8.77
8.88
8.88
8.94
8.98
9.06
9.13
9.39
9.50
9.58
9.58
9.67
9.72
9.82
9.89
9.95
10.00
10.04
10.08
10.20
10.30
10.42
10.53
10.58
10.67
10.67
10.69
10.70
10.73
10.97
11.07
11.17
11.26
11.28
11.32
11.33
11.39
11.40
11.42
11.44
11.49
11.69
11.75
11.79
11.86
12.02
12.14
12.24
12.24
12.27
12.29
12.43
12.44
12.71
12.73
12.79
13.01
13.01
13.06
13.12
13.15
13.17
13.22
13.26
13.43
13.45
13.54
13.54
13.63
13.76
13.86
13.91
13.94
14.17
14.21
14.33
14.34
14.40
14.42
14.46
14.48
14.68
14.69
14.70
14.83
14.84
14.86
14.95
15.00
15.00
15.03
15.07
15.08
15.16
15.17
15.19
15.40
15.55
15.70
15.71
15.72
15.72
15.79
15.82
15.91
15.95
16.03
16.05
16.27
16.27
16.34
16.35
16.36
16.40
16.46
16.58
16.72
16.76
16.80
16.82
17.06
17.21
17.34
17.35
17.43
17.46
17.56
17.60
17.67
17.70
17.77
17.86
18.01
18.02
18.09
18.09
18.11
18.18
18.20
18.35
18.40
18.45
18.49
18.52
18.59
18.72
18.76
19.10
19.22
19.27
19.32
19.39
19.40
19.46
19.47
19.48
19.54
19.64
19.68
19.77
19.84
20.06
20.08
20.13
20.17
20.17
20.22
20.26
20.30
20.37
20.51
20.52
20.52
20.55
20.58
20.59
20.68
20.69
20.71
20.72
20.73
20.82
20.84
20.90
20.94
20.96
21.10
21.17
21.20
21.33
21.33
21.40
21.64
21.79
21.84
21.86
21.87
22.01
22.27
22.38
22.59
22.63
22.64
22.72
22.73
22.81
22.83
22.86
22.97
23.08
23.09
23.18
23.20
23.23
23.30
23.45
23.52
23.54
23.56
23.59
23.93
23.97
23.99
24.01
24.18
24.19
24.23
24.26
24.32
24.47
24.65
24.67
24.71
24.95
25.00
25.36
25.47
25.58
25.65
25.68
25.69
26.02
26.12
26.14
26.15
26.16
26.17
26.18
26.30
26.36
26.37
26.48
26.50
26.50
26.62
26.63
26.75
26.88
26.90
26.90
26.92
26.98
27.07
27.07
27.19
27.21
27.23
27.23
27.35
27.39
27.44
27.46
27.63
27.70
27.76
27.93
27.93
27.95
28.07
28.14
28.21
28.21
28.29
28.35
28.36
28.60
28.62
28.80
28.87
29.02
29.08
29.26
29.35
29.41
29.45
29.53
29.62
29.66
29.70
29.73
29.79
29.80
29.81
29.89
29.97
30.02
30.13
30.15
30.16
30.16
30.25
30.34
30.35
30.37
30.40
30.51
30.63
30.66
30.68
30.72
30.73
30.78
31.02
31.06
31.07
31.14
31.17
31.22
31.26
31.29
31.43
31.51
31.56
31.62
31.63
31.73
31.89
31.89
31.90
32.08
32.09
32.17
32.19
32.28
32.28
32.58
32.60
32.62
32.69
32.82
32.84
33.09
33.21
33.34
33.38
33.51
33.52
33.59
33.63
33.66
33.76
33.81
33.81
33.84
33.99
34.07
34.09
34.24
34.26
34.39
34.42
34.43
34.58
34.85
34.98
34.99
35.08
35.12
35.13
35.19
35.23
35.25
35.26
35.44
35.58
35.61
35.72
35.83
35.98
35.99
36.04
36.14
36.14
36.22
36.39
36.51
36.57
36.62
36.63
36.68
36.69
36.78
36.79
37.02
37.12
37.27
37.28
37.33
37.37
37.43
37.52
37.53
37.56
37.59
37.60
37.88
37.93
37.94
37.96
38.05
38.14
38.15
38.18
38.19
38.20
38.21
38.33
38.41
38.50
38.68
38.69
38.75
38.80
38.98
39.00
39.11
39.15
39.17
39.22
39.47
39.48
39.54
39.58
39.69
39.75
39.81
39.86
39.96
40.14
40.20
40.27
40.50
40.53
40.53
40.59
40.72
40.78
40.90
40.94
40.96
41.47
41.53
41.63
41.76
41.77
41.80
41.82
41.83
41.98
41.99
42.09
42.18
42.29
42.35
42.37
42.51
42.57
42.63
42.63
42.65
42.68
42.70
42.70
42.74
42.75
42.84
42.84
42.91
42.92
43.02
43.03
43.21
43.39
43.41
43.45
43.54
43.61
43.61
43.68
44.04
44.08
44.14
44.23
44.33
44.45
44.49
44.61
44.67
44.69
44.80
44.82
44.94
45.05
45.07
45.08
45.09
45.14
45.21
45.39
45.41
45.42
45.51
45.52
45.60
45.72
46.06
46.07
46.10
46.13
46.14
46.26
46.27
46.37
46.39
46.54
46.65
46.99
47.22
47.31
47.38
47.39
47.51
47.58
47.69
47.73
47.89
47.90
47.96
48.02
48.03
48.13
48.22
48.25
48.30
48.33
48.52
48.55
48.57
48.61
48.63
48.63
48.80
48.93
49.04
49.06
49.09
49.20
49.22
49.23
49.31
49.46
49.50
49.57
49.68
49.92
50.07
50.09
50.43
50.43
50.44
50.46
50.57
50.57
50.63
50.65
50.71
50.87
50.96
51.03
51.04
51.20
51.27
51.33
51.35
51.41
51.62
51.65
51.67
51.70
51.72
51.76
51.77
51.86
51.90
51.97
52.00
52.01
52.06
52.11
52.42
52.66
52.69
52.81
53.00
53.04
53.07
53.17
53.24
53.47
53.50
53.50
53.59
53.67
53.68
53.74
53.79
53.82
53.85
53.88
54.02
54.06
54.09
54.57
54.87
54.99
55.06
55.10
55.10
55.18
55.34
55.35
55.37
55.45
55.47
55.48
55.65
55.72
55.83
55.85
55.96
56.10
56.20
56.24
56.68
56.75
57.09
57.13
57.36
57.48
57.56
57.79
57.80
57.90
57.96
58.07
58.10
58.26
58.51
58.52
58.57
58.77
58.81
58.82
58.87
58.90
58.92
58.93
58.97
58.97
59.06
59.07
59.37
59.48
59.56
59.72
59.72
59.87
60.25
60.38
60.43
60.55
60.55
60.58
60.72
61.08
61.13
61.16
61.18
61.20
61.44
61.62
61.71
61.76
61.85
62.22
62.31
62.44
62.49
62.51
62.57
62.60
62.63
62.67
62.75
62.89
63.07
63.32
63.33
63.39
63.41
63.49
63.61
63.63
63.65
63.66
63.74
63.77
63.80
63.86
63.87
64.04
64.08
64.19
64.43
64.54
64.56
64.60
64.63
64.72
64.79
64.84
64.85
64.99
65.04
65.18
65.32
65.33
65.40
65.48
65.49
65.72
65.72
65.80
65.89
65.96
65.99
66.04
66.10
66.11
66.24
66.36
66.45
66.73
66.81
66.94
67.15
67.21
67.33
67.42
67.48
67.49
67.67
67.70
67.73
68.02
68.06
68.20
68.37
68.47
68.56
68.77
68.84
68.93
69.08
69.23
69.42
69.58
69.58
69.59
69.62
69.75
69.77
69.80
69.88
70.01
70.09
70.10
70.16
70.36
70.41
70.49
70.60
70.80
70.86
70.86
70.96
71.03
71.14
71.41
71.43
71.44
71.47
72.03
72.41
72.44
72.50
72.51
72.92
73.01
73.08
73.14
73.30
73.45
73.48
73.50
73.52
73.60
73.62
73.71
73.77
73.82
74.09
74.13
74.45
74.48
75.22
75.30
75.30
75.30
75.34
75.52
75.66
75.68
75.82
75.83
75.83
75.84
75.85
75.88
75.90
75.93
76.20
76.35
76.38
76.38
76.39
76.42
76.46
76.54
76.58
76.66
76.73
76.98
77.16
77.17
77.30
77.36
77.42
77.59
77.62
77.73
77.89
78.09
78.11
78.23
78.62
78.65
78.80
78.94
79.02
79.07
79.20
79.21
79.38
79.43
79.43
79.57
79.58
79.89
79.91
79.93
80.00
80.27
80.32
80.42
80.46
80.48
80.90
81.15
81.22
81.23
81.46
81.59
81.89
81.91
81.93
82.01
82.09
82.10
82.12
82.51
82.55
82.59
82.69
82.75
82.87
83.05
83.16
83.19
83.31
83.39
83.42
83.54
83.54
83.56
83.89
83.90
83.96
83.97
84.10
84.13
84.15
84.40
84.45
84.57
84.72
85.02
85.79
85.91
86.15
86.22
86.46
86.54
86.70
86.88
86.98
86.99
87.03
87.08
87.09
87.38
87.54
87.75
87.76
88.01
88.06
88.13
88.23
88.32
88.44
88.66
88.67
88.89
89.07
89.14
89.14
89.19
89.31
89.32
89.40
89.54
89.56
89.59
89.72
89.78
89.79
89.98
90.04
90.21
90.54
90.65
90.68
90.87
90.99
91.02
91.22
91.40
91.47
91.59
91.77
91.90
92.00
92.09
92.21
92.22
92.33
92.34
92.56
92.57
92.65
92.77
92.92
92.98
93.15
93.24
93.42
93.47
93.47
93.50
93.70
93.73
93.73
93.78
93.95
93.95
94.06
94.21
94.25
94.35
94.36
94.61
94.76
94.80
94.91
94.94
94.99
95.03
95.34
95.40
95.50
95.50
95.52
95.64
95.72
95.82
96.10
96.17
96.32
96.37
96.51
96.55
96.66
96.72
96.79
96.86
97.01
97.17
97.22
97.27
97.29
97.31
97.31
97.42
97.51
97.60
97.90
98.00
98.08
98.43
98.49
98.59
98.65
98.69
98.87
98.88
99.02
99.19
99.39
99.70
99.83
99.91
100.16
100.22
100.45
100.47
100.53
100.71
100.81
100.84
100.91
101.13
101.22
101.30
101.37
101.41
101.46
101.49
101.52
101.73
101.95
102.74
103.04
103.19
103.35
103.84
103.97
104.11
104.16
104.18
104.22
104.25
104.29
104.41
104.55
104.56
104.69
105.18
105.41
105.46
105.46
105.71
105.87
105.88
106.07
106.23
106.26
106.33
106.67
106.76
106.90
106.95
107.04
107.08
107.13
107.14
107.30
107.58
107.59
107.69
107.71
107.71
107.78
107.87
108.12
108.46
108.59
108.75
108.79
108.82
108.86
108.87
108.96
109.16
109.24
109.30
109.38
109.56
109.83
109.86
109.93
110.00
110.09
110.13
110.40
110.41
110.43
110.45
110.67
110.82
110.83
110.99
111.20
111.53
111.55
111.72
111.72
111.97
112.27
112.27
112.45
112.55
112.56
112.64
112.66
113.00
113.05
113.12
113.29
113.65
113.75
114.00
114.38
114.39
114.50
114.52
114.56
114.81
114.97
115.24
115.53
115.91
116.16
116.32
116.45
116.57
116.82
116.83
116.87
117.07
117.16
117.21
117.24
117.33
117.37
117.49
117.72
117.73
117.92
118.17
118.17
118.29
118.39
118.48
118.60
118.64
118.66
118.81
118.81
118.86
118.90
119.00
119.14
119.18
119.32
119.47
119.75
120.06
120.42
120.77
120.81
120.91
121.00
121.03
121.16
121.24
121.33
121.40
121.42
121.43
121.76
122.05
122.06
122.18
122.24
122.45
122.54
122.63
122.69
122.79
122.88
122.95
123.03
123.08
123.09
123.14
123.16
123.22
123.24
123.43
123.52
123.81
123.87
124.00
124.66
124.75
124.87
125.00
125.09
125.23
125.32
125.37
125.53
125.60
125.84
126.18
126.41
126.48
126.51
126.65
126.98
127.13
127.14
127.59
127.64
127.71
127.77
127.82
127.89
128.12
128.16
128.26
128.51
128.52
128.53
128.56
128.87
128.87
128.93
129.03
129.19
129.29
129.43
129.47
129.51
129.57
130.02
130.08
130.20
130.42
130.43
130.54
130.73
130.77
130.83
131.10
131.15
131.34
131.37
131.91
131.94
132.13
132.13
132.28
132.32
132.36
132.52
132.85
133.01
133.45
133.63
133.64
133.65
133.67
134.00
134.02
134.15
134.77
134.97
135.10
135.13
135.22
135.27
135.32
135.40
135.41
135.44
135.49
135.52
135.82
135.94
136.02
136.10
136.19
136.21
136.52
136.52
136.59
136.79
136.81
136.85
137.02
137.10
137.17
137.21
137.55
137.56
137.61
137.64
137.75
137.89
137.93
138.00
138.14
138.42
138.47
138.48
138.66
138.72
138.76
138.89
139.10
139.13
139.13
139.21
139.23
139.32
139.33
139.94
140.10
140.11
140.16
140.31
140.38
140.40
140.45
140.47
140.50
140.75
140.77
140.97
141.17
141.19
141.42
141.42
141.62
141.72
141.88
141.95
142.07
142.13
142.29
143.20
143.40
143.42
143.47
143.63
143.97
144.07
144.15
144.23
144.30
144.48
144.61
144.81
144.83
144.86
144.87
145.23
145.33
145.61
146.02
146.22
146.22
146.45
146.67
146.70
146.83
147.03
147.35
147.36
147.51
147.61
147.66
147.75
147.79
147.82
148.04
148.11
148.12
148.19
148.25
148.50
148.53
148.88
148.95
149.29
149.43
149.47
149.63
149.78
150.12
150.23
150.29
150.35
150.39
150.88
151.08
151.08
151.09
151.19
151.37
151.80
151.86
151.96
152.01
152.03
152.52
153.03
153.09
153.20
153.30
153.35
153.37
153.53
153.54
153.62
153.72
153.99
154.06
154.09
154.14
154.19
154.28
154.36
154.43
154.53
154.97
155.01
155.40
155.54
155.66
155.77
155.87
156.05
156.16
156.16
156.33
156.55
157.07
157.27
157.31
157.38
157.44
157.68
157.74
157.81
158.16
158.37
158.39
158.41
158.75
158.93
159.20
159.25
159.35
159.42
159.44
159.64
159.69
159.88
159.96
160.07
160.15
160.64
160.82
161.08
161.12
161.38
161.73
161.75
161.76
161.96
161.98
162.01
162.24
162.28
162.50
162.60
162.90
163.15
163.41
163.45
163.65
163.72
163.81
164.11
164.12
164.12
164.20
164.25
164.34
164.44
164.49
164.53
164.59
164.65
164.84
165.24
165.29
165.36
165.50
165.81
165.95
166.19
166.19
166.27
166.50
166.58
166.79
167.31
167.68
167.78
167.87
167.95
168.10
168.27
168.40
168.45
168.68
168.68
169.01
169.02
169.03
169.24
169.42
169.48
169.48
169.53
169.80
170.29
170.37
170.77
170.99
171.22
171.36
171.55
171.81
171.92
172.81
172.81
172.83
172.84
172.92
173.04
173.17
173.19
173.46
173.55
173.73
173.76
173.92
174.15
174.21
175.54
176.10
176.19
176.28
176.71
177.10
177.11
177.18
177.22
177.43
178.64
178.75
178.81
178.82
178.96
179.08
179.16
179.29
179.47
179.57
179.59
179.61
179.91
180.21
180.38
180.57
180.77
180.89
180.96
181.41
181.59
181.62
181.99
182.21
182.32
182.34
182.68
183.46
183.65
183.78
183.90
184.05
184.05
184.48
184.52
184.54
184.58
184.67
184.72
184.75
184.79
185.09
185.40
185.69
185.71
185.71
185.86
185.92
186.19
186.57
186.85
187.57
187.64
187.75
187.83
187.93
188.40
188.42
188.53
188.55
188.89
189.01
189.07
189.17
189.21
189.82
189.85
190.02
190.07
190.18
190.22
190.33
190.33
190.51
190.56
190.81
190.96
190.97
191.11
191.12
191.16
191.21
191.24
191.33
191.45
191.58
191.73
191.93
192.38
192.79
192.94
193.17
193.51
193.69
194.50
194.50
194.61
194.71
194.88
195.09
195.11
195.31
195.32
195.43
195.50
195.55
195.61
195.70
196.04
196.46
196.49
196.72
196.73
196.85
196.93
197.17
197.55
197.80
198.13
198.29
198.72
198.75
198.78
198.84
199.08
199.11
199.11
199.20
199.23
199.24
199.52
199.53
199.92
200.14
201.01
201.20
201.46
201.53
201.60
202.14
202.23
202.32
202.37
202.41
202.93
203.14
203.26
203.27
203.52
203.62
203.77
203.83
203.84
203.93
204.10
204.29
204.48
204.57
204.59
204.62
204.86
204.90
205.31
205.56
205.70
205.99
206.08
206.69
207.03
207.08
207.40
207.59
207.69
208.53
208.79
208.91
209.03
209.08
209.13
210.24
210.31
210.32
210.71
210.86
211.12
211.34
211.47
211.59
211.71
211.91
212.38
212.38
212.66
212.67
212.75
212.85
212.89
212.94
212.99
213.28
213.55
214.09
214.20
214.31
214.38
214.62
214.77
214.82
214.87
215.05
215.19
215.30
215.33
215.34
215.54
215.73
215.95
216.04
216.24
216.34
216.65
216.74
216.76
217.04
217.11
217.27
217.31
217.37
217.38
217.72
217.84
218.08
218.19
218.62
218.74
218.76
218.82
218.93
219.00
219.11
219.16
219.41
219.68
219.96
220.06
220.14
220.28
220.43
220.47
220.61
220.95
221.06
221.57
222.06
223.04
223.07
223.09
223.26
223.30
223.52
223.53
223.57
223.74
223.74
224.17
224.29
224.61
224.72
224.90
225.10
225.13
225.21
225.43
225.54
225.64
225.91
225.93
226.42
227.05
227.37
227.63
228.21
228.45
228.52
228.99
229.03
229.21
229.31
229.35
229.59
229.92
230.15
230.32
230.33
230.41
230.52
231.04
231.19
231.24
231.38
231.39
231.81
232.32
232.35
232.45
233.25
233.26
233.57
233.68
233.82
233.96
234.00
234.09
234.12
234.27
234.42
234.51
234.59
234.97
235.23
235.25
235.28
235.65
236.13
236.55
236.65
236.74
236.85
236.94
237.20
237.41
237.49
238.04
238.12
238.13
238.39
238.42
239.22
239.42
239.66
239.75
239.76
239.90
240.19
240.36
240.40
240.49
240.65
240.67
240.88
241.36
241.71
242.03
242.38
242.53
242.67
243.07
243.23
243.28
243.49
243.58
243.67
243.81
244.94
245.04
245.50
245.77
245.97
246.02
246.11
246.22
246.46
246.91
247.33
247.65
247.65
247.74
247.85
248.26
248.31
248.45
248.47
249.29
249.50
249.52
249.73
250.02
250.67
250.90
250.92
251.09
251.10
251.11
251.42
251.49
252.08
252.24
253.01
253.36
253.60
253.70
253.95
254.04
254.33
254.35
254.45
254.49
254.50
254.74
255.13
255.41
255.44
255.44
255.49
255.67
255.68
255.79
255.90
255.91
255.99
256.22
256.41
256.43
256.51
256.54
256.63
256.67
256.78
256.90
257.45
258.55
258.62
258.77
258.93
259.24
259.36
259.74
259.85
260.23
260.29
260.96
260.99
261.07
261.09
261.18
261.18
261.55
262.26
262.32
262.54
262.96
262.98
263.06
263.16
263.24
263.34
263.68
263.87
264.27
264.43
264.72
264.98
265.12
265.32
265.54
265.65
266.28
266.54
266.77
266.97
267.37
267.42
267.69
267.70
268.15
268.49
268.65
268.82
268.87
269.12
269.13
269.24
269.43
269.52
269.65
269.83
270.58
270.60
270.68
271.54
271.94
272.39
272.48
272.59
272.62
272.93
273.16
273.24
273.31
273.47
273.68
274.11
274.60
274.65
274.77
274.80
275.15
275.20
275.35
275.55
275.56
275.69
275.76
275.76
275.89
276.09
276.41
276.59
276.88
276.98
277.27
277.41
277.46
277.51
277.59
277.66
278.01
278.11
278.12
278.21
278.32
278.43
279.20
279.38
279.61
279.63
279.64
279.71
280.14
280.38
280.91
280.95
281.49
281.52
281.57
281.76
281.83
282.00
282.23
282.40
282.48
282.56
282.88
282.96
283.40
283.59
283.62
283.74
284.26
284.27
284.38
284.61
284.79
284.81
285.15
285.41
285.71
286.15
286.26
287.33
287.40
287.63
287.66
287.69
288.00
288.27
288.46
289.16
289.41
289.57
289.64
289.82
289.85
290.35
290.69
290.93
291.20
291.43
291.56
291.78
291.80
291.96
292.19
292.20
292.50
292.53
292.68
292.74
293.41
293.46
293.53
293.80
294.17
294.86
295.00
295.09
295.45
295.78
295.97
296.02
296.22
296.45
296.63
296.74
297.02
297.22
298.26
298.77
298.93
299.02
299.14
299.18
299.94
300.03
300.49
301.63
301.70
301.80
302.03
302.11
302.50
302.72
302.95
303.22
303.35
303.38
303.44
303.63
303.73
303.79
303.81
304.41
304.52
304.56
304.61
304.84
304.84
304.85
305.17
305.50
305.55
305.86
305.93
306.38
306.96
307.54
307.99
308.44
308.74
309.19
309.45
310.24
310.40
310.86
311.00
311.12
311.50
311.55
311.95
311.98
311.99
312.17
312.26
312.62
312.99
313.02
313.29
313.48
313.52
313.72
314.05
314.07
314.30
314.87
314.98
315.26
315.60
315.67
316.02
316.24
316.49
316.59
316.65
317.10
317.57
317.64
318.11
318.26
318.29
318.65
318.72
318.96
319.06
319.13
319.14
319.51
319.89
319.99
320.16
320.26
320.79
321.00
322.57
322.59
323.04
323.20
323.29
323.31
324.12
324.31
324.58
324.63
325.08
325.22
325.54
326.15
326.30
326.43
326.49
326.55
326.55
326.94
327.42
327.93
328.06
328.09
328.19
328.27
328.76
328.84
329.19
329.25
329.57
329.72
329.79
331.25
331.32
331.48
331.54
331.66
332.28
332.35
332.35
332.38
332.46
332.57
332.62
332.87
333.16
333.51
333.91
333.96
334.04
334.28
334.97
335.23
335.30
335.52
335.57
335.75
335.88
335.89
335.95
336.58
336.66
337.00
337.68
338.24
338.35
338.59
339.00
339.01
339.46
340.14
340.23
340.25
341.11
341.78
341.81
341.85
342.34
342.41
342.65
342.86
343.12
343.34
343.90
344.06
344.72
345.23
345.32
345.45
345.53
345.53
345.62
345.75
346.11
346.43
346.46
346.59
347.13
347.68
347.96
348.26
348.41
348.42
348.50
348.52
348.55
348.64
348.90
349.04
349.06
349.14
349.24
349.83
350.39
350.47
350.87
351.00
351.06
351.12
351.42
351.47
352.06
352.19
352.40
352.54
352.66
353.10
353.53
353.57
353.59
353.76
353.83
353.96
354.07
354.38
354.53
354.55
354.59
355.03
355.27
355.65
355.75
355.81
355.94
356.48
356.53
357.44
357.92
358.20
358.22
358.24
358.59
359.12
359.18
359.19
359.42
359.68
359.68
359.68
359.70
359.82
359.91
359.97
360.24
360.55
360.57
360.62
360.63
360.73
361.03
361.24
361.72
361.81
361.90
361.92
361.96
362.15
362.31
362.59
362.73
362.93
363.17
363.29
363.45
363.77
364.23
364.33
364.61
364.67
364.79
365.02
365.44
365.83
365.84
366.05
366.96
367.21
367.32
367.40
367.69
367.77
368.09
368.43
368.73
368.78
368.86
368.91
369.40
369.52
369.73
370.69
371.00
371.07
371.34
371.40
371.70
371.72
371.96
372.16
372.31
372.66
372.93
374.00
374.03
374.52
374.65
375.44
376.11
376.15
376.87
377.18
377.31
377.55
377.75
378.05
378.16
378.39
378.42
378.74
378.82
378.93
379.06
379.32
379.91
380.87
381.28
381.46
381.63
381.64
381.84
381.91
382.38
382.70
384.23
384.86
385.36
385.63
386.30
386.40
386.50
386.81
387.35
387.41
387.50
387.58
387.59
387.87
388.71
388.91
388.98
389.17
389.38
389.73
389.90
389.92
389.94
390.28
390.88
391.05
391.05
391.17
391.24
391.42
391.61
392.27
392.34
392.53
392.68
393.03
393.64
393.70
395.26
395.29
395.51
395.98
396.56
396.73
397.11
398.53
398.53
398.69
398.78
399.14
399.25
399.39
399.48
400.05
400.22
400.57
400.69
400.83
401.92
402.01
402.20
402.46
402.54
403.05
403.15
403.83
403.86
404.07
404.27
404.29
404.67
405.35
405.37
405.57
405.69
405.81
405.99
406.10
406.30
406.41
406.43
406.45
406.72
407.41
407.72
407.74
408.03
408.67
408.78
409.15
409.36
409.36
409.48
409.57
409.93
410.74
411.60
411.72
413.09
413.11
413.16
413.62
413.88
414.03
414.25
414.76
415.04
415.42
415.70
415.77
416.11
416.13
416.42
416.50
416.85
416.86
417.12
418.26
418.51
418.74
418.93
418.98
419.83
420.13
420.28
420.56
420.87
421.43
421.83
422.12
422.22
422.65
422.74
422.77
422.86
422.89
423.36
423.36
423.54
424.01
424.40
424.68
424.70
425.46
425.79
425.82
426.17
426.29
427.12
427.78
427.96
428.64
428.65
429.19
429.25
429.34
429.67
429.83
429.89
430.02
430.25
430.28
430.29
430.38
430.75
430.87
431.41
431.57
431.99
432.58
433.14
433.22
433.23
433.27
433.97
434.53
434.72
435.62
435.70
435.72
437.24
437.77
437.87
437.89
437.90
438.32
438.46
439.18
439.25
439.76
440.26
440.83
440.91
441.17
441.27
441.40
441.69
441.84
441.95
442.09
442.35
442.70
442.75
442.75
442.84
443.24
443.35
443.95
444.25
444.69
445.36
445.64
445.84
446.11
447.04
447.82
448.18
448.31
448.79
449.05
449.64
450.11
450.46
450.47
450.57
450.68
451.23
451.25
451.32
451.84
451.92
451.94
452.02
452.17
452.19
452.32
452.41
452.72
454.05
454.43
455.92
456.53
456.72
457.11
457.74
458.48
458.70
458.82
459.18
459.79
460.06
460.13
460.55
460.57
460.65
460.78
460.84
461.29
461.34
461.66
461.75
462.11
462.13
462.33
462.51
462.62
462.70
462.94
463.08
463.09
463.26
463.72
464.28
464.31
464.69
464.91
464.94
465.07
465.33
465.46
465.49
465.62
465.69
466.09
466.53
467.06
467.34
468.23
468.31
468.43
468.76
468.98
469.06
469.27
470.09
470.23
470.29
470.97
471.00
471.06
471.57
471.76
473.01
473.04
473.07
473.20
473.43
473.44
474.00
474.00
474.40
475.01
475.10
475.14
475.66
475.69
475.96
476.17
476.48
476.59
477.01
477.92
478.66
478.70
478.78
479.50
479.55
479.60
480.01
480.16
480.48
480.53
480.56
480.85
481.68
481.86
482.25
482.29
482.29
482.47
482.55
482.77
482.92
483.25
483.50
483.89
483.95
483.95
484.07
484.10
484.13
484.43
484.89
484.97
485.14
485.14
485.31
485.87
485.90
486.95
487.11
487.25
487.32
487.91
487.91
488.18
488.35
488.60
488.81
488.81
488.82
488.83
488.87
489.60
489.83
490.20
491.13
491.48
491.61
491.91
491.94
491.98
492.92
493.57
493.67
493.67
494.55
494.68
494.80
495.04
495.11
495.45
496.03
496.14
496.93
498.10
498.39
498.54
498.60
499.64
500.01
500.26
500.61
500.62
501.85
502.06
502.58
502.84
503.22
503.47
503.98
504.22
504.30
504.32
504.47
504.62
505.03
505.14
505.65
505.85
506.64
506.81
506.85
507.05
507.18
507.23
508.09
509.48
509.76
510.14
510.40
510.72
510.89
510.94
511.39
511.53
511.69
511.77
511.87
512.03
512.53
512.90
513.13
513.18
513.90
513.94
514.43
514.48
514.65
515.35
515.50
515.82
515.88
516.17
516.37
516.76
517.01
517.19
518.66
518.80
518.81
518.93
518.96
519.07
519.57
519.96
520.69
520.86
521.14
522.57
522.72
522.94
523.83
524.94
525.10
525.53
525.76
525.84
525.86
527.18
527.28
527.40
528.38
528.61
529.16
529.44
529.48
529.57
529.91
530.15
530.88
530.96
531.39
532.63
532.80
533.18
533.30
533.50
534.26
534.26
534.31
534.43
534.57
534.66
534.95
535.08
535.70
536.17
536.43
537.31
537.52
538.48
538.73
538.93
539.10
539.84
540.01
540.02
540.11
541.31
541.73
541.79
541.83
541.97
542.28
542.41
542.64
542.64
542.74
542.94
543.07
543.55
543.99
544.12
544.12
544.29
544.51
544.75
544.93
545.71
546.17
546.66
547.34
547.50
548.06
548.16
548.40
548.57
548.77
548.99
549.02
549.25
549.67
549.84
550.35
550.50
550.55
550.98
551.04
551.07
551.18
551.34
551.46
552.66
552.70
552.96
553.05
553.47
553.70
554.16
554.81
555.31
555.90
556.12
556.14
556.90
557.33
557.41
557.87
558.40
558.58
558.58
558.83
558.90
559.07
559.25
559.87
560.06
560.44
560.61
560.94
561.03
561.06
561.43
561.57
561.89
562.81
562.83
563.25
563.36
563.61
564.16
564.57
564.71
564.82
564.84
565.55
565.73
565.94
567.45
568.76
569.07
569.49
569.66
569.67
570.22
570.22
570.23
570.58
570.67
570.74
571.99
572.44
573.00
573.42
573.48
573.63
573.69
574.13
574.49
574.92
575.12
575.68
575.84
576.43
576.73
577.15
577.37
577.65
578.12
578.45
579.06
579.20
579.36
579.62
580.36
580.58
580.91
582.16
583.00
583.51
584.01
584.26
584.40
584.56
584.68
584.77
584.81
585.06
585.27
585.48
585.55
586.11
586.33
586.40
586.45
586.78
587.06
587.13
587.20
587.25
587.35
587.36
587.69
588.56
589.08
589.35
589.37
590.01
590.99
591.30
591.50
592.84
593.59
593.68
594.07
594.67
594.80
594.92
595.17
595.35
598.90
600.07
600.18
600.37
601.09
602.25
602.54
602.59
602.64
602.81
603.28
603.40
603.81
604.09
604.21
604.24
604.24
604.32
605.00
605.00
605.62
605.81
606.62
606.65
606.91
607.33
607.62
607.86
608.05
608.18
608.38
608.73
608.79
608.88
609.08
609.15
609.73
609.97
610.70
610.79
610.81
611.69
612.35
612.66
613.15
613.47
613.73
613.79
613.79
614.05
614.39
614.87
615.49
615.65
615.69
615.79
615.85
615.95
617.19
617.58
617.79
617.90
619.87
620.10
620.30
620.50
621.25
621.48
621.89
621.95
622.81
623.01
623.27
623.70
623.79
623.95
624.22
624.81
624.93
625.00
625.97
626.04
626.22
626.44
627.31
627.90
627.90
628.06
628.61
629.96
630.27
630.29
630.42
630.98
631.20
631.60
631.65
632.56
633.02
633.17
633.28
633.29
633.53
634.74
634.74
634.82
636.79
637.38
637.72
637.92
638.45
638.50
638.90
638.98
639.61
639.80
640.70
640.76
640.76
640.93
641.08
641.73
641.87
642.54
643.01
643.11
643.27
643.70
644.19
645.23
645.63
645.83
646.22
646.48
646.62
647.39
647.65
647.83
648.18
648.79
649.31
649.53
649.58
650.00
650.08
650.83
650.91
651.01
651.07
651.51
651.69
652.40
652.41
652.93
654.20
654.54
655.30
655.41
656.88
657.53
657.96
657.99
658.96
661.05
661.56
661.59
661.94
662.21
662.42
662.67
662.69
663.28
663.82
664.64
664.96
664.98
665.34
665.49
665.96
666.01
666.33
667.41
667.54
667.54
667.64
667.70
667.72
667.72
668.34
668.64
668.64
668.81
669.29
670.11
671.19
671.27
671.29
671.86
672.04
672.18
672.35
673.59
673.76
673.95
674.19
675.41
675.66
675.90
676.39
676.40
676.77
676.91
677.23
677.29
677.54
678.22
679.19
679.83
680.22
680.77
680.87
680.89
681.45
681.52
681.68
681.90
682.24
682.29
682.30
682.52
682.61
682.61
682.88
683.65
683.94
684.85
685.05
685.21
685.73
686.02
686.60
686.81
686.83
686.98
687.07
687.33
687.52
687.77
688.39
688.45
688.79
689.33
689.43
689.44
689.61
689.78
690.71
691.16
691.35
691.59
691.62
691.74
692.42
692.63
692.68
692.83
693.30
693.40
693.48
694.22
694.45
695.59
696.13
696.26
696.94
697.95
698.25
698.59
698.79
699.00
699.24
700.65
700.76
700.82
701.75
701.94
702.36
703.19
703.28
703.35
703.39
703.49
704.18
704.82
705.18
705.29
705.32
705.68
706.09
706.18
706.42
706.44
706.73
707.68
707.76
708.18
708.84
709.15
710.13
710.26
710.79
710.80
711.14
711.19
711.33
711.64
712.44
713.97
714.36
714.43
715.73
716.43
716.57
716.83
717.04
717.20
717.27
717.31
717.36
718.62
719.13
719.40
720.41
720.44
720.68
720.75
720.79
721.36
721.57
722.46
722.49
723.21
723.24
723.52
723.79
723.80
723.96
724.06
725.23
725.40
726.30
726.47
726.70
726.79
727.07
727.13
727.15
727.33
728.38
729.13
729.27
729.33
729.75
730.04
730.07
731.68
731.90
732.06
732.49
732.70
734.53
734.58
735.91
736.93
737.02
737.37
737.56
737.71
738.70
738.79
738.85
739.13
739.38
739.51
739.77
740.71
742.57
743.49
744.18
744.82
745.06
745.39
745.62
745.65
745.69
745.72
745.93
745.97
746.52
747.05
747.26
747.45
747.45
749.20
749.46
750.33
750.43
751.38
751.44
752.91
753.54
754.96
755.63
755.68
755.82
756.13
756.21
756.26
756.35
756.65
756.70
757.20
757.20
757.22
757.56
757.57
757.98
758.62
758.71
759.19
759.83
760.01
760.19
760.63
761.51
761.54
761.58
761.66
761.97
762.53
762.71
762.99
763.12
763.24
764.51
764.81
765.00
765.15
765.37
765.75
767.47
767.54
767.86
767.99
768.14
768.75
768.99
769.29
769.39
770.02
770.76
771.64
772.50
772.83
773.12
773.27
773.55
773.92
774.79
775.02
775.19
776.08
776.34
776.61
776.96
777.32
778.42
778.86
779.64
780.27
781.31
781.58
781.66
781.76
782.05
782.42
782.95
784.13
784.32
786.75
788.08
788.64
788.80
789.91
790.02
790.11
790.11
790.17
790.35
791.09
791.37
791.62
791.80
792.34
792.42
792.45
792.45
792.69
793.14
793.24
793.71
793.76
794.24
794.25
795.34
795.52
796.38
796.81
797.30
798.39
798.49
800.41
800.64
801.66
802.49
804.10
804.30
804.77
805.04
805.84
806.26
806.40
806.67
807.81
807.94
808.26
808.48
808.71
809.45
809.57
809.80
811.74
811.77
812.39
812.44
812.69
813.06
814.45
814.54
815.66
816.01
816.29
816.33
817.93
818.00
819.44
820.01
820.03
820.21
821.23
821.26
822.49
822.50
823.04
823.42
824.44
824.45
825.27
825.57
825.78
825.80
826.29
826.65
826.93
827.85
828.22
829.18
830.25
830.35
830.67
831.73
832.05
832.42
832.60
833.43
834.09
834.11
834.47
835.35
835.94
836.42
836.60
836.97
837.31
837.66
839.21
839.80
839.98
840.31
840.41
840.65
842.86
843.00
843.81
844.30
844.86
845.01
845.07
845.90
845.90
846.17
846.29
846.53
847.11
847.24
848.38
849.48
849.50
849.56
849.70
850.95
851.22
851.58
851.70
852.06
852.29
852.56
852.71
852.75
854.57
857.38
857.79
858.82
859.46
859.60
860.17
861.59
862.31
862.37
862.55
862.81
862.94
863.21
864.53
864.69
864.78
866.21
866.79
867.20
867.87
868.62
869.00
869.79
870.42
870.43
870.86
871.83
872.19
873.10
874.06
874.48
875.01
875.51
876.47
877.06
877.46
878.33
878.34
878.53
878.57
878.69
878.88
880.49
881.31
881.31
881.74
882.32
882.57
883.10
883.33
883.42
885.07
885.66
886.06
886.51
886.66
886.98
887.79
888.17
888.97
889.14
889.14
889.50
890.45
890.50
890.75
890.75
890.83
890.86
891.42
891.87
892.03
893.12
895.03
895.95
897.33
898.10
898.32
899.75
899.75
900.37
900.57
900.79
903.37
903.86
903.86
904.10
904.15
905.00
905.49
905.66
906.40
907.95
908.72
910.48
911.66
912.57
912.59
913.74
914.36
914.39
914.42
915.12
915.36
915.74
916.21
917.14
917.14
917.87
918.03
918.55
918.94
919.01
920.61
920.73
921.82
921.90
921.91
922.02
922.50
923.51
923.83
924.19
924.74
925.81
926.97
927.05
927.75
928.25
928.62
929.02
929.17
929.64
929.77
931.09
931.86
932.41
932.85
932.94
933.21
933.61
934.07
934.41
934.73
934.89
935.45
935.62
936.01
936.21
936.26
936.42
937.46
937.57
937.77
937.80
938.85
939.27
940.12
940.30
940.31
940.68
940.75
940.83
940.89
941.47
941.49
941.71
942.18
943.29
943.58
943.63
943.88
944.13
945.09
945.35
948.16
948.33
948.38
948.48
948.57
948.58
948.85
949.14
949.97
949.98
950.72
950.87
951.35
951.56
953.11
954.49
954.94
955.38
955.91
956.07
956.55
957.37
957.55
957.95
958.48
958.54
959.73
960.00
960.41
961.68
961.87
962.01
962.72
963.20
963.38
963.54
964.57
964.69
965.93
966.67
967.03
967.97
968.26
968.37
968.43
968.56
968.98
969.10
969.26
969.30
969.56
969.87
970.26
971.23
971.25
972.16
972.20
972.29
973.75
974.28
974.41
975.19
975.43
976.03
976.24
976.57
976.89
977.03
977.56
978.24
979.14
979.81
979.95
980.53
980.58
980.83
980.87
981.50
982.02
982.65
982.85
982.98
983.74
983.90
984.48
984.83
985.38
985.48
985.60
985.69
986.25
986.53
987.54
990.88
991.82
993.03
993.93
993.95
994.28
994.60
994.79
994.83
996.93
997.17
997.47
997.87
998.52
998.54
998.56
998.93
999.20
1000.87
1001.27
1002.08
1002.99
1003.46
1003.52
1004.47
1005.00
1005.85
1006.10
1007.60
1008.47
1008.80
1009.09
1009.41
1010.05
1010.38
1011.30
1011.98
1012.97
1013.40
1013.79
1013.93
1014.32
1014.89
1015.55
1016.38
1016.68
1017.62
1017.75
1017.87
1018.41
1018.96
1019.05
1021.58
1022.00
1022.54
1022.81
1022.90
1022.93
1023.46
1023.95
1024.14
1024.16
1024.82
1025.08
1025.37
1026.67
1027.20
1027.27
1028.52
1029.79
1031.24
1033.59
1035.49
1036.22
1036.29
1036.48
1038.28
1039.40
1039.68
1040.70
1040.93
1040.96
1042.22
1042.57
1042.73
1043.28
1043.29
1043.57
1043.66
1045.52
1046.51
1047.17
1047.79
1048.41
1048.72
1048.78
1050.18
1050.50
1051.01
1051.20
1051.77
1051.85
1052.49
1052.58
1052.60
1053.07
1053.30
1053.31
1053.73
1054.38
1054.83
1055.08
1055.25
1055.29
1056.20
1056.20
1056.29
1056.52
1056.56
1056.86
1057.13
1059.06
1059.37
1059.39
1059.60
1060.48
1060.50
1061.24
1061.59
1061.60
1062.55
1062.81
1062.94
1062.94
1063.51
1063.54
1063.90
1064.24
1066.19
1066.42
1066.96
1068.02
1069.21
1069.91
1070.13
1070.53
1071.92
1072.34
1072.42
1072.45
1072.55
1072.58
1072.75
1072.94
1073.01
1073.55
1073.56
1074.36
1074.51
1074.87
1075.49
1076.25
1076.28
1076.33
1076.74
1077.46
1078.05
1078.20
1078.30
1078.58
1078.62
1080.24
1080.80
1081.27
1081.42
1081.46
1082.17
1084.35
1084.37
1084.76
1085.30
1085.63
1086.11
1088.33
1089.19
1090.08
1091.31
1092.60
1092.97
1093.00
1093.23
1094.19
1094.34
1094.71
1095.18
1095.36
1095.38
1095.40
1095.88
1096.50
1097.45
1097.84
1097.93
1100.24
1100.28
1100.49
1100.89
1102.10
1103.25
1103.53
1103.89
1105.71
1106.01
1106.29
1106.78
1106.80
1107.28
1107.60
1108.22
1108.45
1108.79
1108.85
1109.27
1109.52
1109.84
1110.32
1110.35
1111.02
1111.22
1111.78
1111.91
1112.22
1113.38
1113.79
1115.19
1115.28
1116.72
1117.00
1117.19
1117.72
1117.80
1117.94
1118.14
1118.38
1118.73
1119.49
1119.67
1119.94
1121.10
1121.83
1121.92
1122.26
1123.07
1123.16
1123.41
1123.58
1123.68
1124.24
1125.13
1125.84
1126.50
1126.53
1127.70
1129.28
1129.42
1129.69
1129.96
1130.38
1130.71
1131.80
1132.13
1135.28
1135.41
1135.99
1136.70
1137.34
1138.04
1138.23
1138.39
1138.76
1138.76
1139.14
1139.88
1140.10
1140.20
1140.54
1140.56
1140.83
1141.45
1142.57
1142.73
1144.20
1144.29
1145.09
1145.63
1145.96
1147.08
1147.36
1147.86
1147.90
1148.51
1148.69
1148.94
1149.46
1149.99
1150.51
1151.34
1153.48
1154.06
1154.14
1155.56
1155.85
1155.90
1156.10
1156.60
1157.19
1157.71
1158.07
1159.71
1160.29
1161.14
1161.45
1162.60
1163.84
1164.07
1164.54
1164.56
1165.96
1166.05
1166.26
1167.12
1167.41
1167.43
1167.73
1169.36
1169.73
1170.30
1170.44
1171.18
1174.76
1175.30
1175.77
1176.00
1176.11
1176.24
1176.36
1176.96
1176.99
1177.66
1177.74
1178.25
1179.41
1179.63
1179.84
1180.88
1182.53
1183.27
1183.45
1183.69
1183.73
1184.06
1184.26
1184.67
1185.94
1186.04
1186.15
1187.08
1187.10
1188.60
1188.92
1189.05
1189.77
1190.69
1191.69
1191.72
1191.83
1191.85
1192.19
1192.29
1193.35
1194.01
1194.51
1195.24
1195.52
1196.14
1197.01
1197.17
1197.53
1198.29
1198.41
1198.94
1199.94
1200.94
1201.03
1201.30
1201.47
1201.77
1201.97
1202.27
1203.19
1203.99
1204.10
1205.05
1205.48
1205.51
1205.94
1208.00
1208.06
1208.37
1209.01
1209.10
1210.05
1211.00
1211.89
1212.06
1212.86
1213.13
1213.51
1214.10
1214.86
1214.95
1215.56
1215.69
1216.78
1216.83
1217.36
1218.18
1218.45
1219.09
1219.34
1219.39
1219.79
1221.53
1221.65
1221.71
1224.51
1225.83
1225.87
1225.98
1226.84
1227.89
1228.27
1229.05
1229.84
1229.92
1230.31
1230.76
1231.30
1231.43
1231.71
1233.36
1233.72
1234.64
1234.74
1235.15
1235.75
1236.46
1237.12
1237.48
1237.69
1237.72
1237.96
1239.31
1240.82
1242.70
1242.73
1243.73
1244.04
1244.96
1246.23
1246.91
1248.01
1248.25
1249.28
1249.94
1250.30
1250.60
1251.94
1252.02
1252.12
1253.60
1253.94
1255.08
1255.67
1255.96
1256.39
1256.52
1256.95
1258.30
1258.39
1259.12
1259.44
1260.18
1260.96
1261.11
1261.35
1261.62
1262.39
1263.14
1263.47
1264.59
1264.71
1265.59
1266.48
1266.62
1266.97
1267.38
1267.65
1267.93
1268.47
1269.28
1269.32
1270.06
1271.96
1272.25
1273.09
1273.27
1274.62
1274.78
1274.81
1276.36
1277.19
1277.24
1277.39
1277.52
1277.85
1279.86
1280.63
1281.59
1283.23
1283.59
1284.46
1287.02
1288.53
1289.27
1289.31
1289.57
1290.17
1293.09
1293.96
1295.84
1296.71
1296.95
1297.51
1297.62
1298.66
1299.17
1301.25
1301.67
1301.77
1301.90
1302.52
1302.85
1302.92
1303.29
1303.91
1303.97
1304.38
1304.79
1305.53
1306.21
1306.85
1307.20
1307.30
1307.46
1307.81
1308.32
1308.62
1309.07
1310.02
1312.22
1312.40
1313.53
1314.14
1314.31
1314.55
1315.32
1315.46
1316.13
1316.24
1316.33
1316.83
1317.01
1317.15
1317.75
1318.00
1320.38
1321.21
1321.67
1321.85
1323.08
1324.13
1324.83
1324.89
1325.12
1325.35
1325.88
1326.05
1326.78
1327.73
1327.97
1330.53
1331.05
1331.14
1332.30
1332.35
1333.42
1333.80
1334.05
1336.17
1336.48
1337.62
1338.89
1339.91
1339.98
1340.30
1340.91
1341.87
1342.72
1343.33
1344.35
1344.82
1345.40
1346.23
1346.26
1347.41
1347.95
1348.13
1348.36
1349.42
1350.71
1351.53
1351.79
1352.19
1353.08
1353.56
1353.74
1355.32
1355.57
1357.45
1359.43
1359.61
1359.74
1361.98
1361.99
1362.01
1363.25
1363.59
1363.91
1364.52
1364.65
1366.26
1366.70
1368.26
1368.63
1369.28
1369.40
1369.41
1369.43
1369.86
1373.14
1374.13
1375.49
1375.69
1376.08
1378.57
1378.90
1379.23
1379.50
1379.97
1380.32
1380.47
1381.26
1382.29
1382.72
1383.97
1384.65
1385.96
1387.71
1388.57
1388.92
1389.26
1390.07
1390.13
1390.30
1390.61
1391.17
1392.18
1395.14
1395.18
1396.19
1397.16
1397.28
1397.46
1397.67
1399.02
1399.52
1400.05
1400.31
1401.63
1401.76
1402.66
1402.93
1404.40
1404.66
1408.16
1408.94
1409.29
1409.81
1410.39
1410.59
1412.34
1412.60
1413.00
1413.48
1414.36
1414.38
1416.25
1416.46
1417.13
1417.69
1418.38
1419.08
1419.28
1420.36
1420.54
1420.56
1421.77
1421.90
1422.50
1423.73
1424.30
1424.81
1424.85
1424.91
1425.86
1426.97
1428.74
1430.06
1433.03
1434.47
1435.17
1435.30
1436.14
1436.20
1436.99
1438.78
1440.20
1443.05
1443.11
1443.47
1443.52
1444.36
1445.30
1445.33
1445.58
1446.38
1447.12
1447.48
1447.96
1448.42
1448.89
1449.23
1449.94
1450.71
1450.91
1451.02
1451.54
1451.73
1453.71
1453.93
1454.72
1454.84
1456.37
1456.94
1457.00
1457.05
1457.79
1458.81
1459.51
1459.73
1460.08
1461.29
1461.86
1462.08
1462.20
1462.37
1463.40
1463.70
1464.30
1464.74
1464.79
1464.82
1466.81
1467.14
1467.46
1467.68
1468.43
1468.79
1469.51
1471.05
1472.13
1472.18
1472.53
1473.76
1473.93
1474.56
1474.75
1475.58
1475.94
1478.95
1479.46
1480.05
1481.48
1481.62
1481.70
1482.17
1482.67
1483.57
1483.61
1485.28
1487.28
1488.29
1488.66
1488.90
1488.98
1489.15
1490.05
1490.56
1491.02
1491.60
1491.87
1494.55
1494.93
1494.99
1495.22
1495.56
1495.62
1495.80
1496.35
1496.69
1497.14
1498.34
1498.63
1499.44
1499.67
1500.21
1500.74
1500.99
1501.15
1502.17
1504.01
1504.06
1504.27
1504.43
1505.12
1507.61
1507.89
1508.64
1509.34
1509.36
1511.61
1511.63
1513.04
1514.12
1515.15
1516.46
1521.08
1521.54
1522.15
1524.18
1525.00
1525.08
1525.65
1528.42
1528.87
1529.17
1529.50
1530.21
1530.22
1531.23
1531.30
1531.72
1534.88
1535.10
1535.47
1535.91
1537.61
1538.16
1538.92
1539.02
1539.14
1539.52
1540.71
1540.84
1541.01
1541.86
1542.04
1542.84
1543.13
1543.46
1543.81
1544.10
1545.58
1546.92
1546.99
1547.83
1548.08
1548.23
1548.75
1549.43
1549.90
1550.84
1550.89
1551.73
1552.10
1552.87
1553.08
1553.80
1553.98
1554.19
1554.74
1554.84
1555.09
1555.23
1555.55
1555.56
1557.40
1558.80
1559.10
1561.55
1562.02
1562.53
1562.75
1562.95
1564.22
1564.95
1565.05
1565.97
1567.04
1567.24
1572.42
1572.78
1572.90
1573.03
1573.08
1573.37
1574.02
1574.04
1574.60
1575.59
1575.83
1576.25
1577.34
1577.89
1578.35
1578.49
1579.05
1580.03
1580.71
1582.59
1583.91
1584.22
1585.73
1586.54
1587.69
1587.86
1587.89
1588.10
1588.36
1588.39
1589.25
1589.44
1589.87
1590.33
1590.35
1593.64
1593.90
1594.12
1597.99
1598.56
1599.22
1599.25
1600.21
1601.28
1601.71
1601.94
1601.99
1602.15
1604.49
1605.11
1605.79
1606.42
1607.06
1607.25
1607.37
1607.86
1609.11
1610.42
1610.66
1611.15
1611.81
1612.16
1612.55
1612.84
1613.00
1613.14
1613.61
1613.80
1614.50
1615.34
1615.83
1616.67
1616.76
1616.98
1620.73
1620.89
1621.14
1621.47
1622.10
1622.56
1622.61
1623.33
1623.89
1624.49
1625.00
1625.14
1625.46
1626.34
1626.64
1628.92
1631.94
1633.16
1633.23
1633.41
1634.33
1634.73
1635.65
1635.87
1635.99
1636.57
1637.05
1637.42
1637.74
1638.22
1638.36
1640.31
1640.31
1640.49
1641.36
1642.04
1642.23
1643.03
1644.72
1645.31
1645.75
1646.73
1648.53
1648.68
1648.82
1650.41
1650.91
1651.75
1652.55
1655.27
1657.23
1657.57
1657.69
1658.28
1659.36
1660.28
1660.39
1660.87
1661.70
1662.18
1663.06
1663.48
1663.91
1663.95
1664.43
1665.42
1665.71
1668.42
1669.92
1671.14
1671.40
1671.74
1674.91
1675.62
1675.82
1677.20
1677.98
1678.21
1679.90
1681.48
1682.61
1682.87
1683.21
1683.30
1684.16
1684.43
1684.85
1685.09
1687.32
1689.00
1691.52
1692.87
1694.10
1694.12
1694.30
1695.18
1695.20
1695.44
1695.86
1696.60
1696.65
1697.51
1700.16
1700.70
1702.70
1702.92
1704.95
1705.49
1705.76
1706.08
1709.96
1710.42
1710.48
1711.12
1711.83
1712.05
1712.12
1716.26
1716.97
1717.36
1717.43
1717.86
1719.51
1719.88
1722.25
1722.77
1723.55
1724.64
1724.95
1725.03
1726.34
1726.84
1728.54
1729.01
1729.03
1729.20
1729.63
1730.49
1730.86
1731.29
1731.65
1731.97
1733.65
1733.65
1733.90
1734.54
1734.93
1735.76
1736.06
1736.13
1736.19
1738.80
1739.18
1740.14
1741.02
1741.10
1742.30
1743.04
1744.11
1745.78
1746.99
1747.29
1747.34
1747.40
1748.37
1749.44
1749.65
1749.88
1751.17
1751.43
1752.38
1752.93
1753.16
1754.30
1754.79
1755.66
1755.76
1755.91
1758.29
1759.01
1760.40
1760.51
1761.35
1761.75
1762.29
1764.31
1764.69
1767.19
1769.13
1769.74
1769.80
1770.16
1772.06
1772.75
1774.59
1774.82
1776.36
1777.15
1777.65
1779.24
1779.69
1780.21
1780.23
1780.65
1781.40
1782.79
1783.35
1785.47
1785.68
1785.80
1786.28
1787.66
1788.33
1788.64
1790.27
1790.71
1792.42
1792.85
1793.66
1794.59
1794.89
1797.18
1799.81
1801.21
1801.62
1801.99
1802.51
1802.85
1803.28
1803.68
1804.02
1805.58
1807.26
1807.55
1810.02
1811.12
1811.74
1815.20
1815.49
1815.81
1816.02
1816.57
1817.18
1818.09
1820.09
1821.04
1822.16
1822.68
1822.69
1822.85
1823.03
1823.11
1823.50
1825.24
1825.68
1825.83
1828.32
1828.88
1829.79
1830.20
1831.93
1832.74
1836.41
1836.65
1836.93
1837.33
1838.88
1839.04
1840.17
1841.59
1842.84
1842.94
1843.32
1843.36
1843.94
1844.96
1846.87
1846.97
1847.35
1847.35
1847.55
1847.63
1847.87
1848.33
1849.27
1849.73
1849.87
1851.14
1852.94
1853.10
1853.48
1853.74
1853.74
1854.20
1854.52
1854.80
1854.90
1855.49
1855.63
1855.65
1856.77
1856.97
1858.02
1858.60
1858.72
1859.29
1860.25
1860.33
1863.60
1864.34
1866.44
1866.88
1868.06
1868.50
1869.27
1870.06
1870.10
1870.79
1871.66
1872.06
1872.51
1873.28
1873.50
1874.78
1876.59
1876.69
1877.80
1878.74
1879.04
1879.59
1882.95
1883.58
1883.79
1884.24
1884.74
1884.91
1884.97
1885.56
1886.56
1886.72
1887.38
1887.60
1889.05
1889.81
1890.52
1891.90
1892.94
1894.54
1898.46
1899.69
1901.73
1902.41
1902.43
1903.04
1905.60
1905.68
1908.55
1909.89
1910.93
1910.95
1912.17
1912.75
1913.30
1914.44
1915.65
1916.12
1916.41
1916.58
1916.70
1919.46
1919.50
1919.86
1919.94
1920.71
1923.68
1924.47
1924.56
1926.93
1928.56
1931.09
1931.44
1931.94
1931.99
1932.88
1933.49
1933.60
1933.66
1934.35
1937.37
1941.27
1942.93
1943.22
1944.48
1944.80
1945.41
1945.45
1945.52
1947.64
1948.70
1949.08
1949.94
1951.14
1953.89
1954.21
1954.46
1957.59
1959.16
1960.45
1962.07
1962.26
1962.77
1962.81
1964.40
1967.17
1970.07
1973.10
1973.99
1975.70
1976.21
1977.20
1982.23
1983.73
1984.83
1985.07
1985.32
1985.69
1985.92
1992.98
1995.10
1995.44
1995.94
1996.57
1997.06
1998.19
1998.95
2001.00
2001.48
2003.23
2004.95
2006.99
2007.40
2010.14
2011.53
2012.05
2014.23
2014.80
2015.84
2015.93
2016.76
2016.80
2016.98
2017.33
2020.67
2022.18
2023.60
2023.78
2024.26
2024.94
2026.03
2026.95
2027.48
2027.76
2028.03
2028.20
2028.23
2029.78
2029.81
2030.22
2030.36
2030.71
2031.52
2032.22
2032.84
2033.81
2036.80
2037.93
2038.26
2038.68
2041.33
2041.68
2042.54
2042.56
2043.82
2044.09
2044.91
2045.57
2048.65
2049.20
2049.74
2052.02
2052.44
2054.15
2054.98
2057.71
2057.73
2058.71
2059.36
2059.65
2061.26
2061.34
2061.75
2062.01
2064.76
2065.99
2067.53
2067.80
2071.52
2072.91
2073.00
2073.13
2074.59
2075.08
2075.94
2077.56
2078.01
2078.34
2078.84
2080.93
2082.33
2082.98
2083.95
2084.22
2085.33
2085.57
2085.60
2086.05
2087.33
2088.60
2089.07
2090.32
2091.43
2094.21
2094.28
2094.53
2094.66
2094.91
2094.96
2096.39
2098.32
2099.84
2103.27
2104.43
2105.94
2106.05
2106.51
2107.85
2107.94
2108.17
2108.28
2112.03
2112.46
2112.99
2113.17
2114.41
2114.93
2116.74
2116.86
2122.11
2123.23
2123.74
2124.82
2125.07
2126.22
2126.98
2127.30
2127.67
2128.82
2130.57
2131.33
2131.87
2133.55
2135.10
2135.86
2136.74
2139.12
2140.19
2141.64
2142.18
2142.50
2142.55
2142.94
2143.22
2143.66
2144.64
2146.47
2147.54
2147.75
2149.47
2149.47
2149.63
2150.33
2151.59
2152.00
2153.84
2154.68
2159.30
2159.96
2160.61
2161.88
2163.47
2164.45
2164.94
2165.29
2165.36
2165.60
2165.81
2167.68
2168.13
2168.58
2168.98
2172.22
2172.38
2175.01
2177.44
2177.51
2180.32
2180.86
2181.00
2182.18
2183.20
2185.63
2189.65
2190.58
2192.19
2192.19
2192.24
2192.78
2193.45
2193.71
2194.97
2195.66
2198.13
2198.25
2200.01
2200.46
2200.58
2201.18
2202.18
2202.44
2207.59
2209.34
2209.38
2210.00
2211.06
2213.55
2215.15
2215.75
2216.04
2217.79
2219.25
2221.03
2221.92
2222.40
2225.24
2225.34
2225.72
2227.29
2228.71
2229.10
2232.57
2233.27
2234.02
2238.09
2238.55
2241.04
2242.16
2242.30
2242.72
2245.58
2246.58
2246.77
2247.02
2250.47
2251.15
2252.05
2253.66
2253.74
2254.00
2254.88
2257.71
2257.86
2258.33
2259.13
2259.91
2260.53
2261.28
2262.78
2262.83
2263.09
2263.88
2264.59
2265.35
2265.86
2265.96
2266.70
2266.70
2267.90
2268.34
2269.76
2269.84
2270.26
2270.94
2271.34
2272.44
2277.74
2279.61
2281.58
2281.93
2282.23
2282.74
2284.15
2285.07
2286.43
2289.47
2289.92
2291.60
2291.75
2292.05
2292.50
2293.66
2295.28
2295.80
2296.44
2298.71
2301.87
2303.69
2303.74
2304.01
2304.11
2305.01
2305.06
2305.11
2310.85
2311.53
2318.31
2318.39
2318.76
2320.37
2320.57
2321.88
2324.67
2325.20
2325.35
2325.90
2326.63
2326.91
2330.16
2332.98
2333.56
2335.23
2335.81
2335.86
2336.27
2339.07
2339.23
2340.80
2343.46
2344.01
2346.43
2347.06
2347.72
2347.85
2348.43
2348.53
2348.69
2349.22
2350.72
2351.46
2351.81
2351.94
2353.65
2354.13
2355.58
2356.25
2357.06
2357.42
2358.13
2358.18
2361.61
2362.17
2363.52
2365.19
2365.29
2366.47
2367.23
2368.41
2368.57
2370.77
2373.70
2374.83
2374.90
2376.47
2378.50
2378.63
2380.92
2381.70
2382.11
2382.19
2382.39
2384.07
2384.12
2385.82
2386.88
2391.41
2392.00
2392.29
2392.39
2392.70
2395.81
2396.38
2397.47
2398.30
2398.48
2398.95
2399.67
2400.45
2400.69
2400.90
2401.57
2402.32
2403.21
2404.38
2404.69
2406.46
2407.27
2408.62
2409.59
2410.37
2415.54
2416.01
2416.09
2416.43
2417.58
2417.92
2418.39
2418.62
2419.46
2419.88
2422.82
2424.05
2424.49
2425.70
2428.56
2430.32
2431.19
2432.90
2433.59
2433.90
2434.09
2434.38
2434.75
2435.43
2439.86
2440.13
2440.39
2440.92
2442.00
2442.74
2444.62
2445.20
2445.33
2445.52
2447.16
2447.77
2447.85
2450.18
2450.63
2450.68
2451.03
2452.99
2454.27
2454.77
2457.48
2457.80
2458.09
2459.61
2461.55
2461.74
2461.74
2462.91
2464.83
2465.42
2466.35
2466.46
2467.12
2467.37
2468.06
2468.43
2468.97
2469.29
2472.42
2473.49
2474.34
2475.17
2476.03
2476.65
2482.15
2482.76
2482.87
2483.95
2487.28
2488.33
2488.33
2488.87
2488.95
2491.05
2491.29
2491.56
2492.48
2493.69
2495.64
2496.26
2497.20
2499.58
2500.15
2500.91
2501.72
2501.83
2502.72
2502.78
2504.78
2505.97
2506.08
2506.33
2506.73
2508.85
2508.93
2509.39
2509.69
2515.24
2515.26
2516.22
2516.60
2518.40
2518.53
2518.69
2519.38
2523.61
2525.35
2526.20
2529.04
2529.76
2529.81
2531.59
2532.47
2532.99
2536.64
2537.79
2538.75
2540.34
2541.61
2541.80
2543.09
2544.86
2545.93
2547.39
2551.56
2551.75
2556.00
2557.05
2557.86
2559.74
2562.71
2564.48
2565.37
2565.87
2566.76
2567.67
2568.12
2568.40
2571.65
2572.34
2572.37
2572.82
2572.87
2574.46
2575.83
2575.97
2576.05
2577.22
2577.25
2578.17
2581.18
2581.91
2583.56
2583.64
2583.84
2583.89
2584.03
2585.10
2587.19
2588.62
2590.50
2591.14
2591.85
2592.88
2595.16
2596.70
2598.61
2600.92
2601.65
2601.65
2604.64
2607.03
2607.43
2607.68
2609.57
2609.63
2611.01
2612.57
2613.19
2613.56
2615.62
2617.41
2618.03
2618.85
2620.30
2621.00
2621.06
2621.69
2622.05
2622.37
2622.54
2623.98
2624.15
2624.18
2625.32
2625.86
2627.31
2627.34
2628.33
2630.55
2632.26
2633.43
2634.20
2636.22
2636.31
2636.51
2636.53
2637.10
2637.56
2638.42
2639.65
2639.82
2643.25
2643.50
2646.05
2646.11
2647.51
2647.80
2648.08
2648.28
2650.55
2650.69
2651.67
2654.65
2654.94
2662.54
2663.57
2663.69
2663.80
2664.90
2666.54
2666.86
2667.73
2668.79
2669.60
2673.53
2673.68
2674.72
2675.39
2675.96
2678.46
2679.56
2680.05
2680.31
2684.66
2686.32
2686.96
2687.02
2688.94
2690.63
2691.65
2692.64
2693.16
2693.28
2693.66
2696.05
2696.51
2698.26
2698.82
2699.61
2701.16
2701.30
2702.44
2702.73
2702.91
2703.41
2706.54
2708.85
2710.61
2710.79
2710.82
2712.52
2712.67
2715.93
2716.04
2716.48
2717.22
2717.48
2718.57
2718.87
2718.95
2720.69
2722.22
2723.22
2723.49
2724.26
2725.55
2725.94
2727.44
2728.03
2728.68
2729.51
2729.57
2730.45
2730.72
2730.98
2734.06
2734.21
2734.24
2736.28
2737.05
2738.35
2738.62
2738.83
2739.06
2740.16
2743.36
2746.60
2746.75
2747.55
2750.02
2751.63
2752.73
2755.98
2756.37
2762.16
2764.94
2765.51
2766.46
2766.73
2769.94
2773.30
2774.44
2776.93
2777.11
2778.58
2778.67
2781.83
2782.31
2782.49
2784.03
2786.44
2786.56
2788.04
2788.07
2789.07
2791.42
2794.87
2797.89
2798.71
2800.62
2802.04
2803.31
2803.71
2805.14
2806.02
2806.26
2806.65
2808.69
2810.33
2811.12
2812.52
2813.98
2815.35
2816.05
2817.45
2818.16
2820.17
2820.32
2820.93
2821.45
2826.98
2827.59
2829.89
2834.36
2835.25
2836.60
2836.91
2837.89
2840.53
2841.73
2842.41
2843.45
2843.45
2845.39
2848.75
2849.71
2849.71
2851.50
2853.04
2856.50
2856.68
2857.80
2858.29
2860.02
2860.83
2861.60
2861.66
2862.84
2863.31
2865.91
2869.60
2870.75
2871.99
2874.29
2874.45
2877.44
2879.21
2879.34
2881.42
2881.83
2885.57
2886.39
2887.76
2890.35
2898.84
2901.89
2903.65
2905.34
2909.34
2909.49
2910.66
2910.85
2911.54
2913.59
2913.68
2915.67
2915.77
2917.69
2918.23
2921.96
2923.16
2923.41
2927.75
2928.32
2929.08
2931.36
2932.25
2932.60
2933.20
2935.33
2936.53
2938.09
2938.47
2939.33
2941.08
2942.23
2942.99
2944.93
2949.14
2951.15
2952.11
2954.89
2954.96
2955.76
2957.52
2957.90
2958.57
2959.21
2959.88
2961.13
2962.29
2963.28
2963.51
2963.89
2964.92
2965.05
2967.13
2967.36
2967.81
2968.22
2968.51
2968.77
2969.44
2969.77
2969.83
2970.99
2974.43
2975.55
2977.26
2977.84
2978.32
2979.13
2980.55
2982.32
2983.19
2984.71
2985.10
2985.13
2986.33
2986.75
2987.26
2987.65
2990.24
2991.73
2991.92
2992.44
2992.44
2993.51
2994.16
2996.43
2996.75
2998.11
2998.37
2998.66
2999.73
3001.49
3003.50
3006.62
3006.98
3012.58
3012.58
3012.81
3014.05
3014.28
3014.44
3017.77
3019.60
3019.83
3021.04
3021.36
3025.09
3028.20
3029.19
3032.76
3033.48
3034.04
3036.24
3040.81
3041.60
3045.52
3045.88
3048.72
3048.78
3053.17
3055.88
3057.87
3057.97
3061.54
3062.37
3063.83
3065.09
3067.08
3067.74
3068.57
3070.40
3070.73
3071.86
3075.15
3075.79
3075.95
3077.08
3077.25
3078.85
3079.38
3080.75
3081.82
3082.42
3088.26
3088.53
3092.17
3092.74
3093.98
3094.01
3094.85
3095.35
3095.38
3102.86
3107.90
3108.91
3109.58
3110.32
3111.80
3112.75
3114.87
3116.02
3116.25
3118.58
3118.78
3121.82
3123.21
3124.76
3127.50
3129.40
3129.56
3133.29
3136.85
3140.35
3141.27
3141.85
3142.66
3144.43
3148.01
3149.03
3149.50
3151.79
3152.13
3152.44
3154.45
3154.93
3155.88
3155.99
3156.09
3156.74
3159.33
3160.77
3161.73
3161.93
3162.17
3162.51
3162.75
3163.78
3166.08
3169.02
3169.95
3171.53
3172.35
3173.79
3173.96
3176.71
3176.99
3177.54
3179.22
3181.42
3181.70
3183.56
3184.59
3188.14
3188.70
3192.74
3193.29
3194.01
3194.26
3196.99
3197.23
3197.58
3199.34
3200.45
3202.32
3203.67
3203.88
3205.72
3207.00
3207.87
3211.51
3212.10
3214.33
3219.24
3220.35
3221.15
3221.43
3221.89
3223.18
3224.01
3225.62
3226.18
3230.96
3231.03
3231.66
3233.79
3235.54
3236.00
3238.38
3240.97
3242.34
3244.24
3246.66
3248.91
3249.61
3250.25
3250.95
3251.20
3252.39
3253.73
3253.80
3260.32
3261.45
3262.97
3263.95
3264.06
3264.84
3265.90
3266.53
3267.35
3270.18
3272.12
3273.40
3273.79
3276.48
3276.55
3276.69
3277.01
3277.44
3279.03
3279.57
3282.33
3285.46
3286.74
3287.70
3288.02
3288.27
3288.95
3290.66
3291.55
3291.72
3295.29
3296.36
3299.57
3300.96
3303.10
3305.54
3307.00
3308.36
3310.33
3312.30
3314.09
3314.99
3315.03
3315.82
3316.53
3316.75
3316.86
3320.84
3321.56
3321.71
3323.07
3325.23
3328.90
3331.39
3333.37
3334.52
3334.71
3336.11
3338.06
3338.97
3340.48
3342.07
3343.12
3343.92
3347.61
3349.42
3350.22
3350.36
3350.98
3352.14
3353.45
3355.26
3356.13
3356.50
3357.70
3359.37
3362.46
3362.97
3363.77
3363.95
3366.57
3368.61
3369.05
3369.23
3370.36
3374.78
3376.02
3378.87
3381.76
3382.42
3383.26
3384.39
3384.54
3385.13
3385.86
3386.89
3387.33
3389.93
3390.52
3392.86
3392.97
3393.34
3393.52
3394.77
3398.26
3399.00
3401.32
3401.35
3401.98
3403.23
3403.60
3403.78
3405.11
3406.25
3406.77
3406.81
3407.69
3408.06
3409.64
3410.71
3415.66
3417.62
3418.84
3420.03
3421.43
3422.77
3427.14
3430.48
3431.04
3431.59
3433.23
3438.50
3439.58
3440.78
3444.76
3445.32
3447.07
3448.30
3448.38
3448.64
3456.33
3458.92
3459.25
3465.36
3465.77
3465.96
3466.82
3468.17
3474.22
3474.75
3475.84
3476.85
3476.93
3478.02
3478.81
3478.96
3479.30
3480.24
3480.43
3480.54
3480.65
3482.08
3483.74
3486.68
3490.65
3493.29
3494.77
3494.77
3496.81
3498.40
3499.84
3500.18
3500.22
3500.40
3504.95
3509.51
3509.73
3510.27
3510.49
3510.87
3511.98
3513.69
3513.72
3515.40
3518.59
3519.35
3519.62
3520.27
3521.22
3523.20
3523.62
3526.48
3527.21
3527.55
3529.73
3530.61
3530.76
3532.33
3533.51
3538.25
3543.27
3549.45
3549.95
3551.76
3551.91
3552.79
3553.06
3555.22
3555.25
3555.52
3557.22
3564.50
3564.50
3565.39
3566.66
3567.74
3575.04
3575.97
3577.48
3577.94
3578.87
3579.53
3582.79
3583.91
3585.66
3590.70
3593.04
3595.14
3596.73
3599.11
3599.77
3599.92
3600.16
3600.24
3602.03
3605.58
3608.03
3608.07
3610.38
3612.25
3615.26
3616.59
3620.74
3623.45
3628.51
3630.87
3631.73
3633.22
3633.62
3634.64
3637.08
3639.09
3640.86
3640.86
3643.06
3643.93
3646.73
3647.17
3647.21
3649.53
3650.28
3650.76
3652.22
3652.81
3654.36
3654.63
3657.08
3661.72
3662.87
3663.38
3664.33
3664.61
3665.01
3666.67
3667.98
3669.45
3671.60
3676.17
3681.66
3686.04
3688.32
3694.11
3695.19
3697.43
3700.67
3702.15
3704.11
3707.84
3708.41
3709.89
3711.54
3712.38
3714.51
3714.59
3715.07
3715.31
3715.68
3716.04
3719.66
3720.50
3721.15
3721.99
3724.17
3724.85
3725.14
3729.65
3729.65
3730.78
3731.39
3731.59
3735.83
3736.28
3738.78
3738.90
3739.31
3740.12
3741.29
3745.10
3747.13
3748.02
3750.17
3750.86
3750.90
3756.62
3757.36
3758.17
3759.51
3762.65
3764.52
3764.52
3766.15
3767.66
3767.82
3768.19
3776.47
3776.72
3777.37
3779.17
3781.38
3783.26
3783.83
3785.59
3786.33
3789.77
3789.77
3795.97
3797.74
3802.01
3802.67
3806.87
3809.80
3810.00
3814.04
3815.74
3818.63
3821.07
3821.40
3823.30
3823.92
3831.00
3833.99
3836.35
3838.89
3839.63
3842.87
3843.91
3843.91
3845.99
3847.70
3847.70
3850.78
3858.25
3858.79
3860.09
3860.29
3861.80
3862.09
3864.18
3864.56
3865.02
3867.53
3869.83
3870.08
3873.89
3875.02
3875.49
3879.01
3881.19
3881.57
3885.81
3892.46
3892.63
3893.56
3893.98
3897.60
3897.77
3898.24
3903.77
3906.89
3907.02
3908.80
3910.15
3910.15
3911.12
3912.69
3913.24
3914.81
3915.61
3919.89
3921.76
3923.46
3924.43
3924.56
3927.19
3928.26
3932.08
3934.34
3935.02
3935.57
3936.21
3936.64
3937.49
3937.58
3938.39
3938.60
3939.54
3942.90
3944.36
3944.95
3945.38
3945.81
3947.05
3949.74
3950.29
3950.51
3952.69
3952.94
3964.08
3964.77
3965.97
3966.91
3968.63
3970.69
3971.85
3972.19
3977.96
3979.94
3980.28
3981.96
3982.65
3983.08
3985.19
3985.54
3985.71
3987.52
3988.21
3990.42
3993.52
3993.61
3993.74
3994.56
3995.04
3996.98
3998.19
3999.28
4001.70
4003.56
4005.51
4008.33
4010.63
4011.45
4011.67
4015.32
4016.36
4017.84
4018.10
4021.67
4022.14
4025.11
4025.32
4026.63
4027.11
4027.76
4028.68
4029.11
4029.42
4030.42
4039.15
4040.46
4044.40
4045.45
4046.59
4049.74
4049.83
4051.41
4052.20
4052.24
4054.30
4054.65
4056.41
4058.87
4060.89
4061.33
4064.05
4065.24
4067.26
4067.66
4067.75
4067.79
4068.19
4071.40
4075.19
4077.93
4079.87
4080.00
4081.90
4083.09
4085.21
4086.89
4091.50
4091.98
4092.91
4101.56
4102.89
4103.29
4110.66
4111.95
4112.40
4113.02
4114.18
4118.37
4119.97
4122.42
4124.30
4125.59
4127.47
4128.40
4128.85
4132.38
4139.45
4139.90
4149.77
4150.26
4151.74
4152.06
4152.10
4153.94
4154.53
4155.16
4155.29
4160.24
4160.92
4162.36
4166.86
4168.76
4172.86
4176.52
4177.25
4178.15
4179.14
4179.91
4181.72
4184.89
4185.48
4186.57
4186.88
4186.93
4189.06
4192.19
4192.41
4196.54
4197.54
4200.68
4201.18
4201.54
4203.72
4203.91
4209.28
4210.78
4212.51
4214.75
4217.07
4221.04
4222.55
4227.67
4227.99
4229.55
4230.55
4230.83
4232.29
4233.12
4233.35
4243.30
4244.12
4244.49
4244.63
4248.49
4248.76
4250.65
4254.24
4254.52
4259.12
4261.10
4263.27
4263.73
4265.44
4267.15
4269.41
4270.80
4272.74
4273.62
4276.02
4278.98
4282.36
4285.28
4285.38
4285.42
4286.86
4288.16
4288.30
4292.99
4293.31
4294.89
4297.45
4297.45
4297.91
4299.12
4299.22
4299.36
4300.29
4301.12
4304.94
4308.72
4312.91
4314.87
4319.64
4321.27
4330.17
4330.78
4332.23
4333.21
4333.59
4335.79
4336.73
4341.33
4348.81
4348.81
4353.89
4354.27
4357.38
4359.88
4360.63
4360.68
4360.78
4365.73
4367.81
4368.00
4369.99
4371.17
4372.63
4374.34
4377.98
4378.36
4379.83
4380.12
4381.40
4383.91
4384.05
4387.28
4387.42
4387.61
4393.07
4395.40
4396.69
4397.45
4397.88
4398.35
4399.02
4402.26
4408.55
4410.12
4411.12
4412.60
4417.33
4419.34
4419.96
4421.16
4423.12
4423.46
4424.17
4426.04
4430.11
4430.16
4432.94
4434.05
4442.06
4443.12
4452.02
4462.59
4464.81
4465.39
4467.27
4467.47
4467.56
4468.67
4468.96
4469.50
4469.64
4471.53
4471.77
4471.77
4473.32
4473.61
4473.75
4475.79
4483.30
4485.68
4485.97
4487.18
4489.17
4491.21
4491.70
4492.72
4493.30
4494.13
4495.59
4498.12
4504.01
4506.99
4507.77
4508.40
4510.60
4512.69
4515.53
4515.58
4516.21
4522.13
4523.40
4524.92
4525.41
4526.78
4527.86
4533.79
4539.19
4539.63
4544.15
4546.95
4547.74
4548.04
4549.66
4552.71
4553.85
4554.39
4554.78
4556.85
4559.62
4563.22
4564.35
4568.06
4572.06
4572.56
4574.09
4574.69
4577.95
4579.54
4580.53
4580.93
4584.89
4586.93
4586.98
4588.77
4590.06
4590.26
4592.79
4594.63
4602.04
4602.49
4602.84
4605.78
4606.87
4607.42
4609.17
4609.17
4609.47
4610.71
4611.56
4614.21
4616.05
4617.15
4617.90
4618.40
4625.15
4634.62
4637.68
4637.88
4638.08
4641.09
4641.30
4641.60
4647.93
4648.58
4649.94
4651.25
4651.60
4651.75
4653.11
4655.38
4656.54
4656.94
4659.26
4669.86
4670.36
4670.82
4671.02
4675.72
4681.14
4682.66
4683.47
4684.94
4689.35
4692.80
4693.77
4696.46
4700.37
4703.17
4703.42
4705.87
4711.63
4720.20
4721.12
4721.47
4726.02
4728.43
4732.57
4740.00
4740.11
4741.54
4748.37
4749.55
4750.68
4752.74
4753.25
4756.13
4759.69
4762.83
4763.29
4763.40
4764.89
4769.58
4771.80
4772.48
4779.87
4782.56
4785.35
4788.46
4791.00
4794.58
4797.12
4799.82
4803.82
4805.74
4806.31
4809.18
4812.25
4819.28
4821.31
4823.19
4823.82
4824.92
4825.80
4826.12
4831.03
4834.11
4837.77
4837.98
4840.13
4841.02
4842.59
4842.85
4843.54
4844.37
4848.62
4848.83
4849.88
4852.98
4864.54
4866.23
4866.54
4867.18
4868.86
4870.34
4877.19
4879.30
4880.10
4881.84
4882.05
4883.48
4886.49
4887.92
4890.09
4890.24
4892.63
4893.74
4897.60
4899.25
4900.20
4900.41
4902.48
4903.28
4904.34
4906.99
4907.47
4914.11
4914.48
4922.79
4922.89
4925.08
4925.29
4929.88
4933.13
4935.00
4935.05
4936.87
4938.84
4942.91
4954.26
4955.17
4961.93
4967.84
4968.11
4969.13
4969.94
4970.20
4971.55
4975.32
4975.53
4981.46
4983.18
4988.04
4989.76
4995.76
4998.25
5002.20
5003.82
5007.18
5009.29
5009.40
5012.60
5019.00
5019.87
5020.41
5021.12
5025.52
5025.58
5026.01
5026.18
5030.69
5032.43
5033.31
5036.79
5039.14
5039.24
5039.57
5041.10
5047.59
5047.76
5050.16
5052.95
5055.46
5062.58
5066.85
5067.46
5070.31
5072.23
5074.65
5079.31
5080.08
5086.96
5090.76
5093.51
5097.37
5099.36
5101.01
5102.56
5106.87
5107.92
5108.69
5109.08
5114.83
5115.11
5115.27
5115.55
5121.09
5123.69
5123.91
5124.97
5125.86
5127.08
5131.90
5132.02
5133.96
5135.40
5135.68
5143.91
5145.30
5148.25
5149.26
5150.87
5166.89
5167.17
5167.28
5168.40
5170.08
5171.98
5174.17
5177.69
5177.97
5179.21
5180.22
5181.90
5183.86
5185.04
5186.16
5191.55
5194.70
5197.45
5210.91
5211.64
5212.77
5216.15
5216.44
5217.68
5219.77
5223.78
5223.95
5227.17
5228.98
5229.72
5239.23
5246.44
5248.42
5250.30
5251.26
5251.60
5255.81
5256.10
5259.28
5271.59
5271.70
5272.90
5276.21
5278.26
5280.32
5281.46
5281.52
5284.38
5288.15
5288.21
5290.39
5294.68
5295.02
5295.43
5296.51
5297.43
5302.82
5303.34
5307.99
5314.88
5316.03
5317.59
5319.03
5322.65
5328.42
5329.34
5333.43
5333.95
5337.71
5338.69
5341.34
5346.61
5351.06
5351.70
5355.12
5355.81
5357.96
5367.71
5368.29
5369.22
5375.61
5376.42
5377.47
5378.75
5378.93
5383.53
5386.73
5399.86
5401.55
5402.96
5404.01
5406.06
5407.05
5413.02
5413.72
5414.02
5416.48
5416.48
5417.18
5417.88
5424.75
5426.92
5427.04
5430.56
5434.32
5438.03
5439.15
5439.38
5439.74
5440.27
5443.92
5449.51
5453.94
5456.00
5458.13
5458.31
5462.86
5463.68
5463.74
5463.86
5466.11
5469.84
5473.62
5475.22
5478.42
5487.32
5488.03
5488.39
5498.91
5505.64
5507.84
5512.31
5514.52
5514.82
5515.60
5519.00
5520.13
5520.55
5527.78
5533.11
5533.95
5536.46
5539.70
5546.84
5548.82
5550.98
5552.36
5553.02
5557.89
5560.90
5563.06
5565.59
5570.23
5571.38
5574.33
5574.45
5574.51
5576.74
5576.99
5577.47
5577.95
5579.46
5580.00
5580.37
5581.33
5582.36
5584.77
5585.44
5586.47
5588.89
5590.22
5591.06
5593.00
5596.87
5598.63
5599.48
5601.60
5601.84
5604.02
5605.96
5607.54
5609.60
5609.91
5610.15
5611.00
5611.12
5617.32
5625.29
5626.81
5630.46
5630.89
5631.92
5633.02
5633.81
5637.35
5637.65
5637.72
5642.05
5644.86
5646.57
5648.52
5650.60
5653.05
5656.11
5656.72
5658.86
5660.21
5661.43
5661.92
5669.16
5669.46
5670.51
5674.50
5674.74
5675.48
5677.44
5678.79
5679.10
5682.30
5685.31
5688.39
5688.63
5689.93
5691.28
5693.99
5696.52
5700.16
5705.34
5706.20
5706.94
5710.65
5720.36
5723.14
5724.69
5725.00
5725.19
5730.15
5732.19
5735.92
5745.42
5750.95
5751.83
5752.26
5757.68
5757.93
5762.41
5762.85
5765.97
5767.78
5770.34
5773.02
5779.34
5784.03
5786.66
5792.36
5793.48
5796.62
5800.76
5803.96
5805.60
5810.06
5814.96
5817.10
5822.64
5835.13
5835.70
5837.09
5844.23
5844.86
5849.35
5853.47
5856.89
5857.21
5862.66
5862.98
5864.25
5865.77
5869.01
5869.07
5870.91
5872.82
5872.88
5874.09
5876.50
5883.18
5883.88
5887.32
5887.51
5890.70
5893.63
5896.06
5904.80
5904.80
5905.31
5908.76
5910.36
5915.10
5917.47
5921.69
5925.28
5930.22
5930.99
5931.18
5931.95
5934.07
5935.10
5942.30
5943.00
5943.97
5945.06
5950.21
5950.21
5951.69
5954.20
5956.59
5961.03
5962.78
5964.13
5964.13
5965.04
5968.65
5969.04
5972.14
5979.64
5987.80
5989.68
5991.81
5997.65
5998.30
6000.38
6001.09
6002.26
6003.30
6003.69
6007.52
6009.60
6009.73
6013.57
6016.44
6020.34
6027.51
6027.77
6028.10
6030.64
6034.82
6036.65
6038.15
6038.67
6041.03
6048.29
6055.36
6057.32
6061.39
6064.80
6066.77
6067.16
6072.29
6073.01
6076.82
6081.23
6082.28
6082.48
6083.79
6085.44
6086.10
6087.09
6087.22
6090.97
6099.55
6100.14
6104.83
6108.40
6111.57
6113.22
6118.98
6123.82
6124.68
6126.00
6126.60
6128.85
6130.18
6131.51
6134.29
6135.22
6135.89
6136.35
6137.81
6138.21
6142.79
6152.51
6152.77
6154.64
6156.90
6159.03
6160.97
6162.97
6167.84
6167.84
6167.97
6169.17
6170.17
6172.71
6175.05
6175.92
6183.20
6184.61
6185.08
6189.03
6191.24
6194.79
6196.87
6202.70
6203.24
6213.72
6214.66
6216.07
6216.48
6220.45
6226.84
6230.41
6230.48
6231.56
6231.56
6233.18
6233.72
6235.20
6235.61
6235.74
6239.52
6242.70
6246.41
6247.02
6250.06
6253.92
6255.07
6257.30
6258.11
6261.84
6263.13
6275.54
6277.85
6282.74
6284.85
6287.57
6291.86
6297.72
6301.67
6304.46
6308.70
6309.72
6313.54
6319.49
6323.11
6323.39
6330.58
6331.67
6339.28
6343.33
6343.95
6345.32
6346.14
6349.10
6356.25
6360.85
6362.85
6367.26
6371.53
6374.15
6374.57
6377.53
6380.22
6385.40
6385.68
6385.75
6397.16
6398.27
6413.38
6417.75
6418.10
6420.04
6424.63
6427.27
6430.54
6440.98
6448.24
6452.28
6452.77
6458.57
6459.34
6465.35
6469.83
6470.18
6471.23
6475.22
6476.41
6486.93
6490.72
6494.10
6495.92
6498.52
6502.04
6502.39
6506.26
6506.83
6507.74
6507.95
6508.16
6508.66
6508.87
6511.76
6515.63
6520.99
6528.41
6528.97
6533.21
6534.13
6535.40
6538.73
6539.79
6551.62
6552.25
6557.64
6564.46
6568.65
6572.63
6573.63
6574.77
6583.24
6584.95
6587.15
6588.22
6589.01
6589.79
6589.86
6593.43
6595.50
6600.57
6601.21
6601.92
6616.66
6617.16
6617.16
6623.10
6623.96
6624.46
6625.47
6625.61
6628.69
6629.91
6629.98
6632.35
6632.93
6634.00
6637.02
6639.68
6641.26
6641.47
6642.62
6645.93
6647.15
6656.87
6661.91
6667.46
6668.19
6668.55
6669.56
6670.93
6674.39
6681.04
6683.86
6689.94
6690.59
6693.34
6699.21
6703.85
6703.85
6704.79
6707.55
6715.76
6716.41
6720.41
6724.34
6725.14
6725.72
6727.54
6728.63
6733.07
6734.31
6742.62
6750.87
6754.38
6756.42
6757.96
6758.18
6758.25
6764.54
6766.45
6769.45
6772.16
6773.19
6773.26
6774.14
6775.97
6780.96
6782.21
6782.94
6784.92
6789.47
6792.05
6792.63
6794.47
6800.21
6804.40
6806.32
6816.71
6819.59
6820.84
6825.12
6825.34
6827.56
6829.92
6830.15
6831.70
6835.54
6842.13
6848.35
6850.72
6852.50
6853.24
6858.95
6859.03
6865.64
6868.68
6871.43
6873.29
6874.41
6880.81
6881.48
6884.46
6884.75
6886.62
6892.21
6893.18
6897.13
6899.97
6910.58
6912.00
6918.43
6919.33
6926.07
6937.47
6939.12
6939.50
6950.62
6951.75
6953.40
6955.96
6957.69
6958.22
6960.93
6966.05
6966.66
6971.78
6973.60
6976.76
6986.96
6987.57
7012.64
7013.55
7013.78
7015.22
7016.74
7021.98
7022.20
7025.55
7026.69
7026.76
7027.75
7027.83
7028.89
7030.95
7033.23
7033.38
7042.90
7049.69
7054.19
7059.00
7061.29
7061.98
7062.67
7065.19
7069.16
7069.47
7076.20
7077.20
7079.73
7079.80
7080.26
7085.24
7087.16
7088.92
7090.31
7093.84
7103.74
7113.43
7114.36
7116.90
7118.59
7122.52
7127.07
7129.15
7129.31
7130.54
7133.40
7134.86
7135.79
7136.87
7137.49
7143.36
7144.06
7144.29
7147.46
7149.16
7150.86
7152.95
7155.04
7155.97
7160.00
7160.07
7161.78
7162.09
7163.72
7163.79
7165.96
7175.90
7185.53
7191.21
7197.59
7211.54
7214.90
7221.15
7221.30
7225.52
7227.32
7230.92
7232.17
7235.62
7236.32
7237.73
7239.69
7239.77
7241.41
7241.73
7243.37
7245.17
7246.27
7251.76
7251.92
7259.22
7269.52
7272.03
7274.47
7274.94
7276.83
7277.54
7284.08
7284.32
7286.29
7287.31
7289.52
7291.81
7295.04
7299.07
7306.89
7316.39
7320.35
7320.35
7327.95
7331.28
7338.03
7342.56
7342.72
7343.27
7343.27
7343.75
7344.23
7344.54
7348.99
7352.18
7356.95
7360.69
7360.77
7362.52
7371.85
7374.32
7379.35
7380.31
7381.35
7388.30
7396.06
7399.98
7401.42
7401.58
7405.35
7405.75
7406.79
7419.22
7425.65
7428.06
7431.84
7432.08
7451.64
7460.76
7463.91
7465.93
7467.14
7468.51
7469.00
7472.96
7479.91
7487.53
7488.34
7491.01
7492.71
7500.01
7508.05
7509.92
7519.03
7524.56
7528.22
7529.69
7539.47
7542.08
7543.55
7545.02
7547.80
7550.49
7553.84
7554.82
7559.40
7560.71
7567.01
7569.06
7572.83
7581.27
7605.68
7610.70
7614.32
7621.90
7626.61
7629.82
7632.05
7634.45
7637.51
7639.24
7646.02
7648.01
7650.08
7656.29
7659.77
7665.74
7668.56
7671.38
7677.52
7678.19
7678.35
7681.35
7684.84
7697.07
7697.40
7703.99
7708.90
7714.66
7716.92
7717.50
7722.76
7726.36
7728.20
7734.80
7740.08
7751.48
7755.25
7756.34
7760.12
7765.33
7767.09
7768.77
7769.78
7772.30
7776.93
7787.03
7790.74
7793.27
7796.06
7798.33
7803.65
7808.13
7811.76
7818.10
7818.19
7831.48
7836.14
7846.24
7849.12
7852.10
7860.94
7894.86
7899.13
7899.90
7902.55
7904.78
7904.86
7909.91
7916.93
7917.19
7922.33
7923.62
7923.96
7929.70
7930.22
7932.28
7937.09
7943.19
7944.39
7946.97
7947.23
7950.58
7953.85
7956.43
7959.19
7959.36
7963.93
7964.01
7969.44
7976.26
7984.46
7989.99
7990.08
7995.61
8000.72
8001.84
8002.71
8004.96
8007.39
8010.68
8025.25
8028.38
8046.64
8047.86
8050.13
8053.44
8053.87
8057.62
8069.75
8082.16
8082.68
8084.87
8090.38
8090.90
8096.25
8096.33
8097.21
8097.91
8099.93
8108.96
8111.06
8111.24
8117.82
8119.14
8125.82
8126.61
8140.87
8141.75
8152.42
8152.95
8159.03
8160.62
8164.24
8174.23
8182.90
8185.21
8186.18
8205.25
8207.11
8209.60
8209.86
8212.26
8214.84
8215.02
8216.80
8226.23
8228.99
8229.88
8229.88
8231.12
8235.31
8250.38
8261.55
8266.55
8272.19
8273.62
8279.35
8286.52
8286.97
8290.11
8304.39
8309.60
8312.39
8312.48
8314.28
8315.71
8333.19
8333.55
8334.90
8336.34
8336.43
8342.75
8345.55
8354.76
8356.03
8356.84
8365.26
8370.60
8373.59
8375.94
8378.21
8382.20
8386.92
8390.91
8392.91
8402.99
8408.82
8410.27
8420.10
8425.75
8426.30
8453.51
8454.25
8456.44
8459.46
8470.36
8473.57
8479.16
8479.90
8494.77
8497.16
8507.84
8510.14
8518.52
8523.59
8525.62
8527.65
8534.67
8546.03
8550.19
8552.51
8555.75
8557.23
8562.04
8563.90
8566.86
8586.07
8591.27
8593.23
8595.37
8596.57
8596.95
8599.46
8601.69
8603.46
8604.76
8608.67
8612.21
8612.77
8625.18
8629.19
8644.33
8649.94
8650.13
8660.81
8665.96
8672.71
8682.20
8691.41
8706.84
8714.67
8718.63
8721.74
8722.50
8723.82
8734.87
8735.34
8738.65
8739.50
8748.96
8750.57
8751.42
8751.99
8753.79
8756.92
8761.75
8762.89
8766.59
8782.92
8788.34
8793.28
8794.14
8796.14
8800.32
8800.99
8801.56
8801.94
8805.94
8806.23
8808.99
8821.87
8823.78
8823.97
8824.45
8830.46
8837.54
8840.02
8848.16
8850.65
8857.16
8870.78
8880.10
8885.57
8885.57
8892.69
8895.77
8897.31
8905.30
8933.39
8936.09
8939.77
8940.93
8941.22
8941.80
8945.48
8947.12
8948.58
8954.29
8958.36
8958.46
8966.02
8967.96
8968.83
8980.68
8986.22
8989.53
8989.92
8994.10
8994.49
9008.71
9021.49
9023.63
9025.49
9026.47
9026.56
9031.84
9036.92
9042.99
9043.48
9049.84
9060.42
9067.19
9076.51
9088.70
9096.27
9096.76
9097.26
9101.88
9102.47
9108.29
9115.19
9116.47
9122.59
9124.86
9125.15
9133.06
9133.06
9154.33
9155.02
9156.90
9159.78
9165.03
9169.79
9178.82
9183.79
9190.35
9192.44
9202.29
9202.89
9210.56
9219.23
9221.03
9227.62
9238.81
9254.11
9254.91
9257.12
9257.52
9258.02
9278.58
9281.89
9297.87
9304.21
9305.52
9307.33
9309.55
9313.28
9314.28
9325.07
9327.60
9328.81
9335.27
9343.56
9350.43
9357.31
9363.80
9368.26
9370.59
9406.75
9413.57
9413.67
9413.88
9426.41
9427.94
9430.39
9432.64
9435.80
9437.13
9446.73
9465.25
9465.56
9490.17
9495.72
9510.42
9510.52
9520.10
9520.82
9523.09
9536.80
9548.78
9557.36
9568.74
9569.88
9571.33
9571.95
9574.02
9577.64
9590.40
9599.12
9600.99
9614.40
9617.62
9625.22
9630.43
9642.11
9650.67
9654.22
9662.37
9678.48
9678.48
9685.61
9686.13
9687.18
9693.58
9708.90
9714.26
9716.05
9716.68
9720.78
9725.83
9732.88
9740.04
9762.20
9763.47
9769.60
9779.01
9795.95
9806.98
9816.85
9822.27
9828.33
9844.72
9848.13
9853.67
9860.18
9861.78
9871.28
9881.01
9882.07
9886.35
9892.02
9898.55
9901.13
9903.70
9906.59
9911.95
9915.17
9916.24
9916.89
9917.21
9919.57
9924.40
9926.65
9938.58
9939.23
9943.53
9948.91
9960.11
9960.54
9960.98
9971.33
9973.27
9973.70
9984.17
10003.21
10012.30
10033.56
10037.79
10045.51
10052.90
10053.01
10062.80
10064.44
10067.05
10075.77
10105.57
10106.78
10109.51
10113.56
10114.00
10122.86
10123.52
10138.98
10139.31
10149.07
10153.69
10168.86
10179.76
10181.08
10212.63
10218.93
10223.36
10277.26
10282.37
10282.48
10283.60
10286.38
10288.94
10289.61
10292.39
10292.50
10314.80
10315.02
10315.02
10329.88
10351.25
10367.95
10369.52
10388.50
10391.42
10392.88
10393.22
10397.38
10408.64
10412.13
10421.93
10424.53
10430.62
10452.31
10469.51
10470.42
10476.43
10476.77
10478.58
10500.03
10507.76
10510.49
10520.50
10520.50
10521.18
10524.14
10530.29
10547.63
10548.54
10560.19
10582.83
10592.92
10594.86
10600.71
10607.37
10613.91
10617.13
10618.85
10624.60
10628.28
10638.86
10646.12
10648.65
10649.69
10651.65
10677.84
10679.46
10689.05
10694.14
10706.88
10709.19
10711.74
10720.32
10749.48
10751.22
10755.53
10758.09
10763.68
10766.47
10771.02
10771.71
10785.13
10790.26
10790.96
10795.63
10808.14
10808.14
10819.37
10822.42
10824.17
10850.44
10852.67
10859.36
10859.83
10860.07
10860.54
10864.42
10866.06
10880.65
10888.89
10893.73
10907.29
10931.27
10933.88
10947.73
10950.33
10964.56
10975.12
10984.86
10996.16
11001.52
11009.37
11014.14
11016.76
11027.85
11028.21
11032.15
11033.70
11033.82
11035.02
11050.07
11053.30
11065.50
11074.37
11088.63
11091.39
11093.79
11106.65
11107.97
11116.62
11123.36
11124.57
11133.84
11148.18
11153.13
11162.06
11167.38
11170.16
11170.28
11180.19
11197.63
11203.93
11204.65
11212.54
11229.78
11240.72
11253.01
11255.57
11272.14
11277.02
11293.14
11320.05
11326.55
11339.91
11343.72
11353.54
11355.75
11357.47
11357.96
11368.04
11368.41
11370.50
11374.93
11387.25
11421.30
11458.56
11461.66
11465.75
11511.00
11512.12
11527.08
11542.68
11550.67
11552.05
11552.30
11555.30
11574.32
11575.44
11582.59
11583.96
11585.09
11599.77
11616.60
11631.31
11645.42
11668.50
11681.51
11683.28
11687.83
11697.32
11701.50
11716.57
11723.80
11733.32
11737.13
11743.35
11759.37
11769.04
11771.97
11781.53
11795.05
11797.35
11804.37
11818.94
11824.18
11848.64
11852.23
11868.92
11876.75
11898.88
11903.13
11908.02
11927.10
11931.24
11940.15
11942.73
11943.76
11951.65
11966.27
11968.60
11974.56
11976.76
12001.41
12006.34
12024.29
12033.53
12044.47
12055.42
12067.03
12076.57
12091.47
12100.64
12106.14
12118.98
12123.70
12144.18
12152.72
12154.04
12163.38
12172.07
12172.07
12181.69
12181.95
12189.86
12191.84
12201.87
12203.45
12206.49
12210.85
12232.93
12240.35
12244.98
12245.25
12250.55
12260.76
12267.13
12269.52
12276.42
12286.26
12287.32
12295.30
12311.54
12336.34
12338.21
12338.48
12341.28
12342.35
12355.18
12356.25
12362.53
12374.71
12384.35
12389.98
12391.59
12395.21
12395.21
12404.47
12406.48
12407.02
12415.35
12418.17
12421.26
12425.42
12431.07
12439.95
12447.90
12448.97
12461.91
12467.31
12470.95
12478.51
12481.21
12481.34
12502.70
12516.50
12522.19
12526.53
12526.94
12534.80
12566.71
12574.06
12574.19
12588.49
12625.04
12629.96
12631.60
12685.56
12692.15
12701.91
12715.38
12734.80
12738.10
12743.76
12764.04
12765.84
12768.60
12799.44
12807.34
12813.16
12814.41
12815.38
12828.42
12832.72
12833.00
12833.28
12836.75
12837.59
12841.75
12842.86
12847.17
12872.36
12881.97
12891.45
12891.45
12910.16
12944.28
12961.52
12973.59
12979.35
13009.86
13033.10
13036.91
13041.42
13060.35
13061.76
13062.61
13073.35
13089.77
13098.84
13102.95
13109.05
13141.71
13149.53
13161.78
13169.47
13186.43
13197.14
13211.43
13212.00
13243.63
13264.13
13268.15
13277.49
13289.56
13301.93
13303.52
13316.19
13321.67
13326.57
13327.86
13338.97
13345.61
13359.77
13374.81
13376.84
13385.53
13395.81
13404.66
13404.95
13409.30
13414.09
13421.06
13437.33
13439.51
13448.38
13467.02
13474.16
13474.46
13481.75
13483.50
13485.54
13534.51
13538.90
13540.95
13557.08
13557.52
13558.40
13583.51
13593.21
13604.98
13637.70
13644.79
13647.59
13659.85
13663.25
13666.95
13681.74
13685.59
13693.15
13693.15
13715.98
13727.71
13736.78
13765.64
13776.37
13781.14
13800.09
13809.20
13822.65
13835.22
13861.44
13866.09
13876.30
13906.66
13908.01
13922.47
13949.01
13964.71
13982.25
13990.42
13994.36
14006.32
14014.36
14026.04
14033.93
14036.36
14048.36
14049.12
14050.64
14064.49
14069.05
14077.73
14086.11
14090.38
14103.80
14121.36
14139.55
14145.37
14158.84
14171.41
14185.68
14213.95
14217.18
14233.49
14235.96
14246.13
14253.37
14256.61
14263.09
14276.06
14328.99
14367.80
14381.33
14389.42
14393.32
14407.18
14410.46
14412.64
14415.76
14423.56
14430.43
14446.67
14461.38
14488.16
14491.29
14493.64
14495.53
14498.35
14519.86
14531.33
14561.23
14564.70
14574.32
14576.37
14581.41
14592.62
14621.54
14622.17
14633.41
14641.33
14661.94
14665.43
14671.30
14678.45
14679.40
14696.40
14734.62
14757.59
14758.07
14758.71
14761.42
14784.76
14787.64
14800.61
14848.08
14849.37
14866.25
14878.16
14891.04
14911.19
14957.73
14962.26
14994.03
15041.64
15066.72
15072.43
15090.87
15100.50
15114.40
15115.38
15119.63
15130.27
15162.55
15174.53
15188.49
15201.32
15202.96
15203.29
15224.53
15227.49
15243.81
15248.76
15249.09
15255.86
15264.11
15271.22
15273.36
15291.88
15304.46
15322.69
15341.77
15348.74
15353.06
15360.70
15389.15
15421.48
15426.16
15463.76
15486.86
15492.23
15522.76
15565.48
15579.13
15580.82
15608.66
15613.72
15618.62
15623.19
15629.78
15667.20
15667.54
15706.75
15709.13
15721.88
15745.71
15808.19
15816.40
15816.57
15885.00
15899.96
15906.16
15911.66
15928.20
15930.44
15936.30
15956.32
15988.81
16056.42
16063.02
16119.78
16131.82
16134.44
16159.59
16164.31
16179.19
16181.29
16190.57
16203.01
16211.61
16215.64
16218.10
16242.86
16310.13
16310.48
16365.81
16376.97
16391.33
16398.78
16409.61
16416.89
16424.18
16435.38
16440.35
16451.57
16468.48
16478.47
16502.55
16524.53
16590.10
16613.27
16633.59
16645.48
16658.09
16662.23
16676.84
16678.47
16729.07
16821.64
16836.93
16840.03
16855.89
16864.46
16907.95
16939.44
16943.48
16953.56
16971.55
16987.90
17026.73
17047.00
17075.99
17099.65
17106.31
17111.13
17139.10
17157.66
17166.94
17172.70
17185.53
17224.62
17236.18
17274.27
17287.54
17287.73
17313.18
17341.87
17350.13
17363.65
17375.49
17396.75
17426.13
17449.15
17460.67
17480.33
17492.06
17504.18
17522.75
17549.12
17554.82
17584.47
17612.46
17626.76
17691.34
17720.65
17750.97
17755.97
17757.51
17799.63
17819.09
17837.23
17841.67
17852.67
17875.29
17906.26
17907.42
17944.47
17970.31
17973.42
17998.91
18039.27
18040.64
18052.94
18071.11
18095.96
18106.34
18122.80
18145.76
18150.67
18154.21
18174.65
18178.97
18178.97
18184.09
18202.59
18216.18
18233.34
18236.10
18265.72
18292.22
18295.59
18304.70
18316.39
18333.64
18347.13
18352.69
18356.66
18389.46
18407.38
18414.95
18425.31
18434.68
18438.67
18541.70
18592.13
18604.20
18616.48
18642.69
18649.14
18681.86
18697.03
18697.84
18714.84
18724.76
18780.76
18804.96
18808.01
18814.32
18817.37
18962.69
19069.48
19115.54
19166.90
19184.96
19196.58
19239.83
19277.13
19283.60
19283.60
19338.55
19342.11
19351.74
19364.30
19369.96
19408.14
19422.22
19465.56
19476.09
19545.75
19555.70
19599.97
19642.43
19643.70
19686.26
19721.86
19787.91
19801.61
19902.14
19908.17
19961.87
19962.74
20033.49
20045.63
20065.16
20133.45
20393.47
20415.99
20433.89
20476.16
20500.10
20523.19
20633.62
20669.60
20706.75
20733.43
20765.99
20766.21
20875.47
20894.90
20916.39
20936.09
21037.59
21121.07
21160.41
21162.24
21190.42
21205.56
21240.00
21263.92
21304.91
21326.59
21328.21
21399.40
21433.00
21442.97
21540.41
21564.19
21618.86
21653.03
21762.01
21823.08
21907.07
21934.34
21961.18
21977.82
22015.66
22019.95
22077.92
22166.72
22272.02
22279.73
22300.23
22327.27
22390.17
22416.83
22450.82
22476.09
22490.20
22493.61
22687.44
22720.11
22790.52
22814.21
22924.81
23031.47
23130.37
23202.30
23286.81
23347.10
23361.25
23384.77
23587.30
23639.16
23727.31
23730.91
23954.57
23967.01
23985.43
24039.47
24043.37
24111.63
24136.42
24143.48
24146.87
24191.07
24218.83
24377.09
24436.24
24489.18
24573.05
24585.82
24804.12
24885.84
25031.12
25137.24
25324.51
25490.28
25506.00
25535.27
25574.26
25581.18
25618.57
25768.13
25847.15
25963.19
25988.49
26019.44
26091.32
26226.90
26282.29
26340.94
26363.75
26384.01
26441.16
26595.24
26701.63
26796.27
26807.29
27497.05
27543.50
27679.43
27837.71
27931.24
28226.84
28390.40
28650.85
29094.44
29713.21
29987.09
30161.50
31543.95
31794.08
33482.42
33537.53
34000.81
34070.41
36053.97
38025.65
41948.37
