9.06
13.90
18.97
19.20
19.71
22.13
22.49
23.13
23.72
24.44
26.03
27.89
28.60
28.63
30.34
31.48
34.68
36.08
36.22
36.77
36.97
38.67
39.90
39.99
40.41
40.75
40.84
40.99
41.22
42.55
42.93
43.26
43.34
43.48
45.93
47.27
47.34
47.57
47.69
48.56
50.59
50.76
51.21
51.56
51.56
51.76
51.81
51.86
53.68
53.82
54.00
54.33
55.37
55.70
58.25
58.31
58.54
58.97
59.12
60.02
60.20
60.30
60.96
61.03
61.10
61.37
62.75
62.99
63.16
64.10
64.14
65.19
65.19
65.33
65.39
65.56
65.58
66.26
66.46
66.73
67.59
67.96
68.87
69.14
69.19
71.23
71.42
71.91
72.34
72.88
73.25
73.54
74.39
74.80
75.76
76.61
77.12
77.20
77.52
77.55
77.74
77.90
77.96
78.67
79.33
80.79
82.70
82.79
83.04
84.11
84.37
86.55
87.24
87.26
87.78
88.43
89.41
89.80
90.26
90.49
90.69
90.72
91.79
92.07
92.39
93.12
93.25
93.40
93.42
95.04
95.65
96.04
97.31
97.33
98.42
98.46
98.70
99.47
99.72
100.63
100.99
101.33
101.99
102.18
102.36
102.37
102.80
103.02
103.42
104.81
105.05
105.08
105.96
106.72
107.96
108.14
108.62
108.93
109.07
109.81
109.96
110.27
111.29
111.41
111.47
111.59
111.75
111.98
112.31
112.37
112.55
112.86
113.04
113.17
115.05
115.06
115.58
116.05
116.36
116.66
116.95
117.35
117.49
117.95
118.63
119.61
119.86
120.01
120.06
120.47
120.77
121.17
121.72
121.80
122.64
122.91
122.97
124.11
125.16
125.74
125.99
126.50
126.56
127.59
127.95
127.99
128.08
128.25
128.27
128.51
128.52
128.61
128.64
128.88
130.75
130.95
131.92
132.62
132.81
133.07
133.34
133.54
133.54
134.17
135.41
136.47
137.14
137.44
137.94
138.37
138.62
139.98
140.19
140.43
141.24
141.70
142.08
142.32
143.25
143.31
143.99
144.13
144.20
144.30
144.33
144.59
145.65
145.95
146.11
146.61
147.48
147.75
148.36
148.37
148.74
148.80
148.96
150.06
150.30
150.45
150.59
151.53
151.81
151.89
152.11
152.42
154.16
154.50
154.55
154.64
155.76
156.00
156.59
156.65
156.88
157.02
157.68
157.86
158.08
160.92
161.33
161.74
161.88
161.95
162.45
162.82
163.00
163.37
163.45
163.61
163.69
163.70
164.01
164.35
164.61
166.15
166.95
168.16
168.77
168.84
168.90
168.95
169.32
169.77
170.12
170.31
170.58
170.59
170.92
171.61
172.90
173.22
173.30
173.58
174.66
174.69
174.89
175.45
175.46
175.67
175.88
176.71
177.55
177.62
177.93
178.70
178.74
179.25
179.88
180.04
180.32
181.10
181.45
181.67
181.70
183.08
183.23
183.89
184.39
184.84
185.16
185.74
185.74
185.94
186.50
186.53
187.25
187.43
187.56
187.60
187.98
188.19
188.80
189.41
189.80
190.21
190.66
190.90
191.19
191.80
192.18
192.38
192.44
192.58
192.76
193.52
194.31
195.13
196.32
196.33
197.36
197.65
198.05
198.66
198.89
198.94
198.98
199.28
199.58
199.72
200.07
200.09
200.29
200.47
200.47
201.19
201.27
201.30
201.93
202.10
202.26
202.57
202.67
202.85
202.92
203.11
203.38
203.61
204.41
204.65
204.86
204.88
205.00
205.01
205.41
205.47
205.71
205.91
206.52
206.75
206.86
207.23
207.39
207.42
207.63
207.65
207.92
208.21
208.48
208.59
210.58
210.67
210.98
211.30
211.87
212.40
212.42
212.78
212.91
212.94
213.06
213.18
213.71
213.91
214.21
214.76
215.33
215.54
215.97
216.23
216.50
216.96
219.02
220.02
220.81
221.57
221.78
221.94
222.43
222.56
222.96
223.22
223.74
223.90
225.01
225.03
225.62
226.36
226.67
226.79
227.34
227.34
227.55
227.80
227.97
228.37
228.90
229.00
229.03
229.49
229.49
230.05
230.77
231.11
231.15
231.19
231.45
231.58
231.90
232.24
232.44
232.45
232.78
233.10
233.36
233.59
234.21
234.61
234.90
235.29
235.31
235.53
236.30
236.87
236.99
237.41
237.41
237.61
237.91
238.27
238.42
239.13
239.26
239.48
239.80
239.94
239.95
240.43
241.01
241.03
241.16
241.42
241.58
242.04
243.37
244.02
244.19
244.71
245.12
245.75
245.77
245.82
246.23
246.31
246.40
246.86
247.01
248.23
248.37
248.59
249.58
249.71
249.87
249.93
251.08
251.10
251.24
251.34
251.50
251.58
251.75
251.93
252.64
252.87
253.56
254.72
254.94
255.21
255.36
255.66
255.69
255.73
256.30
257.01
257.10
257.26
257.35
257.70
257.81
257.92
257.94
258.04
258.58
258.90
259.06
259.13
259.61
259.83
259.94
260.41
260.80
261.75
261.95
262.54
262.82
262.82
263.16
263.18
263.33
264.33
265.02
266.10
267.48
267.56
268.21
268.57
268.60
269.07
269.43
269.98
270.00
270.21
271.00
271.20
272.15
272.57
274.01
274.05
274.05
274.08
274.56
274.70
275.42
275.63
275.99
276.56
276.64
277.07
277.82
278.07
278.40
279.90
281.07
281.18
281.18
281.86
282.18
282.40
282.89
283.18
283.48
285.47
285.70
285.99
287.19
288.24
288.59
288.62
289.33
291.26
291.26
291.28
291.51
292.18
292.18
292.29
292.95
293.40
293.97
294.28
294.79
294.91
295.37
295.60
295.88
296.02
296.73
297.84
298.28
298.45
298.57
298.94
299.18
299.95
300.32
301.43
301.81
301.85
301.96
302.39
302.76
303.30
305.71
305.81
306.17
306.26
306.33
306.50
306.76
306.89
307.33
307.36
307.39
307.98
308.26
308.33
308.35
310.26
310.30
311.44
311.96
312.54
313.28
313.58
313.90
314.09
314.35
314.52
314.81
314.96
315.19
315.36
316.50
316.58
316.74
316.80
317.51
318.10
318.14
318.35
319.00
320.00
320.32
321.32
321.50
321.76
321.95
322.08
323.50
323.53
323.56
323.86
324.05
324.11
324.57
324.72
325.18
325.37
325.96
326.09
326.63
326.99
327.23
327.33
327.63
327.71
328.05
328.70
328.73
328.83
329.16
330.24
330.32
330.35
330.81
330.82
331.46
332.10
333.92
333.98
334.13
334.28
334.44
335.16
335.19
336.29
336.52
336.76
337.44
337.58
337.89
338.04
338.91
339.11
339.19
339.48
339.70
339.91
340.26
340.33
340.37
340.66
341.13
341.63
342.12
342.78
343.01
344.86
345.55
345.55
345.75
345.80
345.82
346.16
347.80
347.92
348.06
348.30
348.41
348.66
348.83
348.84
349.74
349.79
349.98
350.09
350.13
350.63
351.14
352.18
352.54
352.90
353.03
353.21
353.65
353.80
353.90
354.27
355.33
355.46
355.71
355.77
355.89
356.01
356.06
357.00
357.67
358.50
358.80
358.85
358.91
359.12
360.19
360.29
360.74
361.26
361.44
361.51
361.65
361.68
361.93
362.62
363.42
363.63
364.16
364.86
365.17
366.00
367.11
367.51
369.22
369.68
370.26
371.14
371.37
371.41
372.33
373.09
373.31
374.02
374.16
374.76
374.78
375.69
376.00
376.06
376.98
377.31
377.77
378.53
378.81
378.82
378.84
379.06
379.12
379.53
379.62
379.87
379.97
381.17
381.35
381.57
381.75
381.76
382.17
382.96
383.28
385.41
385.95
386.71
387.97
388.01
388.19
388.56
388.59
388.60
388.63
389.00
389.67
389.70
389.84
390.19
390.29
390.42
390.84
390.98
391.05
391.22
391.50
391.71
392.34
392.60
393.67
393.91
394.13
394.31
395.16
395.40
395.41
396.25
396.42
397.16
397.20
397.78
397.90
398.28
398.31
399.35
399.52
399.71
399.72
399.73
400.09
400.11
401.92
402.05
402.25
402.25
402.25
402.58
402.60
402.73
402.91
403.00
403.21
403.25
404.18
404.30
404.42
404.45
404.62
404.85
405.34
405.41
405.45
405.47
405.74
405.87
406.14
406.22
406.36
406.57
406.58
406.79
407.25
407.43
407.75
407.97
408.06
408.59
408.73
408.89
409.09
409.21
409.30
409.32
409.61
410.34
410.86
411.78
411.99
412.06
412.19
412.58
412.65
412.79
413.07
413.93
413.96
414.55
414.58
414.78
415.46
415.71
415.91
416.09
416.13
416.23
416.99
417.14
417.21
417.24
417.41
418.38
418.46
418.97
419.23
419.28
420.54
420.71
420.77
421.17
421.83
422.21
422.40
422.82
423.17
424.05
424.95
425.71
425.72
426.02
426.71
426.88
427.06
427.42
428.59
428.73
429.18
429.20
429.48
430.03
430.61
431.11
431.57
431.63
432.32
432.46
433.08
433.10
433.49
433.75
433.95
433.96
434.48
435.34
435.80
436.17
436.37
436.53
436.72
437.11
437.72
437.87
437.92
438.61
438.66
438.98
439.92
440.23
440.35
440.44
440.86
441.33
441.39
441.75
442.07
442.48
442.59
442.60
442.70
442.74
443.72
443.86
444.38
444.67
445.07
445.74
446.44
447.08
447.35
447.54
448.14
448.14
448.78
448.95
449.27
449.51
449.91
450.29
450.52
450.82
451.40
451.66
451.75
452.19
452.29
452.66
452.77
453.29
453.85
454.47
454.62
455.15
455.25
455.47
455.89
455.92
456.30
456.63
458.12
458.13
458.24
458.39
459.08
459.64
459.74
459.75
460.22
460.82
460.94
461.56
461.71
461.72
461.81
461.81
462.08
462.52
463.08
463.27
464.00
464.76
464.81
464.99
465.37
465.72
466.93
467.67
468.97
469.11
469.15
469.58
469.64
470.06
470.45
471.20
471.45
472.00
472.60
472.64
473.40
473.52
473.90
474.05
474.13
474.28
474.34
474.89
475.56
475.88
476.05
476.62
476.78
476.88
477.23
477.40
477.41
478.14
478.31
478.32
478.38
479.20
479.22
480.15
480.50
481.18
481.23
482.05
482.55
483.60
484.70
484.98
485.21
485.65
485.89
486.36
486.47
486.77
486.91
487.45
488.11
488.55
489.17
489.39
489.45
489.79
490.20
490.30
490.42
490.66
491.18
491.40
492.02
492.19
492.52
493.48
493.89
494.27
494.41
494.51
494.55
494.81
495.27
495.55
495.88
496.17
496.60
496.78
496.96
497.01
497.25
497.40
497.50
497.50
497.88
498.06
498.27
498.64
498.94
498.97
499.14
499.19
499.55
499.60
500.41
500.47
501.38
501.65
502.42
503.15
503.32
503.57
503.68
503.85
504.28
507.27
507.91
508.01
508.45
508.50
509.66
509.78
510.46
510.67
510.81
510.83
510.94
511.40
511.52
511.77
512.06
512.33
512.42
512.79
512.89
513.03
513.20
513.74
515.00
515.92
515.96
516.18
516.39
516.51
517.24
517.38
517.54
517.94
518.17
518.72
519.07
520.16
521.14
521.68
522.44
522.48
522.79
522.96
522.98
523.02
523.42
523.58
523.94
524.42
524.79
525.43
526.31
527.25
527.52
527.69
527.97
528.44
528.64
529.00
529.66
530.11
530.34
530.66
530.77
530.81
531.33
531.35
531.51
532.04
532.52
533.39
533.84
533.96
534.56
535.10
536.06
536.09
537.66
537.79
538.72
539.97
540.22
540.67
541.54
541.55
541.67
542.00
542.82
543.38
543.46
543.52
543.87
543.93
544.52
545.62
545.77
546.13
546.22
546.87
546.99
547.16
547.77
548.24
548.36
549.27
550.02
550.60
550.92
551.11
551.64
551.99
554.35
554.45
554.49
555.53
555.61
555.84
555.97
556.35
556.41
556.41
557.27
557.91
558.19
558.20
558.25
558.50
560.28
560.71
561.82
562.43
563.10
563.82
564.34
565.08
565.60
565.80
566.20
566.32
566.71
567.72
568.40
568.75
568.85
568.86
569.03
569.89
570.82
570.99
571.30
571.88
573.22
573.35
573.80
574.46
574.55
574.55
574.87
574.97
576.74
577.92
577.92
579.23
579.34
579.55
580.20
580.54
580.57
582.41
582.60
582.75
582.89
584.60
584.81
585.03
585.05
585.29
585.92
585.92
586.17
587.22
587.23
587.37
588.44
589.21
589.47
590.17
590.67
590.79
591.03
591.14
591.54
591.56
591.58
592.40
592.72
593.15
593.61
593.98
594.10
594.37
594.69
595.03
595.24
595.98
596.40
596.46
596.92
597.18
597.49
598.03
598.12
598.62
599.72
599.78
599.80
599.99
600.11
600.19
601.20
601.54
602.32
602.38
603.46
603.58
603.66
604.29
604.35
604.91
605.87
606.12
606.54
606.94
607.53
607.57
608.40
609.00
609.00
609.01
609.50
609.99
610.53
610.99
611.06
611.60
611.95
612.33
612.80
614.04
614.18
614.84
615.29
615.59
615.69
615.99
616.52
616.69
617.09
617.25
617.33
617.74
617.80
618.12
618.97
619.24
619.25
619.30
619.34
620.23
620.36
620.36
620.52
621.20
621.62
621.82
622.30
622.74
622.97
623.50
624.03
624.33
624.40
624.46
625.70
625.88
626.45
627.63
627.66
627.95
627.96
627.99
628.09
629.18
629.70
630.26
631.15
631.32
631.42
632.77
634.19
634.39
634.61
635.01
636.76
636.79
636.86
641.91
642.03
642.38
642.75
642.88
643.37
643.38
643.99
644.26
644.26
644.42
644.56
645.07
645.22
645.38
645.76
645.83
646.36
646.55
646.55
646.60
647.59
648.14
648.61
648.66
648.67
648.73
650.54
650.77
650.81
651.52
652.30
652.58
653.16
653.35
654.10
654.42
655.95
656.51
656.59
656.66
657.69
658.56
658.68
659.16
659.30
659.45
659.55
659.72
659.90
660.22
660.71
662.23
662.57
662.62
663.33
663.35
663.66
663.68
665.20
665.48
665.48
665.93
666.00
666.03
666.56
666.91
667.05
667.92
668.77
669.01
669.39
669.70
671.09
673.14
673.73
673.84
674.06
674.22
674.24
675.08
675.08
675.37
675.63
676.69
677.09
677.73
677.87
678.55
678.91
679.14
679.30
679.66
680.00
680.61
680.73
681.31
681.46
681.48
682.06
682.22
682.97
683.13
683.18
683.28
683.29
683.35
683.89
684.08
684.22
684.52
685.07
685.54
685.60
685.67
686.13
686.91
688.33
688.56
689.57
689.94
690.39
690.40
690.52
691.16
691.24
691.53
691.85
692.59
693.94
694.13
694.35
696.44
697.55
697.66
697.79
697.93
698.29
698.98
699.10
699.61
699.91
700.58
701.24
701.25
701.52
702.44
703.56
703.68
703.69
704.11
705.13
705.48
705.49
705.91
706.41
706.67
706.68
706.87
707.43
707.49
707.62
707.66
708.16
708.94
709.07
709.34
709.58
709.82
710.05
710.18
710.54
710.67
711.49
711.53
711.92
712.89
713.05
713.24
713.71
713.94
714.16
714.56
715.25
715.49
715.88
716.14
716.26
716.26
716.78
716.83
717.88
718.05
718.37
718.78
718.84
718.99
719.09
719.12
719.88
719.97
720.19
720.68
721.46
721.52
721.93
722.45
722.49
723.79
724.08
724.18
726.70
728.03
728.71
729.23
729.34
729.61
730.22
730.35
730.80
731.74
731.96
732.18
732.36
733.13
733.36
733.41
733.95
734.87
735.00
735.15
735.25
735.34
735.48
735.71
735.87
736.20
736.46
736.55
737.03
737.58
737.72
738.89
740.97
740.97
741.20
741.69
744.15
744.18
744.26
744.50
745.90
747.79
747.84
748.04
748.43
748.75
748.93
749.67
749.67
750.17
750.35
751.13
751.17
751.55
751.87
752.22
752.49
752.55
754.33
754.84
755.20
755.27
755.50
756.00
756.00
756.07
758.53
759.08
760.00
760.12
760.80
761.51
762.42
762.59
762.64
763.31
763.32
763.87
763.89
764.03
764.21
765.21
765.83
766.04
766.12
766.37
766.53
768.48
768.50
768.84
769.05
769.20
769.49
770.51
771.06
771.78
773.65
774.19
774.59
774.68
775.28
776.18
776.67
778.05
778.76
778.87
779.31
779.92
780.15
780.44
781.13
781.29
782.17
782.57
783.01
784.71
784.83
785.64
786.91
787.09
787.29
787.55
787.91
788.64
789.27
789.63
791.04
791.57
792.11
792.73
793.06
793.34
793.44
794.24
794.40
795.29
796.14
796.44
796.55
796.96
797.03
798.10
798.46
798.68
798.73
799.02
799.44
800.35
800.56
801.12
801.42
801.46
801.84
802.06
802.66
803.35
803.72
803.89
804.01
804.65
804.76
804.95
805.11
805.76
806.07
806.26
807.14
807.15
807.33
807.50
807.68
808.19
808.50
808.75
808.94
810.25
811.66
811.66
811.97
812.38
812.44
812.46
813.15
813.23
813.77
814.59
814.77
815.51
815.92
816.72
817.52
818.07
818.82
819.32
820.10
822.61
823.33
823.47
824.21
824.24
824.36
825.09
825.15
825.44
826.01
826.02
826.16
826.23
826.24
826.34
826.45
826.49
826.71
827.05
827.32
827.42
827.99
828.19
828.35
830.19
830.32
831.21
831.27
831.36
831.47
832.52
833.77
834.02
834.80
835.26
836.44
836.69
836.95
837.29
839.59
839.63
840.37
841.87
842.64
842.84
843.62
843.76
844.13
844.40
844.53
844.76
844.98
845.21
845.83
846.66
848.13
848.16
848.22
848.29
848.64
849.00
849.12
849.43
849.94
850.61
850.65
851.17
851.49
852.18
852.38
853.20
853.93
854.14
854.32
854.51
855.65
855.89
856.47
856.69
856.97
857.31
857.41
857.82
858.04
858.31
859.01
859.12
859.29
859.66
861.32
861.39
861.77
862.78
863.01
863.17
863.28
863.34
863.47
864.28
864.37
864.78
864.78
865.68
866.19
867.24
868.78
869.30
869.39
869.53
870.11
870.67
871.50
871.72
872.05
872.72
874.00
874.04
874.30
874.92
875.11
875.60
875.92
876.13
876.21
876.22
876.67
876.75
877.02
877.72
877.98
878.15
879.28
879.73
880.10
881.16
882.16
882.32
883.13
883.26
883.45
883.77
884.21
884.36
884.43
884.88
885.00
885.59
885.88
886.21
886.35
886.49
887.04
887.07
887.75
888.33
888.42
888.75
889.16
889.47
889.90
890.86
891.05
891.07
891.94
893.72
894.45
895.63
896.51
897.15
897.46
897.69
897.87
898.37
898.55
898.67
898.76
898.84
899.36
899.71
900.26
900.77
900.86
901.56
901.97
902.07
902.79
903.47
904.60
904.99
905.22
905.69
905.99
906.84
907.32
907.69
907.83
909.11
909.50
910.21
910.75
911.59
912.23
912.64
912.80
913.50
913.53
914.14
914.29
914.46
914.51
915.13
915.49
915.52
916.60
917.10
917.25
917.40
917.74
917.90
918.28
918.85
919.04
919.76
920.12
920.21
920.26
920.68
920.75
920.90
921.01
921.42
921.64
922.03
923.09
923.84
925.06
925.15
925.25
925.34
925.70
926.38
927.13
927.85
928.16
928.46
930.84
931.52
932.00
932.15
932.19
932.54
932.97
933.33
933.44
934.24
934.43
934.58
934.71
935.27
935.33
935.47
935.50
935.75
935.95
936.20
936.28
936.32
936.61
936.81
937.29
937.31
937.51
938.64
939.02
939.50
939.58
939.65
939.75
939.93
940.09
940.85
941.18
941.23
941.39
941.43
942.53
942.70
943.10
945.91
946.39
946.73
947.05
947.24
949.16
949.61
949.89
950.07
950.46
951.02
951.46
952.00
952.29
952.67
953.83
954.19
954.21
954.35
954.96
955.36
955.60
956.34
956.39
958.27
958.78
959.00
960.84
960.99
961.10
961.29
961.73
961.94
962.08
962.45
963.12
963.34
963.76
963.77
963.91
965.52
965.72
965.93
966.31
967.25
967.81
968.07
968.18
969.05
969.23
969.47
969.65
969.67
970.43
970.90
970.94
971.71
973.30
973.50
975.01
975.12
975.15
975.44
975.78
976.28
976.73
977.57
977.71
977.72
978.72
978.73
978.79
979.27
980.13
980.27
980.49
982.03
982.86
982.95
983.16
983.59
984.35
984.45
985.48
985.74
986.31
986.59
986.88
988.45
988.47
988.51
988.74
988.97
989.22
989.50
989.63
990.39
990.45
990.58
990.61
991.41
992.23
993.66
994.03
994.28
994.48
994.66
995.46
996.29
997.35
997.94
997.99
998.02
999.25
999.75
1000.42
1000.79
1000.95
1001.11
1001.38
1001.41
1001.96
1002.95
1002.96
1002.96
1003.28
1004.04
1005.04
1005.21
1005.81
1006.56
1006.56
1006.72
1006.82
1007.58
1007.93
1008.70
1008.95
1009.00
1009.01
1009.12
1009.50
1009.73
1009.86
1010.30
1010.82
1011.15
1011.15
1011.41
1012.75
1012.95
1013.18
1014.72
1014.90
1015.02
1015.13
1015.75
1016.49
1017.19
1017.40
1017.81
1018.37
1019.79
1020.40
1021.04
1021.41
1021.77
1021.89
1022.28
1022.72
1023.05
1023.34
1023.65
1024.10
1024.88
1025.41
1025.82
1025.97
1026.00
1026.08
1026.18
1027.32
1027.61
1028.36
1028.62
1029.68
1030.23
1030.50
1032.87
1033.91
1034.39
1035.09
1035.24
1035.76
1036.86
1037.05
1037.32
1037.42
1038.18
1038.23
1038.31
1038.63
1039.40
1039.89
1040.01
1040.22
1040.97
1041.01
1041.40
1041.76
1041.79
1042.18
1042.92
1043.17
1044.02
1044.47
1044.80
1045.08
1045.32
1045.63
1047.81
1048.10
1048.90
1049.20
1049.35
1049.85
1051.11
1052.07
1052.20
1052.80
1053.08
1054.45
1054.83
1055.16
1055.39
1055.44
1055.89
1056.30
1056.95
1057.23
1057.81
1058.23
1058.57
1059.17
1059.31
1060.27
1060.34
1060.40
1060.53
1060.57
1060.61
1061.23
1061.87
1062.51
1062.80
1063.24
1063.66
1064.13
1064.47
1064.99
1065.23
1065.44
1065.87
1066.67
1068.38
1068.52
1068.53
1069.36
1069.40
1069.56
1069.90
1069.93
1070.44
1070.65
1072.33
1072.64
1073.11
1073.19
1073.33
1074.14
1074.63
1074.80
1075.33
1075.77
1075.90
1076.11
1077.53
1077.98
1078.61
1078.62
1078.79
1079.45
1079.52
1079.70
1080.98
1081.05
1082.46
1082.65
1083.41
1084.11
1084.35
1084.62
1085.88
1086.50
1086.66
1086.77
1087.05
1087.74
1088.07
1088.57
1088.78
1089.73
1089.80
1089.97
1091.70
1091.85
1092.18
1092.53
1093.70
1093.70
1093.80
1093.95
1094.91
1095.05
1095.45
1096.06
1096.24
1096.43
1096.45
1096.66
1096.68
1096.71
1097.35
1097.99
1098.18
1099.35
1099.67
1099.79
1100.09
1101.14
1102.16
1102.55
1102.58
1102.71
1102.96
1103.38
1104.70
1104.85
1105.18
1105.48
1105.91
1106.15
1106.71
1107.91
1108.94
1109.88
1110.22
1110.79
1111.25
1111.36
1111.97
1112.01
1112.44
1112.55
1112.75
1114.27
1115.30
1116.31
1116.96
1117.02
1117.30
1117.47
1118.81
1118.92
1119.81
1120.23
1120.47
1120.87
1121.16
1121.95
1122.32
1124.35
1124.36
1126.09
1127.04
1127.29
1127.34
1127.82
1128.93
1129.39
1130.26
1130.60
1130.69
1130.97
1131.51
1131.71
1131.78
1132.00
1132.47
1132.76
1132.78
1132.89
1133.39
1133.57
1134.35
1134.37
1134.81
1135.35
1135.89
1136.32
1136.60
1137.32
1137.96
1138.14
1138.18
1138.46
1139.19
1139.22
1140.37
1141.03
1141.90
1142.21
1142.52
1143.60
1144.66
1144.88
1145.43
1145.64
1146.69
1146.99
1147.30
1147.31
1147.46
1147.54
1148.25
1148.67
1149.03
1149.05
1149.38
1149.75
1149.84
1152.23
1153.03
1155.07
1155.27
1156.16
1156.64
1156.89
1158.34
1159.46
1159.82
1159.90
1161.55
1162.50
1162.90
1164.18
1164.75
1165.09
1165.81
1166.06
1166.35
1166.72
1167.16
1167.34
1167.87
1167.96
1168.52
1169.23
1169.31
1169.60
1172.55
1173.19
1174.28
1174.47
1174.50
1174.65
1175.13
1175.40
1175.79
1176.07
1177.59
1178.71
1178.81
1179.39
1180.20
1180.42
1180.78
1180.93
1181.26
1181.40
1182.36
1182.41
1183.45
1184.67
1186.35
1186.42
1186.62
1186.81
1187.85
1188.63
1188.98
1189.30
1191.12
1191.67
1191.82
1192.51
1192.65
1192.85
1192.90
1194.37
1194.57
1194.78
1194.98
1195.00
1196.62
1196.69
1197.57
1198.67
1198.68
1199.75
1200.53
1201.06
1201.64
1201.66
1203.06
1203.35
1203.48
1203.91
1204.18
1204.45
1204.64
1204.65
1204.94
1204.99
1205.39
1206.67
1206.75
1207.80
1208.24
1208.41
1209.18
1209.18
1209.26
1211.32
1211.71
1211.87
1212.10
1212.15
1214.18
1214.40
1215.75
1216.54
1216.85
1216.91
1218.06
1218.15
1219.64
1222.30
1222.72
1223.91
1224.14
1224.16
1224.85
1224.90
1225.87
1226.03
1226.76
1227.52
1227.78
1227.85
1228.16
1228.18
1228.54
1228.61
1229.48
1229.94
1232.11
1232.25
1232.25
1232.44
1233.15
1233.32
1235.15
1236.03
1236.27
1236.84
1238.52
1238.91
1240.25
1241.18
1241.21
1242.85
1243.05
1243.38
1243.51
1243.67
1244.30
1244.61
1245.36
1245.46
1245.51
1245.71
1246.21
1246.47
1246.62
1247.49
1248.33
1248.82
1251.10
1253.72
1254.85
1255.99
1256.01
1257.14
1257.51
1257.84
1257.96
1258.00
1259.37
1259.59
1259.70
1260.21
1260.79
1260.90
1260.94
1261.15
1261.67
1261.86
1262.58
1262.65
1263.20
1263.29
1263.58
1263.77
1264.02
1264.28
1264.71
1265.64
1265.69
1266.32
1266.48
1266.70
1266.80
1266.93
1267.71
1267.81
1267.95
1268.04
1268.74
1269.24
1269.54
1270.16
1271.08
1271.40
1271.67
1271.96
1272.22
1272.25
1272.62
1273.64
1273.71
1275.58
1275.75
1275.82
1275.89
1276.03
1276.73
1277.67
1278.28
1278.72
1279.98
1280.20
1280.47
1280.47
1281.48
1283.75
1284.18
1284.53
1284.96
1284.99
1285.71
1286.05
1286.26
1286.27
1287.05
1287.61
1287.86
1288.04
1289.07
1289.38
1289.95
1290.03
1291.21
1291.62
1291.92
1292.13
1292.23
1292.84
1292.86
1293.18
1293.29
1293.50
1294.77
1295.29
1296.58
1296.83
1297.25
1297.52
1297.52
1298.20
1298.81
1298.83
1299.56
1299.73
1301.43
1301.94
1302.92
1303.28
1303.71
1303.94
1304.01
1304.94
1305.27
1305.32
1305.73
1305.79
1306.38
1306.48
1306.92
1306.99
1307.80
1309.13
1310.16
1310.19
1311.30
1311.62
1311.96
1313.67
1314.02
1314.68
1315.15
1315.63
1316.02
1316.26
1317.14
1317.28
1317.84
1318.15
1319.29
1320.38
1320.67
1320.75
1322.47
1323.20
1324.19
1324.99
1325.02
1326.68
1327.08
1328.50
1328.91
1330.35
1331.47
1332.00
1332.77
1333.00
1333.00
1333.65
1333.92
1334.34
1334.37
1335.64
1335.93
1336.29
1337.11
1337.26
1338.39
1338.39
1338.46
1338.79
1338.95
1339.31
1340.01
1340.43
1341.50
1342.75
1344.77
1345.95
1346.23
1346.38
1346.38
1346.39
1347.05
1347.13
1347.47
1348.50
1349.44
1349.91
1351.06
1351.10
1351.48
1353.02
1353.09
1353.58
1353.86
1354.60
1354.73
1354.73
1355.06
1355.29
1355.67
1355.86
1355.98
1356.04
1356.86
1357.17
1357.80
1358.70
1360.15
1360.32
1360.43
1361.79
1362.57
1362.72
1364.25
1364.53
1364.75
1365.73
1366.60
1366.76
1367.50
1367.65
1368.11
1368.78
1368.79
1368.85
1368.92
1369.31
1369.49
1369.72
1370.33
1370.66
1371.49
1371.55
1371.65
1371.79
1371.98
1372.28
1373.57
1373.69
1374.59
1375.04
1375.50
1376.16
1376.53
1376.86
1379.69
1380.12
1380.81
1382.03
1382.23
1382.42
1383.88
1384.68
1385.94
1386.36
1386.47
1388.13
1388.27
1388.57
1389.05
1389.38
1394.62
1394.92
1395.18
1395.51
1395.54
1396.60
1397.37
1397.61
1398.08
1398.60
1398.85
1400.19
1400.81
1401.11
1401.14
1401.35
1402.31
1402.58
1402.99
1403.65
1403.81
1403.87
1404.78
1404.94
1405.67
1405.91
1406.40
1407.69
1408.12
1408.89
1408.93
1409.93
1410.42
1410.50
1411.29
1411.46
1411.72
1411.84
1412.30
1412.45
1412.68
1412.94
1413.54
1413.67
1413.87
1415.04
1415.51
1416.51
1416.64
1416.71
1417.07
1417.83
1418.09
1418.16
1419.96
1420.01
1420.37
1421.25
1423.10
1423.39
1423.77
1424.47
1425.59
1425.64
1427.32
1428.26
1429.86
1429.87
1431.39
1431.53
1432.15
1432.89
1434.37
1436.06
1436.70
1437.22
1437.55
1437.85
1437.88
1438.34
1439.25
1439.98
1440.38
1442.12
1442.37
1442.49
1442.97
1443.13
1443.79
1443.86
1445.94
1447.98
1447.99
1448.82
1448.92
1449.14
1449.36
1449.51
1449.80
1450.08
1450.16
1450.80
1451.51
1451.87
1452.06
1452.97
1453.22
1453.88
1453.94
1455.52
1455.85
1456.43
1456.56
1457.14
1459.18
1461.10
1461.58
1463.07
1463.13
1463.86
1465.84
1466.27
1466.98
1467.43
1467.73
1470.21
1470.67
1471.40
1473.17
1474.25
1474.30
1474.56
1474.87
1475.50
1475.55
1475.80
1477.43
1478.01
1480.10
1480.39
1481.22
1481.54
1482.84
1483.36
1483.93
1484.30
1484.69
1485.16
1486.04
1486.20
1486.23
1486.30
1486.78
1487.17
1487.25
1487.31
1488.32
1488.52
1489.19
1489.32
1490.05
1490.63
1491.53
1492.52
1492.79
1493.62
1493.91
1494.60
1495.94
1495.99
1497.14
1497.37
1497.50
1497.81
1498.29
1499.06
1500.63
1501.07
1501.59
1501.99
1502.25
1502.61
1502.73
1503.20
1504.68
1504.69
1504.86
1505.04
1505.13
1506.08
1506.75
1506.80
1506.91
1508.70
1509.26
1509.29
1511.20
1511.84
1512.12
1512.74
1513.00
1513.82
1514.72
1514.90
1515.13
1515.51
1515.67
1515.77
1515.89
1516.30
1516.81
1517.20
1518.22
1518.76
1519.07
1519.14
1519.19
1519.39
1519.43
1519.89
1520.04
1520.83
1522.12
1522.73
1523.22
1523.75
1524.03
1525.78
1528.92
1528.92
1530.26
1530.36
1530.52
1530.54
1531.33
1532.06
1532.26
1533.85
1533.85
1534.45
1534.65
1534.75
1535.65
1535.93
1536.01
1536.41
1538.24
1538.54
1540.01
1542.01
1542.14
1543.38
1543.73
1543.86
1544.53
1544.73
1544.78
1545.73
1546.85
1546.92
1548.03
1548.39
1548.43
1548.46
1548.91
1549.85
1552.08
1552.69
1553.26
1553.45
1553.73
1554.22
1555.67
1555.85
1555.88
1556.32
1557.91
1558.38
1559.15
1559.41
1559.53
1559.64
1559.96
1561.94
1562.99
1563.22
1563.24
1563.31
1564.60
1565.31
1565.34
1565.53
1566.05
1566.12
1566.14
1568.60
1568.88
1569.94
1570.18
1571.36
1572.56
1572.76
1573.44
1574.92
1575.42
1577.58
1577.65
1577.80
1577.86
1577.98
1578.03
1578.83
1578.86
1579.24
1580.62
1581.22
1582.15
1582.22
1582.23
1582.32
1582.37
1583.69
1584.27
1584.51
1584.67
1586.02
1586.55
1587.07
1588.24
1589.06
1589.51
1590.33
1591.43
1592.47
1592.49
1592.83
1594.49
1594.55
1595.16
1595.88
1596.06
1596.64
1596.94
1597.58
1597.82
1598.63
1599.10
1600.24
1600.52
1600.80
1601.89
1602.29
1603.00
1603.05
1604.45
1604.59
1604.85
1605.25
1605.44
1605.98
1606.35
1606.57
1608.33
1608.64
1609.64
1609.79
1609.84
1610.65
1611.22
1612.55
1612.56
1613.84
1614.01
1614.27
1614.40
1615.13
1615.27
1615.38
1616.37
1619.58
1619.72
1620.14
1620.77
1621.40
1622.01
1622.66
1623.63
1623.75
1623.79
1624.16
1624.23
1624.42
1624.61
1626.32
1626.71
1627.02
1627.87
1630.35
1630.46
1630.62
1631.85
1631.92
1632.67
1632.82
1635.05
1635.99
1637.19
1637.32
1637.62
1637.89
1638.20
1638.65
1639.48
1639.62
1639.92
1639.98
1640.46
1640.53
1640.90
1640.94
1644.05
1644.21
1644.37
1644.37
1645.70
1648.89
1648.95
1649.21
1649.84
1650.18
1650.36
1650.37
1652.21
1654.84
1655.29
1655.60
1656.62
1657.17
1657.24
1658.30
1659.43
1659.85
1660.39
1660.62
1661.07
1661.12
1661.37
1662.52
1663.08
1663.55
1663.66
1663.80
1664.43
1665.17
1665.30
1665.31
1666.36
1666.58
1667.68
1668.31
1670.82
1671.11
1671.54
1671.96
1672.59
1673.46
1673.61
1673.62
1673.68
1675.16
1675.22
1675.27
1675.40
1675.89
1678.41
1678.70
1678.79
1679.10
1679.16
1679.70
1680.28
1681.48
1684.29
1684.82
1685.05
1685.25
1685.36
1685.36
1687.10
1687.33
1687.52
1687.70
1689.54
1689.60
1689.64
1690.17
1690.20
1690.97
1691.21
1691.28
1694.65
1695.04
1696.39
1696.78
1696.96
1697.04
1697.90
1699.00
1699.79
1700.22
1700.55
1701.28
1702.76
1703.57
1703.90
1704.19
1704.93
1705.30
1705.56
1705.78
1705.98
1706.19
1706.19
1706.24
1706.41
1706.65
1706.69
1707.39
1707.66
1708.26
1709.16
1709.72
1710.66
1710.79
1712.09
1712.42
1713.20
1713.37
1713.85
1714.00
1715.61
1717.21
1717.47
1717.49
1718.47
1718.49
1718.97
1719.59
1720.01
1721.00
1722.27
1722.53
1722.92
1723.57
1724.36
1724.52
1724.60
1725.38
1725.91
1726.45
1726.86
1727.29
1727.76
1728.22
1729.38
1730.54
1732.08
1732.44
1733.00
1733.84
1734.16
1734.44
1736.26
1736.56
1737.56
1738.31
1738.71
1738.93
1739.65
1740.63
1740.68
1740.76
1744.19
1744.79
1746.87
1747.02
1748.73
1748.86
1749.46
1749.60
1750.14
1751.17
1751.51
1753.46
1753.78
1754.39
1755.08
1755.34
1755.68
1756.27
1756.41
1757.62
1758.40
1758.52
1759.43
1759.60
1759.64
1760.21
1760.63
1762.31
1763.34
1766.43
1767.04
1767.06
1767.39
1769.70
1769.72
1770.43
1770.72
1771.44
1771.87
1772.17
1772.19
1772.90
1773.25
1773.46
1774.49
1775.76
1775.99
1776.30
1778.07
1779.55
1779.61
1780.73
1781.82
1782.15
1782.15
1782.98
1783.99
1785.24
1785.53
1786.23
1786.36
1786.36
1787.15
1788.16
1788.68
1790.25
1791.20
1793.18
1793.24
1797.68
1797.74
1799.38
1800.53
1802.92
1803.65
1803.78
1803.84
1806.15
1806.91
1807.04
1807.38
1808.26
1808.65
1809.08
1809.80
1809.92
1810.31
1810.96
1812.27
1812.96
1814.25
1814.88
1815.06
1816.55
1816.65
1816.79
1817.52
1818.16
1818.42
1818.85
1819.44
1819.62
1821.14
1821.61
1822.50
1822.58
1823.94
1824.69
1825.24
1825.95
1826.25
1828.82
1830.07
1830.18
1830.96
1832.78
1834.21
1835.56
1836.10
1836.91
1838.38
1840.49
1840.71
1842.06
1842.52
1845.54
1846.49
1849.01
1849.05
1850.92
1851.90
1852.12
1852.80
1853.80
1854.48
1855.05
1855.39
1855.41
1855.59
1856.23
1856.31
1856.67
1857.27
1857.58
1857.80
1858.96
1860.35
1860.47
1860.49
1860.96
1862.39
1862.71
1863.41
1864.74
1865.59
1865.61
1867.59
1869.45
1870.44
1870.44
1872.33
1872.45
1872.55
1873.22
1873.54
1873.70
1874.37
1875.87
1877.28
1877.66
1878.29
1879.55
1880.14
1881.36
1882.24
1883.03
1883.42
1883.46
1884.09
1886.42
1886.85
1887.91
1888.07
1888.19
1888.62
1890.50
1891.26
1891.92
1892.49
1893.14
1893.31
1893.58
1894.09
1894.54
1897.06
1897.33
1897.35
1898.33
1898.93
1899.34
1900.37
1901.46
1902.57
1902.63
1902.73
1903.58
1905.04
1905.39
1907.56
1908.16
1909.04
1909.07
1909.79
1909.83
1910.04
1910.41
1911.36
1912.06
1912.91
1913.72
1913.88
1914.05
1914.46
1915.87
1916.50
1916.68
1917.28
1917.45
1918.30
1919.09
1921.27
1922.39
1922.79
1923.16
1923.58
1923.70
1923.73
1924.06
1925.04
1926.95
1927.35
1928.85
1929.08
1931.38
1931.86
1932.72
1932.88
1934.33
1934.77
1934.93
1936.69
1937.66
1938.64
1939.21
1939.65
1940.62
1942.15
1943.43
1943.68
1943.85
1944.90
1944.97
1945.12
1946.08
1946.44
1948.17
1949.10
1949.86
1950.11
1950.55
1950.57
1950.66
1951.69
1951.78
1952.16
1953.09
1953.85
1953.91
1954.67
1954.84
1955.01
1956.83
1957.21
1959.03
1959.54
1959.54
1960.75
1961.18
1961.18
1961.45
1964.66
1966.08
1967.45
1970.26
1971.81
1972.11
1972.18
1973.22
1974.03
1974.06
1974.29
1975.06
1975.55
1976.58
1976.75
1976.88
1977.99
1978.87
1979.60
1981.44
1981.70
1982.08
1983.07
1983.13
1983.22
1983.97
1984.44
1985.39
1985.47
1985.60
1985.62
1986.20
1987.21
1988.46
1988.50
1990.64
1990.92
1991.20
1991.32
1992.34
1992.75
1993.11
1993.98
1994.41
1995.19
1997.13
1997.28
1999.10
2000.46
2000.52
2001.04
2001.20
2002.41
2003.49
2003.67
2003.67
2003.69
2004.42
2004.47
2007.09
2007.35
2008.22
2009.14
2009.77
2010.42
2010.70
2010.85
2011.07
2011.49
2013.14
2013.79
2014.77
2015.93
2016.28
2016.80
2016.93
2017.28
2018.86
2019.40
2020.06
2020.82
2021.57
2021.74
2022.22
2022.22
2022.24
2022.88
2023.01
2023.99
2024.17
2025.09
2026.34
2027.33
2028.05
2028.38
2029.15
2029.52
2029.96
2030.07
2030.29
2030.60
2031.01
2031.41
2032.38
2032.40
2032.71
2033.28
2033.28
2034.56
2035.35
2035.50
2036.03
2037.46
2040.71
2041.88
2041.97
2042.01
2042.52
2042.83
2043.31
2043.34
2043.51
2043.60
2045.30
2046.72
2048.16
2048.23
2049.09
2049.51
2049.65
2050.84
2050.96
2051.27
2051.71
2052.02
2054.84
2055.09
2055.35
2056.71
2057.36
2058.14
2058.56
2058.76
2059.41
2059.54
2061.21
2061.50
2062.42
2062.57
2063.11
2063.17
2064.85
2065.70
2065.88
2067.87
2067.98
2068.25
2070.08
2070.17
2070.94
2072.17
2072.39
2076.32
2077.85
2078.64
2078.73
2079.87
2079.94
2080.59
2081.67
2082.91
2085.14
2085.26
2085.66
2086.27
2087.45
2089.68
2090.32
2090.93
2091.20
2092.20
2092.26
2092.74
2093.03
2095.66
2095.91
2097.50
2101.82
2102.91
2104.59
2105.62
2106.39
2106.62
2107.44
2108.01
2109.27
2109.88
2110.54
2111.34
2113.83
2114.22
2114.73
2115.34
2115.87
2116.17
2116.33
2116.70
2117.31
2117.57
2117.89
2119.77
2120.75
2122.02
2123.46
2123.90
2124.36
2124.86
2125.99
2126.84
2127.56
2128.25
2130.16
2130.23
2132.33
2133.43
2133.80
2134.43
2134.50
2134.73
2134.89
2135.26
2135.70
2136.58
2137.08
2138.29
2138.56
2139.21
2139.93
2140.58
2140.90
2141.39
2142.32
2142.48
2143.15
2145.26
2145.29
2145.33
2147.33
2147.82
2148.26
2148.38
2150.05
2150.96
2151.68
2152.19
2152.89
2153.17
2153.31
2153.94
2154.12
2155.01
2156.01
2156.32
2156.92
2156.97
2157.44
2158.32
2158.37
2159.98
2160.17
2160.61
2160.71
2161.60
2162.41
2162.62
2163.00
2165.53
2166.02
2166.84
2168.06
2168.48
2168.60
2169.52
2169.68
2169.89
2171.72
2172.10
2172.26
2172.55
2173.13
2173.32
2173.49
2173.89
2174.59
2175.67
2175.91
2176.29
2176.85
2177.06
2177.93
2180.27
2181.38
2181.97
2182.46
2183.34
2183.46
2183.81
2184.21
2185.49
2185.84
2186.08
2186.86
2186.98
2187.57
2188.38
2189.92
2190.65
2190.77
2191.55
2192.10
2192.31
2195.37
2195.85
2199.13
2200.32
2200.44
2200.75
2201.27
2202.27
2202.34
2202.46
2204.30
2204.37
2204.56
2205.97
2206.02
2207.11
2207.95
2208.36
2208.93
2209.02
2209.19
2209.55
2211.01
2211.27
2211.63
2211.92
2213.00
2214.10
2214.96
2214.98
2216.09
2217.62
2218.03
2218.03
2218.99
2219.13
2219.23
2220.29
2220.36
2221.03
2222.83
2223.36
2223.92
2223.99
2224.45
2225.43
2226.57
2227.46
2227.92
2228.64
2228.76
2231.94
2232.36
2232.43
2233.59
2233.93
2234.60
2235.21
2235.33
2235.50
2235.86
2236.01
2237.82
2238.40
2239.15
2239.23
2240.07
2240.29
2240.49
2240.90
2240.92
2241.50
2241.65
2242.06
2242.40
2243.64
2244.03
2244.12
2244.25
2244.42
2244.76
2244.95
2244.95
2245.41
2245.61
2245.92
2245.95
2246.72
2246.87
2247.82
2248.18
2249.89
2249.98
2250.15
2250.86
2251.18
2251.20
2252.15
2252.57
2253.25
2256.44
2256.91
2257.05
2257.47
2259.01
2259.33
2259.87
2259.91
2259.94
2260.50
2262.07
2263.46
2263.63
2263.90
2264.15
2264.91
2266.62
2267.16
2267.33
2268.24
2268.91
2269.03
2269.10
2269.52
2269.96
2270.70
2271.12
2272.57
2272.74
2274.80
2274.90
2275.10
2276.16
2276.68
2278.55
2279.36
2279.98
2282.72
2283.83
2287.14
2287.52
2287.96
2287.99
2288.63
2289.08
2289.22
2289.25
2289.45
2290.09
2292.35
2292.62
2293.34
2293.54
2294.23
2294.61
2295.05
2295.47
2295.75
2297.49
2298.31
2298.81
2299.15
2300.65
2301.89
2302.66
2303.69
2304.36
2304.41
2304.41
2304.96
2305.58
2306.43
2306.53
2307.25
2307.25
2308.68
2308.88
2309.90
2310.28
2313.48
2313.70
2313.75
2314.30
2315.43
2315.88
2316.18
2316.41
2317.21
2318.46
2318.69
2319.37
2322.30
2323.51
2323.64
2323.99
2324.39
2324.54
2325.60
2325.70
2325.75
2326.28
2326.78
2327.01
2327.44
2328.39
2329.02
2329.30
2329.38
2330.21
2330.36
2330.69
2331.65
2332.10
2332.28
2333.56
2334.40
2335.33
2336.42
2337.13
2337.96
2338.69
2338.82
2339.05
2340.42
2340.62
2342.24
2342.72
2344.37
2344.47
2344.60
2346.45
2346.93
2347.01
2347.06
2347.42
2350.39
2352.22
2352.86
2353.52
2355.71
2357.60
2358.67
2359.41
2360.23
2360.38
2362.04
2362.14
2363.06
2364.55
2366.87
2367.08
2368.75
2369.72
2372.05
2372.80
2372.95
2374.06
2374.57
2375.57
2376.68
2377.06
2377.35
2379.43
2379.51
2380.18
2380.74
2381.10
2381.77
2383.06
2383.66
2385.15
2387.55
2388.02
2390.66
2391.46
2391.56
2392.42
2394.38
2394.90
2394.93
2397.24
2398.51
2400.69
2400.74
2402.82
2403.68
2404.69
2404.95
2405.47
2405.60
2406.83
2407.45
2408.57
2409.72
2410.34
2411.28
2411.41
2411.62
2411.99
2412.80
2413.81
2413.92
2413.92
2414.57
2415.12
2416.98
2417.42
2418.31
2419.44
2419.65
2420.25
2420.35
2421.19
2421.35
2421.92
2425.57
2426.30
2426.67
2427.80
2428.01
2428.33
2428.93
2430.38
2432.72
2434.17
2434.38
2434.75
2434.83
2435.33
2436.49
2436.80
2439.92
2440.31
2440.31
2441.84
2441.98
2443.14
2443.32
2443.88
2444.75
2444.80
2445.99
2446.68
2447.11
2448.14
2449.91
2450.76
2451.64
2451.64
2452.01
2452.14
2453.10
2454.19
2454.93
2455.25
2455.35
2455.91
2456.31
2458.62
2459.42
2460.19
2460.62
2461.10
2463.23
2469.64
2469.74
2470.33
2470.70
2470.73
2471.67
2473.22
2473.62
2475.41
2476.73
2477.29
2477.42
2478.84
2479.52
2481.55
2483.11
2483.87
2484.13
2489.65
2492.59
2493.61
2494.42
2494.53
2495.21
2495.48
2495.91
2496.23
2496.31
2499.34
2499.83
2501.91
2503.62
2504.18
2504.86
2506.05
2506.19
2508.28
2509.28
2509.99
2511.21
2511.35
2511.89
2512.54
2513.77
2514.09
2515.18
2515.97
2516.62
2516.90
2517.69
2519.40
2520.44
2520.85
2521.48
2523.82
2523.96
2524.45
2524.97
2526.69
2527.32
2528.36
2531.29
2531.34
2531.51
2531.62
2531.89
2532.14
2532.69
2532.77
2533.40
2535.32
2535.37
2537.93
2538.17
2538.80
2539.38
2540.51
2541.94
2543.34
2543.62
2543.64
2544.00
2544.30
2544.66
2546.40
2546.78
2547.09
2548.24
2548.52
2549.68
2550.29
2552.00
2552.94
2553.88
2554.34
2555.09
2559.68
2560.21
2560.96
2562.48
2563.40
2563.84
2564.23
2564.73
2564.84
2565.20
2565.26
2565.40
2567.42
2571.34
2572.82
2573.10
2577.16
2579.31
2581.04
2582.13
2583.00
2584.40
2585.10
2585.21
2588.51
2588.59
2589.55
2589.71
2590.75
2591.31
2594.68
2595.47
2599.77
2600.33
2600.50
2601.88
2601.96
2602.24
2603.88
2604.10
2606.05
2606.72
2608.95
2609.01
2610.90
2611.38
2611.86
2612.43
2612.62
2612.77
2614.09
2614.91
2616.84
2618.23
2618.48
2618.74
2619.50
2620.30
2620.49
2620.75
2621.15
2621.66
2623.16
2623.22
2623.67
2623.84
2624.24
2626.09
2627.99
2628.64
2629.13
2629.38
2629.61
2631.66
2632.03
2633.17
2633.17
2633.94
2635.02
2635.74
2636.65
2638.65
2638.76
2639.07
2639.13
2639.59
2640.79
2640.99
2642.27
2642.73
2644.68
2644.96
2644.99
2646.77
2648.20
2648.26
2648.97
2650.00
2650.92
2652.30
2652.84
2653.05
2654.11
2655.86
2656.58
2656.72
2658.85
2659.05
2660.40
2661.04
2661.15
2664.01
2665.76
2666.23
2666.83
2668.97
2669.98
2670.67
2671.65
2673.50
2674.86
2674.95
2676.05
2676.28
2676.69
2677.24
2677.67
2677.93
2678.83
2679.47
2680.08
2681.76
2682.17
2682.17
2682.28
2686.06
2687.48
2687.80
2689.55
2690.16
2690.39
2692.40
2692.72
2692.81
2693.10
2693.25
2693.92
2694.09
2694.71
2695.38
2695.87
2695.99
2696.34
2699.02
2699.32
2699.61
2700.60
2701.10
2703.06
2703.26
2705.28
2706.19
2706.42
2706.98
2707.39
2708.00
2708.18
2708.88
2709.79
2710.50
2710.55
2711.55
2712.49
2714.63
2714.66
2715.16
2717.40
2719.04
2719.60
2719.81
2720.01
2722.05
2722.99
2723.05
2723.34
2723.37
2723.75
2724.20
2724.61
2725.58
2728.27
2728.68
2729.03
2729.45
2729.54
2732.58
2732.85
2734.38
2735.09
2735.33
2736.87
2738.68
2739.83
2739.86
2740.78
2741.32
2741.58
2742.30
2745.44
2745.65
2746.01
2746.57
2746.75
2747.02
2747.64
2747.67
2748.03
2748.77
2751.60
2753.44
2753.56
2754.43
2754.79
2755.14
2755.14
2755.41
2755.47
2755.56
2755.59
2755.77
2756.75
2756.96
2757.80
2758.13
2758.33
2759.41
2760.75
2760.99
2761.05
2763.50
2764.76
2764.97
2765.15
2765.60
2765.75
2765.93
2766.43
2766.49
2767.48
2768.35
2769.46
2769.61
2770.96
2772.43
2772.88
2772.91
2773.30
2774.11
2774.92
2775.16
2776.24
2776.57
2776.81
2776.93
2777.08
2777.71
2777.74
2777.95
2778.31
2778.43
2779.85
2781.68
2781.77
2782.07
2783.46
2785.21
2788.04
2789.10
2790.18
2791.99
2792.08
2792.36
2795.35
2800.98
2801.28
2803.13
2803.92
2804.10
2805.01
2807.66
2807.72
2808.45
2811.03
2811.21
2814.07
2814.89
2815.05
2815.44
2815.84
2816.63
2818.06
2819.28
2821.39
2821.66
2821.76
2821.76
2822.31
2822.40
2822.82
2823.56
2824.47
2824.90
2825.21
2825.33
2826.34
2829.49
2829.58
2830.41
2831.85
2831.97
2832.06
2834.67
2837.09
2837.49
2839.06
2839.67
2840.29
2842.50
2842.93
2843.67
2844.01
2844.04
2844.32
2845.67
2846.35
2846.53
2848.60
2848.84
2849.24
2850.05
2850.08
2850.39
2851.19
2851.50
2853.69
2854.95
2854.98
2855.23
2855.91
2857.02
2857.39
2857.43
2857.98
2858.48
2860.27
2860.49
2860.83
2861.60
2862.78
2864.48
2866.13
2866.31
2869.51
2869.63
2870.47
2870.56
2870.97
2871.56
2872.40
2872.68
2874.95
2875.54
2875.57
2876.19
2878.03
2878.25
2878.28
2878.31
2878.93
2879.12
2879.49
2879.49
2879.52
2882.89
2883.02
2884.20
2884.51
2884.95
2884.95
2885.14
2887.89
2889.04
2889.39
2891.14
2892.33
2893.01
2893.73
2893.98
2894.27
2895.30
2897.56
2898.40
2898.78
2899.44
2900.72
2900.94
2902.55
2906.32
2906.66
2907.04
2908.74
2909.21
2910.34
2912.17
2914.19
2915.96
2920.09
2920.34
2922.02
2922.46
2922.78
2925.91
2926.39
2926.45
2927.18
2928.63
2929.11
2929.20
2930.00
2930.09
2931.93
2932.41
2932.72
2932.95
2934.57
2935.87
2936.03
2936.19
2938.92
2939.81
2940.83
2941.59
2942.36
2942.80
2943.50
2944.20
2944.55
2944.68
2946.40
2947.71
2949.43
2949.62
2950.29
2951.28
2951.76
2952.08
2952.27
2953.23
2954.13
2956.78
2957.16
2957.42
2958.92
2959.47
2959.85
2960.85
2961.55
2961.90
2961.97
2962.42
2963.44
2964.08
2964.44
2965.62
2966.71
2967.36
2967.87
2968.06
2968.19
2968.42
2969.80
2969.86
2970.21
2971.44
2972.53
2973.30
2974.23
2975.68
2978.13
2979.78
2981.23
2981.45
2981.52
2981.87
2982.52
2983.61
2985.62
2985.75
2986.29
2986.39
2986.59
2986.91
2987.20
2988.20
2989.40
2991.11
2991.70
2992.50
2994.03
2994.32
2994.97
2995.42
2995.52
2995.71
2996.26
2996.30
2996.85
2998.96
2999.21
2999.47
3000.97
3002.27
3003.73
3004.25
3005.26
3006.72
3007.40
3007.96
3010.46
3010.82
3011.77
3011.80
3012.45
3014.21
3016.30
3016.69
3017.02
3018.13
3019.27
3020.12
3022.61
3022.70
3023.52
3024.01
3024.14
3024.93
3029.22
3030.66
3031.25
3031.42
3031.45
3031.51
3031.91
3032.10
3032.56
3032.63
3033.22
3035.52
3035.68
3035.75
3036.73
3040.22
3040.74
3041.70
3043.48
3044.17
3044.33
3045.75
3046.24
3046.97
3053.21
3055.02
3057.11
3058.23
3059.19
3061.91
3064.43
3066.42
3067.01
3067.21
3067.38
3067.61
3068.54
3069.14
3069.57
3069.77
3072.76
3073.09
3073.29
3074.26
3074.72
3074.79
3075.85
3076.35
3077.08
3077.15
3077.48
3077.65
3078.98
3081.02
3081.22
3081.22
3081.45
3082.62
3083.98
3084.72
3086.22
3087.09
3087.12
3089.16
3090.33
3092.44
3093.44
3094.45
3094.65
3096.92
3096.99
3097.39
3099.07
3099.17
3099.87
3100.34
3100.75
3101.08
3101.59
3103.36
3104.54
3106.12
3106.19
3106.62
3106.89
3107.56
3107.60
3108.20
3111.53
3112.78
3113.29
3118.01
3118.88
3119.19
3120.98
3122.19
3124.73
3125.64
3125.91
3127.03
3127.33
3128.21
3128.38
3129.06
3129.80
3130.61
3131.66
3132.44
3133.02
3133.16
3133.46
3134.99
3136.89
3138.31
3140.35
3141.61
3144.67
3146.98
3147.63
3150.59
3150.63
3151.96
3154.45
3154.62
3155.99
3156.22
3156.53
3156.63
3159.50
3160.26
3165.49
3165.87
3168.58
3169.06
3169.81
3170.57
3171.32
3171.49
3173.72
3174.07
3175.54
3175.89
3176.44
3178.47
3178.91
3178.95
3179.70
3179.91
3180.91
3181.05
3181.67
3183.15
3183.39
3183.53
3184.15
3185.63
3186.25
3188.42
3192.01
3193.22
3193.84
3194.64
3195.09
3196.02
3197.02
3197.44
3198.68
3198.99
3199.86
3201.38
3202.08
3202.21
3202.56
3202.87
3204.09
3206.86
3207.55
3209.08
3210.16
3211.51
3211.58
3212.49
3214.16
3214.64
3215.83
3216.24
3216.28
3216.49
3216.87
3218.85
3219.59
3219.86
3220.70
3222.90
3223.04
3223.11
3223.28
3223.35
3223.35
3224.08
3225.09
3225.51
3227.01
3228.38
3230.33
3231.49
3231.49
3233.02
3233.30
3233.44
3233.93
3235.44
3235.44
3237.01
3237.12
3237.86
3237.89
3240.97
3242.24
3243.54
3244.27
3244.94
3244.98
3246.45
3247.47
3248.24
3248.77
3249.02
3249.16
3250.56
3252.07
3254.05
3258.27
3258.41
3259.44
3260.14
3260.57
3261.38
3263.18
3263.35
3265.26
3266.07
3266.96
3266.96
3267.74
3270.07
3270.32
3270.49
3272.02
3274.00
3274.85
3275.49
3278.47
3279.99
3284.15
3284.61
3285.96
3286.24
3286.56
3287.88
3288.66
3293.65
3293.97
3294.43
3296.11
3296.14
3296.61
3296.89
3298.03
3298.39
3299.25
3301.57
3302.78
3307.00
3308.68
3311.01
3311.62
3312.73
3313.16
3314.42
3314.70
3317.75
3319.01
3319.77
3321.81
3322.28
3322.60
3322.82
3323.93
3324.33
3325.05
3325.09
3326.20
3326.53
3327.17
3329.33
3330.16
3331.64
3332.61
3334.27
3336.58
3336.65
3337.02
3337.12
3337.20
3341.39
3341.68
3343.12
3343.81
3343.85
3344.39
3345.87
3346.13
3348.59
3349.02
3351.63
3352.76
3353.63
3353.96
3356.06
3356.53
3356.86
3356.86
3360.02
3361.55
3361.55
3361.58
3361.66
3363.00
3363.48
3363.62
3363.84
3364.31
3364.31
3364.50
3364.64
3366.64
3366.83
3369.16
3369.20
3369.38
3369.38
3369.74
3370.47
3371.49
3374.70
3375.95
3377.04
3377.55
3377.77
3379.89
3381.32
3385.09
3385.75
3386.12
3387.00
3391.95
3392.20
3392.94
3393.27
3394.48
3394.70
3394.96
3395.14
3398.19
3399.15
3399.18
3399.33
3399.40
3400.07
3400.77
3402.75
3403.64
3405.99
3406.44
3407.10
3407.21
3408.91
3408.98
3409.72
3410.75
3410.94
3411.79
3413.08
3414.19
3417.36
3417.59
3419.03
3419.81
3419.84
3421.69
3422.84
3426.36
3426.58
3426.66
3426.69
3428.70
3428.81
3430.22
3433.60
3434.86
3436.61
3436.91
3437.17
3437.39
3437.50
3437.98
3438.21
3441.22
3441.33
3441.59
3447.52
3448.79
3449.05
3450.24
3451.92
3452.15
3453.46
3454.13
3455.92
3461.91
3464.57
3465.25
3465.62
3467.65
3469.00
3471.10
3471.78
3474.52
3474.52
3474.82
3476.02
3476.06
3477.75
3478.13
3481.52
3481.56
3482.46
3482.80
3482.95
3483.21
3483.78
3489.14
3489.29
3489.36
3491.48
3491.70
3493.97
3495.90
3496.54
3496.69
3496.96
3497.30
3500.25
3500.82
3501.28
3501.39
3504.12
3504.31
3505.98
3506.01
3506.13
3506.85
3508.78
3511.10
3513.46
3514.90
3516.54
3518.40
3522.86
3523.43
3523.51
3524.31
3525.64
3526.22
3527.40
3527.67
3531.71
3535.19
3536.61
3538.06
3538.45
3538.79
3539.21
3540.93
3542.70
3543.23
3543.89
3544.15
3545.54
3545.61
3548.30
3550.41
3551.99
3555.52
3557.56
3559.22
3560.72
3561.03
3561.03
3562.22
3562.99
3563.73
3564.46
3566.89
3567.86
3568.40
3568.43
3570.09
3570.98
3571.68
3573.19
3573.53
3573.84
3576.86
3578.53
3584.03
3584.42
3586.63
3589.46
3590.20
3591.09
3593.04
3593.93
3594.24
3594.36
3596.19
3597.28
3597.98
3600.08
3601.33
3601.87
3603.43
3605.42
3608.89
3608.93
3609.13
3611.82
3612.21
3612.72
3614.09
3616.12
3617.77
3618.28
3618.71
3621.92
3622.19
3622.66
3625.21
3627.17
3627.17
3627.17
3627.57
3628.04
3631.02
3632.28
3632.40
3632.52
3632.83
3633.70
3633.93
3634.60
3634.84
3636.09
3636.09
3636.37
3636.96
3637.55
3638.46
3639.68
3639.75
3644.48
3644.64
3644.72
3647.88
3649.18
3649.46
3650.96
3651.04
3652.22
3653.56
3654.04
3655.50
3655.50
3655.86
3656.69
3659.58
3659.62
3659.97
3660.29
3660.33
3661.48
3661.52
3661.64
3661.72
3661.80
3662.55
3665.28
3666.75
3668.02
3668.54
3670.17
3670.24
3670.32
3670.72
3670.92
3671.71
3672.35
3673.50
3674.50
3675.61
3676.17
3677.88
3678.24
3681.46
3682.14
3682.82
3684.97
3685.57
3686.72
3688.88
3689.72
3691.95
3692.59
3692.99
3695.19
3695.87
3696.87
3699.79
3701.55
3702.87
3703.43
3703.87
3703.87
3703.91
3704.64
3704.72
3705.44
3706.92
3707.48
3708.89
3709.85
3709.93
3710.17
3710.37
3710.81
3711.42
3711.58
3712.66
3712.70
3714.83
3717.12
3718.21
3718.25
3718.61
3718.93
3719.34
3719.74
3720.06
3720.34
3722.76
3723.28
3723.97
3724.13
3725.82
3726.43
3727.39
3729.45
3730.58
3733.00
3733.08
3734.82
3734.98
3735.22
3736.48
3736.84
3737.81
3738.99
3739.59
3740.08
3740.77
3741.66
3742.34
3744.21
3744.45
3745.26
3746.27
3746.52
3748.46
3748.54
3749.07
3749.11
3749.56
3749.72
3750.13
3752.64
3754.47
3757.11
3758.01
3760.00
3760.00
3760.53
3760.65
3762.60
3763.79
3766.43
3767.33
3767.41
3767.53
3768.51
3769.16
3769.25
3769.61
3772.96
3783.38
3783.83
3784.53
3785.96
3786.37
3787.77
3787.93
3790.88
3792.03
3793.26
3793.38
3793.80
3795.07
3798.60
3800.16
3801.93
3803.45
3804.19
3804.73
3806.71
3807.37
3808.40
3809.55
3810.09
3810.13
3810.37
3810.70
3813.80
3813.84
3814.37
3815.20
3815.45
3819.79
3820.41
3820.49
3822.35
3822.76
3822.80
3823.47
3825.12
3826.07
3826.78
3828.47
3830.34
3830.55
3830.79
3831.75
3831.83
3834.57
3834.82
3837.93
3838.76
3840.42
3840.51
3840.92
3842.83
3844.50
3845.37
3845.58
3848.08
3850.03
3850.91
3852.62
3852.66
3853.45
3855.41
3855.74
3856.29
3858.87
3859.33
3860.80
3861.42
3861.42
3861.46
3862.05
3863.39
3863.47
3865.23
3867.99
3868.03
3869.45
3870.67
3871.59
3872.80
3872.93
3875.15
3877.33
3877.71
3877.75
3878.88
3880.27
3880.60
3882.07
3882.20
3882.70
3883.76
3886.87
3887.54
3887.71
3888.21
3890.65
3891.03
3891.28
3893.60
3894.91
3894.95
3895.41
3895.83
3896.30
3897.44
3898.91
3901.11
3905.29
3909.94
3911.33
3912.56
3912.99
3913.54
3914.43
3915.61
3916.97
3917.39
3917.48
3918.62
3919.04
3921.63
3921.89
3922.65
3925.75
3927.19
3929.36
3929.96
3930.77
3931.36
3931.79
3932.89
3933.32
3933.74
3934.94
3938.13
3938.56
3940.64
3942.86
3944.36
3944.83
3945.42
3945.72
3946.40
3947.69
3948.54
3949.31
3949.48
3950.55
3950.76
3951.32
3952.69
3955.00
3955.21
3955.94
3956.07
3958.29
3959.24
3962.15
3964.85
3965.24
3966.14
3967.25
3967.55
3968.24
3968.54
3970.00
3970.56
3970.90
3971.16
3971.63
3972.06
3974.09
3974.26
3974.52
3974.60
3974.86
3975.93
3977.48
3978.26
3979.46
3979.46
3980.11
3980.63
3981.23
3982.13
3984.29
3984.72
3987.83
3991.88
3992.53
3994.39
3994.48
3995.17
3997.03
3999.15
4001.40
4001.48
4002.35
4002.39
4003.87
4004.04
4007.29
4007.38
4008.33
4009.07
4011.45
4013.58
4013.71
4014.75
4016.49
4016.62
4016.67
4019.23
4020.23
4020.32
4021.01
4022.49
4024.45
4026.28
4027.54
4028.20
4029.24
4031.03
4032.21
4032.73
4033.39
4033.65
4033.96
4034.04
4034.17
4034.31
4034.74
4037.06
4037.06
4038.37
4038.80
4041.99
4042.87
4042.96
4044.49
4046.02
4051.50
4053.82
4054.17
4054.87
4056.72
4060.58
4062.29
4063.44
4063.83
4064.27
4064.98
4068.67
4068.76
4069.16
4072.06
4072.11
4074.18
4074.97
4078.55
4079.60
4080.18
4080.58
4081.19
4086.58
4089.46
4090.17
4091.01
4091.85
4092.03
4094.46
4097.96
4099.38
4099.47
4101.51
4106.44
4107.42
4107.51
4107.69
4110.71
4111.38
4113.11
4114.40
4115.20
4115.43
4116.23
4116.90
4117.16
4117.83
4118.50
4119.79
4119.93
4120.19
4121.62
4125.59
4132.16
4135.38
4135.74
4136.72
4137.17
4140.93
4142.01
4142.77
4143.08
4144.38
4145.77
4147.97
4148.87
4149.36
4149.86
4149.99
4151.52
4152.15
4152.24
4154.03
4157.36
4160.33
4160.51
4161.68
4161.86
4162.81
4163.89
4165.47
4165.96
4165.96
4166.19
4166.86
4167.04
4167.27
4167.95
4167.99
4168.22
4169.25
4171.10
4171.96
4176.52
4176.97
4177.29
4177.74
4178.06
4179.91
4182.18
4182.90
4183.22
4183.53
4183.94
4188.97
4192.87
4193.32
4194.32
4195.14
4195.68
4197.18
4199.04
4199.09
4200.09
4201.95
4204.32
4204.86
4205.04
4206.27
4206.82
4208.09
4208.18
4212.15
4212.24
4214.52
4215.06
4215.38
4215.70
4217.57
4218.17
4218.40
4218.49
4219.40
4221.36
4222.73
4228.54
4229.46
4230.19
4230.32
4233.94
4236.83
4239.44
4240.45
4241.69
4241.83
4242.29
4243.85
4244.45
4244.45
4245.73
4245.87
4246.33
4247.25
4247.66
4247.80
4250.93
4252.03
4252.67
4253.27
4253.69
4253.92
4254.05
4256.77
4256.82
4258.34
4260.04
4261.29
4262.39
4262.67
4264.93
4267.98
4267.98
4268.58
4268.72
4269.22
4270.06
4272.23
4276.11
4279.45
4281.25
4281.62
4283.43
4286.54
4286.72
4290.85
4291.32
4292.10
4292.94
4293.03
4293.73
4294.15
4294.15
4294.47
4297.08
4300.19
4301.54
4302.52
4303.13
4303.82
4304.76
4305.36
4305.41
4305.78
4307.50
4309.32
4309.51
4309.60
4309.74
4310.25
4310.91
4313.89
4315.71
4316.46
4316.51
4316.88
4317.49
4317.96
4321.18
4322.07
4322.16
4323.43
4324.83
4327.45
4330.03
4336.64
4337.34
4338.09
4339.55
4341.14
4341.29
4346.60
4347.11
4348.24
4349.75
4351.07
4351.77
4353.00
4353.70
4355.35
4356.96
4357.57
4359.08
4359.88
4360.49
4360.49
4360.63
4361.20
4363.32
4364.88
4365.69
4367.39
4367.91
4369.18
4373.11
4373.34
4378.17
4378.41
4379.59
4381.87
4382.68
4383.77
4384.05
4384.91
4386.66
4388.23
4388.46
4388.94
4389.37
4389.60
4390.03
4390.84
4391.27
4391.46
4391.69
4391.88
4392.03
4393.60
4394.12
4396.21
4397.16
4399.45
4401.26
4401.97
4405.64
4407.78
4409.31
4409.31
4411.22
4412.32
4415.76
4415.95
4416.00
4418.15
4419.34
4424.17
4425.75
4428.39
4429.11
4432.65
4438.75
4438.99
4442.21
4443.94
4444.47
4444.61
4445.62
4445.72
4446.34
4446.83
4446.92
4447.50
4447.74
4449.14
4449.91
4454.58
4456.41
4458.58
4460.12
4460.32
4460.61
4463.70
4464.95
4466.26
4468.92
4471.53
4471.58
4472.74
4473.32
4473.85
4475.50
4475.55
4477.92
4478.02
4478.98
4479.42
4480.63
4481.21
4482.23
4482.43
4482.86
4484.27
4485.09
4485.58
4492.43
4495.25
4496.46
4499.19
4500.60
4501.43
4501.72
4502.11
4505.18
4506.25
4506.50
4508.01
4508.99
4509.96
4512.74
4513.33
4515.58
4517.48
4517.87
4518.17
4518.80
4520.91
4530.89
4531.29
4538.16
4541.40
4541.89
4544.05
4544.25
4544.94
4549.02
4549.12
4549.12
4554.44
4555.87
4556.31
4556.61
4558.14
4560.21
4562.03
4562.33
4562.48
4563.32
4565.64
4565.84
4566.18
4567.07
4568.80
4572.91
4574.59
4575.78
4577.06
4580.33
4580.78
4580.88
4582.17
4582.37
4584.40
4584.45
4585.09
4585.19
4586.23
4586.53
4586.63
4587.23
4587.82
4588.22
4588.27
4588.86
4589.46
4591.40
4592.14
4592.44
4593.43
4593.53
4594.73
4600.65
4600.90
4602.79
4604.23
4605.23
4608.07
4608.62
4610.86
4610.91
4612.31
4614.46
4614.56
4618.40
4618.95
4619.70
4623.85
4624.80
4625.35
4627.71
4628.76
4629.31
4631.91
4632.52
4635.87
4637.73
4641.65
4643.66
4644.56
4646.07
4646.22
4653.87
4654.27
4654.47
4656.44
4657.85
4661.02
4662.28
4662.74
4665.41
4665.61
4666.72
4667.08
4668.59
4668.64
4671.22
4672.53
4672.74
4673.24
4675.06
4675.57
4676.18
4676.63
4677.85
4680.68
4681.34
4683.06
4685.09
4685.55
4685.95
4687.78
4688.23
4689.40
4689.70
4690.11
4693.66
4695.04
4697.78
4698.80
4699.05
4701.19
4702.10
4704.85
4705.00
4705.16
4706.07
4709.08
4713.00
4713.16
4713.26
4716.01
4716.16
4719.33
4720.15
4723.57
4723.67
4724.49
4725.56
4726.38
4727.56
4727.97
4728.48
4728.94
4729.25
4732.47
4734.16
4734.98
4735.60
4736.52
4738.21
4739.70
4740.72
4740.93
4742.47
4743.03
4744.83
4744.98
4745.55
4747.04
4747.45
4750.22
4750.58
4753.10
4753.10
4753.61
4753.72
4755.11
4757.83
4758.19
4758.55
4760.05
4761.54
4762.16
4762.47
4763.81
4765.51
4765.97
4767.42
4767.68
4767.68
4769.22
4769.69
4771.75
4772.06
4773.15
4773.25
4777.23
4780.07
4780.74
4781.88
4783.12
4783.95
4786.08
4786.39
4787.78
4789.08
4789.55
4789.86
4790.06
4791.31
4791.57
4791.62
4795.20
4795.51
4795.92
4798.62
4799.82
4806.16
4810.06
4811.83
4812.92
4813.76
4819.02
4819.07
4819.07
4819.28
4820.06
4820.32
4821.78
4823.35
4824.39
4824.97
4828.26
4832.80
4834.84
4835.84
4835.84
4839.14
4839.40
4840.71
4840.86
4841.07
4841.75
4841.75
4843.96
4847.15
4847.73
4847.89
4848.25
4849.67
4850.46
4850.93
4851.72
4851.98
4853.24
4856.81
4858.70
4858.97
4860.02
4861.65
4863.60
4864.02
4864.86
4865.12
4865.12
4865.33
4870.71
4871.13
4872.08
4877.30
4879.99
4886.96
4887.70
4888.50
4888.87
4889.93
4891.41
4892.73
4893.42
4895.17
4896.01
4896.49
4898.08
4901.31
4902.75
4903.17
4906.09
4910.98
4911.14
4912.68
4913.90
4914.70
4915.39
4916.40
4916.88
4918.95
4923.16
4928.49
4930.25
4930.68
4931.00
4933.72
4934.89
4939.43
4941.41
4942.48
4944.14
4944.73
4945.80
4946.22
4946.33
4949.49
4950.61
4951.63
4952.06
4952.11
4954.85
4956.67
4956.89
4959.78
4960.48
4962.95
4965.53
4966.76
4967.25
4968.86
4969.02
4969.13
4969.94
4971.50
4973.43
4973.81
4974.13
4975.85
4979.09
4983.29
4985.50
4986.53
4987.60
4988.14
4994.95
4996.08
4996.30
4997.76
4998.57
4998.90
4999.38
4999.82
5000.30
5000.41
5002.58
5003.93
5004.96
5006.42
5007.45
5009.83
5010.70
5012.00
5012.54
5014.61
5016.94
5017.10
5019.65
5021.88
5023.13
5023.89
5024.76
5027.81
5028.08
5030.64
5032.65
5033.31
5034.34
5035.76
5036.03
5036.25
5037.61
5037.72
5037.77
5038.48
5039.30
5042.08
5042.74
5043.55
5044.70
5046.39
5047.81
5048.69
5052.13
5054.21
5054.59
5056.01
5060.33
5064.99
5066.91
5067.84
5072.07
5072.34
5076.02
5076.46
5078.27
5081.40
5083.22
5083.88
5084.98
5085.36
5086.24
5086.24
5087.78
5093.24
5096.43
5096.71
5100.90
5102.50
5104.22
5104.88
5105.32
5107.25
5113.39
5113.50
5115.27
5115.77
5118.10
5127.74
5131.35
5135.63
5137.85
5139.35
5146.75
5148.59
5152.38
5153.77
5155.61
5155.72
5160.80
5160.97
5163.82
5165.22
5174.45
5175.73
5176.01
5177.97
5178.98
5179.99
5180.38
5181.56
5181.90
5185.94
5186.55
5186.95
5189.58
5190.76
5190.82
5192.84
5196.16
5196.61
5197.51
5198.63
5198.97
5202.23
5202.80
5204.54
5204.94
5206.29
5209.16
5209.16
5210.34
5212.09
5212.83
5213.95
5216.21
5217.40
5226.61
5229.38
5230.68
5233.91
5235.44
5235.49
5235.49
5238.10
5244.62
5249.22
5249.90
5249.90
5251.09
5253.59
5255.92
5257.57
5257.69
5259.28
5260.31
5260.65
5262.58
5263.84
5264.75
5264.92
5266.46
5266.85
5267.94
5269.02
5269.19
5271.93
5273.75
5275.81
5276.55
5283.12
5283.58
5284.15
5286.44
5288.44
5288.73
5289.24
5295.65
5295.94
5303.91
5306.32
5311.95
5313.39
5314.42
5315.29
5317.01
5322.25
5323.06
5326.05
5326.11
5327.15
5327.15
5330.61
5331.76
5334.36
5335.05
5336.38
5342.50
5344.18
5344.41
5344.64
5346.49
5347.47
5347.82
5350.72
5351.41
5351.82
5352.39
5352.80
5355.99
5358.01
5358.48
5360.97
5361.26
5362.25
5363.35
5366.60
5371.89
5372.12
5375.14
5376.25
5383.76
5385.27
5386.03
5387.43
5389.59
5389.64
5390.05
5390.46
5396.53
5400.09
5401.55
5405.82
5406.70
5407.40
5409.22
5409.33
5413.02
5417.18
5419.12
5419.23
5424.04
5427.27
5427.45
5428.09
5430.15
5431.09
5431.85
5432.79
5432.91
5437.21
5437.56
5437.91
5438.44
5441.38
5441.44
5443.86
5445.68
5448.04
5448.39
5453.29
5455.59
5462.92
5463.74
5463.98
5466.17
5467.35
5468.89
5470.37
5471.37
5472.20
5474.99
5476.70
5477.42
5477.42
5477.65
5477.71
5479.25
5480.50
5482.69
5483.58
5484.41
5486.08
5489.70
5491.42
5494.33
5495.22
5495.82
5496.29
5496.47
5496.65
5497.72
5498.32
5498.73
5499.39
5501.29
5501.35
5506.18
5508.08
5509.15
5509.39
5509.99
5510.05
5511.18
5511.36
5513.69
5516.25
5518.64
5520.49
5520.67
5522.82
5527.48
5527.84
5528.38
5529.04
5530.83
5538.44
5539.10
5540.84
5545.04
5545.46
5546.84
5548.16
5548.46
5550.74
5553.08
5553.92
5557.89
5562.70
5562.94
5565.59
5567.28
5567.76
5571.26
5572.04
5574.21
5578.31
5579.22
5585.80
5587.25
5589.61
5589.79
5589.97
5590.34
5591.43
5591.61
5593.48
5593.85
5594.63
5595.96
5597.12
5598.21
5599.72
5606.63
5608.94
5610.39
5612.76
5614.10
5614.58
5617.50
5619.81
5619.81
5621.88
5622.30
5623.83
5623.95
5630.52
5631.07
5631.50
5635.83
5636.25
5638.26
5640.34
5641.32
5642.72
5645.35
5646.75
5647.36
5647.48
5648.16
5648.89
5650.54
5654.33
5655.98
5656.11
5656.53
5657.09
5657.70
5658.55
5658.55
5660.02
5660.21
5661.80
5664.80
5665.54
5666.27
5667.07
5668.97
5670.20
5671.24
5675.48
5677.32
5678.49
5679.10
5680.33
5693.56
5694.98
5696.39
5699.54
5699.79
5699.97
5700.03
5704.47
5705.65
5710.84
5710.90
5711.14
5712.69
5714.61
5716.71
5716.83
5718.56
5718.94
5719.31
5720.92
5721.72
5722.28
5722.90
5723.08
5723.76
5730.46
5730.64
5732.13
5734.49
5735.67
5742.44
5744.67
5749.46
5751.70
5752.20
5752.57
5754.94
5756.68
5757.43
5757.62
5760.42
5760.61
5763.85
5763.97
5768.40
5772.02
5772.27
5774.02
5774.46
5775.83
5779.09
5779.52
5783.65
5784.97
5786.72
5787.72
5788.66
5789.60
5790.66
5798.13
5803.65
5804.28
5805.78
5808.49
5809.11
5809.62
5811.38
5811.88
5812.76
5814.84
5815.47
5818.49
5820.69
5822.01
5823.08
5823.78
5823.78
5824.28
5825.61
5827.69
5832.48
5834.56
5836.27
5837.15
5837.72
5841.01
5841.70
5841.95
5844.86
5844.99
5847.64
5853.22
5856.83
5858.41
5862.79
5867.29
5870.53
5875.49
5876.44
5876.82
5881.47
5882.99
5884.01
5885.16
5885.73
5888.28
5889.68
5890.70
5890.76
5891.85
5891.91
5893.70
5893.95
5894.08
5894.46
5898.10
5902.31
5902.44
5903.08
5903.59
5907.36
5910.75
5910.87
5911.39
5914.07
5915.61
5915.67
5916.70
5918.81
5919.13
5919.39
5920.86
5921.12
5922.27
5923.55
5925.47
5928.94
5930.03
5930.61
5933.17
5936.83
5942.62
5944.55
5950.47
5951.50
5952.21
5952.53
5955.04
5957.23
5958.65
5959.29
5960.13
5962.65
5966.39
5968.39
5970.20
5976.53
5977.25
5981.19
5982.03
5982.36
5983.20
5983.33
5983.46
5988.64
5990.26
5990.26
6003.17
6003.89
6004.28
6012.40
6015.65
6015.72
6016.89
6017.67
6021.58
6022.49
6026.60
6027.90
6038.02
6038.02
6039.33
6049.27
6050.25
6051.69
6052.67
6053.33
6056.73
6057.39
6058.57
6061.00
6062.77
6062.96
6064.80
6065.65
6066.38
6066.77
6066.97
6073.47
6074.32
6079.06
6080.77
6081.36
6085.77
6087.09
6089.13
6089.13
6093.68
6096.45
6096.78
6099.74
6099.94
6103.97
6104.89
6105.42
6108.93
6111.50
6112.03
6112.63
6114.48
6116.80
6117.92
6119.64
6124.48
6125.87
6125.87
6126.86
6129.38
6129.98
6135.36
6136.09
6136.09
6137.02
6137.94
6140.54
6144.19
6144.39
6147.98
6150.31
6151.44
6151.71
6157.17
6163.50
6163.90
6166.97
6166.97
6169.70
6171.37
6175.05
6175.92
6177.85
6179.12
6180.06
6180.86
6183.34
6184.14
6185.28
6185.68
6190.84
6190.90
6196.73
6196.93
6198.34
6201.03
6201.29
6204.78
6209.22
6210.56
6211.10
6211.10
6212.44
6217.35
6220.51
6223.00
6223.27
6227.79
6233.58
6236.55
6238.58
6244.05
6244.45
6245.87
6246.21
6246.61
6246.68
6249.52
6251.21
6256.96
6258.86
6260.35
6262.99
6263.33
6267.53
6268.01
6276.15
6276.97
6279.07
6280.09
6284.03
6284.24
6291.79
6292.40
6292.74
6294.11
6300.37
6301.19
6301.46
6301.87
6305.62
6305.76
6306.17
6307.06
6308.22
6310.54
6311.22
6311.90
6314.43
6316.21
6324.89
6332.08
6332.36
6334.21
6334.62
6335.24
6336.06
6338.94
6339.35
6340.93
6341.27
6345.39
6346.97
6347.45
6348.41
6350.75
6351.57
6352.19
6354.25
6356.04
6356.52
6364.92
6365.54
6366.50
6366.78
6368.29
6369.88
6371.05
6371.19
6372.98
6379.05
6384.71
6386.37
6386.92
6390.66
6394.39
6395.08
6397.16
6397.92
6401.59
6404.85
6405.26
6411.29
6412.13
6417.61
6418.51
6420.39
6420.87
6422.19
6422.82
6424.56
6430.82
6434.99
6436.59
6436.66
6441.05
6443.91
6444.12
6446.84
6448.58
6450.68
6452.00
6454.10
6457.52
6457.59
6459.83
6463.25
6466.61
6468.36
6468.43
6468.99
6476.27
6482.44
6485.18
6489.18
6490.79
6492.97
6493.32
6494.94
6499.86
6500.28
6501.06
6505.49
6505.84
6505.98
6506.69
6508.02
6509.78
6514.22
6516.06
6520.57
6524.52
6524.73
6524.87
6527.63
6533.07
6534.34
6536.53
6540.14
6542.76
6543.18
6547.36
6547.50
6547.93
6548.43
6549.06
6549.35
6550.62
6553.39
6559.06
6563.11
6565.45
6567.87
6569.57
6573.06
6573.63
6574.05
6577.82
6579.75
6584.95
6587.30
6588.30
6589.15
6593.71
6601.14
6604.07
6606.93
6613.29
6617.73
6620.16
6622.03
6624.11
6624.39
6629.77
6629.98
6633.57
6636.88
6637.95
6638.60
6643.27
6645.07
6647.30
6647.73
6650.68
6654.85
6659.82
6662.56
6664.36
6665.81
6669.85
6671.29
6674.68
6677.28
6681.76
6683.72
6684.22
6684.80
6688.56
6691.60
6693.63
6695.59
6701.46
6702.98
6703.41
6703.63
6704.58
6710.24
6710.38
6711.91
6712.20
6716.92
6718.15
6720.55
6720.63
6722.30
6724.99
6725.94
6728.48
6728.99
6729.79
6731.98
6733.58
6734.82
6736.79
6739.19
6740.29
6742.11
6742.26
6743.57
6744.30
6744.88
6750.14
6754.09
6755.99
6757.30
6757.30
6758.40
6758.62
6760.08
6761.18
6761.18
6762.79
6763.89
6767.98
6769.01
6769.89
6773.11
6776.04
6777.00
6777.00
6778.24
6778.83
6779.71
6783.23
6784.11
6786.24
6789.62
6789.99
6792.34
6793.74
6795.43
6797.34
6799.69
6801.83
6802.78
6805.36
6807.57
6811.03
6811.40
6815.16
6828.08
6828.82
6830.66
6831.62
6836.28
6844.72
6845.16
6846.35
6846.72
6847.91
6849.98
6856.36
6860.36
6863.41
6875.45
6880.29
6882.82
6887.21
6888.63
6888.93
6892.73
6893.40
6897.13
6897.28
6901.54
6902.43
6903.25
6909.23
6911.03
6913.34
6916.11
6916.71
6917.31
6918.58
6919.11
6921.58
6925.92
6929.22
6932.74
6936.72
6939.27
6949.72
6953.03
6953.85
6955.51
6960.10
6964.09
6972.39
6977.29
6977.60
6987.57
6988.93
6988.93
6989.99
6991.65
6994.07
6994.15
6994.15
6995.96
6996.04
7001.72
7006.80
7007.48
7009.98
7020.53
7023.12
7024.18
7027.45
7029.12
7032.16
7034.22
7035.67
7035.89
7036.27
7040.84
7043.66
7044.35
7048.47
7051.36
7051.82
7059.91
7060.60
7060.83
7061.21
7061.82
7066.26
7073.37
7073.37
7078.50
7078.58
7079.50
7081.87
7084.55
7097.29
7097.52
7097.98
7097.98
7102.74
7104.05
7105.05
7106.28
7106.74
7108.28
7108.74
7109.82
7110.13
7111.43
7112.51
7114.67
7116.74
7118.05
7118.90
7119.98
7120.06
7120.13
7124.76
7126.68
7129.15
7133.94
7135.33
7136.48
7140.89
7140.96
7142.90
7145.91
7152.64
7152.95
7154.96
7157.67
7158.68
7158.91
7161.55
7162.94
7166.04
7166.74
7168.14
7170.07
7170.54
7170.85
7172.87
7173.95
7175.35
7175.82
7180.40
7181.02
7183.43
7185.53
7185.69
7192.45
7199.23
7203.59
7209.36
7209.98
7211.08
7216.62
7225.84
7226.70
7227.95
7234.21
7240.08
7241.26
7242.20
7242.59
7248.15
7251.21
7251.76
7252.47
7252.47
7253.96
7257.10
7263.07
7267.16
7267.94
7273.13
7277.62
7279.04
7284.00
7290.86
7291.57
7295.44
7295.75
7298.83
7304.29
7306.26
7309.42
7311.01
7312.51
7312.51
7316.55
7320.82
7321.85
7322.72
7326.21
7331.05
7331.44
7332.71
7333.03
7341.84
7342.48
7345.66
7346.45
7353.61
7358.54
7359.26
7361.57
7361.65
7361.89
7362.52
7362.68
7364.04
7364.76
7366.59
7368.66
7372.41
7373.05
7376.80
7377.44
7378.47
7382.87
7384.14
7385.58
7387.02
7387.18
7390.30
7392.94
7400.38
7405.75
7406.63
7411.12
7411.60
7412.64
7413.12
7413.20
7414.81
7416.89
7419.46
7420.99
7423.24
7427.33
7427.41
7431.51
7432.32
7433.85
7434.41
7434.41
7438.19
7443.10
7447.93
7449.06
7451.32
7453.17
7455.84
7462.21
7471.26
7472.31
7473.04
7477.33
7479.43
7481.70
7481.86
7485.10
7486.64
7489.55
7495.96
7498.63
7509.27
7511.46
7513.82
7517.15
7520.73
7520.90
7525.78
7530.51
7533.44
7536.46
7538.49
7538.66
7542.90
7543.63
7545.10
7547.88
7549.84
7550.66
7554.66
7559.24
7562.27
7565.21
7566.28
7566.60
7567.75
7568.32
7568.90
7570.45
7571.52
7577.83
7579.88
7582.42
7582.59
7584.56
7588.00
7590.14
7593.75
7597.37
7599.59
7600.49
7600.74
7602.88
7608.64
7616.46
7617.62
7618.03
7622.56
7623.31
7623.31
7624.30
7624.79
7626.19
7631.31
7633.71
7638.66
7640.81
7648.26
7649.83
7651.98
7653.72
7654.38
7656.45
7657.53
7658.94
7659.27
7661.09
7663.83
7672.29
7673.12
7673.21
7673.37
7679.77
7681.93
7685.59
7686.00
7686.92
7687.66
7692.57
7695.40
7698.99
7700.49
7701.24
7701.32
7701.90
7705.32
7707.65
7709.66
7710.57
7712.83
7713.91
7716.50
7716.92
7720.76
7723.10
7723.77
7723.85
7724.02
7724.27
7732.38
7743.18
7748.71
7756.85
7765.41
7770.71
7776.68
7778.87
7779.29
7792.43
7798.50
7801.29
7802.72
7805.85
7806.18
7808.13
7812.01
7812.01
7813.45
7817.00
7820.73
7821.66
7828.68
7836.31
7842.59
7844.71
7845.90
7845.90
7846.58
7849.72
7850.57
7855.16
7855.67
7862.64
7867.57
7871.41
7874.39
7876.01
7877.45
7878.05
7879.33
7879.50
7881.04
7881.38
7883.00
7890.76
7893.24
7895.89
7899.65
7899.65
7906.92
7907.51
7911.19
7912.91
7914.53
7915.22
7918.30
7918.99
7920.87
7928.33
7928.76
7928.85
7929.79
7931.68
7932.88
7939.23
7939.83
7941.30
7941.55
7942.41
7943.70
7946.11
7956.69
7957.21
7959.62
7964.87
7967.37
7969.53
7976.43
7980.49
7982.99
7987.74
7988.00
7995.27
7996.04
7996.22
7999.07
8008.86
8008.95
8011.20
8011.37
8012.76
8016.05
8023.43
8025.25
8025.86
8029.68
8039.85
8044.81
8046.38
8046.38
8046.99
8048.73
8050.74
8051.08
8054.05
8056.05
8059.19
8071.23
8074.81
8076.04
8079.53
8079.53
8079.53
8081.37
8082.94
8083.29
8083.73
8084.60
8085.83
8089.15
8090.64
8093.01
8095.90
8096.60
8100.63
8101.68
8102.21
8102.38
8105.54
8107.64
8110.54
8111.94
8114.05
8118.88
8121.43
8123.27
8123.45
8126.09
8127.14
8133.12
8133.21
8133.21
8135.41
8137.70
8144.83
8145.10
8147.57
8158.15
8163.98
8165.48
8166.63
8172.91
8174.76
8175.91
8183.70
8186.98
8188.22
8190.08
8191.05
8192.21
8195.13
8201.34
8203.47
8203.83
8204.80
8205.42
8209.78
8215.64
8217.60
8226.94
8229.25
8229.34
8229.88
8241.46
8241.64
8245.92
8249.49
8249.49
8249.76
8250.56
8252.17
8254.31
8255.11
8256.72
8256.90
8258.96
8265.30
8266.02
8270.13
8271.56
8274.79
8282.58
8291.28
8298.82
8306.81
8311.76
8320.03
8322.92
8337.61
8337.88
8339.14
8342.57
8346.36
8353.41
8359.74
8364.80
8370.96
8383.92
8384.10
8386.92
8390.00
8390.37
8393.54
8396.45
8397.45
8408.45
8411.45
8412.82
8414.73
8420.74
8422.29
8423.20
8423.57
8426.39
8432.23
8435.52
8441.36
8442.27
8445.74
8446.11
8446.20
8446.84
8449.86
8451.14
8458.91
8459.65
8468.16
8469.72
8469.81
8470.45
8480.17
8484.76
8488.25
8496.15
8498.54
8500.38
8509.58
8514.37
8516.03
8520.27
8521.01
8523.41
8523.41
8529.03
8529.03
8536.33
8540.67
8542.89
8548.90
8548.99
8559.17
8565.01
8566.77
8568.25
8568.25
8569.18
8570.85
8571.96
8575.49
8578.64
8580.96
8581.52
8581.61
8584.31
8594.25
8599.46
8600.95
8602.62
8611.66
8611.93
8618.55
8629.75
8630.96
8632.93
8633.30
8633.30
8638.44
8639.65
8642.46
8643.77
8644.52
8644.80
8645.92
8648.16
8649.38
8660.06
8661.56
8662.02
8671.59
8672.34
8672.81
8676.00
8676.28
8678.63
8680.88
8682.67
8687.93
8688.96
8693.01
8698.09
8700.63
8702.04
8705.24
8711.18
8719.19
8719.67
8723.54
8728.63
8730.33
8734.30
8737.14
8746.12
8748.02
8748.68
8749.34
8760.99
8761.09
8764.88
8766.21
8766.49
8775.89
8777.50
8779.59
8781.11
8784.53
8785.58
8790.33
8793.47
8796.33
8797.47
8797.94
8798.61
8800.42
8801.09
8804.42
8805.94
8811.09
8812.90
8814.71
8817.00
8823.68
8824.26
8830.85
8831.71
8834.00
8840.41
8841.46
8841.94
8849.02
8857.16
8862.34
8863.30
8863.87
8866.65
8869.92
8871.26
8871.84
8878.08
8879.90
8887.11
8887.50
8894.04
8905.69
8910.89
8914.56
8915.81
8918.03
8918.03
8918.32
8923.92
8925.85
8933.29
8934.93
8937.45
8938.61
8939.87
8941.70
8944.22
8949.74
8954.87
8961.85
8970.58
8977.57
8981.36
8982.92
8985.54
8986.12
8987.48
8988.94
8990.40
8992.74
8993.61
8994.39
8996.34
8999.94
9005.79
9006.27
9011.63
9023.34
9027.74
9028.03
9032.82
9033.21
9033.40
9036.82
9043.87
9044.06
9048.37
9050.03
9057.09
9058.17
9058.36
9059.93
9062.67
9062.77
9064.83
9069.44
9071.60
9074.15
9081.32
9081.52
9082.70
9086.53
9093.61
9094.50
9098.54
9100.01
9112.72
9113.31
9119.23
9119.23
9123.48
9126.73
9129.30
9130.69
9131.67
9134.84
9136.02
9142.94
9143.93
9153.14
9156.21
9157.20
9161.86
9172.87
9176.14
9176.74
9178.63
9183.49
9185.48
9192.44
9193.24
9196.02
9197.91
9198.21
9200.00
9200.30
9200.50
9202.29
9204.88
9205.18
9206.48
9207.37
9208.27
9214.15
9216.04
9219.83
9227.42
9230.51
9231.71
9232.91
9232.91
9233.11
9234.01
9234.91
9235.11
9241.71
9243.91
9244.01
9250.91
9253.31
9254.61
9254.71
9257.42
9266.74
9274.46
9275.87
9281.69
9287.01
9288.22
9288.42
9292.14
9294.95
9304.11
9305.22
9319.22
9319.32
9319.32
9323.46
9324.77
9329.82
9350.03
9350.03
9353.37
9354.58
9355.49
9359.34
9378.19
9379.11
9380.43
9381.14
9383.57
9387.03
9410.52
9411.64
9413.17
9416.42
9418.87
9420.30
9421.21
9421.42
9422.95
9434.68
9441.32
9442.65
9452.15
9457.68
9466.99
9476.22
9488.73
9496.23
9497.98
9506.82
9509.08
9509.49
9522.26
9527.00
9534.74
9536.49
9538.76
9540.31
9541.75
9543.92
9551.36
9553.94
9557.87
9566.25
9570.70
9574.33
9577.96
9579.82
9583.24
9594.86
9596.94
9600.68
9602.86
9610.97
9617.00
9617.42
9624.18
9625.43
9627.41
9632.93
9633.98
9640.34
9645.24
9647.75
9656.20
9660.91
9671.37
9681.84
9683.41
9685.29
9691.48
9696.93
9699.77
9700.81
9702.81
9703.23
9703.44
9704.17
9712.58
9713.52
9730.56
9740.68
9745.31
9745.53
9747.00
9747.00
9750.06
9752.70
9758.72
9764.21
9765.58
9771.61
9774.99
9774.99
9777.00
9779.54
9779.54
9780.60
9792.99
9797.97
9801.68
9812.93
9814.20
9814.20
9814.94
9817.60
9819.09
9823.34
9824.82
9829.50
9845.15
9850.26
9852.50
9852.72
9853.57
9861.25
9862.42
9864.56
9865.30
9867.76
9868.29
9873.10
9874.38
9876.09
9876.30
9881.86
9885.07
9899.30
9900.59
9902.95
9914.85
9915.81
9915.92
9928.37
9936.65
9937.94
9942.56
9949.02
9953.65
9955.27
9956.77
9961.30
9962.70
9963.13
9967.98
9971.00
9973.49
9979.42
9982.34
9990.66
9997.47
9998.77
9999.63
10000.50
10002.01
10002.66
10006.24
10007.97
10008.62
10011.54
10016.42
10025.85
10036.27
10039.31
10047.35
10050.72
10053.23
10054.97
10066.83
10069.01
10072.61
10075.00
10076.20
10076.64
10087.98
10097.92
10100.33
10101.20
10103.60
10108.20
10108.20
10109.18
10114.76
10117.72
10121.00
10123.30
10128.78
10130.20
10134.15
10135.69
10144.24
10151.82
10152.15
10152.81
10163.03
10166.11
10167.65
10175.57
10183.72
10184.49
10190.12
10203.02
10208.32
10215.40
10220.81
10221.70
10222.91
10233.54
10237.30
10251.38
10256.71
10266.48
10266.70
10270.25
10272.70
10272.81
10279.59
10283.04
10292.95
10293.39
10294.28
10305.76
10313.91
10321.05
10324.07
10335.35
10335.58
10359.20
10363.24
10364.13
10364.47
10368.06
10372.88
10378.72
10385.69
10389.96
10390.52
10393.56
10395.02
10404.24
10407.73
10412.58
10420.92
10421.82
10422.72
10428.48
10435.59
10443.38
10445.53
10461.93
10464.76
10465.55
10467.36
10472.12
10474.95
10484.14
10488.90
10494.35
10495.83
10497.53
10513.22
10513.67
10519.02
10521.64
10536.22
10553.45
10553.91
10561.56
10572.88
10581.92
10594.86
10595.67
10597.96
10599.11
10604.61
10608.51
10638.63
10638.86
10640.13
10641.85
10650.03
10651.76
10655.10
10666.75
10667.33
10671.37
10671.37
10674.72
10681.07
10695.76
10719.28
10732.74
10734.83
10744.01
10744.59
10746.80
10751.80
10755.53
10758.90
10763.56
10765.19
10769.73
10770.43
10772.18
10776.26
10782.68
10801.12
10809.31
10816.56
10822.53
10830.03
10835.77
10857.13
10883.01
10886.77
10894.67
10895.14
10897.38
10898.09
10911.18
10921.11
10926.54
10928.32
10931.86
10932.34
10938.96
10943.70
10954.72
10958.39
10968.36
10969.42
10977.85
10982.01
10982.72
11007.95
11024.63
11030.24
11033.22
11033.58
11041.58
11042.78
11047.92
11052.58
11054.25
11056.05
11066.94
11068.62
11072.69
11078.08
11082.04
11083.12
11086.48
11090.79
11091.51
11094.28
11101.24
11102.08
11108.45
11108.93
11109.53
11112.90
11114.34
11115.30
11133.84
11134.44
11142.64
11147.22
11164.12
11166.29
11166.53
11168.47
11194.60
11197.14
11203.93
11209.75
11215.21
11223.34
11223.70
11226.38
11231.48
11235.98
11236.71
11238.65
11240.11
11248.75
11248.75
11249.24
11251.30
11251.43
11253.62
11275.19
11290.21
11293.99
11294.24
11301.33
11306.95
11307.81
11312.58
11312.71
11313.44
11315.28
11320.42
11324.95
11328.02
11331.57
11335.74
11342.12
11355.87
11356.00
11363.86
11365.21
11365.95
11366.20
11376.04
11394.03
11400.07
11407.35
11411.54
11415.13
11423.40
11428.60
11432.31
11432.80
11434.29
11438.12
11455.96
11463.64
11466.00
11480.15
11485.99
11492.58
11501.16
11505.64
11508.51
11510.25
11511.12
11511.62
11523.96
11529.95
11537.81
11547.05
11547.42
11547.92
11551.30
11568.18
11568.93
11574.44
11593.49
11603.66
11604.41
11606.55
11617.48
11651.47
11653.61
11654.49
11660.55
11666.35
11673.04
11702.63
11707.83
11709.35
11713.40
11718.09
11718.73
11721.90
11731.16
11735.35
11735.73
11738.65
11739.54
11744.88
11747.04
11750.21
11753.65
11760.39
11772.23
11775.03
11780.64
11786.76
11806.80
11821.37
11829.05
11830.71
11841.47
11851.59
11867.38
11868.66
11879.71
11887.30
11913.56
11922.59
11922.98
11924.65
11938.60
11939.37
11939.89
11943.89
11944.54
11944.93
11950.87
11972.62
11973.52
11987.13
11987.39
11992.19
12007.77
12039.13
12041.34
12042.51
12044.60
12050.33
12053.20
12079.44
12085.98
12098.28
12115.57
12120.68
12133.54
12134.07
12140.37
12141.55
12144.71
12151.94
12156.54
12157.20
12162.06
12162.59
12167.07
12177.34
12180.24
12192.90
12213.10
12214.02
12232.27
12236.91
12242.20
12249.49
12250.68
12257.05
12266.20
12278.55
12279.35
12305.15
12314.21
12340.75
12349.56
12392.93
12407.69
12411.59
12418.17
12432.15
12440.90
12443.59
12447.63
12448.84
12454.63
12460.29
12479.59
12489.04
12494.45
12545.52
12568.48
12595.71
12600.89
12639.26
12647.19
12650.06
12651.02
12656.64
12663.21
12664.58
12677.33
12677.74
12679.39
12686.52
12694.35
12697.51
12704.38
12721.16
12737.55
12746.51
12747.89
12755.62
12761.14
12763.90
12780.35
12788.92
12794.46
12798.48
12815.52
12816.91
12840.36
12848.42
12860.66
12863.72
12880.16
12880.58
12894.94
12897.31
12905.41
12932.95
12941.48
12944.56
12946.39
12950.17
12955.91
12968.40
12972.47
12975.13
12982.58
12987.21
12998.04
13004.09
13004.65
13005.49
13005.63
13007.88
13011.69
13013.80
13016.75
13020.42
13025.21
13028.45
13031.83
13037.62
13043.26
13066.71
13069.96
13070.24
13089.63
13091.19
13100.97
13107.20
13140.86
13156.22
13160.49
13161.78
13172.17
13192.57
13199.71
13201.57
13203.57
13207.14
13208.14
13212.86
13223.58
13251.22
13251.51
13253.81
13253.95
13261.98
13268.87
13278.78
13279.93
13281.94
13321.23
13326.28
13331.47
13337.67
13343.59
13365.56
13367.87
13369.03
13371.77
13379.45
13388.28
13398.42
13411.19
13433.55
13448.38
13451.44
13467.02
13468.77
13475.62
13478.10
13480.00
13480.43
13487.73
13494.30
13495.47
13509.49
13509.78
13525.29
13547.55
13547.84
13550.92
13591.30
13612.49
13619.42
13623.99
13631.36
13634.16
13634.46
13661.33
13662.96
13664.14
13666.21
13679.23
13686.93
13687.37
13688.41
13699.08
13704.41
13705.45
13723.26
13736.92
13765.19
13779.65
13779.95
13800.69
13800.98
13818.17
13828.34
13836.12
13846.75
13848.55
13873.45
13885.16
13894.63
13896.28
13941.16
13962.14
14006.17
14016.18
14035.30
14040.61
14044.87
14073.16
14101.82
14123.35
14126.86
14129.92
14131.45
14143.07
14143.69
14153.48
14164.51
14172.79
14190.59
14191.05
14201.34
14205.03
14274.67
14274.67
14280.39
14310.24
14317.83
14342.79
14350.40
14385.22
14394.41
14395.50
14399.86
14413.89
14417.32
14419.66
14419.97
14437.30
14451.36
14455.90
14466.85
14467.64
14470.45
14476.56
14486.43
14502.74
14518.44
14525.20
14542.97
14560.92
14564.70
14565.49
14568.01
14597.67
14640.70
14661.46
14667.49
14700.54
14734.93
14738.44
14747.85
14749.61
14821.44
14859.01
14877.03
14919.91
14931.86
14954.98
14971.65
14978.78
14981.70
15019.36
15019.36
15028.30
15028.78
15037.89
15082.87
15108.67
15124.54
15124.70
15176.67
15226.67
15267.25
15267.91
15275.51
15319.21
15319.71
15326.17
15326.50
15340.44
15362.36
15368.52
15369.51
15382.82
15383.49
15388.32
15394.14
15402.14
15416.31
15424.32
15437.01
15447.70
15474.97
15478.49
15500.11
15540.75
15563.63
15575.09
15597.18
15598.19
15602.75
15637.73
15656.86
15673.47
15676.02
15685.52
15687.38
15696.38
15701.31
15713.38
15713.55
15740.94
15743.50
15760.20
15774.19
15789.73
15792.63
15805.28
15847.75
15869.88
15879.33
15882.77
15894.80
15930.44
15990.19
15995.38
16042.18
16047.21
16076.41
16081.80
16116.29
16121.17
16136.36
16180.59
16182.86
16200.21
16272.06
16295.31
16325.31
16338.92
16356.61
16471.16
16513.09
16548.68
16559.79
16624.06
16624.24
16625.68
16633.77
16665.48
16678.65
16684.78
16693.45
16701.22
16714.42
16748.09
16752.62
16777.83
16784.91
16801.99
16812.72
16836.93
16840.94
16906.67
16935.78
16953.01
16956.68
16963.65
16964.20
16968.43
16978.53
17003.90
17004.45
17004.82
17008.87
17015.12
17030.96
17051.80
17057.34
17090.40
17116.68
17119.64
17132.99
17199.48
17200.04
17220.52
17244.01
17304.76
17354.26
17361.02
17371.17
17408.98
17432.73
17442.92
17518.77
17567.36
17576.68
17601.22
17626.57
17635.54
17650.24
17663.80
17685.03
17722.38
17724.87
17857.70
17861.37
17869.10
17910.91
17916.53
17939.81
17946.02
17979.06
18030.49
18064.66
18125.16
18128.49
18136.73
18192.35
18197.08
18197.27
18233.73
18258.21
18270.27
18272.44
18284.90
18312.03
18312.82
18337.21
18407.58
18413.75
18449.65
18470.42
18493.22
18537.89
18542.31
18567.60
18568.61
18606.21
18610.84
18617.49
18645.71
18660.24
18682.87
18694.80
18756.39
18789.50
18889.38
19045.15
19065.56
19069.27
19090.53
19131.89
19143.69
19187.03
19291.95
19300.30
19309.70
19325.58
19365.77
19420.96
19438.62
19473.35
19490.00
19514.48
19539.20
19595.09
19601.03
19625.86
19637.54
19665.61
19669.86
19684.98
19726.98
19728.90
19749.19
19751.97
19758.17
19810.19
19907.31
19925.84
19934.25
19948.70
19967.71
19982.19
20020.06
20127.79
20157.43
20158.52
20262.82
20271.38
20279.93
20303.20
20307.16
20394.58
20471.51
20500.33
20506.09
20528.29
20532.29
20593.70
20612.65
20615.32
20637.19
20655.51
20663.56
20689.96
20716.61
20732.76
20761.72
20773.18
20890.38
21074.27
21142.33
21163.61
21210.61
21252.65
21273.12
21463.63
21498.96
21512.46
21680.70
21740.13
21747.66
21845.53
21857.59
21893.09
21920.11
21978.77
22001.37
22027.81
22112.10
22115.69
22148.02
22240.23
22245.53
22323.17
22383.15
22412.95
22421.69
22421.69
22426.54
22480.47
22490.93
22534.53
22571.62
22581.15
22597.77
22700.45
22850.52
22873.53
22880.95
22920.35
22976.96
22997.36
23002.33
23037.95
23042.69
23053.41
23109.60
23121.11
23144.13
23278.75
23330.94
23360.75
23367.57
23450.40
23515.19
23600.57
23656.31
23840.28
23844.15
23901.24
23942.91
23969.87
24024.13
24029.85
24105.11
24137.47
24162.82
24169.87
24261.84
24280.49
24298.09
24311.51
24363.91
24392.66
24393.19
24433.86
24538.25
24650.28
24650.55
24668.15
24672.96
24817.81
24954.59
25000.26
25019.21
25035.99
25037.62
25122.28
25340.41
25466.57
25530.02
25559.32
25702.42
25747.23
25887.74
25889.70
25914.08
25928.10
26154.64
26211.30
26322.70
26341.51
26382.87
26495.29
26531.43
26536.60
26773.96
26783.23
26857.52
26972.26
27018.40
27125.90
27229.41
27245.92
27421.88
27443.25
27567.65
27594.51
27836.51
27982.36
28041.77
28099.47
28165.52
28174.67
28184.42
28281.87
28305.14
28308.20
28390.40
28419.29
28427.91
28469.15
28627.30
28651.78
28703.29
28716.33
28795.98
28824.66
28940.29
28969.42
29013.03
29293.76
29528.29
29605.06
29777.90
29811.42
29880.85
30274.62
30364.18
30517.00
30537.15
31225.43
31594.84
31623.57
31803.03
31884.34
31896.76
32386.05
32508.93
32576.89
32620.27
32839.83
33057.65
33459.60
34319.04
34458.57
36216.61
36539.36
37066.57
37159.73
37528.22
37677.95
39315.48
41426.96
41925.69
43310.30
46526.79
