31.46
32.63
36.63
37.98
40.75
41.54
42.16
42.50
43.23
44.72
44.99
45.01
48.49
49.61
50.35
50.52
50.85
50.96
51.59
52.57
53.18
53.58
54.64
54.68
55.82
56.04
56.21
58.50
58.51
59.01
59.69
59.99
61.58
61.68
62.28
63.19
64.61
64.70
64.77
65.01
65.31
66.53
67.68
67.75
68.13
68.18
68.70
68.74
69.30
69.98
70.90
71.02
71.36
71.44
72.18
72.33
72.46
72.70
72.74
72.77
73.11
73.52
73.54
73.65
73.95
73.99
74.17
74.98
76.56
76.83
76.83
77.14
77.26
77.95
78.43
78.69
79.26
79.68
80.33
80.65
81.00
81.10
81.85
82.06
82.84
82.89
83.13
83.30
84.19
84.20
84.46
84.68
84.82
85.22
85.44
85.58
85.61
85.66
85.77
86.21
86.48
87.16
87.38
87.56
88.35
88.60
89.03
89.40
89.91
90.31
91.59
91.97
92.21
92.28
92.75
93.20
93.21
93.75
93.93
94.56
94.60
95.03
95.20
95.77
95.89
96.28
96.48
96.70
96.74
96.86
96.92
96.92
96.94
98.62
99.21
100.05
100.40
100.91
101.07
101.20
101.23
101.28
101.33
101.41
101.90
101.92
102.08
102.49
102.91
103.14
103.48
103.82
105.36
105.70
106.38
107.00
107.26
107.45
108.00
108.20
108.25
108.27
109.08
109.14
109.23
109.40
109.69
110.11
110.80
111.27
111.91
111.96
112.39
112.41
112.56
112.95
114.07
115.02
115.09
115.21
115.27
115.57
115.65
116.17
116.52
116.67
116.71
116.73
117.13
117.58
117.72
117.74
117.78
117.91
118.29
118.41
118.74
118.92
119.79
120.43
120.73
121.24
121.28
121.29
121.58
122.35
122.62
122.64
122.68
122.68
122.89
123.54
123.72
123.77
124.01
124.90
125.10
125.11
125.99
126.12
126.73
127.10
127.53
127.68
128.33
128.36
128.66
128.72
128.81
129.44
129.68
130.43
130.55
130.56
130.62
131.00
131.91
131.91
132.10
132.14
132.65
132.77
133.10
133.47
133.51
133.57
133.71
134.33
134.46
134.84
134.95
134.98
135.01
135.82
135.89
135.96
136.04
136.28
136.31
136.33
136.37
136.38
136.71
136.79
136.80
137.06
137.33
137.71
137.97
138.16
138.60
139.68
140.01
140.04
140.23
140.27
140.76
140.99
141.39
141.57
141.87
142.13
142.26
142.45
142.77
142.77
142.81
143.01
143.64
143.66
143.70
144.27
144.60
144.65
144.86
144.92
145.00
145.27
145.40
145.90
146.50
146.72
146.90
147.11
147.60
147.70
149.18
149.34
150.07
150.46
151.31
151.34
151.41
151.72
151.89
151.90
152.23
152.39
152.60
152.61
152.65
152.67
152.90
152.95
153.12
153.20
153.21
153.51
153.72
153.82
154.00
154.07
154.35
154.87
155.16
155.19
155.79
155.87
156.03
156.59
156.63
156.79
156.79
156.97
157.16
157.32
157.43
157.55
157.65
157.82
158.50
158.59
158.83
158.98
159.07
159.09
159.83
159.85
160.12
160.39
160.51
160.83
160.93
161.06
161.12
161.34
161.38
161.51
161.56
161.89
162.01
162.07
162.10
162.20
162.54
162.59
162.64
163.25
163.30
163.35
163.35
163.54
163.68
163.76
163.95
164.00
164.12
164.31
164.39
164.46
165.15
165.15
165.25
165.63
165.81
166.44
167.14
167.31
167.37
167.51
167.62
167.64
168.22
168.37
168.87
168.98
169.05
169.13
169.18
169.34
169.65
169.68
169.75
169.81
169.83
169.85
169.92
169.97
170.31
170.35
170.37
170.77
170.86
170.89
171.04
171.32
171.47
171.53
171.65
171.73
172.18
172.75
172.75
172.86
172.93
173.96
174.11
174.20
174.26
174.35
174.57
175.06
175.10
175.44
175.57
175.63
175.69
176.35
176.39
176.80
176.95
177.35
177.49
177.63
177.64
177.78
177.79
177.92
177.93
177.99
178.14
178.51
178.51
178.63
178.86
179.05
179.16
179.29
179.34
179.35
179.35
179.39
179.58
179.63
180.30
180.37
180.82
180.89
181.02
181.04
181.43
181.66
181.70
181.89
181.98
182.17
183.05
183.28
183.46
183.90
183.96
184.09
184.20
184.39
184.77
185.36
185.52
185.60
186.29
186.47
186.64
186.88
186.93
186.98
187.01
187.47
187.58
187.62
187.67
187.76
187.84
188.24
188.82
188.93
189.08
189.32
189.62
189.73
189.76
190.07
190.24
190.32
190.42
190.59
190.66
190.89
190.93
191.06
191.34
191.40
191.42
191.51
191.68
191.75
192.26
192.47
192.55
192.62
192.65
192.67
192.84
192.88
193.01
193.06
193.35
193.40
193.93
194.03
194.03
194.26
194.36
194.51
194.54
194.80
194.82
195.01
195.21
195.30
195.44
195.55
195.76
195.87
196.30
196.38
196.54
196.88
196.91
197.16
197.22
197.32
197.49
197.56
197.79
197.79
197.85
197.91
197.94
198.10
198.16
198.33
198.49
199.00
199.13
199.22
199.27
199.39
199.50
199.78
199.87
199.98
200.30
200.53
200.55
200.71
200.93
201.53
201.80
202.14
202.56
202.80
202.89
202.98
203.30
203.80
203.97
204.18
204.65
204.93
205.11
205.27
205.52
205.61
205.91
206.64
206.91
207.02
207.17
207.19
208.42
208.57
208.88
208.94
208.99
209.07
209.07
209.64
209.82
210.06
210.33
210.36
210.36
210.48
210.65
210.79
210.90
211.43
211.52
212.28
212.36
212.42
212.54
212.56
212.61
212.78
212.79
212.82
213.42
213.49
213.52
213.69
213.70
213.94
213.95
213.97
214.00
214.10
214.14
214.18
214.48
214.50
214.85
214.94
215.01
215.23
215.23
215.29
215.43
215.57
216.03
216.14
216.18
216.69
216.81
217.10
217.17
217.55
217.96
218.31
218.51
218.57
218.59
218.75
218.76
219.01
219.15
219.15
219.46
219.73
219.83
219.87
219.95
220.40
220.47
220.51
220.71
220.79
220.99
221.14
221.34
221.38
221.54
221.78
221.97
222.18
222.28
222.55
223.14
223.44
223.54
223.55
223.58
223.60
223.66
223.66
223.67
223.68
224.02
224.23
224.37
224.44
224.49
224.61
224.82
224.83
224.94
225.32
225.48
225.54
225.68
225.73
226.07
226.14
227.03
227.04
227.40
227.70
227.72
227.92
227.95
227.96
227.98
228.04
228.13
228.40
228.51
228.79
228.85
229.09
229.18
229.29
229.30
229.50
230.14
230.22
230.29
230.29
230.61
230.63
230.79
230.93
231.69
231.70
232.12
232.33
232.47
232.57
233.01
233.05
233.19
233.47
233.69
233.78
233.82
234.04
234.41
234.43
234.46
234.54
235.07
235.17
235.53
235.87
235.94
236.23
236.26
236.73
236.97
237.06
237.28
237.80
237.81
238.32
238.45
238.76
238.97
239.19
239.36
239.56
239.63
239.82
239.83
239.96
240.24
240.28
240.40
240.60
240.68
240.73
240.92
241.04
241.14
241.23
241.47
241.59
241.80
241.89
242.05
242.10
242.44
242.53
242.54
242.99
243.12
243.26
243.34
243.42
243.50
243.62
243.70
243.90
244.15
244.32
244.61
244.65
244.72
244.82
244.90
245.37
245.42
245.45
245.66
245.85
246.00
246.04
246.40
246.45
246.48
246.55
246.56
246.69
246.69
246.89
246.92
247.04
247.05
247.22
247.31
247.59
247.84
248.07
248.09
248.43
248.60
248.92
249.05
249.32
249.51
249.55
249.62
249.81
249.93
249.98
250.25
250.28
250.81
250.84
251.00
251.24
251.92
251.92
252.41
252.71
252.75
252.81
252.90
253.02
253.19
253.22
253.39
253.39
253.72
254.06
254.14
254.23
254.43
254.52
254.53
254.67
254.96
254.98
255.14
255.17
255.41
255.97
256.00
256.39
256.41
256.41
256.84
256.92
256.96
257.28
257.35
257.49
257.63
257.79
257.87
258.00
258.05
258.05
258.10
258.86
259.17
259.37
259.58
259.65
259.75
260.00
260.33
260.55
261.34
261.45
261.54
261.58
261.66
261.66
261.86
261.97
262.46
262.46
262.62
262.68
262.75
263.28
263.53
264.07
264.81
265.02
265.08
265.11
265.39
265.47
265.61
265.67
265.73
265.88
265.93
266.09
266.11
266.41
266.67
266.67
266.73
266.90
266.96
267.11
267.31
268.06
268.17
268.20
268.32
268.33
268.75
268.89
268.92
268.94
269.03
269.08
269.08
269.11
269.13
269.19
269.26
269.62
269.71
269.80
269.80
269.87
270.04
270.06
270.07
270.07
270.40
270.54
270.58
270.67
271.16
271.35
271.37
271.37
271.43
271.57
271.64
271.67
272.19
272.33
272.50
273.53
273.57
273.74
273.84
274.00
274.07
274.26
274.66
274.85
275.23
275.46
275.69
275.81
275.94
276.09
276.17
276.95
277.12
277.25
277.35
277.40
277.72
277.83
277.92
278.11
278.17
278.21
279.16
279.60
279.64
279.69
279.91
280.01
280.07
280.10
280.28
280.37
280.69
280.72
280.89
281.29
281.56
281.78
281.80
281.86
281.93
282.07
282.18
282.78
282.91
282.95
283.37
283.46
284.13
284.57
284.67
285.23
285.37
285.43
285.64
285.79
285.81
285.89
286.08
286.26
286.38
286.41
286.63
286.69
286.69
286.91
287.02
287.27
287.27
287.38
288.06
288.16
288.21
288.44
288.49
288.98
289.09
289.10
289.24
289.41
290.08
290.18
290.70
291.12
291.41
291.57
292.13
292.30
292.44
292.62
292.80
292.81
292.89
293.33
293.68
293.82
293.87
294.12
294.21
294.24
294.35
294.45
294.63
294.64
294.91
295.36
295.40
295.44
295.47
295.59
295.76
296.05
296.34
296.39
296.67
296.70
296.74
296.91
297.11
297.50
297.65
297.66
298.32
298.62
298.74
299.10
299.15
299.26
299.41
299.42
299.58
299.62
299.68
299.70
299.72
299.80
299.89
300.11
300.30
300.52
300.54
300.75
301.01
301.30
301.40
301.60
301.61
301.91
301.93
302.00
302.20
302.29
302.35
302.39
302.72
302.74
302.91
303.13
303.25
303.72
303.93
303.97
304.21
304.21
304.41
304.52
304.87
304.96
305.07
305.15
305.17
305.26
305.38
305.47
306.07
306.20
306.54
306.72
306.75
308.02
308.27
308.34
308.53
308.80
308.89
309.16
309.48
309.59
309.59
309.61
309.67
309.72
309.77
310.12
310.20
310.22
310.23
310.36
310.64
310.79
310.84
310.85
310.90
310.98
311.12
311.13
311.21
311.24
311.40
311.49
311.57
311.71
311.82
312.12
312.33
312.39
312.42
313.13
313.18
313.48
313.49
313.70
313.79
314.01
314.60
314.70
314.81
314.89
314.90
315.60
315.78
316.19
316.26
316.29
316.40
316.41
316.45
316.48
316.64
316.66
316.69
317.16
317.23
317.34
317.34
317.35
317.98
318.02
318.04
318.12
318.29
318.35
318.76
318.90
318.93
319.01
319.09
319.12
319.21
319.23
319.36
319.66
319.74
320.15
321.02
321.11
321.27
321.42
321.45
321.67
321.71
321.76
321.85
322.05
322.35
322.63
322.65
322.68
322.92
323.17
323.67
323.74
324.48
324.63
324.65
324.71
324.78
324.84
324.89
324.90
325.07
325.15
325.29
325.44
325.48
325.57
325.91
325.99
326.09
326.15
326.42
326.53
326.63
326.64
326.64
326.93
326.96
327.30
327.67
327.71
327.82
327.95
327.98
328.08
328.26
328.28
328.47
328.62
328.81
328.83
329.06
329.32
329.55
329.77
330.17
330.42
330.57
330.77
331.02
331.18
331.35
331.35
331.55
331.56
331.61
331.73
331.84
331.85
331.86
332.20
332.31
332.40
332.42
332.48
332.56
332.69
332.86
333.19
333.74
334.06
334.09
334.23
334.33
334.33
334.55
334.73
334.96
335.17
335.36
335.36
335.37
335.41
335.43
335.60
335.78
335.91
336.00
336.14
336.35
336.97
336.99
337.03
337.62
337.68
337.87
337.90
337.91
337.96
338.16
338.44
338.58
338.75
338.79
338.85
338.96
339.11
339.40
339.41
339.44
339.82
339.83
340.15
340.20
340.29
340.62
340.80
341.13
341.38
341.44
341.45
341.47
341.63
341.85
342.11
342.30
342.39
342.54
343.15
343.50
343.94
343.95
344.17
344.38
344.59
344.61
344.72
345.21
345.22
345.31
345.40
345.47
345.86
346.09
346.22
346.24
346.29
346.30
346.59
346.63
346.75
346.85
347.01
347.05
347.22
347.39
347.55
347.57
347.72
347.90
348.20
348.21
348.30
348.73
348.79
348.83
348.93
348.95
348.96
349.00
349.12
349.27
349.29
349.54
349.75
349.79
349.81
349.95
350.29
350.37
350.59
350.75
350.87
350.90
350.99
351.17
351.35
351.47
351.58
351.67
351.68
352.09
352.30
352.31
352.38
352.60
352.71
352.72
352.77
353.20
353.30
353.36
353.42
353.82
353.93
354.07
354.26
354.36
354.43
354.78
354.86
355.02
355.06
355.12
355.31
355.36
355.49
355.60
355.84
355.88
356.51
356.73
356.84
356.96
356.99
357.20
357.30
357.49
357.76
357.79
357.91
358.10
358.38
358.62
358.94
358.97
359.05
359.12
359.27
359.38
359.74
359.99
360.19
360.25
360.49
360.52
360.56
360.59
361.04
361.57
361.62
361.64
362.41
363.19
363.31
363.57
363.60
363.97
364.11
364.28
365.01
365.03
365.13
365.15
365.26
365.43
365.59
365.71
365.78
365.89
365.89
366.02
366.16
366.40
366.50
366.66
366.78
366.78
366.83
366.87
367.16
367.65
367.67
367.86
367.86
368.05
368.09
368.29
368.31
368.51
369.09
369.29
369.32
369.48
370.02
370.11
370.18
370.18
370.28
370.32
370.41
370.49
370.55
370.86
370.92
370.96
371.00
371.05
371.20
371.37
371.50
371.61
371.61
371.63
371.85
371.99
372.11
372.21
372.34
372.36
372.49
372.72
372.73
372.87
372.87
372.94
373.34
373.36
373.55
373.88
374.03
374.12
374.23
374.37
374.42
374.52
374.64
374.87
375.07
375.15
375.88
375.93
375.95
376.16
376.22
376.31
376.39
376.46
376.75
376.89
377.00
377.03
377.04
377.11
377.26
377.34
377.44
377.49
377.55
378.25
378.47
378.91
378.98
379.34
379.51
379.53
379.90
380.04
380.31
380.55
380.62
380.64
380.85
380.95
380.98
381.02
381.27
381.32
381.58
381.64
381.72
381.80
382.08
382.09
382.33
382.50
382.58
382.83
382.87
383.34
383.52
383.76
383.84
384.27
384.80
384.88
385.03
385.59
385.61
385.98
386.04
386.26
386.26
386.34
386.53
386.65
386.79
387.79
387.87
387.92
387.99
388.03
388.19
388.35
388.45
388.64
388.86
389.01
389.32
389.58
389.66
389.77
389.81
390.03
390.31
390.54
390.58
390.68
390.73
391.04
391.07
391.07
391.26
391.39
391.45
391.98
392.06
392.09
392.31
392.39
392.47
392.79
393.07
393.74
394.12
394.15
394.22
394.53
394.94
395.00
395.07
395.22
395.42
395.63
395.64
395.79
395.80
395.80
395.99
396.11
396.16
396.24
396.28
396.43
396.96
397.11
397.23
397.32
397.43
397.49
397.54
397.56
397.66
397.87
398.26
398.29
398.47
398.72
398.85
398.89
399.11
399.25
399.56
399.78
399.86
399.95
400.27
400.42
400.82
401.00
401.04
401.31
401.73
401.77
401.85
401.86
402.06
402.08
402.61
402.99
403.50
403.59
403.68
403.76
403.77
403.82
403.90
403.92
404.09
404.20
404.23
404.27
404.43
404.49
404.71
404.85
405.03
405.13
405.19
405.78
405.82
405.85
406.03
406.19
406.42
406.43
406.54
406.55
406.66
406.69
406.76
406.78
406.78
406.85
406.88
407.20
407.67
407.80
407.95
407.99
408.05
408.21
408.28
408.52
408.65
408.73
409.12
409.63
409.88
409.89
409.89
410.27
410.46
410.83
411.04
411.22
411.34
411.41
411.59
411.67
411.73
411.80
411.94
411.96
412.57
412.58
412.60
412.80
412.91
412.92
413.41
413.70
413.73
414.23
414.30
414.38
414.58
414.70
415.11
415.28
415.36
415.48
415.54
415.86
416.08
416.19
416.35
416.52
416.67
416.92
416.93
417.23
417.59
417.65
417.66
417.68
417.90
417.98
418.04
418.12
418.24
418.40
418.79
418.82
419.02
419.10
419.27
419.58
419.67
420.02
420.20
420.52
420.52
420.73
420.76
421.08
421.14
421.20
421.50
421.53
421.59
421.60
421.84
421.91
421.94
421.97
422.03
422.04
422.13
422.15
422.18
422.48
422.49
422.81
422.97
422.98
423.06
424.36
424.64
424.77
425.00
425.86
426.48
426.72
426.75
426.82
426.91
427.18
427.26
427.62
427.91
428.04
428.07
428.28
428.67
428.93
429.00
429.10
429.24
429.37
429.39
429.59
429.69
429.70
429.72
429.73
429.99
430.11
430.45
430.74
430.74
430.80
431.07
431.12
431.18
431.22
431.27
431.31
431.51
431.54
431.54
431.57
432.58
432.76
432.96
433.30
433.66
433.93
433.97
434.00
434.19
434.31
434.46
434.47
434.54
434.72
434.86
435.24
435.53
435.58
435.97
436.23
436.46
436.56
437.55
437.73
437.81
437.94
438.00
438.05
438.09
438.12
438.24
438.27
438.41
438.48
438.51
438.57
438.74
438.86
439.08
439.11
439.17
439.31
439.60
439.65
439.67
439.77
439.87
439.87
439.90
440.01
440.22
440.68
440.79
441.22
441.48
441.49
441.79
441.79
441.87
441.94
442.08
442.54
443.04
443.21
443.31
443.79
443.95
444.20
444.53
444.61
444.76
444.83
444.92
445.12
445.48
445.61
445.65
445.78
446.02
446.19
446.63
446.68
446.93
447.02
447.14
447.36
447.46
447.66
447.96
448.00
448.11
448.16
448.40
449.09
449.40
449.42
449.65
449.70
450.04
450.09
450.27
450.44
450.73
450.77
450.94
451.16
451.40
451.40
451.48
451.52
451.59
452.01
452.13
452.22
452.24
452.44
452.58
452.58
452.77
452.78
452.93
453.08
453.12
453.36
453.38
453.47
453.82
454.01
454.18
454.35
454.36
454.39
454.42
454.45
454.57
454.75
454.82
455.32
455.35
455.42
455.53
455.65
456.06
456.92
457.08
457.21
457.81
457.85
458.08
458.26
458.35
458.80
459.00
459.29
459.47
459.78
459.94
459.95
460.40
460.73
460.74
460.77
460.89
461.00
461.01
461.18
461.28
461.33
461.52
462.33
462.35
462.42
462.50
462.63
463.45
463.46
463.52
463.62
464.19
464.27
464.62
464.90
464.91
465.64
465.70
465.84
466.01
466.23
466.39
466.41
466.70
466.98
467.01
467.13
467.19
467.25
467.54
467.55
467.78
468.25
468.42
468.72
468.81
468.98
469.05
469.14
469.17
469.61
469.93
470.06
470.09
470.26
470.91
470.93
471.04
471.25
471.47
471.49
471.63
471.66
471.96
472.12
472.64
472.64
472.71
472.85
473.09
473.72
474.03
474.06
474.08
474.41
474.60
474.76
474.83
474.89
475.05
475.15
475.27
475.28
475.35
475.38
475.54
475.61
475.84
475.88
475.98
476.10
476.12
476.15
476.34
476.52
476.71
476.72
476.89
477.22
477.38
477.42
477.48
477.99
478.09
478.14
478.29
478.68
478.69
478.92
478.96
479.26
479.47
479.68
480.02
480.05
480.10
480.21
480.46
480.54
480.58
481.06
481.35
481.51
481.57
481.62
482.16
482.54
482.58
482.77
482.94
483.05
483.19
483.24
483.60
483.81
483.90
483.93
484.05
484.22
484.82
484.94
485.33
485.50
485.97
486.32
486.46
486.97
487.07
487.41
487.75
487.93
488.02
488.06
488.41
488.54
488.71
488.80
489.58
489.74
489.84
490.09
490.34
490.35
490.69
490.80
490.87
490.91
491.07
491.18
491.50
491.83
491.85
492.55
492.75
493.09
493.13
493.34
493.64
493.72
493.75
493.90
494.04
494.22
494.22
494.27
494.29
494.70
494.87
494.97
495.03
495.19
495.28
495.34
495.44
495.84
495.91
496.18
496.28
496.39
496.48
496.55
496.55
496.67
496.90
497.07
497.22
497.27
497.44
497.58
497.78
497.80
498.26
498.45
498.59
498.70
498.73
498.81
499.10
499.17
499.35
499.97
500.01
500.18
500.47
500.53
500.79
500.94
501.12
501.32
501.33
501.48
501.59
501.74
501.78
502.22
502.50
502.77
502.88
503.26
503.43
503.49
503.57
503.71
503.76
503.93
504.17
504.46
504.68
505.22
505.58
505.65
505.68
505.71
505.85
506.46
506.67
506.81
506.95
507.01
507.26
507.75
508.19
508.23
508.78
509.14
509.16
509.27
509.72
509.83
510.08
510.33
510.61
510.63
510.87
510.89
510.92
511.00
511.34
512.00
512.26
512.50
512.58
512.64
512.68
512.87
513.20
513.42
513.65
513.68
513.79
514.13
514.28
514.42
514.43
514.47
514.64
514.88
515.12
515.18
515.36
515.38
515.49
516.02
516.27
516.75
516.88
517.39
517.92
517.99
518.19
518.36
518.67
518.68
518.73
518.74
518.87
519.00
520.44
520.63
521.18
521.47
522.01
522.32
522.46
522.59
522.73
522.92
522.96
523.39
524.11
524.23
524.33
525.45
525.53
525.61
525.66
526.07
526.13
526.13
526.30
526.35
526.36
526.61
526.73
526.96
527.27
527.41
527.71
528.26
528.52
528.78
529.02
529.05
529.21
529.40
529.55
529.59
529.61
529.70
530.50
530.53
530.63
530.84
530.86
531.15
531.25
531.60
531.83
531.96
532.04
532.05
532.19
532.50
532.51
533.20
533.21
533.23
533.36
533.62
533.75
534.07
534.13
534.24
534.32
534.35
534.57
534.62
534.69
535.00
535.00
535.05
535.12
535.20
535.46
535.60
535.62
535.63
535.82
535.86
536.47
536.77
536.77
536.79
537.99
538.01
538.04
538.59
538.70
538.83
538.94
538.96
539.03
539.98
540.12
540.76
540.87
540.91
541.03
541.04
541.43
541.77
541.92
542.12
542.16
542.47
542.92
542.95
543.02
543.37
543.45
543.89
543.94
544.03
544.11
544.31
544.32
544.37
544.45
544.94
545.00
545.10
545.40
545.42
545.54
545.57
545.62
545.83
545.92
546.30
546.34
546.41
546.56
546.56
546.70
547.97
548.05
548.09
548.34
548.39
548.57
548.69
548.70
548.85
548.88
549.00
549.01
549.05
549.25
549.36
549.62
549.66
549.90
550.06
550.17
550.37
550.50
550.59
550.60
550.76
550.79
550.92
551.29
551.48
551.67
551.71
551.92
552.11
552.12
552.35
552.48
552.49
552.63
552.63
552.64
552.82
552.85
552.88
553.28
553.45
553.52
553.59
553.67
553.76
553.82
553.92
554.03
554.36
554.61
554.69
554.92
556.24
556.38
556.39
556.48
556.50
556.76
557.26
557.48
557.64
557.86
557.94
558.33
558.67
558.85
559.18
559.32
559.33
559.63
559.77
561.00
561.69
561.70
561.70
561.74
561.94
562.02
562.23
562.40
562.70
563.10
563.14
563.29
563.60
563.65
563.83
564.07
564.28
564.42
564.97
565.05
565.22
565.30
565.31
565.39
565.44
565.82
566.66
566.66
566.74
567.15
567.40
567.46
567.55
567.64
567.87
568.27
568.33
568.55
568.77
568.77
569.04
569.07
569.19
569.25
569.32
569.38
569.46
570.22
570.24
570.24
570.32
570.75
570.98
570.99
571.01
571.06
571.30
571.35
571.49
571.51
571.75
572.23
572.73
572.76
572.77
572.82
572.83
572.93
573.02
573.27
573.28
573.48
573.59
573.69
573.97
574.27
574.60
574.63
574.71
575.10
575.11
575.74
575.76
575.95
576.30
576.48
576.50
576.51
576.76
576.93
577.16
577.27
577.46
578.09
578.21
578.26
578.43
579.16
579.17
579.22
579.44
579.67
579.82
580.11
580.82
581.07
581.27
581.42
581.44
581.55
581.73
582.02
582.07
582.37
582.42
582.45
582.65
582.81
582.92
583.02
583.02
583.25
583.28
583.64
583.87
583.91
584.21
584.31
584.31
584.39
584.40
584.53
584.60
584.62
584.74
584.74
586.14
586.74
586.89
587.03
587.09
587.50
587.69
588.07
588.80
589.27
589.46
589.60
589.64
589.74
589.88
589.94
590.08
590.22
590.33
590.46
590.50
590.55
590.67
590.84
590.95
591.28
591.51
591.86
591.94
591.94
592.15
592.43
592.80
592.95
593.04
593.07
593.29
593.60
593.60
593.64
594.02
594.07
594.15
594.93
594.96
595.00
595.08
596.02
596.11
596.14
596.22
596.31
596.35
596.65
596.86
596.86
596.93
597.37
598.12
598.17
598.25
598.34
598.49
598.49
598.75
599.05
599.08
599.19
599.57
600.24
600.52
600.67
601.03
601.08
601.39
601.56
601.67
601.81
601.94
601.94
602.02
602.05
602.22
602.56
602.68
602.87
602.88
602.95
603.01
603.06
603.73
603.75
604.19
604.28
604.29
604.55
604.87
604.87
604.94
605.53
605.82
606.06
606.21
607.05
607.21
607.57
607.76
607.96
608.01
608.37
608.40
608.52
608.77
608.80
608.89
608.92
608.94
609.19
609.21
609.24
609.48
609.84
609.97
609.97
610.01
610.20
610.24
610.33
610.65
610.92
611.04
611.10
611.15
611.52
612.03
612.15
612.80
613.14
613.47
613.47
613.53
613.59
613.88
613.92
613.92
613.96
613.98
614.22
614.48
615.09
615.30
615.41
615.49
615.57
615.75
615.75
615.80
616.17
616.22
616.31
616.35
616.42
616.79
617.34
617.36
617.36
617.73
617.74
617.80
617.92
618.14
618.36
618.51
618.57
618.61
619.14
619.37
619.50
620.10
620.25
620.29
620.70
621.38
621.42
621.46
621.87
622.08
622.11
622.63
622.71
622.83
623.16
623.38
623.43
623.65
623.96
624.09
624.24
624.42
624.50
624.54
624.85
625.01
625.29
626.46
626.87
626.95
626.99
627.05
627.40
627.65
628.00
628.20
628.51
629.22
629.27
629.65
630.22
630.23
630.24
630.35
630.63
631.05
631.10
631.24
631.79
631.85
632.27
632.30
632.38
632.53
632.61
632.71
632.77
633.48
633.53
633.62
633.62
633.94
633.99
634.04
634.18
634.41
634.78
635.04
635.04
635.14
635.50
636.13
636.14
636.23
636.56
636.89
636.90
637.10
637.10
637.38
637.74
637.78
638.00
638.48
638.54
638.75
639.06
639.14
639.67
639.71
640.01
640.35
641.15
641.20
641.20
641.42
641.50
641.59
641.61
641.74
641.85
642.02
642.85
643.01
643.52
643.61
643.63
643.73
643.79
643.93
643.96
644.14
644.17
644.28
644.66
644.70
644.78
645.10
645.37
645.53
646.03
646.22
646.22
646.65
646.67
646.93
647.12
647.18
647.32
647.32
647.41
647.73
647.81
648.00
648.30
648.52
648.75
648.86
648.94
649.20
649.41
649.72
649.74
650.20
650.44
650.69
650.78
651.29
651.35
651.39
651.46
651.60
652.29
652.70
652.77
653.04
653.87
654.20
654.39
654.43
655.07
655.18
655.24
655.53
655.57
655.61
655.61
655.87
656.14
656.41
656.71
656.81
657.19
657.26
657.37
657.66
658.21
658.35
658.36
658.40
658.41
658.44
658.81
659.53
659.61
659.68
659.99
660.28
660.41
660.59
660.72
660.78
661.26
661.43
661.49
661.52
661.77
661.81
661.87
662.06
662.22
662.69
662.92
663.32
663.47
663.51
663.79
663.87
663.91
664.03
664.58
664.83
665.06
665.33
665.68
666.32
666.41
666.46
666.66
667.68
667.93
667.97
667.99
668.02
668.45
668.65
668.83
668.93
669.01
669.22
669.53
670.41
670.97
671.35
671.50
671.52
671.58
671.94
672.03
672.03
672.58
672.77
672.83
672.90
673.22
673.90
674.35
674.35
674.59
674.81
675.08
675.16
675.17
675.27
675.78
676.01
676.09
676.14
676.14
676.25
676.81
676.85
676.90
677.04
677.18
677.29
677.76
677.97
678.11
678.20
678.41
678.45
678.47
678.48
678.65
678.72
678.78
679.39
679.49
679.71
679.93
680.33
680.44
680.47
680.84
680.90
681.24
681.42
682.16
682.17
682.29
682.35
683.51
683.60
683.76
684.22
684.54
685.35
685.41
685.43
685.54
686.10
686.19
686.69
687.50
687.59
687.81
687.90
687.94
688.38
688.42
688.97
688.98
689.33
689.67
689.73
689.75
689.89
691.36
691.57
691.63
692.06
692.85
692.97
693.31
693.73
693.93
694.75
694.86
695.05
695.16
695.22
695.58
696.29
696.39
696.41
696.44
696.96
697.63
697.85
698.27
698.34
698.43
698.44
698.56
698.61
698.64
698.74
698.98
699.56
699.56
700.06
700.12
700.78
701.01
701.57
701.78
701.85
701.99
702.22
702.48
702.87
702.94
703.56
703.68
704.16
704.20
704.41
704.49
704.53
704.77
704.86
705.00
705.39
705.55
706.03
706.05
706.21
706.71
706.90
707.19
707.23
707.51
707.68
708.32
708.47
708.77
709.20
709.24
709.36
709.44
709.70
709.86
710.43
710.87
711.36
711.76
711.92
712.10
712.34
712.35
712.36
712.46
712.46
712.52
712.57
712.65
712.77
713.08
713.10
713.67
713.88
713.98
714.09
714.14
714.15
714.39
714.58
714.73
714.80
714.83
715.06
715.11
715.60
715.94
715.95
716.04
716.47
717.38
717.49
717.63
717.63
717.83
718.25
718.52
718.91
718.97
719.11
719.37
719.65
719.66
719.71
719.78
719.83
720.29
720.99
721.70
721.77
721.85
722.10
722.21
722.65
722.77
723.02
723.05
723.14
723.25
723.40
723.41
723.59
723.91
724.15
724.33
724.33
724.42
724.49
724.52
724.76
725.21
725.31
725.49
725.78
725.78
726.34
726.37
726.83
726.85
726.91
727.15
727.18
727.48
727.50
727.53
727.76
727.88
728.02
728.11
728.13
728.82
729.24
729.41
729.49
729.52
729.67
729.68
730.09
730.11
730.15
730.24
730.36
731.07
731.49
731.52
732.39
732.48
732.65
732.68
732.95
733.03
733.10
733.18
733.20
733.36
733.56
733.59
733.69
733.82
734.21
734.48
735.16
735.69
735.92
736.27
736.31
736.45
736.49
736.70
736.82
737.03
737.64
737.77
738.02
738.40
738.40
738.74
738.75
738.91
739.00
739.03
739.16
739.43
739.91
740.49
740.84
740.87
741.16
741.22
741.43
741.44
742.18
742.30
742.67
743.24
743.26
744.11
744.98
745.02
745.07
745.10
745.27
745.30
745.35
745.55
745.65
745.85
746.06
746.67
746.95
747.94
748.31
748.70
748.90
749.11
749.31
749.98
749.98
750.00
750.09
750.18
750.47
750.68
750.78
750.83
750.97
751.13
751.16
751.66
751.89
751.99
752.28
752.62
752.75
753.04
753.45
753.69
754.29
754.43
754.55
755.43
755.50
755.59
755.86
756.01
756.09
756.49
756.49
756.62
756.74
756.95
757.80
758.17
758.21
758.22
758.25
758.35
758.39
758.44
758.49
758.74
758.96
759.14
759.22
759.23
759.57
759.60
759.73
759.77
759.85
759.87
759.97
760.02
760.09
760.11
760.21
760.42
760.44
760.45
760.64
760.65
761.26
761.26
761.30
761.39
761.50
761.54
762.25
762.64
763.01
763.59
763.62
763.62
763.64
763.81
763.88
764.33
764.41
764.48
764.85
764.87
765.08
765.52
765.77
765.90
766.46
767.46
767.51
768.18
768.22
768.47
768.79
768.96
769.05
769.08
769.39
769.48
769.65
770.02
770.08
770.08
770.13
770.74
771.03
771.05
771.25
771.56
771.88
772.10
772.48
773.22
773.24
773.32
773.53
773.59
773.69
773.94
774.20
774.35
774.43
774.46
774.47
774.61
774.65
774.70
775.06
775.35
775.75
775.92
776.23
776.45
776.57
777.18
777.74
778.04
778.24
778.66
778.74
779.20
779.80
780.02
780.31
780.70
780.82
780.93
781.14
781.62
781.69
781.95
781.98
782.05
782.26
782.28
782.44
782.48
782.57
783.21
784.04
784.09
784.15
784.26
784.59
784.77
785.04
785.06
785.09
785.55
785.88
786.31
786.46
786.94
787.42
787.44
787.70
787.91
788.12
788.29
788.59
788.88
788.90
788.94
789.09
789.12
789.13
789.64
789.81
790.09
790.51
790.57
791.12
791.60
791.80
791.91
792.25
792.91
793.16
793.35
793.50
794.01
794.08
794.30
794.36
794.39
795.09
795.18
795.22
795.38
795.42
795.62
795.64
795.70
796.04
796.39
796.58
796.62
797.12
797.20
798.13
798.17
798.32
798.88
798.95
799.50
799.61
799.75
799.75
800.41
801.58
802.11
802.13
803.60
803.69
803.73
803.92
804.22
804.87
805.18
805.25
805.32
805.32
805.71
806.40
806.42
806.67
806.82
807.28
807.31
807.59
807.65
807.90
808.45
808.96
809.11
809.27
809.31
809.60
810.33
810.47
811.02
811.43
812.42
812.49
812.73
812.93
813.19
813.32
813.38
813.78
813.81
814.02
814.37
814.40
814.52
815.08
815.11
815.35
816.11
816.22
816.48
816.69
816.75
816.82
817.61
817.72
817.73
818.39
818.80
819.06
819.46
819.72
819.72
819.92
820.12
820.25
820.82
820.88
821.01
821.14
822.31
823.24
823.25
823.54
823.58
823.71
823.97
824.02
824.82
824.87
825.53
825.65
825.86
826.47
826.53
826.62
826.79
827.49
827.78
827.84
828.55
828.86
829.34
830.14
830.68
830.79
831.38
831.39
831.95
832.22
832.57
832.86
833.17
833.31
834.05
834.05
834.54
834.89
835.06
835.17
835.27
835.35
835.36
835.39
835.55
835.56
835.78
835.81
836.85
837.43
837.82
839.23
839.41
839.82
839.83
839.92
839.94
840.06
840.18
840.79
841.00
841.11
841.19
841.25
841.32
841.73
842.04
842.06
842.44
842.95
842.96
843.06
843.07
843.10
843.77
843.78
844.10
844.78
845.10
845.16
845.28
845.33
845.75
845.95
846.67
847.03
847.11
847.25
847.64
847.82
847.92
848.41
848.44
848.97
849.32
849.49
849.79
849.93
850.18
850.26
850.70
850.79
850.84
850.91
851.18
851.26
851.37
851.55
851.88
851.96
852.09
852.27
852.36
852.41
852.50
852.90
853.56
853.65
853.81
853.92
854.13
854.53
854.55
855.21
855.47
855.52
855.58
855.77
855.82
856.12
856.50
856.52
856.64
856.65
856.77
857.04
857.17
857.22
857.35
857.36
858.14
858.28
858.50
858.73
858.79
858.82
858.85
858.98
859.01
859.08
859.38
859.53
860.17
860.57
860.65
860.80
861.14
861.39
861.42
861.46
861.62
861.84
862.36
862.73
863.18
863.36
863.44
863.45
863.73
863.78
863.90
864.06
864.42
864.62
865.36
865.72
865.94
866.22
866.31
866.31
867.19
867.23
867.48
867.60
867.71
867.80
867.95
868.03
868.05
868.92
869.13
869.30
869.33
869.66
870.17
870.17
870.34
870.53
870.81
870.94
871.28
871.64
871.89
872.10
872.40
872.51
872.57
872.61
872.62
872.71
872.79
872.84
873.76
874.18
874.19
874.25
874.35
874.49
874.74
874.80
874.99
875.21
875.41
875.58
875.71
875.98
876.01
876.34
876.77
876.88
877.58
877.92
878.00
878.09
878.13
878.58
878.92
878.98
879.35
879.46
879.49
879.65
879.86
879.95
880.12
880.67
880.69
880.71
881.01
881.29
881.65
882.49
882.55
882.74
882.90
882.92
883.34
883.52
883.56
883.57
884.01
884.26
884.36
884.48
884.51
884.52
884.67
884.94
885.12
885.52
885.79
886.06
886.11
886.98
887.17
887.26
887.55
887.78
887.89
888.75
889.07
889.31
890.38
890.69
891.78
891.83
891.92
892.06
892.11
892.19
892.24
892.83
893.22
893.42
894.18
894.37
894.44
895.01
895.18
895.19
895.20
895.66
896.36
897.33
897.66
897.71
897.76
898.38
898.38
898.54
898.58
898.75
899.08
899.38
899.65
899.73
900.02
900.51
900.62
901.27
901.83
902.43
902.90
902.97
903.86
903.97
904.47
904.52
904.72
904.90
904.95
905.70
905.98
906.28
906.56
906.69
906.88
907.16
907.24
907.39
907.76
907.86
908.00
908.43
908.85
909.25
909.38
909.50
909.57
909.67
909.67
909.83
910.50
911.25
911.49
911.53
912.33
912.40
912.50
912.64
912.81
912.93
913.37
913.44
913.61
914.13
914.31
914.31
914.43
914.49
914.57
914.88
914.93
914.95
915.03
915.29
915.61
915.82
915.90
916.04
916.14
916.23
916.98
917.29
917.39
917.85
918.12
918.17
918.28
918.32
918.58
918.89
919.09
919.33
919.34
919.78
920.56
920.90
921.43
921.84
922.34
922.50
922.67
923.19
923.85
924.10
924.28
924.72
924.96
925.10
925.45
925.51
925.66
925.79
925.92
926.37
926.37
926.55
926.58
926.60
926.86
927.20
927.22
927.34
927.35
927.38
927.81
927.84
927.84
928.09
928.21
928.75
928.76
929.21
929.34
929.45
929.82
929.83
930.37
930.47
930.61
930.69
931.46
931.83
931.86
932.20
932.29
932.45
932.91
932.98
933.32
934.19
935.21
935.52
935.55
935.88
936.73
937.16
937.21
937.26
937.29
937.31
937.37
938.18
938.24
938.27
938.55
938.59
939.67
940.48
940.99
941.52
941.66
941.88
941.95
942.38
942.53
942.57
943.12
943.72
943.98
944.61
945.05
945.12
945.43
945.56
945.62
945.76
945.97
946.02
946.03
946.34
946.34
946.44
946.45
946.50
946.83
946.92
947.31
947.53
948.47
949.36
949.48
949.50
949.53
949.63
950.23
950.32
950.69
950.71
951.09
951.27
951.70
951.79
951.91
952.28
954.75
954.96
955.36
955.73
956.62
957.11
957.16
957.54
959.27
959.47
959.89
960.33
960.62
961.40
961.59
961.94
962.42
962.58
962.71
963.00
963.04
963.18
963.22
963.69
963.81
963.82
964.11
964.51
965.02
965.03
965.04
965.34
965.54
965.71
966.14
966.15
967.16
967.59
968.10
968.38
968.44
968.57
968.72
969.31
969.83
970.22
970.29
970.29
970.38
970.48
970.68
971.81
972.36
972.55
973.02
973.33
973.78
974.35
974.59
974.77
975.86
976.17
976.52
976.60
976.83
976.89
976.96
977.23
977.58
977.72
977.85
978.10
978.12
978.33
978.47
978.56
978.58
979.05
979.08
979.30
979.43
980.43
980.60
981.56
982.24
983.21
983.41
983.53
983.63
983.69
983.89
983.96
984.20
984.36
985.45
985.56
985.92
986.07
986.58
986.62
986.69
987.34
987.60
988.28
988.40
989.17
989.27
990.38
990.46
990.53
990.72
991.22
991.23
991.27
992.08
992.24
992.30
992.36
993.64
993.66
993.77
995.80
996.34
996.58
997.27
997.40
998.69
999.35
999.72
1000.02
1000.28
1000.35
1001.20
1001.40
1001.54
1002.22
1002.27
1002.30
1002.32
1002.41
1002.44
1002.70
1002.81
1003.26
1003.73
1003.84
1004.11
1004.25
1004.45
1004.72
1004.76
1004.87
1005.05
1005.20
1005.36
1005.47
1006.22
1006.48
1006.77
1007.57
1008.02
1008.08
1008.16
1008.70
1009.14
1009.15
1009.93
1009.94
1010.55
1010.73
1010.95
1011.42
1011.69
1011.98
1012.08
1012.36
1012.41
1013.76
1013.82
1013.83
1014.39
1014.58
1015.00
1015.14
1015.42
1015.46
1015.69
1016.32
1017.04
1017.66
1018.64
1018.87
1019.42
1019.55
1019.62
1020.25
1020.75
1021.12
1021.75
1022.42
1023.73
1023.76
1024.01
1024.11
1024.24
1024.71
1024.97
1025.19
1025.46
1025.64
1026.00
1026.25
1026.80
1026.93
1027.29
1027.79
1027.84
1028.58
1028.66
1029.51
1030.13
1030.47
1030.53
1031.43
1031.45
1031.51
1031.67
1031.77
1032.01
1032.44
1032.82
1032.83
1032.90
1033.20
1033.31
1033.32
1033.93
1034.37
1034.62
1034.78
1034.85
1035.04
1035.33
1035.52
1036.14
1036.29
1036.66
1036.68
1037.37
1037.45
1037.60
1038.06
1038.36
1038.43
1038.82
1038.91
1039.13
1039.29
1039.35
1039.55
1039.73
1039.76
1040.08
1040.28
1041.38
1041.85
1042.56
1042.62
1043.66
1043.68
1043.90
1044.31
1044.58
1044.60
1044.70
1044.80
1044.81
1044.92
1046.08
1046.19
1046.46
1046.74
1046.83
1046.89
1047.21
1047.30
1047.33
1047.52
1047.67
1047.92
1047.94
1048.19
1048.27
1048.50
1048.93
1050.32
1050.49
1050.51
1050.60
1050.88
1050.98
1051.74
1052.03
1052.36
1052.40
1052.41
1052.99
1053.32
1053.41
1053.72
1056.64
1056.72
1056.88
1056.89
1056.96
1057.33
1057.40
1057.73
1057.81
1057.96
1058.22
1058.81
1059.22
1059.26
1059.40
1059.44
1059.52
1060.67
1060.71
1060.81
1060.86
1061.26
1061.73
1061.73
1061.74
1061.87
1062.05
1062.29
1062.41
1062.47
1062.48
1062.57
1062.70
1063.27
1063.59
1063.73
1063.95
1064.24
1064.46
1065.30
1065.34
1066.00
1066.01
1066.83
1066.91
1067.06
1067.58
1068.11
1068.22
1068.59
1068.73
1068.82
1068.83
1069.51
1070.21
1071.24
1071.38
1071.73
1071.85
1072.27
1072.55
1072.62
1073.06
1073.15
1073.86
1074.68
1074.92
1076.49
1076.50
1076.65
1077.76
1078.58
1078.68
1078.73
1078.85
1078.89
1078.93
1078.95
1079.83
1079.86
1080.21
1080.33
1080.39
1080.70
1080.84
1081.38
1081.57
1082.01
1082.33
1082.82
1083.48
1083.69
1083.90
1083.90
1084.36
1084.63
1085.38
1085.49
1086.50
1086.63
1087.17
1087.52
1087.82
1088.25
1088.48
1088.54
1088.94
1089.19
1089.65
1089.78
1090.19
1090.37
1090.95
1090.98
1091.00
1091.08
1091.69
1091.87
1092.05
1092.64
1092.87
1092.92
1093.02
1093.63
1093.82
1093.99
1094.16
1094.68
1094.74
1094.97
1095.88
1096.19
1096.68
1096.75
1096.95
1096.99
1097.09
1097.31
1098.30
1098.53
1099.22
1099.80
1100.33
1100.34
1100.41
1100.75
1101.12
1101.39
1101.79
1102.48
1103.71
1103.94
1104.12
1104.15
1104.31
1104.48
1104.56
1105.22
1105.30
1105.55
1106.35
1106.77
1106.98
1107.89
1107.89
1108.58
1109.04
1109.53
1110.88
1111.28
1111.65
1112.63
1112.73
1112.81
1113.14
1113.74
1114.09
1114.14
1114.52
1114.60
1114.93
1115.20
1115.53
1115.61
1115.62
1115.88
1116.10
1116.25
1116.30
1116.99
1117.26
1117.40
1117.68
1117.68
1117.83
1118.37
1118.46
1118.70
1118.97
1119.26
1119.47
1119.71
1119.85
1119.92
1120.10
1120.24
1120.38
1120.41
1120.55
1120.97
1121.64
1121.87
1122.06
1122.26
1122.35
1122.55
1122.56
1122.57
1122.77
1123.41
1123.70
1123.76
1124.47
1124.85
1124.91
1124.96
1125.02
1125.03
1125.05
1125.54
1125.55
1125.61
1125.88
1125.94
1126.50
1126.60
1126.99
1127.29
1128.28
1128.97
1129.61
1129.92
1129.98
1130.01
1130.34
1132.34
1132.45
1132.63
1132.85
1133.24
1133.31
1133.32
1133.77
1133.89
1134.13
1134.35
1136.41
1136.86
1136.86
1137.32
1138.15
1138.23
1138.28
1138.42
1138.62
1138.76
1139.11
1139.61
1139.84
1140.00
1140.33
1140.47
1140.51
1140.79
1140.85
1141.24
1141.30
1141.73
1142.13
1142.16
1142.35
1143.08
1143.36
1143.52
1143.62
1144.71
1144.85
1145.53
1145.71
1145.74
1145.80
1145.91
1146.29
1146.42
1147.43
1147.77
1147.87
1148.27
1148.46
1149.00
1149.22
1149.29
1149.30
1149.48
1149.76
1150.17
1150.53
1150.65
1151.21
1151.62
1152.33
1152.42
1152.64
1152.86
1153.23
1153.34
1153.68
1153.79
1153.86
1154.82
1154.97
1155.55
1155.79
1155.84
1156.69
1156.94
1157.04
1157.35
1157.48
1158.04
1158.42
1159.31
1159.72
1159.77
1160.20
1161.04
1161.08
1161.24
1161.57
1162.06
1162.20
1162.62
1163.15
1164.11
1164.18
1164.36
1164.41
1164.44
1164.73
1164.90
1165.53
1165.54
1165.87
1165.96
1167.07
1167.30
1167.35
1167.51
1167.73
1167.77
1167.86
1169.07
1169.56
1169.84
1170.23
1170.27
1170.27
1170.27
1170.50
1171.41
1171.54
1171.70
1172.11
1172.22
1172.67
1173.17
1173.49
1173.61
1174.52
1175.00
1176.20
1176.78
1176.86
1177.12
1177.63
1177.88
1179.26
1179.30
1179.53
1180.16
1180.42
1180.55
1180.62
1181.07
1181.76
1181.76
1182.08
1183.51
1183.65
1183.90
1184.04
1184.26
1184.80
1185.40
1185.44
1185.82
1185.94
1186.90
1186.95
1187.21
1187.73
1187.79
1187.97
1188.18
1188.38
1188.76
1188.80
1188.87
1189.11
1189.93
1190.47
1191.79
1191.93
1192.41
1192.92
1193.29
1193.53
1194.02
1194.37
1194.62
1194.68
1194.89
1194.94
1195.03
1195.19
1195.42
1195.47
1195.57
1195.59
1195.70
1195.88
1196.36
1196.80
1196.84
1197.24
1197.45
1197.67
1197.77
1197.88
1198.10
1198.38
1199.20
1199.30
1199.77
1200.49
1200.56
1202.75
1203.22
1203.75
1204.19
1204.23
1204.86
1205.21
1205.99
1206.23
1206.33
1206.72
1207.02
1207.64
1207.68
1208.25
1208.29
1208.63
1208.85
1208.87
1209.42
1209.80
1210.46
1210.74
1211.03
1211.49
1211.53
1211.71
1212.25
1212.68
1213.72
1214.15
1214.24
1214.45
1214.50
1214.57
1215.44
1215.78
1215.98
1216.42
1217.25
1219.13
1219.32
1221.44
1221.63
1222.27
1222.40
1222.56
1222.82
1223.12
1223.99
1224.81
1225.27
1225.58
1225.74
1226.08
1226.10
1226.42
1227.03
1227.32
1228.22
1228.46
1228.51
1228.95
1229.80
1229.83
1230.86
1230.92
1230.99
1231.63
1232.40
1232.72
1233.90
1234.47
1234.51
1234.67
1234.74
1234.79
1235.22
1235.24
1235.55
1235.57
1236.29
1236.30
1236.45
1236.46
1236.49
1236.53
1236.56
1236.57
1237.33
1237.99
1238.01
1238.35
1238.36
1238.39
1238.66
1238.72
1239.02
1239.18
1239.41
1239.49
1239.65
1239.66
1239.78
1239.86
1240.36
1240.37
1240.55
1240.79
1240.99
1241.19
1242.11
1242.35
1242.83
1242.93
1243.64
1243.84
1243.95
1244.42
1244.60
1244.62
1245.12
1245.19
1245.53
1245.66
1246.35
1246.70
1246.81
1247.53
1247.70
1247.74
1248.22
1248.28
1248.59
1249.06
1250.09
1250.63
1251.40
1251.67
1252.01
1252.86
1252.92
1253.42
1253.87
1253.95
1254.63
1254.97
1255.24
1256.12
1257.11
1257.88
1258.48
1258.76
1258.98
1259.40
1259.88
1260.08
1260.27
1260.38
1260.59
1260.63
1261.91
1262.02
1262.53
1262.68
1263.89
1264.47
1265.14
1265.52
1266.00
1266.07
1266.38
1266.58
1266.59
1266.60
1266.67
1266.78
1267.04
1267.95
1268.34
1269.25
1270.13
1270.39
1270.98
1271.51
1271.60
1272.08
1273.46
1273.60
1273.71
1274.69
1274.87
1275.16
1275.40
1275.54
1275.85
1276.43
1277.32
1277.37
1279.00
1280.60
1281.75
1281.88
1283.00
1283.23
1283.75
1284.00
1284.31
1284.42
1284.59
1284.80
1284.99
1286.30
1287.65
1288.72
1288.79
1289.01
1289.22
1289.71
1290.65
1290.66
1290.74
1290.87
1291.75
1292.00
1292.17
1293.95
1293.99
1293.99
1294.02
1294.25
1294.45
1295.03
1295.39
1295.56
1295.67
1295.99
1296.54
1296.62
1296.89
1296.95
1297.25
1298.20
1298.67
1298.86
1299.01
1299.25
1299.57
1300.02
1300.32
1301.73
1301.97
1302.18
1302.23
1302.60
1302.74
1302.92
1302.99
1303.02
1303.36
1303.40
1303.57
1303.76
1303.83
1303.88
1304.00
1304.07
1304.22
1304.25
1304.49
1304.96
1305.17
1306.24
1306.74
1307.47
1307.80
1308.65
1308.66
1309.45
1309.62
1309.74
1311.31
1312.25
1312.35
1312.93
1313.38
1313.45
1314.28
1314.31
1314.38
1315.79
1316.00
1316.36
1316.67
1316.76
1316.87
1317.37
1317.38
1317.51
1317.71
1318.84
1319.72
1319.89
1320.04
1321.55
1321.82
1321.99
1322.27
1322.60
1322.84
1323.10
1323.71
1325.35
1326.16
1326.42
1326.51
1326.52
1326.84
1326.84
1326.87
1327.02
1327.08
1327.87
1327.89
1328.12
1328.33
1328.89
1329.04
1329.17
1330.06
1330.98
1331.04
1332.84
1332.98
1333.05
1333.14
1333.23
1333.75
1333.88
1333.96
1334.50
1334.60
1334.77
1334.79
1335.00
1335.39
1335.48
1335.68
1336.12
1336.12
1336.30
1336.52
1337.72
1338.18
1340.08
1341.01
1341.65
1341.71
1342.86
1343.25
1343.54
1343.93
1344.22
1344.53
1344.95
1345.24
1345.36
1345.53
1346.03
1346.13
1346.36
1346.40
1346.46
1346.71
1347.10
1347.12
1348.23
1348.94
1348.97
1349.45
1350.20
1351.95
1352.67
1353.14
1353.74
1354.21
1354.51
1354.59
1354.85
1355.98
1356.26
1357.04
1357.39
1357.98
1358.42
1358.59
1358.90
1358.95
1359.61
1361.26
1361.64
1361.77
1362.42
1362.98
1363.09
1363.35
1363.62
1363.72
1363.84
1366.13
1366.17
1366.84
1368.30
1368.48
1368.49
1368.67
1368.81
1370.97
1371.25
1372.16
1372.20
1372.50
1373.02
1373.37
1374.12
1374.40
1374.55
1375.04
1375.10
1375.10
1375.13
1376.68
1377.09
1377.15
1378.03
1378.39
1378.61
1379.03
1379.18
1379.33
1379.70
1379.88
1380.42
1381.20
1381.98
1382.18
1383.17
1383.43
1384.34
1384.88
1385.54
1385.97
1386.56
1387.38
1387.79
1387.79
1388.10
1388.98
1388.99
1389.08
1389.64
1389.71
1389.83
1391.19
1391.83
1392.41
1392.77
1393.17
1393.70
1393.87
1394.16
1394.31
1394.31
1394.40
1394.97
1395.26
1395.35
1395.53
1395.98
1396.45
1397.24
1397.81
1397.96
1398.79
1398.90
1399.13
1399.41
1399.46
1401.44
1401.64
1402.07
1402.17
1402.51
1402.79
1402.90
1403.48
1403.63
1404.01
1404.22
1404.27
1404.45
1404.91
1404.97
1405.26
1405.36
1406.37
1408.39
1408.60
1409.18
1409.31
1410.19
1410.24
1410.30
1410.36
1410.69
1410.71
1410.74
1411.29
1411.47
1411.58
1411.69
1412.88
1413.03
1413.22
1413.63
1413.98
1415.42
1415.65
1416.17
1416.40
1416.57
1416.66
1417.07
1417.12
1418.82
1418.85
1419.02
1419.08
1419.18
1419.27
1419.77
1419.79
1420.44
1420.44
1421.30
1421.40
1421.70
1422.30
1422.56
1422.99
1423.30
1423.60
1423.71
1424.21
1424.22
1424.27
1424.98
1425.01
1426.43
1426.60
1426.98
1427.43
1427.74
1428.08
1428.40
1428.62
1429.50
1429.80
1431.39
1431.96
1432.50
1432.92
1433.03
1433.16
1433.28
1433.53
1433.54
1433.61
1433.98
1434.06
1435.14
1435.22
1435.81
1436.54
1438.47
1438.59
1438.73
1438.97
1439.06
1439.39
1439.48
1439.70
1439.70
1440.65
1441.66
1442.51
1444.00
1444.36
1444.68
1444.90
1445.05
1445.69
1445.85
1446.44
1446.90
1447.05
1447.32
1447.62
1449.36
1449.45
1449.70
1450.10
1450.35
1450.39
1450.74
1451.35
1451.52
1452.21
1453.41
1453.93
1454.10
1454.57
1454.59
1454.65
1455.05
1455.16
1455.19
1455.33
1455.47
1456.95
1458.77
1459.38
1459.59
1459.68
1460.61
1461.06
1461.17
1461.28
1461.82
1462.84
1462.84
1463.02
1463.67
1464.06
1464.35
1464.54
1465.24
1465.70
1466.16
1466.85
1467.00
1467.36
1467.39
1467.68
1467.82
1468.47
1468.52
1468.74
1469.19
1470.59
1470.83
1471.45
1471.45
1471.69
1472.56
1473.04
1473.63
1474.03
1474.16
1474.24
1476.47
1476.62
1476.73
1476.90
1477.16
1477.21
1477.29
1480.20
1480.33
1480.98
1481.35
1481.51
1481.82
1482.12
1482.81
1482.97
1483.04
1483.10
1483.52
1483.61
1483.89
1483.93
1485.62
1486.28
1486.88
1487.49
1487.91
1488.61
1488.95
1489.02
1489.19
1489.37
1489.48
1490.02
1490.06
1490.29
1490.47
1490.66
1490.98
1491.19
1491.21
1491.73
1492.03
1492.39
1492.94
1493.10
1493.34
1493.91
1494.21
1494.23
1494.67
1494.67
1494.81
1495.54
1495.72
1495.96
1496.82
1497.34
1498.67
1498.78
1498.89
1499.31
1499.31
1499.49
1499.72
1499.77
1499.80
1499.80
1500.08
1500.42
1500.69
1501.34
1501.34
1501.46
1501.54
1502.04
1502.09
1502.47
1502.58
1502.69
1503.08
1503.98
1504.56
1504.60
1504.89
1505.30
1505.31
1506.06
1506.47
1507.35
1507.63
1507.90
1508.31
1508.67
1509.64
1509.91
1510.09
1510.58
1510.65
1511.60
1512.73
1512.77
1512.79
1512.79
1513.31
1513.61
1513.69
1513.87
1514.30
1514.66
1514.84
1516.43
1517.12
1519.66
1519.75
1519.96
1520.22
1522.07
1522.99
1523.06
1523.22
1523.53
1524.42
1524.62
1525.78
1525.78
1527.07
1527.86
1527.89
1528.67
1529.41
1529.45
1530.14
1530.62
1531.67
1531.90
1532.13
1532.44
1533.01
1533.19
1533.84
1534.29
1534.65
1535.20
1535.37
1535.98
1536.38
1536.55
1536.56
1537.18
1537.66
1537.68
1538.99
1539.61
1540.11
1540.46
1540.51
1540.84
1541.06
1541.36
1541.92
1542.36
1542.84
1543.09
1543.14
1543.51
1544.15
1544.15
1546.35
1546.40
1546.54
1547.17
1547.36
1547.72
1548.18
1550.57
1550.84
1550.88
1551.04
1551.14
1552.22
1552.66
1552.74
1553.77
1554.52
1555.50
1555.72
1556.90
1557.45
1558.01
1558.24
1558.34
1558.53
1558.58
1558.70
1559.47
1559.68
1561.06
1561.86
1562.16
1562.75
1562.92
1562.97
1563.21
1563.63
1563.73
1564.19
1564.51
1565.04
1566.61
1566.70
1566.92
1567.26
1567.59
1567.71
1567.71
1567.73
1567.90
1568.22
1568.39
1569.50
1569.61
1570.19
1570.19
1570.84
1571.72
1572.32
1572.61
1573.20
1573.34
1573.37
1573.81
1574.00
1574.16
1575.04
1575.31
1576.78
1576.95
1577.21
1577.55
1577.79
1577.96
1579.43
1579.87
1580.54
1581.24
1581.63
1582.33
1585.06
1585.21
1586.36
1588.06
1588.08
1588.49
1588.68
1588.91
1589.58
1589.71
1590.32
1590.68
1590.90
1591.40
1592.09
1592.45
1592.47
1592.83
1592.99
1593.35
1593.52
1593.88
1594.16
1594.28
1594.76
1595.09
1595.18
1595.31
1596.04
1596.38
1597.23
1598.72
1598.87
1599.36
1599.39
1599.83
1600.93
1600.99
1602.03
1602.67
1604.40
1605.22
1606.78
1607.76
1607.79
1608.33
1608.97
1609.50
1609.93
1609.98
1610.59
1610.98
1611.45
1612.77
1612.84
1613.14
1613.21
1613.37
1613.70
1614.01
1614.43
1614.80
1615.29
1615.86
1617.19
1617.51
1617.54
1617.93
1619.68
1620.01
1620.22
1620.22
1620.42
1620.80
1621.57
1622.00
1622.73
1623.49
1623.52
1623.70
1624.02
1624.05
1624.14
1624.30
1624.72
1625.12
1625.35
1625.35
1626.04
1626.04
1627.41
1629.65
1629.89
1629.91
1630.46
1630.48
1631.59
1631.64
1631.66
1632.10
1632.38
1632.40
1632.42
1632.49
1632.61
1633.20
1633.23
1633.46
1634.56
1634.95
1636.15
1636.41
1638.31
1638.49
1638.86
1638.90
1640.12
1641.52
1641.97
1642.94
1643.73
1643.80
1644.10
1644.14
1644.35
1644.49
1645.17
1645.22
1645.75
1645.86
1646.00
1647.06
1647.30
1648.07
1648.11
1648.21
1648.71
1649.12
1649.37
1649.82
1650.73
1652.23
1652.43
1653.05
1653.57
1654.59
1654.74
1655.58
1655.99
1656.19
1656.19
1657.14
1659.16
1659.58
1660.10
1660.49
1660.80
1661.39
1662.02
1662.38
1663.10
1664.29
1664.31
1664.40
1664.77
1664.85
1665.31
1665.42
1666.32
1666.67
1667.05
1667.17
1667.19
1667.44
1667.91
1668.40
1668.45
1668.53
1668.89
1669.19
1669.27
1669.68
1670.15
1671.47
1672.47
1672.54
1672.57
1672.72
1673.03
1673.30
1673.99
1674.58
1675.53
1675.56
1676.41
1676.89
1676.90
1677.23
1678.30
1679.10
1679.23
1679.77
1679.92
1680.68
1681.52
1682.10
1682.54
1683.27
1683.96
1685.42
1686.15
1686.73
1687.02
1687.35
1688.72
1689.11
1690.24
1690.77
1690.93
1691.54
1693.17
1694.71
1694.76
1695.81
1695.95
1695.99
1696.60
1696.91
1698.43
1699.43
1701.30
1702.04
1703.48
1703.51
1704.18
1704.47
1704.97
1706.28
1707.02
1708.53
1708.87
1709.38
1710.68
1710.73
1710.92
1712.22
1714.81
1715.48
1715.85
1716.43
1717.50
1718.28
1718.77
1719.42
1719.55
1719.59
1719.77
1719.90
1720.16
1720.55
1721.15
1721.49
1721.73
1722.44
1723.05
1723.61
1724.30
1724.30
1724.97
1726.22
1726.30
1727.12
1727.44
1728.13
1728.39
1730.19
1730.99
1731.07
1731.99
1732.53
1732.75
1733.17
1734.12
1734.33
1735.06
1735.68
1736.28
1736.30
1736.41
1736.92
1737.54
1737.80
1738.05
1739.87
1739.97
1740.59
1741.40
1741.66
1742.72
1743.19
1743.96
1744.17
1744.78
1744.89
1745.32
1746.44
1746.49
1747.51
1747.57
1748.14
1748.93
1750.81
1751.17
1751.36
1753.10
1753.52
1753.59
1753.96
1754.90
1755.89
1756.08
1756.41
1756.65
1756.84
1757.39
1757.95
1758.65
1758.90
1760.38
1760.53
1760.82
1760.91
1761.47
1762.76
1762.82
1762.94
1764.86
1765.78
1766.07
1766.31
1767.31
1767.48
1767.84
1768.44
1768.67
1769.05
1769.30
1769.45
1769.61
1769.89
1770.01
1770.45
1770.95
1771.21
1771.58
1771.62
1773.53
1774.03
1774.40
1774.63
1774.78
1775.26
1775.74
1776.22
1776.38
1777.84
1780.71
1782.27
1783.62
1783.70
1784.58
1786.84
1786.98
1787.50
1787.75
1788.55
1789.05
1789.98
1792.52
1792.75
1792.94
1793.55
1794.09
1797.74
1798.15
1798.66
1799.12
1799.38
1800.10
1800.23
1800.60
1801.07
1802.67
1803.67
1804.37
1804.54
1805.11
1805.64
1806.17
1806.48
1807.32
1808.36
1808.47
1809.31
1809.45
1809.49
1810.08
1810.70
1811.82
1812.55
1813.35
1814.14
1815.94
1816.32
1816.57
1817.10
1817.71
1817.81
1817.83
1817.95
1819.62
1819.70
1819.72
1820.29
1820.66
1821.57
1821.67
1822.16
1823.58
1824.29
1824.85
1825.00
1825.00
1825.24
1825.64
1826.21
1826.72
1826.86
1827.97
1829.53
1829.81
1830.88
1831.41
1831.99
1832.94
1833.45
1833.91
1834.31
1834.57
1836.39
1836.51
1836.67
1839.38
1840.53
1841.55
1842.92
1843.04
1843.58
1844.90
1845.40
1845.52
1846.59
1846.81
1847.09
1848.07
1849.23
1850.23
1850.81
1850.96
1851.84
1852.46
1852.48
1852.80
1854.04
1854.52
1855.07
1855.73
1855.83
1856.89
1857.13
1857.21
1857.58
1857.98
1858.80
1859.85
1859.87
1860.25
1860.87
1861.72
1862.26
1862.73
1863.74
1863.88
1864.42
1864.50
1865.27
1866.40
1866.58
1867.57
1867.94
1868.44
1869.27
1869.39
1869.86
1869.94
1869.94
1870.93
1872.39
1873.58
1874.15
1874.47
1874.96
1875.55
1876.89
1876.91
1877.17
1877.30
1878.15
1878.21
1878.49
1879.10
1879.51
1880.39
1881.32
1882.12
1882.93
1883.20
1884.52
1884.58
1885.15
1885.21
1886.46
1886.66
1887.64
1888.85
1889.85
1891.00
1891.14
1893.78
1894.89
1895.67
1895.75
1895.77
1896.73
1897.00
1897.00
1897.90
1898.29
1898.95
1899.77
1900.08
1900.12
1900.62
1900.90
1901.97
1902.10
1903.99
1904.38
1906.18
1906.22
1906.63
1906.79
1906.90
1907.48
1907.83
1908.43
1908.92
1909.31
1910.49
1910.72
1912.39
1912.83
1912.95
1913.20
1913.26
1914.69
1914.88
1915.11
1915.85
1916.31
1916.41
1917.49
1917.51
1918.51
1921.71
1921.83
1922.64
1922.77
1923.41
1925.62
1926.02
1926.18
1926.54
1927.04
1927.56
1928.18
1929.23
1929.42
1930.98
1931.40
1933.30
1933.49
1933.70
1934.08
1934.91
1935.37
1935.54
1935.94
1936.44
1937.37
1938.73
1938.79
1938.81
1939.40
1942.51
1943.16
1943.37
1944.25
1944.48
1945.96
1946.08
1946.32
1946.36
1947.07
1947.12
1947.96
1948.68
1948.80
1950.34
1950.57
1950.81
1950.81
1950.81
1952.24
1952.90
1952.94
1953.55
1954.31
1954.65
1955.56
1956.62
1959.22
1959.29
1959.65
1959.75
1960.33
1960.99
1961.92
1962.30
1962.58
1962.60
1963.09
1963.64
1964.47
1964.79
1965.64
1966.79
1967.45
1968.17
1968.40
1968.47
1968.57
1968.87
1969.66
1969.77
1970.96
1970.98
1971.20
1971.22
1971.52
1971.79
1972.11
1973.01
1973.12
1973.67
1973.93
1974.95
1975.92
1976.32
1976.45
1976.86
1977.84
1977.88
1978.31
1978.70
1980.30
1980.86
1980.99
1981.01
1981.18
1982.00
1982.12
1982.15
1983.05
1984.08
1984.16
1984.49
1985.54
1985.60
1986.81
1987.30
1987.79
1987.79
1988.42
1988.87
1989.73
1990.14
1993.18
1994.34
1994.58
1994.73
1996.96
1997.84
1998.60
1999.03
2002.58
2002.91
2004.19
2004.27
2005.34
2005.55
2007.66
2008.05
2008.29
2008.40
2008.77
2008.77
2009.66
2009.77
2011.62
2012.53
2012.79
2013.49
2013.92
2013.97
2015.08
2015.73
2015.78
2016.04
2016.74
2017.33
2017.57
2018.24
2018.92
2019.84
2020.65
2020.97
2021.08
2021.13
2021.41
2022.13
2023.40
2023.71
2025.70
2026.32
2026.56
2027.37
2028.25
2029.28
2029.70
2029.83
2029.98
2030.84
2031.56
2032.07
2032.14
2032.40
2032.93
2033.50
2033.59
2034.97
2035.24
2036.16
2036.34
2037.49
2037.62
2038.01
2038.08
2038.61
2040.57
2040.73
2040.77
2041.26
2041.41
2041.83
2042.16
2042.63
2043.20
2043.34
2043.58
2043.76
2043.82
2045.75
2045.95
2045.99
2046.12
2046.81
2048.94
2049.49
2049.91
2051.27
2053.86
2054.24
2054.73
2055.04
2055.27
2056.67
2057.38
2061.05
2061.17
2061.52
2061.92
2061.99
2063.06
2064.07
2065.03
2065.30
2065.30
2065.48
2066.24
2067.53
2068.07
2068.34
2068.36
2068.72
2069.23
2070.60
2072.12
2073.24
2073.92
2075.53
2076.66
2077.62
2079.02
2079.40
2079.56
2079.71
2079.85
2080.05
2080.53
2081.63
2082.44
2082.55
2083.41
2083.72
2084.02
2084.06
2084.74
2086.03
2086.09
2086.79
2086.79
2087.15
2087.52
2089.35
2090.18
2091.20
2092.13
2092.44
2092.47
2092.97
2093.28
2093.67
2094.05
2094.19
2094.53
2094.69
2095.30
2095.50
2098.70
2099.50
2100.13
2100.22
2101.45
2101.59
2102.00
2102.07
2102.57
2103.95
2104.57
2104.59
2104.64
2106.05
2106.83
2107.10
2108.65
2109.13
2109.17
2110.36
2110.38
2111.69
2112.10
2112.62
2114.34
2117.11
2117.15
2117.41
2117.41
2118.14
2118.46
2118.48
2120.85
2121.63
2121.65
2122.29
2122.82
2123.46
2124.22
2124.80
2125.88
2126.08
2126.64
2128.78
2129.31
2129.84
2130.04
2130.23
2130.23
2130.32
2130.69
2131.75
2132.30
2132.88
2134.61
2135.21
2135.37
2136.30
2136.88
2137.13
2137.32
2139.68
2139.84
2139.91
2140.25
2140.39
2140.93
2141.23
2141.27
2141.64
2142.78
2142.80
2143.85
2144.22
2144.64
2146.63
2146.63
2147.72
2148.00
2148.03
2150.28
2150.98
2152.49
2154.15
2156.32
2157.13
2157.46
2157.60
2158.21
2158.39
2159.49
2160.15
2160.78
2162.53
2164.29
2168.46
2169.61
2170.64
2171.91
2172.40
2172.97
2173.60
2174.90
2175.44
2175.49
2175.86
2175.98
2176.00
2177.77
2178.50
2179.00
2179.89
2179.99
2180.29
2181.12
2181.52
2181.71
2181.80
2182.04
2183.08
2186.13
2187.29
2188.09
2188.35
2189.39
2190.44
2190.60
2192.59
2193.07
2196.61
2199.03
2199.96
2200.53
2202.94
2203.30
2204.49
2204.49
2204.92
2205.42
2206.09
2209.60
2210.03
2210.63
2210.72
2211.01
2211.54
2213.43
2215.06
2215.22
2216.11
2216.59
2217.89
2218.70
2219.06
2219.23
2221.99
2222.26
2224.90
2225.53
2225.65
2225.87
2225.94
2226.30
2226.64
2228.93
2228.98
2229.00
2229.46
2230.18
2230.69
2232.60
2232.69
2232.93
2233.51
2235.98
2236.76
2237.43
2238.33
2240.49
2240.53
2241.50
2241.53
2241.92
2244.29
2244.63
2244.73
2245.14
2245.41
2245.85
2246.70
2247.48
2249.33
2249.50
2250.81
2251.86
2252.32
2252.40
2253.66
2254.37
2254.76
2256.47
2257.45
2257.47
2258.62
2259.18
2261.16
2261.23
2261.87
2262.41
2263.09
2264.96
2266.38
2266.43
2266.94
2270.92
2270.99
2271.36
2271.61
2274.19
2274.71
2274.76
2276.48
2276.87
2277.05
2278.48
2278.82
2279.14
2280.37
2280.40
2280.72
2282.77
2283.07
2283.44
2283.53
2283.73
2285.96
2287.29
2288.98
2290.71
2291.13
2291.85
2292.50
2292.99
2293.69
2294.08
2294.31
2294.73
2295.20
2295.30
2296.05
2297.39
2297.51
2297.74
2298.16
2300.40
2302.27
2302.56
2303.24
2305.16
2305.71
2306.48
2307.50
2307.63
2307.93
2307.98
2308.28
2308.35
2308.90
2309.00
2309.03
2310.15
2311.08
2311.68
2313.73
2315.13
2315.71
2316.31
2316.88
2317.13
2320.02
2320.47
2322.00
2322.48
2322.78
2325.47
2325.65
2326.03
2326.08
2329.58
2330.64
2330.76
2330.94
2332.33
2332.83
2332.96
2333.31
2334.09
2335.05
2337.08
2338.34
2340.39
2341.13
2341.30
2342.01
2343.33
2343.63
2343.89
2345.11
2345.21
2345.31
2345.74
2346.50
2347.16
2347.57
2348.13
2348.15
2348.99
2349.58
2349.75
2350.47
2350.64
2350.90
2351.92
2352.65
2353.16
2354.31
2356.53
2358.41
2358.92
2359.26
2361.12
2361.53
2362.78
2362.81
2364.55
2367.98
2368.95
2370.85
2372.28
2374.31
2375.06
2376.57
2376.65
2377.09
2377.96
2378.09
2378.99
2379.53
2379.66
2380.38
2381.26
2381.29
2381.36
2381.72
2382.03
2382.08
2382.42
2382.96
2382.99
2383.22
2384.02
2384.10
2385.49
2386.91
2387.86
2387.89
2387.97
2389.49
2391.82
2392.34
2392.75
2393.68
2395.73
2397.03
2398.04
2398.09
2398.71
2398.71
2403.21
2403.73
2404.27
2405.60
2405.68
2406.25
2409.17
2409.67
2409.74
2410.53
2410.94
2410.94
2411.28
2411.67
2411.93
2412.20
2413.55
2413.61
2414.91
2418.08
2418.13
2418.60
2420.43
2420.51
2420.51
2423.42
2423.47
2425.10
2428.22
2429.61
2432.22
2432.30
2433.09
2433.98
2435.64
2436.96
2437.91
2438.20
2438.44
2439.12
2439.81
2439.92
2441.37
2443.19
2443.56
2445.89
2446.36
2447.93
2448.30
2449.36
2449.97
2450.92
2451.37
2451.37
2451.58
2452.94
2453.31
2454.85
2455.49
2455.57
2455.94
2457.24
2458.62
2459.02
2460.99
2461.90
2461.93
2462.94
2462.94
2464.27
2464.38
2466.72
2467.12
2468.25
2469.93
2473.22
2473.54
2473.67
2473.89
2474.77
2474.82
2475.07
2475.12
2475.87
2476.57
2476.81
2477.64
2477.80
2477.91
2479.84
2480.35
2481.45
2482.68
2483.11
2483.70
2484.94
2486.18
2486.47
2487.47
2492.67
2493.05
2495.02
2497.66
2498.42
2500.10
2501.83
2501.96
2503.07
2503.86
2505.95
2506.11
2506.68
2507.87
2508.69
2510.04
2510.80
2511.89
2511.89
2511.95
2511.97
2512.08
2512.49
2513.03
2513.52
2513.58
2513.77
2517.66
2519.51
2519.73
2520.36
2520.47
2520.60
2520.96
2523.33
2523.50
2524.18
2524.42
2525.13
2525.63
2525.63
2527.08
2531.56
2531.76
2532.44
2532.58
2533.34
2534.50
2535.04
2535.24
2537.60
2539.49
2539.66
2540.21
2542.49
2543.37
2543.86
2544.75
2545.02
2547.78
2548.60
2550.04
2550.12
2550.37
2552.83
2553.10
2553.88
2554.95
2557.97
2558.60
2561.87
2561.90
2562.29
2562.76
2563.79
2564.29
2564.87
2565.31
2566.45
2566.73
2568.56
2568.67
2568.73
2570.29
2570.34
2572.51
2572.90
2572.93
2574.32
2574.60
2575.16
2575.46
2576.83
2577.61
2578.00
2578.95
2580.23
2580.65
2581.07
2582.61
2583.56
2585.46
2586.27
2587.28
2587.67
2589.66
2589.97
2590.56
2591.06
2591.56
2591.62
2592.60
2592.63
2592.77
2594.82
2595.21
2596.06
2598.42
2599.79
2600.58
2602.35
2603.42
2603.42
2603.45
2603.96
2604.30
2604.38
2605.43
2605.51
2605.74
2605.88
2611.92
2612.68
2612.93
2613.16
2614.89
2618.34
2618.43
2619.30
2619.56
2620.35
2621.00
2623.61
2624.75
2626.06
2626.17
2626.46
2626.80
2627.22
2627.93
2628.67
2629.10
2629.75
2630.72
2631.09
2631.35
2631.83
2632.43
2634.37
2636.13
2636.53
2637.59
2639.87
2639.96
2640.62
2642.36
2643.62
2643.96
2645.28
2649.29
2650.00
2652.96
2654.51
2654.85
2656.32
2657.30
2657.70
2657.73
2658.07
2660.09
2665.62
2671.13
2671.19
2673.16
2673.27
2673.91
2675.15
2675.21
2676.52
2679.15
2681.73
2683.27
2685.80
2685.86
2685.97
2686.99
2689.23
2690.83
2692.52
2693.10
2693.45
2693.80
2695.61
2696.57
2697.33
2697.71
2699.02
2703.12
2705.16
2707.10
2709.06
2712.40
2713.58
2715.66
2717.25
2717.78
2718.95
2718.98
2722.37
2722.72
2724.08
2724.31
2725.20
2727.26
2728.92
2729.77
2730.63
2730.75
2730.95
2731.25
2731.28
2731.52
2731.99
2732.70
2733.20
2735.04
2735.42
2736.37
2739.33
2739.71
2741.23
2743.36
2743.78
2743.93
2745.26
2746.33
2746.93
2747.55
2748.86
2749.37
2751.93
2754.28
2754.34
2754.37
2754.64
2755.71
2755.98
2756.54
2756.99
2757.56
2761.26
2761.38
2762.40
2762.67
2763.41
2764.88
2765.72
2766.61
2766.67
2766.91
2769.19
2770.33
2770.78
2771.44
2771.68
2772.91
2773.24
2773.99
2774.89
2776.48
2778.67
2780.06
2781.14
2782.04
2784.27
2786.62
2787.74
2788.70
2791.12
2791.57
2792.42
2793.50
2795.05
2795.65
2795.86
2797.35
2802.04
2805.17
2806.68
2807.32
2807.44
2807.66
2808.72
2810.12
2811.49
2811.79
2814.62
2814.77
2814.89
2816.11
2817.91
2819.68
2822.70
2822.70
2823.31
2824.29
2824.90
2825.42
2825.42
2826.40
2829.92
2831.85
2832.16
2832.40
2833.01
2833.35
2834.79
2838.48
2841.21
2841.55
2842.22
2844.13
2844.84
2845.33
2847.95
2849.34
2849.58
2851.19
2851.56
2852.48
2853.93
2859.28
2859.93
2861.01
2861.54
2863.77
2865.23
2866.19
2866.41
2868.73
2871.25
2873.27
2873.42
2879.03
2880.12
2880.30
2880.61
2881.55
2882.95
2883.83
2886.35
2887.73
2888.57
2889.73
2893.80
2894.92
2894.92
2895.08
2896.30
2896.90
2897.81
2897.87
2899.00
2900.10
2902.45
2902.67
2903.08
2903.52
2907.57
2907.57
2911.01
2911.45
2911.51
2911.76
2913.24
2914.98
2917.75
2920.94
2921.32
2921.92
2926.64
2926.96
2927.34
2928.51
2928.67
2928.89
2929.49
2932.31
2934.41
2936.76
2937.90
2938.09
2938.22
2938.25
2940.25
2940.54
2940.73
2944.74
2945.25
2947.52
2948.12
2948.89
2950.26
2950.80
2951.63
2951.95
2952.08
2953.52
2955.08
2955.15
2958.03
2958.92
2959.56
2959.92
2960.24
2961.29
2961.49
2962.70
2964.98
2969.06
2969.51
2969.64
2970.57
2973.17
2975.39
2975.55
2976.68
2977.07
2977.20
2977.29
2979.45
2984.26
2985.68
2986.20
2987.01
2987.26
2988.95
2989.14
2989.59
2989.72
2990.17
2990.63
2990.76
2990.98
2991.15
2991.99
2993.15
2995.00
2995.87
2997.63
2998.27
2999.21
2999.34
3001.75
3002.56
3006.79
3008.41
3010.53
3011.02
3011.73
3011.86
3014.80
3017.25
3018.13
3018.49
3020.09
3024.67
3026.37
3026.53
3028.17
3033.58
3033.71
3035.42
3035.68
3039.82
3040.78
3040.84
3041.17
3042.16
3043.77
3044.27
3044.27
3046.77
3047.63
3048.19
3048.65
3051.06
3053.01
3053.11
3055.39
3055.59
3056.71
3057.11
3057.37
3059.69
3061.31
3062.27
3063.66
3064.06
3065.49
3066.98
3069.30
3069.90
3070.13
3070.27
3072.89
3075.45
3075.59
3075.72
3076.32
3076.59
3076.82
3076.98
3077.48
3078.12
3078.98
3080.28
3081.95
3082.05
3085.05
3085.85
3088.12
3089.13
3095.55
3095.75
3096.46
3097.90
3101.62
3103.83
3104.54
3105.31
3106.05
3106.79
3106.83
3107.87
3108.00
3108.41
3108.78
3109.45
3110.59
3113.49
3113.52
3115.91
3116.35
3117.53
3119.56
3120.10
3121.99
3124.02
3125.61
3125.77
3126.18
3128.89
3131.70
3132.00
3136.34
3136.82
3140.15
3142.29
3142.83
3143.31
3146.13
3146.71
3148.14
3150.66
3150.87
3151.14
3152.91
3154.65
3155.10
3157.18
3159.88
3164.12
3164.50
3164.57
3167.48
3169.13
3169.40
3170.43
3170.98
3171.73
3172.76
3173.62
3175.20
3177.16
3178.12
3178.67
3178.78
3179.26
3180.05
3181.49
3182.29
3183.32
3186.18
3186.42
3187.28
3188.01
3190.11
3191.66
3192.36
3193.43
3196.54
3196.57
3196.78
3198.89
3202.15
3205.79
3206.83
3207.24
3208.28
3208.39
3211.34
3212.03
3212.52
3213.53
3215.72
3215.96
3218.09
3219.97
3220.39
3222.20
3224.19
3226.18
3226.28
3226.87
3229.04
3229.18
3230.86
3232.95
3233.97
3236.59
3238.45
3239.36
3241.54
3242.06
3242.83
3243.43
3245.68
3246.52
3246.70
3250.21
3252.29
3257.25
3257.43
3259.12
3259.86
3263.78
3264.41
3265.83
3267.35
3269.43
3272.94
3273.68
3276.87
3280.77
3281.77
3282.16
3282.23
3282.30
3282.58
3286.39
3286.81
3287.84
3288.73
3291.97
3294.00
3294.40
3296.71
3298.00
3298.00
3299.10
3299.93
3302.60
3303.18
3303.32
3304.18
3306.61
3307.79
3307.83
3311.23
3312.02
3312.95
3315.31
3316.71
3316.79
3317.93
3318.33
3319.19
3320.63
3320.77
3326.13
3327.28
3329.30
3330.49
3332.97
3334.02
3335.28
3335.93
3336.83
3338.24
3339.29
3339.54
3340.16
3342.25
3342.72
3344.61
3344.82
3346.23
3348.41
3348.88
3351.49
3351.92
3352.58
3353.12
3353.30
3353.77
3355.55
3355.70
3357.77
3358.93
3361.18
3362.42
3364.20
3365.22
3366.75
3367.52
3368.68
3369.67
3370.25
3370.84
3371.27
3371.53
3371.82
3375.58
3376.02
3379.05
3379.09
3379.67
3379.86
3380.70
3384.94
3389.45
3390.74
3390.85
3391.36
3391.43
3391.98
3399.88
3400.54
3400.77
3401.24
3402.24
3403.78
3405.99
3407.17
3414.52
3414.89
3416.03
3416.77
3418.14
3424.51
3427.03
3427.10
3432.97
3433.93
3437.46
3437.57
3438.73
3439.84
3440.89
3442.53
3443.75
3444.69
3444.80
3444.98
3445.77
3445.80
3446.77
3449.27
3453.64
3453.72
3453.75
3454.05
3455.62
3458.32
3458.77
3459.81
3460.34
3461.16
3461.65
3464.50
3465.43
3466.86
3469.30
3473.32
3473.88
3474.11
3475.23
3475.42
3479.52
3480.77
3481.07
3481.56
3482.39
3482.50
3483.55
3484.12
3487.21
3489.93
3490.27
3492.38
3493.25
3493.90
3495.86
3496.32
3498.32
3500.29
3501.12
3502.15
3503.59
3507.95
3508.41
3508.48
3509.16
3510.80
3511.25
3514.64
3516.88
3517.53
3517.76
3519.24
3520.19
3520.69
3521.98
3523.74
3523.74
3525.22
3525.38
3527.13
3527.78
3529.77
3530.45
3535.19
3536.61
3539.71
3541.62
3544.04
3544.69
3546.69
3549.53
3549.99
3550.99
3553.49
3553.52
3555.75
3556.45
3557.60
3558.76
3559.14
3559.30
3559.49
3559.64
3560.61
3560.64
3561.07
3561.53
3563.69
3567.66
3568.97
3570.52
3572.68
3574.15
3574.93
3575.55
3575.78
3576.40
3577.05
3577.83
3579.34
3579.69
3581.97
3583.99
3586.59
3588.57
3590.82
3592.03
3593.11
3594.47
3596.61
3597.47
3598.13
3598.33
3599.11
3600.51
3604.72
3605.34
3609.64
3611.82
3615.19
3616.48
3618.20
3621.18
3621.37
3622.12
3623.84
3628.67
3629.22
3629.53
3631.69
3632.52
3632.71
3636.33
3640.23
3640.94
3642.08
3644.60
3645.79
3646.30
3648.35
3649.73
3652.38
3654.75
3658.11
3658.19
3659.62
3661.24
3665.32
3665.64
3666.24
3668.10
3673.14
3674.22
3676.37
3677.88
3681.06
3682.30
3682.38
3683.81
3685.01
3685.88
3688.60
3688.84
3689.60
3689.99
3699.35
3700.23
3701.59
3703.07
3705.96
3707.88
3708.41
3711.05
3713.02
3714.87
3716.28
3717.16
3718.33
3718.89
3721.55
3721.75
3722.84
3725.05
3725.22
3728.89
3729.73
3730.30
3731.55
3731.59
3731.71
3735.18
3739.11
3740.68
3741.29
3742.59
3744.82
3749.48
3749.52
3750.45
3752.16
3753.05
3755.20
3757.48
3759.51
3760.12
3760.57
3762.69
3766.47
3770.59
3771.20
3771.41
3771.69
3775.74
3777.37
3777.82
3780.23
3780.76
3781.75
3781.91
3782.48
3783.47
3786.45
3789.08
3789.24
3790.47
3790.68
3791.29
3791.91
3794.04
3794.62
3798.27
3801.64
3803.70
3803.82
3806.34
3807.16
3808.27
3808.56
3810.58
3811.90
3813.51
3814.04
3818.96
3822.60
3822.93
3829.10
3830.05
3833.20
3835.44
3846.37
3847.87
3851.16
3852.95
3854.74
3854.87
3855.24
3856.83
3859.58
3860.38
3860.96
3861.17
3866.86
3868.70
3869.20
3870.16
3870.33
3877.88
3880.35
3880.77
3881.57
3883.55
3886.15
3890.27
3891.75
3893.05
3893.60
3897.98
3900.73
3907.19
3908.54
3918.24
3918.45
3918.58
3919.34
3921.08
3927.02
3927.96
3928.77
3928.94
3929.57
3929.74
3931.32
3938.09
3940.35
3942.65
3949.74
3950.55
3957.14
3957.14
3957.27
3957.91
3959.96
3960.43
3962.84
3966.18
3966.78
3971.59
3972.45
3973.96
3975.16
3976.15
3976.32
3978.73
3983.25
3983.30
3984.46
3985.63
3987.22
3989.38
3989.64
3989.64
3992.36
3993.52
3996.03
3997.07
3997.80
3998.06
3998.63
4004.56
4004.69
4005.69
4010.06
4010.20
4011.06
4011.93
4013.67
4015.01
4018.62
4019.97
4022.14
4022.45
4024.32
4026.98
4031.51
4033.08
4033.39
4034.39
4035.22
4038.28
4039.37
4040.81
4042.17
4043.13
4043.31
4043.96
4046.15
4049.70
4051.06
4051.36
4051.63
4052.33
4052.81
4054.92
4055.62
4055.66
4057.68
4060.93
4061.90
4062.03
4062.51
4068.01
4069.73
4070.52
4074.18
4074.80
4078.81
4079.43
4080.75
4081.50
4083.58
4089.15
4089.68
4091.76
4093.84
4095.97
4096.81
4101.47
4103.51
4103.82
4104.04
4104.93
4108.22
4109.24
4119.39
4120.15
4122.47
4130.10
4130.64
4130.77
4134.39
4134.80
4138.96
4141.29
4141.96
4145.91
4147.30
4152.37
4163.93
4163.98
4177.79
4180.64
4183.76
4184.08
4186.39
4189.92
4190.28
4191.87
4194.27
4194.37
4194.86
4197.04
4197.18
4198.09
4205.13
4213.65
4216.98
4217.71
4218.99
4219.35
4222.37
4223.33
4223.65
4225.25
4226.71
4229.32
4230.37
4231.33
4232.11
4235.50
4235.73
4236.37
4237.06
4237.33
4242.06
4243.44
4243.80
4244.26
4248.95
4250.10
4250.97
4253.64
4255.21
4256.96
4258.06
4258.61
4260.92
4263.55
4264.33
4265.44
4274.03
4274.77
4274.96
4275.60
4276.99
4278.47
4278.80
4279.12
4279.45
4283.15
4288.67
4289.60
4289.97
4292.43
4294.10
4295.54
4297.31
4298.10
4298.33
4298.70
4298.80
4298.84
4299.73
4303.82
4312.07
4313.05
4314.31
4314.83
4318.56
4318.94
4319.73
4321.18
4322.12
4323.75
4324.27
4327.50
4328.39
4328.57
4333.31
4334.90
4335.46
4336.97
4339.45
4342.04
4343.82
4345.89
4347.44
4349.00
4349.37
4352.76
4353.33
4354.36
4361.72
4363.70
4370.08
4370.98
4373.25
4373.30
4375.00
4380.92
4382.44
4384.57
4395.50
4395.78
4405.73
4408.21
4413.18
4415.04
4424.75
4426.90
4428.10
4433.33
4433.76
4434.67
4438.89
4439.37
4445.43
4447.84
4452.02
4454.10
4457.28
4459.79
4460.08
4461.19
4462.34
4464.13
4467.51
4469.21
4471.82
4471.87
4477.00
4479.13
4481.02
4485.24
4488.49
4491.07
4491.36
4494.96
4498.36
4498.41
4501.58
4502.75
4514.40
4517.34
4522.72
4523.74
4524.77
4530.40
4531.88
4537.17
4537.76
4541.05
4542.68
4543.46
4547.69
4551.68
4557.79
4559.81
4561.14
4562.18
4567.61
4567.91
4569.49
4570.68
4571.92
4572.16
4572.26
4573.15
4582.96
4593.73
4595.13
4595.92
4596.77
4598.46
4601.69
4602.89
4605.03
4605.53
4607.37
4620.30
4621.70
4623.10
4623.25
4627.11
4630.61
4630.66
4635.27
4638.18
4640.64
4641.30
4641.65
4642.90
4644.66
4645.11
4657.59
4657.80
4659.31
4662.18
4666.22
4668.04
4673.65
4673.75
4677.90
4680.02
4680.83
4683.57
4683.72
4684.08
4687.47
4690.57
4692.50
4693.92
4700.22
4701.80
4704.29
4705.46
4707.91
4707.96
4709.89
4723.01
4728.43
4729.09
4733.85
4736.67
4737.24
4739.80
4740.36
4740.72
4740.98
4754.33
4755.26
4758.81
4762.52
4763.86
4766.33
4771.44
4771.49
4773.35
4780.02
4781.00
4782.19
4783.07
4786.33
4790.63
4794.58
4795.25
4796.60
4801.27
4802.21
4802.57
4802.83
4807.93
4808.76
4809.23
4813.29
4814.07
4814.33
4815.79
4817.77
4820.01
4823.71
4824.03
4827.42
4832.96
4833.80
4837.98
4847.42
4847.78
4851.67
4855.97
4857.23
4857.29
4858.28
4865.07
4868.44
4869.60
4872.55
4879.25
4880.83
4881.15
4882.52
4884.85
4885.48
4887.76
4890.40
4893.68
4898.56
4900.10
4901.79
4901.85
4902.27
4904.66
4911.99
4914.06
4916.40
4918.05
4918.26
4919.43
4919.70
4923.96
4925.66
4927.21
4928.28
4928.81
4929.45
4930.41
4940.77
4941.89
4943.50
4947.99
4948.69
4948.85
4956.08
4958.60
4960.53
4966.07
4967.19
4970.42
4973.97
4974.62
4976.34
4976.39
4984.15
4985.61
4986.15
4986.74
4987.98
4989.06
4993.76
4998.25
4998.63
4998.95
5002.09
5006.04
5009.73
5010.32
5019.60
5022.91
5026.12
5026.45
5027.92
5028.35
5031.94
5036.36
5038.26
5043.12
5044.48
5048.63
5051.42
5056.39
5056.72
5060.61
5067.90
5078.66
5079.53
5080.30
5083.66
5085.42
5089.38
5094.73
5097.87
5101.34
5106.04
5107.53
5111.84
5126.63
5127.08
5137.24
5138.68
5141.02
5146.97
5155.84
5157.12
5158.90
5165.94
5169.13
5174.11
5176.52
5177.13
5185.94
5189.19
5189.47
5193.85
5196.50
5197.62
5202.06
5208.65
5209.72
5212.04
5213.62
5219.94
5222.54
5223.95
5224.57
5227.85
5243.32
5245.87
5255.07
5257.23
5265.32
5269.65
5275.12
5275.30
5276.84
5289.76
5289.81
5294.51
5297.37
5298.06
5298.06
5299.90
5302.59
5309.31
5319.14
5320.58
5322.25
5328.42
5331.13
5333.09
5336.20
5342.33
5343.02
5347.42
5347.82
5348.11
5349.09
5352.45
5355.12
5356.51
5361.67
5362.36
5370.84
5380.38
5382.42
5386.38
5413.49
5415.25
5415.72
5417.65
5418.24
5418.65
5421.40
5425.33
5426.33
5445.15
5446.80
5450.40
5451.46
5453.53
5456.42
5461.32
5470.90
5473.51
5480.44
5481.09
5483.29
5486.13
5488.27
5495.82
5498.97
5508.80
5509.04
5511.36
5515.36
5515.89
5521.21
5530.78
5531.79
5542.16
5543.84
5550.80
5556.15
5559.33
5560.36
5563.79
5570.29
5573.85
5575.36
5575.72
5579.58
5581.69
5582.60
5594.33
5599.54
5601.84
5602.99
5605.05
5605.60
5609.60
5611.49
5611.97
5613.25
5617.32
5619.63
5624.19
5625.96
5628.03
5632.41
5671.73
5672.22
5676.15
5676.77
5683.22
5686.05
5686.42
5688.08
5691.47
5698.55
5699.11
5704.72
5706.14
5707.75
5709.60
5711.82
5712.63
5713.25
5718.81
5720.85
5724.76
5728.22
5738.46
5744.67
5747.04
5752.70
5753.75
5755.75
5761.35
5768.15
5772.02
5781.21
5783.53
5783.90
5799.51
5802.14
5802.58
5803.33
5807.10
5807.92
5808.55
5809.49
5812.13
5815.09
5816.16
5817.29
5824.72
5847.08
5849.61
5851.82
5853.60
5854.48
5856.13
5863.36
5867.36
5867.74
5873.77
5875.74
5881.91
5894.21
5894.27
5900.52
5902.69
5904.55
5905.06
5905.76
5906.66
5907.68
5908.32
5916.83
5925.67
5927.59
5928.94
5941.07
5941.33
5942.49
5946.28
5950.98
5951.43
5969.17
5982.75
5983.26
5986.11
5986.57
5988.83
5990.19
5992.40
5995.64
5996.16
5998.43
6010.78
6011.75
6015.33
6018.26
6020.80
6042.79
6043.32
6044.30
6045.54
6048.09
6050.77
6051.69
6056.01
6058.77
6071.30
6083.79
6090.51
6124.68
6127.00
6129.12
6129.98
6130.84
6132.83
6133.17
6136.02
6136.22
6141.80
6143.39
6145.65
6148.25
6148.65
6159.37
6165.63
6170.31
6172.71
6173.91
6183.20
6186.75
6187.96
6188.02
6189.30
6191.64
6197.87
6219.03
6220.11
6234.19
6234.66
6235.27
6236.42
6251.14
6253.99
6254.46
6260.15
6261.77
6267.47
6296.56
6321.81
6322.36
6330.58
6338.66
6341.20
6348.14
6351.09
6361.27
6364.09
6365.67
6372.29
6382.23
6383.54
6383.54
6393.35
6394.74
6397.51
6414.97
6416.22
6421.92
6424.84
6428.10
6429.22
6430.26
6432.35
6439.24
6441.19
6444.05
6445.24
6447.19
6455.70
6461.23
6472.42
6474.31
6479.15
6481.11
6491.57
6494.38
6497.68
6501.69
6509.85
6515.84
6516.69
6517.61
6520.92
6524.10
6538.73
6545.17
6547.86
6553.74
6570.50
6572.42
6579.18
6583.45
6583.52
6616.94
6618.09
6618.88
6629.12
6647.22
6649.96
6670.13
6670.28
6675.26
6682.85
6684.44
6684.80
6687.40
6690.59
6696.24
6698.77
6706.46
6710.31
6712.56
6723.32
6742.40
6743.35
6755.69
6762.20
6770.77
6773.77
6773.77
6774.58
6782.43
6791.61
6795.94
6839.32
6848.35
6849.17
6851.76
6852.65
6863.85
6869.57
6870.99
6886.99
6896.76
6905.79
6905.94
6907.66
6933.94
6934.85
6939.57
6942.50
6947.39
6955.74
6957.92
6970.95
6985.60
6988.32
6991.88
6992.86
6998.24
6998.31
6998.92
7002.71
7008.69
7012.49
7013.24
7016.20
7018.18
7018.79
7024.48
7033.91
7040.39
7042.22
7042.82
7050.37
7052.66
7055.56
7062.51
7067.18
7067.33
7082.79
7095.45
7105.05
7117.44
7121.44
7132.93
7138.26
7145.83
7155.04
7156.90
7159.45
7161.08
7167.28
7167.44
7174.96
7200.71
7203.98
7207.10
7213.10
7217.09
7226.31
7233.03
7241.10
7245.02
7248.00
7250.58
7254.04
7259.38
7265.66
7268.41
7271.56
7275.73
7281.24
7282.03
7287.94
7295.36
7300.49
7309.34
7319.24
7322.72
7323.20
7330.33
7333.74
7342.56
7348.04
7350.66
7353.93
7360.29
7369.14
7369.94
7384.46
7394.38
7418.42
7420.51
7420.67
7437.06
7444.55
7445.36
7450.03
7460.27
7470.45
7478.05
7481.86
7481.86
7489.47
7489.55
7491.33
7492.79
7496.36
7502.53
7509.92
7510.49
7512.28
7515.77
7526.60
7528.79
7536.21
7555.15
7558.01
7562.10
7564.31
7575.70
7580.45
7588.09
7588.33
7607.24
7613.99
7628.17
7628.92
7630.73
7640.56
7646.68
7653.47
7660.68
7661.34
7683.84
7689.08
7693.41
7707.82
7744.02
7750.39
7782.82
7785.35
7790.57
7808.46
7810.41
7816.24
7826.06
7827.75
7841.31
7848.78
7850.82
7869.28
7870.30
7881.63
7885.81
7894.01
7896.57
7901.61
7904.09
7904.43
7908.37
7911.45
7922.07
7925.67
7927.82
7930.31
7943.01
7949.89
7952.99
7960.57
7970.82
7971.34
7976.43
7988.69
7990.42
7990.77
7990.77
8008.43
8011.89
8016.75
8023.00
8037.59
8039.59
8042.38
8050.74
8060.32
8078.48
8093.88
8096.25
8099.23
8104.22
8114.14
8120.20
8128.02
8128.81
8140.25
8147.65
8159.21
8166.98
8172.46
8176.62
8210.49
8222.49
8256.63
8269.15
8273.09
8275.59
8277.29
8282.67
8290.11
8292.35
8304.21
8304.39
8340.49
8349.34
8351.06
8370.69
8375.40
8380.39
8382.29
8395.91
8408.54
8413.55
8415.37
8431.23
8447.75
8453.42
8464.59
8470.27
8498.45
8498.54
8505.07
8518.06
8543.63
8557.50
8574.56
8576.97
8582.91
8590.34
8594.62
8595.83
8598.81
8607.28
8617.25
8620.70
8620.88
8621.54
8642.18
8652.66
8655.75
8659.78
8663.71
8668.96
8669.99
8681.07
8683.98
8684.92
8690.66
8692.91
8710.24
8720.52
8762.70
8764.69
8766.87
8782.92
8785.67
8792.52
8795.37
8796.80
8797.37
8797.47
8799.94
8810.42
8823.68
8862.15
8865.60
8871.45
8872.80
8888.75
8896.73
8897.79
8904.92
8920.93
8935.22
8940.93
8945.67
8956.23
8960.01
8963.30
8969.51
8974.27
9004.91
9024.81
9027.54
9030.08
9053.95
9059.64
9066.89
9071.70
9081.91
9104.94
9126.54
9128.41
9137.31
9161.76
9167.61
9170.68
9182.70
9239.61
9248.21
9248.41
9249.21
9254.31
9264.93
9280.99
9294.65
9300.29
9304.01
9373.93
9387.53
9387.64
9402.88
9415.30
9551.26
9552.08
9555.39
9565.42
9572.46
9577.33
9595.80
9596.73
9610.24
9621.37
9646.60
9660.07
9661.12
9663.63
9675.55
9677.33
9680.47
9705.22
9710.69
9722.04
9728.88
9729.09
9765.58
9773.83
9791.08
9796.16
9833.44
9851.22
9856.87
9861.99
9863.27
9871.82
9872.03
9881.65
9887.53
9901.98
9912.06
9926.23
9931.60
9937.83
9944.61
9953.43
9956.34
10006.13
10012.52
10020.00
10024.12
10076.31
10083.07
10097.05
10119.14
10120.13
10142.49
10163.58
10199.38
10210.20
10211.53
10214.29
10218.27
10221.81
10223.80
10250.71
10253.71
10253.82
10257.48
10258.15
10275.59
10314.58
10326.30
10357.86
10357.97
10372.66
10376.81
10380.52
10398.62
10404.13
10446.09
10460.23
10460.91
10491.40
10506.74
10524.60
10560.53
10562.36
10590.28
10630.12
10651.88
10672.99
10696.80
10698.42
10758.90
10778.59
10780.46
10786.06
10787.46
10818.67
10843.04
10854.90
10870.53
10870.77
10887.60
10901.74
10901.98
10911.54
10918.74
10985.93
10997.83
11046.24
11077.72
11101.00
11101.72
11105.08
11152.53
11175.96
11253.25
11309.52
11325.56
11326.05
11366.81
11384.54
11433.05
11434.16
11448.77
11452.61
11463.77
11516.85
11533.06
11575.19
11616.97
11676.96
11687.45
11746.40
11749.96
11834.68
11841.72
11844.54
11861.09
11880.74
11885.49
11913.05
11919.11
12036.39
12104.17
12117.41
12135.38
12188.54
12218.78
12252.14
12295.83
12325.80
12326.34
12336.08
12365.74
12383.95
12391.19
12406.21
12434.57
12464.07
12521.52
12563.99
12664.03
12797.09
12804.71
12834.39
12848.42
12853.71
12940.36
12989.74
13010.28
13017.46
13022.53
13067.13
13079.44
13107.63
13157.22
13160.64
13166.05
13176.17
13197.43
13200.85
13210.71
13239.47
13251.94
13257.10
13272.60
13309.42
13347.49
13393.93
13432.82
13472.12
13472.71
13478.39
13589.24
13657.78
13704.56
13748.22
13758.05
13812.34
13849.45
13899.14
13996.48
14028.47
14065.09
14088.85
14091.90
14111.59
14127.78
14146.44
14194.12
14218.87
14263.86
14281.01
14300.64
14424.34
14475.78
14529.91
14531.49
14614.74
14649.89
14751.36
14951.58
14971.65
15000.68
15083.36
15090.05
15133.38
15154.19
15200.17
15201.32
15314.40
15361.87
15530.49
15612.71
15643.65
15679.75
15686.20
15693.50
15716.10
15739.92
15776.41
15778.29
15900.65
16076.76
16225.29
16227.58
16238.11
16376.62
16490.24
16496.30
16543.13
16574.85
16616.15
16622.08
16624.42
16703.75
16731.24
16734.68
16821.27
16850.42
16895.70
17030.78
17076.91
17155.25
17160.44
17184.04
17197.99
17390.53
17414.07
17436.13
17516.30
17715.67
17946.41
18189.20
18297.17
18327.88
18355.27
18521.85
18528.27
18646.92
18691.97
18913.92
19045.76
19324.54
19438.41
19449.13
19481.99
19876.53
20007.28
20059.52
20172.70
20184.93
20209.40
20413.34
20539.62
20572.32
20675.41
20922.96
21002.57
21084.53
21103.48
21173.92
21349.68
21659.60
21755.89
21899.01
21906.83
21910.62
21935.77
22097.99
22326.79
22576.75
22670.01
22868.58
23102.10
23673.46
23783.35
23805.74
23977.13
24357.58
24914.93
24982.96
25552.13
26079.75
26373.45
26733.72
26740.66
27197.91
27211.15
28488.56
28902.74
30002.99
30156.60
31499.61
31729.13
35899.82
37464.12
39893.96
