4.23
4.63
4.72
5.41
5.42
5.80
6.70
6.74
6.90
6.91
7.21
7.57
8.19
8.32
8.34
8.41
8.49
8.52
8.55
8.59
8.74
8.82
9.03
9.30
9.51
9.51
9.78
9.78
9.89
10.02
10.03
10.04
10.11
10.11
10.15
10.38
10.40
10.41
10.47
10.54
10.59
10.89
11.08
11.08
11.17
11.63
11.71
11.96
11.97
12.00
12.17
12.45
12.58
12.63
12.71
12.75
12.76
12.77
12.82
12.99
13.02
13.04
13.22
13.24
13.25
13.47
13.50
13.52
13.55
13.64
13.82
14.01
14.04
14.09
14.10
14.21
14.26
14.30
14.42
14.43
14.55
14.57
14.81
14.83
15.28
15.36
15.36
15.40
15.50
15.52
15.53
15.57
15.58
15.59
15.59
15.66
15.78
16.06
16.31
16.42
16.51
16.56
16.64
16.70
16.71
16.74
16.76
16.81
16.85
16.90
16.90
17.03
17.08
17.15
17.28
17.36
17.46
17.47
17.47
17.49
17.50
17.52
17.56
17.62
17.71
17.71
17.72
17.87
17.95
18.11
18.21
18.23
18.31
18.44
18.49
18.72
18.80
18.81
18.86
18.89
18.94
19.22
19.25
19.26
19.41
19.41
19.56
19.62
19.66
19.79
19.81
19.81
19.82
19.87
19.92
19.93
20.26
20.34
20.46
20.50
20.57
20.62
20.80
20.92
20.99
21.00
21.02
21.13
21.19
21.21
21.28
21.31
21.31
21.32
21.34
21.48
21.83
21.87
21.95
22.08
22.13
22.14
22.16
22.20
22.26
22.27
22.30
22.37
22.42
22.59
22.68
22.70
22.77
22.86
22.90
23.05
23.16
23.35
23.40
23.41
23.43
23.44
23.57
23.59
23.72
23.74
23.83
24.07
24.11
24.26
24.35
24.53
24.61
24.64
24.66
24.70
24.72
24.72
24.85
25.04
25.05
25.13
25.16
25.23
25.27
25.29
25.31
25.32
25.32
25.34
25.48
25.64
25.65
25.65
25.68
25.69
25.75
26.25
26.41
26.58
26.71
26.76
26.85
26.87
26.89
27.04
27.23
27.42
27.61
27.62
27.64
27.66
27.75
27.76
27.78
27.85
27.93
28.05
28.05
28.09
28.18
28.29
28.30
28.35
28.35
28.36
28.40
28.48
28.53
28.63
28.69
28.77
28.78
28.83
28.96
29.00
29.02
29.03
29.04
29.09
29.15
29.19
29.22
29.27
29.31
29.37
29.47
29.49
29.54
29.56
29.66
29.77
29.90
29.92
30.03
30.23
30.32
30.39
30.40
30.43
30.45
30.51
30.60
30.78
30.84
31.18
31.25
31.32
31.36
31.39
31.49
31.70
31.73
31.77
31.79
31.81
31.86
31.90
31.92
31.93
31.93
31.93
31.95
32.08
32.36
32.38
32.40
32.48
32.52
32.58
32.59
32.68
32.71
32.78
32.79
32.80
32.83
32.87
32.87
32.89
32.89
32.91
33.23
33.23
33.44
33.52
33.52
33.76
33.79
33.85
34.18
34.40
34.42
34.49
34.57
34.66
34.69
34.70
34.79
34.80
34.82
34.85
34.92
34.94
35.08
35.12
35.14
35.17
35.37
35.40
35.44
35.54
35.54
35.57
35.60
35.77
35.79
35.81
35.84
36.06
36.08
36.19
36.19
36.20
36.28
36.38
36.38
36.45
36.46
36.54
36.55
36.77
36.87
36.88
36.98
37.00
37.02
37.19
37.21
37.22
37.37
37.43
37.47
37.64
37.74
37.79
38.26
38.28
38.28
38.31
38.43
38.50
38.57
38.62
38.68
38.70
38.80
38.92
38.95
39.19
39.28
39.41
39.54
39.57
39.64
39.67
39.68
39.71
39.76
39.82
39.85
39.90
40.01
40.42
40.54
40.58
40.63
40.67
40.76
40.79
40.81
40.94
40.98
41.04
41.05
41.12
41.26
41.39
41.40
41.40
41.61
41.61
41.65
41.68
41.71
41.75
41.86
42.02
42.19
42.38
42.45
42.46
42.49
42.55
42.62
42.65
42.68
42.85
43.01
43.01
43.25
43.26
43.27
43.27
43.35
43.51
43.53
43.53
43.55
43.55
43.59
43.60
43.76
43.77
43.81
43.92
44.02
44.10
44.10
44.14
44.21
44.24
44.29
44.34
44.36
44.47
44.49
44.49
44.57
44.58
44.60
44.64
44.66
44.73
44.77
44.87
45.05
45.07
45.09
45.10
45.17
45.26
45.45
45.52
45.56
45.59
45.68
45.94
46.05
46.06
46.07
46.20
46.20
46.25
46.28
46.29
46.37
46.44
46.44
46.46
46.48
46.55
46.57
46.77
46.89
46.96
47.11
47.33
47.38
47.56
47.64
47.80
47.81
47.81
47.88
47.98
48.04
48.05
48.21
48.25
48.33
48.37
48.38
48.45
48.49
48.49
48.54
48.71
48.77
48.79
48.87
48.93
48.94
49.08
49.18
49.23
49.29
49.34
49.37
49.45
49.49
49.60
49.65
49.70
49.83
49.85
49.86
50.07
50.16
50.20
50.27
50.37
50.50
50.51
50.65
50.66
50.89
51.06
51.19
51.20
51.20
51.29
51.63
51.72
51.73
51.77
51.84
51.86
51.97
52.27
52.30
52.31
52.33
52.42
52.55
52.66
52.75
52.79
52.79
52.89
53.15
53.16
53.26
53.27
53.29
53.39
53.51
53.54
53.59
53.61
53.65
53.67
53.77
53.92
53.95
53.96
54.06
54.06
54.09
54.28
54.53
54.55
54.57
54.57
54.61
54.68
54.90
54.91
54.92
55.06
55.14
55.25
55.29
55.34
55.38
55.47
55.59
55.63
55.84
55.87
55.93
56.09
56.27
56.41
56.41
56.45
56.49
56.95
57.10
57.20
57.30
57.65
57.65
57.83
57.86
57.92
58.00
58.01
58.06
58.06
58.11
58.11
58.12
58.30
58.61
58.66
58.81
58.93
59.03
59.06
59.29
59.37
59.46
59.51
59.55
59.55
59.70
59.77
59.80
59.81
60.09
60.16
60.21
60.25
60.56
60.77
60.86
60.87
60.91
60.94
61.01
61.07
61.07
61.09
61.13
61.37
61.44
61.69
61.88
62.13
62.39
62.42
62.44
62.58
62.60
62.80
62.93
62.96
63.16
63.18
63.27
63.37
63.45
63.49
63.56
63.60
63.94
64.02
64.11
64.15
64.17
64.18
64.25
64.28
64.31
64.34
64.53
64.73
64.96
65.34
65.38
65.42
65.89
65.93
66.04
66.04
66.21
66.48
66.71
66.80
66.80
66.86
67.03
67.06
67.07
67.14
67.19
67.28
67.30
67.33
67.44
67.45
67.47
67.87
68.17
68.18
68.24
68.26
68.26
68.28
68.63
68.63
68.64
68.68
68.92
68.93
69.00
69.02
69.09
69.19
69.23
69.34
69.40
69.67
69.82
69.83
69.92
70.00
70.12
70.15
70.20
70.22
70.30
70.45
70.46
70.73
70.88
70.99
71.00
71.05
71.24
71.43
71.48
71.59
71.60
71.63
71.66
71.73
71.89
72.04
72.15
72.24
72.30
72.32
72.43
72.82
72.83
72.89
72.94
72.97
72.98
73.25
73.39
73.42
73.43
73.48
73.53
73.56
73.82
74.04
74.07
74.13
74.21
74.29
74.29
74.32
74.32
74.44
74.52
74.55
74.62
74.62
74.83
74.84
75.00
75.01
75.04
75.44
75.62
75.67
75.68
75.69
75.70
75.97
76.02
76.11
76.18
76.34
76.58
76.62
76.66
76.69
76.84
77.21
77.26
77.30
77.49
77.58
77.64
77.68
77.68
77.73
78.15
78.26
78.32
78.62
78.74
78.78
78.88
78.93
78.97
79.12
79.14
79.19
79.21
79.40
79.41
79.41
79.42
79.44
79.61
79.72
79.77
79.83
79.89
79.97
79.98
80.00
80.05
80.05
80.07
80.26
80.27
80.31
80.37
80.55
80.56
80.58
80.58
80.62
80.72
80.80
80.81
81.03
81.08
81.21
81.23
81.39
81.43
81.47
81.52
81.62
81.63
81.79
81.92
81.96
82.02
82.09
82.11
82.12
82.20
82.23
82.23
82.31
82.44
82.51
82.68
82.71
82.73
82.82
82.86
83.04
83.09
83.16
83.19
83.52
83.61
83.61
83.81
83.84
84.00
84.04
84.23
84.26
84.40
84.47
84.49
84.57
84.78
84.78
84.85
85.00
85.02
85.03
85.47
85.49
85.64
85.78
85.81
85.82
86.08
86.10
86.16
86.52
86.74
86.75
86.86
86.98
87.28
87.34
87.59
87.64
87.64
87.67
87.69
87.75
87.94
87.98
88.11
88.17
88.25
88.40
88.43
88.59
88.74
88.79
89.01
89.08
89.15
89.18
89.31
89.38
89.40
89.47
89.49
89.54
89.61
89.64
89.67
89.73
89.82
90.04
90.07
90.14
90.16
90.17
90.40
90.48
90.53
90.67
90.84
90.87
90.88
91.01
91.14
91.14
91.25
91.32
91.33
91.35
91.49
92.11
92.11
92.12
92.23
92.29
92.41
92.60
92.66
92.71
92.82
93.11
93.12
93.19
93.31
93.51
93.60
93.60
93.71
93.78
93.89
93.90
94.00
94.00
94.03
94.07
94.07
94.22
94.34
94.47
94.72
94.94
95.07
95.21
95.22
95.27
95.29
95.47
95.59
95.66
95.75
95.84
95.84
95.85
95.91
96.01
96.08
96.09
96.21
96.23
96.26
96.34
96.35
96.36
96.63
96.63
96.68
96.73
96.75
96.77
96.81
96.83
97.23
97.24
97.25
97.26
97.46
97.47
97.51
97.62
97.71
97.89
97.98
98.08
98.38
98.39
98.68
98.79
98.93
99.01
99.01
99.13
99.23
99.44
99.51
99.56
99.63
99.64
99.74
99.86
100.10
100.14
100.23
100.25
100.26
100.41
100.51
100.52
100.67
100.69
100.71
100.75
100.94
101.00
101.08
101.08
101.15
101.18
101.57
101.61
101.72
101.75
101.82
101.98
102.16
102.18
102.44
102.46
102.51
102.60
102.70
102.90
102.92
102.95
103.04
103.06
103.07
103.12
103.25
103.32
103.33
103.49
103.51
103.72
103.74
103.94
104.03
104.11
104.31
104.32
104.37
104.40
104.49
104.56
104.60
104.70
104.98
105.00
105.12
105.35
105.56
105.80
105.81
105.85
105.87
105.92
105.96
106.04
106.17
106.18
106.22
106.40
106.48
106.52
106.72
106.73
106.73
107.07
107.34
107.73
107.78
107.84
107.84
108.06
108.11
108.27
108.29
108.65
108.76
108.80
108.81
108.83
108.95
108.96
109.08
109.23
109.31
109.55
109.60
109.61
109.68
109.77
109.84
109.84
109.92
110.21
110.50
110.57
110.65
110.66
110.74
111.07
111.14
111.20
111.35
111.35
111.42
111.50
111.93
112.11
112.12
112.18
112.19
112.40
112.51
112.54
112.63
112.79
113.03
113.06
113.32
113.42
113.44
113.50
113.77
113.82
113.86
113.97
114.10
114.16
114.26
114.34
114.56
114.68
114.71
114.76
115.00
115.04
115.08
115.72
115.87
115.89
116.00
116.06
116.07
116.08
116.15
116.20
116.23
116.48
116.51
116.65
116.65
116.68
116.84
116.84
116.92
116.97
116.99
117.08
117.25
117.34
117.34
117.38
117.56
117.59
117.60
117.63
117.66
117.81
118.21
118.21
118.41
118.58
118.88
118.98
119.01
119.05
119.07
119.13
119.37
119.44
119.47
119.56
119.58
119.82
119.92
120.01
120.27
120.36
120.56
120.59
120.77
120.82
120.92
121.09
121.12
121.39
121.39
121.48
121.59
121.86
121.93
122.24
122.48
122.57
122.63
122.86
123.02
123.11
123.18
123.30
123.49
123.53
123.54
123.55
123.61
123.66
123.96
124.01
124.07
124.49
124.51
124.66
124.72
124.76
124.77
124.82
125.19
125.19
125.23
125.39
125.47
125.67
125.76
125.82
125.83
125.91
125.96
125.96
126.18
126.26
126.26
126.31
126.33
126.45
126.54
126.70
126.92
126.97
127.07
127.08
127.11
127.13
127.17
127.18
127.33
127.71
127.80
127.99
128.27
128.52
128.59
129.25
129.40
129.59
129.61
129.68
129.69
129.71
129.93
130.01
130.10
130.15
130.27
130.29
130.32
130.53
130.76
130.84
130.84
130.89
130.90
130.98
131.16
131.25
131.40
131.42
131.79
131.91
132.10
132.12
132.26
132.74
132.75
132.81
132.83
132.90
132.98
133.30
133.40
133.44
133.45
133.65
133.66
133.94
133.98
134.09
134.27
134.30
134.35
134.46
134.67
134.91
135.06
135.09
135.10
135.29
135.39
135.66
135.85
135.98
136.32
136.40
136.64
136.81
137.06
137.14
137.34
137.45
137.70
137.74
137.82
137.97
138.00
138.04
138.06
138.14
138.16
138.21
138.41
138.56
138.58
138.81
138.91
138.99
139.00
139.52
139.58
139.72
139.76
139.89
140.24
140.63
140.63
140.64
140.65
140.76
140.77
141.27
141.40
141.43
141.44
141.56
141.65
141.75
141.78
141.78
141.91
142.08
142.21
142.28
142.36
142.41
142.59
142.60
142.62
142.70
142.85
143.16
143.47
143.58
144.09
144.11
144.34
144.39
144.47
144.50
144.55
144.65
144.70
144.72
144.77
144.99
145.66
145.67
145.72
145.89
146.27
146.29
146.51
146.66
146.66
146.77
146.86
146.87
146.95
146.97
147.42
147.62
147.73
147.80
147.90
147.95
147.99
148.02
148.06
148.15
148.41
148.43
148.88
148.89
149.05
149.09
149.24
149.44
149.58
149.70
149.90
149.98
150.00
150.01
150.19
150.20
150.36
150.86
150.98
151.07
151.16
151.26
151.45
151.51
151.57
151.59
151.61
151.65
151.83
151.88
152.26
152.31
152.45
152.49
152.66
152.78
153.01
153.08
153.09
153.11
153.19
153.35
153.62
153.80
153.83
153.85
153.90
153.91
153.95
153.99
154.17
154.18
154.24
154.34
154.34
154.58
154.94
155.49
155.51
155.57
155.59
155.72
156.11
156.12
156.38
156.42
156.44
156.60
156.64
156.80
157.01
157.12
157.24
157.46
157.53
157.55
157.65
157.65
157.78
157.89
157.97
158.04
158.18
158.22
158.30
158.41
158.48
158.67
158.70
158.83
158.95
158.99
159.13
159.32
159.35
159.43
159.45
159.55
159.67
160.01
160.10
160.17
160.38
160.49
160.68
160.74
160.82
160.99
161.16
161.28
161.32
161.93
161.95
162.09
162.10
162.40
162.47
162.61
162.66
162.77
163.12
163.17
163.18
163.67
163.70
163.72
163.87
163.90
164.15
164.22
164.39
164.48
164.66
164.87
164.95
165.42
165.52
165.77
165.83
166.00
166.01
166.04
166.09
166.45
166.52
166.60
166.74
166.83
167.25
167.33
167.35
167.68
168.08
168.24
168.35
168.50
168.63
168.71
168.74
168.75
168.80
168.91
169.31
169.35
169.38
169.86
169.97
170.04
170.12
170.28
170.94
170.97
171.02
171.03
171.13
171.22
171.25
171.40
171.71
171.79
172.08
172.13
172.46
172.93
172.99
173.03
173.12
173.33
173.34
173.46
173.66
173.83
174.10
174.17
174.62
174.70
174.70
174.71
174.74
175.03
175.08
175.24
175.37
175.47
175.52
175.54
175.64
175.70
175.82
175.87
175.99
176.16
176.21
176.41
176.44
176.51
176.69
176.86
177.00
177.05
177.22
177.25
177.32
177.39
177.43
177.59
177.84
177.85
177.86
177.96
178.18
178.19
178.40
178.43
178.45
178.51
178.65
178.77
178.85
178.95
179.09
179.19
179.42
179.47
179.68
179.78
179.93
180.03
180.40
180.43
180.84
181.02
181.09
181.26
181.64
181.64
181.68
181.69
182.06
182.08
182.54
182.71
182.75
183.10
183.29
183.30
183.71
184.10
184.43
184.46
184.57
185.32
185.86
185.86
186.21
186.22
186.28
186.29
186.31
186.43
186.47
186.63
186.73
186.76
187.08
187.42
187.59
187.65
187.70
187.92
188.07
188.09
188.20
188.26
188.61
188.71
188.80
188.85
188.87
188.90
188.97
189.94
190.17
190.20
190.45
190.55
190.73
190.94
190.97
191.10
191.14
191.23
191.57
192.00
192.39
192.42
192.58
192.58
192.76
192.89
192.93
192.98
193.00
193.00
193.25
193.38
193.43
193.57
193.82
193.86
193.92
194.03
194.12
194.23
194.24
194.33
194.41
195.12
195.51
195.73
196.26
196.37
196.43
196.48
196.54
196.57
196.84
197.05
197.13
197.32
197.40
197.55
197.96
198.12
198.31
198.54
198.56
198.56
198.62
198.67
198.78
198.97
199.03
199.04
199.52
199.78
199.92
200.07
200.08
200.35
200.39
200.42
200.47
200.53
200.76
200.88
200.91
200.95
200.97
201.03
202.07
202.27
202.28
202.49
202.49
202.50
203.08
203.28
203.32
203.34
203.62
203.73
204.68
204.73
204.99
205.29
205.39
205.42
205.55
205.80
205.94
206.06
206.16
206.22
206.32
206.39
206.44
206.80
206.82
206.86
207.37
207.51
207.66
207.78
207.82
207.91
208.09
208.38
208.50
209.03
209.07
209.51
209.53
209.54
209.67
209.94
209.96
210.01
210.01
210.15
210.52
210.59
210.61
210.78
210.80
210.82
211.14
211.21
211.41
212.04
212.07
212.32
212.36
212.37
212.39
212.72
212.73
212.79
212.84
213.21
213.30
213.40
213.55
213.65
214.05
214.07
214.56
214.66
214.67
215.00
215.17
215.37
215.38
216.09
216.20
216.42
216.61
216.63
216.69
216.80
216.99
217.56
217.59
217.63
217.64
218.14
218.34
218.45
218.71
218.73
218.87
218.94
219.22
219.25
219.32
219.32
219.39
219.51
219.56
219.74
220.21
220.55
220.56
220.91
220.91
221.19
221.32
221.46
221.54
221.64
221.66
222.05
222.25
222.36
222.40
222.58
222.67
222.68
222.69
222.70
222.73
222.81
222.88
222.88
223.05
223.05
223.38
223.42
223.47
223.57
223.89
224.04
224.59
224.59
224.60
224.75
224.84
224.95
225.07
225.10
225.32
225.45
225.67
225.77
226.27
226.43
226.46
226.92
227.06
227.07
227.12
227.18
227.21
227.27
227.42
227.93
228.07
228.50
228.50
228.53
228.81
229.29
229.65
229.80
230.64
230.83
231.30
231.58
231.82
231.85
231.86
232.06
232.07
232.29
232.42
232.50
232.65
232.69
232.78
232.91
233.01
233.02
233.24
233.45
233.54
233.76
233.79
233.81
233.88
234.00
234.11
234.13
234.19
234.23
234.29
234.59
234.71
234.93
235.16
235.48
235.52
235.82
236.33
236.46
236.53
236.67
236.76
236.92
237.11
237.57
237.59
237.59
237.65
237.66
237.68
237.77
237.83
237.84
238.12
238.49
238.52
238.52
238.65
238.94
239.10
239.20
239.28
239.44
239.72
239.75
239.87
239.96
240.06
240.23
240.32
240.33
240.40
240.41
240.47
240.66
240.90
240.93
241.14
241.17
241.19
241.39
241.39
241.47
241.47
241.51
241.67
241.69
241.92
241.94
242.07
242.09
242.14
242.18
242.20
242.74
242.98
243.15
243.17
243.43
243.66
243.78
243.80
243.84
244.06
244.21
244.27
244.33
244.41
244.68
244.71
244.87
244.90
245.26
245.36
245.45
245.68
245.84
246.09
246.88
247.06
247.41
247.73
247.77
247.93
248.25
248.27
248.29
248.36
248.75
249.04
249.45
249.46
249.60
249.67
249.94
250.14
250.34
250.40
251.04
251.66
252.61
252.87
253.07
253.38
254.13
254.52
254.70
254.78
255.04
255.10
255.23
255.37
255.44
255.45
255.74
255.86
255.89
256.00
256.07
256.11
256.18
256.71
256.76
256.94
257.26
257.39
257.65
257.82
257.86
257.97
258.47
258.84
258.85
259.43
260.00
260.16
260.17
260.35
260.48
260.58
260.68
261.07
261.15
261.34
261.38
261.43
261.45
261.74
261.98
262.01
262.11
262.20
262.57
262.78
263.13
263.34
263.37
263.45
263.45
263.68
263.76
263.84
263.90
263.94
263.98
263.99
264.20
264.29
264.44
264.51
264.82
264.94
265.33
266.02
266.34
266.47
266.50
266.68
266.78
266.89
267.31
267.42
267.51
267.98
268.01
268.16
268.25
268.78
268.82
269.08
269.64
269.97
270.06
270.06
270.08
270.27
271.06
271.10
271.43
271.60
271.64
271.76
273.01
273.07
273.26
273.43
273.53
273.62
274.02
274.15
274.30
274.43
274.44
274.55
274.75
275.23
275.53
275.58
275.73
275.74
276.10
276.87
277.59
277.60
277.88
277.97
277.98
278.12
278.17
278.17
278.25
278.68
278.70
278.72
279.04
279.37
279.46
279.52
279.54
280.18
280.22
280.43
280.62
280.90
281.01
281.42
281.67
281.99
282.12
282.28
282.36
282.83
282.99
283.09
283.38
283.71
283.76
283.88
284.13
284.14
284.55
284.75
284.88
284.91
285.28
285.29
285.52
285.63
285.87
285.95
286.19
286.19
286.29
286.47
286.68
286.79
286.81
286.93
287.05
287.15
287.17
287.43
287.48
287.66
287.75
287.97
288.12
288.23
288.40
288.44
288.52
288.56
288.62
288.62
288.82
289.19
289.29
289.50
289.81
289.84
289.87
289.91
290.04
290.68
291.06
292.14
292.19
292.34
292.40
292.79
292.84
292.89
293.46
293.60
293.81
294.62
294.69
294.73
294.93
294.95
295.36
295.65
295.86
295.94
296.12
296.23
296.23
296.34
296.78
296.79
297.28
297.67
297.83
297.91
297.95
298.53
299.67
299.74
299.77
299.85
299.94
299.96
300.03
300.22
300.63
300.70
300.77
300.82
301.21
301.58
301.80
302.32
302.46
302.49
302.51
302.93
303.13
303.34
303.75
303.81
304.12
304.40
304.45
304.68
305.40
305.69
305.98
306.27
306.48
306.72
306.80
306.95
307.22
308.06
308.21
308.23
308.57
308.83
308.98
309.02
309.21
309.83
310.14
310.26
310.51
310.71
311.03
311.12
311.60
311.96
312.14
312.16
312.65
312.76
312.81
312.82
313.09
313.10
313.20
313.42
313.59
313.90
314.00
314.23
314.24
314.31
314.63
315.28
315.41
315.42
315.71
316.08
316.49
317.15
317.16
317.34
317.37
318.21
318.36
318.72
318.72
318.75
318.88
318.91
319.12
319.53
319.60
319.76
319.79
319.86
319.86
319.97
320.04
320.36
320.49
320.57
320.75
321.34
321.40
321.54
321.93
322.59
322.76
322.92
323.27
323.30
323.42
323.45
323.70
324.63
324.90
325.67
326.99
327.44
327.74
328.00
328.10
328.22
328.70
328.70
329.05
329.10
329.40
329.70
329.94
329.99
330.03
330.14
330.71
330.82
331.49
331.57
331.83
332.43
332.54
332.73
332.99
333.20
333.22
333.24
333.39
333.84
333.86
334.56
334.84
334.85
335.04
335.21
335.53
335.86
335.98
336.16
336.24
336.64
337.06
337.13
337.28
337.60
337.61
337.63
337.71
337.79
338.13
338.34
338.47
339.13
339.15
339.42
340.02
340.05
340.15
340.17
340.49
340.53
340.54
340.58
340.65
340.77
340.80
340.95
341.48
341.73
341.95
342.05
342.07
342.86
343.00
343.09
343.38
343.54
343.81
344.19
344.20
344.22
344.50
344.52
344.56
344.57
344.84
344.94
345.06
345.22
346.11
346.16
346.38
346.49
346.87
347.29
347.72
348.07
348.09
348.25
348.59
349.17
349.31
350.32
350.88
350.95
350.99
351.08
351.10
351.14
351.15
351.41
351.61
351.76
351.85
352.09
352.27
352.48
352.80
352.86
354.25
354.77
355.08
355.12
355.64
355.86
356.56
356.61
357.51
357.53
357.56
357.85
358.03
358.06
358.37
358.41
358.65
358.75
358.91
359.25
359.38
359.68
359.72
359.73
359.97
360.08
361.38
361.66
362.42
362.63
362.87
363.07
363.11
363.32
363.38
363.40
363.47
363.52
363.92
365.21
365.66
365.81
365.91
365.92
366.08
366.13
366.89
366.97
367.00
367.57
367.70
367.77
367.83
367.89
367.99
368.56
369.21
369.78
369.83
369.89
370.05
370.09
370.21
370.23
372.06
372.06
372.38
372.41
372.43
372.48
372.52
372.72
372.83
373.00
373.38
373.42
373.58
373.62
373.69
373.72
374.13
374.18
374.74
375.26
375.35
375.46
375.48
375.73
376.40
376.46
376.55
376.61
377.17
377.29
377.48
377.51
377.92
378.10
378.82
379.05
379.41
379.47
379.92
380.01
380.19
380.26
380.33
380.38
381.23
381.57
381.61
381.66
381.66
382.20
382.22
382.27
382.92
382.98
383.15
383.33
383.34
383.36
383.37
383.42
383.92
384.55
384.90
386.15
386.27
386.72
387.00
387.34
387.42
387.49
387.50
387.50
387.71
387.73
387.97
388.03
388.08
388.59
388.89
389.03
389.14
389.41
389.59
389.67
389.71
389.74
390.10
390.22
390.27
390.70
391.03
391.55
391.64
392.33
392.66
392.99
393.15
393.59
393.70
393.72
393.75
393.95
394.12
394.23
394.67
394.75
394.78
394.87
395.41
395.55
395.95
395.96
396.65
396.94
397.20
397.43
397.54
397.58
397.85
397.91
398.35
398.47
398.50
398.55
398.92
399.10
399.40
399.82
400.44
400.47
400.73
400.91
401.52
401.67
402.00
402.48
402.70
402.70
402.89
402.93
402.98
403.08
403.52
403.59
403.80
403.87
404.36
404.88
405.27
405.88
405.96
406.00
406.01
406.18
406.38
407.09
407.31
407.46
407.80
407.90
407.92
407.99
408.34
408.73
408.90
409.99
410.21
410.28
410.71
411.10
411.29
411.56
411.75
411.80
412.66
413.16
413.39
413.98
414.18
414.63
414.71
415.19
415.78
416.19
416.23
416.63
416.71
416.99
417.11
417.34
417.46
417.57
417.60
418.53
418.59
418.76
418.96
419.19
419.63
419.72
419.74
419.81
420.21
420.22
420.57
420.69
420.74
420.76
421.39
421.65
422.27
422.58
422.79
423.12
423.35
423.53
423.62
423.83
423.83
424.00
424.05
424.08
424.08
424.16
424.22
424.53
424.93
424.98
425.08
425.22
425.34
425.56
425.90
426.26
426.59
427.42
427.60
427.71
428.23
428.53
428.53
428.94
429.06
429.61
429.66
429.70
430.05
430.23
430.49
430.71
430.83
430.84
430.86
431.09
431.32
431.34
431.52
431.72
431.88
431.96
432.12
432.45
432.87
433.05
433.31
433.39
433.47
433.49
433.56
434.14
434.48
434.48
434.52
434.80
435.17
435.40
435.70
435.93
436.15
436.39
436.48
436.55
437.17
437.51
437.64
437.76
438.05
438.69
439.22
440.10
440.38
440.73
441.59
441.65
441.93
441.96
442.38
442.50
442.71
443.02
443.08
443.27
443.76
444.07
444.28
444.55
444.63
445.04
445.36
445.63
445.65
445.99
446.07
446.43
446.48
447.21
447.33
447.41
447.44
447.45
448.47
448.99
449.44
449.59
450.11
450.44
450.56
451.34
451.99
452.16
452.33
452.48
453.13
453.34
453.38
453.70
453.92
454.01
454.11
454.25
454.68
455.71
455.72
455.85
456.47
456.65
456.71
456.83
457.17
457.21
457.28
457.60
457.94
457.94
458.25
458.62
458.72
459.07
459.64
460.27
460.79
460.81
460.86
461.03
461.17
461.32
461.68
462.10
462.47
462.50
462.75
462.75
462.84
463.00
463.23
463.34
463.59
463.63
463.70
463.81
464.14
464.50
464.58
464.62
464.66
465.00
465.28
465.39
465.73
466.05
466.50
466.77
466.85
467.07
467.21
467.60
468.07
468.08
468.17
468.54
468.83
469.01
469.50
469.58
469.81
469.94
470.01
470.12
470.31
470.38
470.59
470.76
470.85
472.33
472.41
473.12
473.58
473.65
474.02
474.41
474.68
475.16
475.17
475.53
475.58
475.59
475.64
477.01
477.45
477.50
477.92
477.97
478.34
478.77
479.06
479.19
479.29
479.45
479.49
479.65
480.00
480.10
480.35
480.42
481.02
481.11
481.51
481.70
481.91
482.32
482.42
482.77
482.87
483.08
483.30
483.39
483.45
483.49
483.54
483.75
484.48
484.56
484.80
485.04
485.31
486.27
486.44
486.66
487.18
487.60
487.63
487.88
488.22
488.29
488.29
488.44
488.48
489.14
489.24
489.45
489.73
489.94
490.09
490.10
490.47
491.18
491.33
491.75
491.77
491.77
492.10
492.75
492.89
493.01
493.05
493.08
493.14
493.60
493.72
493.87
494.01
494.42
495.21
495.66
495.87
496.09
496.23
496.47
497.55
497.63
498.18
498.25
498.28
498.38
498.95
499.04
499.48
499.66
499.81
500.07
500.13
500.36
500.63
500.67
500.93
501.20
501.45
501.93
502.07
502.26
502.28
502.53
502.71
502.90
503.52
503.55
503.78
504.11
504.30
504.39
504.46
504.62
504.67
504.93
505.16
505.22
505.45
505.59
505.90
506.04
506.56
506.69
507.13
507.73
507.74
507.89
508.42
508.50
508.66
508.73
509.60
509.76
509.99
510.52
510.62
511.49
511.61
512.91
513.59
513.73
514.40
514.90
515.74
516.29
516.66
516.94
517.14
517.45
517.54
517.57
517.62
518.42
518.66
519.08
519.26
519.51
520.07
520.35
520.98
521.35
521.47
522.57
522.96
523.08
523.31
523.53
523.69
523.76
523.97
524.01
524.06
524.87
526.12
526.22
526.25
526.59
528.79
529.35
529.61
529.94
530.50
530.57
530.98
531.00
531.07
531.07
531.08
531.11
531.16
531.36
531.37
531.92
533.04
533.08
533.36
534.45
534.47
534.65
534.97
535.06
536.15
536.16
536.38
536.47
536.67
536.74
536.86
537.05
537.24
537.34
537.35
537.99
538.26
539.16
540.14
540.20
540.25
540.30
541.11
541.24
541.90
542.03
542.15
542.21
542.27
542.33
542.40
542.41
542.58
543.16
543.27
543.32
543.49
543.95
544.68
545.22
545.74
546.21
546.43
546.63
547.22
547.31
548.56
548.58
549.23
549.24
549.29
550.00
550.72
551.09
551.80
552.29
552.30
552.35
552.48
552.91
552.94
553.29
553.52
553.97
554.18
554.25
555.01
555.32
555.73
555.92
556.16
557.54
557.61
558.25
560.24
560.54
560.68
560.96
561.42
561.53
561.83
562.19
562.64
562.75
562.85
562.93
563.32
563.42
563.47
564.29
564.59
565.23
565.40
565.63
565.80
566.01
566.69
568.07
568.28
568.34
568.50
568.55
568.61
568.73
568.92
568.95
569.33
570.06
570.21
570.51
570.51
570.72
571.00
571.31
571.91
571.96
572.24
572.30
572.41
572.49
572.50
572.79
573.01
574.46
574.54
575.08
575.30
576.45
576.47
576.67
576.73
577.64
577.99
578.04
578.19
578.94
579.06
579.16
579.50
579.96
580.24
580.32
580.35
580.84
581.95
582.44
582.48
582.90
583.01
584.00
584.06
584.33
584.34
584.93
585.26
585.33
585.67
585.82
586.11
586.19
586.23
586.29
587.11
587.49
587.66
587.91
587.99
588.09
588.71
588.77
588.91
589.11
589.60
589.79
589.88
590.09
590.36
590.84
590.89
591.42
592.15
592.81
593.26
593.32
593.76
593.86
594.12
594.17
594.28
594.33
594.46
594.94
595.30
595.42
595.42
595.55
595.67
595.83
595.87
595.97
596.88
597.42
597.72
597.73
597.76
598.00
598.05
598.13
598.27
598.43
598.65
598.71
599.04
599.35
599.91
600.27
600.91
601.01
601.15
601.67
601.71
602.14
603.07
603.19
603.94
604.02
604.22
604.36
604.63
604.68
605.03
605.09
605.36
605.76
606.14
606.21
606.45
607.72
607.82
607.85
608.32
608.50
608.58
608.74
608.98
609.09
610.37
610.41
610.62
611.07
611.49
611.56
612.03
612.37
612.81
612.98
613.02
613.21
613.59
613.61
614.30
614.56
614.90
615.03
615.48
615.75
615.76
616.11
616.34
616.51
617.99
618.03
618.38
618.82
619.28
619.45
619.74
620.06
620.17
620.58
621.05
621.49
621.87
622.07
622.63
623.11
623.36
623.52
623.81
623.93
624.01
624.17
624.56
624.89
625.00
625.03
625.47
626.17
626.34
626.55
626.98
627.72
628.12
628.99
629.11
629.58
629.81
630.24
630.27
630.72
631.04
631.45
631.47
631.48
631.70
632.77
633.12
633.18
633.27
633.34
633.70
634.03
634.57
634.67
634.71
634.86
635.25
635.35
635.57
635.86
635.89
636.02
636.52
636.55
637.16
637.57
637.57
637.66
638.31
638.41
639.01
639.08
639.21
639.44
640.10
640.16
640.35
640.93
641.00
642.54
642.63
643.51
643.92
644.65
645.30
645.39
645.73
646.50
646.56
647.45
647.66
647.71
647.79
648.26
649.17
649.22
649.35
649.82
650.57
650.69
651.52
652.09
652.10
652.20
652.28
652.49
653.56
653.73
654.21
654.22
654.90
654.98
655.00
655.07
656.00
656.02
656.45
656.67
657.47
657.86
657.91
658.53
658.68
659.13
659.52
659.54
659.91
660.20
660.37
660.46
660.66
660.85
660.97
661.24
661.26
661.27
661.46
661.84
661.93
662.26
663.26
663.57
663.82
663.82
664.10
664.17
664.37
664.39
664.80
664.87
665.01
665.30
665.37
665.86
666.10
666.51
666.82
666.83
667.25
667.44
667.88
669.44
669.61
669.75
670.03
670.13
670.16
670.28
670.45
670.52
670.61
670.85
671.35
671.52
671.95
672.21
672.42
674.03
674.27
674.48
674.91
675.07
675.14
675.37
675.53
675.87
675.99
676.32
676.36
676.44
676.49
676.57
676.59
677.10
678.17
678.18
678.61
679.49
679.52
679.59
679.82
680.28
680.35
680.42
680.43
680.67
680.78
681.60
681.85
681.88
681.94
682.35
682.88
683.05
683.48
683.68
683.77
683.83
685.02
685.08
685.62
685.74
686.00
686.76
686.88
687.72
687.82
688.03
688.11
688.64
688.70
688.93
690.19
690.37
690.85
690.92
693.97
694.13
694.50
694.55
694.70
694.75
694.82
696.14
696.48
696.56
696.66
696.77
696.99
697.48
698.56
698.75
700.01
700.94
701.06
701.18
701.25
701.57
701.59
701.78
701.81
702.04
702.95
703.02
703.37
703.65
704.29
704.72
705.55
705.60
705.86
706.41
706.71
707.14
707.42
708.57
708.84
709.22
709.53
709.58
709.69
709.82
710.39
710.57
710.59
710.89
711.35
711.53
711.74
711.99
712.98
713.61
713.89
714.66
714.80
714.80
715.20
715.23
717.57
717.73
718.07
719.40
719.44
720.35
720.42
720.46
720.76
720.88
721.40
721.64
721.80
722.73
723.27
723.47
724.32
724.59
724.98
725.21
725.54
725.96
726.33
726.52
726.85
727.05
727.44
727.45
727.88
727.90
727.92
728.16
728.31
728.44
729.27
729.59
730.38
731.02
731.19
732.64
733.02
733.25
733.63
734.11
734.29
734.33
734.93
736.40
736.73
737.26
737.29
737.40
737.56
737.74
737.87
738.04
738.11
738.56
738.93
739.47
739.96
740.73
740.77
740.84
741.12
741.69
742.52
742.94
743.52
743.89
744.16
744.66
744.83
745.12
748.01
748.85
749.15
749.20
749.84
750.26
750.79
750.79
751.16
751.56
751.57
751.89
751.90
751.93
752.27
752.52
753.28
753.76
754.07
754.69
754.98
755.32
755.71
755.78
755.86
756.00
756.12
756.37
756.91
757.48
757.63
757.76
758.26
758.27
758.30
758.33
758.34
758.57
758.80
758.86
759.59
759.83
759.87
760.37
760.89
760.91
761.52
761.92
762.39
762.49
763.42
763.90
763.95
763.95
764.77
764.96
765.36
765.43
766.78
766.95
767.31
767.81
767.91
767.98
768.51
768.52
769.11
770.35
771.18
771.19
771.43
771.65
771.67
771.80
771.90
772.41
772.93
773.11
773.31
773.56
774.54
775.51
775.92
777.18
777.34
778.41
780.18
780.56
780.65
781.21
782.64
783.36
783.42
783.53
783.92
783.98
784.40
784.60
785.10
785.60
786.95
787.05
787.50
788.44
788.53
788.95
789.17
790.02
791.28
791.36
791.42
791.62
792.25
792.54
792.75
794.73
795.22
795.27
795.84
795.86
796.08
796.10
796.16
797.15
797.16
799.73
800.08
800.87
801.19
801.23
801.40
801.42
802.21
802.21
802.41
803.11
804.19
804.34
804.50
805.44
806.21
807.14
807.97
808.02
808.19
809.33
809.40
809.57
809.62
809.79
809.81
810.03
810.08
810.19
810.73
811.30
811.34
812.03
812.47
812.90
813.32
813.41
814.00
814.65
814.69
814.88
814.94
814.97
815.04
815.23
815.28
815.46
815.51
816.68
816.87
817.45
819.08
819.72
819.86
820.49
820.61
820.73
821.01
821.27
822.41
822.50
823.06
824.02
824.27
824.29
824.42
825.95
826.65
827.22
827.37
827.63
827.64
828.21
828.22
828.38
828.59
828.72
828.76
828.93
828.96
829.21
830.87
831.05
831.52
832.24
832.37
832.95
833.32
834.25
834.42
834.47
834.94
835.49
835.68
835.88
835.93
837.16
837.18
837.30
838.10
838.86
839.54
839.61
839.65
839.68
840.19
840.40
840.60
840.78
841.24
841.51
843.79
843.80
843.96
845.28
846.23
846.32
846.85
847.05
847.30
847.36
848.06
848.51
848.73
848.85
849.44
851.73
852.29
853.22
853.49
853.62
853.97
854.02
855.05
855.20
855.27
855.78
856.26
857.08
857.84
858.28
858.41
858.85
859.21
859.72
859.79
860.38
860.41
860.66
860.67
860.74
860.80
860.85
860.95
861.25
861.45
861.82
862.08
862.29
862.96
864.21
864.48
864.66
864.85
865.55
865.86
865.87
868.59
869.22
869.49
870.82
871.43
871.68
872.10
872.40
873.26
873.72
873.92
875.53
875.56
875.57
877.19
877.33
877.33
878.15
878.68
878.77
879.00
879.33
879.87
880.07
880.46
880.62
881.19
881.23
881.43
882.57
882.58
882.73
883.84
884.29
884.32
884.36
884.52
884.73
885.19
885.32
885.45
886.40
886.45
886.66
886.74
887.08
887.15
887.86
887.95
888.24
888.24
889.12
889.56
890.09
890.66
891.37
891.37
891.42
891.92
892.29
892.86
893.01
893.09
893.31
894.24
894.24
894.29
895.07
895.43
895.85
896.67
897.05
897.16
898.21
898.67
898.83
899.99
900.23
900.51
900.76
900.82
900.90
901.48
901.56
901.95
902.16
903.12
903.23
903.38
903.53
904.00
904.34
904.75
905.12
905.19
905.34
905.40
905.56
906.14
906.30
906.38
906.67
906.78
906.98
907.31
907.74
907.84
907.87
908.29
908.58
908.74
908.88
909.44
909.47
910.01
910.37
910.79
910.96
911.10
912.72
912.86
914.38
914.77
914.91
915.39
916.42
916.59
917.71
918.21
918.29
918.50
918.53
918.55
918.55
918.60
919.25
920.24
921.32
921.89
922.69
922.80
923.06
923.16
923.76
924.14
924.37
924.50
924.90
925.31
925.37
925.61
925.80
926.30
927.04
927.39
928.72
929.23
929.36
929.46
929.55
929.77
929.86
930.29
930.49
930.57
931.33
934.81
934.84
934.85
934.89
935.19
935.74
936.41
936.93
937.15
937.90
937.95
938.09
938.23
938.48
940.30
940.64
940.98
941.17
941.61
941.81
942.00
942.01
943.34
943.84
943.85
944.11
944.13
944.19
944.28
944.63
945.31
945.98
946.07
946.20
946.59
946.76
946.79
947.17
947.33
947.63
948.37
948.81
949.19
949.26
949.32
949.57
950.03
950.54
950.76
950.96
951.38
954.36
954.46
954.98
955.18
955.40
956.11
956.12
956.45
958.31
958.52
959.48
959.50
960.95
960.96
962.47
963.49
964.14
964.85
965.22
966.20
966.47
967.29
968.11
968.14
968.22
968.34
968.75
968.82
969.92
970.35
970.67
970.73
971.64
971.91
972.55
972.56
972.66
973.59
973.95
974.04
974.93
975.38
975.50
975.51
976.29
976.42
976.84
976.92
977.07
977.34
977.48
977.54
977.92
978.70
980.33
980.56
981.94
982.94
983.21
983.38
983.39
983.41
983.89
983.99
984.39
984.54
985.58
986.57
987.55
987.59
987.93
988.01
989.93
990.39
991.17
991.90
993.22
993.27
994.17
994.39
994.43
994.59
994.61
995.81
996.28
997.59
997.92
997.94
998.18
998.45
998.63
999.50
999.84
999.90
1000.55
1000.75
1000.89
1001.60
1001.69
1003.03
1003.50
1003.59
1005.44
1006.20
1007.63
1008.18
1009.20
1010.40
1010.88
1011.19
1011.46
1012.82
1012.84
1013.27
1013.85
1014.46
1014.79
1014.96
1016.12
1018.83
1019.08
1020.56
1021.54
1021.83
1021.90
1022.67
1023.34
1023.94
1026.30
1027.95
1028.14
1028.36
1028.66
1028.83
1029.82
1030.38
1030.57
1031.26
1031.58
1031.74
1031.89
1032.54
1032.63
1033.03
1033.27
1034.01
1034.71
1035.65
1035.95
1036.43
1036.49
1037.80
1038.07
1038.43
1038.49
1038.50
1039.34
1039.77
1040.10
1041.02
1041.19
1042.36
1043.58
1043.62
1044.16
1046.20
1046.31
1046.53
1046.78
1046.88
1047.08
1047.14
1047.81
1048.31
1048.81
1049.31
1049.98
1052.09
1052.42
1052.50
1052.82
1053.83
1053.88
1054.01
1055.74
1056.12
1056.59
1056.73
1057.47
1057.80
1058.36
1058.60
1058.76
1059.59
1059.80
1060.56
1061.09
1061.50
1061.51
1062.27
1063.88
1064.26
1064.92
1065.03
1065.38
1065.86
1066.09
1066.11
1066.24
1066.86
1066.98
1067.05
1068.24
1069.18
1070.95
1072.84
1073.48
1073.99
1074.19
1074.35
1075.19
1075.56
1075.56
1077.07
1077.32
1079.16
1079.41
1079.51
1079.91
1080.59
1080.95
1081.08
1081.59
1081.92
1081.96
1083.60
1085.41
1085.41
1085.45
1085.91
1086.01
1086.77
1087.05
1087.14
1087.47
1088.18
1088.98
1089.14
1089.16
1089.71
1090.30
1090.55
1091.27
1091.37
1091.70
1092.31
1093.73
1094.48
1094.57
1094.80
1095.62
1096.02
1096.72
1098.33
1102.29
1102.39
1103.08
1103.51
1105.15
1106.68
1107.41
1107.79
1107.94
1108.77
1108.97
1109.63
1111.04
1111.78
1113.03
1113.42
1113.56
1113.85
1114.32
1115.31
1115.51
1115.65
1115.85
1115.90
1115.95
1116.48
1117.02
1117.42
1117.57
1118.18
1118.80
1119.07
1119.85
1120.10
1121.14
1121.84
1122.16
1122.35
1123.67
1124.93
1125.73
1125.75
1127.71
1127.79
1127.89
1129.16
1130.01
1130.45
1130.60
1131.24
1131.53
1131.69
1132.28
1132.32
1132.56
1132.78
1133.04
1134.10
1134.81
1134.96
1135.95
1137.21
1138.72
1139.31
1139.77
1140.33
1140.64
1140.90
1141.24
1143.87
1144.28
1145.07
1145.38
1145.76
1146.04
1146.31
1146.45
1146.95
1147.08
1147.95
1148.41
1148.83
1149.45
1149.65
1149.74
1150.36
1150.39
1150.52
1150.52
1150.76
1151.44
1151.69
1152.28
1153.89
1154.41
1154.41
1155.01
1155.21
1155.79
1156.29
1157.00
1158.32
1158.50
1159.19
1159.60
1160.19
1160.69
1161.20
1161.97
1162.36
1162.81
1162.91
1162.91
1163.34
1164.30
1165.13
1166.07
1167.29
1167.83
1168.95
1170.97
1171.44
1171.78
1171.83
1172.10
1172.30
1172.40
1172.54
1172.65
1173.24
1174.81
1174.94
1176.50
1177.01
1177.20
1177.69
1178.36
1178.71
1179.02
1179.04
1179.10
1179.64
1180.04
1180.99
1182.36
1183.12
1184.50
1184.72
1184.90
1185.80
1186.17
1186.33
1187.71
1188.22
1188.54
1188.94
1188.99
1190.46
1190.68
1190.86
1191.75
1192.41
1194.25
1194.38
1194.67
1195.20
1196.22
1196.66
1197.05
1197.63
1197.72
1198.01
1198.31
1200.11
1200.19
1200.98
1201.23
1201.47
1201.58
1202.27
1204.19
1205.16
1206.52
1206.70
1206.79
1208.15
1209.51
1210.57
1211.13
1211.16
1211.87
1213.03
1213.45
1213.51
1213.62
1213.99
1215.11
1215.24
1216.11
1216.29
1216.70
1217.02
1217.23
1218.35
1219.14
1219.35
1220.29
1220.62
1221.65
1221.78
1221.99
1222.08
1222.11
1222.56
1223.08
1223.54
1223.71
1224.73
1225.37
1225.65
1225.66
1226.27
1226.28
1227.70
1228.62
1228.95
1229.43
1229.64
1229.79
1229.96
1231.32
1232.13
1232.17
1232.33
1232.49
1233.32
1234.06
1235.19
1235.65
1236.13
1236.21
1236.34
1236.38
1237.44
1238.58
1240.45
1240.78
1240.84
1240.87
1241.66
1241.89
1241.97
1242.09
1242.64
1244.02
1245.00
1245.01
1246.17
1246.39
1246.67
1246.99
1247.44
1248.62
1248.82
1250.48
1250.81
1251.06
1251.16
1253.39
1253.46
1254.02
1254.57
1255.09
1256.33
1256.42
1256.92
1259.59
1259.81
1261.00
1261.56
1261.57
1261.61
1261.67
1262.27
1262.84
1263.24
1263.43
1263.99
1264.52
1264.84
1265.77
1265.92
1265.92
1267.81
1268.54
1270.45
1270.52
1271.57
1272.43
1273.18
1273.89
1274.20
1274.96
1275.35
1276.00
1276.54
1277.55
1278.28
1278.28
1278.49
1280.37
1280.66
1280.87
1281.19
1282.06
1282.77
1283.21
1284.00
1284.14
1285.02
1285.95
1286.58
1288.68
1289.15
1289.63
1289.67
1290.10
1290.86
1290.87
1290.88
1290.98
1291.01
1291.65
1292.44
1292.52
1292.97
1293.69
1294.00
1294.23
1294.41
1294.67
1295.05
1295.98
1296.13
1296.20
1296.30
1297.47
1298.79
1298.81
1299.63
1301.30
1302.05
1305.14
1306.01
1306.79
1307.54
1308.11
1308.39
1308.84
1309.27
1310.36
1310.79
1310.93
1311.13
1311.49
1311.95
1312.63
1313.09
1313.70
1314.69
1314.72
1315.05
1315.56
1318.08
1318.35
1318.77
1318.81
1319.19
1319.44
1319.75
1322.70
1322.87
1323.31
1323.40
1325.39
1328.46
1328.50
1328.65
1329.15
1329.30
1331.22
1331.37
1333.08
1333.17
1333.55
1334.04
1335.00
1335.23
1335.52
1335.77
1336.16
1336.41
1336.46
1336.64
1336.71
1336.82
1337.48
1337.68
1338.26
1338.95
1339.95
1340.13
1340.31
1341.29
1341.37
1341.53
1342.16
1342.56
1342.91
1343.09
1343.87
1344.16
1344.24
1344.59
1344.86
1346.32
1346.35
1347.00
1350.20
1350.62
1351.43
1351.60
1352.79
1353.02
1353.94
1355.20
1355.92
1356.13
1357.57
1359.02
1359.12
1359.57
1360.08
1360.32
1361.01
1363.93
1364.68
1366.96
1369.00
1369.16
1369.63
1369.77
1369.87
1370.60
1371.46
1371.61
1371.67
1372.13
1372.59
1374.30
1374.30
1375.16
1376.05
1376.11
1376.29
1376.56
1376.77
1377.41
1377.81
1378.44
1379.27
1379.36
1380.14
1381.81
1382.02
1382.05
1382.20
1382.69
1383.13
1383.58
1384.06
1384.09
1385.84
1387.28
1388.40
1388.63
1388.77
1389.98
1392.21
1392.65
1393.60
1393.93
1393.99
1394.05
1395.20
1395.94
1396.07
1397.02
1398.13
1398.79
1400.04
1400.41
1400.54
1402.48
1403.36
1403.61
1403.90
1404.09
1405.29
1405.79
1410.33
1411.18
1412.11
1412.34
1412.56
1412.57
1413.44
1414.59
1415.34
1415.36
1415.40
1415.62
1419.94
1420.93
1423.24
1423.93
1425.56
1426.81
1427.31
1427.68
1428.00
1429.50
1429.80
1430.07
1430.71
1431.02
1431.75
1433.00
1434.26
1434.32
1434.85
1435.03
1435.47
1436.07
1438.97
1439.00
1439.48
1440.24
1440.46
1440.77
1441.10
1444.25
1444.72
1444.97
1445.71
1445.76
1447.07
1447.34
1448.29
1448.42
1449.15
1449.89
1450.35
1450.60
1450.96
1451.78
1452.67
1452.88
1453.61
1453.68
1454.62
1454.79
1455.22
1455.88
1455.91
1456.10
1456.86
1457.47
1457.65
1458.07
1458.21
1458.31
1458.61
1458.85
1459.57
1459.89
1460.22
1460.85
1462.64
1463.22
1463.32
1463.81
1464.21
1464.41
1465.71
1466.16
1466.55
1466.93
1469.95
1470.56
1470.76
1470.87
1470.92
1471.26
1473.28
1473.33
1473.47
1474.92
1475.67
1480.20
1480.29
1480.89
1482.11
1482.33
1483.92
1485.67
1488.10
1488.76
1489.07
1489.11
1489.68
1491.86
1493.08
1494.39
1494.65
1494.68
1496.01
1496.17
1496.88
1497.00
1499.27
1499.53
1500.52
1500.55
1502.01
1503.67
1503.85
1504.47
1505.80
1507.09
1507.25
1508.08
1508.98
1509.83
1509.86
1510.99
1511.14
1511.73
1514.02
1514.61
1516.04
1516.45
1516.58
1516.87
1517.28
1517.53
1522.26
1523.45
1524.13
1525.55
1526.21
1527.68
1527.76
1528.27
1528.69
1529.03
1529.30
1529.99
1530.19
1530.27
1531.00
1531.25
1531.67
1532.91
1533.54
1535.00
1535.75
1535.76
1536.56
1537.54
1540.42
1540.54
1540.59
1540.87
1541.96
1545.55
1546.05
1546.17
1546.50
1547.94
1548.08
1548.21
1548.36
1549.69
1549.92
1552.03
1552.45
1552.54
1552.91
1557.38
1558.90
1559.44
1561.21
1561.31
1562.79
1563.11
1563.21
1563.28
1563.94
1564.04
1564.26
1564.46
1564.63
1565.49
1566.04
1566.56
1567.58
1567.95
1568.15
1568.82
1569.02
1570.11
1570.21
1571.06
1571.18
1571.53
1572.04
1572.59
1573.25
1574.36
1575.19
1575.40
1576.30
1577.75
1578.18
1578.20
1580.64
1581.24
1581.27
1581.31
1581.38
1582.37
1582.87
1584.82
1587.63
1588.56
1591.12
1591.95
1593.07
1593.62
1593.80
1595.24
1596.63
1596.63
1598.67
1599.25
1600.99
1601.52
1602.29
1602.65
1603.31
1603.69
1604.05
1604.68
1607.16
1607.18
1608.14
1609.65
1612.72
1613.23
1614.03
1614.26
1615.38
1616.07
1617.49
1617.58
1618.80
1619.77
1621.21
1621.75
1622.98
1624.86
1625.37
1626.64
1627.41
1628.63
1628.82
1628.98
1629.00
1629.24
1629.51
1629.81
1629.91
1630.92
1631.50
1631.82
1632.03
1632.24
1632.38
1632.51
1634.03
1634.59
1635.90
1636.50
1638.15
1638.20
1638.29
1639.02
1639.84
1640.23
1640.83
1641.31
1642.39
1642.68
1642.75
1642.78
1642.89
1643.10
1643.19
1644.06
1644.95
1645.56
1646.63
1646.79
1649.23
1649.94
1650.64
1652.95
1653.27
1653.98
1654.68
1655.51
1655.97
1656.89
1659.04
1659.22
1659.83
1660.13
1660.89
1662.92
1663.59
1664.54
1665.66
1665.98
1666.76
1667.32
1667.32
1668.34
1668.80
1669.16
1669.88
1671.11
1672.68
1673.66
1674.08
1674.13
1676.52
1676.65
1677.72
1677.98
1679.61
1680.59
1680.81
1681.94
1682.37
1682.43
1682.92
1682.99
1685.11
1685.14
1685.22
1688.21
1688.65
1688.68
1688.68
1689.84
1691.01
1691.26
1692.67
1693.52
1695.99
1696.14
1697.02
1697.96
1699.74
1699.76
1700.09
1700.27
1700.49
1701.50
1703.99
1704.05
1704.55
1704.73
1705.98
1706.00
1706.41
1707.83
1707.92
1708.46
1708.50
1709.33
1710.49
1710.96
1711.55
1713.64
1714.16
1716.11
1716.41
1716.98
1717.00
1717.67
1718.19
1718.23
1719.33
1721.21
1722.40
1723.76
1724.11
1724.32
1724.84
1726.11
1726.91
1727.21
1727.29
1728.71
1735.06
1735.42
1737.01
1737.15
1737.41
1737.99
1738.99
1739.10
1740.66
1740.66
1741.81
1742.89
1743.36
1743.38
1744.23
1744.23
1744.62
1748.27
1748.61
1748.71
1750.28
1750.62
1751.72
1751.87
1752.00
1752.25
1754.98
1756.44
1756.80
1758.08
1758.44
1759.35
1760.04
1760.93
1761.89
1762.13
1762.27
1762.88
1763.91
1765.28
1765.89
1766.85
1768.04
1768.13
1768.94
1769.45
1770.26
1772.06
1774.19
1775.67
1776.26
1776.72
1777.26
1777.99
1778.59
1778.63
1779.55
1779.67
1780.44
1780.63
1780.78
1782.11
1783.17
1783.41
1784.10
1785.12
1785.57
1786.15
1786.52
1786.65
1787.73
1787.91
1788.28
1788.47
1788.57
1789.46
1789.94
1790.81
1791.18
1791.78
1791.99
1792.19
1793.25
1793.41
1794.67
1795.86
1797.14
1797.24
1797.26
1797.86
1798.25
1801.44
1802.14
1802.32
1803.04
1803.47
1803.76
1806.60
1807.08
1807.69
1808.06
1808.53
1809.84
1811.23
1812.10
1812.14
1813.43
1813.57
1815.00
1815.18
1816.69
1819.72
1821.75
1821.83
1822.42
1823.39
1823.84
1827.28
1828.54
1828.80
1829.02
1829.08
1829.77
1831.57
1831.75
1831.81
1831.93
1832.86
1835.36
1835.76
1837.29
1838.64
1839.06
1840.61
1840.77
1842.10
1843.08
1844.04
1844.32
1844.72
1846.69
1846.81
1847.39
1848.25
1849.11
1849.21
1851.38
1851.68
1854.34
1855.09
1855.85
1856.19
1857.68
1857.82
1858.66
1858.98
1859.85
1861.28
1862.45
1862.81
1863.21
1864.02
1864.44
1867.27
1867.89
1870.14
1870.42
1871.37
1871.74
1871.78
1871.86
1871.88
1872.22
1873.20
1874.56
1878.07
1882.18
1885.05
1885.07
1885.50
1887.30
1887.32
1887.62
1888.42
1890.01
1890.55
1890.97
1891.40
1892.90
1893.12
1893.96
1894.48
1895.95
1900.37
1900.59
1902.12
1905.27
1906.61
1910.74
1914.61
1914.98
1916.70
1917.70
1918.38
1919.40
1920.38
1924.64
1925.56
1926.52
1927.33
1927.87
1927.89
1929.83
1930.98
1931.84
1932.93
1933.53
1935.00
1939.04
1939.11
1939.53
1940.18
1941.16
1941.54
1941.96
1942.17
1942.38
1943.60
1944.32
1944.57
1944.74
1945.07
1945.18
1945.41
1947.26
1947.33
1948.42
1949.01
1949.27
1949.54
1950.89
1951.54
1951.78
1952.14
1952.54
1952.77
1953.47
1953.85
1954.84
1954.99
1955.16
1955.33
1956.17
1956.20
1956.34
1958.00
1958.06
1959.16
1960.05
1965.00
1965.64
1966.51
1966.89
1967.11
1967.13
1967.34
1967.38
1967.96
1968.40
1968.45
1970.79
1971.71
1973.65
1973.93
1974.33
1974.68
1974.76
1975.49
1975.79
1976.06
1977.18
1979.02
1979.38
1980.11
1981.46
1981.48
1982.94
1983.11
1983.95
1984.57
1985.56
1985.82
1987.32
1988.50
1991.07
1991.07
1991.50
1991.56
1991.61
1991.63
1991.86
1991.86
1992.14
1994.84
1996.22
1996.57
1997.17
1997.30
1997.63
2001.76
2001.91
2003.49
2004.06
2004.99
2005.49
2006.29
2006.59
2006.75
2007.46
2007.53
2008.18
2008.77
2009.79
2010.27
2010.79
2011.25
2011.83
2013.64
2015.19
2016.19
2017.92
2018.79
2020.82
2020.84
2021.43
2021.63
2021.87
2022.70
2022.83
2023.25
2023.58
2025.40
2026.43
2026.73
2027.68
2027.72
2028.69
2028.73
2029.08
2029.15
2031.10
2032.64
2033.79
2034.23
2035.68
2036.76
2036.93
2038.70
2040.11
2040.18
2040.31
2040.33
2040.33
2040.44
2040.64
2041.94
2042.96
2043.51
2044.13
2045.30
2045.90
2047.63
2048.41
2048.94
2049.07
2051.09
2051.89
2055.80
2055.87
2056.64
2057.09
2057.20
2057.85
2060.14
2061.28
2061.88
2062.50
2064.94
2066.50
2067.42
2067.62
2068.43
2068.74
2069.41
2069.57
2070.58
2072.62
2073.38
2074.10
2074.34
2076.01
2078.73
2079.58
2079.76
2079.80
2083.14
2084.22
2085.66
2087.63
2088.10
2088.42
2090.82
2091.99
2092.54
2093.85
2094.80
2095.00
2095.32
2095.59
2098.48
2098.75
2099.38
2100.18
2100.29
2100.34
2101.38
2102.50
2103.18
2103.73
2104.48
2106.03
2106.55
2107.92
2109.90
2111.73
2111.94
2112.23
2112.71
2113.40
2115.00
2115.28
2115.44
2115.53
2117.11
2117.13
2117.52
2117.89
2118.83
2120.41
2120.55
2120.73
2121.63
2122.08
2122.43
2122.93
2123.10
2124.20
2124.57
2125.95
2126.04
2128.39
2129.05
2129.17
2129.49
2130.37
2131.87
2133.02
2133.80
2133.85
2135.00
2136.09
2136.92
2140.07
2142.27
2143.52
2143.82
2144.31
2145.17
2146.80
2147.61
2147.93
2148.89
2150.24
2152.66
2153.40
2154.22
2154.31
2157.97
2158.02
2159.19
2160.26
2162.44
2163.16
2163.49
2165.41
2166.75
2166.86
2168.67
2169.68
2170.13
2170.95
2171.04
2172.94
2173.02
2174.78
2175.27
2177.06
2179.04
2181.21
2181.47
2182.20
2183.31
2184.87
2185.44
2185.73
2187.14
2187.19
2189.11
2189.68
2190.82
2192.67
2193.21
2194.16
2195.47
2197.01
2197.32
2197.80
2198.25
2198.70
2200.29
2200.37
2200.39
2201.22
2201.27
2202.37
2202.56
2203.58
2208.28
2209.36
2209.65
2212.13
2212.42
2213.36
2213.38
2214.31
2214.60
2216.28
2217.74
2218.08
2219.04
2219.23
2219.47
2221.01
2223.20
2224.30
2224.37
2224.59
2225.14
2225.63
2227.53
2228.86
2230.13
2234.09
2236.10
2236.15
2237.97
2238.06
2238.64
2240.07
2240.27
2241.43
2243.23
2244.61
2245.29
2245.99
2248.55
2249.45
2251.25
2251.54
2251.79
2251.96
2253.49
2253.93
2254.35
2256.37
2256.59
2259.18
2261.01
2262.07
2262.12
2263.39
2264.76
2265.32
2266.13
2268.54
2268.56
2269.62
2270.55
2273.35
2273.53
2273.70
2274.29
2274.80
2278.97
2279.39
2284.23
2285.34
2285.41
2285.69
2286.30
2286.67
2287.96
2292.10
2293.27
2293.46
2293.91
2294.43
2294.61
2295.87
2296.82
2298.23
2298.66
2298.78
2299.08
2299.43
2299.68
2302.86
2303.61
2305.21
2305.53
2306.48
2311.38
2312.20
2312.43
2313.43
2314.23
2314.70
2316.48
2316.81
2319.14
2319.44
2320.95
2322.33
2324.34
2327.01
2328.09
2328.39
2331.04
2332.18
2332.35
2334.37
2334.75
2335.03
2336.60
2337.81
2338.64
2338.97
2340.09
2342.57
2342.82
2342.90
2343.15
2343.33
2344.19
2344.50
2345.49
2349.65
2349.86
2351.02
2351.53
2352.50
2353.04
2354.08
2354.54
2357.55
2359.59
2360.69
2362.32
2364.55
2364.62
2365.95
2367.26
2367.46
2368.21
2368.62
2368.62
2369.77
2370.49
2370.59
2372.31
2376.50
2378.27
2378.71
2381.00
2382.21
2382.70
2382.75
2382.88
2383.32
2384.43
2386.08
2387.63
2388.28
2388.98
2389.18
2390.27
2390.86
2391.35
2392.70
2392.83
2393.01
2394.10
2395.73
2396.04
2397.39
2397.60
2398.48
2401.47
2402.19
2403.88
2406.10
2407.66
2407.74
2408.34
2408.44
2408.62
2409.72
2409.85
2410.03
2411.78
2413.11
2413.29
2413.74
2414.02
2415.41
2416.06
2416.74
2419.62
2419.70
2420.17
2420.64
2420.80
2421.79
2423.42
2423.84
2424.21
2424.34
2424.65
2425.54
2425.67
2427.09
2427.38
2428.56
2429.90
2430.46
2432.85
2433.72
2434.35
2434.40
2437.04
2437.25
2437.38
2437.59
2437.67
2437.72
2439.60
2441.02
2441.58
2442.13
2442.32
2443.09
2443.14
2443.83
2444.17
2446.55
2449.20
2450.34
2451.74
2453.26
2453.95
2455.01
2455.70
2456.92
2457.14
2461.63
2462.43
2465.76
2467.10
2468.75
2469.18
2469.29
2470.14
2470.44
2471.16
2471.27
2472.90
2473.49
2474.10
2474.96
2475.41
2476.03
2476.41
2476.75
2476.94
2477.99
2478.98
2479.49
2479.73
2483.49
2484.64
2487.23
2491.94
2493.77
2493.91
2497.34
2502.61
2504.94
2507.22
2509.96
2511.37
2518.45
2526.36
2527.18
2527.32
2527.68
2529.73
2531.84
2533.21
2533.32
2533.84
2535.43
2535.62
2535.84
2535.98
2536.99
2539.02
2539.11
2539.90
2541.53
2541.80
2545.05
2545.10
2545.27
2548.02
2548.71
2550.78
2551.33
2552.44
2553.32
2554.68
2555.20
2557.55
2560.32
2560.60
2561.82
2565.65
2565.76
2567.01
2567.15
2568.06
2568.92
2568.98
2572.40
2573.57
2574.99
2577.67
2579.42
2580.51
2580.74
2581.63
2581.83
2587.61
2587.73
2588.79
2591.42
2592.46
2592.91
2593.16
2595.61
2596.22
2596.36
2596.59
2596.70
2597.80
2601.12
2601.76
2603.40
2606.13
2609.52
2611.61
2613.73
2615.65
2616.05
2616.44
2618.37
2618.74
2621.88
2623.02
2623.84
2624.13
2625.32
2625.66
2626.00
2626.57
2629.73
2630.98
2631.46
2631.77
2633.11
2633.14
2634.45
2635.36
2635.74
2637.56
2638.99
2639.53
2640.93
2641.13
2641.25
2642.16
2642.36
2648.83
2649.49
2649.63
2649.78
2649.78
2650.03
2652.79
2653.79
2654.45
2659.86
2660.63
2661.84
2661.96
2664.03
2665.07
2666.11
2666.54
2666.63
2666.92
2667.12
2667.84
2668.42
2668.56
2669.17
2669.26
2669.34
2669.69
2671.13
2673.19
2673.45
2673.62
2674.00
2674.84
2675.68
2676.02
2676.66
2678.57
2679.59
2680.22
2680.75
2682.14
2683.88
2684.96
2685.10
2685.39
2686.61
2688.33
2689.05
2690.48
2690.95
2691.62
2691.70
2691.73
2692.26
2694.06
2694.73
2694.73
2694.76
2695.20
2699.17
2699.99
2701.19
2702.76
2702.82
2703.20
2704.84
2705.37
2705.46
2709.44
2709.65
2710.52
2711.90
2714.13
2715.34
2721.19
2721.72
2723.37
2723.96
2724.34
2726.88
2727.20
2727.26
2728.74
2729.21
2729.24
2729.36
2729.83
2730.22
2731.19
2732.34
2732.79
2733.38
2734.33
2734.50
2735.63
2737.40
2737.76
2738.77
2738.97
2741.52
2742.83
2745.50
2745.74
2746.13
2747.58
2749.75
2750.91
2751.27
2755.20
2764.16
2766.10
2767.06
2768.14
2768.83
2770.54
2771.17
2771.95
2772.97
2774.02
2774.11
2774.62
2774.71
2775.61
2776.54
2776.69
2778.22
2778.79
2779.73
2780.96
2782.16
2784.81
2786.62
2787.77
2789.28
2789.31
2789.37
2789.46
2789.97
2790.00
2793.41
2798.62
2800.10
2800.40
2801.40
2801.83
2801.98
2802.71
2815.23
2815.44
2815.69
2816.48
2816.75
2816.81
2817.12
2817.73
2817.76
2818.31
2820.38
2822.73
2823.01
2823.31
2824.11
2827.23
2829.83
2832.43
2834.45
2835.25
2838.14
2838.60
2840.10
2843.12
2843.70
2845.02
2850.63
2852.51
2854.71
2855.36
2856.65
2857.12
2857.58
2857.73
2858.42
2859.65
2862.13
2862.38
2863.80
2865.01
2865.20
2866.41
2866.44
2870.81
2871.53
2873.08
2873.33
2873.39
2873.55
2876.32
2877.37
2877.44
2878.93
2879.27
2883.05
2884.58
2885.36
2885.86
2886.67
2888.20
2892.23
2892.58
2893.23
2894.20
2894.33
2895.30
2896.52
2897.87
2898.09
2900.72
2901.29
2901.89
2905.91
2906.98
2911.48
2913.62
2915.32
2916.84
2917.09
2917.41
2919.93
2923.41
2923.54
2923.73
2924.20
2924.87
2926.89
2927.53
2928.60
2928.76
2929.36
2929.49
2931.61
2933.20
2935.33
2935.58
2937.27
2937.71
2938.44
2938.92
2941.53
2942.23
2944.01
2946.08
2947.74
2949.88
2949.94
2952.05
2952.11
2952.56
2953.93
2954.19
2954.54
2956.04
2959.98
2961.07
2961.55
2963.47
2964.66
2968.19
2968.22
2971.63
2974.07
2974.20
2974.49
2974.49
2975.72
2977.87
2982.32
2983.48
2983.52
2983.71
2985.16
2985.36
2991.02
2991.63
2993.77
2996.20
2997.33
2997.43
2997.79
2998.70
3000.38
3000.90
3003.21
3003.79
3005.71
3007.57
3009.42
3010.04
3011.44
3011.90
3012.39
3012.94
3013.46
3022.74
3023.49
3024.04
3025.84
3026.56
3027.15
3028.50
3028.50
3032.76
3035.49
3036.21
3036.60
3039.00
3040.02
3041.44
3043.71
3045.35
3045.72
3046.18
3048.49
3050.40
3050.53
3051.42
3052.12
3055.02
3063.86
3064.62
3066.65
3066.75
3069.64
3071.43
3071.70
3072.23
3072.83
3073.29
3074.89
3075.75
3077.15
3079.15
3080.92
3081.32
3084.52
3085.95
3086.72
3087.22
3088.53
3088.99
3092.04
3093.51
3094.45
3094.81
3099.71
3099.98
3102.42
3103.43
3103.83
3105.31
3108.74
3110.19
3110.39
3112.54
3114.09
3114.26
3115.11
3115.85
3117.06
3118.38
3119.46
3119.56
3120.33
3120.64
3122.19
3122.60
3126.18
3129.02
3129.67
3131.19
3132.72
3132.88
3133.43
3133.90
3135.94
3136.24
3138.08
3139.23
3139.74
3140.32
3141.13
3142.76
3143.10
3143.75
3146.64
3147.77
3149.03
3149.30
3150.08
3156.16
3157.66
3160.67
3163.61
3164.02
3164.33
3164.57
3166.83
3167.55
3168.89
3168.99
3169.88
3174.69
3176.71
3177.37
3178.36
3178.47
3178.50
3178.67
3181.32
3181.53
3184.39
3186.59
3188.63
3190.39
3193.15
3195.88
3198.61
3199.17
3199.69
3205.54
3206.31
3209.71
3209.78
3211.86
3212.24
3216.76
3217.81
3223.07
3223.70
3224.33
3230.47
3230.54
3230.61
3230.96
3232.71
3235.51
3236.73
3240.97
3242.45
3243.15
3243.92
3248.10
3248.38
3252.11
3253.62
3253.76
3255.60
3258.56
3260.07
3261.87
3261.91
3262.61
3268.16
3270.03
3271.20
3272.19
3272.33
3273.22
3273.29
3276.13
3276.30
3276.55
3276.55
3279.81
3280.20
3281.77
3284.43
3284.82
3285.03
3287.24
3287.52
3290.98
3291.05
3292.90
3293.04
3293.11
3294.22
3294.61
3294.75
3295.22
3296.61
3299.68
3302.43
3305.32
3305.82
3310.33
3310.73
3315.06
3320.02
3320.05
3321.96
3326.49
3327.10
3327.89
3328.36
3328.58
3329.26
3330.05
3331.03
3334.38
3335.03
3336.22
3337.12
3339.29
3339.36
3340.52
3341.75
3344.64
3347.97
3348.15
3348.70
3349.78
3350.87
3356.50
3359.84
3360.24
3361.22
3362.97
3363.19
3364.39
3365.11
3365.33
3365.44
3366.21
3370.95
3372.92
3374.85
3377.08
3379.24
3384.14
3385.68
3386.23
3386.74
3386.81
3388.57
3389.78
3391.40
3394.33
3396.90
3399.48
3399.63
3399.92
3400.14
3402.02
3404.63
3406.36
3408.65
3408.72
3408.83
3409.61
3411.45
3413.71
3414.78
3416.18
3416.74
3416.81
3418.70
3419.62
3420.14
3420.14
3421.80
3425.73
3429.85
3430.03
3434.08
3437.84
3440.14
3443.83
3445.02
3445.28
3448.04
3448.42
3450.77
3452.86
3455.59
3457.46
3459.85
3460.56
3461.69
3469.30
3471.18
3471.44
3471.55
3471.78
3473.77
3474.14
3474.86
3475.42
3475.95
3476.74
3477.79
3478.21
3479.90
3481.52
3482.84
3489.78
3492.12
3492.20
3492.61
3492.69
3493.59
3494.54
3496.24
3497.53
3498.36
3501.47
3501.92
3507.42
3507.84
3510.23
3511.94
3512.39
3514.52
3515.62
3516.73
3518.17
3519.43
3521.03
3522.21
3525.26
3526.06
3526.52
3526.52
3526.75
3527.28
3532.02
3532.29
3534.35
3536.95
3538.52
3538.83
3539.02
3539.59
3540.02
3542.24
3547.65
3547.80
3548.99
3550.49
3553.29
3557.29
3558.53
3559.64
3562.61
3564.65
3566.00
3568.16
3568.43
3569.75
3574.39
3575.27
3575.58
3585.77
3587.44
3588.26
3589.23
3591.60
3592.03
3594.05
3595.06
3596.50
3599.77
3600.20
3600.66
3603.55
3603.86
3603.94
3604.99
3606.43
3607.84
3608.15
3610.30
3610.69
3612.33
3613.86
3620.82
3623.76
3625.06
3625.61
3627.88
3629.53
3630.28
3631.49
3632.71
3633.97
3635.98
3636.05
3636.25
3637.47
3638.57
3642.00
3642.04
3643.06
3643.93
3644.21
3647.09
3648.23
3652.73
3655.03
3655.78
3657.76
3665.28
3667.98
3669.73
3671.20
3671.20
3674.97
3677.48
3682.26
3683.61
3687.88
3688.24
3689.12
3689.64
3693.87
3695.23
3705.84
3707.28
3711.58
3711.74
3711.78
3716.40
3720.30
3722.23
3722.76
3723.20
3723.40
3727.84
3732.92
3734.70
3735.75
3736.96
3738.66
3742.30
3743.36
3743.68
3748.50
3749.11
3750.82
3752.36
3757.11
3758.17
3758.54
3758.70
3759.31
3760.45
3760.49
3762.73
3763.66
3768.43
3769.16
3769.37
3771.04
3771.49
3775.21
3775.45
3779.41
3779.66
3781.05
3785.80
3786.13
3787.68
3788.13
3789.04
3790.84
3797.45
3797.53
3799.71
3801.19
3802.55
3807.12
3812.39
3812.77
3813.71
3813.96
3814.70
3817.14
3819.58
3821.69
3822.18
3822.72
3825.58
3825.70
3826.61
3826.65
3831.83
3832.37
3835.02
3838.93
3840.55
3844.29
3845.16
3848.12
3848.87
3852.53
3854.87
3855.24
3855.58
3860.71
3861.21
3861.76
3863.26
3864.56
3865.56
3868.11
3868.20
3874.23
3877.04
3877.25
3877.37
3878.67
3879.98
3882.49
3883.34
3887.50
3891.92
3895.62
3896.04
3900.56
3903.51
3905.75
3906.43
3908.46
3909.47
3911.08
3911.97
3913.58
3914.34
3921.04
3922.78
3924.39
3925.75
3926.26
3937.28
3938.30
3939.88
3939.92
3942.09
3942.86
3943.03
3944.78
3946.62
3947.26
3950.34
3953.58
3955.34
3956.24
3959.62
3960.73
3961.81
3962.79
3963.09
3971.81
3982.13
3982.18
3987.01
3987.52
3988.52
3990.33
3990.54
3994.35
3995.51
3995.82
3995.95
3997.63
4001.27
4007.38
4008.24
4008.50
4009.24
4010.59
4011.58
4011.93
4012.15
4014.45
4016.67
4017.62
4018.27
4018.93
4020.54
4021.36
4021.41
4023.97
4025.50
4026.72
4027.81
4030.38
4031.77
4031.82
4032.56
4035.13
4035.18
4035.61
4039.55
4040.51
4046.24
4060.14
4066.60
4068.63
4068.63
4072.68
4076.96
4078.37
4088.35
4089.02
4094.95
4096.55
4096.77
4099.52
4105.33
4105.51
4105.60
4106.17
4108.84
4110.18
4110.35
4112.98
4116.99
4122.29
4123.40
4125.68
4126.53
4135.65
4139.68
4142.05
4148.11
4149.86
4149.99
4153.85
4154.66
4155.11
4156.51
4157.68
4159.39
4161.82
4162.90
4166.73
4167.45
4169.21
4172.32
4172.73
4173.00
4173.41
4175.94
4176.57
4177.92
4178.78
4178.87
4184.94
4187.16
4191.69
4194.18
4195.45
4199.86
4202.13
4208.50
4208.55
4210.83
4210.87
4211.14
4212.33
4212.33
4215.29
4215.84
4217.16
4217.89
4219.86
4220.40
4220.68
4222.87
4224.33
4226.71
4227.85
4229.55
4229.64
4231.79
4237.29
4238.25
4242.75
4243.76
4246.88
4250.19
4250.65
4252.90
4253.18
4253.18
4253.64
4256.03
4256.49
4256.86
4258.11
4258.98
4261.61
4263.78
4267.89
4268.86
4269.55
4270.75
4271.03
4277.04
4277.27
4281.02
4281.34
4283.06
4284.82
4284.96
4285.79
4285.93
4287.74
4288.86
4292.15
4294.20
4295.82
4297.08
4297.17
4299.45
4301.64
4303.22
4310.44
4312.31
4314.73
4317.82
4320.39
4321.13
4322.30
4322.63
4322.72
4325.25
4326.42
4329.46
4330.07
4330.68
4331.39
4333.21
4338.80
4340.72
4341.80
4343.54
4345.09
4345.42
4345.99
4349.00
4350.45
4351.82
4352.81
4356.63
4363.04
4363.14
4364.79
4371.22
4374.01
4374.67
4375.33
4375.57
4377.18
4380.07
4381.16
4381.87
4396.07
4396.07
4396.73
4399.02
4401.30
4403.35
4406.02
4406.16
4408.21
4408.31
4414.13
4420.35
4420.73
4421.64
4424.75
4424.80
4427.72
4428.48
4436.97
4437.36
4440.53
4441.06
4441.06
4444.13
4445.72
4446.63
4447.98
4453.33
4459.69
4460.03
4460.08
4460.61
4465.87
4466.11
4471.38
4472.40
4475.06
4475.06
4476.22
4477.53
4484.66
4485.09
4486.26
4487.33
4489.85
4495.05
4496.85
4497.58
4498.22
4503.77
4503.82
4509.08
4510.74
4514.99
4517.34
4519.58
4520.12
4520.37
4521.00
4527.02
4532.51
4532.56
4532.95
4533.89
4534.08
4534.52
4538.65
4543.46
4545.48
4548.38
4555.52
4556.90
4558.58
4560.40
4562.63
4563.22
4564.25
4564.50
4569.49
4569.94
4571.27
4576.02
4576.87
4577.16
4583.16
4584.65
4585.09
4585.14
4589.06
4589.86
4593.93
4594.43
4596.07
4600.90
4605.13
4607.62
4608.17
4613.31
4616.35
4618.40
4618.55
4619.65
4621.85
4622.40
4622.95
4627.06
4627.06
4635.67
4638.78
4642.40
4648.58
4651.90
4653.92
4656.64
4659.21
4661.27
4664.50
4664.91
4666.72
4666.93
4668.80
4672.53
4673.29
4677.29
4677.59
4679.11
4679.82
4681.04
4682.56
4686.31
4688.28
4690.21
4690.67
4692.45
4693.26
4694.78
4695.70
4701.14
4702.10
4702.71
4706.89
4708.92
4714.28
4715.71
4716.68
4721.93
4725.82
4730.78
4730.93
4732.47
4733.09
4738.62
4744.93
4744.93
4745.60
4747.70
4755.41
4759.48
4764.43
4764.63
4767.06
4767.11
4767.31
4769.07
4774.96
4776.97
4777.59
4777.75
4778.42
4779.87
4780.54
4783.85
4793.33
4793.64
4793.90
4796.08
4797.69
4800.13
4801.01
4801.17
4804.65
4805.33
4806.16
4811.78
4812.77
4816.47
4816.67
4817.87
4819.80
4820.11
4821.63
4824.97
4825.54
4826.33
4833.80
4835.05
4835.63
4836.10
4840.29
4840.29
4840.60
4845.53
4845.95
4847.26
4847.89
4850.62
4855.29
4855.71
4857.65
4860.07
4860.07
4867.12
4870.39
4872.60
4876.66
4876.88
4876.88
4879.57
4881.05
4881.94
4882.68
4883.79
4884.06
4885.27
4890.35
4898.35
4902.06
4902.22
4906.57
4908.37
4912.15
4913.47
4913.53
4918.05
4926.04
4929.08
4929.93
4936.97
4944.24
4947.35
4953.19
4961.34
4961.66
4967.30
4967.68
4967.73
4970.53
4977.63
4978.87
4981.89
4983.18
4983.51
4985.39
4989.28
4991.92
4993.00
4994.35
5005.88
5008.75
5009.02
5010.59
5012.33
5013.41
5014.50
5016.07
5016.89
5027.59
5029.66
5033.96
5036.74
5037.39
5038.54
5039.63
5042.08
5043.61
5048.74
5050.27
5050.43
5050.54
5054.64
5056.18
5058.47
5058.69
5059.40
5059.73
5065.65
5066.53
5069.54
5070.58
5071.19
5073.71
5074.43
5076.95
5080.03
5080.25
5080.47
5082.89
5086.35
5087.29
5089.33
5089.77
5091.97
5093.73
5096.66
5100.57
5101.18
5102.56
5106.31
5109.24
5125.08
5126.58
5129.24
5133.63
5135.24
5136.18
5136.79
5144.19
5147.98
5147.98
5149.20
5156.06
5156.51
5156.51
5157.62
5159.41
5163.26
5166.33
5167.84
5170.70
5174.78
5175.45
5175.85
5177.58
5182.07
5185.43
5194.13
5197.73
5198.80
5202.06
5202.68
5205.16
5207.81
5212.26
5213.16
5215.14
5216.04
5216.61
5220.50
5222.25
5223.50
5229.66
5230.96
5232.55
5233.62
5237.48
5238.21
5239.23
5241.44
5248.37
5255.75
5257.69
5262.30
5262.53
5262.98
5264.23
5264.80
5265.83
5270.39
5278.49
5279.69
5284.55
5293.31
5293.53
5297.03
5299.72
5300.93
5310.57
5312.70
5318.39
5320.93
5322.02
5322.08
5324.04
5324.78
5325.36
5326.28
5327.84
5332.05
5338.34
5343.37
5344.00
5353.03
5353.67
5354.65
5356.16
5358.07
5372.93
5374.80
5375.78
5376.89
5376.95
5380.61
5383.93
5396.18
5399.92
5401.55
5401.55
5403.19
5403.83
5406.88
5407.58
5410.62
5411.85
5416.01
5422.17
5423.87
5424.34
5424.40
5424.75
5436.09
5437.21
5437.85
5439.74
5440.03
5447.45
5448.87
5451.28
5451.40
5451.93
5457.01
5457.78
5459.90
5468.12
5469.30
5469.60
5471.67
5473.62
5480.38
5481.27
5481.68
5482.16
5482.28
5482.34
5487.92
5498.91
5503.44
5505.58
5506.00
5506.95
5509.81
5515.78
5519.72
5523.00
5526.77
5528.08
5529.82
5530.18
5533.89
5535.38
5537.96
5541.98
5543.42
5544.20
5546.06
5548.46
5552.54
5552.66
5553.32
5556.93
5558.43
5558.73
5559.57
5567.28
5572.40
5574.75
5575.12
5576.14
5577.47
5578.86
5579.52
5580.31
5581.21
5584.47
5584.90
5586.23
5588.58
5596.69
5608.57
5611.79
5615.31
5618.47
5619.20
5623.22
5624.19
5629.43
5629.91
5632.59
5632.78
5633.02
5636.43
5643.03
5644.31
5645.65
5646.38
5647.85
5654.76
5656.60
5661.92
5662.66
5663.21
5664.68
5665.91
5669.40
5670.08
5671.55
5673.70
5678.06
5680.45
5682.24
5682.30
5693.31
5698.31
5712.81
5713.06
5716.09
5716.46
5717.88
5719.49
5720.61
5726.61
5729.90
5736.54
5737.47
5737.53
5742.06
5748.53
5752.14
5758.99
5761.54
5767.28
5771.27
5773.84
5777.71
5779.96
5781.77
5782.78
5783.59
5784.15
5787.47
5793.92
5798.88
5800.01
5801.77
5801.83
5802.20
5803.52
5807.42
5809.05
5813.08
5813.96
5817.92
5822.71
5823.34
5824.53
5830.27
5834.82
5836.08
5837.40
5845.49
5847.14
5848.53
5857.27
5857.78
5865.26
5870.21
5871.42
5871.99
5875.17
5879.75
5881.97
5891.66
5894.65
5895.29
5896.18
5896.76
5898.29
5900.65
5901.29
5905.31
5913.31
5914.33
5915.93
5918.23
5924.13
5928.55
5931.18
5935.29
5936.58
5936.83
5942.30
5943.13
5946.73
5951.63
5952.78
5959.94
5961.68
5974.85
5976.79
5996.87
5998.30
5999.66
6003.95
6005.77
6007.39
6015.92
6016.18
6017.80
6025.88
6031.62
6034.56
6035.15
6036.52
6038.67
6038.67
6039.20
6040.11
6040.57
6040.90
6041.55
6048.42
6050.64
6053.39
6059.68
6060.93
6062.83
6069.00
6073.21
6078.79
6086.63
6090.05
6090.38
6094.20
6106.81
6110.31
6111.83
6114.55
6117.86
6119.05
6120.90
6121.83
6123.95
6126.60
6128.46
6129.52
6136.35
6137.21
6140.67
6151.17
6155.30
6155.84
6156.70
6157.83
6161.70
6170.04
6172.98
6175.45
6182.67
6183.67
6185.28
6187.55
6192.31
6194.52
6194.79
6200.56
6201.09
6201.70
6206.06
6209.55
6211.30
6211.37
6211.97
6216.14
6218.43
6219.37
6221.93
6229.07
6239.72
6239.93
6254.73
6258.86
6266.86
6268.14
6269.91
6272.01
6275.95
6278.67
6278.94
6280.64
6288.86
6292.95
6293.42
6294.17
6295.54
6305.15
6309.58
6309.65
6327.49
6329.96
6333.04
6335.51
6337.22
6340.79
6343.88
6348.62
6355.08
6356.31
6358.10
6358.65
6363.26
6363.47
6366.57
6368.36
6375.53
6375.88
6376.15
6380.36
6380.43
6386.92
6388.17
6388.93
6393.70
6396.95
6399.86
6400.14
6401.94
6404.99
6413.10
6417.05
6417.89
6432.90
6434.30
6434.85
6442.17
6443.63
6444.19
6450.75
6464.86
6468.78
6477.60
6477.67
6478.38
6479.22
6481.53
6483.07
6485.39
6488.76
6491.92
6491.99
6493.39
6494.94
6496.42
6503.24
6509.85
6515.56
6519.65
6522.26
6524.95
6526.71
6528.69
6532.79
6537.03
6540.85
6543.40
6543.54
6544.32
6548.99
6549.42
6554.24
6556.08
6562.90
6566.87
6567.94
6568.79
6571.00
6573.13
6577.90
6580.10
6583.66
6585.66
6585.94
6590.79
6590.93
6591.43
6592.93
6594.93
6595.07
6597.14
6599.92
6610.29
6613.51
6614.94
6615.80
6616.30
6616.44
6619.16
6619.52
6622.24
6625.40
6629.12
6629.20
6629.98
6630.99
6633.14
6633.14
6638.31
6643.56
6644.78
6646.36
6649.81
6653.27
6663.71
6666.38
6676.78
6681.04
6695.01
6695.44
6698.48
6700.59
6701.38
6701.82
6702.76
6703.92
6713.50
6715.76
6723.68
6734.97
6735.11
6735.84
6737.23
6739.85
6751.60
6761.32
6765.79
6769.45
6776.26
6785.80
6787.20
6791.46
6797.27
6798.30
6801.24
6807.94
6809.49
6809.85
6813.54
6814.05
6828.89
6829.04
6831.33
6835.17
6837.24
6839.02
6842.20
6846.28
6848.79
6853.91
6857.10
6860.51
6866.83
6871.36
6873.52
6874.33
6882.97
6888.03
6889.37
6891.98
6895.94
6906.02
6908.41
6909.23
6910.88
6914.09
6914.77
6918.58
6919.41
6941.38
6942.43
6944.16
6948.44
6949.42
6949.94
6953.25
6960.63
6960.78
6962.59
6967.94
6968.09
6970.13
6974.05
6975.48
6977.60
6978.95
6996.80
7019.47
7026.54
7030.80
7040.62
7045.26
7048.16
7054.49
7055.33
7058.85
7062.44
7077.58
7082.18
7082.64
7097.67
7104.20
7106.74
7110.36
7115.82
7122.68
7131.47
7131.78
7134.94
7144.21
7151.71
7154.58
7168.52
7169.45
7174.03
7174.65
7175.04
7178.85
7183.04
7183.82
7193.54
7195.57
7196.11
7196.19
7197.28
7199.69
7206.55
7214.67
7218.80
7222.16
7222.63
7223.57
7229.28
7230.14
7230.22
7230.69
7231.55
7233.19
7242.67
7248.15
7249.64
7250.90
7255.06
7271.48
7275.10
7275.73
7277.94
7280.85
7280.93
7281.56
7292.91
7293.62
7305.00
7305.94
7310.69
7314.72
7315.20
7323.36
7323.75
7324.31
7327.16
7329.46
7337.00
7341.76
7347.72
7382.87
7391.10
7399.90
7401.10
7406.95
7408.71
7409.43
7412.40
7413.93
7421.47
7428.94
7429.10
7430.79
7431.43
7432.32
7436.18
7440.93
7448.98
7452.05
7459.06
7459.63
7462.86
7463.10
7486.55
7491.09
7491.25
7512.52
7518.78
7518.94
7519.60
7535.15
7536.70
7538.00
7548.70
7550.00
7550.49
7558.67
7560.88
7560.96
7572.26
7576.60
7579.96
7580.13
7580.54
7581.52
7583.82
7589.65
7592.27
7601.07
7602.63
7612.34
7613.74
7623.39
7629.74
7640.56
7642.71
7646.02
7646.44
7648.42
7651.65
7653.22
7653.55
7659.93
7668.97
7675.86
7680.51
7682.43
7697.40
7704.82
7708.90
7713.91
7715.50
7716.25
7725.27
7726.61
7728.61
7737.99
7739.58
7740.16
7741.67
7745.19
7746.53
7749.13
7760.37
7762.81
7772.81
7778.03
7782.91
7785.18
7785.43
7788.38
7802.05
7805.93
7810.58
7813.62
7814.30
7815.99
7818.69
7845.81
7855.84
7868.43
7870.89
7871.75
7873.19
7880.78
7883.17
7888.71
7891.19
7894.52
7896.14
7897.94
7901.44
7902.04
7904.43
7912.82
7913.85
7916.59
7920.27
7921.81
7922.41
7925.84
7928.76
7932.45
7941.81
7948.86
7953.85
7955.40
7956.69
7959.27
7962.55
7962.63
7965.74
7966.51
7966.94
7972.03
7974.36
7976.00
7977.29
7980.57
7982.04
7983.25
8002.19
8006.61
8008.86
8010.51
8013.19
8019.35
8036.98
8044.73
8045.42
8054.31
8063.64
8064.77
8065.03
8068.79
8071.41
8071.76
8073.24
8082.68
8097.39
8101.42
8108.61
8110.19
8111.85
8115.28
8116.51
8118.97
8121.87
8127.40
8144.92
8155.86
8169.90
8176.89
8184.41
8197.26
8203.83
8211.29
8226.94
8228.99
8229.70
8234.06
8242.71
8246.81
8248.51
8258.33
8263.87
8265.12
8273.27
8273.53
8277.92
8279.27
8281.68
8283.75
8286.70
8289.39
8289.66
8293.07
8300.97
8314.28
8317.51
8335.89
8342.39
8345.73
8355.31
8356.30
8357.75
8370.15
8380.20
8385.37
8389.37
8389.64
8397.09
8402.99
8404.81
8407.09
8408.91
8410.00
8418.56
8424.93
8425.03
8426.58
8426.67
8427.58
8428.95
8432.60
8438.35
8439.90
8448.39
8467.34
8470.91
8471.55
8471.83
8472.65
8482.19
8486.05
8487.61
8492.20
8492.75
8494.68
8500.20
8502.87
8523.50
8529.86
8555.75
8566.03
8568.81
8574.09
8593.78
8594.90
8595.92
8604.30
8619.95
8622.66
8624.15
8629.10
8632.09
8635.82
8638.44
8645.17
8649.01
8651.72
8653.87
8655.84
8660.99
8663.90
8663.99
8667.74
8671.78
8709.48
8713.16
8718.91
8720.61
8721.65
8726.37
8743.66
8747.64
8747.92
8756.06
8766.59
8777.88
8779.12
8783.49
8808.52
8815.57
8822.06
8830.66
8833.14
8833.81
8837.25
8838.97
8864.16
8866.56
8872.70
8876.64
8877.21
8888.75
8890.29
8895.77
8897.21
8905.11
8916.49
8920.44
8922.28
8929.71
8929.81
8929.91
8933.39
8935.71
8942.86
8965.15
8984.96
8991.57
8994.49
8996.24
8999.65
9006.76
9006.95
9019.83
9021.10
9021.68
9027.64
9034.48
9044.55
9069.15
9071.41
9073.76
9089.39
9100.80
9110.55
9112.72
9114.99
9115.78
9116.08
9149.28
9162.55
9164.04
9165.33
9180.51
9183.89
9193.24
9199.90
9199.90
9212.06
9238.11
9239.61
9246.01
9247.21
9263.13
9272.76
9273.96
9278.98
9283.60
9289.02
9294.65
9299.98
9319.53
9324.37
9332.44
9342.85
9370.18
9376.17
9380.63
9401.56
9416.83
9427.13
9435.29
9439.99
9442.65
9443.36
9445.81
9446.94
9451.84
9467.20
9477.34
9481.86
9489.76
9510.01
9510.83
9511.14
9525.56
9535.97
9544.75
9546.71
9571.53
9572.57
9575.16
9575.26
9604.42
9605.15
9622.31
9633.45
9638.25
9646.60
9648.16
9662.68
9671.99
9673.25
9679.22
9680.79
9698.93
9709.64
9720.36
9731.72
9739.20
9745.84
9752.91
9769.49
9795.53
9795.95
9827.70
9832.80
9840.04
9846.11
9863.81
9866.05
9872.14
9872.24
9875.13
9882.61
9886.35
9888.28
9896.20
9896.63
9897.48
9904.45
9910.77
9918.28
9926.23
9931.27
9931.92
9938.05
9939.77
9950.74
9952.68
9970.68
9974.78
9977.05
9987.52
9988.06
10003.85
10016.96
10026.50
10042.14
10044.20
10046.48
10074.89
10103.71
10103.82
10106.34
10108.74
10118.70
10123.08
10134.26
10134.70
10137.66
10139.96
10141.61
10167.98
10168.31
10170.73
10174.47
10179.98
10181.74
10184.27
10194.86
10198.61
10206.78
10209.87
10218.27
10223.69
10226.68
10228.34
10236.64
10247.61
10248.83
10251.49
10251.49
10258.48
10262.15
10266.48
10278.81
10281.71
10292.84
10292.84
10295.18
10297.85
10301.42
10306.66
10309.44
10336.03
10337.03
10339.05
10341.28
10348.78
10350.80
10357.97
10368.96
10371.43
10377.26
10389.17
10394.79
10398.84
10405.71
10451.18
10455.93
10465.66
10466.34
10474.16
10478.47
10479.26
10483.00
10499.80
10515.49
10524.03
10529.15
10541.12
10551.16
10578.83
10580.09
10581.00
10581.23
10583.52
10583.87
10584.67
10587.87
10598.99
10599.22
10613.11
10616.78
10623.22
10631.96
10632.07
10642.66
10651.88
10658.68
10659.83
10661.68
10688.70
10711.16
10711.74
10716.73
10722.53
10725.08
10730.65
10741.92
10744.01
10749.24
10776.26
10776.84
10799.14
10806.27
10806.97
10824.87
10825.69
10826.75
10836.12
10865.71
10897.73
10899.74
10920.63
10920.87
10936.83
10941.57
10942.99
10950.45
10951.64
10951.87
10952.94
10953.77
10960.41
10960.64
10961.83
10965.15
10974.88
10978.92
10983.44
10992.35
11007.95
11016.41
11044.09
11070.17
11087.67
11087.91
11089.11
11093.67
11108.69
11115.18
11125.41
11130.95
11144.32
11152.89
11160.49
11168.47
11168.83
11177.89
11190.36
11204.17
11218.36
11224.80
11234.88
11244.37
11245.83
11253.25
11288.37
11298.27
11300.96
11305.36
11310.87
11319.68
11324.95
11339.42
11392.92
11399.33
11408.83
11414.26
11417.84
11417.97
11426.74
11446.42
11448.65
11453.85
11458.19
11464.76
11475.43
11476.92
11480.53
11490.96
11500.92
11517.48
11545.55
11551.67
11561.30
11582.71
11594.50
11612.07
11654.11
11668.24
11679.11
11684.16
11686.69
11695.93
11696.31
11708.59
11710.99
11713.66
11723.17
11725.70
11739.03
11745.76
11750.60
11751.74
11772.23
11772.74
11820.09
11822.14
11825.97
11834.94
11848.13
11871.49
11882.15
11903.90
11919.49
11919.62
11925.69
11948.03
11964.59
11972.10
11993.75
12005.05
12028.97
12028.97
12037.82
12051.38
12066.25
12073.17
12078.01
12079.84
12081.53
12096.58
12098.15
12144.97
12146.28
12157.59
12166.93
12173.25
12197.65
12198.31
12214.68
12221.82
12228.96
12230.68
12244.98
12245.38
12253.07
12257.05
12262.09
12275.76
12293.44
12297.16
12322.87
12324.07
12350.50
12356.92
12360.26
12365.34
12385.69
12388.64
12422.47
12426.23
12426.37
12429.73
12438.47
12441.70
12499.99
12500.13
12501.48
12506.35
12522.87
12529.51
12532.22
12559.64
12567.66
12575.96
12595.03
12604.70
12631.87
12638.98
12664.72
12677.06
12680.21
12699.85
12738.65
12741.14
12742.93
12745.13
12765.84
12786.29
12807.62
12810.39
12817.18
12821.07
12821.34
12821.76
12832.31
12845.50
12854.96
12886.43
12893.68
12896.47
12897.31
12932.11
12947.37
12959.28
12959.56
12970.36
12991.01
12998.46
13025.63
13055.26
13103.80
13136.45
13145.55
13158.64
13188.00
13192.43
13199.00
13234.75
13259.97
13262.41
13294.45
13301.65
13308.41
13310.00
13330.32
13331.47
13345.61
13369.17
13372.64
13377.42
13381.62
13387.55
13401.18
13404.80
13405.53
13411.33
13414.96
13420.77
13426.87
13427.01
13441.11
13444.17
13456.68
13462.65
13472.71
13534.51
13538.61
13556.35
13577.48
13578.07
13584.24
13594.54
13619.56
13654.68
13663.55
13665.17
13666.95
13669.32
13670.05
13670.50
13680.41
13686.78
13689.74
13707.38
13714.94
13717.62
13730.39
13749.41
13760.13
13761.77
13766.24
13777.41
13807.85
13820.56
13834.77
13843.31
13868.94
13870.44
13870.44
13878.10
13891.92
13898.84
13900.34
13900.79
13906.81
13947.19
13955.50
13957.01
13962.75
13966.52
13975.44
13980.58
13981.79
13999.66
14039.85
14042.13
14042.44
14044.56
14049.58
14053.99
14070.42
14070.73
14080.93
14084.74
14167.43
14181.23
14187.06
14233.65
14247.51
14248.44
14249.83
14257.08
14264.94
14268.96
14273.44
14335.81
14365.78
14423.40
14467.95
14507.92
14526.61
14526.93
14554.46
14566.12
14572.11
14574.79
14590.25
14591.20
14597.67
14603.83
14605.73
14621.22
14632.14
14637.69
14650.36
14657.18
14677.97
14687.02
14694.34
14705.47
14708.97
14733.98
14746.10
14749.93
14769.25
14769.89
14771.33
14776.92
14782.04
14807.33
14833.95
14838.93
14843.42
14853.87
14862.55
14867.70
14883.95
14907.16
14915.39
14950.93
14958.22
14962.91
14970.20
14971.98
14983.97
14984.13
15007.82
15007.82
15009.61
15032.36
15081.07
15091.85
15097.89
15106.71
15123.88
15127.81
15145.99
15153.86
15186.85
15211.19
15212.51
15226.50
15251.90
15274.52
15284.94
15290.73
15292.05
15298.67
15299.33
15413.64
15414.48
15428.16
15440.18
15441.19
15470.79
15477.32
15479.83
15484.85
15488.54
15499.94
15501.45
15507.99
15521.42
15530.83
15539.06
15551.85
15559.08
15598.19
15599.88
15609.50
15634.69
15653.14
15666.35
15689.42
15700.97
15708.11
15741.62
15750.14
15753.72
15754.74
15804.26
15813.83
15855.30
15857.53
15882.08
15897.73
15900.13
15905.64
15943.55
15949.58
15957.01
15957.70
15977.57
15985.52
16017.55
16055.37
16075.54
16082.15
16083.37
16084.06
16118.91
16140.55
16151.03
16155.22
16165.19
16170.26
16173.24
16191.10
16218.27
16218.27
16225.12
16231.97
16278.93
16289.14
16337.15
16364.22
16372.90
16413.52
16433.77
16440.00
16475.97
16482.03
16493.98
16493.98
16525.78
16546.71
16565.70
16588.30
16614.35
16628.37
16671.25
16675.04
16677.56
16748.27
16755.70
16797.09
16843.31
16852.61
16864.28
16878.52
16879.80
16894.60
16898.44
16903.19
16912.34
16993.05
16999.67
17008.31
17025.07
17028.57
17067.12
17082.64
17097.99
17130.02
17137.06
17138.73
17163.97
17193.90
17207.30
17219.96
17233.94
17300.45
17344.68
17386.96
17394.30
17434.05
17463.51
17474.85
17493.95
17506.07
17507.59
17530.90
17532.61
17533.37
17553.49
17677.57
17736.96
17748.86
17758.47
17773.65
17784.62
17806.57
17850.93
17876.83
17899.67
17905.68
17953.01
17960.20
17970.70
17970.89
18004.95
18009.43
18039.86
18090.09
18125.35
18126.14
18149.30
18177.40
18205.35
18265.72
18274.03
18284.31
18293.21
18297.77
18319.76
18327.09
18338.00
18413.75
18423.12
18490.82
18496.82
18524.06
18545.72
18554.55
18598.77
18599.57
18608.63
18615.28
18635.43
18671.76
18706.33
18708.76
18740.37
18828.58
18875.49
18906.56
18914.33
18940.96
18947.72
18965.57
18972.54
18984.45
18997.19
19010.97
19028.67
19034.02
19036.08
19037.11
19082.89
19094.46
19097.56
19104.58
19125.89
19182.46
19188.07
19215.91
19245.25
19284.02
19364.10
19377.09
19377.93
19390.72
19439.25
19510.68
19553.79
19561.62
19572.84
19649.87
19659.01
19715.25
19737.87
19840.86
19871.37
19876.96
20048.67
20143.26
20144.34
20322.33
20421.96
20572.32
20584.79
20602.61
20619.34
20640.32
20667.36
20667.58
20680.56
20696.45
20699.81
20728.50
20772.95
20826.51
20829.67
20831.02
20833.73
20849.74
20907.79
20928.62
20946.74
20995.98
21020.98
21022.35
21033.49
21042.37
21120.61
21121.75
21200.28
21251.04
21267.37
21318.52
21356.61
21394.08
21397.08
21461.08
21504.31
21510.36
21515.71
21520.84
21534.35
21540.17
21578.66
21704.40
21771.43
21771.91
21803.73
21830.41
21907.07
21981.15
21995.18
22055.71
22059.05
22083.65
22086.28
22089.39
22187.84
22253.71
22371.04
22562.83
22594.84
22595.33
22638.15
23331.19
23761.23
23806.52
23844.67
23894.77
23898.13
23948.35
24026.73
24131.99
24181.38
24272.08
24276.28
24277.86
24324.40
24361.80
24422.76
24424.35
24449.73
24488.39
24648.14
24660.42
24743.54
24811.63
24917.63
24930.57
24948.65
25334.38
25384.86
25557.11
25734.14
25845.75
25889.98
25951.12
26050.14
26058.60
26131.16
26237.40
26289.69
26368.60
26371.74
26789.03
27136.18
27176.73
27608.85
27741.20
27895.90
28108.59
28487.95
28666.35
28884.29
29068.01
29402.68
30185.98
30652.02
30865.01
31058.64
31366.63
31393.79
32503.66
32549.76
35209.70
35445.92
38156.30
38592.67
41751.85
