22.74
27.31
28.54
31.49
32.71
35.47
36.04
36.33
38.98
41.66
42.06
42.54
44.41
44.97
45.21
46.84
47.31
47.96
49.77
49.89
50.44
50.85
50.88
50.97
51.62
51.99
52.10
52.43
52.75
54.63
54.78
54.80
54.81
55.10
55.22
56.05
56.33
56.35
56.65
57.25
57.80
57.92
58.01
58.47
59.72
60.79
61.57
61.93
62.00
63.41
64.13
64.43
64.50
64.56
64.58
64.64
64.99
65.24
65.31
65.92
65.93
66.22
66.88
66.91
67.13
67.69
68.44
68.48
71.13
71.56
73.08
76.19
77.12
77.61
77.77
78.84
79.44
79.81
80.19
80.35
80.80
81.33
81.89
81.93
82.41
83.36
83.50
83.60
83.96
84.35
85.05
85.40
85.82
85.83
85.85
85.90
86.15
86.79
87.06
87.23
87.99
88.24
88.55
89.46
90.04
90.24
90.80
90.93
91.15
91.20
91.23
91.29
92.52
92.62
92.95
93.38
94.89
96.20
96.29
97.23
97.32
97.54
97.80
97.95
98.33
98.52
98.75
99.18
99.83
100.21
100.27
101.53
101.92
103.15
104.15
104.25
104.67
104.92
104.96
105.37
105.50
105.83
106.19
106.25
106.43
106.95
107.27
108.68
108.79
108.94
109.62
109.79
110.15
110.25
110.35
110.62
110.75
110.85
111.63
111.82
111.94
111.99
112.29
112.35
112.57
112.75
113.32
113.72
113.75
113.82
114.42
114.53
115.07
115.13
115.13
115.32
115.33
115.56
115.67
115.73
115.94
116.15
116.34
117.20
117.28
117.42
117.96
118.17
118.43
118.53
118.70
118.84
119.00
119.27
119.28
119.39
119.72
119.99
120.16
120.28
122.32
122.35
122.47
122.57
123.27
123.66
123.66
124.45
124.83
126.01
126.03
126.48
126.81
126.87
127.13
127.93
127.97
128.17
128.35
128.76
128.86
129.15
129.39
129.48
129.57
129.69
129.80
130.22
130.36
130.49
130.78
131.05
131.38
131.52
131.80
132.14
132.14
132.26
132.42
132.54
132.92
133.34
133.83
134.09
134.14
134.20
134.61
134.78
134.88
135.11
135.74
136.07
137.70
137.98
138.23
138.88
138.97
139.25
139.36
139.99
140.01
140.40
140.95
141.35
141.42
141.53
142.00
142.03
142.03
142.99
143.06
143.29
143.91
144.34
144.41
144.71
144.74
145.12
145.84
146.47
146.85
146.99
147.01
147.47
147.58
147.60
147.66
147.71
147.92
147.97
148.26
149.12
149.60
150.13
150.58
150.58
150.74
150.79
150.89
150.95
151.45
151.48
151.71
152.40
152.52
153.94
154.14
154.17
154.77
154.94
155.19
155.24
155.36
155.65
155.81
155.91
156.26
156.28
156.66
157.11
158.11
158.29
158.86
158.99
159.04
159.41
159.49
159.59
160.18
160.42
161.03
161.28
161.70
162.35
162.43
162.79
162.93
163.17
163.30
163.98
164.59
165.06
165.71
166.36
166.41
166.57
167.12
167.14
167.52
167.81
167.88
168.65
168.85
168.87
169.51
169.64
170.98
171.05
171.56
171.67
171.67
171.70
172.03
172.41
173.00
173.19
173.44
173.97
174.44
174.89
175.04
175.10
175.29
175.52
177.07
177.09
177.54
177.57
177.58
177.60
177.90
178.13
178.57
179.33
179.70
179.76
179.94
180.02
180.84
180.87
180.95
181.01
181.61
181.94
182.29
182.50
182.57
182.84
183.53
184.21
184.37
184.43
184.89
184.92
185.15
185.53
185.84
186.20
186.78
187.07
187.17
187.20
187.31
187.38
187.62
188.89
189.05
189.31
189.54
189.74
189.76
190.12
190.39
191.09
191.62
191.96
191.98
192.17
192.65
193.03
194.12
194.23
195.13
195.15
195.20
195.41
195.44
195.59
195.85
195.99
196.88
196.97
197.45
197.48
197.51
198.36
198.42
198.58
198.96
199.06
199.36
199.38
199.84
199.91
200.33
200.38
200.62
201.05
201.61
201.80
201.84
201.90
202.45
203.00
203.38
204.09
204.33
204.49
204.76
205.20
205.34
205.49
205.69
205.75
205.82
206.16
206.83
206.98
207.38
207.60
207.67
207.81
207.85
208.16
208.25
208.28
208.68
208.79
208.82
209.19
209.35
209.58
209.86
209.95
210.69
210.88
211.11
211.26
211.41
211.63
211.68
211.79
211.79
211.90
211.94
212.41
212.80
212.94
213.15
213.64
213.89
214.03
214.11
214.28
214.68
214.85
214.86
216.00
216.07
216.39
216.89
217.31
217.50
217.58
217.74
217.85
217.98
218.66
219.17
219.37
219.42
219.62
220.09
220.15
220.88
221.65
221.98
222.08
222.86
222.98
223.90
224.34
224.76
224.88
224.93
225.27
225.41
225.58
225.67
225.92
226.25
226.51
226.68
226.94
227.15
227.63
227.82
227.84
227.97
228.05
228.21
228.57
228.69
228.87
229.56
229.78
230.25
230.64
230.93
231.01
231.19
231.50
231.78
231.87
232.07
232.13
232.39
232.67
232.74
233.15
233.57
233.77
233.88
234.27
234.84
234.95
234.98
235.05
235.12
235.63
235.72
235.80
235.85
235.96
236.11
236.20
236.48
236.49
236.84
236.87
237.41
237.44
237.76
238.29
238.37
238.57
238.59
239.78
239.79
239.80
240.05
240.25
240.94
241.08
241.53
241.63
242.17
242.51
242.75
242.77
243.04
243.73
243.90
243.98
244.38
244.59
244.71
245.26
245.35
245.42
245.72
245.87
245.95
246.36
246.59
246.88
247.32
248.46
248.98
249.10
249.17
249.23
249.57
249.68
249.69
249.74
249.79
249.98
250.07
250.21
250.24
250.55
250.69
250.70
251.15
251.58
251.65
252.24
252.36
252.55
252.69
253.29
253.31
253.47
253.65
253.76
254.17
254.63
254.67
254.93
255.01
255.19
255.22
255.25
255.28
255.39
255.59
255.78
256.21
256.36
256.36
256.37
256.83
257.17
257.18
257.31
257.45
258.07
258.07
258.57
258.78
259.01
259.08
259.38
259.57
259.82
260.03
260.31
260.74
260.84
261.44
261.95
262.11
262.18
262.49
262.58
263.01
263.53
263.90
263.98
264.04
264.21
264.29
264.30
264.62
264.88
265.05
265.29
265.31
265.41
265.83
265.84
265.90
266.31
266.59
266.60
266.61
266.90
266.91
267.00
267.39
267.86
268.02
268.03
268.22
268.32
268.56
268.58
269.09
269.21
269.60
269.61
269.74
269.78
270.16
270.17
270.35
270.57
270.79
270.98
271.04
271.16
271.44
271.62
271.66
271.79
272.14
272.38
273.08
273.53
273.72
274.13
274.97
275.04
275.16
275.16
275.67
275.85
276.33
276.34
276.51
277.10
277.18
277.24
277.47
278.06
278.14
278.16
278.34
278.36
278.44
278.48
278.62
278.90
279.09
279.33
279.68
280.28
280.38
280.54
280.59
280.63
280.80
281.05
281.13
281.35
281.51
282.15
282.16
282.34
282.98
282.98
283.01
283.06
283.10
283.14
283.27
283.35
283.74
283.97
284.52
284.59
284.62
285.24
285.77
286.05
286.95
286.99
287.02
287.17
287.20
287.22
287.50
287.50
287.55
287.65
288.04
288.09
288.68
289.10
289.25
289.37
289.43
290.01
290.01
290.08
290.23
290.29
290.34
290.71
290.73
291.02
291.17
291.21
291.45
291.71
291.89
292.07
292.27
292.40
292.61
292.62
292.78
292.81
292.88
292.93
292.94
293.51
293.73
293.96
294.17
294.24
294.70
294.91
295.12
295.18
296.22
296.29
296.37
296.49
296.56
296.79
297.01
297.10
297.84
298.31
298.58
298.65
298.68
298.74
298.89
298.97
299.13
299.85
299.91
300.07
300.79
300.94
301.40
301.46
301.49
302.44
302.65
302.80
303.13
303.44
304.10
304.35
304.57
304.67
304.71
304.82
305.66
305.68
305.74
305.81
306.28
306.36
306.41
306.59
306.65
306.80
306.82
307.08
307.58
308.03
308.09
308.71
309.00
309.12
309.20
309.33
309.41
309.56
309.64
309.78
310.03
310.86
311.29
311.69
311.94
311.95
312.35
313.32
313.85
314.00
314.63
314.71
314.81
314.85
315.33
315.41
315.50
315.57
315.77
315.83
316.11
316.63
316.75
317.29
317.43
317.93
317.95
318.27
318.29
318.52
319.26
319.32
319.72
320.05
320.12
320.42
320.49
321.71
321.80
322.20
322.46
322.81
323.23
323.31
323.40
323.65
323.79
324.51
324.83
324.86
324.89
324.96
324.99
325.02
325.19
325.51
325.72
325.82
325.92
325.93
326.03
326.21
327.00
327.14
327.22
327.33
327.79
327.80
327.83
327.95
328.03
328.07
328.19
328.37
328.54
328.64
328.81
329.00
329.19
329.62
329.72
329.96
330.71
330.74
331.27
331.47
331.54
332.19
332.53
332.85
332.96
333.45
333.47
333.57
333.76
334.12
334.23
334.54
334.56
335.11
335.15
335.31
335.48
335.88
336.13
336.42
336.42
336.91
337.43
337.60
337.94
338.17
338.24
338.98
339.40
339.47
339.58
339.59
339.66
339.69
340.13
340.35
341.39
341.66
342.02
342.02
342.24
342.40
342.64
342.94
343.06
343.27
343.33
343.37
343.47
343.70
344.02
344.10
344.18
344.55
344.56
344.60
344.65
344.79
344.91
345.07
345.41
346.06
346.39
346.51
346.94
347.09
347.28
347.34
347.48
347.74
348.60
349.02
349.08
349.39
349.67
349.72
350.08
350.18
350.21
350.23
350.49
350.58
350.97
350.98
351.18
351.43
351.77
351.87
352.12
352.54
352.59
352.66
352.68
352.75
352.97
353.17
353.22
353.39
353.72
353.76
354.52
354.56
354.70
355.02
355.06
355.10
355.17
355.45
355.61
355.79
355.93
356.15
356.18
356.49
356.87
358.08
358.11
358.46
358.51
358.51
358.93
359.73
359.87
359.93
360.13
360.16
360.35
360.78
361.07
361.44
361.59
362.41
362.88
363.41
363.43
363.51
363.77
363.86
364.29
364.79
364.81
364.88
364.91
365.18
365.34
365.63
365.99
366.02
366.08
366.34
366.38
366.59
366.68
367.00
367.04
367.14
367.25
367.34
367.38
367.42
367.47
367.57
367.60
367.75
368.06
368.26
368.78
369.11
369.37
369.55
370.03
370.13
370.37
370.59
370.75
370.88
371.39
371.78
371.94
372.01
372.13
372.18
372.50
372.71
372.76
372.95
373.66
373.71
373.86
374.35
374.37
374.79
374.83
375.27
375.31
375.65
375.84
375.96
376.03
376.58
376.67
377.80
378.53
378.68
378.79
379.07
379.30
380.13
380.20
380.41
380.65
380.92
381.52
381.57
381.68
381.88
382.06
382.20
382.80
382.88
383.09
383.14
383.14
383.17
383.37
383.57
383.82
383.91
383.99
384.19
384.31
384.39
384.46
384.61
384.74
385.41
386.03
386.04
386.40
386.45
386.71
386.94
387.13
387.30
387.35
387.41
387.57
387.83
387.90
388.10
388.48
389.11
389.71
389.73
389.75
389.79
389.82
389.87
390.03
390.43
390.46
390.47
390.49
390.56
390.69
390.83
391.09
391.48
392.27
392.57
392.89
392.90
393.46
393.57
393.60
394.08
394.21
394.79
394.93
394.93
395.35
395.48
395.62
395.69
395.73
395.75
395.86
396.01
396.32
396.47
396.78
397.02
397.96
398.40
398.43
398.47
398.68
398.92
398.98
399.07
399.77
400.06
400.07
400.09
400.55
400.56
400.91
401.15
401.20
401.29
401.37
401.42
401.95
402.31
402.81
402.90
402.94
403.21
403.95
404.57
404.93
405.21
405.32
405.69
406.16
406.32
406.36
406.55
407.63
407.66
408.06
408.21
409.27
409.38
409.44
409.54
409.73
409.78
409.89
409.89
410.11
410.11
410.53
410.62
410.82
411.18
411.34
411.49
411.56
411.87
411.87
412.17
413.02
413.19
413.28
413.48
413.69
414.07
414.09
414.16
414.25
414.27
414.30
414.43
414.44
415.22
416.07
416.50
416.58
417.51
417.55
417.65
417.68
417.77
417.82
417.84
418.42
418.79
418.88
419.04
419.31
419.41
419.83
419.86
419.87
419.88
420.48
420.51
420.55
420.97
421.10
421.40
421.43
421.45
421.66
422.08
422.32
422.50
422.75
422.91
423.06
423.20
423.35
423.61
423.92
424.05
424.18
424.62
424.63
424.68
424.76
425.05
425.12
425.16
425.34
425.47
426.66
427.80
428.35
428.59
428.66
428.66
428.86
429.42
429.60
429.74
430.01
430.28
430.68
430.81
430.90
431.06
431.12
431.42
431.74
431.84
431.88
432.13
432.15
432.15
432.38
432.41
432.79
433.01
433.46
433.69
433.76
434.47
435.06
435.81
436.11
436.47
436.52
436.57
436.66
436.87
437.74
437.89
437.91
438.33
438.76
439.01
439.12
439.50
439.75
440.48
440.50
440.70
440.74
441.37
441.71
441.75
442.02
442.41
442.61
443.29
443.37
443.90
444.00
444.03
444.28
444.33
444.40
444.62
444.77
444.81
445.43
446.09
446.13
446.28
446.40
446.46
447.01
447.18
447.29
447.36
447.62
447.86
447.96
448.29
448.96
449.16
449.33
449.46
449.58
449.64
450.36
450.54
450.73
451.32
451.90
451.96
452.20
452.33
452.48
452.50
453.32
453.38
453.63
453.98
454.30
454.50
454.66
455.07
455.16
455.33
455.49
455.58
455.79
456.31
456.49
456.79
457.08
457.32
457.82
458.13
458.24
458.83
459.07
459.19
459.63
459.63
459.84
459.87
460.14
461.33
461.46
461.58
462.01
462.62
462.65
462.70
463.28
463.70
463.94
464.29
464.55
465.05
465.17
465.23
465.32
466.36
466.48
466.53
466.55
467.22
467.26
467.27
467.85
468.12
468.12
468.13
468.26
468.62
469.08
469.34
469.42
469.42
469.51
469.64
469.70
469.93
470.45
470.64
471.27
471.34
471.55
472.00
472.01
472.09
472.23
472.29
472.53
472.86
472.99
473.06
473.55
473.65
473.84
474.46
474.78
474.98
475.06
475.09
475.33
475.39
475.40
476.02
476.70
476.93
477.53
477.68
477.93
477.97
478.05
478.17
478.73
478.81
479.05
479.11
479.48
479.94
479.95
480.37
480.53
480.55
480.84
481.16
481.37
481.95
482.47
483.02
483.17
483.29
483.45
483.67
483.89
484.09
484.37
484.39
484.46
485.05
485.16
485.87
485.88
486.15
486.20
486.57
486.81
487.16
487.22
487.45
487.48
487.55
487.66
487.79
487.81
488.03
488.36
488.72
488.90
488.92
488.95
489.32
489.45
489.60
489.76
490.05
490.25
490.51
490.68
490.82
491.01
491.51
491.70
491.77
491.93
492.02
492.06
492.16
492.18
492.42
492.46
492.88
493.01
493.04
493.64
493.67
493.73
493.75
494.08
494.41
494.65
495.26
495.46
495.48
495.65
496.34
496.57
497.11
497.25
497.58
497.82
497.83
497.88
497.96
498.33
498.50
498.57
498.63
498.67
498.94
500.55
500.56
500.77
500.88
501.01
501.10
501.34
501.45
501.85
501.87
501.92
502.43
502.51
503.02
503.14
503.18
503.19
504.18
504.46
504.80
504.94
504.99
505.16
505.29
505.48
505.51
505.96
506.04
506.24
506.41
506.46
506.60
507.06
507.27
507.57
507.59
508.37
508.40
508.84
508.88
509.08
509.08
509.18
509.63
509.66
509.72
509.87
509.90
509.92
510.23
510.35
510.55
510.76
511.36
511.84
512.29
512.56
513.17
513.18
513.19
513.74
514.42
514.43
514.64
515.82
516.02
516.17
516.44
517.10
517.57
517.82
518.84
519.22
519.51
520.45
520.58
520.99
521.02
521.24
521.47
521.81
521.86
522.04
522.17
522.66
522.76
523.20
523.27
523.38
523.64
523.74
523.78
523.87
524.30
524.60
524.68
524.96
525.05
525.19
525.39
525.79
525.85
526.07
526.20
526.27
526.28
526.48
527.13
527.24
527.38
527.56
527.58
527.84
528.06
528.34
528.49
528.56
528.56
528.58
528.70
528.74
529.42
529.60
529.71
529.80
529.83
530.07
530.33
530.40
531.06
531.12
531.38
531.43
531.48
531.52
531.59
531.89
531.98
532.17
532.29
532.49
532.53
532.93
533.02
533.28
533.53
533.65
533.93
534.03
534.07
534.21
535.10
535.10
535.17
535.32
535.49
535.74
536.02
536.71
536.79
537.73
537.90
538.73
538.75
539.07
539.12
539.98
540.00
540.25
541.01
541.14
541.15
541.83
542.18
542.24
542.40
542.51
542.52
542.65
542.71
543.28
543.85
544.01
544.30
544.35
544.43
544.55
545.52
545.80
545.86
546.27
546.39
546.57
546.61
546.64
546.77
547.18
547.41
547.44
547.54
548.11
548.20
548.34
548.94
549.06
549.11
549.44
549.69
549.91
550.80
550.97
552.11
552.66
552.88
553.27
553.34
553.40
553.70
553.92
554.04
554.72
554.90
555.30
555.50
555.54
556.20
556.39
556.77
556.85
556.85
556.94
556.98
557.01
557.73
557.74
558.86
559.81
560.38
560.50
560.59
560.60
560.67
561.04
561.38
561.77
561.88
561.89
561.91
561.97
562.08
562.11
562.17
562.27
562.45
562.48
563.25
563.65
563.82
563.94
563.95
563.99
563.99
564.16
564.22
564.43
564.51
564.54
564.66
564.72
564.92
565.06
565.22
565.37
565.60
565.88
566.30
566.48
566.52
566.69
566.85
567.10
567.88
568.14
568.23
568.98
569.09
569.34
569.74
569.92
570.00
570.22
570.23
570.98
571.10
571.27
572.26
573.06
573.16
573.41
573.71
573.91
574.24
574.53
574.83
575.12
575.59
575.69
575.69
576.01
576.14
576.20
576.57
576.66
577.03
577.04
577.36
577.37
577.39
577.51
577.86
578.41
578.58
579.37
579.50
579.50
579.77
580.61
581.09
581.37
581.57
582.22
582.36
582.74
583.25
583.62
583.66
583.70
583.94
584.30
584.91
585.76
586.10
586.36
586.63
586.77
586.83
586.88
588.32
588.46
588.49
588.56
588.75
588.90
589.13
589.24
589.69
589.94
590.09
590.12
590.22
590.34
590.35
591.35
591.76
591.85
592.10
592.33
593.03
593.31
593.48
593.86
593.93
594.34
594.83
595.04
596.08
596.09
596.62
596.70
596.72
597.22
597.47
597.71
597.94
597.97
598.32
598.36
598.44
598.46
598.52
598.78
598.93
599.02
599.04
599.09
599.50
599.67
600.20
600.28
600.36
601.32
601.32
602.12
602.21
602.37
602.81
603.32
603.71
603.87
604.00
604.13
604.24
604.36
604.58
604.77
604.82
604.83
605.34
605.45
605.62
605.85
606.10
606.81
606.84
606.98
607.04
607.23
607.67
608.13
608.14
608.52
609.73
609.97
610.30
610.32
610.69
611.60
611.92
612.08
612.15
612.47
612.56
612.66
612.94
614.12
614.21
614.40
614.64
615.73
615.75
615.85
616.35
616.46
616.57
616.77
616.93
617.01
617.20
617.58
617.79
617.84
617.86
618.06
618.22
618.26
618.75
618.83
619.36
620.02
620.59
620.64
621.15
621.40
622.48
622.61
622.65
623.38
623.40
623.67
623.87
623.95
624.23
624.76
624.78
625.10
625.13
625.35
625.84
626.05
626.43
626.92
627.08
628.82
629.02
629.03
629.06
629.25
629.43
629.43
629.46
630.30
631.09
631.34
631.65
631.98
632.34
632.55
632.77
633.25
633.77
633.78
635.20
635.39
635.43
635.44
635.48
635.62
636.22
637.52
637.56
637.78
638.28
638.47
639.58
640.22
641.08
641.10
641.11
641.38
641.40
641.56
642.08
642.21
642.26
643.03
643.33
643.43
643.95
644.19
644.63
645.00
645.42
645.47
645.49
646.08
646.20
646.29
646.38
646.53
646.68
646.69
647.22
647.28
647.69
647.79
648.19
648.24
648.39
648.71
649.03
649.14
649.77
650.24
650.26
650.58
651.07
651.54
651.55
651.72
651.76
652.19
652.30
652.46
653.87
654.34
654.88
656.13
656.20
656.52
656.59
656.86
657.00
657.03
658.29
658.29
658.29
658.46
658.53
659.14
659.33
659.38
659.41
659.62
660.18
660.69
661.30
661.53
662.34
662.37
662.59
662.74
662.79
663.56
663.63
663.97
664.30
664.67
664.85
665.20
665.42
665.75
665.84
666.20
666.38
666.72
666.72
666.78
667.24
667.25
667.50
667.63
667.82
667.86
668.38
669.29
669.29
669.45
669.45
669.50
670.12
670.16
670.32
670.37
670.53
670.92
671.01
671.40
671.65
671.72
671.78
671.95
672.06
672.84
672.86
673.44
674.24
674.43
674.46
674.55
674.90
674.97
675.01
675.57
675.59
676.28
676.39
676.55
677.04
677.10
678.06
678.19
678.32
678.45
679.47
679.61
679.80
679.83
680.14
680.34
680.42
680.76
680.94
681.20
681.45
681.64
682.32
682.47
682.78
683.12
683.23
683.25
683.83
684.00
684.04
684.14
684.49
684.53
684.64
684.81
685.04
685.38
686.24
686.29
686.37
687.35
687.41
687.47
687.57
687.70
688.29
688.74
688.99
689.63
690.74
691.33
691.41
691.42
692.07
692.36
692.39
692.60
692.65
692.89
692.92
692.96
693.18
693.19
693.52
693.66
693.72
694.55
694.69
694.80
694.96
695.68
695.73
695.74
695.87
695.91
696.01
696.02
696.87
697.29
697.35
697.60
697.82
698.79
699.03
699.31
699.47
699.78
700.10
700.40
700.44
701.33
701.54
701.73
702.35
702.45
702.59
702.91
703.40
703.47
703.76
703.91
704.14
704.25
704.61
704.91
704.91
705.68
705.73
706.00
706.13
706.29
706.42
706.52
706.62
706.98
706.98
707.13
707.40
707.58
707.82
709.15
709.33
709.69
709.91
710.07
710.18
711.22
711.33
712.14
712.26
712.26
712.84
713.43
713.73
713.74
713.78
713.78
714.02
714.10
714.17
714.22
714.25
714.34
714.44
714.63
714.87
714.91
715.45
715.77
715.80
715.81
715.96
716.01
716.10
716.10
716.30
717.36
717.50
717.94
718.13
718.18
718.37
718.47
718.59
718.67
719.88
720.11
720.15
720.15
721.21
721.55
721.66
721.99
722.16
722.46
722.71
723.21
723.25
723.39
723.47
723.78
723.91
724.14
724.19
724.28
724.69
724.95
724.98
725.42
725.55
725.65
725.86
725.97
726.53
726.54
726.63
726.94
727.64
727.68
727.72
727.85
728.00
728.33
728.60
729.04
729.26
729.90
730.06
730.35
730.44
730.46
730.50
730.58
731.18
731.50
731.60
732.14
732.33
732.59
732.78
733.14
733.25
733.65
733.90
734.20
734.38
734.56
735.22
735.48
735.58
735.64
735.73
735.81
736.13
736.18
736.46
736.54
736.97
737.01
737.09
737.26
737.27
737.49
737.55
737.77
738.38
738.97
739.35
739.38
739.80
739.81
740.70
740.75
741.03
741.32
741.88
742.90
743.16
743.16
743.28
743.40
743.63
744.27
744.84
745.11
745.14
747.11
747.43
747.45
747.81
747.88
748.09
748.73
748.89
748.99
749.54
749.92
750.37
750.80
751.00
751.34
751.36
751.82
752.01
752.20
752.64
752.66
752.97
753.04
753.32
753.52
753.81
753.98
754.08
754.21
754.47
754.52
754.91
754.93
755.02
755.18
755.39
755.40
755.50
756.01
756.39
756.93
757.21
757.26
757.36
757.57
757.79
758.49
758.70
759.17
759.26
759.69
760.18
760.19
761.02
761.14
761.52
762.27
762.29
762.42
762.43
762.45
763.36
763.46
763.51
763.56
763.81
763.92
764.18
764.22
764.26
765.03
765.59
765.63
766.12
766.23
766.29
766.56
766.93
767.08
767.20
767.27
767.31
767.46
767.54
767.86
768.07
769.25
769.90
770.60
771.25
772.09
772.25
772.72
772.79
773.41
773.45
773.46
773.64
773.79
774.21
774.38
774.90
774.99
774.99
775.92
776.24
776.37
776.61
776.69
776.88
777.04
777.11
777.13
777.68
777.84
778.14
778.25
778.37
778.44
779.04
779.30
780.22
780.70
780.89
781.05
781.21
781.45
782.06
782.15
782.60
783.14
783.36
783.47
783.50
784.26
784.34
785.51
785.64
785.73
785.77
787.27
788.52
788.62
789.20
789.33
789.62
789.65
789.68
790.08
790.43
790.61
790.73
790.94
791.63
791.79
792.18
792.92
793.18
793.29
793.62
793.69
793.93
794.13
794.35
794.57
794.77
794.92
795.17
795.63
795.95
796.08
796.40
796.48
796.50
796.84
796.88
797.31
797.56
798.17
798.30
798.59
798.70
798.79
798.87
799.03
799.25
799.28
799.39
799.83
800.20
800.34
800.49
800.54
800.54
801.06
801.17
801.23
801.31
801.41
801.66
801.73
801.89
802.31
802.63
802.72
803.18
803.55
804.37
804.61
804.68
805.22
805.33
805.48
805.50
805.70
806.54
807.61
807.78
807.91
808.67
808.69
808.99
809.13
809.15
809.37
809.80
809.90
810.24
810.61
810.94
810.99
811.10
811.40
813.21
813.26
813.29
813.56
813.56
813.75
813.78
813.78
813.89
813.93
814.14
814.23
814.60
814.68
814.70
815.32
815.35
815.42
816.20
816.34
816.42
816.58
817.07
817.96
818.22
818.38
818.38
818.54
818.66
819.35
820.11
820.16
820.25
821.37
821.90
822.21
822.26
822.44
822.76
822.89
823.51
824.12
824.18
824.25
824.47
824.53
824.82
824.91
825.33
825.34
825.44
825.97
826.37
826.51
826.53
827.21
827.81
828.42
828.46
829.06
829.14
829.18
829.19
829.21
829.44
829.60
829.83
830.51
830.96
831.32
831.58
831.74
831.83
831.95
832.02
832.05
832.95
833.08
833.76
835.24
835.36
835.67
836.03
836.39
836.60
836.68
836.96
837.01
837.16
837.23
837.33
837.63
837.85
838.23
838.48
838.73
838.81
839.03
839.37
839.43
839.60
839.71
840.16
840.17
840.20
840.36
841.50
841.51
841.72
841.97
842.00
842.32
843.24
843.37
843.58
843.82
844.21
844.26
845.07
845.46
845.53
845.70
845.70
845.94
846.14
846.47
846.71
846.73
846.74
846.76
846.84
846.94
847.25
847.38
847.78
848.07
848.12
848.86
848.87
849.07
849.13
849.68
850.09
850.65
851.17
851.18
851.41
851.51
851.67
852.11
852.33
852.97
853.15
853.16
853.39
853.56
853.93
854.02
854.55
855.18
855.36
855.90
857.06
857.17
857.30
857.53
857.55
858.06
858.52
859.80
860.58
861.01
861.21
861.30
862.05
862.45
862.61
862.92
863.07
863.70
863.71
864.34
864.37
864.47
864.86
865.46
865.51
865.97
866.31
866.83
866.91
867.33
867.35
867.58
867.62
867.94
867.95
868.10
868.54
868.60
868.66
868.89
869.31
869.63
869.88
870.00
870.03
870.22
870.27
870.87
871.33
871.33
871.93
871.94
872.18
872.22
872.52
872.55
873.06
873.08
873.10
873.63
873.71
873.77
873.94
873.98
874.19
874.46
874.66
874.67
875.15
875.69
875.70
875.74
876.04
876.07
876.12
877.90
878.13
878.80
878.80
879.06
879.22
879.31
879.41
879.44
879.51
879.55
879.94
880.08
880.12
880.21
880.29
880.77
880.77
881.33
881.55
882.35
882.49
882.66
883.09
883.69
884.09
884.33
884.56
884.66
885.06
885.40
886.22
886.22
886.37
886.98
887.35
887.65
887.78
888.19
888.28
888.53
888.56
888.77
888.98
889.12
889.25
889.43
889.45
890.39
890.81
891.04
891.32
891.48
891.63
892.02
892.21
892.30
892.34
892.69
893.22
893.72
893.77
894.40
894.60
894.72
895.36
895.79
895.80
895.88
897.00
897.03
897.07
897.15
897.69
897.70
897.86
897.95
898.58
899.03
899.13
899.85
900.10
900.50
900.89
901.20
901.35
901.42
901.85
902.07
902.25
902.70
902.83
902.98
903.13
903.28
903.40
903.78
903.97
905.17
905.37
906.19
906.84
907.22
907.26
907.40
907.43
907.72
908.83
909.23
909.23
909.68
910.20
910.37
910.66
910.91
911.45
911.59
911.88
912.02
912.87
914.88
915.20
915.24
915.45
917.00
917.06
917.10
917.12
917.16
918.07
919.33
919.48
919.60
919.68
919.96
920.25
920.58
920.69
920.82
920.96
920.96
921.13
921.29
921.44
921.68
921.97
922.43
922.96
923.05
923.31
923.36
923.86
923.91
924.19
924.32
925.08
925.75
925.82
925.96
926.40
926.42
927.20
927.56
927.67
928.06
928.08
928.62
928.76
929.01
929.11
929.20
929.33
929.84
930.04
930.11
930.11
930.15
930.24
930.53
930.85
931.05
931.73
931.78
932.12
932.33
932.34
932.66
932.80
933.19
933.50
933.63
933.93
934.07
934.12
934.48
934.69
936.63
936.68
937.35
937.73
937.74
938.52
938.61
938.79
938.84
938.99
938.99
939.32
939.58
939.72
939.82
939.85
940.38
941.17
941.18
942.33
942.60
942.61
942.67
942.77
942.82
942.83
942.91
943.29
943.39
944.05
944.44
944.61
944.80
945.49
945.60
946.14
946.47
946.48
946.60
946.67
946.68
947.14
947.25
947.43
947.83
948.01
949.11
949.18
950.02
950.29
951.04
951.22
951.58
952.25
952.58
953.23
953.43
953.63
953.81
953.91
954.04
954.31
954.56
954.88
955.00
955.89
956.13
956.47
957.26
957.64
957.98
958.72
959.04
959.11
959.26
959.42
959.70
959.84
959.89
960.08
960.25
960.56
960.56
960.92
961.22
961.35
961.39
961.69
961.79
962.32
962.41
964.49
964.87
965.22
966.11
966.31
966.39
966.46
966.49
966.54
966.66
967.69
968.19
968.40
968.57
968.94
969.13
969.35
969.53
969.76
969.87
970.39
970.52
970.97
971.23
971.23
971.25
971.72
972.45
972.79
973.22
973.43
973.59
973.72
973.73
974.64
974.85
974.94
975.01
975.65
975.83
976.22
976.41
976.73
977.22
977.24
977.44
977.53
977.55
977.64
977.65
977.98
978.12
978.93
979.22
979.72
980.42
981.30
981.57
981.79
982.06
982.29
982.94
983.12
984.10
984.35
984.51
984.89
985.75
986.18
986.47
986.59
987.01
987.28
987.33
987.38
987.67
987.72
987.73
988.22
988.57
988.96
989.51
989.68
990.04
990.43
990.44
990.52
990.70
990.78
991.00
991.51
991.60
992.24
992.51
992.60
993.33
993.39
993.74
994.70
995.13
995.23
996.38
996.62
996.70
996.78
996.98
997.29
997.48
997.85
998.05
998.14
999.03
1000.42
1000.90
1001.16
1001.67
1002.13
1002.83
1002.86
1002.99
1003.23
1003.79
1004.64
1005.13
1005.79
1006.01
1006.13
1006.16
1007.08
1007.27
1007.30
1007.51
1007.69
1007.69
1007.70
1008.52
1008.56
1008.63
1009.21
1009.93
1010.41
1010.54
1010.64
1010.65
1010.72
1010.95
1011.68
1011.88
1012.41
1012.53
1012.75
1012.90
1013.15
1013.37
1013.98
1014.04
1014.32
1014.67
1014.86
1015.19
1015.24
1015.65
1016.23
1016.23
1016.28
1016.83
1017.08
1017.10
1017.24
1017.35
1018.04
1018.24
1018.85
1018.99
1019.21
1020.13
1020.52
1020.58
1020.73
1020.84
1021.60
1021.90
1022.08
1022.14
1022.70
1023.21
1023.21
1023.83
1024.55
1024.70
1024.88
1025.22
1025.51
1025.59
1025.72
1026.09
1026.68
1027.05
1027.12
1027.21
1027.84
1027.92
1028.08
1028.26
1028.37
1028.93
1029.25
1029.87
1029.88
1030.17
1030.48
1030.88
1031.12
1032.04
1032.56
1033.20
1033.34
1033.80
1034.00
1034.11
1034.19
1034.26
1034.27
1034.38
1035.11
1035.29
1035.99
1035.99
1036.58
1036.66
1037.59
1037.62
1038.18
1038.45
1038.80
1039.33
1039.67
1039.87
1040.07
1040.55
1040.87
1041.25
1041.87
1041.93
1042.08
1042.76
1043.19
1043.19
1043.31
1044.15
1044.21
1044.50
1044.82
1044.92
1044.97
1045.27
1045.57
1045.89
1046.15
1046.39
1046.45
1047.32
1047.39
1047.41
1047.63
1048.06
1048.59
1048.91
1049.09
1049.33
1049.95
1050.45
1051.21
1051.40
1051.52
1052.22
1052.24
1052.69
1052.73
1053.88
1054.07
1054.23
1056.05
1056.48
1056.93
1057.01
1057.45
1057.96
1058.00
1058.19
1058.68
1058.99
1059.28
1060.26
1062.08
1062.12
1062.31
1063.56
1064.24
1064.56
1064.75
1064.93
1064.95
1066.29
1066.60
1066.99
1067.35
1067.41
1067.72
1068.01
1068.31
1068.61
1068.72
1069.11
1069.21
1070.05
1070.07
1070.23
1070.50
1070.75
1070.81
1070.88
1071.02
1071.20
1071.55
1072.07
1072.24
1072.25
1072.49
1073.63
1073.72
1074.16
1074.22
1074.51
1074.84
1074.92
1074.93
1075.26
1075.42
1075.85
1076.12
1076.20
1076.56
1077.26
1077.45
1077.94
1078.43
1078.60
1078.87
1078.96
1079.34
1079.64
1079.94
1079.94
1080.11
1080.59
1080.72
1081.00
1081.34
1081.56
1081.58
1082.20
1083.08
1083.19
1083.49
1083.81
1084.07
1084.32
1084.33
1084.72
1085.70
1086.05
1086.13
1086.17
1086.66
1087.52
1088.19
1088.46
1088.72
1089.21
1089.40
1089.46
1089.50
1089.54
1089.65
1090.59
1090.72
1091.08
1092.16
1092.51
1092.53
1092.78
1092.79
1092.83
1093.22
1093.80
1093.86
1093.90
1094.22
1094.74
1094.79
1094.83
1095.93
1096.17
1096.55
1096.58
1096.62
1097.01
1097.84
1097.96
1098.60
1099.10
1099.22
1099.46
1099.86
1100.28
1100.58
1100.90
1101.35
1101.36
1101.36
1101.43
1101.50
1101.64
1102.10
1102.70
1103.22
1103.34
1103.46
1103.47
1103.52
1104.08
1104.14
1104.30
1104.67
1104.70
1105.01
1105.48
1105.50
1105.62
1105.88
1105.96
1106.52
1106.57
1106.89
1106.95
1107.24
1107.29
1107.72
1108.31
1108.38
1108.45
1108.52
1108.61
1108.69
1109.07
1109.17
1109.51
1109.83
1110.01
1110.06
1110.70
1111.08
1111.25
1111.26
1111.37
1111.50
1111.69
1112.05
1113.56
1114.46
1114.50
1115.02
1115.49
1116.07
1117.77
1118.21
1120.53
1120.55
1120.69
1121.02
1121.27
1121.47
1121.53
1121.58
1121.65
1121.79
1121.84
1122.23
1122.33
1122.49
1122.78
1123.09
1123.20
1123.51
1123.88
1123.92
1124.19
1124.46
1124.98
1125.42
1125.55
1125.88
1126.06
1126.20
1126.89
1126.97
1127.00
1127.64
1128.15
1128.51
1128.53
1128.84
1128.95
1129.97
1130.25
1130.26
1130.60
1130.67
1131.02
1131.30
1131.56
1131.77
1131.89
1132.13
1132.75
1132.82
1133.02
1133.31
1133.37
1133.51
1133.58
1133.72
1135.30
1135.32
1135.63
1136.59
1137.02
1137.25
1137.29
1137.87
1138.04
1138.33
1139.03
1139.46
1140.14
1140.52
1140.53
1140.62
1140.73
1141.46
1141.52
1141.96
1142.11
1142.35
1142.42
1142.46
1143.42
1143.86
1143.86
1144.09
1144.44
1144.45
1144.80
1145.33
1145.71
1145.75
1146.11
1147.14
1147.15
1147.84
1148.07
1148.12
1148.21
1148.82
1149.19
1149.28
1149.28
1149.69
1149.92
1150.06
1150.81
1150.85
1151.12
1151.27
1151.46
1151.47
1152.25
1152.72
1153.20
1153.56
1153.60
1154.56
1154.97
1155.40
1155.74
1155.97
1156.36
1156.39
1156.78
1158.18
1159.39
1159.39
1159.63
1160.61
1161.04
1161.05
1161.33
1161.43
1161.60
1161.63
1161.97
1162.91
1163.92
1164.05
1164.17
1164.42
1164.60
1164.69
1165.09
1165.22
1165.42
1165.71
1165.77
1165.84
1165.96
1166.34
1166.64
1167.20
1167.58
1167.60
1167.63
1167.93
1168.25
1168.94
1170.27
1170.30
1170.78
1171.17
1171.42
1171.83
1171.84
1172.16
1172.54
1175.19
1176.21
1177.20
1177.35
1177.98
1178.33
1178.48
1178.57
1178.62
1179.14
1179.50
1179.69
1180.47
1180.47
1180.82
1181.81
1181.84
1181.91
1182.44
1182.59
1182.82
1183.49
1183.65
1184.87
1185.03
1186.51
1186.58
1186.72
1187.67
1188.12
1188.25
1188.49
1189.29
1190.05
1190.24
1190.42
1190.93
1191.27
1191.31
1191.31
1191.98
1192.05
1192.50
1192.74
1193.35
1194.06
1195.16
1195.21
1196.00
1196.73
1196.93
1197.39
1197.41
1197.49
1197.54
1197.84
1197.90
1198.73
1199.29
1199.46
1199.62
1199.71
1200.14
1200.24
1200.40
1200.60
1200.99
1201.02
1201.04
1201.24
1201.51
1202.90
1203.15
1203.59
1203.61
1203.83
1203.95
1204.14
1204.17
1204.26
1204.74
1205.13
1205.69
1205.95
1206.02
1206.12
1206.24
1206.44
1206.75
1207.22
1207.29
1207.38
1207.65
1208.07
1208.19
1208.21
1208.91
1209.69
1209.84
1209.87
1210.37
1210.46
1210.56
1210.74
1211.51
1211.74
1211.95
1212.42
1212.51
1213.82
1214.12
1214.78
1214.87
1215.50
1215.58
1216.11
1216.17
1216.33
1216.58
1216.65
1216.71
1217.78
1218.06
1218.30
1218.40
1219.61
1219.72
1220.05
1220.26
1221.79
1221.98
1222.85
1223.08
1223.41
1223.71
1223.91
1224.41
1224.41
1224.44
1224.71
1225.01
1225.45
1225.59
1225.95
1226.73
1227.27
1227.31
1227.78
1228.10
1228.21
1228.39
1228.70
1228.86
1228.97
1230.62
1230.64
1231.39
1231.43
1231.62
1231.72
1231.97
1232.55
1232.72
1233.95
1234.11
1234.28
1234.44
1234.78
1235.06
1236.03
1236.19
1236.68
1236.82
1237.45
1237.63
1237.73
1238.05
1238.12
1239.11
1239.25
1239.41
1239.42
1240.11
1240.11
1240.12
1240.15
1240.79
1241.13
1241.57
1242.34
1242.56
1243.51
1243.56
1244.54
1244.65
1245.13
1245.30
1245.53
1245.77
1246.25
1246.25
1246.51
1246.77
1247.04
1247.14
1247.16
1247.26
1247.58
1248.02
1248.12
1249.36
1249.41
1249.56
1249.67
1249.74
1249.99
1250.09
1251.50
1251.58
1251.60
1251.90
1252.06
1252.17
1252.46
1252.54
1252.93
1254.83
1255.80
1257.67
1257.96
1258.48
1258.80
1258.95
1259.03
1259.07
1259.10
1259.27
1259.55
1259.65
1259.74
1259.93
1260.03
1260.55
1260.78
1261.57
1261.62
1262.05
1262.31
1262.35
1262.77
1262.98
1263.22
1263.62
1263.76
1263.82
1264.14
1264.81
1265.04
1265.06
1265.70
1266.01
1266.89
1267.00
1267.29
1267.65
1267.74
1268.43
1269.22
1269.95
1270.02
1270.45
1270.46
1270.61
1270.89
1271.18
1271.42
1272.85
1273.18
1273.92
1274.36
1274.55
1275.10
1276.22
1276.79
1277.39
1277.84
1278.75
1279.27
1279.79
1279.94
1280.02
1280.81
1280.98
1281.56
1283.04
1283.27
1284.80
1284.85
1284.92
1285.09
1285.20
1285.42
1285.62
1285.92
1286.46
1286.56
1286.58
1286.78
1287.10
1287.86
1287.88
1287.97
1288.02
1288.40
1288.51
1288.72
1289.03
1289.28
1289.50
1289.73
1289.74
1291.08
1291.35
1292.83
1293.43
1293.65
1293.74
1293.99
1293.99
1294.14
1294.87
1295.19
1296.29
1296.30
1297.69
1297.90
1298.88
1299.43
1299.52
1300.28
1300.32
1300.37
1301.32
1302.87
1303.16
1303.83
1304.22
1304.24
1304.45
1304.73
1304.86
1305.25
1305.51
1305.65
1305.94
1306.37
1306.98
1307.78
1307.91
1308.32
1308.90
1310.71
1311.69
1312.26
1312.53
1312.62
1313.50
1313.70
1313.72
1314.52
1315.16
1316.47
1317.03
1317.14
1317.24
1317.47
1317.47
1318.05
1318.45
1319.25
1319.67
1320.14
1321.34
1322.11
1322.12
1323.25
1323.98
1324.00
1325.15
1326.01
1326.02
1326.02
1326.36
1326.54
1327.08
1327.31
1327.41
1328.85
1329.86
1330.25
1330.55
1330.98
1331.40
1331.96
1332.54
1332.88
1332.92
1333.00
1333.69
1333.73
1333.82
1333.86
1333.96
1333.98
1334.12
1334.64
1335.44
1335.84
1336.20
1336.22
1336.91
1337.36
1338.11
1338.37
1339.00
1339.81
1339.88
1339.94
1339.94
1340.50
1340.56
1340.74
1341.03
1341.11
1341.72
1341.78
1341.85
1342.22
1343.16
1343.28
1343.35
1343.73
1344.19
1344.47
1344.85
1345.91
1346.06
1346.89
1347.76
1348.78
1349.47
1349.70
1349.89
1350.87
1351.38
1351.59
1352.35
1352.39
1353.14
1353.21
1353.47
1353.55
1353.81
1353.94
1354.00
1354.07
1354.09
1354.27
1355.03
1355.06
1355.41
1355.42
1355.95
1355.97
1356.66
1357.14
1357.20
1357.71
1357.86
1358.01
1358.01
1358.05
1358.77
1359.14
1359.90
1360.11
1360.24
1360.32
1360.52
1360.74
1361.45
1361.86
1362.14
1362.32
1362.57
1363.01
1363.19
1363.78
1363.79
1363.97
1364.06
1365.24
1365.34
1365.55
1366.50
1366.56
1366.70
1367.47
1367.50
1367.75
1368.21
1368.58
1368.60
1369.28
1370.06
1370.35
1370.42
1370.70
1371.61
1372.48
1372.68
1372.87
1373.37
1373.43
1373.85
1374.47
1374.47
1375.63
1375.86
1376.19
1376.29
1376.56
1376.75
1378.81
1379.99
1380.03
1380.08
1381.03
1381.39
1381.47
1381.80
1382.15
1382.27
1382.35
1382.38
1385.12
1385.33
1385.79
1386.09
1386.44
1386.45
1386.56
1386.90
1386.95
1387.23
1387.80
1389.01
1389.11
1389.29
1389.32
1389.35
1389.74
1389.94
1390.95
1391.52
1391.56
1391.61
1392.81
1393.21
1394.09
1394.73
1394.85
1395.03
1395.03
1396.09
1396.27
1396.62
1397.30
1397.51
1397.64
1397.86
1397.87
1397.95
1398.57
1399.37
1399.38
1399.79
1400.17
1401.43
1401.63
1401.95
1402.40
1402.95
1403.42
1404.01
1404.33
1404.40
1404.54
1404.65
1405.26
1406.56
1406.70
1407.11
1407.77
1407.87
1408.39
1408.80
1408.85
1409.47
1409.78
1410.05
1410.25
1410.37
1410.43
1410.91
1411.34
1411.43
1411.67
1411.92
1411.99
1412.02
1412.94
1413.12
1413.61
1413.96
1414.27
1414.38
1414.42
1414.82
1414.99
1415.34
1415.42
1415.71
1415.86
1415.86
1416.18
1417.01
1417.47
1417.70
1418.33
1418.50
1418.88
1419.91
1419.96
1420.62
1422.37
1423.36
1423.39
1424.56
1424.95
1425.32
1426.01
1426.12
1426.38
1426.77
1426.81
1427.29
1427.48
1427.49
1427.51
1429.27
1429.28
1429.35
1429.42
1429.76
1430.26
1430.52
1431.67
1431.73
1431.79
1431.93
1432.18
1432.19
1432.23
1432.68
1432.71
1433.90
1434.23
1435.56
1435.62
1436.62
1436.68
1436.71
1437.40
1437.50
1438.20
1438.33
1438.34
1438.42
1438.52
1438.52
1439.19
1439.33
1439.65
1439.81
1440.31
1440.98
1442.40
1443.10
1443.52
1443.54
1443.74
1443.86
1443.90
1444.66
1444.79
1445.16
1445.85
1445.90
1445.91
1447.05
1447.20
1447.92
1448.21
1448.67
1448.97
1449.01
1449.23
1449.39
1449.62
1450.71
1450.74
1450.74
1451.10
1451.24
1451.79
1451.95
1453.87
1453.96
1454.56
1454.97
1455.63
1456.68
1456.70
1456.76
1456.87
1457.19
1458.43
1458.45
1458.86
1459.41
1460.00
1460.90
1461.64
1462.15
1462.39
1462.56
1462.61
1462.88
1463.29
1464.11
1464.33
1464.49
1464.51
1464.54
1465.16
1465.54
1466.01
1466.39
1466.54
1467.47
1468.85
1469.03
1469.33
1469.51
1470.95
1471.00
1471.43
1472.18
1472.77
1472.96
1474.03
1475.34
1476.57
1476.74
1476.82
1476.85
1477.77
1478.81
1479.61
1480.42
1480.90
1480.94
1481.30
1482.27
1482.49
1482.97
1483.24
1484.22
1484.88
1485.20
1485.81
1485.83
1487.66
1488.11
1488.31
1488.79
1489.08
1489.95
1490.39
1491.94
1492.00
1492.69
1492.81
1493.28
1493.68
1494.05
1494.80
1494.99
1495.23
1495.78
1496.12
1496.90
1496.98
1497.32
1497.40
1497.47
1497.53
1497.58
1497.94
1498.11
1499.96
1500.27
1500.32
1500.34
1500.94
1501.15
1501.17
1501.77
1502.38
1503.52
1503.59
1503.83
1504.25
1504.79
1506.86
1506.91
1507.68
1509.11
1509.99
1510.08
1510.29
1511.02
1511.55
1512.37
1512.38
1512.40
1512.74
1512.81
1513.43
1513.61
1513.82
1514.05
1514.36
1514.77
1515.15
1515.54
1515.63
1516.28
1516.43
1516.45
1516.56
1517.05
1517.09
1517.48
1519.16
1519.20
1519.37
1520.03
1520.73
1520.77
1522.58
1522.73
1522.96
1523.17
1523.70
1523.98
1524.36
1524.47
1524.69
1525.27
1525.45
1525.91
1526.50
1527.23
1528.49
1528.92
1529.56
1529.73
1529.88
1530.27
1530.49
1530.56
1531.37
1531.43
1533.11
1533.44
1533.82
1534.87
1535.18
1535.33
1536.03
1536.08
1536.33
1536.58
1536.68
1537.16
1537.18
1537.73
1538.21
1538.82
1539.11
1539.19
1539.57
1539.82
1540.06
1540.22
1540.81
1541.27
1542.09
1542.68
1543.53
1543.68
1543.81
1544.25
1544.61
1545.05
1545.92
1546.50
1547.17
1548.18
1548.23
1548.41
1548.41
1548.68
1550.07
1551.56
1551.67
1551.78
1554.37
1554.91
1555.35
1555.46
1556.07
1556.12
1556.46
1556.54
1556.71
1557.18
1557.54
1558.87
1559.22
1560.12
1560.55
1560.55
1560.69
1561.08
1561.10
1561.21
1561.67
1562.26
1562.62
1562.89
1563.12
1563.22
1564.00
1564.51
1564.85
1564.85
1565.80
1565.81
1566.48
1566.90
1567.31
1567.51
1567.88
1568.05
1568.17
1569.39
1570.16
1571.60
1571.84
1572.15
1572.42
1572.76
1573.59
1574.07
1574.10
1574.75
1575.18
1575.96
1576.03
1576.12
1576.12
1576.17
1576.32
1578.15
1578.66
1578.85
1579.60
1580.40
1580.64
1581.21
1581.53
1581.55
1582.52
1582.99
1583.14
1583.67
1585.27
1585.47
1585.63
1586.05
1586.86
1586.86
1587.84
1591.04
1591.19
1591.38
1592.66
1592.85
1593.04
1593.21
1593.61
1594.74
1595.30
1595.95
1596.83
1597.25
1597.42
1597.54
1597.65
1597.99
1598.46
1598.46
1598.89
1599.46
1599.76
1601.63
1602.35
1603.67
1604.12
1604.44
1604.52
1605.03
1606.64
1606.80
1608.17
1608.42
1608.68
1608.76
1609.17
1609.57
1609.64
1609.74
1609.86
1609.88
1610.65
1610.82
1610.89
1611.64
1611.88
1612.06
1612.32
1613.96
1614.29
1614.68
1614.78
1614.89
1616.97
1617.86
1617.95
1619.05
1619.35
1619.44
1620.93
1621.57
1621.70
1622.05
1622.15
1622.29
1622.77
1623.03
1623.21
1623.45
1624.44
1624.58
1625.23
1625.51
1625.72
1626.88
1626.92
1627.08
1627.64
1628.64
1629.67
1629.77
1630.32
1630.53
1630.85
1631.38
1632.77
1633.35
1633.94
1635.05
1635.12
1635.48
1636.41
1636.57
1637.07
1637.44
1637.78
1638.01
1638.67
1639.55
1639.57
1639.78
1640.00
1640.01
1640.39
1640.83
1641.40
1641.43
1641.86
1642.11
1642.62
1642.64
1643.07
1643.16
1644.03
1644.05
1644.21
1644.62
1644.69
1644.79
1645.97
1646.02
1646.95
1647.09
1647.39
1647.41
1649.69
1650.36
1650.64
1651.41
1651.53
1651.77
1651.82
1651.86
1653.36
1653.38
1653.57
1654.04
1654.63
1654.88
1654.93
1655.24
1655.49
1655.74
1656.04
1656.40
1657.23
1657.67
1657.82
1657.93
1658.59
1658.77
1659.77
1660.08
1660.69
1661.09
1661.12
1661.32
1662.06
1662.96
1663.55
1665.28
1665.39
1665.42
1666.11
1666.31
1667.69
1668.31
1668.69
1668.69
1668.92
1668.98
1669.03
1669.54
1669.59
1670.39
1670.75
1671.09
1671.14
1672.25
1672.30
1672.45
1673.44
1673.86
1674.31
1674.67
1674.96
1675.33
1675.98
1676.22
1677.99
1678.10
1678.63
1679.25
1679.37
1679.48
1680.01
1680.70
1681.76
1682.17
1682.48
1682.94
1683.83
1683.96
1684.29
1684.31
1684.89
1685.33
1685.34
1686.64
1686.82
1686.82
1687.00
1688.01
1688.08
1688.12
1688.26
1688.45
1689.85
1689.96
1690.60
1691.17
1691.83
1692.12
1692.12
1692.32
1692.86
1693.04
1693.63
1694.10
1694.60
1694.65
1694.82
1694.95
1695.15
1695.81
1696.03
1696.34
1696.39
1697.11
1698.91
1698.93
1699.59
1700.99
1702.04
1702.43
1702.59
1702.78
1703.55
1705.14
1705.93
1706.04
1706.19
1706.67
1706.78
1706.78
1707.52
1707.89
1708.76
1708.85
1709.55
1709.96
1710.75
1711.66
1711.86
1711.99
1714.66
1714.92
1715.55
1716.13
1716.63
1716.93
1717.15
1718.47
1718.95
1719.21
1719.42
1719.44
1719.61
1719.90
1720.31
1720.42
1720.72
1721.56
1721.60
1721.97
1722.10
1722.23
1722.85
1723.24
1726.06
1726.80
1727.14
1728.15
1729.66
1729.87
1729.94
1730.13
1730.24
1730.86
1731.03
1731.22
1731.85
1732.10
1732.17
1732.34
1732.60
1733.71
1733.75
1734.31
1734.63
1735.16
1735.64
1737.32
1737.48
1738.09
1738.82
1739.06
1739.76
1740.46
1741.59
1741.98
1742.42
1742.55
1742.87
1743.08
1743.30
1743.91
1746.10
1746.42
1746.61
1749.18
1749.48
1749.52
1749.54
1750.77
1751.07
1751.32
1751.40
1751.47
1752.15
1752.59
1752.61
1752.67
1754.09
1754.35
1755.99
1756.42
1757.70
1758.82
1759.12
1759.56
1759.91
1760.11
1760.25
1760.55
1761.41
1761.81
1762.04
1762.17
1764.10
1764.19
1764.42
1764.75
1765.07
1765.46
1765.57
1765.84
1765.86
1765.95
1766.18
1768.17
1768.21
1770.29
1771.20
1771.52
1771.87
1772.54
1772.86
1772.94
1773.86
1773.90
1774.11
1774.15
1774.71
1775.57
1775.92
1776.28
1776.82
1777.61
1778.05
1778.09
1778.18
1778.26
1778.38
1778.51
1778.86
1779.44
1779.55
1779.69
1779.72
1780.03
1780.19
1780.67
1780.71
1781.36
1781.75
1781.77
1782.54
1784.31
1784.82
1785.53
1785.92
1785.97
1786.21
1786.75
1787.79
1788.37
1788.41
1788.93
1789.51
1790.17
1791.10
1791.10
1791.68
1792.61
1792.73
1792.94
1793.10
1794.85
1795.64
1795.76
1795.84
1796.58
1796.71
1796.87
1797.02
1797.16
1797.51
1797.74
1798.79
1798.91
1799.07
1799.32
1800.92
1803.12
1803.16
1803.33
1803.35
1803.53
1803.82
1805.27
1805.83
1806.36
1807.16
1807.34
1809.55
1809.57
1810.00
1811.17
1811.61
1811.76
1812.04
1812.59
1812.70
1813.04
1813.43
1815.81
1816.51
1817.50
1817.85
1818.09
1818.20
1819.09
1820.43
1820.68
1821.61
1821.75
1821.93
1822.18
1822.75
1823.09
1823.23
1824.61
1825.02
1825.46
1825.66
1826.56
1826.76
1827.22
1828.17
1829.35
1829.91
1830.24
1830.42
1830.62
1830.88
1830.92
1831.14
1831.39
1831.95
1832.25
1832.66
1832.90
1832.96
1833.65
1833.99
1834.43
1834.55
1834.63
1834.98
1835.06
1835.24
1838.60
1838.66
1838.84
1839.79
1840.67
1841.55
1842.22
1842.58
1843.48
1843.90
1845.04
1845.98
1846.63
1846.69
1846.83
1847.41
1847.95
1847.99
1848.19
1848.23
1849.33
1849.39
1849.57
1849.85
1851.10
1851.62
1851.74
1852.38
1852.90
1853.68
1854.92
1855.23
1855.55
1856.35
1856.71
1857.07
1857.31
1857.42
1857.86
1857.98
1858.14
1858.32
1858.78
1859.51
1860.45
1861.94
1862.22
1862.85
1862.85
1863.57
1864.06
1864.34
1864.38
1864.50
1865.09
1865.35
1865.63
1865.81
1866.28
1867.67
1868.28
1869.65
1871.23
1871.27
1871.94
1872.16
1872.25
1872.77
1873.02
1873.36
1874.21
1875.57
1875.92
1876.46
1877.58
1881.28
1881.71
1882.22
1882.77
1882.87
1883.18
1883.22
1883.24
1883.52
1884.13
1884.50
1884.64
1885.11
1886.09
1886.19
1886.56
1887.99
1888.40
1888.50
1888.93
1889.38
1889.93
1889.95
1890.65
1891.08
1892.08
1892.16
1892.61
1892.69
1893.49
1895.09
1895.95
1896.47
1897.90
1898.38
1898.44
1898.70
1898.83
1899.18
1899.61
1900.51
1901.81
1903.19
1903.35
1904.55
1905.23
1905.29
1906.16
1906.55
1907.25
1908.43
1910.08
1910.41
1911.46
1911.73
1912.00
1913.84
1914.28
1914.40
1914.40
1915.13
1916.16
1917.93
1918.18
1919.71
1920.09
1920.50
1921.35
1921.69
1921.92
1922.21
1922.41
1922.66
1923.93
1924.75
1925.04
1925.58
1926.58
1927.48
1927.93
1928.75
1929.71
1930.06
1930.29
1930.36
1930.54
1932.38
1933.16
1933.89
1934.47
1934.62
1935.46
1935.56
1935.79
1936.90
1937.39
1937.41
1938.50
1938.50
1939.04
1939.08
1939.08
1939.69
1939.90
1940.47
1941.33
1941.46
1941.69
1942.74
1944.48
1944.95
1945.14
1946.02
1946.48
1946.93
1946.99
1947.09
1948.59
1952.75
1953.07
1953.09
1953.26
1953.78
1954.42
1955.10
1955.14
1955.20
1956.75
1957.83
1958.14
1958.74
1960.01
1960.43
1960.45
1960.79
1961.15
1961.24
1961.56
1962.81
1962.98
1963.32
1963.41
1963.96
1964.04
1964.11
1964.34
1964.60
1964.79
1964.85
1965.83
1966.04
1967.38
1967.59
1968.74
1969.60
1969.96
1970.22
1970.39
1970.56
1970.88
1970.98
1971.88
1972.77
1974.95
1975.30
1977.82
1978.65
1980.50
1980.84
1981.31
1981.48
1982.25
1982.79
1984.08
1984.12
1984.68
1984.76
1985.04
1985.22
1985.32
1985.56
1986.63
1986.74
1986.78
1987.32
1987.34
1989.11
1989.32
1989.77
1989.90
1990.25
1992.77
1993.20
1993.63
1994.08
1994.24
1994.52
1994.54
1994.86
1994.95
1995.60
1995.77
1996.22
1996.57
1998.43
1998.66
1998.79
1999.16
1999.62
1999.64
2000.65
2002.84
2003.23
2003.47
2003.80
2004.23
2004.29
2004.60
2005.21
2005.66
2006.33
2006.88
2008.75
2008.94
2009.64
2010.05
2013.18
2013.45
2013.77
2014.62
2014.91
2015.25
2016.02
2016.10
2017.06
2017.15
2017.52
2017.85
2018.35
2018.57
2022.24
2022.57
2022.81
2024.06
2027.44
2027.87
2028.36
2028.73
2029.17
2029.89
2030.14
2030.27
2030.64
2030.84
2031.54
2031.92
2032.00
2032.05
2032.47
2032.49
2032.55
2032.80
2032.86
2033.98
2034.91
2035.28
2035.66
2035.68
2037.35
2037.62
2037.77
2038.79
2038.96
2039.32
2039.69
2040.66
2041.21
2041.88
2041.97
2043.31
2043.89
2044.62
2045.26
2045.90
2047.21
2048.74
2049.38
2049.49
2049.69
2049.96
2051.09
2051.89
2052.07
2052.11
2052.51
2052.98
2053.64
2054.00
2054.33
2056.04
2056.56
2057.04
2058.78
2059.07
2059.38
2059.74
2060.45
2060.92
2061.52
2061.99
2062.35
2062.53
2062.71
2062.75
2063.29
2063.53
2063.98
2064.18
2064.49
2065.03
2065.27
2065.92
2069.50
2070.04
2071.63
2071.76
2071.81
2072.19
2072.59
2073.58
2074.16
2074.34
2074.82
2075.33
2075.53
2075.87
2075.92
2076.45
2077.06
2077.24
2077.60
2078.61
2078.73
2078.99
2078.99
2079.31
2080.05
2080.98
2082.87
2083.52
2084.67
2085.14
2085.98
2086.16
2086.66
2087.00
2087.09
2087.42
2087.54
2087.99
2089.35
2089.50
2089.55
2089.93
2090.09
2090.72
2090.91
2091.58
2092.67
2093.03
2094.87
2095.91
2096.09
2096.34
2096.61
2096.82
2096.89
2096.93
2098.16
2099.82
2100.34
2100.45
2100.61
2101.73
2102.18
2102.41
2102.45
2103.14
2103.59
2104.25
2104.34
2104.43
2105.25
2106.00
2106.37
2109.20
2110.02
2110.13
2110.43
2111.11
2111.50
2112.51
2112.58
2113.35
2113.49
2114.16
2115.37
2115.85
2116.19
2116.54
2117.47
2117.54
2119.17
2119.22
2119.70
2119.86
2120.16
2120.41
2121.35
2121.37
2122.20
2122.61
2124.34
2125.00
2125.26
2125.88
2126.24
2126.73
2126.84
2127.10
2127.21
2127.26
2127.69
2128.39
2129.26
2129.35
2129.74
2130.25
2130.30
2130.39
2131.96
2132.12
2134.36
2135.56
2135.61
2136.78
2138.40
2138.50
2138.52
2138.98
2139.61
2140.21
2140.32
2140.97
2141.02
2141.04
2141.51
2141.83
2141.85
2143.57
2144.71
2144.87
2145.29
2146.19
2146.42
2149.10
2149.77
2150.00
2150.51
2150.58
2151.21
2152.31
2152.56
2152.73
2153.68
2153.98
2154.47
2154.75
2154.94
2155.50
2155.83
2155.87
2156.20
2157.02
2157.25
2157.79
2157.93
2158.60
2158.93
2159.68
2160.03
2160.05
2160.08
2160.22
2160.80
2160.87
2160.92
2161.41
2162.65
2164.76
2166.91
2167.33
2167.57
2168.18
2168.72
2169.87
2170.24
2170.81
2171.16
2171.18
2172.05
2172.52
2172.64
2172.73
2172.92
2174.99
2175.11
2175.16
2175.86
2175.96
2176.22
2176.31
2176.40
2176.45
2177.35
2177.58
2178.36
2179.96
2180.88
2181.09
2182.09
2182.44
2182.96
2183.81
2183.83
2184.02
2185.23
2186.74
2186.74
2187.31
2188.00
2188.07
2189.37
2189.73
2189.99
2190.82
2191.43
2195.25
2196.13
2196.35
2197.23
2197.44
2197.63
2198.06
2198.06
2198.91
2199.08
2199.20
2200.44
2201.89
2202.15
2202.56
2202.68
2202.72
2202.91
2203.13
2204.56
2204.66
2204.94
2205.73
2206.30
2206.47
2206.97
2207.09
2207.59
2208.26
2208.52
2208.83
2209.00
2209.38
2210.72
2211.44
2211.73
2212.25
2212.52
2212.88
2213.36
2213.47
2213.93
2214.41
2215.54
2216.01
2217.05
2217.12
2218.34
2218.37
2220.74
2222.67
2223.53
2223.75
2224.35
2224.37
2225.72
2226.13
2226.18
2227.19
2227.22
2227.29
2227.60
2228.25
2228.49
2228.66
2229.05
2229.17
2229.63
2231.17
2231.20
2231.24
2232.36
2234.26
2234.67
2235.13
2235.86
2237.12
2237.29
2237.31
2240.24
2240.36
2241.09
2241.60
2241.67
2241.67
2241.96
2242.38
2242.52
2243.35
2243.78
2245.68
2249.59
2251.49
2251.52
2252.37
2253.10
2254.35
2254.98
2255.25
2255.64
2255.69
2256.52
2256.84
2257.18
2258.08
2258.62
2258.72
2259.38
2259.42
2259.91
2260.48
2260.92
2261.16
2261.31
2261.50
2262.16
2262.95
2264.81
2265.08
2266.43
2267.11
2267.33
2267.48
2267.56
2269.27
2269.49
2270.82
2271.19
2272.91
2274.34
2274.56
2274.98
2275.74
2276.50
2277.17
2278.65
2278.70
2278.77
2279.76
2280.10
2280.50
2283.39
2284.67
2284.87
2285.09
2285.69
2286.03
2286.70
2286.77
2287.59
2288.70
2290.22
2292.32
2292.72
2295.15
2297.04
2298.73
2299.13
2299.33
2300.07
2300.50
2300.80
2302.29
2302.71
2303.69
2303.76
2303.81
2305.06
2305.41
2305.73
2306.15
2306.35
2306.38
2306.48
2307.18
2309.75
2310.78
2311.00
2311.60
2312.03
2312.60
2313.00
2313.70
2314.68
2315.10
2315.51
2316.01
2316.01
2316.73
2316.81
2316.96
2317.06
2318.34
2319.17
2323.16
2323.74
2324.14
2324.54
2324.87
2325.12
2325.57
2325.90
2326.20
2326.91
2328.67
2329.40
2329.43
2329.50
2329.60
2330.43
2331.42
2332.15
2332.40
2332.48
2332.55
2333.56
2334.32
2334.45
2334.75
2334.93
2335.51
2335.81
2336.09
2337.73
2337.99
2338.26
2338.67
2338.69
2338.77
2338.77
2338.90
2339.18
2339.23
2341.63
2344.95
2346.22
2346.37
2346.81
2348.69
2348.91
2349.07
2349.65
2349.83
2350.06
2350.62
2350.87
2351.58
2351.74
2353.93
2354.61
2355.86
2356.25
2356.27
2357.39
2357.85
2358.03
2358.11
2358.21
2358.29
2359.23
2359.38
2359.43
2359.54
2359.66
2360.02
2362.68
2363.39
2364.26
2365.16
2367.03
2367.39
2367.41
2367.41
2368.10
2368.95
2371.77
2371.87
2372.49
2373.18
2373.36
2374.08
2374.44
2374.88
2375.11
2376.11
2377.06
2378.53
2378.97
2379.74
2380.15
2382.24
2382.42
2383.45
2383.45
2383.55
2383.89
2384.35
2385.13
2385.28
2385.39
2385.64
2387.37
2387.45
2387.63
2387.94
2389.18
2390.94
2390.97
2390.97
2391.28
2391.77
2392.49
2393.24
2394.07
2394.20
2394.49
2395.21
2395.68
2396.28
2396.72
2397.05
2397.37
2397.55
2398.74
2398.95
2399.08
2400.01
2400.06
2400.84
2400.84
2401.31
2401.78
2402.43
2402.51
2402.92
2403.91
2404.25
2405.19
2405.21
2405.94
2406.49
2406.54
2406.59
2407.29
2408.47
2408.88
2409.14
2409.17
2410.68
2411.28
2412.14
2412.35
2412.38
2414.00
2415.12
2415.41
2416.22
2416.51
2416.56
2416.98
2418.70
2418.83
2418.86
2420.01
2421.27
2421.37
2421.45
2423.55
2423.86
2423.89
2424.52
2424.91
2425.18
2425.39
2425.91
2428.35
2429.69
2430.06
2430.69
2432.30
2432.53
2433.32
2434.14
2434.90
2436.78
2437.86
2437.91
2438.20
2438.25
2439.33
2440.21
2441.21
2441.50
2442.40
2443.16
2443.69
2446.39
2447.50
2448.06
2448.83
2449.33
2450.63
2450.74
2450.92
2451.00
2451.96
2453.02
2454.90
2454.90
2455.65
2456.02
2457.11
2457.75
2459.16
2459.45
2459.56
2459.66
2459.74
2460.03
2461.61
2464.62
2464.86
2465.02
2466.83
2467.71
2469.48
2470.44
2472.07
2472.15
2473.89
2476.57
2476.59
2476.75
2476.83
2477.18
2483.81
2485.94
2486.20
2486.72
2487.63
2487.90
2488.22
2489.41
2489.84
2490.70
2491.89
2492.16
2492.91
2493.59
2493.75
2494.37
2496.56
2497.66
2499.37
2501.53
2502.56
2502.67
2504.13
2504.59
2505.35
2505.57
2507.33
2508.47
2512.92
2512.95
2514.15
2514.20
2514.80
2518.01
2520.74
2521.64
2522.16
2522.49
2523.14
2523.22
2524.21
2524.23
2525.22
2525.74
2526.06
2526.86
2527.84
2528.61
2529.59
2529.67
2530.14
2530.55
2530.66
2531.04
2531.10
2531.34
2532.99
2533.48
2533.56
2534.25
2535.26
2535.32
2535.51
2536.28
2539.38
2539.49
2539.52
2539.79
2543.81
2544.03
2545.74
2547.39
2547.75
2547.83
2549.29
2550.23
2551.00
2551.44
2552.11
2552.36
2552.85
2553.21
2553.54
2554.01
2554.43
2554.48
2554.81
2555.59
2557.94
2558.11
2558.60
2558.96
2560.24
2560.35
2560.35
2560.57
2561.26
2561.43
2562.37
2564.37
2564.95
2565.29
2565.59
2565.95
2566.56
2567.09
2567.40
2567.98
2568.01
2568.31
2568.81
2569.62
2570.04
2572.43
2573.65
2574.07
2575.21
2575.60
2576.02
2578.08
2578.45
2579.70
2579.84
2580.43
2580.46
2580.54
2580.68
2581.60
2581.88
2582.33
2582.83
2582.86
2584.17
2584.20
2584.23
2584.51
2584.51
2584.65
2586.44
2587.45
2588.85
2589.07
2589.18
2589.24
2589.29
2589.52
2589.77
2590.25
2590.36
2590.39
2591.68
2593.98
2596.59
2596.93
2597.12
2597.24
2599.03
2599.37
2599.74
2599.79
2599.85
2600.02
2600.05
2601.57
2601.85
2603.28
2604.92
2606.13
2606.16
2606.33
2607.34
2607.60
2607.74
2608.22
2608.75
2609.40
2610.70
2612.06
2612.48
2612.93
2613.47
2615.25
2615.31
2615.59
2616.24
2618.00
2618.88
2620.01
2620.04
2622.99
2623.81
2623.96
2625.80
2626.34
2627.05
2627.17
2627.65
2627.96
2628.93
2629.61
2631.09
2632.43
2634.25
2634.62
2635.48
2636.51
2636.85
2637.59
2637.62
2638.67
2639.22
2640.05
2641.76
2642.53
2643.02
2644.05
2644.45
2645.42
2645.94
2648.40
2649.00
2649.12
2649.52
2651.75
2652.56
2653.42
2655.29
2655.29
2655.57
2655.72
2655.83
2656.72
2656.98
2657.64
2658.39
2659.20
2659.83
2661.53
2662.48
2664.21
2664.26
2664.70
2664.75
2665.42
2666.51
2666.51
2666.51
2667.15
2668.48
2668.97
2669.08
2670.56
2671.54
2671.89
2671.97
2674.78
2674.92
2675.44
2675.44
2676.08
2677.59
2677.64
2678.22
2678.80
2679.06
2679.30
2680.05
2682.31
2685.22
2685.25
2685.74
2687.22
2687.95
2689.58
2689.67
2689.87
2689.99
2690.16
2690.45
2690.80
2691.44
2692.81
2695.75
2697.45
2698.15
2699.67
2701.13
2701.19
2701.77
2702.09
2702.68
2703.88
2706.22
2707.77
2708.15
2710.35
2710.44
2710.52
2712.49
2712.75
2713.17
2715.54
2715.60
2716.60
2717.43
2717.87
2718.69
2720.57
2722.37
2723.34
2724.40
2727.88
2728.30
2729.30
2730.54
2732.02
2732.70
2733.79
2735.06
2735.30
2736.10
2737.64
2738.74
2739.27
2739.63
2740.19
2740.84
2741.49
2741.73
2742.09
2742.41
2742.53
2743.66
2744.61
2747.02
2747.28
2747.49
2748.06
2748.80
2749.46
2749.48
2750.35
2750.73
2751.33
2752.46
2753.18
2754.31
2755.32
2756.10
2757.89
2758.22
2761.11
2761.41
2762.07
2762.25
2762.49
2765.33
2765.72
2766.05
2767.84
2767.99
2769.16
2769.94
2769.97
2770.93
2772.73
2773.36
2774.47
2774.86
2775.10
2775.25
2777.32
2777.38
2778.55
2778.94
2779.61
2780.75
2780.84
2780.87
2781.02
2781.08
2781.50
2785.54
2787.23
2791.27
2791.57
2793.47
2794.77
2794.90
2796.14
2797.92
2798.04
2798.44
2799.65
2799.98
2801.80
2802.13
2802.25
2803.86
2804.35
2804.89
2805.80
2805.99
2806.90
2806.90
2807.05
2808.63
2809.45
2809.87
2811.18
2811.39
2812.76
2813.28
2813.62
2813.80
2814.77
2815.11
2816.39
2817.97
2820.75
2820.78
2822.37
2823.13
2823.41
2824.32
2825.73
2825.91
2826.43
2826.80
2827.93
2829.03
2830.20
2830.93
2832.25
2837.37
2837.83
2839.80
2839.83
2840.60
2842.90
2843.42
2843.70
2844.72
2845.55
2846.66
2847.80
2848.78
2849.61
2851.34
2851.34
2852.27
2852.42
2853.47
2855.66
2856.16
2856.90
2857.67
2859.59
2859.71
2864.02
2864.61
2864.70
2864.73
2866.10
2866.19
2866.25
2866.81
2867.09
2868.52
2869.17
2869.42
2869.60
2869.60
2871.93
2872.30
2874.33
2874.67
2876.19
2876.69
2878.84
2880.24
2880.80
2882.33
2884.36
2884.79
2888.51
2888.67
2889.10
2889.39
2890.86
2892.04
2892.76
2894.77
2895.68
2895.93
2896.55
2899.34
2900.82
2901.16
2901.82
2901.85
2903.36
2904.18
2905.40
2905.81
2906.82
2908.05
2908.05
2909.02
2909.09
2909.37
2910.44
2912.74
2913.46
2913.62
2913.87
2914.44
2915.10
2915.23
2915.45
2915.61
2917.12
2917.88
2918.67
2919.68
2920.47
2922.34
2922.87
2925.15
2925.75
2926.96
2926.96
2927.11
2927.37
2927.91
2928.25
2928.44
2929.36
2929.49
2930.47
2934.06
2934.22
2934.44
2934.63
2935.93
2937.55
2940.92
2941.24
2942.64
2942.67
2942.80
2943.50
2945.89
2946.05
2947.29
2947.80
2947.84
2949.40
2951.95
2952.75
2953.14
2953.29
2953.87
2954.61
2956.30
2957.39
2957.58
2957.84
2960.72
2961.10
2961.33
2962.58
2963.70
2963.83
2966.46
2966.65
2967.36
2967.45
2969.22
2970.95
2972.34
2973.43
2973.56
2974.46
2979.42
2981.06
2982.03
2982.52
2983.39
2983.71
2984.39
2985.65
2985.94
2988.04
2988.65
2989.66
2990.50
2991.53
2991.92
2992.21
2992.38
2992.47
2994.22
2994.93
2994.97
2995.42
2995.65
2995.78
2996.59
2997.59
2998.27
2999.96
3002.07
3003.11
3003.44
3004.77
3004.80
3005.26
3006.59
3008.51
3012.91
3014.67
3018.36
3019.76
3019.83
3020.12
3021.17
3021.33
3021.49
3024.31
3024.96
3025.06
3026.43
3026.47
3026.50
3027.19
3027.97
3029.02
3030.27
3030.43
3031.19
3031.25
3031.51
3031.61
3032.86
3032.92
3033.22
3033.58
3034.34
3034.53
3034.93
3035.85
3036.34
3037.06
3038.64
3038.94
3039.59
3039.72
3041.01
3041.30
3041.76
3045.16
3045.39
3046.28
3046.28
3047.00
3048.82
3051.56
3051.65
3051.72
3053.70
3054.46
3056.88
3059.46
3059.59
3062.24
3063.27
3064.03
3065.16
3065.98
3067.84
3068.27
3070.50
3071.00
3072.39
3074.16
3075.05
3075.75
3076.42
3077.05
3078.62
3082.62
3083.95
3084.28
3086.49
3087.46
3089.53
3091.00
3091.00
3091.33
3091.77
3094.35
3096.42
3096.96
3097.76
3100.31
3101.32
3101.85
3102.12
3102.79
3103.60
3103.87
3103.90
3105.82
3106.22
3106.72
3107.03
3107.06
3107.30
3107.77
3108.84
3109.72
3110.12
3112.31
3113.35
3114.73
3115.91
3116.22
3117.20
3117.23
3118.95
3119.12
3121.75
3122.39
3123.31
3123.37
3124.83
3125.13
3125.27
3127.84
3128.21
3128.24
3129.90
3132.55
3133.53
3134.07
3134.27
3134.34
3135.05
3135.60
3138.31
3138.65
3139.43
3140.76
3141.74
3142.49
3142.59
3145.11
3147.63
3149.50
3150.02
3151.14
3153.63
3159.13
3160.12
3163.68
3163.92
3164.71
3167.62
3169.54
3170.29
3170.63
3171.39
3172.62
3173.28
3173.76
3174.31
3176.13
3176.44
3178.98
3179.81
3181.22
3182.25
3182.80
3183.42
3183.53
3189.08
3189.14
3189.94
3191.32
3192.53
3193.91
3195.85
3196.88
3197.78
3199.06
3199.76
3200.38
3201.49
3202.60
3203.18
3205.06
3205.30
3206.10
3207.14
3208.14
3208.56
3209.92
3212.76
3214.47
3221.40
3222.51
3225.86
3225.97
3226.77
3227.26
3228.86
3229.25
3230.12
3232.53
3232.64
3235.40
3238.00
3238.49
3238.87
3238.94
3239.08
3239.57
3241.54
3241.64
3243.01
3247.82
3248.38
3249.51
3251.30
3251.69
3251.97
3253.17
3253.41
3253.48
3253.98
3257.00
3259.40
3260.32
3260.39
3261.52
3262.05
3266.18
3266.75
3266.96
3267.03
3267.06
3267.66
3268.20
3268.83
3269.86
3270.07
3270.32
3270.39
3273.61
3275.63
3276.23
3280.35
3280.52
3281.13
3281.27
3282.97
3283.05
3283.90
3284.04
3286.81
3289.27
3289.30
3292.04
3292.40
3293.26
3294.00
3294.47
3295.07
3296.29
3298.68
3301.28
3301.82
3303.61
3304.18
3304.39
3306.29
3307.07
3307.47
3307.90
3308.00
3308.79
3310.12
3310.98
3311.84
3312.37
3312.52
3316.75
3320.63
3321.27
3321.63
3321.63
3321.85
3323.04
3329.66
3330.85
3332.07
3334.42
3334.71
3334.78
3334.99
3335.39
3338.13
3339.15
3340.37
3341.89
3343.16
3343.92
3351.78
3352.58
3354.54
3354.68
3356.68
3357.15
3358.20
3359.55
3362.75
3363.00
3364.57
3364.75
3365.01
3367.85
3367.92
3369.71
3371.60
3371.89
3372.81
3372.84
3373.54
3374.27
3375.14
3379.05
3380.70
3381.54
3384.17
3385.71
3386.12
3391.62
3392.39
3393.01
3394.11
3394.19
3395.07
3398.01
3400.10
3400.40
3403.71
3405.85
3406.66
3406.92
3407.58
3409.35
3409.83
3410.12
3413.26
3413.41
3415.52
3416.40
3416.81
3416.81
3417.59
3418.70
3420.66
3420.84
3421.69
3422.47
3424.69
3424.88
3426.18
3427.66
3429.48
3432.26
3433.34
3433.93
3435.72
3436.79
3437.02
3438.65
3441.30
3441.45
3441.59
3442.45
3442.93
3444.02
3446.03
3446.55
3447.97
3449.24
3451.85
3452.11
3452.56
3453.75
3453.79
3453.98
3456.56
3456.71
3457.34
3458.20
3460.38
3460.90
3464.31
3466.07
3467.50
3468.21
3470.80
3472.08
3472.26
3473.05
3473.77
3473.77
3473.81
3475.61
3476.93
3477.15
3478.39
3482.80
3486.72
3490.57
3491.14
3492.04
3492.12
3492.16
3493.86
3494.12
3495.60
3495.75
3496.39
3496.96
3496.96
3497.98
3505.18
3506.17
3506.51
3507.46
3508.14
3509.13
3509.73
3510.49
3513.23
3517.34
3517.60
3517.95
3522.25
3523.51
3523.66
3523.66
3523.74
3525.26
3526.98
3527.13
3527.67
3528.24
3531.90
3539.44
3542.51
3542.74
3545.34
3545.73
3546.46
3547.99
3548.53
3550.64
3553.60
3559.64
3560.57
3560.99
3561.41
3563.77
3565.00
3567.74
3569.71
3570.40
3571.37
3571.64
3573.23
3574.62
3575.55
3576.90
3577.13
3579.22
3581.16
3583.10
3585.11
3586.82
3587.83
3588.02
3589.15
3589.19
3590.59
3594.59
3594.90
3595.37
3596.15
3598.13
3598.76
3598.79
3599.42
3600.78
3606.32
3607.64
3608.82
3609.79
3610.85
3614.83
3614.95
3615.62
3618.86
3619.02
3621.96
3623.33
3626.12
3627.76
3629.10
3630.12
3630.87
3632.36
3633.07
3633.73
3634.40
3636.65
3637.75
3640.27
3641.80
3642.39
3642.79
3643.06
3643.18
3645.15
3645.79
3646.22
3646.53
3646.89
3647.05
3647.13
3648.51
3649.69
3651.47
3651.98
3654.67
3656.02
3657.12
3659.30
3660.45
3660.96
3661.32
3663.10
3664.93
3665.01
3665.13
3669.09
3669.13
3670.80
3672.03
3673.26
3673.50
3676.01
3677.84
3678.63
3680.90
3683.01
3687.32
3687.68
3689.08
3689.40
3689.60
3690.75
3691.31
3694.27
3694.75
3695.99
3696.39
3699.55
3700.63
3701.23
3702.55
3704.24
3704.32
3708.25
3711.10
3712.02
3712.22
3714.11
3714.79
3716.32
3716.72
3717.85
3719.98
3720.10
3720.70
3721.27
3721.67
3721.87
3723.28
3723.76
3724.33
3724.49
3725.70
3726.99
3728.68
3730.46
3730.62
3732.92
3737.85
3738.34
3741.09
3743.44
3743.64
3743.68
3743.76
3746.15
3747.29
3748.38
3750.01
3752.16
3753.21
3756.95
3762.69
3763.50
3769.16
3772.39
3772.96
3773.86
3776.19
3776.76
3776.84
3777.45
3778.76
3784.98
3786.25
3787.72
3788.95
3792.93
3793.84
3795.77
3796.14
3798.19
3798.40
3799.67
3800.49
3800.74
3803.29
3804.40
3804.57
3804.98
3806.58
3808.23
3809.38
3811.12
3814.70
3815.12
3815.16
3815.24
3815.45
3816.48
3817.51
3817.64
3818.05
3819.54
3819.74
3820.45
3820.90
3821.19
3822.14
3822.56
3824.79
3826.53
3832.58
3834.53
3834.73
3835.85
3836.02
3837.56
3837.93
3837.97
3840.21
3841.71
3843.46
3844.54
3846.95
3847.87
3850.07
3851.91
3852.78
3852.99
3853.33
3853.53
3856.08
3856.29
3857.46
3859.67
3865.35
3866.36
3867.07
3867.86
3871.80
3872.22
3872.68
3873.39
3876.70
3877.50
3877.75
3880.23
3881.78
3882.49
3882.91
3884.55
3885.27
3885.39
3885.48
3887.37
3887.54
3887.79
3887.92
3888.76
3891.75
3892.04
3892.17
3892.55
3893.77
3893.90
3894.53
3896.04
3896.26
3898.32
3898.66
3899.42
3900.14
3901.40
3901.99
3902.37
3905.20
3907.27
3908.80
3909.35
3910.32
3910.95
3913.20
3913.92
3915.19
3917.60
3918.20
3918.54
3922.78
3923.33
3924.69
3925.16
3926.51
3927.32
3928.85
3928.89
3930.17
3930.21
3930.60
3930.89
3932.98
3933.87
3934.85
3935.06
3935.11
3937.11
3943.46
3944.53
3945.25
3945.51
3945.98
3947.90
3948.75
3949.01
3950.25
3951.45
3952.69
3953.29
3953.58
3957.18
3957.86
3958.64
3960.61
3960.95
3965.24
3965.67
3966.18
3967.21
3968.20
3968.84
3969.40
3969.74
3971.08
3971.68
3973.40
3973.91
3974.95
3975.81
3978.04
3979.29
3980.41
3982.00
3982.22
3982.52
3984.76
3987.39
3988.90
3989.51
3990.24
3990.72
3991.15
4000.18
4002.57
4002.74
4004.47
4011.02
4011.06
4013.23
4016.75
4017.71
4019.10
4019.97
4021.97
4022.62
4025.24
4025.45
4025.89
4026.54
4028.46
4028.50
4030.29
4030.55
4031.12
4032.04
4036.23
4037.49
4037.89
4037.93
4038.41
4038.41
4040.99
4041.08
4049.26
4052.37
4053.78
4055.66
4056.72
4062.60
4062.91
4064.36
4067.48
4068.94
4069.82
4070.70
4071.67
4072.11
4072.46
4075.02
4075.41
4077.00
4078.10
4079.83
4081.33
4088.22
4088.84
4089.46
4095.57
4095.61
4096.24
4096.90
4098.50
4100.76
4101.11
4101.51
4104.13
4104.53
4104.89
4105.11
4106.22
4106.40
4107.20
4109.86
4111.69
4112.93
4113.11
4115.56
4119.70
4123.72
4124.88
4126.48
4127.47
4130.59
4133.10
4133.37
4135.24
4137.08
4142.54
4142.99
4145.05
4145.32
4145.55
4146.09
4146.18
4146.22
4146.62
4147.34
4149.95
4149.99
4151.88
4154.08
4154.57
4155.97
4156.51
4158.71
4160.20
4164.20
4165.42
4165.74
4171.42
4173.32
4173.36
4174.85
4175.30
4176.21
4176.70
4179.14
4182.49
4186.20
4192.14
4194.82
4195.09
4199.13
4201.59
4201.77
4204.41
4204.63
4204.82
4205.41
4206.23
4206.32
4209.78
4210.51
4210.92
4211.24
4213.33
4213.74
4217.39
4219.49
4220.68
4220.72
4223.83
4224.38
4224.65
4225.80
4225.89
4227.44
4228.49
4230.28
4231.06
4232.02
4232.57
4233.90
4238.20
4241.37
4244.08
4245.87
4246.15
4247.06
4253.96
4254.24
4254.42
4254.65
4256.17
4260.64
4262.03
4265.39
4266.78
4268.53
4272.60
4274.31
4274.45
4275.10
4279.91
4280.65
4282.50
4284.40
4285.52
4289.78
4295.73
4299.03
4300.89
4301.03
4302.99
4303.92
4305.22
4306.62
4309.74
4313.89
4315.29
4316.18
4319.31
4320.11
4322.86
4325.86
4328.48
4329.09
4329.09
4329.28
4330.64
4332.28
4335.51
4336.31
4336.83
4337.20
4338.14
4340.82
4341.80
4345.70
4348.20
4350.36
4351.63
4353.42
4355.21
4355.26
4357.10
4358.56
4361.77
4362.19
4364.03
4364.46
4364.60
4364.79
4366.44
4371.40
4371.45
4371.78
4374.67
4375.19
4379.69
4380.59
4381.11
4382.25
4383.77
4386.00
4388.23
4391.31
4391.60
4391.84
4394.26
4395.31
4397.59
4400.49
4401.21
4406.02
4409.88
4412.56
4414.85
4415.66
4416.09
4417.09
4417.48
4418.10
4418.19
4418.77
4420.39
4425.23
4426.38
4426.95
4427.38
4427.38
4428.20
4431.60
4433.13
4435.96
4437.36
4443.55
4443.80
4444.80
4446.10
4446.25
4447.21
4447.45
4448.08
4452.07
4453.04
4458.29
4460.32
4462.92
4463.55
4465.58
4465.63
4466.60
4468.29
4469.50
4470.17
4471.58
4474.33
4475.40
4478.65
4479.03
4479.18
4483.78
4483.88
4484.95
4487.09
4487.38
4488.10
4493.64
4494.32
4495.01
4495.59
4496.46
4497.97
4501.09
4501.87
4502.65
4502.70
4506.25
4508.60
4509.67
4510.45
4510.55
4510.60
4511.47
4512.06
4512.89
4514.21
4514.60
4514.75
4514.84
4518.61
4519.39
4523.60
4524.48
4525.31
4527.56
4527.81
4527.95
4529.18
4532.27
4535.06
4536.88
4538.75
4538.99
4539.24
4545.87
4549.37
4550.45
4550.84
4552.12
4552.32
4553.26
4557.49
4557.54
4563.96
4567.02
4568.01
4568.26
4568.26
4570.98
4576.47
4576.96
4577.41
4577.56
4578.10
4578.15
4582.07
4583.21
4584.99
4587.08
4588.07
4588.22
4589.21
4590.01
4590.80
4591.20
4592.89
4593.29
4593.78
4595.13
4595.17
4595.67
4596.17
4596.47
4602.89
4603.54
4605.03
4607.92
4610.11
4616.70
4621.75
4622.50
4624.95
4629.71
4630.31
4631.91
4631.96
4633.62
4636.18
4636.83
4637.03
4637.43
4639.34
4642.55
4644.16
4646.72
4648.18
4651.10
4652.81
4654.92
4655.83
4659.06
4659.71
4660.87
4663.19
4663.75
4667.53
4669.30
4674.10
4674.71
4678.45
4685.14
4685.19
4686.05
4689.25
4691.33
4692.24
4695.19
4697.68
4698.14
4698.90
4701.54
4701.59
4701.85
4703.93
4704.60
4705.05
4705.36
4709.28
4709.84
4710.10
4715.45
4716.47
4717.70
4719.33
4721.63
4722.85
4723.16
4728.89
4730.47
4731.91
4733.49
4734.83
4735.19
4736.06
4743.34
4745.39
4745.65
4745.80
4745.80
4747.45
4747.50
4752.28
4755.31
4756.60
4759.94
4766.23
4766.23
4766.44
4767.68
4768.04
4770.20
4770.51
4772.99
4773.25
4773.41
4775.78
4776.40
4777.18
4778.42
4779.25
4781.83
4786.96
4792.66
4793.69
4797.90
4799.14
4799.45
4799.45
4799.56
4813.65
4813.81
4815.63
4815.84
4818.19
4820.27
4823.56
4824.97
4826.17
4828.68
4837.57
4840.81
4841.28
4842.12
4843.17
4845.00
4845.79
4848.99
4849.20
4849.46
4850.77
4851.40
4851.61
4852.14
4855.76
4855.87
4858.49
4865.07
4866.60
4867.39
4869.23
4873.61
4877.46
4879.25
4881.20
4881.47
4881.79
4882.84
4885.48
4886.33
4888.50
4895.75
4896.23
4896.70
4908.53
4908.96
4910.29
4912.73
4913.63
4918.26
4919.11
4921.08
4924.38
4926.68
4927.16
4929.40
4931.90
4932.06
4932.44
4933.82
4937.30
4938.20
4938.90
4940.77
4941.25
4941.30
4944.46
4947.35
4952.44
4955.44
4955.55
4956.62
4957.37
4958.87
4960.21
4960.59
4961.82
4961.88
4962.63
4972.73
4977.47
4979.25
4983.72
4985.18
4985.23
4986.09
4995.54
4996.84
4998.41
4999.17
5004.20
5004.69
5004.90
5007.88
5008.53
5010.48
5012.92
5013.58
5015.31
5020.25
5021.56
5023.13
5026.50
5026.99
5029.17
5033.52
5035.59
5036.36
5038.21
5045.30
5047.92
5049.40
5054.32
5054.43
5057.43
5057.82
5063.35
5063.68
5068.61
5073.60
5074.21
5088.94
5089.05
5092.14
5096.32
5097.21
5100.74
5103.06
5107.92
5110.74
5112.95
5115.66
5117.32
5118.21
5119.32
5120.37
5125.86
5127.02
5127.41
5128.91
5131.40
5132.13
5132.24
5132.46
5133.29
5138.40
5138.52
5141.30
5144.64
5148.03
5148.53
5153.44
5153.60
5153.66
5155.28
5156.56
5159.80
5160.97
5165.33
5165.78
5168.79
5169.02
5170.86
5172.49
5172.54
5174.73
5176.69
5176.69
5178.53
5182.68
5184.25
5188.01
5188.52
5190.48
5190.99
5191.44
5193.29
5196.27
5198.91
5210.29
5210.85
5211.81
5213.73
5215.82
5217.23
5219.66
5221.63
5222.82
5223.44
5233.28
5239.46
5241.90
5244.00
5246.10
5246.55
5249.39
5249.67
5250.35
5257.23
5262.41
5266.80
5267.65
5267.82
5269.93
5271.30
5272.16
5280.89
5284.26
5285.52
5287.30
5287.81
5289.53
5289.81
5293.59
5295.60
5296.69
5298.58
5301.39
5303.80
5309.25
5312.12
5319.60
5322.02
5324.04
5324.09
5328.47
5329.16
5329.28
5330.20
5330.32
5336.38
5336.43
5340.82
5341.46
5342.15
5342.33
5343.77
5348.40
5351.76
5354.71
5357.49
5361.32
5362.65
5366.14
5366.54
5367.65
5370.73
5372.24
5374.39
5374.97
5380.85
5382.59
5387.78
5389.41
5392.44
5394.90
5395.30
5396.18
5396.82
5397.52
5406.52
5407.34
5412.38
5413.84
5418.12
5419.41
5420.76
5420.82
5422.52
5423.22
5427.92
5430.80
5437.26
5437.32
5437.91
5440.68
5443.80
5452.23
5454.23
5462.62
5469.42
5471.79
5480.20
5483.46
5485.24
5487.44
5487.98
5491.66
5493.74
5497.07
5500.04
5500.40
5501.83
5504.33
5504.81
5506.53
5519.06
5526.11
5527.07
5529.94
5535.32
5537.48
5541.02
5544.20
5544.26
5548.28
5549.24
5549.36
5553.62
5556.33
5565.17
5566.13
5570.11
5574.15
5584.41
5584.96
5587.74
5587.80
5590.28
5598.45
5600.45
5601.42
5604.45
5607.66
5608.63
5609.18
5609.24
5614.04
5614.89
5614.95
5620.42
5620.42
5623.28
5624.74
5629.30
5629.49
5633.87
5636.37
5637.78
5638.45
5644.00
5644.92
5647.18
5652.25
5655.56
5660.94
5663.39
5672.41
5673.39
5674.19
5674.25
5674.50
5676.03
5678.79
5680.27
5682.42
5685.00
5689.31
5690.91
5694.36
5694.92
5695.16
5695.53
5695.59
5698.06
5698.18
5698.92
5706.88
5707.07
5709.48
5709.54
5710.59
5712.81
5718.38
5720.36
5721.91
5728.72
5732.94
5733.93
5734.18
5739.45
5740.76
5743.18
5744.73
5745.98
5749.40
5759.17
5760.36
5760.54
5762.23
5762.79
5766.72
5766.84
5774.15
5780.96
5787.16
5788.16
5792.17
5795.87
5796.62
5798.06
5800.89
5805.03
5806.35
5809.30
5809.30
5810.06
5818.30
5819.62
5821.26
5821.76
5822.39
5823.40
5824.72
5830.84
5831.41
5834.06
5838.04
5838.10
5845.94
5847.46
5850.49
5850.56
5850.87
5855.56
5856.38
5859.36
5863.61
5864.31
5867.86
5867.99
5871.74
5872.12
5875.55
5875.61
5878.41
5887.83
5891.91
5892.80
5893.57
5897.46
5904.93
5907.17
5907.68
5916.38
5916.51
5918.81
5921.12
5921.56
5923.87
5924.13
5924.90
5935.55
5936.96
5952.53
5955.36
5957.17
5965.94
5967.49
5968.65
5969.49
5970.65
5974.34
5980.22
5984.75
5985.34
5990.65
5992.85
5994.47
5998.04
5999.79
6010.71
6015.72
6020.86
6021.58
6023.21
6025.62
6026.60
6030.71
6032.01
6032.08
6045.08
6048.29
6049.27
6049.33
6049.66
6049.92
6053.26
6056.67
6057.46
6058.57
6063.03
6067.69
6071.50
6079.52
6080.64
6081.62
6087.81
6090.97
6097.44
6100.73
6103.31
6103.90
6104.37
6104.70
6108.00
6110.71
6113.42
6122.49
6122.56
6140.60
6140.67
6151.91
6153.97
6159.23
6161.83
6164.43
6168.50
6170.44
6170.71
6177.79
6179.33
6181.20
6181.53
6181.67
6181.80
6182.07
6184.48
6187.15
6194.45
6199.88
6212.11
6216.68
6223.68
6242.90
6247.02
6248.30
6253.44
6255.95
6260.42
6269.16
6273.16
6274.32
6276.63
6282.40
6289.00
6291.86
6297.24
6299.90
6302.21
6304.74
6309.45
6309.51
6311.56
6312.86
6313.27
6318.53
6318.94
6322.16
6322.16
6323.32
6333.86
6337.50
6339.28
6343.47
6343.74
6349.65
6353.01
6357.96
6361.06
6365.19
6368.57
6370.98
6371.67
6375.32
6385.82
6387.61
6387.82
6395.84
6398.27
6399.03
6400.00
6416.78
6422.68
6426.37
6428.59
6428.66
6433.60
6434.16
6449.00
6449.35
6451.38
6454.03
6455.91
6462.90
6470.46
6471.16
6483.28
6484.83
6486.86
6489.95
6491.85
6494.52
6495.01
6500.00
6503.31
6506.33
6506.54
6509.85
6510.07
6514.29
6524.03
6532.72
6548.78
6553.74
6558.64
6558.85
6572.56
6581.53
6583.45
6583.52
6594.57
6595.36
6596.78
6605.85
6606.14
6607.00
6611.43
6620.16
6622.24
6629.91
6641.76
6644.13
6647.08
6647.87
6648.09
6653.27
6660.90
6662.06
6668.91
6671.51
6674.75
6675.69
6679.81
6683.28
6684.95
6687.19
6689.43
6689.50
6696.24
6696.75
6697.47
6697.61
6702.98
6704.43
6708.64
6715.47
6716.12
6717.14
6717.72
6729.29
6730.01
6730.30
6734.53
6735.84
6740.94
6744.45
6754.82
6764.47
6765.93
6772.31
6773.26
6773.63
6776.56
6777.22
6781.77
6782.72
6786.61
6790.14
6806.02
6810.66
6816.27
6829.41
6830.52
6846.79
6854.35
6856.06
6858.95
6864.08
6866.45
6868.76
6872.55
6873.44
6880.81
6888.33
6893.62
6894.97
6900.04
6909.98
6915.14
6929.74
6933.64
6935.22
6939.05
6939.42
6942.50
6948.36
6949.49
6951.90
6954.83
6965.45
6976.24
6977.75
6983.94
6985.07
6990.52
6990.82
6998.31
7007.78
7012.18
7021.14
7040.92
7054.49
7057.17
7062.44
7063.51
7067.79
7082.64
7083.17
7091.07
7093.37
7109.59
7111.74
7111.97
7116.98
7118.75
7135.79
7139.65
7147.61
7149.08
7149.62
7174.27
7177.45
7179.31
7187.40
7188.64
7194.09
7194.24
7195.33
7197.82
7200.47
7205.93
7212.09
7217.87
7218.18
7218.41
7227.64
7233.03
7233.97
7235.38
7241.88
7262.91
7282.43
7284.40
7284.63
7285.82
7288.57
7296.86
7297.65
7301.36
7304.36
7308.55
7309.19
7309.74
7314.96
7315.28
7319.00
7319.79
7324.15
7324.47
7331.76
7342.16
7342.80
7343.27
7373.53
7377.92
7382.15
7386.30
7394.78
7395.98
7402.46
7404.15
7410.16
7410.96
7414.49
7415.53
7415.85
7420.18
7425.57
7431.43
7431.84
7433.12
7434.01
7435.05
7437.55
7448.02
7453.50
7458.26
7458.42
7461.40
7468.84
7469.48
7483.56
7487.77
7488.58
7490.69
7491.98
7495.47
7512.03
7514.63
7515.77
7520.82
7527.25
7537.35
7559.16
7559.57
7561.45
7562.92
7569.06
7572.75
7572.99
7574.96
7581.27
7594.08
7608.39
7611.03
7611.44
7625.78
7629.41
7630.82
7643.62
7646.44
7652.15
7652.81
7654.55
7658.61
7663.25
7674.53
7681.51
7684.09
7692.24
7698.15
7698.15
7699.49
7702.49
7709.82
7711.49
7712.58
7719.92
7721.84
7727.69
7733.55
7735.64
7735.73
7738.32
7740.08
7751.14
7761.30
7768.69
7772.39
7773.06
7776.59
7789.65
7792.43
7795.46
7809.14
7817.59
7817.93
7818.10
7818.36
7839.19
7848.70
7856.52
7857.96
7861.19
7867.23
7869.96
7872.51
7873.28
7884.70
7886.84
7888.46
7889.57
7892.98
7901.78
7908.03
7911.45
7911.45
7913.59
7916.42
7919.67
7924.82
7926.02
7943.27
7951.53
7958.33
7960.57
7966.25
7980.14
7983.86
7984.20
7986.88
7987.40
8005.13
8014.67
8017.53
8024.47
8025.51
8029.07
8032.38
8036.64
8042.46
8057.45
8062.85
8063.99
8068.70
8072.89
8073.68
8073.85
8080.76
8081.54
8083.20
8098.44
8100.63
8108.87
8119.67
8123.36
8129.60
8131.71
8143.25
8149.33
8150.12
8164.07
8169.10
8180.51
8204.36
8218.57
8218.93
8221.51
8221.60
8232.28
8232.81
8239.41
8240.75
8249.94
8253.60
8258.24
8260.56
8266.29
8273.00
8288.77
8291.01
8291.73
8297.65
8312.66
8315.62
8323.01
8327.15
8356.93
8360.28
8365.44
8376.94
8381.38
8384.10
8388.10
8398.45
8400.27
8404.45
8407.27
8408.27
8410.82
8412.55
8442.55
8447.66
8451.96
8459.55
8467.34
8484.76
8499.37
8502.04
8519.44
8521.10
8535.13
8536.05
8547.88
8549.64
8559.82
8560.93
8565.75
8566.03
8568.81
8569.18
8570.85
8582.17
8601.78
8607.18
8614.36
8615.85
8629.19
8637.13
8638.25
8647.42
8656.68
8663.34
8677.97
8706.56
8708.35
8725.71
8726.56
8728.63
8773.23
8774.84
8788.43
8797.85
8799.85
8806.99
8807.28
8808.71
8809.37
8810.52
8810.52
8822.73
8837.63
8850.55
8853.52
8860.04
8868.67
8871.55
8880.48
8916.01
8921.12
8943.15
8950.90
8953.22
8969.51
8982.24
8990.01
8996.14
8996.34
9014.36
9016.22
9031.55
9041.13
9044.85
9053.36
9060.03
9069.44
9081.62
9084.08
9085.26
9109.86
9123.08
9143.14
9164.24
9164.83
9175.95
9197.71
9200.20
9203.89
9216.74
9220.53
9222.23
9227.62
9238.91
9264.43
9266.94
9273.06
9276.67
9300.59
9309.85
9328.40
9333.86
9342.14
9357.82
9360.45
9365.11
9377.28
9385.00
9385.50
9388.04
9406.45
9420.40
9425.60
9429.58
9432.43
9434.88
9437.74
9447.65
9464.23
9472.12
9482.68
9487.19
9504.76
9509.70
9515.77
9521.02
9525.46
9526.59
9528.03
9529.27
9535.97
9550.74
9552.39
9554.98
9568.32
9570.91
9576.30
9582.72
9586.66
9615.44
9628.56
9639.50
9646.81
9649.31
9661.64
9668.96
9686.03
9707.11
9709.95
9720.25
9738.78
9745.31
9750.48
9762.09
9777.21
9817.70
9821.95
9831.31
9844.51
9852.93
9854.85
9876.30
9876.62
9877.91
9878.65
9909.27
9951.60
9984.07
9993.69
10009.48
10027.37
10036.92
10046.59
10047.68
10060.08
10060.30
10073.59
10078.82
10084.82
10102.29
10105.46
10108.31
10118.81
10125.16
10132.62
10135.90
10136.67
10152.59
10166.00
10178.99
10194.42
10197.84
10224.24
10227.34
10257.70
10303.98
10319.26
10346.66
10370.64
10376.36
10376.36
10377.71
10399.52
10411.90
10416.30
10420.81
10429.49
10433.33
10452.76
10457.74
10495.26
10537.70
10554.02
10583.41
10590.28
10630.81
10641.97
10653.72
10663.41
10665.25
10684.89
10689.28
10690.67
10722.30
10726.47
10741.34
10789.79
10798.09
10813.99
10815.98
10823.12
10836.24
10839.29
10860.54
10868.30
10870.06
10927.73
10952.11
10964.20
10967.52
10971.68
11006.52
11023.80
11025.47
11053.90
11062.63
11077.36
11132.27
11137.21
11139.98
11144.08
11193.99
11210.60
11225.16
11267.26
11285.93
11316.01
11321.15
11331.94
11372.23
11473.82
11478.91
11483.13
11522.34
11617.23
11671.78
11694.66
11703.14
11712.39
11728.75
11733.44
11751.99
11758.10
11765.48
11841.98
11844.67
11860.57
11873.67
11896.17
11897.59
11917.17
11922.72
11946.99
11993.49
11995.44
12001.15
12024.42
12041.34
12076.57
12100.37
12148.52
12161.41
12203.98
12206.62
12216.53
12252.41
12288.78
12292.24
12293.44
12297.83
12312.61
12345.16
12347.56
12364.40
12378.86
12452.34
12461.37
12482.56
12517.59
12537.78
12559.78
12562.77
12571.20
12640.90
12659.79
12695.18
12707.96
12737.97
12773.44
12848.01
12858.58
12859.27
12906.66
12937.98
12947.93
12952.55
13018.02
13039.03
13053.99
13060.21
13143.70
13207.00
13209.71
13224.44
13259.83
13261.55
13262.99
13301.36
13316.04
13325.27
13387.70
13396.25
13472.85
13519.14
13552.09
13566.32
13593.51
13677.16
13770.70
13796.80
13805.76
13878.40
13925.93
13981.79
13984.82
13990.12
14009.05
14031.81
14140.78
14215.33
14262.32
14279.31
14304.05
14327.90
14359.10
14362.82
14371.69
14422.62
14457.31
14582.83
14598.46
14662.41
14732.22
14865.77
14889.27
14927.01
14928.95
15025.53
15048.96
15100.83
15160.25
15270.72
15279.48
15316.72
15335.13
15351.73
15458.40
15502.29
15616.93
15637.73
15648.73
15662.79
15671.44
15715.93
15762.76
15820.85
15895.15
16024.31
16042.18
16054.33
16073.63
16109.67
16115.42
16193.55
16195.13
16219.68
16279.81
16595.84
16601.77
16624.06
16634.85
16640.97
16687.85
16718.21
16762.95
16850.60
16850.79
16876.15
16931.38
16933.58
16946.41
17077.46
17190.92
17233.57
17251.66
17265.67
17272.77
17436.32
17542.48
17764.04
17789.04
17802.91
17902.97
17935.93
18003.59
18093.42
18096.35
18172.88
18220.13
18561.98
18629.98
18710.79
18866.10
18880.60
18933.17
18940.34
19155.71
19160.68
19700.75
19833.99
19933.38
19987.81
20045.20
20376.27
20429.03
20922.50
20936.54
21056.26
21273.35
21294.54
21313.90
21372.10
21452.49
21452.95
21672.72
21807.27
21811.99
21950.01
22011.61
22367.17
22572.60
22580.66
22958.57
23051.17
23117.61
23209.84
23249.55
23369.34
23578.62
23709.09
23861.44
23866.09
24209.13
24263.15
25484.49
26094.15
27488.72
28470.38
29474.98
31368.67
31375.46
31479.51
31848.48
34681.87
35435.95
40787.40
