15.13
15.39
16.01
16.01
16.48
16.52
17.21
17.25
17.36
17.90
17.99
18.47
19.29
19.53
19.58
20.50
20.64
20.74
21.03
21.38
21.76
22.57
23.09
23.19
23.30
23.51
23.53
23.82
23.96
23.98
24.05
24.07
24.16
24.81
25.11
25.13
25.68
25.75
25.89
26.22
26.92
26.97
27.28
27.58
27.64
27.64
27.94
28.02
28.03
28.12
28.28
28.65
28.84
28.98
29.01
29.07
29.15
29.19
29.61
29.88
30.03
30.03
30.45
30.48
30.49
30.83
31.16
31.46
31.53
31.57
31.75
31.88
32.04
32.04
32.10
32.21
32.80
33.03
33.11
33.17
33.43
33.54
34.01
34.05
34.27
34.33
34.41
34.42
34.42
34.57
34.84
35.03
35.08
35.15
35.29
35.84
35.91
36.24
36.67
36.96
37.21
37.43
37.50
37.64
37.64
37.82
37.87
37.91
38.04
38.09
38.10
38.10
38.14
38.27
38.54
38.76
39.24
39.26
39.38
39.50
39.53
39.55
39.72
39.87
39.89
40.03
40.04
40.20
40.26
40.43
40.44
40.45
40.67
40.72
40.76
40.84
41.17
41.55
41.76
41.76
41.77
42.17
42.18
42.22
42.25
42.26
42.40
42.60
42.63
42.75
42.80
42.98
43.01
43.06
43.19
43.21
43.25
43.26
43.53
43.60
43.64
43.74
43.79
43.82
43.92
44.02
44.09
44.15
44.30
44.31
44.41
44.92
44.94
44.97
45.02
45.31
45.69
46.64
46.69
46.70
46.95
47.15
47.17
47.42
47.44
47.53
47.58
47.69
47.76
47.91
47.98
48.03
48.07
48.27
48.51
48.63
48.63
48.69
48.80
48.87
48.90
48.90
48.90
48.96
48.96
48.99
49.00
49.01
49.07
49.11
49.19
49.21
49.27
49.52
49.58
49.64
49.70
49.75
50.16
50.22
50.25
50.30
50.37
50.42
50.62
50.92
51.03
51.08
51.30
51.37
51.40
51.51
51.53
51.71
51.80
51.83
51.84
51.87
51.91
51.92
52.28
52.29
52.34
52.40
52.51
52.74
52.90
52.96
53.06
53.30
53.45
53.53
53.78
53.96
53.97
54.11
54.22
54.47
54.49
54.49
54.55
54.69
55.06
55.31
55.38
55.53
55.63
55.68
55.71
56.09
56.10
56.18
56.23
56.27
56.42
56.53
56.54
56.56
56.57
56.64
56.66
56.66
56.71
56.71
56.75
56.79
56.83
57.01
57.07
57.16
57.22
57.38
57.41
57.52
57.57
57.60
57.61
57.67
57.68
57.77
57.79
57.97
58.04
58.22
58.28
58.36
58.47
58.70
58.82
58.82
58.95
58.96
59.23
59.92
60.10
60.17
60.18
60.19
60.29
60.58
60.62
60.63
60.83
60.83
60.83
61.04
61.22
61.38
61.72
61.80
62.05
62.09
62.20
62.25
62.54
62.66
63.05
63.35
63.37
63.62
63.63
63.68
63.69
63.73
63.77
63.84
63.86
64.24
64.26
64.29
64.34
64.57
64.62
64.66
64.79
64.80
64.81
64.87
64.96
65.10
65.11
65.32
65.43
65.76
65.94
66.23
66.30
66.34
66.39
66.40
66.55
66.79
67.00
67.13
67.15
67.20
67.25
67.44
67.56
67.71
67.71
68.17
68.29
68.33
68.46
68.47
68.51
68.53
68.61
68.81
68.89
69.17
69.23
69.23
69.24
69.28
69.29
69.35
69.64
69.81
70.01
70.01
70.14
70.25
70.35
70.46
70.47
70.56
70.56
70.64
70.72
70.98
71.00
71.08
71.31
71.35
71.51
71.57
71.58
71.74
71.82
72.07
72.12
72.15
72.19
72.57
72.59
72.62
72.66
72.72
72.72
72.84
72.90
73.35
73.47
73.53
73.54
73.59
73.64
73.67
73.77
73.79
73.95
74.41
74.49
74.57
74.84
74.96
75.42
75.43
75.57
75.65
75.65
75.69
76.06
76.08
76.09
76.12
76.24
76.26
76.27
76.33
76.40
76.47
76.49
76.50
76.76
76.90
77.05
77.07
77.51
77.64
77.68
77.72
77.78
77.78
77.83
77.83
77.83
77.84
77.96
77.97
78.01
78.05
78.09
78.54
78.55
78.69
78.75
78.79
78.92
78.99
79.40
79.42
79.78
79.82
80.03
80.39
80.46
80.69
80.74
80.85
80.85
80.86
80.87
80.90
80.90
80.91
80.98
81.00
81.03
81.05
81.06
81.11
81.15
81.22
81.29
81.36
81.62
81.67
81.71
81.71
81.76
81.88
81.88
81.94
82.05
82.08
82.10
82.31
82.40
82.52
82.53
82.56
82.57
82.74
82.75
82.82
82.93
82.93
82.94
82.95
83.22
83.33
83.33
83.35
83.43
83.48
83.68
83.69
84.00
84.04
84.23
84.34
84.48
84.49
84.57
84.66
84.68
84.86
85.01
85.21
85.43
85.47
85.51
85.51
85.52
85.57
85.70
85.85
86.06
86.06
86.13
86.23
86.27
86.33
86.55
86.63
86.64
86.70
86.84
86.86
86.87
86.88
86.93
86.96
87.00
87.24
87.28
87.33
87.41
87.43
87.54
87.65
87.75
87.77
87.83
87.92
88.02
88.10
88.17
88.27
88.31
88.31
88.33
88.33
88.41
88.50
88.56
88.64
88.68
88.75
88.83
88.99
89.01
89.02
89.10
89.17
89.35
89.52
89.62
89.71
89.74
89.76
89.88
89.95
90.02
90.17
90.21
90.40
90.60
90.63
90.65
90.68
90.76
90.85
90.86
90.93
90.95
91.08
91.25
91.54
91.60
91.74
91.79
91.88
91.90
91.90
92.05
92.06
92.09
92.10
92.20
92.30
92.36
92.48
92.53
92.68
92.86
92.87
92.97
92.98
92.99
93.05
93.10
93.12
93.15
93.17
93.24
93.24
93.34
93.45
93.48
93.53
93.55
93.60
93.60
93.62
93.70
93.74
93.94
94.02
94.09
94.10
94.11
94.17
94.24
94.29
94.33
94.41
94.44
94.45
94.45
94.48
94.59
94.61
94.68
94.70
94.75
94.84
95.00
95.14
95.18
95.23
95.27
95.43
95.48
95.57
95.72
95.77
95.79
95.89
95.96
96.02
96.30
96.37
96.37
96.42
96.45
96.46
96.63
96.76
96.83
96.96
96.96
96.98
97.09
97.22
97.26
97.30
97.32
97.50
97.53
97.59
97.74
97.78
97.84
97.87
97.87
97.93
98.21
98.27
98.27
98.35
98.44
98.52
98.58
98.65
98.69
99.06
99.17
99.21
99.22
99.23
99.23
99.30
99.33
99.44
99.51
99.56
99.56
99.68
99.74
100.03
100.04
100.05
100.06
100.10
100.52
100.97
101.00
101.17
101.27
101.31
101.41
101.68
101.91
101.93
101.95
101.95
102.24
102.28
102.34
102.54
102.60
102.69
102.70
102.75
102.82
102.83
102.92
103.00
103.06
103.08
103.14
103.31
103.33
103.37
103.42
103.56
103.56
103.60
103.64
103.69
103.73
103.74
103.82
103.85
103.87
103.92
104.01
104.09
104.25
104.49
104.75
104.87
105.02
105.04
105.09
105.28
105.29
105.30
105.33
105.36
105.45
105.45
105.89
105.91
106.18
106.33
106.37
106.39
106.53
106.55
106.61
106.72
106.73
106.74
106.96
107.20
107.26
107.30
107.30
107.41
107.41
107.43
107.61
107.71
107.80
107.90
108.05
108.10
108.13
108.28
108.28
108.35
108.38
108.59
108.60
108.63
108.68
108.92
108.97
109.04
109.22
109.28
109.28
109.37
109.64
109.85
109.86
109.88
109.97
110.03
110.16
110.21
110.24
110.25
110.25
110.32
110.43
110.62
110.72
110.95
111.20
111.21
111.27
111.29
111.41
111.53
111.58
111.59
111.65
111.68
111.74
111.80
111.80
111.90
111.99
112.07
112.13
112.28
112.30
112.37
112.39
112.43
112.46
112.46
112.52
112.59
112.61
112.63
112.72
112.76
112.83
112.83
112.87
112.89
113.03
113.12
113.31
113.32
113.32
113.34
113.38
113.38
113.44
113.50
113.62
113.63
113.78
113.89
113.92
114.00
114.09
114.10
114.31
114.32
114.34
114.37
114.38
114.53
114.54
114.56
114.62
114.65
114.71
114.75
114.97
115.10
115.21
115.40
115.44
115.56
115.57
115.60
115.66
115.69
115.75
115.81
115.82
115.94
116.01
116.06
116.07
116.33
116.36
116.49
116.57
116.60
116.76
116.83
117.13
117.22
117.31
117.58
117.59
117.66
117.73
117.75
117.91
117.99
118.06
118.17
118.28
118.35
118.41
118.42
118.62
118.72
118.74
118.80
118.80
118.87
118.90
118.92
119.49
119.82
119.82
119.93
120.03
120.32
120.40
120.42
120.45
120.53
120.76
120.81
120.87
121.04
121.11
121.13
121.28
121.38
121.57
121.61
121.71
121.79
121.84
121.89
121.93
121.93
121.95
122.09
122.24
122.35
122.37
122.43
122.44
122.47
122.52
122.52
122.54
122.76
122.92
122.96
123.03
123.06
123.06
123.11
123.28
123.33
123.42
123.46
123.48
123.63
123.74
123.79
123.81
123.95
123.96
123.98
124.30
124.38
124.47
124.69
124.75
124.82
124.88
124.90
124.92
124.99
125.10
125.32
125.34
125.34
125.69
125.77
125.83
125.88
126.07
126.11
126.20
126.22
126.25
126.35
126.44
126.47
126.66
126.69
126.84
126.86
126.92
126.98
127.00
127.00
127.09
127.19
127.21
127.36
127.65
127.67
127.83
127.86
127.95
127.96
128.04
128.37
128.38
128.41
128.41
128.41
128.42
128.59
128.63
128.68
128.68
128.81
128.83
128.92
129.06
129.17
129.18
129.21
129.34
129.35
129.35
129.42
129.48
129.76
129.79
129.99
130.01
130.05
130.11
130.14
130.36
130.49
130.49
130.50
130.67
130.91
130.98
130.99
131.13
131.20
131.22
131.30
131.43
131.47
131.48
131.50
131.61
131.62
131.63
132.07
132.13
132.31
132.62
132.69
132.73
132.74
132.85
132.90
132.96
133.50
133.61
133.80
133.94
134.00
134.04
134.12
134.16
134.16
134.26
134.41
134.80
135.00
135.00
135.23
135.26
135.28
135.33
135.52
135.54
135.57
135.68
135.76
135.80
135.88
135.97
136.04
136.06
136.27
136.29
136.38
136.42
136.49
136.53
136.66
136.74
136.76
136.83
136.85
136.92
137.09
137.20
137.22
137.26
137.31
137.38
137.41
137.48
137.49
137.49
137.54
137.56
137.63
137.65
137.66
137.67
137.76
137.87
137.89
138.02
138.13
138.17
138.17
138.21
138.33
138.44
138.59
138.70
138.70
138.77
138.96
138.96
139.19
139.21
139.24
139.29
139.40
139.42
139.51
139.52
139.60
139.66
139.81
139.82
139.85
139.96
139.98
139.98
140.00
140.01
140.02
140.02
140.06
140.18
140.22
140.25
140.30
140.39
140.47
140.75
140.79
140.89
141.03
141.08
141.18
141.20
141.40
141.42
141.58
141.68
141.71
142.01
142.02
142.03
142.29
142.40
142.43
142.51
142.52
142.64
142.71
142.86
142.87
142.93
142.93
143.06
143.15
143.32
143.48
143.73
143.89
144.02
144.03
144.11
144.16
144.37
144.37
144.42
144.67
144.78
145.00
145.01
145.05
145.07
145.18
145.39
145.41
145.48
145.58
145.62
145.93
146.16
146.19
146.19
146.37
146.38
146.53
146.57
146.60
146.63
146.69
146.74
146.75
146.92
146.94
147.06
147.06
147.07
147.07
147.12
147.13
147.20
147.23
147.25
147.36
147.37
147.39
147.44
147.55
147.65
147.65
147.73
147.77
147.82
147.82
147.87
148.03
148.07
148.11
148.16
148.26
148.57
148.59
148.67
148.73
148.83
148.91
148.93
148.99
149.06
149.27
149.36
149.38
149.55
149.60
149.65
149.71
149.71
149.72
149.73
149.73
149.74
149.78
149.83
149.88
150.00
150.09
150.13
150.14
150.25
150.39
150.43
150.46
150.48
150.50
150.53
150.67
150.69
150.70
150.78
150.83
151.14
151.19
151.34
151.36
151.39
151.61
151.73
151.84
151.92
152.00
152.07
152.07
152.17
152.24
152.35
152.37
152.43
152.62
152.80
152.91
153.11
153.24
153.25
153.28
153.29
153.43
153.53
153.56
153.57
153.66
153.73
153.75
153.84
153.91
153.92
154.02
154.12
154.69
154.74
154.93
155.01
155.02
155.07
155.29
155.32
155.35
155.36
155.47
155.48
155.55
155.71
155.73
155.87
155.89
155.90
156.05
156.06
156.12
156.16
156.39
156.58
156.60
156.70
156.79
156.89
157.00
157.09
157.11
157.17
157.19
157.27
157.31
157.37
157.42
157.45
157.55
157.56
157.61
157.66
157.90
158.00
158.09
158.09
158.14
158.17
158.19
158.20
158.31
158.44
158.47
158.61
158.70
158.79
158.87
158.91
158.93
159.02
159.09
159.10
159.13
159.18
159.38
159.44
159.44
159.62
159.68
159.69
159.71
159.75
160.04
160.05
160.06
160.13
160.23
160.30
160.31
160.33
160.45
160.50
160.58
160.71
160.99
161.25
161.43
161.45
161.51
161.55
162.44
162.48
162.57
162.67
162.76
162.80
162.83
162.86
163.06
163.09
163.23
163.39
163.52
163.69
163.77
163.80
163.84
163.92
163.97
163.99
164.63
164.68
164.69
164.75
164.80
165.21
165.28
165.47
165.54
165.62
165.94
166.10
166.13
166.24
166.25
166.47
166.59
166.79
166.87
167.03
167.04
167.18
167.33
167.41
167.50
167.51
167.55
167.57
167.61
167.91
167.95
167.96
168.02
168.44
168.59
168.64
168.79
168.84
169.03
169.09
169.19
169.36
169.43
169.60
169.64
169.67
169.76
169.92
169.99
170.01
170.10
170.31
170.41
170.42
170.48
170.58
170.64
170.75
170.86
170.91
170.97
171.15
171.19
171.38
171.54
171.81
171.83
171.88
171.90
171.90
171.97
172.01
172.05
172.07
172.15
172.15
172.40
172.49
172.71
172.84
172.89
172.92
173.02
173.03
173.06
173.10
173.11
173.24
173.37
173.38
173.42
173.52
173.56
173.63
173.63
173.77
173.84
173.91
173.91
173.93
173.93
173.98
174.02
174.06
174.15
174.24
174.40
174.40
174.51
174.54
174.56
174.63
174.89
175.06
175.09
175.10
175.39
175.44
175.44
175.47
175.53
175.53
175.65
175.69
175.71
175.88
176.05
176.28
176.36
176.38
176.55
176.59
176.59
176.65
176.77
176.94
176.96
177.23
177.38
177.49
177.64
177.71
177.73
177.86
177.89
177.90
177.91
178.07
178.09
178.13
178.13
178.24
178.26
178.37
178.59
178.61
178.64
178.65
178.73
178.74
178.76
178.84
178.85
178.85
178.90
179.00
179.00
179.13
179.18
179.25
179.32
179.32
179.36
179.50
179.63
179.70
179.77
179.83
179.84
179.91
180.02
180.14
180.17
180.20
180.22
180.41
180.43
180.57
180.69
180.73
180.73
180.80
180.95
181.02
181.09
181.21
181.28
181.29
181.30
181.43
181.50
181.55
181.63
181.67
181.79
181.83
181.88
181.98
182.01
182.23
182.59
182.75
182.97
183.11
183.18
183.25
183.25
183.32
183.32
183.40
183.48
183.57
183.71
183.75
183.82
184.07
184.21
184.25
184.25
184.28
184.37
184.44
184.50
184.79
184.85
184.88
185.05
185.08
185.14
185.14
185.19
185.22
185.25
185.27
185.46
185.58
185.65
186.13
186.17
186.18
186.33
186.41
186.60
186.61
186.70
186.76
186.77
186.97
187.07
187.25
187.28
187.30
187.30
187.41
187.52
187.63
187.80
187.90
187.91
187.92
187.93
187.98
188.00
188.05
188.14
188.15
188.26
188.35
188.41
188.41
188.42
188.48
188.56
188.80
188.82
188.87
188.96
188.99
189.09
189.22
189.30
189.31
189.47
189.72
189.81
189.91
189.95
189.95
189.97
190.01
190.18
190.21
190.28
190.40
190.44
190.44
190.66
191.02
191.08
191.08
191.20
191.41
191.43
191.49
191.57
191.71
191.71
191.72
191.75
191.76
191.84
191.90
191.98
192.00
192.01
192.03
192.09
192.19
192.27
192.34
192.42
192.51
192.57
192.67
192.76
192.97
192.99
193.52
193.62
193.72
193.78
193.84
193.87
194.01
194.09
194.12
194.27
194.36
194.59
194.62
194.63
194.66
194.70
194.77
194.83
194.88
194.90
195.07
195.12
195.16
195.22
195.39
195.42
195.46
195.52
195.52
195.56
195.73
195.78
195.79
195.99
196.07
196.25
196.27
196.43
196.45
196.57
196.62
196.64
196.69
196.69
196.86
196.97
197.05
197.11
197.30
197.52
197.65
197.79
198.07
198.12
198.13
198.26
198.28
198.64
198.89
198.93
198.94
199.01
199.05
199.10
199.25
199.29
199.45
199.49
199.53
199.59
199.75
199.88
199.90
200.13
200.14
200.22
200.39
200.57
200.72
200.72
200.77
201.36
201.41
201.45
201.54
201.57
201.58
201.61
201.81
201.90
201.96
202.00
202.07
202.07
202.19
202.27
202.29
202.36
202.45
202.68
202.77
202.80
203.06
203.13
203.18
203.27
203.34
203.35
203.51
203.53
203.60
203.60
203.67
203.88
203.95
204.20
204.23
204.33
204.35
204.36
204.38
204.40
204.56
204.62
204.63
204.77
204.80
204.84
204.87
205.06
205.39
205.47
205.51
205.61
205.80
205.91
206.03
206.15
206.20
206.25
206.28
206.31
206.46
206.49
206.54
206.55
206.59
206.61
206.67
206.76
206.88
207.01
207.08
207.29
207.30
207.37
207.42
207.44
207.44
207.47
207.51
207.73
207.98
208.11
208.31
208.34
208.41
208.42
208.59
208.72
208.76
208.85
208.91
208.95
209.05
209.06
209.08
209.22
209.33
209.46
209.51
209.53
209.63
209.73
209.80
209.91
210.17
210.21
210.33
210.36
210.43
210.71
210.88
210.95
211.12
211.12
211.12
211.30
211.44
211.47
211.64
211.64
211.72
211.75
212.15
212.18
212.21
212.22
212.38
212.38
212.46
212.53
212.58
212.60
212.87
212.98
213.01
213.04
213.13
213.16
213.27
213.36
213.71
213.95
213.96
214.06
214.08
214.17
214.19
214.38
214.41
214.63
214.75
214.76
215.16
215.29
215.31
215.31
215.35
215.40
215.45
215.51
215.63
215.64
215.71
215.75
215.87
215.94
216.07
216.09
216.17
216.19
216.22
216.22
216.43
216.50
216.66
216.75
216.82
216.82
216.87
216.87
217.02
217.23
217.33
217.50
217.58
217.68
217.75
217.83
218.01
218.03
218.04
218.04
218.14
218.15
218.40
218.42
218.44
218.46
218.47
218.51
218.54
218.56
218.70
218.73
218.84
219.08
219.08
219.25
219.25
219.40
219.45
219.67
220.02
220.11
220.17
220.18
220.19
220.26
220.35
220.37
220.81
220.84
220.93
221.02
221.03
221.14
221.15
221.18
221.28
221.29
221.54
221.69
221.99
222.08
222.24
222.33
222.36
222.41
222.43
222.43
222.43
222.80
222.89
222.97
223.19
223.31
223.36
223.40
223.45
223.55
223.62
223.80
223.81
223.92
223.93
223.94
224.08
224.14
224.18
224.39
224.87
225.19
225.31
225.39
225.41
225.45
225.47
225.73
225.89
225.95
226.05
226.52
226.65
226.75
226.88
226.94
227.37
227.67
227.73
227.76
227.89
228.12
228.18
228.25
228.31
228.79
228.88
228.91
228.92
228.95
229.18
229.19
229.19
229.61
229.63
229.86
229.92
229.99
230.01
230.10
230.25
230.33
230.47
230.71
230.87
231.59
231.63
231.70
231.72
231.75
231.79
232.11
232.28
232.35
232.45
232.60
232.79
232.86
233.01
233.04
233.06
233.35
233.61
233.62
233.63
233.65
233.68
234.23
234.26
234.26
234.31
234.44
234.45
234.49
234.59
234.66
234.85
234.88
234.92
234.92
234.93
235.05
235.15
235.17
235.25
235.27
235.34
235.35
235.51
235.55
235.56
235.64
235.65
235.67
235.81
235.86
235.98
236.05
236.07
236.16
236.22
236.28
236.31
236.37
236.38
236.45
236.45
236.45
236.62
236.70
236.83
236.84
236.84
237.05
237.15
237.24
237.25
237.51
237.59
237.79
238.07
238.10
238.10
238.19
238.20
238.24
238.25
238.26
238.35
238.37
238.43
238.69
238.74
238.94
238.94
239.15
239.23
239.24
239.29
239.31
239.35
239.41
239.60
239.66
239.83
239.87
239.97
239.98
240.08
240.13
240.31
240.38
240.43
240.46
240.49
240.59
240.65
240.66
240.68
240.76
240.88
240.94
240.95
241.00
241.04
241.08
241.15
241.24
241.26
241.32
241.42
241.65
241.73
241.74
241.76
241.95
242.00
242.00
242.17
242.19
242.63
242.85
243.08
243.11
243.19
243.37
243.64
243.69
243.84
244.24
244.30
244.31
244.34
244.34
244.46
244.63
244.75
244.81
244.87
245.06
245.22
245.32
245.55
245.58
245.66
246.03
246.43
246.51
246.51
246.52
246.53
246.60
246.67
246.70
246.70
246.79
246.83
246.90
246.92
247.19
247.36
247.45
247.93
247.93
248.00
248.05
248.14
248.26
248.26
248.27
248.34
248.36
248.54
248.63
248.72
248.76
248.94
248.98
249.07
249.25
249.64
250.15
250.27
250.30
250.31
250.50
250.63
250.78
251.02
251.05
251.26
251.59
251.64
251.70
251.84
251.93
251.94
251.94
252.12
252.23
252.26
252.27
252.30
252.38
252.45
252.48
252.52
252.66
252.75
252.76
252.82
252.87
253.11
253.22
253.45
253.51
253.55
253.73
253.77
254.03
254.05
254.20
254.34
254.47
254.59
254.61
254.68
254.69
254.71
254.87
255.20
255.27
255.28
255.31
255.46
255.46
255.50
255.50
255.59
255.71
255.83
255.88
256.06
256.14
256.25
256.36
256.62
256.73
257.14
257.19
257.25
257.29
257.33
257.56
257.56
257.57
257.89
258.11
258.20
258.33
258.35
258.36
258.45
258.56
258.89
258.98
259.11
259.58
259.71
260.12
260.17
260.20
260.52
260.65
260.78
260.79
261.01
261.02
261.05
261.44
261.73
261.80
262.23
262.26
262.36
262.54
262.72
262.83
262.86
262.93
262.95
262.98
263.06
263.22
263.26
263.46
263.52
263.74
263.79
264.06
264.07
264.13
264.30
264.70
264.76
264.86
264.91
265.28
265.38
265.40
265.73
265.87
266.15
266.19
266.34
266.54
266.58
266.59
266.60
266.65
266.79
266.89
266.94
267.07
267.09
267.19
267.38
267.45
267.51
268.07
268.11
268.12
268.15
268.15
268.51
268.57
268.60
268.76
268.95
268.97
269.03
269.16
269.17
269.33
269.38
269.45
269.57
269.62
270.04
270.21
270.29
270.35
270.46
270.54
270.57
270.64
270.85
270.94
270.95
270.95
271.03
271.04
271.16
271.30
271.32
271.68
271.74
271.84
271.93
271.95
272.22
272.23
272.25
272.29
272.40
272.41
272.51
272.54
272.57
272.75
272.80
272.88
272.89
273.17
273.43
273.46
273.52
273.52
273.55
273.64
273.82
273.91
274.37
274.49
274.62
274.70
274.73
274.99
275.19
275.24
275.43
275.43
275.47
275.70
275.73
275.92
275.98
275.99
276.00
276.01
276.02
276.20
276.30
276.58
276.70
276.76
276.79
276.84
276.88
277.06
277.10
277.22
277.29
277.31
277.34
277.49
277.55
277.61
277.61
277.67
277.91
278.43
278.50
278.70
278.71
278.78
278.92
279.11
279.32
279.34
279.36
279.57
279.58
279.72
279.75
279.87
279.90
280.00
280.17
280.29
280.32
280.39
280.63
280.68
280.73
280.94
281.03
281.03
281.09
281.22
281.29
281.39
281.43
281.49
281.49
281.52
281.82
281.83
281.90
281.90
282.05
282.06
282.15
282.29
282.37
282.52
282.59
282.61
282.63
282.68
282.90
283.17
283.24
283.38
283.42
283.43
283.46
283.69
283.77
283.79
283.89
283.95
284.02
284.03
284.11
284.26
284.28
284.43
284.44
284.47
284.54
284.67
284.74
284.78
284.80
284.85
284.86
284.98
285.07
285.07
285.08
285.13
285.18
285.48
285.67
285.70
285.72
285.99
286.02
286.29
286.31
286.65
286.75
286.91
286.92
286.98
287.02
287.16
287.52
287.54
287.61
287.71
287.87
287.96
287.99
288.13
288.23
288.25
288.47
288.71
288.81
288.88
288.99
289.11
289.15
289.20
289.42
289.43
289.43
289.44
289.69
289.70
289.82
289.94
290.17
290.59
290.70
290.82
290.89
291.17
291.28
291.36
291.44
291.51
291.57
291.65
291.78
292.04
292.12
292.30
292.30
292.34
292.38
292.40
292.41
292.44
292.69
292.77
292.86
292.91
292.95
293.11
293.23
293.30
293.42
293.53
293.58
293.89
293.99
293.99
294.26
294.50
294.58
294.60
294.80
294.94
295.26
295.47
295.58
295.59
295.62
295.83
296.09
296.10
296.34
296.40
296.49
296.51
296.63
296.76
296.77
296.79
296.89
296.92
296.97
297.06
297.11
297.23
297.42
297.57
297.61
297.82
297.93
298.16
298.18
298.32
298.37
298.43
298.95
298.97
299.05
299.20
299.34
299.37
299.38
299.44
299.69
299.79
299.82
299.86
299.94
299.96
300.03
300.10
300.37
300.45
300.66
300.76
300.86
300.88
301.05
301.16
301.20
301.30
301.31
301.33
301.59
301.78
301.86
302.14
302.26
302.28
302.31
302.39
302.45
302.52
302.75
302.89
303.05
303.24
303.32
303.51
303.75
303.79
303.80
303.88
304.41
304.60
304.64
304.73
304.80
304.80
304.87
304.87
304.93
304.97
305.00
305.39
305.45
305.47
305.53
305.60
305.65
305.68
305.88
306.00
306.10
306.22
306.24
306.29
306.31
306.32
306.51
306.64
306.79
306.91
306.94
306.97
306.97
307.12
307.32
307.37
307.38
307.51
307.52
307.63
307.71
307.81
307.84
307.90
308.05
308.31
308.32
308.34
308.35
308.47
308.65
308.73
308.95
309.02
309.20
309.35
309.81
309.81
309.86
309.99
310.09
310.12
310.25
310.39
310.39
310.47
310.69
310.77
310.92
310.93
310.94
310.97
310.97
311.07
311.08
311.11
311.16
311.27
311.28
311.37
311.40
311.46
311.55
311.59
311.63
311.68
311.80
311.87
311.99
312.14
312.17
312.34
312.37
312.55
312.55
312.57
312.84
312.94
312.96
313.10
313.14
313.19
313.21
313.33
313.35
313.37
313.47
313.57
314.18
314.19
314.27
314.36
314.39
314.41
314.52
314.53
314.56
314.61
315.12
315.16
315.24
315.34
315.41
315.53
315.55
315.62
315.66
315.83
315.91
315.96
316.13
316.16
316.17
316.37
316.42
316.61
316.63
316.68
316.71
316.75
317.16
317.20
317.67
317.80
317.96
318.27
318.47
318.52
318.62
318.73
318.82
318.88
318.90
319.01
319.08
319.22
319.27
319.63
319.76
319.80
319.90
320.01
320.05
320.23
320.23
320.29
320.37
320.48
320.62
320.79
320.80
320.80
320.85
320.94
320.94
321.18
321.39
321.59
321.60
321.64
321.66
322.04
322.06
322.28
322.87
323.00
323.10
323.12
323.14
323.34
323.36
323.63
323.67
323.84
323.91
324.13
324.33
324.34
324.34
324.68
324.70
324.72
324.87
324.91
324.92
324.95
324.96
324.99
325.03
325.09
325.10
325.15
325.26
325.30
325.69
325.79
325.82
325.84
325.85
325.97
326.20
326.25
326.35
326.41
326.50
326.51
326.63
326.86
327.07
327.13
327.17
327.50
327.51
327.56
327.74
327.76
327.80
327.88
327.91
328.19
328.45
328.87
328.89
329.66
329.70
329.80
329.89
330.09
330.27
330.42
330.47
330.55
330.56
330.59
330.70
330.73
331.54
331.79
331.81
332.20
332.21
332.22
332.36
332.41
332.65
332.69
332.80
332.85
332.96
333.24
333.28
333.33
333.39
333.57
333.58
333.63
333.66
333.67
334.08
334.22
334.25
334.29
334.47
334.59
334.87
335.08
335.14
335.15
335.22
335.25
335.25
335.27
335.34
335.51
335.54
335.58
335.68
335.78
335.80
336.18
336.24
336.39
336.52
336.66
336.99
337.10
337.11
337.29
337.38
337.64
337.74
337.78
337.81
337.83
338.26
338.31
338.60
338.67
338.79
338.94
339.02
339.02
339.08
339.23
339.31
339.43
339.61
339.69
339.79
339.94
339.97
340.04
340.16
340.23
340.28
340.30
340.31
340.47
340.60
340.67
340.85
340.96
341.04
341.13
341.13
341.38
341.68
341.78
341.78
341.81
341.82
342.13
342.28
342.36
342.55
342.85
343.06
343.10
343.17
343.35
343.37
343.56
343.61
343.78
343.90
344.15
344.29
344.50
344.61
344.70
344.84
344.84
344.86
344.90
344.93
345.36
345.43
345.44
345.47
345.53
345.61
345.63
345.68
345.83
345.85
345.99
346.06
346.07
346.29
346.42
346.45
346.47
346.55
346.73
346.76
346.82
346.87
346.92
346.98
347.01
347.02
347.15
347.16
347.22
347.31
347.72
347.77
347.90
347.91
347.92
348.11
348.21
348.24
348.37
348.62
348.63
348.80
348.89
349.18
349.18
349.26
349.27
349.40
349.64
349.67
349.71
349.72
349.89
349.98
350.08
350.11
350.15
350.18
350.50
350.65
350.73
350.80
351.04
351.34
351.80
352.20
352.28
352.34
352.50
352.51
352.57
352.92
352.93
353.18
353.32
353.37
353.38
353.44
353.50
353.77
353.92
354.11
354.50
354.60
354.61
354.96
355.14
355.21
355.35
355.36
355.36
355.37
355.39
355.52
355.52
356.16
356.23
356.39
356.41
356.49
356.69
356.73
357.03
357.14
357.18
357.22
357.38
357.46
357.83
357.91
358.07
358.26
358.37
358.49
358.56
359.05
359.13
359.33
359.65
359.69
359.84
359.85
360.08
360.12
360.12
360.16
360.76
360.85
360.92
361.17
361.30
361.35
361.40
361.43
361.45
361.48
361.51
361.53
361.61
361.81
361.83
361.88
361.96
361.99
362.00
362.29
362.44
362.49
362.83
362.83
362.95
363.13
363.15
363.45
363.50
363.67
363.77
363.84
364.03
364.03
364.12
364.13
364.23
364.41
364.42
364.59
364.63
364.86
364.86
365.02
365.27
365.34
365.51
365.56
365.73
365.85
365.90
366.04
366.05
366.10
366.19
366.30
366.69
366.75
366.78
366.89
366.94
367.09
367.10
367.26
367.35
367.69
368.26
368.47
368.55
368.58
368.63
368.64
368.71
369.15
369.31
369.41
369.47
369.67
369.73
369.81
369.98
370.04
370.21
370.35
370.45
370.54
370.68
370.73
370.76
370.87
371.09
371.17
371.30
371.72
371.86
371.90
372.25
372.25
372.49
372.62
373.20
373.27
373.42
373.60
373.86
373.91
373.95
373.99
374.31
374.48
374.59
375.08
375.43
375.54
375.66
375.69
375.79
375.83
375.84
375.93
375.97
376.22
376.23
376.25
376.32
376.33
376.88
377.08
377.48
377.54
377.67
377.72
377.79
378.21
378.29
378.30
378.34
378.45
378.47
378.50
378.55
378.55
378.61
378.68
378.88
379.21
379.44
379.46
379.53
379.79
379.89
380.14
380.15
380.45
380.57
380.65
380.87
381.11
381.32
381.42
381.46
381.51
381.63
381.69
381.72
381.76
381.93
382.09
382.24
382.28
382.59
382.99
383.12
383.19
383.28
383.30
383.33
383.33
383.38
383.43
383.48
383.65
383.76
383.84
383.94
383.96
384.13
384.25
384.29
384.35
384.45
384.47
384.49
384.61
384.85
384.94
384.96
384.98
385.00
385.32
385.37
385.39
385.62
385.73
385.97
385.99
386.24
386.33
386.44
386.48
386.58
386.59
386.73
386.80
386.88
386.98
386.99
387.01
387.17
387.17
387.18
387.18
387.25
387.81
388.18
388.22
389.35
389.36
389.60
389.72
390.01
390.05
390.08
390.25
390.27
390.30
390.54
390.55
390.55
390.87
390.95
391.00
391.34
391.47
391.51
391.67
391.91
391.96
391.97
392.11
392.26
392.29
392.34
392.38
392.40
392.45
392.93
393.01
393.08
393.11
393.13
393.19
393.28
393.73
393.77
393.88
393.90
393.92
394.03
394.06
394.32
394.35
394.36
394.41
394.55
394.63
394.67
394.77
395.23
395.31
395.44
395.47
395.66
395.74
395.79
396.20
396.25
396.29
396.32
396.80
396.90
396.94
396.97
397.21
397.26
397.40
397.42
397.42
397.48
397.61
397.97
398.03
398.65
398.72
398.86
398.97
399.01
399.21
399.22
399.26
399.34
399.48
399.55
399.60
399.93
400.31
400.39
400.68
400.77
400.81
400.81
400.86
400.88
401.24
401.63
401.64
401.84
401.96
402.03
402.37
402.50
402.95
403.15
403.21
403.26
403.26
403.43
403.45
403.57
403.68
403.78
403.97
404.09
404.12
404.29
404.49
404.55
404.68
404.71
404.79
404.88
404.92
405.35
405.44
405.64
405.84
406.09
406.14
406.31
406.33
406.58
406.58
406.59
406.64
406.69
406.81
407.19
407.22
407.39
407.39
407.43
407.55
407.73
407.74
407.79
408.02
408.21
408.49
408.57
408.61
408.81
409.05
409.13
409.20
409.45
409.54
409.62
409.72
409.86
409.87
409.89
410.06
410.14
410.34
410.44
411.09
411.20
411.76
411.86
411.94
412.16
412.26
412.49
412.61
412.66
413.43
413.45
413.61
413.65
413.76
413.85
413.99
414.16
414.23
414.31
414.68
414.69
414.88
414.89
415.29
415.31
415.80
416.05
416.12
416.13
416.21
416.45
416.63
416.82
416.83
416.93
417.17
417.77
417.78
417.80
417.81
418.02
418.10
418.37
418.52
418.65
418.65
418.87
418.89
418.95
418.96
418.96
418.98
418.98
419.07
419.19
419.33
419.49
419.88
419.89
420.10
420.62
421.01
421.01
421.28
421.33
421.33
421.33
421.49
421.60
421.63
421.69
421.76
421.76
421.84
421.87
422.05
422.28
422.39
422.60
422.64
422.91
422.92
423.33
423.33
423.44
423.52
423.66
423.72
424.34
424.36
424.51
424.61
424.78
424.81
424.84
424.97
425.10
425.15
425.18
425.58
425.60
425.65
425.73
425.85
425.88
425.88
425.93
426.06
426.24
426.37
426.41
426.41
426.46
426.77
427.22
427.60
427.83
427.89
428.04
428.04
428.07
428.11
429.01
429.04
429.13
429.17
429.18
429.29
429.39
429.50
429.65
429.86
429.87
429.87
429.97
430.00
430.01
430.04
430.23
430.34
430.34
430.37
430.58
431.01
431.09
431.20
431.34
431.59
431.87
431.97
432.09
432.40
432.55
432.57
432.77
432.88
432.95
433.02
433.55
434.07
434.15
434.19
434.25
434.27
434.34
434.37
434.53
434.53
434.53
434.86
434.94
435.04
435.05
435.10
435.26
435.28
435.41
435.41
435.62
435.72
435.84
435.86
435.88
436.02
436.07
436.59
436.64
436.82
436.96
437.02
437.11
437.30
437.49
437.53
437.53
437.66
437.71
437.73
437.81
437.88
438.00
438.00
438.47
438.66
438.68
438.88
439.08
439.09
439.11
439.40
439.73
439.99
440.01
440.09
440.15
440.30
440.39
440.56
440.60
440.90
441.07
441.19
441.47
441.68
442.36
442.42
442.42
442.48
442.70
442.97
443.05
443.07
443.13
443.19
443.26
443.46
443.52
443.53
443.70
444.15
444.27
444.83
445.16
445.21
445.72
446.16
446.16
446.33
446.44
446.50
446.57
446.68
446.70
446.79
446.86
446.93
447.17
447.18
447.30
447.30
447.36
447.68
447.94
448.05
448.10
448.13
448.19
448.41
448.70
448.93
449.23
449.27
449.31
449.38
449.54
449.59
449.72
449.99
450.03
450.09
450.21
450.35
450.72
450.82
450.87
450.95
450.98
451.36
451.42
451.68
451.70
451.71
452.25
452.39
452.42
452.49
452.67
452.82
453.15
453.25
453.55
453.69
453.75
453.81
453.87
453.99
454.28
454.43
454.44
454.51
454.59
454.65
454.93
455.13
455.15
455.45
455.54
455.98
456.12
456.19
456.51
456.52
456.86
456.97
457.09
457.28
457.45
457.56
457.92
458.09
458.11
458.49
458.71
458.97
459.14
459.24
459.25
459.33
459.52
459.86
459.95
460.01
460.09
460.20
460.20
460.26
460.51
460.59
460.63
461.23
461.47
461.67
461.71
461.73
461.82
462.13
462.31
462.37
462.40
462.53
462.81
463.57
463.61
463.84
463.88
463.92
463.93
463.98
464.31
464.35
464.38
464.48
464.48
464.54
464.55
464.60
464.60
464.74
465.02
465.03
465.32
465.36
465.48
465.53
465.54
465.57
465.63
465.94
467.04
467.05
467.28
467.33
467.36
467.47
467.50
467.82
467.87
467.88
467.90
468.07
468.08
468.14
468.26
468.30
468.36
468.40
468.44
468.80
468.81
469.21
469.35
469.39
469.60
469.63
469.74
469.76
469.80
470.22
470.22
470.26
470.50
470.91
471.66
471.78
472.22
472.23
472.34
472.46
472.87
472.87
473.01
473.17
473.20
473.44
473.93
474.00
474.02
474.04
474.19
474.25
474.30
474.40
474.44
474.77
474.87
475.29
475.29
475.63
475.88
475.95
476.05
476.07
476.07
476.13
476.19
476.63
476.93
476.94
477.00
477.20
477.29
477.44
477.84
478.02
478.15
478.26
478.49
478.72
478.87
479.01
479.05
479.25
479.35
479.42
479.49
479.51
479.51
479.62
479.76
479.84
480.10
480.11
480.35
480.67
480.98
481.08
481.15
481.37
481.37
481.63
481.84
482.20
482.54
482.68
482.78
483.20
483.34
483.60
483.92
484.03
484.05
484.34
484.37
484.39
484.49
484.65
484.72
484.96
485.25
485.45
485.45
485.48
485.58
485.66
485.92
486.08
486.16
486.39
486.42
486.57
486.76
487.51
487.57
487.59
487.69
487.86
488.09
488.14
488.22
488.26
488.37
488.57
488.70
488.97
489.25
489.59
490.33
490.43
490.43
490.55
490.57
491.07
491.29
491.35
491.42
491.47
491.87
491.87
491.88
491.90
492.20
492.36
492.45
492.49
492.74
492.77
493.20
493.60
493.89
494.01
494.30
494.40
494.60
494.83
494.99
495.04
495.17
495.23
495.27
495.42
495.70
495.79
495.93
496.07
496.48
496.64
496.87
497.13
497.23
497.44
497.58
497.64
497.74
497.88
497.99
498.00
498.19
498.31
498.43
498.49
498.53
498.57
498.62
498.75
498.81
498.83
498.84
498.87
498.94
499.04
499.07
499.08
499.23
499.28
499.29
499.29
499.54
499.60
499.81
499.91
500.75
500.76
500.99
501.04
501.24
501.27
501.31
501.41
501.84
502.54
502.59
502.70
502.82
503.39
503.55
503.64
503.80
503.81
504.21
504.31
504.33
504.46
504.46
505.23
505.42
505.44
505.45
505.45
505.76
505.87
505.95
506.04
506.17
506.31
506.69
506.97
507.09
507.47
507.50
507.69
507.78
507.92
508.12
508.17
508.35
508.61
508.70
508.71
508.77
509.33
509.35
509.38
509.51
509.61
509.69
509.73
509.93
509.97
510.18
510.25
510.26
511.93
511.94
512.01
512.12
512.20
512.44
512.51
512.57
512.94
513.10
513.50
513.75
513.83
514.22
514.40
514.49
514.54
514.59
514.61
514.66
514.75
514.84
514.97
515.16
515.24
515.41
515.60
515.64
515.73
515.84
516.28
516.57
516.62
516.70
516.72
516.73
516.92
517.16
517.48
517.56
518.04
518.18
518.22
518.25
518.27
518.33
518.45
518.46
518.93
519.21
519.24
519.33
519.50
519.74
519.93
520.20
521.00
521.13
521.29
521.51
521.85
522.27
522.64
522.88
523.18
523.68
524.73
524.88
525.12
525.15
525.18
525.24
525.73
525.73
525.89
526.09
526.15
526.16
526.22
526.41
527.33
527.35
527.42
527.48
527.50
527.65
527.69
527.82
527.83
527.84
527.85
528.24
528.49
528.78
528.89
528.90
529.21
529.24
529.48
529.61
529.74
529.82
530.25
530.38
530.38
530.45
530.62
530.68
530.72
530.83
530.87
530.91
531.09
531.47
531.51
531.94
532.00
532.03
532.30
532.38
532.39
532.45
532.84
533.02
533.42
533.48
533.98
534.05
534.26
534.32
534.77
535.25
535.39
535.65
535.73
535.79
536.12
536.16
536.41
536.45
536.46
536.58
536.83
536.94
537.31
537.53
538.77
538.79
538.87
539.05
539.14
539.45
539.65
539.67
539.74
539.77
539.92
540.08
540.40
540.62
540.63
540.66
540.85
540.88
541.01
541.18
541.19
541.21
541.25
541.52
541.58
541.59
541.92
542.00
542.02
542.42
542.88
543.12
543.12
543.14
543.20
543.44
543.78
544.11
544.47
544.85
545.06
545.28
546.02
546.26
546.27
546.45
546.57
546.67
546.85
547.11
547.28
547.44
548.05
548.09
548.15
548.20
548.30
548.49
548.58
548.84
549.13
549.44
549.52
549.61
550.00
550.10
550.18
550.63
550.87
551.01
551.03
551.18
551.48
551.49
551.97
552.12
552.38
552.57
553.01
553.11
553.23
553.70
553.73
553.92
554.12
554.28
554.35
554.36
554.60
554.84
555.01
555.22
555.25
555.44
555.49
555.56
555.60
555.68
555.71
555.77
556.01
556.03
556.41
556.73
557.67
557.69
557.80
557.84
557.88
559.47
559.62
560.05
560.43
560.68
560.75
560.76
560.89
561.89
561.91
562.03
562.39
562.78
562.91
562.93
563.58
563.69
564.14
564.18
564.18
564.37
564.61
564.71
565.52
565.60
565.94
566.35
566.75
566.78
566.99
567.42
567.53
567.98
568.00
568.03
568.04
568.24
568.30
568.54
568.63
568.74
569.77
569.80
570.14
570.15
570.35
570.79
570.86
571.41
571.63
571.80
571.98
572.13
572.32
572.75
572.80
572.94
573.07
573.15
573.21
573.24
573.64
573.73
573.80
573.86
573.96
574.16
574.54
574.72
574.85
575.01
575.32
575.45
575.46
575.75
576.06
576.25
576.30
576.83
577.06
577.14
577.24
577.27
577.42
577.54
578.06
578.12
578.43
578.45
578.56
578.74
578.87
578.90
578.95
579.00
579.10
579.44
579.87
579.92
580.20
580.24
580.30
580.32
580.45
580.75
581.03
581.08
581.15
581.20
581.47
581.50
581.54
581.58
581.76
581.86
582.10
582.31
582.36
582.56
582.58
582.63
582.97
583.09
583.24
583.48
583.56
583.66
583.80
583.80
584.10
584.11
584.12
584.82
585.20
585.64
585.78
585.79
586.54
586.92
587.68
587.70
588.35
588.53
589.05
589.19
589.23
589.39
589.46
589.76
590.63
590.63
590.71
591.10
591.18
591.19
591.42
591.47
591.58
591.61
591.80
592.42
592.47
592.54
593.05
593.76
593.93
594.10
594.27
595.11
595.17
595.34
595.60
595.62
595.64
595.71
595.95
596.05
596.13
596.22
596.25
596.53
597.01
597.04
597.13
597.22
597.33
597.39
597.46
597.70
597.92
598.08
598.21
598.76
598.80
599.21
599.34
599.50
599.52
600.18
600.39
600.48
600.60
600.62
600.98
601.21
601.41
602.28
602.55
602.64
602.65
602.83
603.19
603.31
603.43
603.64
603.97
604.30
604.65
605.03
605.11
605.53
605.59
605.69
605.93
605.94
606.01
606.20
606.24
606.42
606.82
606.90
607.19
607.24
607.30
607.39
607.76
607.92
607.92
608.13
608.19
608.25
608.38
608.42
608.67
608.70
608.80
609.09
609.12
609.28
610.06
610.28
610.37
610.49
610.60
611.04
611.29
611.76
611.86
612.03
612.19
612.27
612.27
612.65
612.66
612.70
612.84
612.98
613.25
613.52
613.73
613.79
613.81
613.83
613.88
614.14
614.22
614.98
615.29
615.35
615.53
615.64
615.92
615.98
616.79
616.79
617.17
617.46
617.46
617.48
617.52
617.72
617.79
617.83
618.18
618.24
618.27
618.42
618.47
618.55
619.34
619.49
619.84
619.99
620.10
620.22
620.33
620.33
620.56
620.87
621.11
621.17
621.52
621.76
622.75
622.80
623.07
623.34
623.36
623.56
623.77
623.94
624.22
624.42
624.66
624.90
625.05
625.79
625.96
626.91
626.91
627.39
627.59
627.63
627.82
628.20
628.77
628.79
629.08
629.31
629.32
629.71
629.91
629.98
629.99
630.17
630.60
630.87
630.88
631.10
631.29
631.51
631.58
631.60
631.73
631.96
632.02
632.56
632.67
632.82
633.14
633.27
633.34
633.36
633.37
633.60
633.65
633.94
634.03
634.20
634.22
634.76
634.79
634.85
635.06
635.26
635.30
635.40
635.51
635.59
635.72
635.77
635.96
636.17
636.18
636.19
636.25
636.57
636.59
636.63
636.81
636.83
637.03
637.04
637.09
637.15
637.38
637.39
637.79
638.14
638.14
638.27
638.37
638.40
638.65
638.68
639.42
639.60
639.81
640.07
640.08
640.23
640.35
640.61
640.87
640.98
641.08
641.31
641.47
641.55
642.02
642.03
642.14
642.29
642.75
642.77
642.91
643.22
643.68
643.78
644.00
644.14
644.33
644.65
644.70
644.84
644.90
645.04
645.17
645.43
645.79
645.95
646.24
646.66
646.92
647.05
647.16
647.18
647.51
647.55
647.60
647.68
648.14
648.70
648.84
649.06
649.11
649.26
649.40
649.65
649.98
650.17
650.43
650.48
650.49
650.69
650.91
650.98
651.01
651.08
651.19
651.67
652.00
652.03
652.22
652.26
652.30
652.49
652.60
652.84
653.01
653.13
653.31
653.37
653.55
653.73
653.81
653.95
654.13
654.15
654.58
654.66
655.01
655.04
655.17
655.97
657.25
657.25
657.30
657.76
657.97
658.02
658.24
658.78
658.84
658.88
658.95
659.07
659.25
659.89
659.93
660.20
660.51
660.68
660.88
661.18
661.31
661.51
661.58
661.80
661.81
661.83
662.06
662.20
662.41
662.44
662.44
662.47
662.52
662.52
663.04
663.11
663.33
663.35
663.51
663.56
663.57
663.68
663.69
664.12
664.13
664.29
664.53
664.60
664.72
664.76
664.84
664.97
665.27
665.37
665.57
665.63
665.75
665.91
666.04
666.06
666.27
666.33
666.53
666.86
667.02
668.03
668.21
668.40
668.54
668.71
668.82
668.83
668.95
669.03
669.22
669.35
669.37
669.77
670.00
670.03
670.40
670.60
670.82
671.19
671.30
671.43
671.78
671.86
671.94
672.11
672.41
672.63
672.89
673.07
673.09
673.44
673.85
674.35
674.54
674.60
674.65
675.24
675.65
675.65
675.87
676.31
676.63
676.65
677.02
677.04
678.00
678.45
678.69
678.75
679.37
679.68
679.78
679.80
679.97
680.58
680.90
680.93
681.90
681.95
681.96
683.12
683.19
683.34
683.57
683.65
683.84
684.11
684.28
684.39
684.73
684.86
684.93
685.45
685.57
685.78
685.88
685.97
686.37
686.49
686.80
687.07
687.32
687.59
687.94
688.18
688.23
688.33
688.55
688.65
688.81
689.31
689.36
689.87
690.55
690.70
690.74
690.75
692.64
693.15
693.56
693.76
693.77
693.92
694.20
694.28
694.47
694.53
694.81
694.84
694.92
695.52
695.78
695.93
696.08
696.14
696.69
697.10
697.63
697.64
697.68
698.13
698.16
698.50
698.69
698.76
698.77
698.98
699.53
699.67
699.93
700.02
700.14
701.29
701.32
701.54
701.60
701.77
701.78
702.45
702.51
702.53
702.84
703.53
703.99
704.15
704.84
705.13
705.66
705.79
707.42
708.00
708.04
708.20
708.46
708.62
709.07
709.20
709.33
709.80
709.83
710.14
710.24
710.42
710.43
710.60
710.64
710.87
711.00
711.23
711.26
711.39
711.44
711.50
711.57
711.73
711.89
711.95
712.00
712.09
712.20
712.46
712.77
713.27
713.38
714.16
714.19
714.23
714.63
715.11
715.14
715.18
715.40
715.46
716.13
716.14
716.36
716.71
717.18
717.72
718.01
718.04
718.33
718.85
719.47
719.72
719.95
720.85
720.92
721.38
721.47
721.70
721.81
721.85
722.05
722.07
722.39
722.72
723.01
723.64
724.38
724.50
724.78
725.43
725.52
725.82
725.92
726.07
726.13
727.00
727.07
727.21
727.45
727.55
727.62
727.84
727.94
728.02
728.18
728.37
729.04
729.10
729.88
729.94
730.09
730.51
731.09
731.16
731.26
731.87
731.87
732.71
732.78
732.92
733.01
733.39
733.55
733.87
733.97
734.01
734.12
734.57
734.70
734.98
734.98
735.46
735.76
735.80
735.95
736.84
737.23
737.28
737.82
737.91
738.20
738.40
738.61
738.92
739.03
739.11
739.21
739.51
739.90
740.09
740.35
740.96
741.05
741.41
741.70
742.50
742.69
742.79
742.85
742.87
743.33
744.09
744.12
744.63
745.05
745.10
745.36
745.44
745.71
746.31
746.65
746.77
746.94
747.10
747.24
747.51
747.70
747.75
748.03
748.18
748.50
748.55
748.62
748.84
748.94
749.20
749.26
749.34
749.92
750.25
750.38
750.65
750.84
750.84
750.96
751.54
751.70
752.04
752.38
752.55
752.62
752.81
753.22
753.27
754.31
754.38
754.44
754.94
755.09
755.10
755.32
755.72
756.03
756.13
757.68
757.74
758.00
758.14
758.32
758.35
758.46
758.56
759.10
760.10
760.13
760.14
760.17
760.42
760.42
760.54
760.79
761.11
761.18
761.31
761.52
762.18
763.04
763.47
764.04
764.15
764.61
765.20
765.68
765.87
765.99
766.26
766.90
767.03
767.17
767.72
768.09
768.59
768.75
768.99
769.08
769.10
769.49
770.10
770.24
770.52
770.78
770.82
770.89
771.24
771.93
772.73
773.17
773.19
773.31
773.45
773.86
774.29
774.31
774.73
775.11
775.14
775.32
775.44
775.58
775.95
776.21
776.31
776.32
776.44
776.45
776.71
776.79
776.97
777.18
777.50
777.56
777.79
778.39
778.85
778.89
779.13
779.77
779.87
780.34
780.51
781.47
781.48
781.54
781.82
782.37
782.43
782.47
782.47
782.51
782.81
783.90
784.47
784.50
785.10
785.17
786.44
786.46
786.52
786.52
786.68
786.97
787.14
787.23
787.37
787.44
787.45
787.63
787.86
788.86
789.04
790.01
790.31
790.47
790.71
790.77
790.87
791.47
791.51
792.44
792.51
792.74
792.93
792.94
793.16
793.59
793.80
793.90
793.94
794.32
794.65
794.68
794.93
795.36
795.47
796.20
796.44
796.60
796.99
797.15
797.46
797.64
797.68
797.73
798.05
798.11
798.22
798.50
798.78
798.83
799.71
799.91
799.96
800.07
800.17
800.31
800.40
800.85
800.88
801.06
801.70
801.70
802.30
802.33
802.46
802.78
802.90
802.96
803.20
803.29
803.49
803.93
803.96
803.96
803.97
804.29
804.85
805.24
806.07
806.17
806.38
806.46
806.66
806.90
807.04
807.19
807.36
807.64
807.71
807.81
808.19
808.22
808.37
808.41
808.86
809.15
809.41
809.91
810.14
810.18
810.32
810.45
810.76
810.98
811.00
811.45
811.89
812.39
812.48
812.61
812.84
813.24
813.69
813.72
813.77
814.08
814.15
814.30
814.61
814.80
815.19
815.60
816.42
816.66
816.92
817.75
817.99
818.33
818.71
818.84
819.20
819.42
819.51
819.77
820.10
820.40
820.86
820.96
821.27
821.36
821.66
821.68
821.71
821.96
822.03
822.06
822.20
822.33
822.69
822.77
822.91
823.04
823.14
824.04
824.22
824.54
824.62
824.67
825.03
825.03
825.07
825.31
825.78
825.87
826.60
827.37
827.88
828.11
828.42
828.88
829.12
829.38
829.91
830.19
830.29
830.81
831.03
831.04
831.06
831.50
831.89
832.69
833.64
833.95
834.61
834.77
834.98
835.05
835.08
835.16
835.45
835.49
835.71
835.81
835.89
835.99
836.01
836.02
836.11
836.16
836.60
837.09
837.16
837.23
837.31
837.33
837.47
837.59
837.96
838.01
838.11
838.53
838.67
838.86
839.19
839.51
840.11
840.28
840.60
840.89
841.40
842.01
842.31
842.36
842.75
842.81
842.95
843.01
843.14
843.41
843.66
843.79
845.32
846.08
846.29
846.35
846.42
846.50
846.83
846.89
846.90
847.05
847.05
847.47
847.84
848.10
848.78
848.87
849.14
849.34
849.49
849.84
849.88
850.08
850.29
850.43
851.10
852.08
852.83
853.03
853.77
853.90
854.17
854.64
854.92
855.11
855.71
855.80
856.31
856.31
856.41
856.93
857.20
857.61
857.89
857.96
858.11
858.28
858.58
858.65
859.00
859.03
859.31
859.61
859.74
859.88
860.22
860.22
860.30
861.20
861.23
861.80
861.92
862.18
862.72
862.78
862.84
862.89
863.24
863.60
863.65
863.93
864.12
864.59
864.69
864.76
864.87
865.21
866.19
866.44
866.48
866.49
866.69
867.05
867.10
867.86
868.24
868.79
869.19
870.10
870.33
870.60
871.73
871.83
872.34
872.60
872.77
873.37
873.57
873.67
873.76
874.33
874.70
874.76
874.94
874.96
875.08
875.19
875.39
876.53
876.67
876.74
877.68
878.25
878.53
878.75
879.06
879.48
879.55
879.71
879.88
880.05
880.12
880.22
880.25
880.61
880.75
881.60
881.78
881.78
881.93
882.22
883.06
883.11
883.18
883.28
883.79
883.99
884.39
884.56
885.28
885.30
885.65
886.04
886.41
886.86
886.92
887.01
887.10
887.22
887.23
887.28
887.32
887.70
888.08
888.54
888.75
888.98
889.46
889.60
889.72
890.30
890.58
890.65
890.72
890.88
891.18
891.25
891.31
891.76
892.08
892.18
892.36
892.55
892.73
893.13
893.91
894.08
894.44
894.65
894.82
894.84
894.98
895.01
896.11
896.53
896.68
896.92
897.17
897.76
898.65
898.74
899.33
899.50
899.60
899.68
900.15
900.16
900.86
900.91
900.99
901.48
901.98
902.28
902.34
902.90
903.38
904.03
905.59
905.61
906.00
906.06
906.16
906.34
906.40
906.88
907.22
907.22
908.12
908.90
908.93
909.54
909.57
909.60
910.13
910.93
911.16
911.56
911.61
911.94
912.05
912.10
913.08
913.22
913.74
915.13
915.25
915.26
915.31
915.55
915.77
915.77
916.41
916.48
916.66
917.08
917.26
918.34
918.45
918.70
918.75
918.79
919.78
919.94
920.00
920.68
920.71
920.86
920.92
920.99
921.05
921.18
921.23
921.37
921.39
922.04
922.22
922.36
922.48
922.86
923.27
923.32
923.47
923.58
923.60
924.34
924.50
924.90
925.02
925.29
926.29
926.50
926.60
927.59
928.24
928.35
928.49
929.17
929.61
930.30
930.43
931.29
931.91
931.95
932.44
933.09
933.24
934.04
934.44
935.06
935.07
935.30
935.36
935.80
936.91
937.33
937.85
938.65
939.42
939.57
940.01
940.25
940.25
940.60
940.63
941.07
941.59
941.69
941.76
942.35
942.44
942.66
942.79
942.81
943.01
943.27
943.31
943.34
943.69
943.90
944.76
945.17
945.23
945.41
945.56
945.82
946.05
946.29
946.58
946.68
946.77
946.92
948.12
950.24
950.49
950.56
951.01
951.16
951.49
951.59
951.70
952.38
952.52
952.54
952.56
952.62
953.04
953.77
954.06
954.11
954.27
954.89
955.24
955.51
956.19
956.24
956.33
956.59
956.85
957.14
957.29
959.27
959.62
961.55
961.86
962.63
962.87
963.28
964.01
964.44
964.85
965.38
965.58
965.83
966.49
967.50
967.62
967.71
968.00
968.40
968.44
968.60
968.81
968.95
969.46
969.51
970.73
970.82
971.40
971.57
971.57
971.63
972.72
972.78
973.28
973.44
973.75
974.59
974.64
974.72
974.82
975.26
975.42
976.07
976.27
976.36
976.70
977.08
977.10
977.82
977.95
978.52
978.66
979.01
979.17
979.74
980.40
980.64
980.81
981.55
981.80
981.82
981.97
982.11
982.35
982.54
982.91
982.91
983.01
983.48
983.54
983.55
983.92
984.00
984.64
984.97
986.02
986.04
986.11
986.42
986.45
987.18
987.25
987.25
987.47
987.63
987.67
988.33
988.35
988.71
989.17
989.79
990.45
990.85
991.27
991.48
991.92
992.56
992.65
992.84
993.04
994.39
994.75
994.77
994.83
994.96
995.78
996.01
996.37
996.38
996.59
996.77
998.22
998.34
998.38
998.91
998.92
1000.05
1000.12
1000.16
1000.23
1000.45
1000.77
1001.21
1001.23
1001.58
1002.86
1003.44
1003.61
1003.93
1004.25
1004.30
1004.88
1005.18
1005.63
1006.72
1006.94
1007.05
1007.81
1008.29
1008.36
1008.43
1009.12
1009.22
1009.43
1009.60
1009.95
1010.02
1010.38
1010.83
1010.87
1011.12
1011.19
1011.34
1012.49
1012.76
1013.53
1014.80
1014.97
1015.29
1015.59
1016.21
1017.66
1018.39
1020.21
1020.81
1021.08
1021.25
1022.25
1024.02
1024.27
1024.37
1024.42
1024.81
1025.16
1025.17
1025.62
1027.05
1027.14
1027.23
1027.65
1027.83
1028.07
1028.20
1028.28
1028.92
1029.50
1029.58
1029.86
1030.05
1030.22
1030.37
1030.45
1030.50
1030.91
1032.22
1032.26
1032.61
1033.52
1033.55
1033.70
1033.77
1034.25
1034.48
1034.91
1035.23
1035.40
1035.57
1035.59
1035.84
1036.27
1036.33
1036.70
1037.63
1037.79
1038.17
1038.62
1038.72
1038.90
1039.40
1039.45
1039.79
1040.08
1040.35
1041.06
1041.16
1041.24
1042.17
1043.10
1043.22
1043.37
1043.69
1043.99
1044.44
1045.00
1045.54
1045.64
1045.74
1045.86
1046.14
1046.75
1046.86
1047.09
1047.34
1047.47
1047.60
1047.93
1048.38
1048.61
1049.56
1050.27
1050.46
1050.81
1050.86
1050.92
1051.09
1051.14
1051.99
1052.42
1052.87
1052.97
1053.14
1053.39
1053.67
1053.80
1054.21
1054.38
1054.43
1054.62
1055.27
1056.12
1056.27
1056.93
1057.15
1057.40
1057.55
1057.71
1058.58
1059.00
1059.54
1059.54
1059.76
1060.25
1060.57
1060.86
1061.67
1061.80
1062.32
1062.44
1063.16
1064.36
1064.42
1064.85
1065.16
1066.04
1066.08
1067.42
1067.95
1068.40
1068.45
1068.60
1068.65
1068.66
1068.70
1068.96
1070.43
1071.00
1071.05
1071.13
1071.24
1071.83
1071.88
1072.17
1072.61
1072.83
1072.85
1072.89
1072.94
1073.98
1074.01
1074.15
1074.27
1074.29
1074.33
1074.34
1074.58
1075.26
1075.57
1075.75
1076.47
1076.96
1077.00
1077.80
1077.84
1078.67
1078.89
1078.93
1078.97
1079.10
1080.96
1081.20
1081.49
1081.53
1081.60
1081.69
1081.72
1082.27
1082.87
1085.93
1086.50
1086.75
1086.80
1087.48
1087.64
1087.87
1088.25
1088.86
1088.88
1089.16
1090.49
1090.67
1090.68
1091.33
1091.55
1091.56
1091.56
1091.67
1091.92
1092.45
1093.09
1094.40
1096.11
1096.62
1096.65
1097.21
1097.58
1097.63
1097.67
1097.95
1097.97
1098.72
1098.93
1099.16
1099.60
1099.66
1100.21
1100.35
1100.80
1100.81
1101.09
1101.37
1101.54
1101.75
1102.06
1102.40
1103.54
1103.63
1104.38
1104.38
1104.51
1105.72
1105.88
1105.91
1106.49
1106.93
1107.02
1107.17
1108.06
1108.95
1108.98
1109.16
1110.08
1110.92
1111.49
1113.37
1114.03
1114.10
1115.04
1115.46
1115.80
1115.92
1116.04
1116.58
1117.05
1117.13
1117.19
1117.39
1117.60
1117.83
1118.15
1118.27
1119.18
1120.32
1121.05
1121.07
1121.32
1121.37
1121.44
1121.77
1122.00
1123.40
1123.50
1123.95
1124.35
1124.65
1124.81
1124.94
1125.10
1125.37
1125.55
1127.01
1127.25
1127.77
1127.81
1129.53
1130.03
1130.13
1130.62
1131.12
1131.91
1132.02
1132.74
1133.27
1134.34
1134.73
1135.10
1135.15
1135.29
1135.67
1135.72
1135.91
1136.17
1137.27
1138.39
1138.79
1139.31
1139.83
1139.90
1140.09
1141.09
1141.62
1141.68
1142.19
1143.37
1143.40
1143.96
1144.53
1144.86
1145.47
1145.48
1146.10
1146.42
1146.69
1147.28
1147.51
1147.63
1147.79
1147.99
1148.10
1148.72
1148.77
1148.98
1149.60
1149.86
1150.34
1150.65
1151.62
1151.92
1152.40
1152.69
1153.03
1153.06
1153.06
1156.96
1157.01
1157.18
1157.38
1158.70
1158.79
1159.18
1159.48
1160.34
1160.36
1160.44
1160.57
1161.28
1161.91
1162.67
1162.81
1163.05
1163.09
1163.76
1163.87
1163.96
1165.28
1165.42
1166.40
1166.74
1167.55
1167.77
1167.89
1168.44
1169.60
1169.64
1169.74
1171.80
1171.85
1171.92
1172.59
1172.86
1173.44
1173.67
1174.43
1174.46
1174.47
1174.74
1175.28
1175.54
1175.98
1176.47
1176.57
1176.77
1176.86
1177.00
1177.20
1177.92
1178.02
1178.07
1178.08
1178.17
1178.25
1178.39
1178.54
1178.57
1180.04
1180.05
1180.52
1180.98
1181.02
1181.54
1181.54
1182.00
1182.04
1182.11
1182.17
1182.71
1183.22
1183.22
1183.68
1183.77
1184.42
1184.44
1184.97
1185.03
1185.47
1185.98
1186.37
1188.18
1188.42
1188.45
1188.54
1189.16
1189.90
1190.67
1190.68
1190.82
1191.83
1192.16
1192.45
1192.96
1194.01
1194.28
1194.89
1195.64
1195.91
1196.18
1196.47
1196.58
1197.81
1198.02
1198.82
1199.59
1199.76
1200.25
1201.34
1201.40
1201.54
1201.69
1201.89
1202.18
1202.46
1202.49
1202.77
1203.76
1204.23
1205.25
1205.84
1207.08
1207.18
1207.49
1207.91
1208.27
1209.25
1210.03
1210.14
1210.61
1210.84
1210.86
1210.92
1210.96
1211.07
1211.77
1211.85
1211.93
1212.06
1212.13
1212.46
1212.76
1214.58
1214.60
1214.82
1214.90
1216.07
1217.78
1217.94
1218.85
1219.07
1220.71
1221.19
1222.49
1222.82
1222.93
1223.00
1223.18
1223.94
1224.08
1224.35
1224.59
1224.71
1225.35
1225.62
1225.73
1225.79
1226.43
1226.84
1228.27
1228.58
1228.83
1229.51
1229.56
1229.66
1230.84
1230.88
1231.24
1232.87
1233.02
1233.52
1233.64
1233.76
1233.90
1234.35
1235.26
1237.02
1237.12
1237.56
1238.27
1238.74
1239.31
1239.45
1239.92
1240.35
1240.44
1241.19
1241.25
1242.59
1242.74
1243.30
1243.51
1243.52
1243.67
1244.78
1245.05
1245.15
1245.31
1245.38
1246.00
1246.25
1247.44
1247.53
1248.80
1248.95
1249.02
1249.09
1250.02
1250.86
1250.90
1251.43
1251.89
1252.54
1253.19
1253.91
1254.37
1254.41
1255.18
1255.31
1255.69
1255.70
1256.38
1256.56
1258.12
1259.62
1261.76
1262.36
1264.37
1264.48
1265.89
1265.96
1266.00
1266.58
1266.77
1266.96
1267.14
1267.78
1267.96
1268.59
1270.41
1270.83
1271.56
1272.04
1272.06
1272.06
1273.16
1273.27
1273.28
1273.65
1273.72
1273.90
1274.04
1274.04
1274.09
1274.15
1275.39
1275.57
1276.09
1276.45
1277.30
1277.56
1277.70
1278.69
1279.16
1279.45
1281.07
1281.75
1282.43
1282.67
1284.64
1286.26
1286.39
1286.70
1286.85
1287.82
1288.26
1288.28
1289.11
1290.65
1291.42
1291.43
1291.62
1291.82
1292.13
1292.41
1293.20
1293.44
1293.62
1293.95
1295.01
1295.17
1296.06
1296.24
1296.82
1297.06
1297.49
1297.59
1300.35
1300.46
1301.15
1301.16
1302.25
1302.67
1304.60
1305.03
1305.87
1306.79
1307.20
1307.24
1307.46
1307.56
1308.16
1308.69
1309.33
1309.98
1310.02
1310.15
1311.25
1311.35
1312.18
1312.39
1312.87
1313.04
1313.43
1313.91
1314.19
1314.54
1314.98
1315.02
1315.12
1315.46
1315.84
1316.40
1317.81
1317.87
1320.15
1320.29
1320.47
1320.62
1320.82
1320.88
1321.29
1322.01
1322.38
1322.74
1322.78
1322.92
1323.66
1324.21
1324.84
1324.97
1325.75
1325.99
1326.41
1326.61
1327.08
1327.25
1327.46
1328.09
1328.16
1328.65
1328.92
1329.18
1329.55
1329.61
1330.76
1331.48
1331.80
1331.81
1331.81
1331.87
1332.05
1332.68
1332.75
1332.77
1332.80
1334.02
1334.56
1335.23
1336.19
1336.90
1337.42
1338.30
1338.32
1339.89
1340.92
1342.61
1343.01
1343.81
1344.54
1344.61
1345.73
1346.57
1346.83
1347.22
1347.29
1347.32
1347.37
1347.79
1348.65
1348.93
1348.99
1349.22
1349.51
1349.89
1351.12
1351.24
1351.82
1352.13
1352.61
1352.65
1354.28
1354.37
1354.95
1355.23
1356.02
1356.73
1357.73
1358.15
1358.59
1358.76
1358.87
1359.05
1359.30
1360.62
1361.30
1361.66
1361.77
1362.97
1363.54
1363.76
1363.82
1364.47
1366.54
1368.75
1369.26
1370.60
1371.07
1371.15
1371.38
1371.53
1371.61
1371.61
1372.19
1372.33
1372.79
1373.03
1373.12
1373.21
1373.36
1374.44
1374.47
1374.61
1374.64
1375.11
1376.39
1376.48
1377.63
1377.93
1378.17
1378.96
1379.47
1379.84
1380.75
1380.85
1380.90
1381.60
1382.23
1382.77
1383.97
1384.00
1384.07
1384.28
1384.76
1386.96
1386.98
1387.28
1387.52
1387.55
1387.65
1388.10
1389.04
1389.70
1390.34
1390.92
1392.11
1392.15
1392.30
1392.62
1392.78
1393.30
1393.39
1394.08
1394.40
1395.14
1395.36
1395.83
1396.39
1397.78
1397.84
1397.98
1398.58
1399.57
1399.61
1399.67
1400.14
1401.07
1401.34
1401.60
1402.72
1403.45
1404.15
1404.97
1405.01
1405.47
1405.70
1406.64
1407.20
1407.37
1408.01
1408.01
1408.16
1408.91
1409.37
1409.58
1411.55
1411.78
1411.99
1412.13
1412.19
1412.73
1413.20
1416.23
1416.75
1417.50
1419.45
1421.20
1421.36
1421.82
1422.50
1423.16
1423.31
1423.99
1424.96
1425.99
1427.06
1430.15
1430.15
1430.57
1431.13
1431.58
1431.58
1432.30
1433.59
1433.71
1434.01
1434.85
1435.38
1435.98
1436.43
1436.70
1436.76
1437.92
1438.00
1438.58
1438.81
1439.20
1439.29
1439.84
1440.84
1440.93
1441.52
1441.57
1442.01
1442.07
1442.55
1443.74
1445.13
1445.82
1445.85
1446.79
1447.16
1447.31
1447.35
1447.76
1448.10
1451.18
1451.98
1452.73
1453.14
1454.27
1455.71
1455.94
1457.16
1457.38
1457.84
1458.62
1458.78
1459.38
1459.68
1459.98
1460.91
1463.32
1464.24
1464.84
1465.65
1465.76
1467.63
1467.73
1467.84
1467.95
1468.01
1469.94
1470.08
1470.24
1471.27
1471.48
1471.54
1472.37
1472.40
1473.17
1473.18
1473.31
1473.39
1474.08
1474.24
1474.51
1474.52
1475.58
1475.82
1476.90
1477.86
1481.10
1482.12
1482.57
1482.65
1483.05
1483.20
1483.65
1483.98
1487.73
1488.42
1488.49
1488.87
1489.23
1490.92
1490.95
1491.79
1492.03
1492.53
1492.99
1493.21
1493.28
1493.29
1493.55
1494.17
1494.17
1496.58
1496.64
1496.75
1496.85
1496.95
1497.14
1497.24
1497.69
1497.79
1498.16
1498.41
1498.60
1498.76
1499.04
1499.85
1500.01
1500.26
1500.84
1501.00
1502.40
1502.50
1503.46
1503.47
1503.57
1505.35
1505.93
1507.25
1507.77
1508.85
1509.16
1510.03
1510.48
1510.91
1511.35
1511.35
1511.63
1512.30
1513.76
1513.90
1514.02
1514.36
1514.38
1514.81
1514.95
1515.67
1516.43
1516.76
1516.81
1517.30
1517.55
1517.96
1518.09
1518.17
1519.30
1519.45
1520.72
1521.69
1521.85
1522.64
1522.68
1522.81
1523.17
1523.47
1523.52
1523.65
1524.03
1524.62
1525.51
1525.79
1526.27
1526.40
1526.54
1526.88
1527.86
1529.00
1529.66
1531.05
1532.91
1533.42
1533.97
1534.04
1534.73
1535.38
1535.75
1536.26
1536.30
1536.93
1538.11
1538.39
1540.47
1540.76
1541.87
1542.39
1542.64
1542.74
1543.21
1543.71
1544.18
1544.30
1545.88
1545.93
1546.94
1547.12
1547.72
1548.78
1548.83
1549.67
1549.82
1549.94
1551.16
1551.45
1551.50
1551.56
1551.70
1553.21
1553.45
1553.58
1553.70
1555.55
1555.99
1556.42
1556.83
1557.05
1557.38
1557.50
1557.77
1559.39
1560.15
1560.84
1561.65
1561.69
1564.73
1565.32
1565.36
1566.04
1566.15
1566.31
1566.32
1568.05
1568.39
1568.85
1569.07
1569.16
1570.02
1570.65
1571.30
1574.50
1575.01
1576.97
1577.19
1577.22
1577.80
1579.50
1580.25
1580.86
1582.06
1582.76
1583.31
1585.59
1585.97
1587.27
1587.27
1588.65
1589.37
1589.82
1589.87
1590.13
1590.42
1591.16
1593.81
1593.86
1593.88
1594.55
1598.44
1599.76
1599.86
1601.11
1601.56
1602.75
1603.05
1604.97
1605.88
1607.29
1609.44
1609.58
1610.12
1610.33
1611.38
1611.41
1611.66
1611.97
1613.42
1613.59
1613.70
1614.54
1615.50
1615.66
1617.33
1617.67
1621.24
1621.84
1621.94
1622.93
1624.17
1624.21
1625.37
1625.49
1625.63
1627.04
1627.85
1628.38
1629.58
1629.65
1630.62
1630.83
1630.85
1631.57
1631.61
1631.80
1631.99
1632.72
1633.60
1633.83
1633.94
1635.64
1635.65
1637.64
1637.71
1637.85
1638.56
1638.68
1639.41
1640.92
1641.17
1641.18
1642.52
1643.80
1644.28
1645.75
1645.84
1645.86
1646.16
1646.48
1646.48
1647.38
1648.32
1649.07
1649.87
1650.59
1650.73
1651.02
1651.75
1652.82
1652.98
1654.32
1654.90
1657.21
1657.93
1658.00
1658.16
1659.29
1659.67
1660.60
1662.29
1662.34
1662.90
1663.08
1665.46
1665.60
1666.31
1669.14
1669.21
1669.99
1670.39
1670.95
1670.98
1671.05
1672.05
1672.05
1672.61
1674.37
1674.58
1675.44
1676.72
1676.87
1677.38
1677.61
1677.69
1679.25
1680.12
1681.03
1681.68
1682.30
1683.47
1683.49
1684.41
1685.22
1685.49
1686.84
1687.42
1687.70
1687.88
1691.76
1693.13
1693.50
1693.70
1693.77
1694.34
1695.02
1695.39
1695.55
1696.84
1696.98
1697.51
1697.70
1698.07
1698.65
1699.52
1699.54
1700.25
1700.99
1701.74
1703.55
1707.52
1708.31
1708.53
1709.83
1709.88
1710.49
1711.46
1712.38
1713.88
1714.05
1714.42
1716.19
1716.87
1719.75
1719.87
1721.21
1722.92
1723.39
1726.00
1726.48
1726.48
1727.19
1727.46
1727.81
1727.83
1730.39
1732.00
1733.24
1733.24
1734.12
1734.50
1736.04
1736.32
1736.62
1737.17
1737.54
1737.62
1737.86
1740.82
1740.83
1741.00
1741.68
1741.85
1743.15
1744.19
1744.25
1744.45
1745.42
1746.72
1748.03
1748.97
1749.43
1750.20
1750.22
1750.49
1751.11
1752.21
1753.06
1753.10
1753.63
1753.84
1753.99
1755.11
1756.06
1757.37
1758.88
1759.56
1759.94
1760.11
1761.56
1761.66
1762.23
1762.23
1763.26
1764.92
1766.56
1766.95
1767.21
1767.98
1768.46
1770.14
1770.39
1770.54
1770.60
1772.96
1775.07
1776.13
1777.30
1777.32
1777.84
1779.17
1779.74
1779.84
1783.17
1784.64
1785.49
1785.90
1788.12
1789.46
1789.82
1790.75
1790.85
1791.55
1792.77
1792.94
1793.16
1793.68
1795.27
1796.46
1797.37
1798.70
1798.97
1799.61
1800.10
1800.86
1801.91
1803.63
1804.29
1804.84
1807.01
1807.47
1809.18
1809.27
1810.98
1811.33
1812.17
1813.57
1814.57
1815.83
1816.18
1816.97
1817.50
1817.63
1818.99
1819.11
1819.23
1820.96
1821.22
1821.77
1821.95
1822.56
1822.89
1823.82
1823.84
1823.90
1824.12
1825.54
1825.91
1826.27
1826.74
1826.74
1826.96
1827.00
1827.24
1827.28
1827.45
1827.55
1828.50
1829.69
1830.16
1832.05
1832.17
1832.44
1832.88
1833.75
1834.23
1836.00
1838.06
1838.32
1838.86
1838.88
1839.61
1839.81
1839.81
1841.43
1842.00
1842.72
1842.78
1842.90
1843.50
1844.20
1846.51
1846.75
1846.75
1847.79
1848.03
1848.57
1848.83
1849.75
1850.69
1851.22
1852.02
1853.40
1853.64
1856.33
1856.85
1857.17
1857.98
1859.14
1859.99
1863.47
1864.12
1864.12
1867.01
1867.29
1869.61
1871.27
1875.43
1875.73
1875.96
1877.91
1878.49
1879.53
1884.01
1884.74
1885.11
1885.40
1887.68
1888.66
1888.83
1889.07
1890.26
1891.51
1893.17
1894.48
1895.09
1895.67
1898.05
1898.93
1899.30
1899.46
1900.78
1902.32
1905.17
1905.99
1906.28
1906.94
1908.65
1909.00
1910.62
1911.09
1913.16
1913.86
1914.22
1914.28
1916.06
1916.62
1916.97
1916.99
1919.48
1919.86
1920.21
1921.77
1921.79
1924.00
1924.12
1925.22
1925.47
1925.97
1926.33
1927.98
1929.06
1930.04
1930.36
1930.69
1933.09
1933.62
1934.01
1934.43
1935.54
1935.81
1935.90
1937.24
1938.87
1941.60
1941.79
1941.94
1945.87
1945.96
1946.78
1947.64
1949.58
1951.08
1952.20
1953.02
1953.21
1956.39
1956.39
1957.28
1958.57
1960.24
1960.99
1961.66
1961.98
1962.17
1962.70
1965.64
1967.77
1968.47
1970.19
1970.71
1971.58
1972.41
1972.71
1973.44
1973.69
1974.57
1975.74
1975.94
1977.80
1977.90
1979.04
1980.97
1981.25
1982.00
1982.55
1982.77
1983.20
1983.82
1983.82
1987.49
1989.26
1990.87
1992.17
1993.24
1993.59
1995.23
1995.47
1995.85
1996.61
1997.11
1997.63
1998.90
2000.16
2003.86
2004.03
2005.25
2006.77
2008.09
2009.16
2010.16
2010.29
2010.68
2012.05
2012.90
2013.62
2014.80
2014.91
2015.34
2015.71
2016.56
2017.33
2018.37
2019.20
2021.94
2023.95
2024.59
2025.02
2026.47
2026.49
2027.92
2028.27
2028.36
2029.92
2029.92
2032.16
2032.25
2033.54
2034.64
2035.83
2037.02
2037.51
2037.62
2038.52
2040.38
2040.46
2042.05
2042.81
2046.23
2047.52
2048.56
2050.07
2051.84
2052.35
2053.29
2053.60
2053.64
2053.66
2054.49
2054.64
2055.64
2056.78
2062.55
2062.86
2062.88
2063.49
2064.40
2068.36
2068.65
2069.57
2070.35
2070.60
2070.98
2073.63
2074.19
2074.32
2074.99
2075.38
2076.12
2076.59
2078.12
2078.57
2081.04
2081.34
2081.49
2083.00
2083.16
2084.13
2084.51
2085.17
2086.00
2086.16
2087.76
2089.23
2090.50
2091.45
2091.97
2092.88
2095.80
2095.84
2096.55
2103.45
2104.05
2105.07
2107.76
2109.24
2110.57
2111.98
2112.53
2113.10
2116.35
2118.09
2119.47
2119.56
2120.02
2120.71
2123.32
2124.17
2125.35
2125.44
2127.51
2128.55
2129.56
2131.77
2132.81
2133.73
2133.80
2136.51
2137.25
2137.34
2137.36
2137.78
2138.38
2141.78
2143.68
2146.47
2147.19
2149.24
2150.26
2150.63
2150.84
2152.10
2152.26
2153.38
2153.54
2154.47
2156.99
2157.32
2157.93
2158.86
2160.54
2162.04
2162.72
2165.22
2165.67
2167.26
2167.71
2167.99
2169.40
2176.83
2177.09
2177.44
2177.79
2178.03
2178.38
2178.85
2181.26
2181.71
2181.71
2181.76
2182.28
2184.92
2185.47
2187.00
2188.09
2192.05
2193.71
2196.25
2196.51
2201.41
2203.51
2204.27
2204.49
2206.59
2207.57
2212.01
2213.16
2214.27
2215.61
2217.00
2217.98
2219.13
2220.07
2221.49
2222.33
2222.95
2223.89
2223.94
2225.07
2225.75
2227.14
2227.60
2227.65
2230.57
2230.74
2231.36
2234.31
2234.72
2235.06
2235.45
2235.96
2236.20
2236.30
2236.88
2238.93
2239.08
2239.49
2240.92
2243.83
2244.88
2246.46
2247.50
2250.18
2250.79
2253.78
2254.96
2255.22
2257.54
2259.18
2259.30
2262.19
2262.68
2263.19
2265.30
2265.59
2266.38
2268.78
2269.13
2269.37
2270.35
2270.99
2271.17
2273.87
2275.05
2275.20
2276.58
2278.85
2279.04
2281.81
2281.93
2284.40
2285.66
2285.81
2286.45
2287.81
2288.83
2291.50
2294.38
2297.54
2305.08
2306.08
2310.48
2310.70
2311.53
2311.68
2311.68
2312.40
2312.75
2314.08
2316.18
2316.98
2318.74
2319.22
2319.82
2320.47
2323.06
2325.55
2326.28
2326.61
2330.84
2331.97
2335.00
2337.00
2337.58
2337.61
2338.06
2338.19
2338.64
2341.18
2344.09
2345.46
2347.36
2347.52
2347.87
2348.10
2348.97
2351.69
2351.84
2353.70
2355.20
2356.70
2359.38
2360.99
2361.63
2363.11
2363.37
2364.62
2365.34
2368.26
2368.57
2369.49
2369.80
2371.77
2371.87
2371.93
2375.44
2376.39
2378.12
2379.82
2381.31
2381.39
2387.86
2389.70
2390.32
2392.44
2393.92
2393.94
2394.10
2395.99
2397.37
2397.81
2398.43
2400.04
2400.38
2400.66
2402.35
2403.21
2407.40
2407.84
2408.13
2412.38
2413.14
2413.48
2413.66
2414.89
2415.20
2415.33
2415.62
2419.75
2419.96
2421.82
2424.15
2424.42
2425.02
2425.36
2426.07
2426.59
2426.86
2428.83
2430.67
2431.17
2432.43
2432.80
2432.96
2433.25
2433.72
2435.35
2435.93
2439.70
2439.78
2441.55
2443.46
2443.88
2443.93
2446.76
2447.32
2448.59
2449.44
2451.56
2452.14
2452.91
2454.93
2456.44
2456.71
2457.32
2459.80
2461.29
2461.31
2463.52
2463.66
2464.62
2465.44
2466.40
2468.22
2470.01
2470.12
2471.45
2474.18
2477.21
2481.55
2482.39
2483.92
2484.08
2485.29
2485.72
2486.04
2486.20
2486.90
2487.79
2489.78
2490.24
2494.31
2496.93
2497.77
2498.31
2499.53
2499.64
2500.94
2503.29
2505.30
2507.09
2509.17
2510.02
2510.75
2511.73
2511.89
2512.87
2516.73
2517.82
2519.19
2519.76
2520.47
2521.31
2525.16
2525.74
2526.86
2527.65
2528.36
2535.54
2535.79
2537.21
2540.01
2541.50
2541.66
2541.72
2541.88
2542.05
2544.99
2547.56
2548.69
2550.89
2552.19
2552.80
2553.52
2553.57
2555.06
2555.45
2556.53
2562.21
2562.46
2562.84
2564.92
2565.04
2566.03
2566.98
2567.92
2571.32
2572.04
2573.49
2573.60
2576.16
2576.91
2581.46
2583.47
2585.77
2586.47
2586.97
2589.52
2590.22
2590.61
2595.16
2596.36
2597.54
2597.80
2601.17
2601.82
2602.27
2603.20
2603.40
2604.16
2604.52
2607.17
2607.48
2607.71
2610.48
2610.84
2612.79
2612.88
2612.91
2614.15
2614.55
2617.83
2618.43
2618.99
2620.41
2622.08
2624.18
2629.47
2629.84
2630.64
2633.51
2635.42
2636.79
2644.25
2645.11
2648.11
2648.63
2650.21
2650.75
2654.31
2657.64
2658.45
2659.11
2660.75
2662.02
2664.09
2664.35
2666.20
2668.42
2669.26
2671.25
2671.80
2672.78
2673.68
2674.86
2675.50
2675.53
2680.95
2681.53
2682.17
2682.69
2685.97
2686.00
2687.37
2687.54
2688.39
2689.96
2690.71
2691.24
2692.84
2697.94
2698.79
2699.84
2701.65
2703.90
2705.16
2707.68
2708.21
2708.68
2709.47
2709.85
2710.11
2710.41
2710.58
2711.67
2713.02
2713.81
2715.57
2716.13
2716.87
2717.78
2717.81
2717.95
2726.67
2728.18
2728.62
2728.65
2729.24
2729.65
2732.14
2732.25
2733.76
2733.88
2734.53
2734.77
2735.45
2735.86
2736.75
2737.02
2738.53
2739.51
2740.04
2740.43
2742.92
2743.24
2744.34
2745.59
2745.59
2748.00
2749.43
2750.94
2753.53
2754.25
2754.99
2756.81
2756.87
2757.32
2759.89
2760.33
2761.41
2764.13
2764.43
2767.87
2768.02
2769.52
2770.24
2770.66
2770.84
2771.02
2771.32
2773.15
2773.66
2775.73
2776.78
2777.83
2778.19
2778.85
2780.93
2780.93
2781.80
2782.89
2784.90
2786.23
2789.46
2789.88
2790.48
2793.84
2798.04
2799.68
2800.01
2800.07
2800.86
2805.83
2806.32
2808.32
2811.03
2811.39
2812.46
2813.68
2815.14
2817.61
2818.06
2819.04
2819.50
2824.54
2824.66
2827.53
2835.07
2835.16
2836.11
2836.51
2837.58
2842.38
2844.25
2845.36
2845.76
2846.47
2849.92
2854.12
2856.00
2858.54
2859.28
2860.18
2865.20
2866.47
2867.03
2868.64
2869.97
2873.14
2874.23
2879.21
2881.27
2882.24
2883.83
2883.89
2884.29
2889.57
2890.45
2890.79
2893.77
2894.11
2895.52
2898.84
2902.80
2904.21
2904.68
2905.50
2908.14
2908.33
2911.42
2913.15
2914.00
2914.98
2915.04
2915.29
2917.91
2920.38
2922.02
2923.41
2924.07
2926.07
2940.73
2941.78
2943.34
2945.86
2946.46
2947.87
2950.96
2951.95
2951.99
2953.68
2955.88
2958.92
2962.13
2962.99
2972.63
2972.69
2978.00
2978.39
2978.45
2980.03
2980.77
2982.87
2985.71
2988.23
2993.90
2995.10
2996.23
2997.79
2998.73
3003.73
3005.58
3006.20
3007.53
3008.54
3013.76
3019.66
3022.18
3022.25
3022.31
3023.42
3024.31
3026.99
3029.15
3033.25
3033.38
3033.78
3036.93
3039.40
3042.49
3042.52
3042.55
3043.28
3044.93
3045.68
3046.01
3048.85
3050.43
3053.27
3054.69
3054.86
3055.26
3055.42
3055.55
3055.85
3056.35
3058.70
3064.36
3065.79
3066.58
3066.61
3066.88
3068.97
3076.78
3077.78
3078.68
3078.88
3082.05
3083.85
3085.72
3091.03
3092.77
3093.31
3094.08
3095.82
3095.95
3096.72
3097.43
3097.56
3097.76
3105.72
3106.79
3107.70
3107.70
3111.03
3112.21
3113.25
3115.34
3115.95
3117.74
3117.87
3120.40
3126.79
3128.41
3130.07
3130.92
3131.90
3132.17
3132.75
3135.16
3135.29
3135.77
3136.45
3137.97
3140.32
3143.75
3145.18
3145.62
3151.79
3153.97
3155.00
3157.42
3158.10
3162.89
3171.29
3175.23
3175.48
3175.96
3176.40
3177.85
3178.29
3181.11
3182.35
3183.80
3184.15
3184.80
3184.83
3187.90
3193.70
3199.79
3202.39
3203.67
3204.61
3210.05
3210.92
3211.51
3216.38
3217.29
3217.67
3222.34
3229.77
3231.84
3237.82
3240.69
3240.80
3241.96
3242.41
3243.61
3244.52
3248.42
3248.80
3255.67
3257.46
3263.46
3269.29
3271.31
3272.55
3272.69
3273.36
3273.86
3274.03
3274.42
3275.77
3277.86
3279.14
3280.99
3281.23
3281.84
3283.33
3288.88
3291.15
3295.54
3301.68
3304.79
3305.04
3307.68
3308.65
3317.58
3317.79
3320.02
3323.29
3324.19
3324.26
3325.16
3327.32
3330.74
3331.78
3332.90
3340.19
3342.51
3348.12
3349.64
3350.76
3351.60
3355.33
3357.77
3363.77
3364.02
3364.31
3368.25
3368.98
3369.27
3370.03
3384.28
3385.35
3386.85
3387.29
3389.78
3390.11
3391.65
3393.63
3395.77
3397.01
3398.96
3400.69
3402.35
3404.89
3407.65
3410.57
3410.97
3413.08
3419.03
3419.21
3424.06
3427.18
3427.84
3429.88
3432.19
3435.94
3439.47
3439.70
3440.07
3441.30
3441.59
3443.64
3446.89
3448.64
3451.92
3454.05
3454.76
3456.33
3456.71
3461.31
3462.02
3462.32
3463.78
3468.47
3468.58
3472.83
3473.20
3475.23
3477.45
3478.36
3484.61
3486.99
3489.66
3497.98
3499.42
3501.28
3506.47
3507.15
3511.03
3511.90
3513.80
3515.40
3519.28
3533.17
3534.16
3534.54
3537.83
3544.84
3550.60
3552.45
3560.64
3565.42
3569.32
3571.79
3572.84
3575.66
3575.93
3579.03
3579.61
3586.74
3587.91
3588.37
3592.30
3593.04
3595.91
3596.61
3598.05
3601.64
3602.11
3606.04
3608.07
3617.14
3622.39
3624.94
3625.06
3626.31
3627.92
3637.20
3641.33
3648.27
3650.80
3650.96
3658.19
3662.19
3663.34
3670.01
3677.36
3683.33
3693.87
3696.43
3698.95
3700.43
3700.75
3704.84
3705.64
3706.12
3720.91
3729.93
3731.51
3733.37
3735.55
3736.32
3738.50
3741.82
3743.92
3744.37
3748.91
3749.72
3750.37
3751.30
3757.15
3757.23
3757.93
3773.98
3776.51
3778.68
3778.92
3782.81
3782.89
3786.17
3788.13
3790.02
3799.75
3804.61
3809.55
3812.72
3816.85
3818.96
3822.35
3822.93
3824.42
3827.98
3838.80
3840.46
3842.25
3842.54
3846.91
3848.20
3850.03
3850.41
3855.37
3856.16
3860.04
3870.33
3874.61
3881.19
3882.12
3888.89
3897.60
3904.65
3907.02
3917.48
3921.08
3921.97
3923.50
3924.31
3927.70
3929.74
3929.91
3935.70
3936.77
3948.88
3950.68
3954.48
3957.22
3963.56
3966.18
3966.22
3967.04
3968.63
3969.49
3969.49
3971.29
3973.35
3974.09
3976.54
3976.75
3984.59
3985.19
3991.11
3992.40
4001.48
4009.50
4010.06
4015.49
4019.58
4029.03
4029.72
4032.21
4040.07
4044.40
4044.75
4052.99
4061.81
4065.77
4069.55
4071.71
4078.77
4082.92
4083.14
4085.30
4095.30
4096.81
4097.39
4097.48
4101.47
4103.91
4104.80
4107.02
4110.35
4110.62
4117.88
4123.45
4125.37
4129.97
4131.89
4135.56
4141.74
4145.05
4146.13
4146.13
4155.61
4164.29
4164.52
4175.71
4180.46
4182.40
4186.07
4186.61
4186.66
4191.19
4195.05
4196.91
4206.41
4210.51
4215.16
4221.82
4222.23
4225.57
4228.59
4240.22
4242.24
4248.21
4253.13
4253.23
4264.10
4264.98
4272.14
4275.10
4279.17
4285.19
4285.24
4285.98
4286.26
4293.50
4298.33
4305.64
4308.25
4310.02
4310.44
4320.43
4321.79
4331.10
4332.46
4335.51
4337.86
4339.08
4340.58
4348.76
4349.80
4350.03
4351.02
4365.07
4365.73
4369.28
4374.86
4380.26
4384.86
4389.89
4394.88
4407.93
4408.98
4413.03
4413.13
4416.86
4425.71
4427.14
4430.50
4440.14
4440.19
4442.69
4445.86
4446.25
4449.18
4451.21
4454.77
4459.59
4465.58
4468.82
4475.01
4477.58
4485.63
4490.48
4491.17
4494.08
4496.56
4499.19
4499.87
4508.79
4510.45
4516.02
4516.41
4521.83
4527.51
4528.49
4528.64
4529.18
4554.98
4557.25
4557.30
4559.52
4569.44
4573.15
4574.74
4576.87
4581.23
4586.18
4592.49
4592.49
4597.26
4603.88
4606.77
4611.81
4612.86
4618.75
4629.16
4632.16
4636.68
4647.68
4651.05
4662.99
4667.18
4668.54
4669.60
4670.87
4676.18
4676.88
4686.51
4689.91
4700.83
4700.93
4705.72
4706.89
4726.13
4738.26
4738.52
4741.44
4744.83
4750.17
4754.44
4756.91
4761.34
4764.58
4773.92
4778.88
4793.28
4797.90
4801.74
4811.41
4818.86
4824.86
4828.36
4833.43
4839.97
4841.44
4846.10
4848.15
4848.67
4850.72
4851.25
4856.39
4858.34
4860.07
4860.81
4887.28
4894.21
4903.81
4903.97
4905.35
4914.86
4927.80
4931.21
4943.87
4943.98
4948.53
4948.58
4949.49
4951.95
4969.24
4987.77
4990.25
4990.47
4999.98
5009.13
5012.33
5012.38
5017.05
5028.84
5033.58
5043.34
5048.90
5050.16
5068.50
5089.44
5093.07
5093.51
5118.37
5122.09
5132.51
5141.02
5147.09
5168.51
5172.60
5176.97
5184.53
5188.63
5189.58
5189.92
5190.26
5206.34
5216.44
5254.11
5255.02
5274.95
5284.44
5285.75
5287.24
5297.09
5312.53
5315.98
5324.09
5325.13
5331.59
5353.38
5356.51
5359.46
5360.45
5368.75
5374.91
5398.52
5404.01
5412.26
5416.13
5418.00
5431.56
5436.62
5440.74
5443.97
5450.58
5452.29
5457.24
5463.86
5471.32
5488.63
5489.52
5489.58
5500.99
5505.70
5509.39
5517.45
5517.45
5518.10
5518.82
5519.54
5529.70
5538.62
5548.94
5553.20
5559.09
5583.08
5584.96
5585.50
5593.30
5594.69
5601.96
5602.93
5615.56
5629.30
5651.82
5653.72
5692.57
5705.09
5708.55
5710.40
5724.45
5729.77
5730.77
5738.71
5744.18
5763.47
5776.58
5778.77
5785.72
5787.78
5823.27
5837.28
5842.21
5844.92
5846.89
5849.48
5851.00
5851.89
5871.29
5889.87
5894.72
5901.03
5907.42
5921.95
5933.37
5933.81
5944.03
5952.33
5953.49
5954.91
5961.87
5962.91
5973.88
5992.01
5999.92
6020.93
6028.16
6030.32
6063.95
6071.50
6082.08
6091.70
6093.61
6095.92
6108.26
6125.34
6134.49
6140.00
6159.77
6169.57
6172.91
6179.19
6189.63
6199.15
6201.03
6221.99
6235.34
6236.55
6240.47
6270.93
6274.66
6284.17
6286.21
6290.56
6291.11
6306.38
6318.81
6319.42
6328.32
6334.55
6349.85
6359.89
6361.89
6364.43
6391.42
6411.99
6423.45
6435.06
6437.36
6455.08
6462.27
6465.91
6481.46
6503.31
6504.71
6516.69
6522.69
6539.65
6550.41
6573.70
6577.75
6595.71
6621.60
6635.65
6655.50
6694.86
6702.69
6715.32
6722.01
6741.75
6753.43
6760.45
6777.22
6794.03
6795.28
6809.19
6824.98
6826.23
6842.28
6850.87
6899.82
6918.13
6927.87
6939.27
6960.40
6963.19
6966.20
6969.22
6975.71
7002.71
7006.42
7040.69
7041.38
7043.59
7093.99
7095.37
7136.02
7161.08
7171.16
7190.04
7213.42
7216.38
7248.94
7271.72
7277.86
7314.80
7323.36
7364.68
7396.86
7443.83
7482.02
7499.69
7506.35
7528.71
7537.60
7544.45
7560.96
7568.82
7602.71
7610.45
7675.12
7676.11
7687.42
7689.08
7705.57
7715.75
7733.63
7777.10
7792.34
7811.51
7813.45
7831.48
7846.83
7859.07
7873.11
7920.96
7926.27
7953.16
7965.99
7988.78
8013.63
8043.25
8047.51
8059.89
8060.76
8076.47
8080.14
8137.52
8150.48
8191.32
8197.08
8231.30
8242.17
8269.33
8343.29
8346.81
8351.06
8441.27
8441.27
8445.93
8466.88
8490.73
8497.72
8523.78
8564.45
8569.18
8569.36
8583.47
8626.67
8673.75
8678.35
8721.93
8733.92
8745.84
8833.81
8848.83
8857.45
8943.06
8960.49
9051.70
9059.44
9079.46
9096.27
9147.59
9151.06
9183.89
9188.96
9267.94
9279.48
9402.99
9463.72
9528.44
9590.61
9591.33
9611.07
9614.30
9675.87
9679.85
9697.98
9699.35
9722.15
9725.41
9746.79
9874.91
9882.50
9885.39
9890.74
9898.34
9904.34
9909.91
9940.63
10012.41
10031.71
10100.00
10107.65
10170.40
10181.19
10235.42
10237.64
10243.73
10266.14
10285.71
10340.39
10342.85
10367.16
10370.86
10394.91
10449.03
10491.17
10522.21
10537.59
10636.10
10646.58
10774.75
10793.41
10899.74
10913.66
10984.03
11006.75
11078.08
11116.74
11155.06
11194.60
11249.36
11303.04
11339.79
11404.39
11410.80
11611.07
11663.95
11779.87
11906.35
11940.40
12007.64
12027.28
12108.23
12288.92
12425.16
12459.35
12599.11
12731.77
12948.91
13013.94
13056.11
13261.12
13355.00
13513.00
13527.77
13625.46
13968.19
13981.95
14079.10
14144.76
14405.31
14657.66
14767.97
15049.45
15100.99
15383.82
15399.81
15605.28
15769.41
15789.04
15853.58
15876.24
15946.82
16089.11
16276.28
16305.90
16421.51
16454.41
16551.91
16719.30
17327.99
17444.62
17698.24
17893.48
17980.62
18614.87
19248.58
19975.70
20265.89
20300.13
20333.54
21714.27
21959.51
24068.36
26080.88
26351.48
27352.54
27804.60
28338.85
34539.20
38332.58
