43.60
46.59
47.55
49.05
49.19
54.67
59.06
59.37
62.25
62.27
62.50
64.24
64.90
67.16
68.42
69.92
70.91
71.03
72.10
72.17
72.61
73.52
74.87
75.33
75.68
75.71
76.68
77.25
78.28
78.77
80.02
81.33
85.27
85.86
86.87
87.07
88.45
88.60
88.91
88.98
89.75
91.58
91.71
91.92
93.51
93.76
93.97
94.26
95.60
95.74
96.66
96.83
97.67
98.39
99.01
100.66
100.82
100.93
101.52
101.88
102.37
104.69
105.11
105.20
105.52
106.53
106.55
106.76
107.01
108.45
110.67
111.01
111.05
111.98
112.36
112.53
114.89
115.27
115.40
116.07
116.63
116.94
118.12
120.96
122.23
122.35
122.65
123.43
123.67
123.73
124.56
125.02
125.81
126.44
127.00
127.52
128.48
129.56
129.71
130.17
131.95
132.16
133.01
133.71
133.76
133.97
134.07
134.69
135.53
136.38
136.81
138.20
138.31
138.53
138.59
139.71
139.75
140.63
140.76
142.24
142.31
143.29
143.54
144.37
144.41
144.78
145.36
146.62
147.19
147.79
147.99
148.45
149.01
149.34
149.55
150.58
151.00
151.05
152.36
152.71
152.89
153.08
153.11
153.15
153.94
154.15
154.93
155.84
155.88
156.49
156.52
156.92
157.13
157.92
158.04
158.07
158.77
158.94
159.07
159.31
159.36
160.01
161.02
161.12
161.14
161.42
161.57
161.98
162.40
163.32
163.34
163.35
163.64
163.90
164.28
164.72
164.77
165.43
165.76
167.14
167.59
167.61
168.28
168.57
169.26
169.27
169.70
171.34
171.44
171.74
171.74
171.83
171.97
172.07
172.50
173.13
174.07
174.28
174.55
175.05
175.30
176.85
177.02
177.55
178.45
178.60
179.30
179.54
179.59
180.38
180.40
180.59
180.90
180.91
181.19
182.20
182.39
182.43
182.56
183.04
183.23
183.29
183.56
183.94
184.67
184.93
185.12
185.83
185.91
186.01
187.21
187.35
188.00
188.67
188.99
189.34
190.14
191.51
191.57
191.80
192.01
192.26
192.52
192.66
192.89
193.16
194.65
194.66
194.83
194.92
195.13
195.18
195.25
195.30
195.50
195.61
195.86
196.10
196.16
196.43
196.95
197.04
197.68
197.91
198.47
198.57
198.70
198.84
199.56
199.65
199.75
199.98
200.33
200.89
200.92
201.26
201.56
201.81
202.58
203.42
203.77
204.43
204.61
205.00
205.07
205.10
205.68
205.84
206.14
207.05
207.17
207.41
207.43
208.00
208.02
208.12
208.30
208.32
208.75
208.94
209.05
209.45
209.96
210.16
210.19
211.03
211.29
212.97
213.29
213.64
213.65
214.66
214.82
215.13
215.37
215.64
216.77
217.13
217.89
218.23
218.43
218.71
220.13
220.68
220.98
221.09
221.38
222.11
222.98
223.88
223.93
224.37
224.66
224.90
225.31
225.34
225.43
226.00
226.01
226.10
226.29
226.39
226.41
226.42
226.49
227.26
227.31
227.50
227.75
228.08
228.09
228.48
228.52
228.72
228.72
230.09
230.26
231.08
231.37
231.39
231.41
232.82
232.99
233.00
234.30
235.54
235.77
235.78
235.86
236.10
236.18
236.35
236.78
236.95
237.01
237.14
237.93
238.28
238.76
238.80
240.57
240.99
241.06
241.11
241.77
242.04
242.14
242.44
242.60
243.17
243.71
243.81
244.30
244.59
244.67
245.17
245.23
245.29
245.70
246.38
247.05
247.11
247.23
247.43
247.76
248.57
249.60
250.22
250.69
250.99
251.44
251.63
252.74
253.11
253.22
253.22
253.42
253.54
254.27
254.42
254.65
255.21
255.37
255.41
255.57
255.90
255.95
256.02
256.04
256.21
256.76
257.49
257.58
258.57
258.68
258.81
258.85
258.99
259.60
259.92
260.16
260.49
260.60
260.68
262.32
262.55
264.19
264.34
265.05
265.41
265.42
265.79
265.92
266.13
266.53
266.63
266.79
266.88
267.12
267.18
267.33
267.65
267.81
267.81
267.90
268.18
268.24
268.31
268.38
268.94
269.34
269.38
269.98
270.33
270.46
270.60
271.16
271.33
271.54
271.96
272.69
272.79
272.93
273.33
273.95
274.20
274.41
274.75
275.21
275.92
276.18
276.49
276.53
276.54
277.33
278.33
278.35
278.68
278.75
278.96
278.96
278.98
280.45
280.59
280.79
281.27
281.36
282.17
282.54
283.12
283.27
284.79
284.92
284.92
284.97
285.14
285.18
285.19
285.32
285.41
285.57
285.58
285.83
285.94
286.03
286.33
286.39
286.59
286.59
286.75
287.05
287.18
287.54
287.62
287.78
289.18
289.30
289.39
289.45
289.48
290.38
290.61
290.76
290.95
290.99
291.25
292.62
293.04
294.31
294.34
294.83
295.03
295.27
295.88
295.95
295.99
296.17
296.21
296.30
296.59
296.70
296.84
296.96
296.98
297.06
297.21
297.23
297.57
297.61
297.77
298.50
298.59
298.70
298.72
299.24
299.51
299.59
299.61
299.62
300.15
300.80
300.87
301.02
301.14
301.30
301.62
301.95
302.27
302.54
302.66
302.68
303.82
304.00
304.21
304.34
304.62
305.42
305.44
305.45
305.78
306.03
306.47
306.65
306.69
306.93
306.99
307.01
307.67
307.69
307.99
308.03
309.02
309.23
309.92
309.94
310.03
310.77
311.07
311.13
311.30
311.41
311.46
311.48
311.69
311.95
312.78
312.91
313.00
313.22
313.66
313.68
313.84
314.03
314.20
314.59
314.72
314.84
315.28
315.75
316.17
316.50
316.79
317.13
317.52
317.89
317.97
318.07
318.31
318.38
318.40
318.44
318.49
318.58
319.13
320.59
320.77
321.09
321.60
321.79
322.03
322.07
322.16
322.42
322.46
322.61
323.09
323.43
323.56
324.29
324.55
324.56
325.29
325.77
326.04
326.48
326.67
326.76
326.85
326.98
327.04
327.15
328.24
328.28
328.46
328.46
328.76
328.91
328.95
329.15
329.60
329.85
329.88
330.13
330.40
330.40
330.66
331.06
331.38
331.49
331.92
332.22
332.24
332.25
332.43
332.76
333.19
333.21
333.22
333.46
333.82
333.84
334.09
334.10
334.21
334.75
334.82
335.01
335.03
335.40
335.52
335.95
336.02
336.10
337.20
337.23
337.36
337.56
337.87
338.38
338.57
339.12
339.35
339.73
340.14
340.41
340.42
340.58
340.76
340.89
341.37
341.62
341.65
342.24
342.37
342.39
342.59
343.03
343.15
343.17
343.58
343.86
344.08
344.09
344.27
344.41
344.74
344.89
345.77
346.00
346.32
346.39
346.64
346.68
347.07
347.34
347.76
348.43
348.53
348.56
349.23
349.26
349.29
349.51
349.99
350.24
350.26
350.32
350.35
350.61
351.57
351.96
352.32
352.37
352.55
353.11
353.23
353.28
353.54
353.73
354.13
354.25
354.46
355.05
355.45
355.67
355.74
356.06
356.30
356.83
356.97
357.04
357.41
357.95
358.09
358.30
358.36
358.47
359.04
359.10
359.18
359.23
359.24
359.38
359.91
360.61
361.27
361.31
361.52
361.77
362.12
362.71
363.33
363.36
364.23
365.44
365.50
366.12
366.49
366.59
367.40
367.54
367.83
367.83
368.10
368.20
368.24
368.40
368.75
368.89
369.56
369.92
370.08
370.09
370.91
371.48
371.66
371.70
371.88
372.12
373.64
374.52
374.82
375.20
375.21
375.27
375.53
375.55
375.70
375.86
375.91
375.93
375.95
376.11
376.11
376.33
376.49
376.68
377.64
377.89
378.35
379.10
379.12
379.23
379.70
379.76
379.91
379.92
380.11
380.13
380.15
380.54
380.61
380.62
380.90
381.07
381.17
381.23
381.60
381.77
382.34
382.45
382.72
383.24
383.53
384.04
384.19
384.44
384.52
385.26
385.86
385.99
386.04
386.17
386.33
386.87
386.91
386.91
387.33
387.70
387.95
388.36
388.37
388.42
388.47
389.15
389.25
389.45
390.05
390.05
390.66
390.68
390.80
391.36
391.67
392.41
392.55
392.59
392.71
392.82
393.13
393.19
393.55
393.98
394.29
394.72
394.98
396.40
396.62
396.67
397.03
397.91
398.07
398.38
398.73
399.38
399.43
399.44
399.55
399.70
400.61
400.65
400.68
400.71
400.98
401.04
401.17
401.26
401.30
401.33
401.35
401.97
402.22
402.38
402.61
402.69
403.10
403.69
403.84
404.02
404.28
404.83
405.52
405.56
405.60
405.63
405.74
405.91
405.94
405.94
405.98
406.78
406.83
406.94
408.22
409.01
409.46
409.56
409.71
409.75
409.95
410.03
410.10
410.52
410.54
410.63
410.66
410.67
410.73
410.94
411.22
411.34
411.43
411.50
411.61
411.72
411.83
412.79
412.80
412.91
413.01
413.46
413.55
414.01
414.40
414.45
414.67
414.68
414.68
415.08
415.35
415.51
415.55
415.75
415.79
416.16
416.20
416.22
416.96
416.98
417.47
417.49
417.63
418.31
419.15
419.19
419.45
419.58
419.91
420.31
420.38
420.55
421.11
421.14
421.37
421.50
421.63
421.64
421.82
421.93
422.48
422.68
422.70
422.97
423.58
423.63
423.73
423.78
423.97
424.10
424.60
424.68
424.72
425.09
425.14
425.57
425.69
426.52
426.62
426.66
427.05
427.18
427.24
427.44
427.54
427.97
428.44
428.45
428.63
428.81
428.88
429.73
429.85
430.03
430.20
430.39
430.60
430.94
431.31
431.32
431.55
431.57
431.70
431.78
431.88
432.24
432.25
432.55
432.99
433.00
433.13
433.47
433.61
433.72
433.88
434.15
434.18
434.33
434.59
435.13
435.33
435.57
435.64
436.14
436.33
436.77
436.82
437.77
437.82
438.00
438.10
438.38
438.53
438.61
438.65
438.70
439.16
439.38
439.58
440.79
440.91
441.14
441.43
441.45
441.48
441.61
441.63
441.65
441.77
441.87
442.00
442.10
442.41
442.80
442.92
442.96
443.33
443.37
443.52
443.65
444.40
444.56
444.68
445.01
445.02
445.45
445.56
445.88
446.26
446.86
447.01
447.31
448.09
448.10
448.15
448.68
448.87
449.40
449.44
449.98
450.26
450.35
451.26
451.58
451.66
451.85
451.92
452.55
452.73
453.27
453.45
453.78
453.90
454.78
454.86
455.41
455.74
455.76
455.98
456.30
456.34
456.46
457.23
457.45
457.53
457.54
458.18
458.80
458.86
458.86
459.12
459.39
459.92
460.00
460.75
461.12
461.22
461.41
461.46
461.51
462.01
462.58
463.15
463.21
463.32
463.48
463.83
464.37
464.47
464.53
464.69
464.87
464.88
464.92
464.96
465.31
465.52
465.59
465.65
466.12
466.37
466.49
466.60
466.77
466.94
467.00
467.17
467.45
468.05
468.35
468.82
469.25
469.44
469.54
469.65
470.04
470.15
470.72
471.00
471.30
472.38
472.59
472.87
473.15
473.21
473.47
473.75
474.25
474.27
474.70
475.43
475.48
475.71
475.84
476.12
476.14
476.72
476.99
477.47
477.47
477.59
477.68
477.80
478.02
478.48
478.57
478.68
478.86
479.28
479.71
480.19
480.39
480.72
480.80
481.21
481.61
481.65
481.68
482.00
482.00
482.15
482.26
482.30
482.37
482.42
482.51
483.39
483.58
483.64
483.75
483.84
483.86
484.45
484.50
484.51
484.56
484.77
485.03
485.09
485.46
485.48
486.25
486.26
486.47
487.00
487.03
487.18
487.45
487.87
488.13
488.34
488.48
488.51
488.63
488.84
488.88
489.08
489.15
489.22
489.23
489.30
489.40
489.58
489.74
489.75
490.18
490.22
490.97
491.38
491.48
493.10
493.13
493.28
493.63
493.64
493.65
493.73
493.77
493.79
493.96
493.99
494.15
494.67
494.68
494.87
494.94
495.27
495.30
495.55
495.63
495.68
496.24
496.73
496.92
497.01
497.22
497.53
497.80
498.01
498.59
498.66
498.94
499.41
499.67
500.50
500.88
501.27
501.42
501.53
502.74
502.75
503.62
503.67
503.82
503.86
503.98
504.12
504.86
505.29
506.03
506.40
506.57
506.91
507.58
508.17
508.42
508.48
508.53
508.77
509.16
509.32
509.54
509.60
509.61
509.77
511.34
511.62
512.33
512.74
513.05
513.64
514.05
514.12
514.31
514.56
514.80
515.47
515.63
515.74
516.11
517.36
517.43
517.48
517.66
518.10
518.31
518.40
519.04
519.07
519.16
519.35
519.43
519.66
519.98
520.09
520.49
521.08
521.32
521.34
521.57
521.63
522.16
522.32
522.76
523.03
523.35
523.49
523.51
523.76
524.10
524.37
524.40
524.81
524.83
525.13
525.54
525.65
526.29
526.49
526.57
526.79
527.17
527.47
527.79
527.92
528.48
528.51
528.65
528.68
528.83
528.83
528.84
529.19
529.35
530.02
530.51
530.61
530.64
530.77
531.05
531.40
531.50
531.54
531.57
532.20
532.63
532.91
533.38
533.46
533.80
534.20
534.37
534.42
534.51
535.55
535.78
535.89
535.94
536.63
536.70
536.70
536.90
537.08
537.08
537.41
537.59
537.67
537.87
538.13
538.20
538.58
538.59
538.67
538.96
539.90
540.11
540.36
540.39
540.91
540.92
541.09
541.20
541.67
541.90
542.04
542.60
542.72
542.81
542.91
542.96
543.02
543.04
543.21
543.39
543.56
543.61
543.97
544.05
545.01
545.30
545.46
545.54
546.22
546.40
546.65
547.12
547.36
547.43
547.45
548.01
548.11
548.52
548.68
548.85
548.94
549.37
549.46
549.49
549.70
550.04
550.08
550.59
551.21
551.29
551.44
551.74
551.99
552.60
552.61
552.93
553.15
553.20
553.53
553.85
553.91
553.94
554.18
554.58
554.70
555.02
555.09
555.37
555.61
555.65
555.74
556.42
556.74
556.92
557.27
557.27
558.51
558.60
558.78
558.86
558.97
559.24
559.32
559.68
560.06
560.94
561.43
561.43
561.81
562.12
562.25
562.36
562.68
562.92
563.01
563.32
563.51
563.56
563.81
564.14
564.15
564.23
564.61
564.74
564.83
565.01
565.05
565.31
565.47
565.67
566.34
566.51
566.79
567.02
567.61
567.61
568.21
568.44
568.57
568.96
569.09
569.27
569.35
569.58
570.53
571.06
571.07
571.48
571.65
571.72
571.91
572.13
572.38
572.42
572.49
572.58
572.61
573.21
573.32
573.53
573.98
574.02
574.66
575.08
575.28
575.42
575.54
575.77
576.01
576.66
576.87
577.14
577.37
577.41
577.43
577.70
578.37
578.39
578.45
578.45
578.63
578.82
579.00
579.33
579.68
579.99
580.26
580.51
580.51
580.64
580.75
581.02
581.15
581.37
581.42
581.63
581.67
582.09
582.29
582.38
582.43
583.56
583.66
584.64
584.87
585.08
585.08
585.69
585.86
586.49
586.87
586.95
587.13
587.43
587.75
588.29
588.41
588.46
588.58
588.69
589.45
589.56
589.67
589.69
589.76
590.15
590.49
591.17
591.28
591.36
591.90
592.15
592.37
592.46
592.58
592.72
592.90
592.90
592.92
593.05
593.75
594.04
594.07
594.20
594.78
595.11
595.35
595.38
595.66
595.99
596.24
596.27
596.56
596.63
596.72
596.84
597.22
597.28
597.57
597.96
598.03
598.10
598.59
598.91
598.92
599.10
599.15
599.91
600.25
600.26
600.67
601.03
601.27
601.65
602.17
602.66
603.15
603.49
604.39
604.56
604.56
604.60
604.86
605.62
605.75
605.77
605.87
605.96
606.18
607.25
608.50
608.59
609.15
609.35
609.58
609.76
610.95
611.13
611.27
611.55
611.60
611.82
611.97
612.31
612.37
612.56
612.70
612.82
612.93
612.96
613.15
613.83
613.86
613.89
614.00
614.10
614.72
615.62
615.65
615.67
615.79
616.10
616.12
616.31
616.49
616.83
617.09
617.29
617.52
617.76
617.91
618.72
619.49
619.53
619.53
619.72
619.95
620.22
620.51
620.73
620.74
620.87
621.01
621.69
621.72
621.78
621.87
622.44
622.61
623.27
623.33
623.75
623.76
624.20
624.52
624.90
624.98
625.04
625.17
625.36
625.68
626.04
626.09
626.57
627.07
627.14
627.69
627.93
627.99
628.14
628.16
628.57
628.66
628.67
628.78
629.25
629.35
629.41
629.73
629.76
629.97
630.70
631.38
631.41
631.75
631.82
632.21
632.46
633.14
633.23
633.85
634.15
634.29
634.54
634.67
634.83
634.84
634.97
635.32
635.37
635.43
635.98
636.36
636.83
636.83
636.86
636.90
637.08
637.16
638.35
638.42
638.44
638.82
639.57
639.76
639.77
639.85
640.12
640.31
640.38
640.59
640.70
640.88
641.43
641.51
641.74
642.06
642.08
642.37
642.45
642.74
643.36
643.61
643.77
643.84
643.99
644.20
644.70
644.85
644.97
645.48
645.57
645.64
645.69
645.78
646.53
647.13
647.86
648.13
648.52
648.68
649.06
649.25
649.29
650.18
650.24
650.30
650.61
650.65
651.74
652.56
652.89
652.99
653.21
653.25
653.43
653.45
653.62
653.64
653.64
653.85
654.82
655.22
655.39
655.73
656.29
656.32
656.34
656.69
656.74
656.90
657.04
657.54
657.61
657.68
657.90
658.54
658.82
659.05
659.15
659.27
659.55
660.36
660.60
661.45
661.47
661.58
661.71
661.89
662.00
662.05
662.16
662.55
662.72
662.73
662.97
663.45
663.55
663.72
663.79
663.91
663.99
663.99
665.16
665.20
665.75
665.78
665.98
667.08
667.22
667.67
667.83
668.19
668.80
668.91
669.62
669.72
670.54
670.64
671.77
671.78
672.02
672.15
672.49
672.56
672.78
672.95
673.40
673.43
673.79
674.15
674.30
674.38
674.41
674.44
674.45
674.61
674.82
674.94
675.14
675.38
675.63
675.84
675.87
676.17
677.12
677.15
677.16
677.41
677.45
677.46
677.60
678.75
679.32
681.40
681.59
681.80
681.82
681.83
682.11
682.35
682.72
682.72
682.74
683.23
683.52
684.08
684.91
685.08
685.37
685.75
686.26
686.32
686.49
686.62
686.93
687.04
687.34
687.39
687.45
687.47
688.38
688.51
688.76
689.32
689.35
689.52
689.87
690.50
690.58
690.68
690.88
691.46
691.71
692.15
692.64
692.75
692.88
693.20
693.68
693.77
694.41
694.88
694.98
695.02
695.31
695.47
696.03
696.13
696.27
696.81
696.86
697.19
697.39
697.39
697.47
697.62
697.73
697.82
698.28
698.81
698.83
698.91
699.28
699.62
699.62
699.91
699.93
700.17
700.62
700.66
700.84
700.90
701.20
701.42
701.69
701.81
702.16
702.18
702.57
702.64
702.93
703.40
703.61
703.72
704.42
704.42
704.62
704.71
704.97
705.25
705.39
705.75
705.77
705.81
706.12
706.29
706.50
706.56
706.87
707.02
707.14
707.36
707.50
707.53
707.56
707.92
707.95
707.96
708.51
708.79
709.04
709.17
710.56
710.61
710.91
711.09
711.43
711.49
711.72
711.89
712.03
712.23
712.41
712.97
713.56
713.92
714.60
714.63
714.89
715.03
715.06
715.74
715.84
715.90
716.08
716.16
717.07
717.22
717.80
717.80
717.86
717.94
718.62
718.80
719.25
719.98
720.86
721.00
721.44
721.56
722.19
722.55
722.67
722.85
723.17
723.19
723.44
723.57
724.00
724.16
724.18
724.28
724.40
725.24
725.46
725.84
726.01
726.02
726.21
726.30
726.72
727.15
727.25
727.47
727.86
729.01
729.23
729.32
729.50
729.82
730.13
730.18
730.27
730.43
730.76
730.97
731.17
731.18
731.28
731.29
731.30
731.57
731.62
731.78
732.03
732.29
732.36
732.40
732.61
733.22
733.32
733.36
733.51
733.52
733.69
733.78
733.79
733.80
733.85
734.51
734.52
735.20
735.37
735.39
735.52
735.72
735.87
736.18
736.71
737.16
737.58
738.28
739.29
739.87
739.93
740.22
740.40
740.53
740.67
740.74
740.87
741.21
741.32
741.59
741.77
741.81
741.85
742.30
742.59
743.23
743.46
743.53
743.90
743.99
744.00
744.01
744.03
744.39
745.04
745.27
745.42
745.43
745.70
745.77
746.45
746.73
747.32
747.32
747.53
748.40
748.92
749.28
749.88
750.14
750.36
750.51
750.62
750.68
750.69
750.83
750.87
752.71
752.91
752.98
753.23
753.65
753.92
754.29
754.51
754.71
754.78
754.85
755.40
755.68
756.13
756.15
756.39
756.46
756.70
757.27
757.98
758.40
759.00
759.05
759.13
759.47
760.00
760.55
760.64
761.67
762.18
762.24
762.34
762.64
762.86
762.97
763.06
763.62
763.82
764.11
764.11
764.24
764.26
764.35
764.36
764.40
764.50
765.09
765.37
765.84
766.02
766.30
766.61
766.65
766.99
767.57
767.62
768.01
768.05
768.14
768.51
768.73
768.79
768.79
768.95
769.33
769.65
769.75
769.81
769.97
770.03
770.03
770.73
770.80
771.00
771.30
771.35
771.36
771.56
771.82
772.05
772.16
772.30
772.57
772.76
773.43
773.59
773.67
773.88
774.22
774.45
774.77
774.87
775.01
775.17
775.20
775.45
776.62
776.82
777.14
778.15
778.23
778.38
778.75
779.21
779.56
779.70
779.75
780.00
780.21
780.23
780.86
781.42
781.42
781.49
782.27
782.48
782.52
782.53
782.75
783.02
783.31
783.37
784.03
784.15
785.55
785.61
786.51
786.69
786.69
786.84
786.90
786.93
787.21
787.69
788.03
788.31
789.79
790.08
790.21
790.33
790.93
791.25
791.38
791.66
791.72
791.86
791.91
792.27
792.37
792.53
792.93
793.85
793.86
794.19
794.26
794.37
794.87
795.30
795.55
795.92
796.83
797.31
797.36
798.31
798.39
798.43
798.44
798.92
799.13
799.30
799.32
799.32
799.95
800.05
800.22
800.47
800.56
800.82
801.04
801.15
801.39
801.45
801.56
801.83
801.94
802.14
802.44
802.72
802.75
802.78
803.40
803.43
804.37
804.63
804.70
805.13
805.16
805.99
806.66
806.73
806.87
807.07
807.24
807.36
807.41
808.15
808.47
808.51
808.59
808.65
808.73
809.13
809.45
809.80
809.83
809.88
810.08
810.14
810.78
810.99
811.25
811.88
812.56
812.68
812.84
812.89
813.02
813.34
813.42
813.85
814.54
814.98
815.20
815.26
815.38
816.30
816.30
816.56
816.62
816.93
817.36
817.52
817.73
818.21
818.39
818.90
818.99
819.01
819.14
819.20
819.60
819.70
819.71
819.95
820.32
820.43
820.68
820.72
821.22
821.36
822.09
822.10
822.36
822.66
822.72
822.87
823.32
823.38
823.62
823.68
824.07
824.13
824.38
825.06
825.25
825.28
825.37
825.80
825.84
826.20
826.28
826.34
826.38
826.85
828.26
828.42
829.47
829.63
829.79
830.97
831.02
831.25
831.27
831.32
832.92
833.46
833.65
833.87
833.93
834.91
835.17
835.22
835.42
835.42
835.75
835.89
835.92
836.18
836.66
837.07
837.16
837.16
837.16
837.34
837.38
837.56
837.63
837.98
838.00
838.19
838.23
839.17
839.55
839.61
840.24
840.26
840.32
840.67
840.81
841.30
841.87
841.94
841.99
842.32
842.68
842.75
842.82
842.94
843.09
843.37
844.54
844.81
844.86
844.87
844.98
845.07
845.21
845.30
845.41
845.46
845.60
845.70
845.79
846.24
846.59
847.29
847.35
847.83
847.86
848.18
848.40
848.96
849.23
849.38
849.57
850.03
850.29
850.66
850.85
851.15
851.35
852.67
853.22
854.11
854.87
854.95
854.98
855.02
855.20
855.22
855.77
856.44
856.48
856.48
856.76
856.87
856.96
857.12
857.33
857.47
857.53
857.81
857.89
858.52
858.60
858.60
858.74
859.28
859.48
859.73
859.81
859.83
860.00
860.23
860.39
861.41
861.46
861.97
862.22
863.33
863.85
864.02
864.73
864.76
865.59
865.73
865.88
866.47
867.15
867.26
867.26
867.61
867.71
867.92
868.46
868.65
868.90
869.79
870.08
870.66
871.33
871.76
871.81
872.30
872.59
872.60
872.68
872.75
873.59
873.67
873.75
874.89
875.30
875.58
875.59
875.80
876.45
876.98
877.11
877.33
877.34
877.40
877.85
878.07
878.40
878.53
878.90
879.76
879.90
880.18
880.41
880.58
880.96
880.98
881.07
881.27
881.51
881.64
882.84
882.97
882.98
883.53
884.30
884.39
884.46
885.12
885.14
885.56
885.65
886.32
886.63
887.34
887.36
887.51
887.87
888.06
888.18
888.23
888.60
888.69
888.72
888.90
888.94
889.07
889.22
889.36
889.99
890.11
890.24
890.38
890.41
890.41
890.48
890.84
890.84
891.09
891.35
891.69
892.18
892.33
892.48
892.82
892.82
892.94
893.13
893.52
893.57
893.64
893.92
893.93
893.95
893.97
894.18
894.61
894.65
894.80
894.81
895.28
895.36
895.49
895.90
896.76
896.79
896.79
896.87
896.95
896.96
896.98
897.02
897.21
897.57
897.57
898.58
898.78
899.67
899.81
899.83
900.70
900.72
901.04
901.10
901.81
901.86
902.08
902.40
902.53
902.66
902.76
903.77
903.87
904.01
904.22
904.32
904.41
904.75
904.75
905.48
906.29
906.52
907.50
907.57
907.60
907.66
908.13
908.52
908.68
908.81
908.85
908.93
909.01
909.92
910.32
910.33
910.40
910.46
910.53
910.81
910.92
911.45
911.82
911.83
911.89
912.06
912.20
912.57
912.59
913.26
913.64
914.26
914.34
914.44
914.64
915.61
916.47
916.59
917.24
917.31
917.36
917.58
917.82
918.05
918.16
918.63
919.01
919.32
919.47
919.96
920.07
920.27
920.66
921.50
921.51
922.81
923.09
923.36
923.90
924.07
924.66
924.69
924.77
924.84
924.92
925.00
925.54
925.66
925.72
925.83
925.90
926.38
926.45
926.49
927.01
927.21
927.65
927.76
927.89
928.15
928.28
928.37
929.79
929.84
929.88
930.61
930.67
930.71
931.41
931.41
931.70
931.72
932.01
932.05
932.17
932.20
932.22
932.34
932.77
932.88
933.46
933.47
933.57
933.74
934.07
934.10
934.49
934.49
934.91
935.06
935.25
935.28
935.41
935.47
935.74
935.89
936.25
936.40
936.53
937.06
937.29
937.40
937.64
937.80
938.51
938.52
938.64
938.68
938.76
939.04
940.15
940.49
940.85
941.57
941.73
942.10
942.29
942.67
942.94
943.30
943.75
944.39
944.95
945.15
945.23
945.31
945.32
945.81
946.06
947.33
947.36
947.43
947.86
947.96
947.99
948.01
948.18
948.22
948.39
948.63
948.92
949.11
949.27
949.44
949.66
950.28
950.44
950.45
951.72
952.21
952.28
952.79
953.15
953.38
953.74
953.95
955.10
955.38
955.70
956.73
957.18
957.19
957.25
957.62
958.54
958.61
958.86
959.45
959.95
960.50
960.89
961.02
961.04
961.30
961.46
962.06
962.48
962.49
962.54
962.66
962.80
962.98
963.18
963.37
963.69
963.72
963.81
963.88
964.22
964.30
964.42
964.45
965.76
966.10
966.46
966.49
966.80
966.83
966.93
967.22
967.32
967.36
967.70
968.33
968.51
968.67
969.08
969.30
969.31
969.46
969.67
969.76
969.78
970.30
970.30
970.52
970.96
971.07
971.65
971.69
971.80
972.23
972.28
973.09
973.13
973.15
973.21
973.52
973.56
973.62
973.85
974.19
974.27
974.44
974.80
974.82
974.91
975.09
975.10
975.16
975.31
975.69
975.80
976.09
976.40
976.47
976.52
976.84
976.85
976.96
977.01
977.10
977.99
978.31
978.56
978.94
978.98
979.42
979.62
979.96
980.11
980.61
980.67
980.73
980.76
980.84
980.93
981.21
981.65
981.76
981.88
982.28
982.34
982.40
982.77
982.79
982.89
982.97
983.20
983.35
983.83
984.05
984.06
984.20
984.22
984.65
984.77
985.13
985.27
985.37
985.82
986.24
986.27
986.86
987.00
987.99
988.53
988.60
988.88
989.34
989.79
991.14
991.36
991.51
991.57
991.66
992.21
992.40
992.70
992.82
993.27
993.45
994.34
994.60
994.68
994.73
995.20
995.92
996.05
996.55
996.59
996.66
996.78
997.26
997.29
997.84
997.86
998.32
998.61
998.65
998.68
998.95
999.67
1000.19
1000.22
1000.35
1000.39
1000.41
1000.57
1000.77
1000.97
1001.31
1002.08
1002.33
1002.44
1002.73
1002.75
1003.16
1003.47
1003.82
1003.93
1004.30
1004.60
1004.89
1005.93
1006.56
1006.59
1007.55
1007.95
1008.52
1009.10
1009.24
1009.42
1009.84
1009.84
1010.04
1010.39
1010.67
1010.68
1011.34
1011.45
1011.57
1011.70
1012.14
1012.48
1012.51
1012.76
1012.80
1013.11
1013.14
1013.58
1014.35
1014.58
1014.79
1014.83
1015.12
1015.24
1015.42
1015.43
1016.51
1016.93
1017.06
1017.38
1017.64
1017.82
1017.82
1018.42
1018.50
1019.40
1019.45
1019.64
1019.65
1020.44
1020.46
1021.35
1021.51
1021.57
1021.75
1021.83
1022.09
1022.12
1023.01
1023.02
1023.03
1023.13
1023.38
1023.60
1023.65
1023.68
1024.47
1024.91
1025.14
1025.68
1026.19
1026.69
1026.83
1026.97
1027.50
1027.54
1028.26
1028.37
1029.10
1029.68
1029.74
1030.16
1030.62
1030.73
1030.81
1031.11
1031.13
1031.29
1031.35
1031.59
1031.61
1031.81
1031.99
1032.70
1032.85
1033.16
1033.35
1033.41
1033.41
1033.43
1033.72
1034.21
1034.88
1035.23
1035.36
1035.58
1036.12
1036.58
1036.68
1036.99
1037.50
1037.88
1038.41
1038.46
1038.56
1038.60
1038.61
1038.70
1038.95
1039.04
1039.60
1039.76
1040.41
1041.84
1042.02
1042.69
1042.96
1043.18
1043.44
1043.50
1043.73
1044.28
1044.39
1044.40
1044.67
1044.81
1044.84
1044.98
1045.11
1045.20
1045.58
1045.76
1045.77
1045.95
1046.36
1046.62
1046.82
1046.89
1047.24
1047.54
1047.65
1048.24
1048.26
1048.33
1048.79
1049.41
1050.27
1050.53
1050.71
1051.04
1051.31
1051.78
1051.83
1052.02
1052.50
1052.69
1052.76
1052.88
1054.11
1054.55
1054.77
1054.94
1055.04
1055.50
1055.55
1057.15
1057.36
1058.04
1058.18
1058.44
1058.54
1058.54
1058.59
1059.21
1059.31
1060.09
1060.32
1060.45
1060.46
1060.70
1060.78
1060.93
1060.94
1061.04
1061.43
1061.47
1062.42
1063.74
1064.25
1065.47
1065.60
1065.67
1065.98
1066.37
1066.39
1066.82
1066.83
1067.32
1067.40
1067.57
1068.02
1068.20
1068.53
1068.67
1069.03
1069.34
1069.62
1069.63
1069.77
1069.79
1070.16
1070.64
1071.16
1071.68
1072.39
1072.43
1072.51
1072.67
1072.82
1073.57
1073.71
1073.79
1073.87
1074.47
1074.66
1075.04
1075.06
1075.58
1076.77
1076.85
1077.71
1078.44
1078.47
1079.08
1079.10
1079.20
1079.35
1079.57
1079.83
1079.96
1080.11
1080.24
1080.46
1081.48
1081.59
1081.72
1082.65
1083.37
1083.42
1083.92
1083.94
1084.78
1085.05
1085.56
1086.32
1086.33
1086.46
1086.66
1086.71
1086.71
1086.82
1086.90
1087.55
1087.84
1088.53
1088.71
1089.01
1089.34
1089.93
1090.19
1090.25
1090.30
1090.62
1090.90
1091.03
1091.35
1091.39
1091.72
1091.99
1092.26
1093.35
1093.50
1093.76
1094.76
1095.28
1095.61
1095.81
1096.02
1096.27
1096.37
1096.66
1096.95
1097.71
1098.51
1098.60
1098.81
1099.16
1099.65
1099.90
1099.93
1100.43
1100.67
1100.68
1100.84
1101.09
1101.84
1102.28
1102.61
1103.72
1103.83
1104.18
1104.60
1105.48
1105.49
1105.56
1106.35
1106.65
1107.10
1107.17
1107.25
1107.42
1107.67
1107.71
1107.74
1108.02
1108.83
1108.86
1110.22
1111.12
1111.21
1112.27
1112.32
1112.79
1113.15
1113.49
1113.57
1113.84
1114.02
1114.22
1114.31
1115.22
1115.56
1115.59
1115.65
1115.92
1116.07
1116.52
1116.60
1116.61
1116.74
1116.81
1117.16
1117.54
1117.94
1118.14
1118.70
1118.75
1119.38
1119.38
1119.42
1119.42
1119.89
1120.16
1120.27
1120.65
1120.79
1120.81
1121.21
1121.33
1121.86
1122.16
1122.90
1123.42
1123.43
1123.64
1123.97
1124.38
1124.54
1125.20
1125.60
1125.65
1126.29
1126.36
1126.86
1127.32
1127.45
1128.28
1128.48
1129.21
1129.26
1130.62
1130.78
1130.90
1130.98
1131.20
1132.18
1133.16
1133.42
1133.48
1133.67
1134.11
1134.82
1134.99
1135.08
1135.30
1135.39
1135.89
1135.98
1136.21
1136.26
1136.53
1137.18
1137.46
1137.51
1137.51
1137.77
1138.03
1138.90
1139.03
1139.11
1139.92
1141.24
1142.53
1143.10
1143.61
1144.31
1144.39
1144.69
1145.63
1145.99
1146.46
1146.74
1146.92
1146.93
1146.95
1147.31
1147.92
1148.26
1148.38
1148.76
1149.40
1149.46
1150.14
1150.80
1151.16
1151.74
1152.27
1152.45
1152.57
1152.76
1153.10
1153.25
1153.59
1153.76
1153.85
1154.01
1154.62
1155.30
1155.56
1156.09
1156.24
1156.39
1156.78
1156.89
1157.04
1157.08
1159.24
1159.51
1160.61
1161.04
1161.83
1162.28
1162.85
1163.08
1164.45
1164.49
1164.85
1164.93
1165.07
1165.10
1165.29
1165.66
1165.89
1166.33
1166.39
1166.68
1166.87
1167.55
1168.31
1168.65
1168.89
1169.16
1169.33
1169.69
1169.95
1169.98
1170.92
1170.98
1171.35
1171.42
1171.58
1171.68
1171.78
1171.80
1172.03
1172.39
1172.51
1173.94
1174.04
1174.39
1176.02
1176.06
1177.08
1177.52
1178.05
1178.08
1178.19
1178.53
1178.72
1179.12
1179.42
1179.63
1179.69
1179.91
1180.38
1180.90
1181.10
1181.67
1181.89
1182.73
1182.75
1182.95
1183.39
1184.00
1184.10
1184.35
1184.81
1185.22
1185.59
1185.72
1185.99
1187.08
1187.27
1188.18
1188.47
1188.51
1188.78
1189.92
1189.95
1190.14
1190.47
1190.84
1191.33
1192.54
1193.22
1193.26
1193.40
1193.54
1193.65
1193.91
1194.40
1195.42
1195.81
1196.18
1196.71
1196.85
1196.95
1197.18
1198.38
1198.46
1199.05
1200.43
1201.19
1202.06
1202.20
1202.66
1202.71
1203.13
1203.91
1204.26
1204.52
1204.72
1204.94
1205.04
1205.50
1205.56
1206.40
1206.53
1207.10
1207.12
1207.57
1207.77
1207.83
1208.20
1208.71
1209.00
1209.19
1209.61
1210.24
1210.50
1210.79
1210.96
1211.04
1211.32
1212.51
1213.28
1213.65
1214.22
1214.22
1214.27
1214.45
1214.66
1214.69
1214.86
1214.95
1215.21
1215.37
1215.98
1215.99
1216.04
1216.33
1216.40
1216.99
1217.07
1217.20
1217.39
1218.93
1218.98
1219.65
1219.93
1220.19
1220.23
1221.00
1221.40
1221.50
1222.23
1222.59
1222.60
1222.96
1223.57
1223.82
1223.88
1224.02
1224.03
1224.63
1224.64
1224.64
1224.80
1224.92
1225.00
1225.45
1225.62
1226.08
1226.32
1226.40
1227.20
1227.56
1227.58
1227.98
1228.22
1228.23
1228.37
1228.55
1228.65
1228.71
1228.85
1229.03
1230.20
1231.07
1231.16
1231.18
1231.42
1232.24
1233.06
1233.12
1233.30
1233.31
1233.36
1234.08
1234.28
1234.32
1234.86
1235.06
1235.16
1235.66
1235.79
1235.81
1235.82
1236.02
1236.89
1237.14
1237.63
1237.95
1238.15
1238.20
1238.24
1238.24
1238.70
1239.37
1239.76
1239.95
1240.25
1240.83
1241.41
1241.42
1241.56
1242.05
1242.09
1242.11
1242.77
1242.86
1242.90
1242.90
1243.10
1243.55
1244.42
1244.66
1244.74
1245.03
1245.30
1245.79
1246.35
1246.77
1246.78
1247.13
1247.26
1248.06
1248.09
1248.30
1248.48
1248.55
1248.62
1248.79
1248.80
1249.21
1249.52
1250.43
1250.71
1251.96
1252.01
1252.51
1253.03
1253.14
1253.79
1254.04
1254.17
1254.79
1254.79
1254.89
1255.65
1256.01
1256.07
1256.12
1256.54
1256.69
1256.84
1257.24
1257.44
1259.07
1259.07
1259.91
1260.68
1260.70
1260.72
1261.17
1262.02
1262.10
1262.20
1262.33
1262.44
1262.81
1263.13
1263.54
1263.56
1263.93
1264.30
1265.00
1265.22
1265.44
1266.27
1266.52
1266.56
1266.59
1266.71
1267.45
1267.73
1267.78
1268.25
1268.30
1268.55
1268.92
1268.95
1269.37
1269.77
1269.84
1270.06
1270.68
1271.01
1271.09
1271.35
1272.01
1272.14
1272.15
1272.62
1272.79
1273.05
1273.17
1273.52
1273.61
1273.65
1273.71
1274.23
1274.30
1274.30
1274.37
1274.40
1274.41
1274.43
1274.60
1274.89
1275.07
1275.09
1275.23
1275.46
1275.46
1275.57
1276.09
1277.75
1277.82
1278.02
1278.06
1279.07
1279.34
1279.52
1279.73
1279.77
1279.90
1279.98
1280.22
1280.24
1280.88
1282.36
1282.42
1282.61
1282.96
1283.41
1283.48
1283.66
1283.73
1284.46
1285.06
1285.34
1286.20
1286.74
1286.76
1286.81
1287.02
1287.20
1290.23
1290.60
1290.86
1290.98
1291.53
1293.11
1294.23
1294.74
1295.53
1296.26
1296.75
1296.78
1296.90
1297.30
1298.65
1298.84
1299.05
1299.54
1299.60
1299.66
1300.02
1300.02
1300.49
1301.25
1301.37
1301.44
1301.91
1301.92
1302.02
1302.09
1303.09
1303.30
1303.59
1303.61
1303.63
1304.11
1304.22
1304.25
1305.76
1305.92
1306.24
1307.97
1308.53
1308.87
1309.45
1309.72
1309.76
1311.27
1311.51
1311.86
1312.25
1312.50
1313.27
1313.84
1313.85
1314.29
1314.35
1314.55
1314.62
1314.76
1314.82
1315.50
1315.53
1315.66
1315.66
1316.23
1316.33
1317.01
1317.20
1317.98
1319.51
1319.51
1319.81
1320.37
1320.42
1320.52
1320.69
1321.19
1321.98
1322.87
1324.00
1324.46
1324.77
1325.07
1325.40
1325.82
1325.95
1326.38
1326.72
1326.82
1327.46
1327.77
1328.78
1329.19
1329.35
1329.51
1329.76
1330.09
1330.25
1330.53
1331.64
1331.73
1331.90
1332.15
1332.26
1332.78
1332.97
1333.17
1333.26
1333.44
1333.57
1333.82
1334.02
1334.05
1334.21
1334.44
1334.99
1335.18
1335.29
1335.70
1336.25
1336.51
1336.56
1337.23
1337.53
1337.85
1338.63
1338.89
1338.94
1339.33
1340.42
1340.92
1341.14
1341.88
1342.67
1343.54
1344.18
1344.50
1344.60
1344.73
1345.76
1346.11
1346.67
1346.89
1346.91
1346.93
1347.00
1347.09
1347.21
1349.45
1350.56
1350.99
1351.02
1351.64
1351.86
1352.03
1352.49
1352.89
1353.37
1353.87
1354.78
1355.04
1355.07
1356.44
1356.57
1357.30
1357.68
1357.98
1357.99
1358.36
1358.73
1359.02
1359.21
1359.21
1359.42
1359.64
1359.64
1360.65
1360.90
1361.26
1361.32
1362.14
1362.16
1364.33
1364.44
1364.69
1365.60
1365.62
1365.88
1365.96
1366.32
1367.81
1367.86
1367.93
1369.06
1369.22
1369.50
1369.75
1369.92
1369.92
1370.14
1370.41
1370.88
1370.94
1371.16
1371.33
1371.33
1371.38
1372.04
1372.20
1372.25
1372.33
1372.39
1372.90
1373.09
1373.48
1373.82
1374.00
1374.50
1374.56
1374.61
1374.62
1375.75
1376.65
1377.69
1377.69
1378.06
1378.18
1378.36
1379.90
1380.08
1380.70
1380.70
1380.78
1381.23
1381.42
1381.71
1382.17
1382.63
1383.01
1383.80
1383.88
1384.34
1384.61
1385.33
1385.64
1386.21
1386.57
1386.57
1387.50
1387.98
1388.10
1388.13
1388.36
1389.31
1389.32
1389.85
1390.52
1390.66
1390.83
1390.95
1391.55
1391.97
1392.89
1392.89
1393.14
1393.27
1394.58
1396.66
1397.55
1397.63
1398.11
1398.45
1398.72
1399.04
1399.05
1399.69
1399.88
1401.29
1401.75
1402.73
1402.83
1403.14
1403.60
1403.84
1403.92
1404.53
1404.72
1404.72
1404.94
1405.47
1406.08
1406.41
1406.47
1406.90
1407.10
1407.57
1408.10
1408.27
1408.36
1408.41
1409.26
1409.29
1409.32
1409.67
1410.51
1411.46
1411.46
1411.70
1412.77
1412.96
1413.92
1414.35
1414.59
1415.11
1415.50
1415.74
1415.82
1416.00
1416.97
1417.10
1417.24
1417.24
1417.32
1418.02
1418.13
1418.78
1418.99
1419.10
1419.64
1419.68
1420.01
1420.82
1420.99
1421.36
1421.40
1421.73
1421.76
1422.02
1422.79
1423.14
1423.33
1423.91
1424.70
1424.70
1424.75
1424.96
1424.98
1425.39
1425.58
1425.79
1426.24
1426.29
1426.36
1426.40
1426.80
1427.46
1427.49
1428.54
1428.65
1429.08
1429.39
1429.41
1429.61
1430.43
1430.43
1430.57
1430.72
1430.86
1431.11
1431.58
1431.84
1432.74
1432.77
1433.02
1433.53
1433.61
1434.37
1434.97
1435.06
1435.30
1435.34
1435.84
1435.98
1436.18
1436.23
1437.02
1437.44
1438.36
1438.59
1438.66
1438.84
1439.00
1439.17
1439.23
1439.25
1439.28
1439.43
1439.64
1440.12
1440.81
1441.01
1441.41
1441.80
1442.13
1442.58
1442.83
1443.13
1443.19
1444.43
1445.30
1445.88
1446.44
1446.62
1446.95
1447.02
1447.90
1448.62
1451.68
1451.73
1452.37
1452.56
1452.65
1452.80
1454.21
1454.38
1454.48
1454.76
1454.81
1455.30
1456.43
1456.48
1457.22
1457.25
1457.31
1457.35
1458.56
1459.16
1459.48
1460.30
1460.72
1461.34
1461.89
1462.31
1462.86
1463.60
1463.92
1464.03
1464.30
1464.70
1464.84
1465.73
1466.01
1466.03
1466.74
1467.03
1467.66
1467.95
1467.97
1468.87
1469.35
1469.62
1469.75
1469.94
1469.95
1470.84
1472.23
1473.06
1473.49
1474.03
1474.43
1474.97
1475.00
1475.05
1475.91
1476.04
1476.38
1477.38
1477.77
1477.81
1477.93
1478.04
1479.01
1479.24
1480.53
1480.84
1481.10
1482.33
1482.81
1483.00
1483.42
1483.69
1484.43
1487.26
1487.31
1487.89
1488.58
1489.10
1489.50
1490.15
1490.44
1490.56
1490.74
1491.05
1491.19
1491.19
1492.68
1493.36
1493.53
1494.10
1494.44
1495.35
1495.57
1495.78
1496.67
1497.00
1497.64
1497.94
1497.99
1498.24
1498.68
1498.88
1499.72
1499.72
1500.16
1500.71
1501.21
1501.46
1501.78
1502.38
1503.00
1503.20
1503.91
1504.17
1504.48
1505.20
1506.05
1506.13
1506.44
1506.45
1507.87
1507.99
1508.17
1508.33
1509.41
1509.41
1509.44
1509.78
1510.71
1511.09
1511.63
1511.76
1511.94
1512.12
1512.30
1512.79
1512.79
1513.74
1513.86
1514.30
1515.20
1517.64
1517.97
1518.04
1518.19
1519.40
1519.86
1521.05
1521.16
1521.38
1521.52
1522.15
1522.61
1523.22
1523.45
1523.52
1524.13
1524.37
1524.92
1524.94
1526.11
1526.11
1526.70
1526.80
1527.02
1527.15
1528.07
1528.62
1529.00
1529.91
1530.59
1531.33
1531.65
1531.65
1532.21
1532.36
1532.68
1533.74
1534.87
1534.97
1535.00
1535.00
1535.12
1535.76
1535.98
1537.04
1537.04
1537.08
1537.24
1537.43
1537.46
1537.53
1537.88
1538.03
1538.86
1540.54
1541.12
1541.57
1541.57
1541.62
1542.33
1542.96
1543.04
1543.23
1543.54
1543.84
1544.03
1545.20
1545.35
1545.67
1545.78
1546.49
1546.95
1546.99
1547.31
1547.39
1547.47
1548.08
1548.36
1548.51
1548.76
1548.78
1550.98
1551.14
1551.33
1551.83
1552.17
1553.06
1553.85
1555.01
1556.68
1556.78
1556.88
1556.96
1557.13
1557.59
1557.67
1557.84
1558.14
1558.78
1558.90
1558.95
1559.24
1560.03
1560.67
1561.40
1561.94
1562.11
1562.60
1562.90
1564.00
1564.12
1564.43
1564.71
1564.90
1567.00
1567.37
1567.37
1567.71
1567.73
1568.14
1568.19
1568.24
1568.26
1568.46
1568.71
1568.97
1569.05
1569.33
1569.33
1569.56
1569.72
1570.24
1570.26
1570.50
1571.57
1571.98
1572.30
1573.68
1574.31
1574.73
1575.35
1575.52
1575.67
1576.03
1576.90
1577.00
1577.12
1577.79
1578.20
1578.50
1579.32
1579.80
1579.89
1580.64
1580.64
1580.93
1583.48
1583.57
1584.80
1585.09
1585.81
1586.81
1587.43
1587.72
1587.84
1587.98
1588.17
1588.17
1589.25
1590.37
1590.51
1590.57
1591.09
1591.59
1591.59
1592.04
1592.54
1592.80
1593.28
1593.73
1593.74
1594.00
1594.33
1594.43
1594.50
1594.68
1595.19
1595.83
1596.11
1596.21
1597.18
1597.27
1597.80
1597.87
1598.41
1598.77
1599.05
1599.62
1600.48
1600.83
1601.31
1602.32
1602.35
1602.65
1602.65
1602.86
1603.40
1603.71
1604.18
1604.92
1605.96
1606.90
1607.67
1607.86
1608.19
1608.28
1608.35
1609.48
1610.11
1610.35
1610.99
1611.12
1611.27
1611.50
1613.33
1613.37
1613.44
1613.58
1613.65
1613.75
1614.08
1614.29
1614.50
1615.48
1617.93
1617.98
1618.12
1618.84
1619.77
1619.80
1620.29
1620.61
1621.03
1621.49
1621.73
1622.80
1622.86
1622.94
1623.33
1623.61
1623.70
1623.80
1624.02
1624.10
1624.23
1624.42
1624.96
1625.14
1625.60
1625.81
1626.32
1626.92
1627.69
1628.48
1628.52
1628.66
1629.81
1629.91
1630.05
1630.12
1630.85
1631.61
1633.43
1634.06
1634.43
1635.37
1635.39
1636.41
1636.70
1637.55
1638.77
1639.04
1639.45
1639.68
1639.96
1640.94
1641.18
1641.27
1641.84
1641.98
1642.59
1642.98
1643.65
1645.33
1646.41
1646.59
1646.59
1646.61
1646.63
1647.00
1647.86
1647.95
1648.12
1648.16
1649.94
1650.07
1650.16
1650.39
1650.96
1651.68
1652.59
1652.71
1653.00
1653.04
1653.34
1653.82
1654.07
1654.32
1655.38
1656.19
1656.49
1656.87
1658.82
1659.18
1661.55
1662.15
1662.16
1662.18
1662.61
1663.03
1663.30
1663.53
1664.05
1664.40
1665.15
1665.44
1665.60
1665.89
1665.91
1666.04
1666.29
1666.97
1667.33
1667.35
1667.51
1667.80
1668.38
1668.40
1668.45
1668.87
1668.90
1669.41
1669.72
1671.72
1671.72
1671.74
1673.23
1673.30
1674.02
1674.33
1674.48
1674.48
1674.75
1675.27
1675.96
1676.51
1676.67
1676.76
1677.09
1678.21
1679.05
1679.14
1679.54
1680.30
1680.37
1680.85
1680.96
1681.34
1683.67
1684.38
1684.69
1684.89
1685.25
1685.55
1686.33
1687.79
1687.86
1688.05
1688.32
1688.41
1688.59
1688.81
1688.87
1690.39
1690.44
1690.55
1691.35
1691.61
1691.94
1692.36
1692.91
1692.98
1694.98
1695.35
1695.53
1695.83
1696.34
1696.60
1696.96
1697.09
1697.15
1697.40
1697.79
1699.17
1699.46
1699.68
1700.33
1700.47
1701.58
1701.89
1702.00
1702.83
1703.05
1703.70
1703.72
1703.73
1703.97
1704.14
1704.40
1704.43
1704.82
1705.30
1706.00
1706.11
1706.17
1706.17
1706.89
1707.63
1708.55
1708.76
1709.87
1712.77
1713.16
1714.00
1714.11
1715.00
1715.28
1715.37
1715.42
1715.85
1716.26
1718.19
1718.68
1720.00
1720.85
1721.04
1721.08
1721.37
1722.62
1722.72
1722.98
1723.33
1723.35
1723.83
1724.21
1724.75
1724.93
1725.40
1725.57
1725.91
1726.13
1726.78
1726.88
1727.66
1727.98
1728.05
1728.86
1729.20
1729.35
1730.11
1730.45
1730.51
1730.56
1730.77
1731.03
1731.99
1732.40
1733.20
1733.28
1733.37
1733.49
1733.52
1733.60
1733.82
1733.94
1734.33
1735.83
1737.03
1737.11
1737.56
1738.41
1738.90
1739.22
1742.27
1742.87
1744.10
1744.28
1744.44
1744.93
1745.10
1745.59
1745.93
1749.82
1750.43
1750.90
1751.55
1751.64
1751.85
1751.96
1752.06
1752.36
1752.78
1752.80
1752.82
1753.33
1755.15
1755.21
1757.01
1758.33
1758.33
1758.44
1758.76
1759.39
1760.42
1760.59
1760.67
1760.69
1761.85
1762.04
1762.42
1762.71
1762.92
1763.91
1763.95
1764.14
1764.77
1765.15
1765.65
1765.68
1765.88
1766.05
1766.64
1766.70
1766.89
1767.96
1768.25
1768.46
1769.66
1770.56
1771.18
1771.73
1771.94
1772.94
1773.44
1774.01
1774.03
1774.49
1774.82
1775.32
1775.63
1775.69
1776.05
1777.28
1777.51
1777.61
1777.68
1778.40
1778.40
1778.51
1778.61
1778.78
1781.57
1782.42
1782.63
1783.52
1784.27
1784.31
1784.37
1785.30
1785.43
1785.88
1786.05
1787.48
1787.81
1788.02
1788.72
1788.99
1789.51
1789.73
1789.98
1790.62
1791.28
1792.71
1792.98
1793.20
1793.20
1793.24
1793.31
1793.80
1793.91
1794.11
1794.75
1795.10
1795.29
1795.93
1795.99
1797.82
1798.15
1798.29
1798.35
1798.58
1800.18
1800.88
1801.11
1801.31
1802.55
1802.63
1802.71
1802.94
1803.72
1803.80
1804.09
1804.37
1804.45
1804.76
1804.97
1804.99
1805.46
1805.79
1806.81
1807.01
1807.34
1807.47
1808.18
1808.53
1808.55
1808.61
1808.94
1810.16
1810.33
1810.92
1811.47
1812.08
1813.17
1813.21
1813.41
1814.06
1814.33
1814.41
1814.71
1816.12
1816.38
1816.67
1816.81
1816.91
1819.50
1819.66
1819.80
1819.84
1820.15
1820.45
1820.57
1820.92
1821.65
1823.70
1823.84
1823.96
1824.06
1824.39
1825.79
1826.11
1826.21
1826.92
1828.46
1828.90
1830.26
1830.58
1830.86
1833.87
1834.37
1834.61
1834.88
1835.10
1835.20
1835.24
1835.38
1835.46
1835.54
1836.67
1837.41
1837.98
1838.30
1838.58
1839.00
1839.02
1839.20
1840.21
1840.85
1841.19
1841.31
1841.49
1841.57
1841.75
1841.77
1841.79
1841.89
1842.58
1842.60
1842.70
1844.04
1844.60
1844.68
1845.04
1845.94
1846.19
1846.37
1846.81
1847.19
1847.25
1847.35
1847.37
1847.47
1847.49
1847.87
1848.65
1849.43
1850.39
1850.86
1851.68
1852.42
1852.70
1853.36
1854.96
1855.07
1855.27
1855.79
1856.83
1857.29
1858.08
1858.18
1858.20
1858.88
1859.71
1859.85
1860.96
1863.03
1866.06
1867.87
1868.38
1868.54
1868.56
1870.22
1870.24
1870.44
1870.85
1873.24
1873.44
1873.64
1873.89
1874.07
1874.64
1876.00
1877.05
1877.05
1877.44
1878.78
1879.17
1879.31
1880.20
1880.73
1881.67
1881.83
1882.20
1882.22
1883.07
1884.24
1884.40
1884.70
1884.97
1885.15
1885.52
1886.05
1886.07
1887.03
1887.13
1887.66
1888.24
1888.44
1888.89
1889.36
1889.69
1889.93
1889.95
1890.46
1890.75
1890.89
1892.12
1892.71
1892.98
1893.41
1894.54
1894.66
1895.34
1897.78
1898.46
1898.72
1899.01
1902.26
1902.78
1903.06
1903.93
1904.01
1904.18
1904.49
1904.59
1905.31
1905.45
1905.89
1906.57
1907.10
1907.52
1908.18
1908.74
1909.19
1909.27
1909.58
1909.62
1909.62
1910.08
1910.28
1910.31
1910.64
1911.28
1911.50
1911.73
1913.35
1913.41
1913.53
1914.53
1915.54
1915.77
1915.85
1916.14
1916.21
1916.23
1916.81
1917.33
1918.42
1918.55
1918.55
1918.69
1918.82
1919.01
1919.19
1919.36
1920.31
1920.50
1921.15
1921.23
1921.25
1921.77
1922.23
1922.35
1923.14
1923.23
1923.29
1923.75
1924.08
1924.47
1926.58
1926.83
1927.87
1927.96
1928.87
1929.19
1931.59
1933.41
1933.64
1934.58
1935.19
1935.19
1937.37
1938.22
1938.73
1939.55
1940.07
1940.15
1940.15
1940.32
1941.50
1942.32
1943.85
1944.95
1945.41
1945.79
1946.55
1948.19
1948.61
1948.97
1949.01
1949.12
1949.24
1949.24
1949.96
1950.19
1950.57
1951.25
1951.86
1951.93
1953.30
1953.38
1953.51
1953.59
1954.21
1955.31
1955.37
1955.92
1956.07
1956.30
1957.04
1957.42
1958.84
1958.86
1959.12
1959.22
1959.99
1960.09
1960.31
1960.35
1960.69
1961.79
1962.15
1963.07
1963.58
1963.60
1963.81
1964.13
1964.57
1964.94
1965.06
1965.23
1965.32
1965.94
1966.70
1966.89
1967.96
1969.13
1969.41
1970.17
1970.36
1970.73
1970.85
1971.79
1972.20
1972.28
1972.50
1972.69
1973.03
1973.05
1973.99
1974.27
1974.65
1975.32
1975.57
1976.64
1976.88
1977.35
1977.63
1977.82
1978.91
1980.17
1981.63
1983.30
1984.16
1984.70
1985.73
1985.77
1985.77
1986.89
1987.11
1988.18
1989.90
1990.08
1990.44
1990.48
1990.70
1993.61
1994.84
1995.14
1995.42
1995.79
1996.07
1996.29
1996.65
1998.15
1999.36
1999.42
1999.75
1999.79
2001.80
2002.54
2002.54
2003.12
2003.80
2003.88
2004.14
2004.99
2004.99
2005.12
2006.20
2006.96
2008.55
2010.20
2010.27
2010.92
2011.18
2011.31
2012.77
2012.90
2013.23
2013.90
2013.92
2015.76
2015.86
2016.15
2016.28
2016.76
2016.78
2016.87
2017.02
2017.96
2018.42
2019.10
2019.51
2020.65
2021.02
2021.13
2021.59
2021.74
2021.74
2021.81
2022.31
2022.51
2023.08
2023.95
2024.67
2025.40
2026.25
2026.45
2027.19
2027.33
2027.87
2027.96
2028.69
2028.95
2029.63
2029.87
2029.92
2030.84
2031.48
2032.22
2032.86
2033.19
2033.35
2033.63
2033.72
2034.31
2036.69
2036.74
2038.35
2039.05
2039.32
2039.67
2040.04
2040.04
2041.04
2041.10
2041.83
2042.76
2042.83
2044.51
2045.77
2046.74
2047.39
2049.03
2049.18
2049.60
2050.09
2050.60
2050.98
2052.40
2053.09
2053.93
2054.84
2055.29
2055.51
2056.35
2056.60
2057.20
2058.38
2058.51
2059.67
2059.81
2060.63
2060.85
2061.97
2062.01
2062.97
2063.58
2063.62
2063.73
2064.05
2065.70
2066.03
2066.35
2066.93
2068.32
2068.61
2069.10
2070.08
2071.16
2071.45
2071.47
2073.02
2073.02
2073.56
2075.02
2075.49
2076.12
2078.79
2078.79
2079.13
2079.31
2080.46
2083.75
2083.79
2084.02
2084.08
2084.96
2085.44
2085.96
2086.09
2086.14
2086.32
2086.75
2089.53
2089.62
2090.57
2090.77
2091.40
2092.58
2093.55
2093.67
2093.87
2094.05
2094.60
2095.23
2095.68
2096.09
2097.52
2097.55
2098.25
2098.50
2098.88
2099.13
2099.16
2099.84
2100.02
2100.02
2100.07
2100.59
2100.68
2101.66
2101.84
2102.27
2102.82
2103.41
2104.16
2104.57
2104.93
2105.48
2105.53
2105.53
2107.21
2107.24
2107.53
2108.17
2108.74
2110.73
2111.27
2111.57
2112.71
2112.90
2113.54
2114.43
2115.12
2115.62
2115.87
2116.01
2116.70
2117.63
2117.77
2119.33
2119.81
2121.53
2121.58
2123.42
2124.47
2124.98
2126.20
2126.38
2126.50
2127.30
2129.74
2130.32
2130.69
2131.01
2131.59
2132.67
2132.77
2132.86
2133.46
2133.71
2134.24
2135.17
2135.24
2135.42
2135.49
2135.74
2136.37
2136.81
2137.15
2138.08
2138.68
2140.21
2140.60
2140.90
2141.30
2141.53
2142.59
2142.90
2142.94
2143.06
2143.50
2143.64
2144.87
2144.94
2145.66
2146.54
2146.75
2148.82
2149.17
2150.84
2152.75
2153.40
2153.59
2154.68
2155.45
2155.48
2156.60
2157.93
2157.95
2159.26
2161.27
2161.74
2162.25
2162.86
2163.00
2163.49
2163.58
2163.61
2164.24
2164.80
2164.94
2165.22
2167.12
2167.17
2169.80
2170.36
2170.71
2172.05
2173.32
2173.60
2177.06
2178.31
2179.80
2179.82
2179.96
2180.15
2180.69
2181.02
2181.40
2181.85
2182.04
2182.56
2183.10
2183.31
2183.41
2183.46
2183.53
2183.98
2184.52
2185.21
2185.96
2186.74
2187.62
2187.69
2188.09
2189.04
2189.75
2190.60
2190.91
2191.95
2192.48
2193.47
2194.21
2194.68
2195.02
2197.06
2197.37
2199.18
2199.29
2200.75
2200.98
2201.22
2201.44
2202.01
2202.22
2205.30
2205.54
2206.35
2206.35
2206.49
2207.09
2208.26
2209.96
2210.20
2211.49
2211.66
2211.73
2211.94
2212.95
2213.74
2215.73
2215.99
2216.04
2216.52
2217.91
2218.25
2219.90
2220.07
2221.39
2222.83
2223.24
2223.65
2224.98
2225.10
2226.20
2226.45
2226.85
2227.96
2228.18
2229.36
2231.32
2231.61
2233.88
2235.55
2236.30
2237.41
2238.09
2239.32
2239.88
2239.95
2241.43
2241.67
2241.75
2241.94
2242.52
2242.60
2242.64
2243.25
2244.12
2244.78
2245.31
2245.97
2246.02
2246.07
2246.58
2246.60
2249.94
2251.49
2251.69
2251.88
2252.03
2252.05
2253.37
2253.66
2254.05
2254.37
2255.00
2255.15
2255.61
2256.18
2256.35
2258.86
2259.03
2260.28
2260.48
2260.57
2260.67
2261.97
2262.48
2265.25
2265.30
2266.70
2266.77
2268.02
2268.24
2269.57
2270.35
2270.48
2270.55
2271.76
2272.00
2272.49
2274.26
2274.56
2274.61
2276.77
2276.77
2277.07
2277.83
2278.06
2278.11
2278.55
2278.82
2279.07
2279.09
2280.15
2281.34
2282.32
2284.28
2285.46
2286.58
2286.60
2286.92
2287.49
2287.94
2288.28
2288.56
2290.22
2290.91
2291.78
2292.57
2293.69
2294.08
2294.78
2295.15
2295.60
2296.00
2296.20
2296.79
2297.02
2297.36
2297.54
2297.96
2297.98
2298.46
2298.66
2299.40
2299.63
2300.62
2301.24
2301.52
2301.89
2302.79
2303.71
2304.21
2306.28
2306.48
2307.95
2308.33
2308.35
2309.10
2310.28
2310.38
2311.38
2311.50
2313.80
2314.35
2315.25
2316.88
2318.31
2318.36
2318.54
2318.89
2319.04
2319.57
2320.40
2320.42
2320.67
2320.95
2321.20
2321.68
2321.95
2322.48
2323.34
2323.46
2324.52
2324.89
2325.75
2325.88
2326.20
2326.23
2326.53
2327.34
2328.44
2328.47
2329.35
2329.40
2329.48
2329.86
2330.31
2330.96
2331.07
2332.10
2333.29
2335.58
2335.94
2335.94
2336.52
2336.60
2337.25
2337.30
2337.71
2338.87
2338.97
2339.28
2339.53
2340.19
2341.73
2341.91
2343.18
2345.82
2346.02
2346.27
2347.75
2347.97
2348.18
2349.60
2350.41
2350.87
2351.15
2351.71
2352.30
2352.83
2353.54
2354.39
2354.54
2354.59
2354.61
2355.91
2356.88
2357.04
2357.93
2357.93
2357.98
2358.34
2358.59
2359.69
2359.84
2361.07
2361.32
2361.35
2363.57
2363.78
2363.85
2364.21
2365.80
2366.57
2366.72
2367.23
2367.36
2368.10
2369.72
2370.33
2371.69
2371.95
2372.23
2372.80
2372.90
2373.00
2374.26
2374.78
2375.70
2375.83
2375.86
2376.68
2376.86
2378.68
2379.12
2380.54
2381.62
2382.57
2384.07
2384.07
2384.59
2384.82
2385.28
2385.49
2388.17
2388.30
2389.98
2390.97
2391.02
2391.02
2393.61
2394.41
2396.25
2396.25
2397.75
2398.53
2398.77
2398.77
2401.62
2402.06
2403.52
2404.38
2405.11
2405.86
2407.48
2407.61
2408.52
2409.85
2410.16
2410.27
2410.29
2410.40
2412.69
2413.66
2414.49
2414.83
2414.99
2415.51
2416.01
2416.69
2418.78
2419.59
2420.61
2421.43
2422.08
2422.45
2422.68
2422.79
2423.21
2424.15
2426.54
2428.62
2430.38
2430.38
2430.72
2430.85
2432.19
2433.56
2433.88
2434.64
2434.64
2434.67
2436.06
2436.88
2436.99
2437.80
2438.20
2438.49
2439.20
2439.23
2441.05
2441.42
2441.53
2441.84
2442.29
2442.58
2442.66
2443.22
2443.40
2444.17
2444.75
2445.02
2445.92
2446.05
2446.18
2446.60
2446.81
2446.87
2448.46
2448.64
2449.65
2449.99
2451.13
2451.37
2452.17
2452.51
2452.59
2453.26
2453.34
2453.39
2453.81
2455.06
2456.79
2457.08
2457.75
2458.15
2459.05
2459.93
2460.22
2460.43
2460.67
2461.71
2462.19
2462.32
2463.04
2463.07
2463.47
2465.39
2466.40
2466.62
2466.96
2467.15
2468.33
2469.50
2470.44
2472.39
2472.79
2473.81
2474.61
2475.74
2475.95
2476.24
2476.41
2476.70
2478.44
2478.47
2478.66
2478.76
2479.43
2480.51
2480.99
2481.72
2482.84
2484.21
2487.50
2487.66
2488.57
2488.73
2488.79
2488.92
2489.73
2490.57
2490.65
2491.19
2491.94
2492.10
2492.32
2493.94
2494.56
2494.61
2494.91
2495.34
2495.50
2495.77
2496.18
2497.34
2498.72
2499.23
2499.26
2500.66
2500.85
2501.34
2503.29
2503.32
2503.45
2504.81
2506.03
2506.79
2507.28
2507.36
2508.63
2508.74
2509.01
2510.37
2510.51
2511.59
2512.16
2512.27
2514.91
2515.45
2515.59
2515.67
2516.35
2518.89
2519.29
2520.39
2520.49
2520.77
2521.29
2522.98
2524.12
2524.56
2525.74
2526.12
2527.43
2528.25
2528.39
2528.42
2528.74
2528.94
2529.15
2529.92
2530.74
2531.73
2531.95
2532.22
2533.62
2533.92
2534.72
2535.95
2536.64
2536.99
2537.51
2537.73
2538.56
2538.69
2540.62
2540.87
2540.92
2541.86
2542.21
2542.54
2542.98
2545.63
2547.56
2551.78
2551.89
2552.13
2552.63
2552.74
2553.10
2553.13
2553.27
2553.82
2554.84
2555.64
2555.98
2556.42
2556.97
2557.36
2557.50
2557.91
2558.16
2558.72
2560.74
2561.26
2561.32
2562.15
2563.37
2564.29
2564.70
2566.65
2566.67
2567.03
2567.17
2568.37
2569.67
2569.98
2571.12
2572.62
2573.85
2574.43
2574.49
2574.96
2575.02
2577.30
2578.03
2580.65
2581.24
2582.02
2583.59
2584.62
2586.02
2586.49
2587.22
2587.45
2588.68
2588.73
2590.58
2590.84
2591.79
2592.13
2592.88
2593.39
2593.89
2594.99
2595.77
2596.79
2599.79
2599.85
2600.36
2600.41
2600.78
2601.88
2602.27
2602.55
2603.17
2603.20
2603.73
2605.48
2605.82
2605.85
2606.33
2608.22
2608.33
2608.53
2609.18
2609.57
2610.87
2611.04
2611.24
2611.78
2612.14
2612.57
2612.74
2613.10
2614.04
2614.29
2614.63
2616.56
2616.95
2617.94
2618.62
2619.33
2619.59
2619.59
2620.78
2620.86
2621.34
2621.69
2621.86
2624.35
2625.46
2625.52
2626.77
2626.85
2627.65
2627.93
2628.16
2628.73
2629.04
2629.64
2630.32
2630.61
2632.00
2632.26
2632.89
2635.71
2636.28
2636.39
2636.53
2636.76
2636.93
2637.56
2637.73
2637.73
2637.85
2638.82
2639.27
2640.99
2642.76
2643.79
2644.45
2644.65
2645.94
2648.57
2649.46
2649.55
2650.61
2653.68
2655.40
2655.69
2657.64
2659.66
2660.98
2661.27
2661.50
2662.39
2662.39
2662.68
2664.38
2664.84
2665.19
2665.22
2666.60
2666.77
2666.80
2667.87
2668.48
2668.71
2669.43
2669.52
2672.32
2674.23
2675.56
2676.63
2676.89
2677.64
2677.70
2678.25
2679.85
2680.05
2680.25
2682.40
2684.43
2686.00
2686.09
2686.64
2687.66
2688.76
2689.90
2690.02
2690.51
2690.71
2691.47
2692.11
2692.32
2693.71
2696.19
2698.21
2698.91
2701.33
2703.17
2703.41
2703.41
2703.67
2703.76
2703.88
2703.99
2704.14
2704.46
2706.83
2707.68
2709.70
2711.55
2715.66
2716.01
2716.19
2716.48
2718.60
2720.37
2721.19
2722.46
2724.46
2725.08
2725.14
2725.88
2728.21
2728.27
2728.27
2728.80
2729.03
2730.10
2730.51
2731.10
2731.52
2731.58
2732.31
2732.52
2733.64
2733.82
2735.42
2738.00
2738.88
2739.36
2740.84
2742.38
2744.16
2746.78
2747.67
2748.86
2750.17
2750.65
2751.42
2751.51
2751.87
2752.13
2753.09
2754.34
2755.29
2755.32
2755.41
2758.96
2759.44
2759.44
2759.95
2760.10
2762.07
2763.02
2763.41
2763.41
2764.22
2764.28
2765.39
2766.13
2766.13
2767.15
2767.36
2767.72
2768.44
2769.07
2773.33
2773.90
2774.08
2774.26
2777.35
2778.31
2778.40
2779.15
2779.76
2780.15
2780.87
2781.59
2783.46
2783.70
2784.09
2785.24
2786.29
2786.92
2789.13
2789.25
2789.43
2789.61
2790.03
2790.48
2790.79
2792.27
2792.60
2795.86
2796.08
2796.23
2797.01
2799.77
2800.07
2801.10
2801.10
2801.10
2803.13
2803.74
2804.80
2804.95
2805.38
2805.77
2807.14
2807.41
2807.84
2811.39
2812.25
2812.40
2812.64
2816.91
2817.55
2817.70
2818.03
2819.41
2821.11
2822.73
2822.98
2826.09
2827.17
2828.05
2828.39
2830.56
2831.48
2831.70
2831.91
2831.97
2832.28
2832.37
2832.49
2833.69
2834.58
2834.88
2836.17
2836.82
2837.49
2838.54
2838.97
2840.16
2840.38
2841.18
2841.79
2844.38
2847.43
2850.02
2851.28
2852.17
2852.79
2852.79
2856.59
2856.87
2857.18
2857.89
2858.97
2859.84
2861.48
2862.19
2862.62
2862.78
2863.83
2864.17
2866.34
2866.72
2866.90
2867.15
2867.27
2867.52
2869.23
2869.82
2873.14
2873.27
2873.36
2873.64
2877.03
2877.28
2878.46
2878.87
2879.21
2881.83
2883.45
2883.76
2884.45
2885.29
2885.57
2886.76
2888.07
2888.57
2889.85
2890.45
2891.23
2891.29
2892.33
2892.67
2894.11
2894.20
2894.55
2894.96
2895.93
2896.15
2897.06
2898.87
2899.44
2900.07
2900.63
2900.85
2901.20
2901.54
2902.36
2902.99
2904.02
2904.90
2904.90
2905.97
2906.57
2908.24
2913.68
2913.87
2914.88
2916.08
2916.37
2916.46
2916.87
2917.31
2918.51
2919.02
2919.55
2919.90
2920.09
2920.09
2921.07
2921.23
2923.09
2923.47
2924.30
2924.55
2926.92
2928.29
2928.92
2929.97
2932.15
2932.72
2933.01
2933.90
2934.09
2935.20
2935.49
2936.95
2937.17
2937.17
2938.60
2939.65
2940.38
2942.58
2945.44
2947.55
2948.22
2948.92
2949.59
2949.97
2951.38
2951.47
2951.89
2952.02
2955.63
2957.68
2957.90
2958.44
2958.54
2959.28
2959.66
2960.11
2960.59
2960.72
2967.32
2967.36
2968.96
2969.96
2970.02
2971.37
2971.50
2973.33
2973.82
2974.62
2974.72
2975.01
2975.39
2976.68
2976.87
2977.36
2978.07
2978.81
2979.03
2979.81
2981.36
2981.65
2982.36
2984.74
2985.81
2985.94
2986.07
2988.85
2988.91
2989.62
2990.40
2990.85
2990.92
2993.54
2993.67
2993.90
2994.38
2994.42
2995.00
2995.84
2996.20
2996.98
3000.12
3001.65
3001.71
3003.60
3003.79
3006.72
3006.92
3007.99
3009.29
3009.62
3009.71
3010.72
3011.28
3012.48
3013.40
3015.13
3015.94
3017.08
3017.83
3021.66
3024.01
3027.55
3028.69
3028.79
3029.42
3029.61
3031.09
3033.25
3033.35
3033.94
3035.55
3035.58
3035.81
3036.80
3037.72
3041.70
3041.73
3042.55
3044.46
3044.63
3044.76
3045.52
3045.52
3046.51
3047.30
3048.62
3048.65
3049.90
3050.89
3051.09
3052.71
3052.98
3053.04
3054.03
3054.96
3055.88
3056.88
3060.02
3060.78
3060.81
3061.34
3062.44
3065.39
3065.89
3068.31
3070.70
3071.33
3071.53
3073.06
3075.55
3078.35
3079.68
3080.08
3083.18
3085.99
3086.29
3086.35
3086.42
3088.39
3089.43
3089.86
3090.63
3091.17
3092.64
3093.01
3093.78
3094.68
3095.35
3096.89
3097.86
3100.31
3100.41
3100.65
3101.02
3103.90
3105.68
3106.15
3106.93
3109.82
3109.92
3111.33
3113.15
3113.39
3116.52
3116.59
3116.79
3116.96
3117.74
3118.34
3119.69
3120.50
3121.01
3121.11
3121.68
3122.26
3123.07
3123.44
3126.15
3126.65
3126.69
3129.26
3130.55
3130.68
3130.72
3131.70
3132.68
3133.36
3133.43
3134.55
3135.26
3137.02
3137.02
3142.15
3142.29
3143.00
3143.17
3143.48
3144.29
3144.57
3145.18
3147.09
3148.41
3152.54
3153.39
3154.76
3155.51
3155.88
3158.31
3158.96
3160.74
3162.99
3163.23
3163.99
3164.40
3165.12
3165.18
3167.17
3170.09
3170.46
3170.50
3171.11
3171.77
3172.01
3172.59
3172.90
3175.75
3175.92
3180.46
3180.56
3180.74
3180.98
3182.80
3182.91
3183.80
3184.28
3185.04
3186.08
3186.73
3186.76
3188.04
3192.36
3194.15
3195.29
3195.50
3195.85
3196.36
3197.54
3198.23
3198.89
3198.92
3199.72
3199.96
3202.80
3210.37
3210.44
3210.58
3210.71
3210.89
3211.79
3212.52
3217.32
3217.39
3218.68
3221.15
3221.19
3223.70
3223.84
3224.12
3224.47
3226.91
3227.78
3231.87
3232.95
3237.08
3237.51
3241.78
3241.78
3242.41
3242.45
3242.55
3244.03
3248.24
3249.61
3249.82
3249.86
3251.30
3252.46
3253.66
3254.15
3255.10
3256.09
3256.48
3258.98
3259.58
3259.79
3264.03
3264.10
3265.19
3267.31
3268.94
3269.11
3270.92
3271.10
3272.48
3274.28
3276.05
3276.48
3277.08
3277.08
3278.32
3278.36
3278.47
3279.10
3279.53
3280.35
3282.80
3283.76
3284.11
3284.40
3284.47
3285.96
3286.92
3288.52
3290.48
3290.69
3292.40
3292.65
3293.08
3295.54
3295.72
3296.04
3296.39
3298.07
3298.21
3298.50
3299.46
3300.93
3301.57
3302.03
3302.64
3303.28
3303.71
3305.75
3305.93
3306.00
3306.11
3306.18
3306.82
3307.18
3308.51
3309.33
3309.47
3309.79
3310.73
3310.87
3311.16
3311.41
3312.23
3312.48
3312.66
3314.24
3315.31
3315.89
3321.17
3321.38
3322.68
3323.54
3324.22
3324.22
3328.94
3329.12
3330.20
3332.07
3332.25
3335.61
3337.16
3338.32
3341.68
3341.78
3345.55
3347.65
3350.18
3351.27
3351.42
3352.54
3353.16
3353.19
3353.45
3354.35
3356.97
3357.62
3357.99
3358.02
3358.42
3358.53
3359.08
3359.95
3360.82
3361.73
3361.73
3362.35
3364.50
3368.17
3371.42
3372.59
3373.24
3375.47
3377.30
3377.59
3378.03
3381.06
3381.36
3382.82
3383.00
3383.19
3383.88
3384.32
3384.50
3386.96
3388.42
3392.17
3395.77
3397.64
3401.28
3402.20
3402.24
3403.78
3404.23
3407.10
3408.69
3409.02
3410.79
3410.86
3411.53
3411.56
3411.93
3413.11
3413.63
3413.85
3417.36
3417.92
3419.44
3419.77
3420.69
3420.77
3421.36
3421.80
3422.62
3425.17
3425.43
3426.36
3426.51
3426.69
3427.70
3428.21
3428.25
3428.40
3429.25
3430.03
3430.33
3430.66
3432.11
3432.52
3434.75
3434.97
3435.01
3436.31
3440.22
3440.96
3441.37
3441.89
3445.84
3445.88
3447.74
3448.08
3448.49
3450.65
3451.36
3453.49
3453.75
3455.14
3458.69
3459.18
3460.94
3461.57
3461.91
3462.17
3463.60
3463.71
3464.46
3467.87
3470.09
3474.67
3474.93
3475.84
3479.82
3480.01
3480.05
3480.31
3482.20
3482.76
3483.44
3483.59
3484.04
3484.57
3485.17
3485.89
3486.49
3487.63
3487.82
3488.27
3488.53
3488.99
3489.51
3493.71
3493.93
3495.94
3497.87
3498.74
3501.43
3502.79
3503.78
3506.17
3507.61
3508.67
3508.78
3510.61
3512.85
3513.15
3517.38
3517.68
3520.69
3521.49
3522.21
3523.16
3524.35
3525.34
3525.41
3526.37
3527.21
3527.74
3529.00
3530.11
3532.02
3532.21
3533.28
3533.78
3535.50
3535.73
3536.23
3536.42
3537.49
3537.99
3540.36
3543.20
3543.54
3544.38
3546.23
3547.95
3548.07
3549.07
3550.10
3551.29
3551.49
3551.64
3551.72
3555.10
3556.60
3557.83
3559.37
3560.68
3560.68
3561.41
3561.49
3561.49
3562.61
3563.34
3566.43
3568.24
3568.28
3570.09
3573.46
3574.04
3574.85
3575.51
3575.93
3576.78
3577.36
3580.38
3580.93
3581.43
3581.82
3583.29
3585.31
3585.81
3586.12
3588.45
3588.61
3588.65
3589.15
3590.43
3590.82
3591.01
3591.17
3592.03
3593.31
3594.94
3595.10
3595.33
3596.58
3596.96
3597.04
3599.85
3601.21
3604.09
3604.17
3604.21
3606.28
3608.54
3609.52
3615.38
3616.32
3616.99
3617.65
3620.86
3621.18
3622.19
3622.74
3625.68
3626.74
3630.47
3632.36
3634.28
3634.99
3635.15
3636.33
3636.37
3639.44
3640.15
3640.98
3641.84
3642.20
3642.43
3642.83
3644.68
3647.13
3647.36
3650.44
3651.47
3652.10
3655.62
3656.65
3657.48
3657.76
3659.74
3660.85
3664.21
3668.62
3671.16
3671.16
3673.58
3673.90
3674.89
3677.56
3679.27
3679.91
3680.98
3681.34
3681.46
3681.74
3682.34
3683.33
3685.45
3685.88
3686.76
3688.76
3688.80
3690.55
3690.71
3691.59
3691.75
3692.51
3694.19
3694.63
3694.63
3695.95
3698.83
3698.87
3699.03
3700.07
3700.31
3700.63
3703.63
3705.28
3705.92
3706.44
3707.44
3709.45
3709.65
3710.57
3713.95
3716.00
3716.96
3719.01
3721.91
3722.44
3723.68
3725.62
3728.12
3730.78
3730.94
3734.21
3734.21
3739.39
3740.44
3741.37
3743.40
3744.82
3745.14
3748.30
3752.20
3758.98
3759.92
3765.94
3767.74
3768.02
3768.43
3774.14
3774.22
3774.71
3774.92
3776.27
3776.63
3777.25
3777.70
3781.46
3783.51
3788.18
3790.02
3793.38
3795.15
3795.81
3796.05
3796.83
3797.20
3798.40
3800.94
3801.07
3801.19
3805.76
3806.13
3807.08
3808.11
3809.47
3812.11
3812.19
3812.23
3815.24
3815.32
3815.37
3816.03
3816.40
3817.14
3818.42
3818.71
3819.99
3820.24
3821.19
3821.44
3822.35
3824.67
3825.82
3826.82
3827.19
3827.94
3828.93
3830.38
3831.71
3833.99
3836.31
3836.81
3837.35
3837.89
3840.13
3840.13
3840.55
3841.13
3841.21
3842.58
3850.12
3853.49
3855.41
3855.99
3856.08
3856.20
3856.66
3856.79
3856.83
3856.95
3856.95
3858.58
3859.00
3859.88
3863.72
3864.77
3867.69
3870.79
3874.69
3879.05
3879.72
3880.48
3880.56
3882.83
3883.80
3884.60
3884.64
3884.81
3885.02
3887.08
3887.88
3888.04
3889.31
3889.73
3890.19
3892.63
3893.77
3896.34
3896.51
3896.59
3897.82
3899.33
3901.87
3902.04
3902.88
3903.85
3905.63
3906.09
3907.06
3912.56
3913.71
3918.41
3919.43
3922.10
3924.05
3924.48
3924.73
3925.54
3926.05
3928.09
3928.77
3931.28
3931.66
3931.70
3932.17
3935.79
3936.30
3936.47
3937.58
3940.52
3941.33
3942.73
3943.97
3945.38
3945.42
3946.62
3948.33
3949.10
3950.81
3953.58
3954.27
3956.45
3956.49
3957.14
3958.81
3960.18
3962.28
3962.41
3965.07
3965.54
3965.58
3971.89
3975.16
3976.32
3977.53
3978.17
3978.22
3981.92
3983.47
3984.50
3987.65
3992.62
3994.00
3995.08
3996.20
3996.42
3997.07
3997.98
4000.14
4003.56
4005.17
4007.42
4008.46
4009.07
4009.28
4011.58
4012.76
4013.28
4013.41
4015.62
4021.23
4022.88
4026.02
4026.89
4029.11
4029.11
4030.03
4032.65
4034.96
4035.13
4036.71
4038.19
4039.46
4041.73
4041.95
4043.66
4045.23
4046.24
4046.76
4048.08
4048.21
4051.54
4059.35
4059.57
4064.93
4066.34
4067.13
4067.26
4067.44
4067.53
4068.58
4069.24
4071.36
4074.53
4074.75
4076.16
4078.46
4078.59
4078.72
4080.05
4081.86
4083.05
4084.68
4087.03
4088.66
4090.74
4092.87
4094.95
4095.26
4098.58
4099.47
4100.76
4107.82
4108.75
4109.64
4109.86
4110.35
4110.58
4111.95
4117.52
4119.75
4121.58
4122.33
4122.33
4125.99
4126.71
4128.45
4130.77
4131.67
4134.93
4136.05
4136.86
4138.42
4138.51
4138.60
4138.69
4151.29
4151.83
4154.62
4154.93
4156.46
4156.73
4163.21
4164.20
4164.97
4168.62
4169.12
4169.21
4170.92
4173.36
4174.63
4177.29
4177.52
4179.23
4179.69
4186.88
4188.20
4189.06
4191.42
4193.19
4194.41
4194.50
4195.09
4196.73
4197.50
4200.54
4201.04
4201.68
4202.95
4206.32
4206.95
4207.27
4213.33
4213.42
4214.52
4215.66
4216.34
4216.66
4219.95
4221.09
4221.73
4224.01
4224.24
4224.61
4224.74
4229.41
4229.78
4232.89
4232.93
4233.39
4233.67
4237.88
4239.03
4239.81
4241.97
4242.29
4243.30
4246.33
4247.71
4247.75
4248.67
4254.01
4254.05
4257.09
4259.17
4259.31
4260.27
4261.66
4262.03
4265.67
4268.16
4269.73
4273.20
4273.25
4274.45
4275.33
4276.58
4278.52
4279.21
4279.45
4280.46
4281.07
4283.43
4284.36
4285.89
4288.34
4293.22
4293.41
4293.96
4294.20
4297.36
4298.10
4298.10
4301.22
4305.64
4312.96
4313.47
4317.35
4322.68
4324.27
4325.95
4328.06
4331.01
4331.53
4335.89
4341.90
4342.08
4342.79
4343.12
4344.34
4344.76
4345.99
4346.36
4350.08
4350.13
4350.64
4351.25
4351.54
4351.63
4359.93
4361.20
4362.76
4362.76
4366.54
4368.09
4369.04
4369.37
4370.84
4371.03
4374.57
4376.66
4380.68
4380.78
4381.44
4381.54
4383.72
4384.15
4388.04
4393.50
4397.83
4400.92
4403.97
4404.21
4405.12
4407.69
4410.50
4412.08
4415.66
4416.86
4423.50
4425.23
4426.14
4427.00
4427.24
4427.43
4431.36
4432.94
4433.04
4433.71
4435.29
4438.41
4440.33
4442.02
4445.43
4446.34
4448.51
4448.75
4449.42
4450.19
4451.54
4451.88
4452.84
4453.13
4455.25
4458.00
4458.39
4459.45
4459.98
4465.68
4470.42
4470.90
4477.29
4477.39
4477.43
4480.20
4482.04
4486.50
4488.10
4489.56
4490.92
4490.97
4491.80
4494.08
4495.35
4496.71
4498.80
4501.38
4501.87
4503.96
4506.94
4508.84
4509.47
4510.99
4511.91
4514.40
4518.07
4518.26
4518.41
4521.20
4522.08
4522.23
4522.72
4522.81
4524.82
4524.82
4525.16
4526.34
4529.23
4530.45
4531.34
4532.66
4532.81
4535.70
4535.85
4536.09
4536.39
4538.50
4540.12
4540.22
4543.31
4546.17
4546.86
4548.48
4551.58
4552.27
4552.52
4552.76
4553.30
4553.40
4555.72
4557.40
4560.45
4564.70
4567.47
4571.27
4571.72
4571.77
4577.81
4578.00
4581.72
4582.46
4584.55
4587.28
4591.25
4593.58
4595.03
4595.67
4597.81
4598.31
4599.85
4605.53
4606.23
4608.87
4616.35
4625.80
4626.60
4632.42
4633.97
4634.02
4635.87
4636.58
4641.95
4644.16
4646.22
4647.38
4647.83
4649.54
4655.43
4657.90
4658.55
4658.65
4659.11
4659.61
4659.61
4660.87
4661.17
4661.93
4662.69
4664.10
4667.73
4671.32
4671.47
4675.47
4676.08
4676.38
4677.80
4679.01
4679.62
4680.88
4683.97
4688.18
4688.23
4692.80
4693.87
4695.29
4695.34
4696.56
4697.68
4700.17
4701.08
4703.48
4704.44
4704.80
4706.02
4706.07
4706.43
4709.33
4709.89
4709.94
4710.15
4711.27
4712.34
4713.51
4717.39
4719.13
4721.63
4722.75
4723.47
4724.34
4726.13
4731.29
4732.88
4736.47
4738.52
4740.88
4741.59
4748.47
4749.24
4750.79
4751.09
4761.39
4762.26
4763.91
4764.27
4765.10
4765.72
4765.87
4770.20
4771.96
4772.99
4773.04
4774.70
4775.63
4777.49
4779.30
4782.56
4782.71
4783.90
4785.61
4787.47
4788.25
4790.69
4791.05
4793.85
4794.68
4797.22
4798.62
4800.13
4801.90
4802.31
4803.35
4804.70
4805.48
4806.26
4808.76
4811.52
4811.62
4814.64
4815.06
4815.94
4818.03
4821.52
4824.71
4825.86
4827.27
4827.84
4828.21
4828.73
4829.62
4829.67
4830.71
4832.18
4835.21
4836.15
4847.10
4848.25
4848.31
4848.46
4849.46
4852.56
4853.14
4854.55
4858.23
4860.18
4860.60
4861.70
4862.39
4863.54
4865.39
4873.18
4878.41
4879.04
4881.31
4882.16
4884.43
4885.75
4889.13
4892.25
4894.05
4894.69
4898.50
4904.23
4906.89
4908.37
4909.33
4909.75
4913.05
4918.15
4920.55
4921.14
4921.67
4923.00
4923.43
4928.22
4928.33
4933.02
4933.08
4933.72
4933.88
4937.56
4938.47
4939.75
4941.73
4943.76
4943.98
4952.22
4957.42
4958.12
4958.98
4959.89
4960.05
4960.37
4960.59
4961.72
4965.04
4970.80
4975.26
4975.85
4977.04
4978.60
4978.92
4983.24
4984.10
4987.93
4990.36
4991.17
4994.90
5000.19
5004.36
5006.91
5007.50
5012.98
5013.63
5018.89
5021.28
5024.87
5027.16
5027.81
5028.24
5028.62
5028.84
5029.33
5031.07
5031.13
5035.21
5039.84
5043.34
5046.28
5046.61
5047.38
5047.81
5048.47
5052.68
5055.08
5057.65
5058.64
5059.29
5061.10
5066.53
5068.66
5070.75
5073.11
5076.90
5078.60
5083.49
5083.88
5085.58
5086.74
5086.90
5087.73
5097.48
5100.63
5102.84
5109.08
5109.69
5110.24
5114.66
5117.21
5123.91
5124.86
5126.85
5130.07
5130.57
5131.68
5132.46
5141.19
5141.74
5143.41
5143.41
5145.69
5146.53
5146.58
5149.15
5149.48
5150.93
5152.43
5152.99
5158.12
5159.41
5159.85
5165.16
5170.30
5171.70
5172.71
5175.62
5184.03
5185.99
5191.38
5191.83
5192.73
5195.09
5196.95
5199.19
5199.76
5200.83
5208.26
5210.29
5214.41
5214.46
5214.52
5215.14
5222.99
5228.02
5228.13
5229.21
5229.26
5235.27
5238.38
5243.71
5244.90
5246.10
5256.89
5257.57
5257.74
5265.54
5268.85
5269.59
5271.81
5272.04
5275.01
5276.04
5276.89
5280.21
5281.01
5284.15
5286.15
5289.93
5298.52
5300.76
5301.10
5302.99
5312.18
5313.27
5314.83
5317.88
5318.97
5321.44
5323.92
5326.92
5327.55
5327.72
5329.63
5331.47
5334.01
5335.05
5340.36
5344.35
5344.41
5349.21
5353.15
5354.25
5358.88
5359.35
5361.61
5363.58
5365.79
5369.27
5369.45
5372.64
5373.52
5376.42
5382.42
5384.22
5387.31
5387.49
5390.46
5393.03
5393.50
5395.95
5396.59
5396.76
5400.79
5407.40
5408.51
5412.14
5416.95
5417.01
5418.71
5419.88
5429.03
5429.74
5431.85
5434.09
5437.44
5438.85
5441.21
5441.38
5448.45
5450.46
5450.75
5450.81
5457.36
5459.25
5469.72
5482.04
5485.84
5485.90
5486.13
5486.97
5490.41
5490.59
5491.60
5492.43
5496.77
5497.01
5498.02
5498.97
5501.17
5506.77
5507.01
5508.02
5508.86
5511.66
5513.33
5514.04
5516.31
5521.87
5527.84
5535.98
5537.30
5538.02
5539.58
5541.62
5545.34
5552.06
5555.97
5557.29
5558.85
5562.94
5565.71
5566.68
5569.03
5572.46
5573.79
5575.84
5576.14
5581.09
5581.63
5590.16
5591.85
5592.33
5594.09
5595.24
5597.66
5598.57
5600.99
5610.45
5612.09
5618.47
5618.66
5620.54
5624.43
5625.10
5625.22
5626.69
5630.89
5633.08
5637.84
5644.92
5649.20
5649.68
5657.58
5660.02
5661.00
5662.47
5676.15
5678.06
5682.11
5682.91
5691.65
5698.43
5699.60
5700.77
5702.01
5707.38
5707.75
5709.66
5711.14
5716.52
5718.26
5720.54
5722.40
5730.02
5733.93
5735.48
5735.67
5736.35
5736.66
5741.01
5748.15
5750.39
5753.94
5757.86
5761.54
5763.60
5764.10
5764.66
5764.72
5774.21
5774.21
5774.52
5780.46
5783.46
5787.16
5791.92
5792.80
5801.95
5809.74
5811.06
5814.71
5814.84
5821.70
5836.65
5837.97
5838.60
5839.24
5841.83
5844.17
5844.92
5849.80
5854.86
5856.13
5858.47
5869.58
5873.26
5873.90
5874.41
5876.00
5878.79
5879.11
5882.61
5888.15
5893.57
5904.93
5908.76
5912.41
5914.91
5916.76
5917.66
5917.91
5919.00
5921.37
5922.01
5923.55
5928.10
5931.70
5932.08
5936.70
5936.96
5940.88
5942.04
5942.36
5944.16
5944.80
5947.06
5949.37
5949.57
5950.72
5956.52
5956.78
5960.39
5962.58
5962.78
5967.29
5968.78
5970.07
5971.30
5974.27
5975.44
5981.13
5981.52
5981.71
5983.33
5984.75
5985.79
5988.44
6002.07
6012.53
6023.01
6027.19
6031.82
6031.95
6032.80
6037.11
6040.11
6041.48
6045.34
6045.60
6045.67
6048.03
6048.68
6054.24
6060.86
6066.18
6067.29
6067.89
6068.54
6068.94
6073.40
6073.67
6074.72
6075.51
6078.46
6085.11
6085.97
6092.56
6096.05
6096.91
6098.49
6098.76
6098.89
6099.02
6104.89
6114.61
6117.33
6120.37
6121.17
6125.67
6135.36
6135.82
6135.89
6141.80
6144.26
6144.72
6145.65
6150.11
6151.64
6153.11
6155.97
6156.10
6158.23
6161.63
6165.43
6185.01
6187.49
6190.63
6193.58
6199.42
6201.76
6202.84
6206.33
6208.54
6213.58
6223.95
6226.64
6230.89
6232.77
6237.02
6243.44
6245.67
6251.55
6256.08
6256.22
6258.93
6259.60
6265.57
6268.69
6268.75
6269.91
6271.67
6282.67
6286.62
6292.61
6300.65
6304.40
6314.57
6314.91
6316.48
6322.02
6323.59
6324.83
6327.43
6327.77
6335.92
6337.57
6340.93
6342.64
6344.29
6344.50
6348.00
6353.15
6354.39
6355.21
6358.38
6362.85
6364.30
6364.99
6365.47
6368.15
6376.22
6383.19
6383.61
6387.55
6390.86
6393.08
6400.62
6402.28
6404.08
6404.22
6411.64
6413.93
6419.55
6424.14
6425.18
6437.57
6438.27
6438.34
6444.33
6445.17
6455.36
6455.91
6456.26
6457.66
6465.42
6470.67
6473.19
6474.03
6474.94
6488.06
6489.39
6497.82
6499.86
6501.27
6506.05
6511.40
6519.23
6521.20
6524.95
6530.88
6531.73
6537.24
6537.95
6539.43
6541.63
6554.17
6555.51
6566.38
6575.62
6580.24
6580.81
6582.74
6586.94
6589.44
6591.57
6596.78
6597.00
6597.85
6603.42
6618.80
6622.53
6626.04
6627.19
6631.92
6634.72
6647.94
6648.52
6648.59
6650.46
6655.43
6659.25
6670.06
6679.96
6680.39
6682.85
6688.13
6691.39
6693.70
6695.80
6696.53
6700.66
6711.62
6715.10
6716.99
6730.38
6736.64
6739.63
6740.51
6744.01
6746.13
6746.42
6746.85
6747.29
6748.53
6749.85
6753.43
6759.06
6761.25
6766.37
6768.13
6769.16
6770.99
6773.19
6773.92
6774.73
6774.87
6775.53
6775.68
6776.34
6791.90
6807.50
6813.39
6813.83
6814.20
6819.22
6821.28
6825.57
6828.59
6836.13
6843.61
6844.05
6848.94
6853.61
6863.71
6868.91
6873.81
6876.64
6876.71
6881.18
6882.00
6889.30
6894.00
6894.52
6902.51
6902.58
6902.80
6916.41
6919.03
6924.95
6927.65
6929.44
6934.09
6940.63
6954.08
6960.55
6962.14
6962.66
6965.45
6966.73
6978.12
6979.48
6988.85
6990.37
6992.94
6996.80
6997.18
6999.60
7003.92
7007.63
7008.24
7009.45
7011.04
7012.11
7017.04
7019.70
7038.03
7039.02
7042.44
7047.93
7049.61
7052.66
7057.62
7065.11
7066.87
7069.55
7077.12
7078.12
7081.11
7086.47
7087.54
7088.77
7103.90
7108.20
7115.05
7117.51
7120.06
7120.29
7133.47
7137.72
7139.11
7142.66
7144.60
7146.30
7151.94
7157.60
7157.83
7160.46
7160.62
7164.10
7171.70
7178.15
7179.08
7183.28
7192.30
7194.94
7195.49
7203.51
7205.30
7205.30
7207.64
7211.78
7227.09
7227.24
7229.36
7234.29
7238.75
7239.06
7243.68
7246.66
7247.29
7249.49
7251.68
7260.87
7262.68
7277.07
7280.46
7282.90
7290.78
7291.97
7298.76
7300.57
7302.55
7314.65
7315.52
7315.67
7323.36
7332.71
7334.70
7344.15
7350.74
7356.00
7359.18
7365.79
7369.30
7370.42
7378.71
7384.46
7385.02
7395.26
7414.33
7415.13
7428.62
7430.71
7431.75
7436.10
7442.13
7442.94
7448.42
7458.82
7460.36
7466.90
7467.54
7484.21
7490.20
7494.42
7499.77
7503.67
7505.53
7511.54
7516.42
7522.44
7525.37
7526.92
7528.22
7541.35
7542.41
7543.14
7551.39
7551.88
7555.48
7570.78
7581.52
7582.42
7587.35
7593.75
7602.80
7606.58
7608.39
7615.06
7616.71
7643.95
7644.95
7654.05
7657.86
7667.48
7678.69
7691.41
7694.66
7697.49
7699.07
7701.90
7705.74
7706.74
7711.32
7711.82
7711.91
7713.16
7735.64
7738.74
7741.00
7741.08
7744.44
7746.87
7762.47
7766.50
7776.51
7777.86
7781.22
7787.96
7789.82
7797.74
7803.48
7803.48
7805.00
7808.80
7814.47
7817.00
7825.63
7825.89
7831.56
7838.68
7840.13
7840.81
7841.06
7845.22
7850.06
7852.52
7855.58
7863.91
7870.13
7872.85
7875.58
7894.09
7894.69
7895.03
7896.31
7906.49
7907.51
7907.77
7907.94
7910.17
7915.73
7919.50
7920.87
7928.93
7929.36
7929.70
7929.96
7934.60
7936.91
7942.93
7948.26
7951.87
7973.32
7986.62
8003.32
8009.90
8014.15
8023.86
8032.03
8033.68
8034.81
8051.69
8057.97
8059.80
8060.06
8060.41
8060.93
8069.57
8071.41
8072.02
8072.11
8077.26
8078.92
8085.65
8092.92
8097.65
8109.92
8115.19
8119.93
8125.56
8142.46
8148.71
8166.37
8173.44
8176.80
8177.24
8180.69
8187.95
8189.19
8195.66
8233.08
8234.51
8236.82
8245.47
8246.90
8258.33
8266.82
8270.67
8277.83
8280.79
8294.15
8298.64
8311.67
8313.38
8316.97
8319.49
8328.32
8336.34
8344.92
8349.61
8362.27
8366.25
8366.98
8372.68
8377.12
8377.94
8378.39
8381.38
8387.46
8394.18
8406.27
8409.27
8428.86
8435.24
8448.30
8453.24
8457.27
8472.56
8473.20
8475.40
8481.09
8488.43
8492.84
8516.31
8521.29
8521.38
8529.68
8535.59
8540.67
8544.46
8544.92
8557.23
8568.62
8571.13
8571.31
8589.79
8602.99
8616.87
8617.43
8631.81
8639.00
8644.42
8647.60
8660.81
8667.93
8672.34
8677.22
8679.76
8683.61
8693.57
8696.86
8698.84
8700.06
8702.61
8733.92
8740.26
8745.65
8754.64
8758.72
8762.98
8768.20
8772.37
8783.39
8795.85
8795.85
8813.57
8817.00
8827.41
8830.08
8837.44
8848.06
8854.29
8856.20
8863.30
8865.98
8868.29
8872.60
8882.88
8883.75
8885.48
8887.11
8911.76
8915.04
8921.12
8926.53
8928.17
8975.53
8985.64
8988.26
8989.43
9013.00
9025.78
9026.86
9033.40
9034.97
9054.83
9112.23
9118.74
9124.86
9124.86
9134.74
9134.84
9144.82
9170.98
9173.46
9191.35
9194.03
9195.62
9217.44
9221.03
9226.32
9242.91
9246.41
9251.41
9253.71
9268.94
9274.26
9275.46
9276.17
9288.92
9289.42
9293.75
9293.95
9299.18
9300.99
9303.31
9304.01
9306.83
9309.75
9324.27
9331.03
9375.66
9385.20
9394.04
9437.13
9441.42
9456.65
9459.31
9459.42
9459.93
9467.61
9478.16
9486.99
9494.69
9507.64
9509.91
9532.67
9540.10
9546.61
9557.25
9574.74
9577.96
9589.47
9590.40
9594.97
9606.70
9610.66
9619.50
9639.71
9651.82
9656.20
9663.73
9693.68
9718.88
9720.15
9721.30
9723.20
9734.67
9745.31
9746.69
9748.16
9763.57
9778.48
9791.18
9844.08
9853.99
9855.49
9861.35
9888.60
9890.42
9896.20
9901.23
9911.52
9920.96
9927.30
9936.65
9951.17
9961.84
9962.16
9973.38
9976.72
10001.69
10005.15
10008.94
10011.43
10025.63
10028.35
10044.64
10048.88
10054.20
10055.29
10061.93
10067.92
10080.24
10080.89
10082.42
10096.83
10108.42
10112.79
10125.49
10126.59
10131.30
10172.71
10180.53
10207.44
10214.62
10216.17
10221.92
10248.05
10250.60
10282.82
10287.27
10288.49
10299.52
10302.75
10315.25
10317.25
10319.38
10341.84
10348.56
10361.11
10364.25
10368.51
10374.01
10381.08
10384.11
10406.38
10416.86
10423.29
10439.65
10451.63
10462.38
10481.08
10486.52
10497.65
10528.81
10578.71
10581.80
10595.09
10596.01
10688.13
10708.04
10715.92
10722.64
10731.12
10735.65
10737.97
10739.94
10756.81
10761.11
10763.91
10788.74
10788.98
10813.40
10891.96
10918.15
10940.38
10941.09
10982.49
10995.68
11001.52
11050.67
11063.83
11084.20
11103.40
11117.71
11119.15
11129.26
11132.99
11135.04
11164.96
11165.69
11166.89
11167.98
11185.15
11186.97
11191.09
11195.57
11196.78
11208.78
11210.23
11257.64
11276.17
11319.93
11347.77
11357.96
11361.40
11388.48
11394.15
11401.79
11410.06
11419.70
11425.88
11426.12
11428.47
11430.33
11461.29
11474.07
11482.02
11504.52
11511.37
11523.59
11529.07
11535.19
11541.18
11588.48
11590.23
11656.01
11663.32
11676.07
11687.20
11700.61
11710.99
11732.81
11737.38
11742.21
11772.23
11784.21
11791.48
11808.33
11811.91
11822.90
11824.95
11830.45
11843.13
11872.26
11893.08
11919.36
11923.11
11924.40
11934.85
11953.20
11958.38
11978.58
11986.62
12020.12
12021.94
12038.73
12064.42
12072.13
12073.04
12080.36
12094.35
12165.62
12168.38
12194.61
12195.01
12231.08
12250.55
12257.98
12261.42
12272.71
12319.67
12319.94
12369.62
12375.65
12387.70
12423.81
12467.58
12533.85
12544.30
12567.26
12567.26
12583.04
12614.80
12647.87
12671.02
12720.61
12723.37
12730.39
12769.70
12805.54
12820.93
12867.76
12875.70
12892.85
12906.80
12909.88
12912.25
12935.74
12938.68
12952.55
12975.84
12981.87
12996.49
13001.55
13029.30
13030.14
13057.10
13093.03
13108.05
13203.85
13221.72
13247.64
13268.44
13285.10
13334.64
13359.63
13372.06
13376.69
13379.45
13436.31
13445.91
13459.74
13508.03
13531.29
13541.10
13566.03
13671.68
13674.79
13685.59
13693.89
13708.42
13726.67
13737.52
13761.77
13769.07
13802.18
13810.69
13857.99
13868.79
13881.70
13891.77
13895.38
13895.53
13913.13
13957.31
14012.99
14050.34
14059.01
14095.11
14101.21
14172.33
14175.55
14185.22
14204.57
14255.84
14327.59
14365.16
14370.91
14375.11
14410.30
14415.91
14452.46
14460.75
14471.55
14480.79
14532.90
14594.99
14675.11
14752.16
14753.28
14757.59
14775.96
14815.19
14827.21
14832.19
14876.22
14889.59
14990.78
15023.91
15075.20
15080.58
15082.54
15134.36
15270.06
15276.50
15375.50
15390.15
15403.97
15527.30
15529.65
15550.16
15568.51
15573.57
15603.76
15678.05
15682.12
15725.96
15799.81
15833.87
15855.47
15871.09
15990.02
16151.55
16189.17
16193.72
16249.89
16342.99
16479.89
16582.38
16647.64
16667.82
16720.39
16722.92
16776.92
16784.55
16850.24
16875.42
16988.08
17004.63
17212.14
17281.93
17284.92
17325.18
17334.74
17413.69
17456.33
17478.25
17618.18
17803.48
17833.56
17887.48
17893.48
17919.24
18036.54
18068.57
18206.92
18221.51
18449.05
18457.64
18559.97
18660.65
18671.55
18671.76
18705.93
18893.68
18949.77
18959.62
19023.52
19040.41
19072.57
19109.75
19125.89
19169.81
19440.93
19536.03
19655.18
19757.53
19793.69
19796.47
19885.13
19920.88
19973.11
20062.13
20112.33
20208.09
20455.35
20706.31
20766.44
20865.53
21060.14
21136.84
21193.86
21271.97
21688.91
21725.55
21793.35
21974.25
22082.94
22550.63
22598.99
22669.28
22749.87
22891.35
23001.59
23212.85
23223.65
23417.43
23899.94
23919.09
24008.80
24124.94
24201.54
24316.24
24386.59
24919.25
24973.77
25306.43
25321.50
25811.94
25990.46
26054.65
26254.44
26554.12
26564.18
26701.34
26843.28
27693.21
27772.73
28286.77
28351.42
29049.78
29079.34
30168.35
30324.13
30538.80
32196.69
32578.30
32882.50
33124.96
34828.53
34960.67
35989.66
41567.95
43326.70
