3.94
4.20
4.24
4.31
4.43
4.74
4.88
4.89
4.91
5.00
5.02
5.02
5.07
5.11
5.29
5.35
5.37
5.41
5.49
5.52
5.56
5.73
5.77
5.80
5.85
5.86
5.87
5.96
5.97
6.02
6.15
6.25
6.29
6.41
6.50
6.50
6.58
6.58
6.62
6.65
6.72
6.73
6.76
6.77
6.79
6.82
6.83
6.88
6.99
7.08
7.11
7.11
7.15
7.19
7.36
7.36
7.39
7.50
7.55
7.56
7.58
7.61
7.64
7.65
7.66
7.67
7.69
7.69
7.73
7.76
7.79
7.81
7.94
8.02
8.02
8.02
8.03
8.03
8.05
8.12
8.18
8.19
8.21
8.25
8.31
8.34
8.37
8.40
8.51
8.62
8.64
8.65
8.66
8.78
8.78
8.79
8.83
8.85
8.85
8.86
8.86
8.87
8.90
8.96
9.02
9.02
9.07
9.09
9.12
9.18
9.19
9.24
9.27
9.29
9.31
9.37
9.41
9.45
9.48
9.49
9.52
9.57
9.61
9.64
9.73
9.73
9.74
9.77
9.82
9.89
9.89
9.92
9.94
9.94
9.97
9.99
10.04
10.08
10.08
10.18
10.22
10.40
10.42
10.43
10.44
10.46
10.52
10.54
10.60
10.63
10.65
10.71
10.73
10.74
10.80
10.87
10.91
10.92
10.93
10.93
10.97
10.99
11.01
11.07
11.15
11.18
11.24
11.25
11.32
11.33
11.39
11.43
11.44
11.44
11.45
11.47
11.51
11.62
11.65
11.69
11.73
11.73
11.73
11.74
11.78
11.79
11.83
11.85
11.87
11.88
11.89
11.93
11.98
12.00
12.04
12.05
12.10
12.11
12.11
12.15
12.16
12.16
12.19
12.20
12.22
12.26
12.32
12.38
12.40
12.41
12.46
12.56
12.57
12.59
12.64
12.73
12.81
12.81
12.87
12.91
12.99
13.05
13.05
13.07
13.12
13.24
13.30
13.30
13.31
13.34
13.38
13.41
13.44
13.48
13.49
13.52
13.53
13.54
13.58
13.64
13.68
13.74
13.75
13.80
13.82
13.87
13.88
13.90
13.90
14.01
14.03
14.04
14.32
14.38
14.39
14.42
14.46
14.54
14.59
14.61
14.70
14.71
14.74
14.74
14.83
14.83
14.85
14.91
14.93
14.97
15.00
15.01
15.03
15.05
15.09
15.11
15.11
15.15
15.19
15.25
15.26
15.32
15.32
15.33
15.35
15.35
15.42
15.45
15.46
15.48
15.52
15.54
15.61
15.63
15.63
15.64
15.65
15.65
15.68
15.76
15.76
15.79
15.85
15.87
15.88
15.90
15.93
15.94
15.96
16.05
16.11
16.20
16.23
16.25
16.26
16.27
16.35
16.37
16.39
16.41
16.41
16.43
16.44
16.45
16.56
16.57
16.58
16.60
16.61
16.67
16.70
16.77
16.77
16.87
16.87
16.88
16.88
16.88
16.92
17.05
17.10
17.19
17.22
17.25
17.25
17.27
17.29
17.30
17.35
17.35
17.36
17.36
17.38
17.42
17.45
17.55
17.56
17.56
17.62
17.62
17.65
17.67
17.71
17.76
17.77
17.82
17.82
17.84
17.84
17.86
17.88
17.91
17.91
17.95
17.95
18.00
18.04
18.07
18.11
18.11
18.12
18.12
18.24
18.25
18.28
18.29
18.29
18.31
18.35
18.37
18.39
18.41
18.42
18.49
18.52
18.56
18.59
18.63
18.66
18.69
18.70
18.74
18.77
18.78
18.79
18.80
18.81
18.84
18.85
18.90
18.91
18.95
18.96
19.00
19.02
19.08
19.09
19.10
19.14
19.18
19.18
19.23
19.23
19.26
19.30
19.30
19.30
19.36
19.38
19.39
19.44
19.46
19.57
19.62
19.63
19.67
19.68
19.73
19.78
19.81
19.82
19.84
19.86
19.88
19.91
19.93
20.03
20.03
20.05
20.06
20.06
20.10
20.12
20.33
20.34
20.36
20.50
20.55
20.58
20.62
20.72
20.83
20.83
20.85
20.86
20.87
20.90
20.91
20.94
20.97
21.00
21.01
21.09
21.09
21.11
21.12
21.14
21.24
21.25
21.25
21.26
21.27
21.29
21.31
21.33
21.43
21.45
21.50
21.50
21.58
21.65
21.67
21.74
21.75
21.79
21.82
21.83
21.88
21.89
21.90
21.92
21.94
21.95
21.98
21.99
22.02
22.02
22.04
22.05
22.12
22.13
22.13
22.14
22.21
22.30
22.39
22.47
22.52
22.61
22.61
22.64
22.71
22.78
22.83
22.84
22.86
22.87
22.92
23.03
23.06
23.11
23.12
23.13
23.19
23.21
23.32
23.33
23.36
23.38
23.42
23.43
23.43
23.44
23.57
23.61
23.79
23.80
23.86
23.87
23.90
23.94
23.97
23.97
24.02
24.02
24.06
24.07
24.08
24.10
24.12
24.22
24.22
24.23
24.26
24.27
24.39
24.40
24.42
24.45
24.47
24.48
24.48
24.49
24.50
24.51
24.53
24.55
24.58
24.68
24.72
24.73
24.76
24.77
24.81
24.84
24.85
24.85
24.87
24.94
24.98
25.02
25.02
25.16
25.19
25.19
25.37
25.38
25.44
25.45
25.51
25.52
25.53
25.59
25.72
25.74
25.77
25.78
25.79
25.81
25.89
25.99
25.99
26.04
26.12
26.12
26.16
26.22
26.26
26.29
26.30
26.32
26.35
26.42
26.43
26.48
26.48
26.50
26.50
26.56
26.56
26.58
26.62
26.64
26.76
26.81
26.83
26.86
26.90
27.00
27.03
27.06
27.11
27.12
27.17
27.17
27.19
27.23
27.23
27.28
27.30
27.33
27.42
27.42
27.44
27.46
27.47
27.47
27.47
27.48
27.54
27.58
27.59
27.71
27.73
27.84
27.88
27.93
27.99
27.99
27.99
27.99
28.01
28.07
28.17
28.27
28.29
28.33
28.35
28.35
28.38
28.39
28.48
28.49
28.52
28.52
28.55
28.56
28.63
28.64
28.65
28.67
28.73
28.77
28.77
28.80
28.80
28.95
28.97
28.98
29.02
29.04
29.05
29.12
29.12
29.17
29.19
29.21
29.23
29.27
29.43
29.56
29.58
29.58
29.71
29.85
29.86
29.89
29.93
29.99
30.00
30.08
30.13
30.14
30.16
30.18
30.27
30.29
30.30
30.31
30.32
30.32
30.37
30.38
30.43
30.43
30.45
30.50
30.51
30.54
30.58
30.60
30.64
30.68
30.82
30.83
30.97
31.03
31.10
31.13
31.16
31.16
31.17
31.24
31.26
31.33
31.35
31.36
31.38
31.41
31.42
31.45
31.55
31.56
31.56
31.61
31.62
31.69
31.70
31.71
31.74
31.89
31.92
31.93
32.00
32.01
32.08
32.11
32.14
32.14
32.16
32.22
32.24
32.37
32.43
32.44
32.47
32.49
32.51
32.65
32.66
32.71
32.75
32.83
32.85
32.85
32.90
32.95
33.04
33.08
33.08
33.11
33.22
33.28
33.30
33.38
33.43
33.51
33.63
33.64
33.72
33.75
33.83
33.84
33.85
33.87
33.92
33.96
34.03
34.03
34.05
34.07
34.18
34.20
34.21
34.28
34.28
34.34
34.34
34.35
34.36
34.38
34.42
34.45
34.48
34.48
34.50
34.57
34.67
34.69
34.70
34.73
34.74
34.78
34.79
34.84
34.86
34.89
34.91
34.96
34.98
35.11
35.12
35.13
35.17
35.18
35.20
35.24
35.25
35.31
35.35
35.41
35.44
35.53
35.54
35.55
35.58
35.58
35.67
35.68
35.77
35.86
35.87
35.87
36.01
36.03
36.06
36.14
36.17
36.17
36.24
36.25
36.29
36.33
36.40
36.43
36.46
36.52
36.62
36.65
36.66
36.68
36.71
36.72
36.80
36.85
36.98
37.03
37.03
37.05
37.20
37.20
37.21
37.26
37.28
37.43
37.45
37.48
37.48
37.50
37.52
37.58
37.59
37.69
37.88
37.94
37.95
38.05
38.06
38.07
38.10
38.16
38.26
38.27
38.34
38.37
38.52
38.59
38.60
38.64
38.73
38.73
38.73
38.74
38.76
38.82
38.83
38.86
38.88
38.89
38.91
39.03
39.08
39.13
39.24
39.29
39.30
39.32
39.37
39.40
39.47
39.56
39.57
39.57
39.59
39.59
39.60
39.62
39.65
39.69
39.84
39.85
39.90
39.91
40.03
40.05
40.10
40.11
40.13
40.16
40.20
40.22
40.28
40.29
40.31
40.33
40.36
40.44
40.47
40.52
40.54
40.55
40.57
40.61
40.62
40.62
40.63
40.63
40.67
40.75
40.84
40.86
40.88
40.94
40.96
41.01
41.07
41.19
41.25
41.27
41.34
41.37
41.46
41.49
41.49
41.51
41.51
41.51
41.59
41.60
41.61
41.64
41.64
41.78
41.80
41.81
41.85
41.87
41.92
42.02
42.03
42.03
42.04
42.06
42.07
42.08
42.09
42.20
42.21
42.26
42.32
42.38
42.44
42.45
42.49
42.58
42.66
42.69
42.71
42.73
42.90
43.02
43.04
43.04
43.09
43.16
43.18
43.26
43.37
43.37
43.40
43.40
43.41
43.48
43.53
43.58
43.60
43.62
43.62
43.63
43.64
43.64
43.67
43.68
43.72
43.76
43.81
43.81
43.84
43.86
43.91
43.91
43.97
44.03
44.03
44.05
44.05
44.08
44.09
44.09
44.15
44.15
44.17
44.24
44.25
44.26
44.33
44.35
44.39
44.39
44.45
44.49
44.53
44.54
44.61
44.62
44.67
44.69
44.80
44.80
44.91
44.97
45.35
45.40
45.44
45.62
45.64
45.71
45.79
45.80
45.84
45.86
45.86
45.89
46.20
46.31
46.41
46.45
46.53
46.62
46.66
46.67
46.83
46.84
46.85
46.93
46.93
47.00
47.03
47.04
47.07
47.10
47.10
47.10
47.18
47.24
47.25
47.48
47.50
47.55
47.69
47.75
47.78
47.84
47.88
47.98
48.08
48.16
48.23
48.25
48.31
48.33
48.35
48.37
48.40
48.41
48.44
48.48
48.49
48.50
48.52
48.58
48.58
48.59
48.69
48.71
48.75
48.78
48.80
48.83
48.94
48.95
48.98
48.98
49.05
49.09
49.11
49.17
49.22
49.40
49.52
49.54
49.58
49.61
49.62
49.67
49.67
49.70
49.78
49.84
49.84
49.84
49.86
49.90
50.03
50.05
50.05
50.06
50.08
50.25
50.32
50.39
50.44
50.55
50.60
50.71
50.77
50.81
50.83
50.93
50.94
50.95
50.99
51.20
51.21
51.35
51.36
51.68
51.75
51.80
51.82
51.90
51.91
51.96
51.96
51.99
52.04
52.10
52.12
52.20
52.23
52.24
52.30
52.34
52.37
52.38
52.40
52.50
52.58
52.58
52.61
52.61
52.65
52.69
52.70
52.76
52.82
53.03
53.15
53.16
53.22
53.23
53.29
53.33
53.55
53.58
53.63
53.65
53.65
53.66
53.69
53.73
53.73
53.74
53.81
53.85
53.87
53.89
53.92
54.02
54.04
54.06
54.09
54.13
54.14
54.23
54.24
54.25
54.32
54.33
54.49
54.53
54.55
54.59
54.59
54.67
54.67
54.69
54.73
54.75
54.78
54.83
54.91
54.97
55.05
55.12
55.31
55.38
55.43
55.48
55.50
55.51
55.53
55.56
55.69
55.82
55.89
56.14
56.16
56.22
56.22
56.24
56.29
56.29
56.40
56.41
56.48
56.60
56.69
56.81
56.81
56.86
56.89
56.94
56.95
57.04
57.08
57.13
57.21
57.25
57.26
57.26
57.27
57.28
57.29
57.32
57.32
57.33
57.34
57.38
57.40
57.40
57.44
57.47
57.49
57.66
57.70
57.70
57.75
57.78
57.79
57.80
58.04
58.11
58.16
58.21
58.23
58.25
58.30
58.37
58.44
58.55
58.58
58.64
58.66
58.75
58.82
58.90
58.92
58.94
58.96
58.99
58.99
59.15
59.35
59.36
59.39
59.41
59.57
59.59
59.60
59.61
59.64
59.82
59.82
59.88
59.89
59.97
59.98
60.05
60.07
60.15
60.30
60.31
60.38
60.51
60.53
60.60
60.63
60.64
60.71
60.71
60.90
60.99
61.01
61.06
61.07
61.14
61.23
61.26
61.35
61.39
61.48
61.54
61.62
61.72
61.74
61.88
61.88
61.88
61.99
62.08
62.12
62.16
62.17
62.20
62.32
62.36
62.43
62.46
62.51
62.60
62.64
62.72
62.75
62.82
62.92
62.92
62.93
62.97
63.00
63.16
63.18
63.20
63.20
63.31
63.40
63.56
63.62
63.68
63.82
63.84
63.88
63.91
63.99
64.03
64.10
64.13
64.23
64.25
64.26
64.30
64.42
64.45
64.46
64.50
64.51
64.55
64.59
64.64
64.72
64.78
64.83
64.91
65.01
65.02
65.08
65.08
65.25
65.26
65.32
65.34
65.38
65.40
65.41
65.43
65.47
65.50
65.59
65.65
65.67
65.72
65.82
66.22
66.29
66.35
66.39
66.39
66.42
66.45
66.46
66.58
66.63
66.67
66.68
66.70
66.71
66.85
66.95
67.06
67.07
67.09
67.12
67.14
67.14
67.26
67.44
67.46
67.46
67.54
67.57
67.59
67.62
67.66
67.67
67.70
67.72
67.72
67.86
67.87
67.87
68.01
68.05
68.06
68.21
68.22
68.39
68.41
68.43
68.45
68.52
68.52
68.58
68.61
68.61
68.68
68.69
68.77
68.95
68.98
69.26
69.27
69.31
69.33
69.35
69.36
69.36
69.38
69.38
69.45
69.46
69.48
69.48
69.53
69.69
69.74
69.78
69.80
69.96
70.02
70.05
70.08
70.12
70.17
70.20
70.28
70.29
70.47
70.51
70.54
70.56
70.77
70.85
70.86
70.96
71.15
71.21
71.26
71.40
71.43
71.46
71.51
71.59
71.61
71.74
71.76
71.79
71.83
71.89
71.96
71.98
72.00
72.08
72.08
72.12
72.13
72.15
72.17
72.23
72.40
72.50
72.55
72.76
72.80
72.87
72.87
72.92
73.00
73.11
73.27
73.34
73.56
73.61
73.63
73.73
73.76
73.77
73.85
73.91
73.96
74.02
74.16
74.30
74.31
74.36
74.41
74.42
74.43
74.44
74.49
74.55
74.69
74.80
74.83
74.86
74.87
74.91
74.94
74.95
74.99
75.17
75.21
75.38
75.50
75.51
75.51
75.65
75.72
75.83
75.86
75.90
75.94
75.95
75.95
76.12
76.22
76.23
76.67
76.68
76.70
76.74
76.74
76.79
76.95
76.99
76.99
77.04
77.08
77.14
77.20
77.30
77.47
77.53
77.55
77.57
77.62
77.64
77.76
77.82
77.89
77.99
78.00
78.05
78.09
78.27
78.28
78.34
78.44
78.48
78.49
78.57
78.59
78.63
78.64
78.70
78.71
79.08
79.17
79.30
79.36
79.42
79.47
79.47
79.53
79.58
79.59
79.60
79.66
79.68
79.70
79.95
80.02
80.06
80.09
80.10
80.25
80.31
80.45
80.47
80.51
80.51
80.51
80.57
80.72
80.72
80.76
80.83
80.95
81.08
81.09
81.11
81.13
81.18
81.27
81.39
81.46
81.49
81.54
81.56
81.65
81.69
81.69
81.72
81.80
81.80
81.94
82.01
82.08
82.10
82.11
82.15
82.24
82.30
82.37
82.41
82.49
82.54
82.54
82.59
82.59
82.70
82.92
82.94
83.00
83.01
83.12
83.20
83.25
83.30
83.31
83.42
83.47
83.49
83.59
83.62
83.69
83.71
83.78
83.84
83.98
84.09
84.10
84.16
84.17
84.25
84.43
84.49
84.51
84.56
84.57
84.67
84.75
84.84
84.95
85.04
85.07
85.15
85.16
85.26
85.68
85.72
85.72
85.75
85.78
85.83
85.86
85.88
86.04
86.06
86.14
86.31
86.34
86.35
86.38
86.41
86.46
86.59
86.64
86.71
86.71
86.74
86.74
86.82
86.89
86.95
87.02
87.05
87.10
87.28
87.37
87.40
87.53
87.56
87.57
87.64
87.69
87.72
87.75
87.91
87.93
88.00
88.09
88.12
88.14
88.15
88.16
88.24
88.31
88.47
88.74
88.83
88.88
88.96
88.97
89.03
89.04
89.06
89.07
89.11
89.32
89.44
89.63
89.65
89.70
89.71
89.71
89.73
89.75
89.75
89.84
89.89
90.03
90.10
90.17
90.29
90.35
90.37
90.40
90.41
90.42
90.42
90.46
90.48
90.49
90.50
90.55
90.58
90.74
90.81
90.94
90.94
91.04
91.05
91.06
91.08
91.15
91.21
91.25
91.26
91.39
91.66
91.68
91.68
91.77
91.89
92.01
92.02
92.20
92.24
92.33
92.35
92.51
92.60
92.65
92.68
92.71
92.79
92.82
92.97
93.03
93.05
93.09
93.09
93.11
93.40
93.41
93.54
93.63
93.64
93.81
93.90
93.92
93.93
93.97
94.18
94.26
94.33
94.34
94.52
94.58
94.62
94.76
94.81
94.91
94.93
94.98
95.00
95.02
95.09
95.11
95.12
95.22
95.27
95.29
95.36
95.39
95.55
95.62
95.68
95.94
96.06
96.18
96.19
96.32
96.90
96.97
97.07
97.11
97.13
97.33
97.36
97.38
97.43
97.46
97.61
97.73
97.81
97.82
97.89
97.96
98.08
98.29
98.51
98.53
98.55
98.57
98.59
98.68
98.75
98.99
99.04
99.05
99.07
99.15
99.47
99.67
99.84
99.85
100.00
100.06
100.07
100.07
100.17
100.19
100.45
100.45
100.62
100.66
100.80
100.88
100.89
100.99
101.01
101.04
101.11
101.19
101.21
101.22
101.23
101.30
101.38
101.45
101.45
101.48
101.63
101.67
101.72
101.77
101.84
101.89
101.91
102.22
102.28
102.36
102.40
102.43
102.52
102.62
102.74
102.77
102.89
102.91
103.05
103.14
103.53
103.66
103.71
103.76
103.87
103.99
104.00
104.01
104.10
104.12
104.19
104.26
104.39
104.45
104.47
104.51
104.60
104.71
104.86
104.87
104.92
104.93
105.38
105.46
105.46
105.64
105.73
105.86
105.88
106.11
106.17
106.46
106.60
106.76
106.83
106.89
107.08
107.19
107.21
107.38
107.57
107.58
107.64
107.65
107.67
107.70
107.77
107.77
107.88
107.95
108.13
108.16
108.16
108.26
108.33
108.38
108.43
108.45
108.54
108.63
108.65
108.75
108.78
108.83
108.85
108.88
108.93
109.02
109.08
109.22
109.22
109.47
109.48
109.52
109.55
109.56
109.60
109.65
110.02
110.02
110.02
110.06
110.12
110.14
110.15
110.39
110.52
110.70
110.70
110.81
110.85
110.87
110.96
111.05
111.13
111.15
111.23
111.23
111.28
111.30
111.32
111.36
111.36
111.39
111.39
111.44
111.59
111.79
111.80
111.80
111.92
112.11
112.17
112.18
112.21
112.28
112.46
112.57
112.60
112.71
112.78
112.98
113.03
113.24
113.25
113.28
113.42
113.44
113.59
113.65
113.81
113.86
113.86
113.88
113.91
113.91
114.26
114.28
114.30
114.41
114.83
115.10
115.13
115.16
115.20
115.45
115.55
115.60
115.66
115.73
115.77
115.82
116.00
116.01
116.09
116.10
116.19
116.20
116.21
116.29
116.52
116.64
116.64
116.79
116.81
116.96
117.01
117.03
117.11
117.13
117.43
117.44
117.56
117.60
117.87
117.95
118.19
118.34
118.38
118.70
118.87
118.88
119.05
119.10
119.22
119.52
119.55
119.58
119.59
119.61
119.73
119.86
119.98
120.03
120.26
120.36
120.49
120.95
121.02
121.06
121.14
121.25
121.25
121.29
121.36
121.52
121.52
121.70
121.79
121.92
121.99
122.10
122.14
122.23
122.42
122.43
122.45
122.47
122.57
122.65
122.79
122.81
122.89
122.93
122.98
122.99
123.10
123.15
123.17
123.23
123.24
123.26
123.51
123.57
123.72
124.06
124.10
124.20
124.27
124.37
124.38
124.46
124.50
124.54
124.55
124.76
124.78
124.89
124.93
125.14
125.15
125.19
125.29
125.51
125.55
125.64
125.72
125.81
125.83
125.86
125.89
125.91
125.92
126.15
126.17
126.26
126.26
126.30
126.40
126.48
126.68
126.74
127.02
127.12
127.29
127.31
127.37
127.45
127.51
127.61
127.65
127.87
127.98
128.06
128.07
128.08
128.15
128.21
128.25
128.71
128.78
128.90
129.04
129.13
129.29
129.32
129.33
129.38
129.55
129.57
129.73
129.73
129.75
129.80
129.87
129.96
129.96
130.05
130.40
130.41
130.49
130.54
130.56
131.11
131.17
131.23
131.49
131.72
131.74
131.85
131.86
131.88
131.98
132.20
132.47
132.49
132.53
132.56
132.74
132.76
132.92
133.10
133.16
133.20
133.35
133.40
133.40
133.44
133.56
133.68
133.85
133.85
134.00
134.04
134.12
134.19
134.30
134.38
134.41
134.43
134.44
134.47
134.52
134.62
134.65
134.74
134.97
134.99
135.00
135.02
135.09
135.16
135.22
135.25
135.56
135.89
135.90
135.99
136.08
136.09
136.18
136.33
136.38
136.47
136.48
136.58
136.62
136.64
136.71
136.71
136.80
136.81
136.93
136.97
137.11
137.20
137.63
137.71
137.77
137.84
138.02
138.02
138.14
138.40
138.43
138.46
138.67
138.83
138.85
138.90
138.95
139.03
139.10
139.16
139.19
139.32
139.33
139.43
139.53
139.54
139.56
139.67
139.69
139.73
139.85
139.90
139.97
139.99
140.04
140.05
140.24
140.40
140.50
140.68
140.87
140.91
140.93
140.94
141.04
141.08
141.09
141.20
141.25
141.35
141.40
141.48
141.48
141.48
141.49
141.78
142.08
142.26
142.26
142.28
142.37
142.49
142.60
142.75
142.75
142.80
142.89
142.94
143.03
143.12
143.21
143.30
143.39
143.49
143.53
143.65
143.87
144.11
144.12
144.19
144.19
144.28
144.31
144.73
144.84
145.07
145.23
145.71
145.72
146.05
146.10
146.12
146.21
146.51
146.54
146.61
146.62
146.64
146.71
146.72
146.85
146.87
146.88
147.07
147.12
147.24
147.25
147.26
147.28
147.31
147.48
147.52
147.53
147.55
147.57
147.64
147.88
147.92
148.07
148.16
148.21
148.21
148.22
148.26
148.36
148.45
148.56
148.64
149.01
149.01
149.42
149.44
149.56
149.58
149.61
149.73
149.91
150.06
150.22
150.39
150.43
150.54
150.66
150.72
150.90
151.17
151.21
151.22
151.33
151.35
151.35
151.42
151.52
151.59
151.60
151.63
151.72
151.74
151.81
151.84
151.89
152.00
152.00
152.02
152.38
152.38
152.40
152.41
152.49
152.51
152.55
152.72
152.74
152.75
152.85
152.86
152.96
153.39
153.68
153.69
153.98
154.05
154.17
154.20
154.30
154.43
154.59
154.72
155.33
155.45
155.68
155.75
155.78
155.94
156.01
156.08
156.14
156.21
156.23
156.32
156.35
156.37
156.59
156.60
156.63
156.68
156.83
156.84
156.84
156.87
157.02
157.06
157.12
157.17
157.33
157.37
157.50
157.53
157.66
157.77
157.80
157.84
157.89
158.40
158.41
158.44
158.48
158.62
158.71
158.72
158.87
158.90
159.03
159.18
159.35
159.63
159.73
159.78
159.87
159.94
160.17
160.18
160.20
160.31
160.36
160.42
160.52
160.53
160.77
160.84
161.03
161.13
161.19
161.26
161.31
161.48
161.67
162.02
162.17
162.32
162.40
162.56
162.71
163.15
163.17
163.19
163.24
163.43
163.46
163.60
163.66
163.70
163.78
163.86
163.96
164.01
164.05
164.18
164.26
164.28
164.36
164.52
164.65
164.93
164.94
165.00
165.30
165.38
165.38
165.42
165.55
165.79
165.88
166.16
166.62
166.64
166.68
166.68
166.73
166.86
167.03
167.12
167.30
167.64
167.70
167.71
167.73
167.74
167.81
167.83
167.89
168.00
168.06
168.11
168.28
168.45
168.66
168.68
168.87
169.21
169.21
169.24
169.36
169.41
169.45
169.85
169.89
169.96
170.02
170.09
170.10
170.12
170.34
170.37
170.44
170.48
170.55
170.73
170.77
170.84
170.89
171.08
171.13
171.16
171.40
171.44
171.52
171.75
171.87
171.97
172.66
172.88
172.90
172.92
172.97
173.00
173.29
173.32
173.33
173.36
173.46
173.54
173.65
173.72
173.91
174.07
174.10
174.15
174.55
174.58
174.65
174.67
174.79
175.14
175.28
175.29
175.31
175.32
175.40
175.61
175.64
175.86
175.87
175.89
175.95
176.01
176.04
176.13
176.13
176.43
176.53
176.66
176.66
176.82
176.89
176.90
176.90
177.00
177.02
177.30
177.59
177.61
177.67
177.82
178.11
178.14
178.16
178.26
178.31
178.57
178.91
178.91
179.08
179.20
179.25
179.31
179.36
179.53
179.88
180.09
180.26
180.30
180.39
180.61
180.75
180.92
181.05
181.12
181.15
181.34
181.51
181.61
181.74
181.83
182.06
182.10
182.19
182.21
182.23
182.28
182.35
182.42
182.44
182.44
182.62
182.66
183.26
183.27
183.47
183.47
183.51
183.62
183.68
183.84
183.90
184.01
184.04
184.20
184.22
184.43
184.53
184.60
184.61
184.66
184.71
184.74
184.81
184.96
184.99
185.03
185.15
185.27
185.36
185.41
185.57
185.60
185.73
186.23
186.44
186.65
186.76
186.79
186.88
186.90
187.10
187.12
187.12
187.18
187.30
187.34
187.36
187.38
187.40
187.52
187.56
187.72
187.72
187.84
188.09
188.41
188.44
188.60
188.61
188.78
188.79
188.84
188.98
188.98
189.11
189.24
189.31
189.36
189.51
189.54
189.89
189.92
190.26
190.32
190.62
190.71
190.72
190.93
190.93
190.95
191.20
191.28
191.32
191.67
191.67
191.71
191.77
191.78
191.93
192.16
193.52
193.54
193.60
193.86
193.88
194.09
194.18
194.22
194.46
194.54
195.03
195.28
195.46
195.59
195.76
195.78
195.93
195.94
196.05
196.18
196.26
196.26
196.27
196.33
196.35
196.39
196.41
196.43
196.53
197.00
197.16
197.18
197.41
197.51
197.59
197.76
197.77
198.05
198.37
198.40
198.53
198.55
198.60
198.70
198.74
198.86
198.94
199.01
199.42
199.46
199.55
199.60
199.73
199.85
199.89
200.01
200.05
200.05
200.09
200.10
200.12
200.35
200.69
200.78
200.95
201.03
201.08
201.25
201.37
201.42
201.60
201.81
201.96
201.96
201.99
202.18
202.19
202.22
202.40
202.49
202.78
202.89
203.01
203.05
203.16
203.27
203.35
203.40
203.42
203.66
203.83
204.32
204.42
204.42
204.45
204.45
204.48
204.60
204.65
204.69
205.24
205.32
205.60
205.78
205.78
205.86
205.88
206.04
206.12
206.21
206.23
206.39
206.58
206.66
206.79
206.79
206.85
206.89
206.90
206.93
206.94
206.96
207.09
207.23
207.77
207.81
207.92
207.94
208.00
208.02
208.20
208.70
208.79
208.81
208.85
208.89
208.94
208.94
209.14
209.27
209.53
209.55
209.57
209.86
209.95
209.97
210.22
210.95
210.98
210.98
211.23
211.27
211.44
211.51
211.59
211.68
211.76
211.76
211.88
212.11
212.20
212.25
212.25
212.41
212.64
212.65
212.68
212.77
212.78
212.81
212.81
212.85
213.28
213.51
213.82
214.06
214.22
214.23
214.32
214.44
214.55
214.69
214.81
214.89
214.92
215.01
215.42
215.44
215.71
215.74
215.83
216.28
216.37
216.79
216.92
216.92
216.94
217.02
217.25
217.34
217.34
217.53
217.61
217.67
217.78
217.92
217.96
217.97
217.98
218.00
218.03
218.21
218.44
218.49
218.51
218.63
218.73
218.86
218.88
218.99
219.26
219.92
219.95
220.10
220.21
220.27
220.56
220.61
220.71
220.80
220.90
221.32
221.38
221.38
221.51
221.72
221.75
221.86
221.95
222.04
222.14
222.26
222.28
222.61
222.66
222.84
223.08
223.37
223.49
223.57
223.61
223.69
223.76
223.79
224.06
224.27
224.42
224.43
224.64
224.72
224.74
224.86
224.90
225.21
226.15
226.33
226.44
226.51
226.56
226.98
227.08
227.17
227.32
227.66
227.86
227.99
228.22
228.30
228.50
228.51
228.69
228.73
228.96
229.06
229.21
229.29
229.38
229.48
229.52
229.52
229.57
229.74
229.75
229.76
229.95
230.01
230.16
230.33
230.38
230.52
230.74
230.93
231.07
231.49
231.51
231.57
231.78
231.88
232.48
232.64
232.84
233.01
233.03
233.11
233.14
233.14
233.22
233.25
233.39
233.40
233.43
233.65
234.01
234.07
234.13
234.15
234.21
234.22
234.32
234.42
234.55
234.73
234.76
235.38
235.63
235.69
235.71
236.06
236.21
236.68
236.74
236.89
236.92
237.05
237.16
237.21
237.27
237.28
237.34
237.43
237.62
237.72
238.06
238.10
238.12
238.27
238.40
238.66
238.71
238.80
238.85
238.97
239.15
239.23
239.57
239.62
239.64
239.76
240.08
240.31
240.75
241.15
241.46
241.57
241.70
241.88
241.97
242.04
242.08
242.36
242.40
242.41
242.48
242.52
242.89
242.94
242.97
243.10
243.20
243.42
243.79
243.91
244.29
244.34
244.45
244.47
244.50
244.76
244.84
244.88
244.91
245.32
245.36
245.95
245.99
246.04
246.10
246.17
246.19
246.29
246.77
246.87
247.19
247.29
247.34
247.42
247.59
247.99
248.18
248.25
248.25
248.63
249.52
249.64
249.71
250.01
250.18
250.63
251.26
251.41
251.43
251.70
251.70
251.84
252.13
252.17
253.12
253.15
253.16
253.29
253.99
253.99
254.00
254.10
254.11
254.48
254.48
254.51
254.59
255.10
255.17
255.22
255.25
255.31
255.96
256.28
256.39
256.60
256.60
256.65
256.69
256.71
256.82
256.89
257.20
257.32
257.43
257.51
257.67
258.23
258.28
258.67
258.79
258.84
259.00
259.46
259.53
259.73
259.99
260.32
260.48
260.62
260.76
261.02
261.20
261.21
261.56
261.62
261.86
262.06
262.21
262.26
262.38
262.50
262.66
262.70
262.73
262.73
262.76
262.80
263.28
263.41
263.71
263.82
263.84
264.01
264.18
264.69
264.84
264.85
265.02
265.03
265.08
265.11
265.43
265.44
265.61
265.67
266.30
266.88
266.90
266.92
266.98
267.04
267.05
267.60
267.72
267.88
267.93
267.96
268.03
268.15
268.27
268.49
268.52
268.80
269.04
269.06
269.56
270.08
270.26
270.68
270.90
270.93
270.98
271.07
271.41
271.42
271.50
271.54
271.55
271.63
271.65
271.97
272.00
272.11
272.19
272.25
272.27
272.52
273.01
273.02
273.12
273.20
273.26
273.40
273.49
273.71
273.74
273.95
273.96
274.04
274.05
274.10
274.16
274.21
274.72
274.88
275.00
275.45
275.47
275.75
275.82
276.66
277.08
277.17
277.30
277.31
277.40
277.48
277.52
277.74
277.81
277.89
278.00
278.23
278.24
278.25
278.26
278.26
278.27
278.56
278.64
279.02
279.14
279.25
279.39
279.65
279.73
279.78
279.82
280.08
280.08
280.09
280.21
280.42
280.79
281.27
281.47
281.71
281.89
282.16
282.19
282.20
282.73
282.73
282.77
282.91
282.96
282.96
283.16
283.18
283.51
283.52
283.64
283.96
284.09
284.58
284.61
285.03
285.44
285.45
285.52
285.54
285.62
285.65
285.91
286.12
286.19
286.44
286.47
286.75
287.60
288.16
288.50
288.56
288.62
288.66
288.68
289.03
289.29
289.55
289.65
289.67
289.69
289.71
289.95
290.13
290.27
290.31
290.65
290.95
291.30
291.52
291.73
291.78
291.91
291.96
291.99
292.03
292.21
292.24
292.30
292.31
292.87
293.23
293.24
293.43
293.61
293.72
293.91
294.43
294.48
294.51
294.60
294.73
295.03
295.50
295.94
296.40
296.54
296.63
296.74
296.86
297.06
297.18
297.36
297.42
297.60
297.85
298.15
298.22
298.36
298.55
298.56
298.62
299.28
299.31
299.36
299.54
299.61
299.74
299.82
299.84
299.85
299.86
299.99
300.00
300.02
300.64
300.90
301.12
301.34
301.41
301.41
301.44
301.55
301.66
301.69
301.69
301.90
301.96
302.02
302.57
302.63
302.78
302.83
303.19
303.25
303.27
303.44
303.61
303.63
303.88
304.33
304.43
304.67
304.97
305.08
305.14
305.14
305.19
305.41
305.65
305.65
305.79
305.86
306.37
306.38
306.66
306.67
306.76
307.17
307.24
307.45
307.50
307.55
307.57
307.68
307.80
308.15
308.19
308.50
308.54
308.63
308.67
308.69
308.81
308.81
308.88
309.25
309.26
309.37
309.38
309.56
309.63
309.67
309.74
309.77
310.20
310.27
310.28
310.59
310.67
310.68
310.83
311.26
311.95
312.00
312.31
312.31
312.35
312.84
312.89
313.19
313.49
313.51
313.56
313.69
313.73
313.77
313.81
313.93
314.10
315.29
315.31
315.41
315.78
316.36
316.40
316.54
316.62
316.63
316.71
316.93
316.94
317.01
317.54
317.72
318.22
318.23
318.37
318.77
318.84
318.93
318.99
319.36
319.56
319.57
320.00
320.08
320.09
320.39
320.54
321.20
321.31
321.81
321.88
322.40
322.50
322.68
322.70
323.03
323.06
323.21
323.47
323.51
323.96
324.02
324.21
324.80
324.84
325.16
325.85
326.07
326.58
326.91
326.93
327.04
327.60
327.74
327.75
328.08
328.12
328.58
328.72
328.77
328.89
329.07
329.63
329.67
329.69
329.71
329.74
329.97
329.99
329.99
330.11
330.14
330.27
330.48
330.68
330.75
331.38
331.46
331.90
332.15
332.26
332.51
332.95
332.96
333.29
333.32
333.36
333.46
333.58
333.99
334.34
334.75
334.81
334.82
334.99
335.21
335.31
335.33
335.46
335.57
335.62
335.94
336.54
336.66
336.87
337.06
337.09
337.30
337.40
337.88
337.91
337.94
338.73
338.80
338.93
339.41
339.48
339.73
339.96
339.97
340.21
340.21
340.28
340.28
340.72
340.97
341.05
341.59
341.60
341.87
342.15
342.18
342.22
342.57
342.72
342.93
343.07
343.57
343.73
344.15
344.17
344.78
344.83
344.85
345.37
345.50
345.86
346.08
346.10
346.28
346.52
346.55
346.60
346.79
347.05
347.21
347.50
347.53
347.56
347.99
348.04
348.05
348.05
348.12
348.19
348.30
348.45
348.46
348.73
348.84
349.26
349.42
349.55
349.59
349.65
349.92
350.05
350.16
350.28
350.53
350.67
351.18
351.23
351.25
351.48
351.51
351.55
351.61
351.92
351.94
352.08
352.16
352.21
352.25
352.32
352.47
352.80
353.12
353.19
353.52
353.55
353.76
354.07
354.13
354.16
354.18
354.24
354.43
354.52
354.68
355.35
355.60
355.91
356.01
356.04
356.10
356.23
356.53
356.95
357.09
357.17
357.42
357.49
357.53
358.34
358.34
358.35
358.39
358.47
358.56
358.66
358.71
358.80
359.17
360.72
360.75
360.83
361.36
361.41
361.58
361.71
361.93
362.09
362.33
362.84
362.93
362.98
363.14
363.25
363.66
363.70
363.73
364.03
364.37
364.67
364.73
365.39
365.47
365.93
366.06
366.26
366.30
366.36
366.60
366.69
367.00
367.86
367.97
368.06
368.06
368.06
368.11
368.29
368.46
368.57
368.70
368.76
368.77
368.87
369.11
369.15
369.25
369.58
370.27
370.39
370.55
370.70
371.16
371.45
371.77
371.93
372.08
372.16
372.54
372.62
373.84
374.17
374.30
374.44
374.75
374.94
375.16
375.40
375.50
375.58
375.89
375.95
375.96
376.63
376.89
377.65
377.68
377.91
377.99
378.23
378.23
378.69
379.34
379.51
379.51
379.68
379.84
379.86
379.86
379.96
380.26
380.41
380.85
380.87
380.91
380.98
381.04
381.12
381.17
381.30
381.36
381.53
381.61
381.84
382.21
382.50
382.78
383.11
383.58
383.61
383.74
383.83
383.89
384.17
384.47
384.71
384.74
384.81
384.94
385.04
385.18
385.20
385.31
385.50
385.51
385.51
385.71
386.49
386.74
387.10
387.17
387.17
387.53
387.55
388.57
389.21
389.22
389.25
389.29
389.53
389.62
389.63
389.83
389.92
390.05
390.07
390.08
390.55
390.68
390.91
390.98
391.14
391.22
391.35
391.56
391.65
392.03
392.09
392.54
392.71
392.76
392.79
393.07
393.24
393.35
393.60
393.66
393.93
393.94
394.10
394.25
394.70
394.79
394.99
395.24
395.31
395.35
395.85
395.85
396.20
396.26
396.34
396.47
396.62
397.26
397.43
398.51
398.53
398.62
398.72
398.74
399.02
399.63
400.08
400.26
400.49
400.58
400.95
400.97
401.04
401.12
401.20
401.28
401.53
401.58
401.73
402.16
402.18
402.27
403.05
403.65
404.05
404.17
404.50
404.56
404.64
405.32
405.42
405.70
405.71
405.96
406.51
406.65
406.83
407.86
408.90
409.35
409.64
409.69
409.71
409.71
409.86
409.92
410.14
410.63
410.75
410.80
411.18
411.33
411.39
411.65
412.08
412.72
412.74
412.97
413.36
414.10
414.48
414.60
414.71
415.18
415.38
415.43
415.64
415.78
416.01
416.25
417.51
417.83
417.95
417.96
418.43
418.54
419.16
419.19
419.25
419.43
419.62
419.72
419.79
419.94
420.03
420.68
421.37
421.79
422.14
422.14
422.24
422.52
422.74
423.04
423.66
423.67
423.71
423.75
423.90
424.09
424.18
424.26
424.56
424.71
424.71
425.02
425.08
425.20
425.26
426.18
426.51
426.58
426.81
426.85
427.03
427.11
427.20
427.57
427.79
427.83
427.83
427.98
428.60
428.89
428.90
429.00
429.26
429.67
429.76
429.79
430.47
430.76
430.93
431.04
431.13
431.31
432.03
432.83
433.01
433.87
434.08
435.33
435.36
435.73
435.95
436.56
436.63
436.65
436.83
436.95
437.16
437.34
437.45
437.73
438.29
438.51
438.55
438.65
439.10
439.27
439.43
439.54
439.90
440.22
440.40
440.52
441.55
441.91
442.11
442.61
442.73
443.27
443.43
443.44
443.56
443.80
443.94
444.29
444.42
444.49
444.73
445.29
445.83
446.00
446.11
446.38
446.40
446.52
446.53
446.70
446.91
447.29
447.55
447.73
447.80
448.21
448.32
448.56
448.64
448.73
448.78
449.46
449.73
449.92
449.98
450.21
450.31
450.57
450.65
450.75
451.17
451.25
451.51
451.69
451.79
452.62
452.88
452.89
453.95
454.29
454.32
455.01
455.02
455.46
455.50
455.59
455.63
456.01
456.32
456.57
456.63
456.80
457.03
457.23
458.22
458.69
458.77
458.89
459.36
459.37
459.45
459.46
459.52
460.06
460.26
461.07
461.10
461.33
461.38
461.85
462.12
462.36
462.44
462.77
462.87
463.16
463.24
463.41
463.56
463.78
463.80
464.03
464.07
464.53
465.01
465.08
465.25
465.83
465.86
466.03
466.13
467.36
467.71
467.77
467.87
468.88
469.06
469.48
469.70
470.05
470.14
470.18
470.64
470.74
470.83
471.22
471.59
471.63
471.76
471.90
472.10
472.21
472.30
472.41
472.72
473.37
473.63
474.29
474.38
475.46
475.65
475.77
475.92
476.36
476.41
476.46
476.50
476.61
477.03
477.30
477.31
477.57
478.55
478.80
478.81
479.80
480.06
480.21
480.80
481.25
481.44
481.47
481.59
481.65
481.68
481.73
481.75
481.79
482.19
483.29
484.25
484.42
484.50
484.69
484.71
485.15
485.24
485.54
485.56
485.78
486.18
486.44
486.60
486.74
486.77
487.06
487.32
487.91
487.97
488.18
488.25
488.42
488.83
489.15
489.32
489.65
490.29
490.43
490.85
491.05
491.05
491.81
491.96
492.00
492.41
492.41
492.99
493.02
493.59
493.76
494.12
494.82
495.04
495.19
495.52
496.63
497.36
497.67
497.72
497.80
497.97
498.32
498.43
498.56
498.56
498.68
499.70
499.83
500.07
500.22
500.46
500.60
500.69
500.82
500.87
500.99
501.04
501.14
501.37
501.71
502.26
502.34
502.84
503.00
503.08
503.61
504.52
504.58
504.88
504.89
505.46
505.69
506.01
506.39
506.40
506.52
506.92
507.02
507.18
507.39
507.69
507.73
507.79
507.84
507.94
508.02
508.02
508.37
508.46
508.57
508.64
509.06
509.39
509.47
509.56
509.66
509.67
509.67
510.01
510.28
510.59
510.64
511.06
511.15
511.36
512.10
512.15
512.37
512.93
513.12
513.29
513.87
513.93
514.26
514.52
514.54
514.81
514.83
514.93
515.26
515.58
515.84
517.44
517.58
517.88
518.20
518.55
518.94
519.43
520.37
521.22
521.41
521.50
521.60
522.05
522.30
522.74
522.83
522.92
523.06
523.26
523.30
523.88
524.64
524.66
524.73
524.87
525.27
525.50
525.92
526.06
526.27
526.36
526.57
526.67
527.03
527.09
527.30
527.56
527.81
528.06
528.13
528.30
528.66
528.78
529.13
529.39
529.91
530.55
530.58
530.60
530.71
530.75
531.05
531.11
532.09
532.48
533.62
534.05
534.14
534.31
534.41
534.68
536.35
537.70
537.99
538.46
538.68
539.32
539.37
539.55
540.49
540.79
541.17
541.23
541.40
541.61
541.69
542.30
542.44
542.49
542.67
542.97
543.02
543.34
544.20
544.31
544.35
544.82
544.85
545.99
546.61
546.77
546.79
546.96
547.62
547.80
548.02
548.18
548.24
548.26
548.33
548.70
548.82
548.91
549.15
549.47
549.62
549.72
552.00
552.38
552.41
552.93
554.04
554.18
554.30
554.82
555.25
555.37
555.76
555.84
556.03
556.29
556.97
557.10
558.03
558.10
558.31
558.58
559.01
559.07
559.92
559.92
560.49
560.51
560.52
561.18
561.29
561.32
561.38
561.47
561.55
561.91
562.00
562.11
562.19
562.44
562.77
562.93
563.82
564.20
564.31
564.53
564.55
565.29
565.55
566.62
566.67
566.77
566.78
566.87
566.88
566.92
567.48
567.84
567.94
568.90
568.91
569.29
569.43
569.47
570.68
571.02
571.11
571.50
572.16
572.34
572.38
572.51
572.71
573.48
573.91
574.17
574.56
574.61
574.79
575.17
575.42
575.78
575.83
575.84
576.15
578.31
578.81
579.08
579.48
579.93
580.22
580.24
580.76
580.80
581.43
581.64
581.67
581.71
581.97
583.86
584.21
584.41
585.04
585.60
586.35
586.66
586.81
587.22
587.51
588.02
588.39
588.40
588.98
589.08
589.11
590.13
590.17
590.32
590.34
590.59
591.13
592.60
593.07
593.25
593.57
593.62
593.63
593.85
594.34
594.36
594.56
594.64
595.20
595.24
595.66
596.17
596.24
596.93
596.95
597.01
597.13
597.54
597.64
598.03
598.10
598.50
598.68
599.43
599.68
599.77
600.28
601.79
601.81
602.21
602.33
602.59
602.92
603.34
603.42
603.59
603.85
604.03
604.55
604.83
605.01
605.09
605.89
607.41
607.43
607.55
607.90
607.99
608.53
608.70
609.46
609.64
609.89
609.94
610.00
610.04
610.38
611.08
611.33
611.37
611.46
611.62
611.65
611.99
612.23
612.62
612.66
613.13
613.23
613.47
613.63
613.67
614.04
614.06
614.30
614.76
614.94
615.09
615.51
615.97
616.47
617.00
617.02
617.21
617.23
617.62
617.70
618.06
618.08
618.18
620.29
620.85
620.99
621.36
621.53
621.64
621.64
621.83
622.14
622.22
622.22
622.85
624.33
624.96
627.23
627.47
628.58
628.67
628.68
628.86
629.01
629.91
630.45
630.51
631.19
631.19
632.80
633.53
633.64
633.64
633.67
633.95
634.85
634.93
635.17
635.20
636.02
636.80
636.92
637.00
637.44
637.44
637.54
638.21
638.40
639.66
640.12
640.18
640.20
640.33
640.64
641.13
641.45
642.43
643.67
643.69
643.99
644.03
644.09
644.27
644.33
644.35
645.24
645.41
645.79
646.13
646.60
646.73
647.08
647.51
647.60
647.97
648.86
649.42
649.47
649.81
649.81
650.52
650.59
650.67
651.38
651.97
651.99
652.14
653.38
653.48
653.77
654.61
654.72
655.31
655.45
655.75
655.96
655.97
656.51
656.75
656.76
657.04
658.64
658.64
658.90
658.99
659.38
660.46
661.10
661.36
661.43
661.61
661.83
662.11
663.04
663.14
663.78
664.01
664.09
664.56
664.91
665.24
666.32
666.97
667.05
668.15
668.46
668.56
670.08
670.88
671.49
671.58
672.34
672.98
673.47
673.92
673.92
674.46
674.49
674.53
674.73
674.81
674.89
674.97
675.55
676.11
676.61
676.68
676.96
677.18
677.21
677.87
678.23
678.29
678.59
678.63
679.01
679.58
681.05
681.23
681.26
681.48
681.49
681.73
681.83
682.50
682.59
682.80
684.21
684.56
685.14
685.51
686.14
686.97
687.82
688.54
689.35
690.44
691.08
691.24
691.50
691.53
691.57
691.86
692.42
692.45
692.77
693.02
693.04
693.11
693.20
693.57
693.77
694.10
694.22
694.37
695.13
695.17
695.19
695.42
696.50
697.02
698.51
698.87
700.39
700.41
700.72
700.88
701.00
701.64
703.11
704.72
705.03
705.18
705.58
705.94
706.21
706.84
708.27
708.40
708.51
708.94
709.51
710.01
710.37
710.43
711.26
711.53
711.66
711.83
711.89
712.30
712.66
712.94
716.17
717.32
719.37
719.88
720.11
720.29
720.32
720.64
720.69
721.44
721.53
722.26
723.08
723.83
723.90
724.17
724.33
724.40
725.07
725.11
725.49
725.73
726.27
728.55
729.30
729.35
729.43
729.97
730.02
730.11
730.45
730.75
730.81
731.55
732.17
732.81
733.14
733.31
733.64
733.66
733.95
734.26
734.75
735.72
737.05
737.23
737.41
738.34
738.48
738.84
739.57
739.61
739.75
739.87
740.09
740.72
740.80
740.98
741.44
741.83
742.57
742.83
743.39
744.46
746.23
746.36
746.48
746.65
746.65
747.05
747.16
747.66
748.21
748.27
749.18
749.74
749.92
750.23
750.97
751.13
751.61
752.49
752.57
752.66
752.67
752.74
753.23
753.34
754.15
755.95
756.44
756.67
756.96
756.96
757.09
758.71
758.99
759.00
759.91
760.81
761.25
761.34
761.60
762.24
762.27
762.30
763.24
763.53
763.82
764.22
765.84
765.94
765.98
766.01
766.16
766.24
766.73
767.47
768.14
768.26
768.96
769.37
769.90
769.93
769.99
770.45
770.55
770.84
771.41
771.67
771.86
773.10
773.22
773.23
773.24
773.60
773.71
773.78
773.85
774.60
774.73
774.75
775.09
776.42
776.66
777.21
778.96
779.37
779.67
780.39
780.67
780.83
781.06
781.46
781.79
782.17
782.26
782.37
782.65
782.92
783.63
784.26
785.05
785.93
786.54
787.21
790.19
790.80
790.83
790.88
791.24
791.30
792.44
792.69
793.05
793.36
794.01
794.44
794.66
795.02
795.28
795.38
795.67
795.78
795.88
796.06
796.21
797.91
798.20
798.44
800.36
801.24
801.90
803.07
803.12
804.17
804.94
805.18
805.56
805.86
806.96
807.00
807.29
808.30
809.26
809.28
809.34
810.04
810.25
811.16
811.25
811.32
811.73
812.39
812.46
813.55
814.09
814.71
814.89
814.96
815.25
816.00
816.24
816.57
816.59
816.68
816.78
818.54
819.07
819.19
819.36
819.39
820.17
820.89
821.09
821.23
821.27
821.49
821.52
821.55
821.64
821.65
821.82
822.23
822.29
822.31
822.45
822.68
823.56
824.22
824.65
826.02
827.31
828.55
828.56
828.58
828.58
828.60
829.02
829.04
829.85
830.58
831.08
831.46
831.51
831.75
832.03
832.21
832.76
832.77
833.01
833.14
833.87
833.91
834.19
834.58
834.77
835.64
835.92
835.93
836.11
836.86
837.24
837.55
837.83
837.87
837.93
838.94
838.98
839.34
840.24
840.26
840.31
840.74
841.05
841.59
841.67
842.35
842.62
842.96
843.74
844.97
845.00
845.39
845.56
847.55
848.07
848.68
848.91
849.01
849.10
849.14
849.38
849.53
850.93
851.05
851.68
852.12
853.20
853.51
853.63
854.94
855.27
855.29
855.39
855.52
856.63
857.57
857.58
857.61
857.93
858.32
858.46
859.12
860.06
860.17
860.26
861.85
862.05
862.11
862.14
862.46
862.54
862.73
863.05
864.22
864.27
864.57
865.94
866.42
866.46
866.54
866.95
867.20
867.73
867.81
868.31
868.53
868.77
869.63
869.97
870.38
870.77
871.15
871.60
871.74
873.76
875.68
876.33
876.48
877.26
877.78
878.84
879.12
880.19
880.31
881.85
882.00
882.59
883.27
884.00
884.48
884.83
885.32
886.30
887.13
887.17
888.17
888.22
888.23
888.26
888.65
888.98
889.08
889.60
889.82
889.92
890.02
893.17
893.80
893.88
894.66
895.18
895.52
895.75
895.84
896.05
896.06
896.94
897.05
899.19
899.51
899.74
899.99
901.84
902.84
903.16
904.16
904.61
904.64
904.66
905.02
905.59
905.82
906.04
906.06
906.23
906.43
906.67
907.16
907.26
907.31
907.65
907.65
907.74
908.05
908.30
909.08
909.80
910.16
910.47
910.61
911.26
912.05
912.40
913.91
916.46
916.46
917.62
919.31
919.44
919.57
919.96
920.01
920.11
920.27
920.75
920.79
921.12
921.39
921.41
921.76
922.20
922.26
923.44
923.48
923.55
923.71
924.42
925.26
926.05
926.18
926.69
928.55
929.36
929.91
930.65
931.84
933.55
934.33
934.65
935.39
935.67
936.07
936.65
936.78
937.72
938.75
940.08
940.62
940.67
941.98
942.04
942.34
942.73
942.75
943.60
944.05
944.75
944.95
945.55
946.21
946.62
947.13
947.22
947.45
949.03
949.38
949.45
949.78
950.15
950.59
950.70
951.51
952.26
952.61
952.82
953.66
954.17
954.53
954.67
955.87
956.13
956.62
957.34
957.56
958.84
958.97
959.08
959.31
959.58
959.69
959.80
959.86
960.14
960.89
962.03
963.23
963.32
963.33
963.46
965.31
965.85
966.07
966.57
967.31
967.60
969.25
969.44
970.47
972.37
973.37
973.48
973.82
975.21
975.26
975.43
976.34
976.34
976.74
976.98
977.00
977.10
977.42
980.18
980.69
980.80
980.91
981.79
982.21
982.98
983.63
984.37
985.04
985.18
985.62
985.95
987.94
987.98
989.28
991.04
991.72
992.01
992.24
993.30
993.54
993.72
994.45
994.47
994.93
994.93
996.60
996.77
996.96
997.03
997.15
999.02
1001.77
1002.36
1002.83
1003.37
1003.41
1003.57
1003.62
1004.21
1004.22
1004.24
1004.52
1005.87
1006.06
1006.52
1006.57
1006.98
1007.18
1007.53
1007.65
1008.31
1008.49
1008.92
1009.35
1011.02
1012.21
1012.84
1012.87
1013.99
1015.46
1016.91
1017.26
1017.26
1017.30
1017.49
1017.59
1018.11
1018.94
1019.98
1021.72
1023.04
1023.13
1023.53
1024.85
1025.54
1025.61
1025.63
1026.31
1029.62
1029.91
1030.06
1030.52
1031.35
1031.40
1031.56
1032.31
1032.83
1032.84
1033.59
1035.65
1036.90
1037.24
1037.51
1038.74
1038.97
1039.14
1039.78
1040.25
1040.28
1040.93
1041.04
1041.70
1042.20
1042.36
1042.46
1043.68
1045.40
1045.43
1045.57
1046.35
1046.43
1046.80
1048.06
1048.47
1048.74
1049.40
1050.10
1050.58
1051.08
1051.26
1053.37
1054.18
1054.67
1055.59
1056.40
1056.47
1056.95
1057.90
1058.18
1058.18
1059.42
1059.83
1059.88
1060.23
1060.43
1060.85
1061.21
1061.93
1063.77
1064.13
1065.29
1066.81
1067.66
1067.76
1068.18
1068.46
1068.89
1069.64
1071.26
1072.12
1073.11
1075.01
1075.59
1076.91
1076.93
1077.13
1078.46
1079.36
1081.36
1081.89
1082.13
1084.73
1084.82
1084.99
1085.27
1085.85
1085.87
1087.51
1087.80
1088.03
1088.64
1089.30
1089.39
1090.23
1090.55
1090.96
1091.10
1091.29
1092.08
1094.63
1094.71
1095.28
1096.64
1098.28
1099.33
1099.35
1100.93
1100.94
1101.41
1101.42
1103.02
1103.14
1103.38
1104.23
1105.00
1105.17
1106.10
1106.37
1106.74
1107.07
1109.73
1110.90
1111.16
1111.22
1112.38
1113.04
1113.07
1113.44
1113.79
1113.86
1114.27
1115.08
1115.72
1116.03
1116.38
1116.71
1117.64
1118.00
1118.11
1118.16
1119.77
1119.83
1120.52
1121.33
1121.83
1122.17
1122.73
1125.03
1125.15
1125.90
1129.35
1129.41
1129.50
1130.03
1130.45
1130.84
1130.95
1131.20
1133.73
1134.16
1134.26
1135.19
1135.42
1135.56
1136.34
1136.71
1136.84
1137.46
1138.81
1138.89
1139.96
1141.78
1143.25
1143.62
1146.36
1146.67
1147.36
1147.70
1149.69
1153.58
1154.10
1154.13
1154.39
1154.40
1155.02
1155.09
1155.35
1155.71
1155.91
1156.29
1156.61
1156.89
1157.25
1157.70
1158.28
1160.08
1160.24
1160.25
1161.16
1161.78
1162.27
1163.63
1165.13
1165.49
1166.13
1167.31
1167.35
1168.01
1168.94
1169.12
1169.21
1170.01
1170.17
1171.42
1172.98
1173.75
1173.89
1175.35
1175.50
1176.92
1177.38
1178.05
1178.24
1178.90
1179.03
1179.07
1179.72
1179.73
1180.96
1181.57
1182.02
1182.13
1182.71
1182.85
1182.91
1183.28
1183.37
1183.87
1184.18
1184.67
1185.01
1186.60
1186.63
1187.17
1187.98
1190.59
1191.21
1191.60
1191.82
1192.10
1192.45
1194.24
1194.37
1195.03
1195.72
1195.90
1198.20
1198.29
1198.73
1199.14
1201.36
1201.40
1202.50
1202.70
1202.79
1203.30
1204.65
1204.91
1208.02
1208.68
1209.44
1209.81
1210.25
1210.78
1210.91
1212.06
1212.10
1214.44
1215.16
1215.18
1215.81
1216.95
1216.98
1217.70
1218.68
1219.01
1219.03
1219.72
1222.89
1222.96
1224.14
1225.69
1225.71
1227.00
1227.42
1227.97
1228.22
1228.81
1230.46
1230.71
1231.10
1231.34
1232.28
1232.28
1232.35
1232.57
1232.76
1234.47
1235.62
1236.01
1236.37
1236.70
1237.60
1237.69
1238.52
1238.79
1240.35
1240.66
1241.56
1241.93
1242.34
1243.90
1244.02
1244.50
1245.48
1245.89
1246.51
1247.12
1248.07
1248.39
1249.17
1250.12
1250.51
1250.83
1251.41
1251.82
1252.24
1252.91
1254.59
1254.76
1255.58
1255.67
1256.95
1257.55
1257.74
1257.74
1257.89
1258.57
1259.16
1259.31
1259.39
1260.40
1260.89
1261.30
1261.56
1261.60
1262.87
1269.77
1271.05
1271.57
1271.59
1272.14
1272.26
1274.34
1274.47
1275.13
1275.45
1275.61
1280.11
1280.58
1281.24
1281.45
1282.21
1282.78
1284.11
1284.48
1285.57
1285.75
1286.58
1287.15
1288.28
1288.62
1290.21
1291.57
1292.11
1292.56
1293.15
1293.68
1295.26
1295.38
1300.75
1301.40
1304.42
1304.60
1305.48
1310.06
1313.94
1314.11
1314.21
1314.98
1315.93
1316.56
1316.58
1317.33
1317.71
1318.18
1319.68
1320.65
1321.79
1321.94
1322.68
1322.72
1322.74
1323.41
1323.86
1325.03
1325.72
1326.62
1327.23
1327.57
1327.90
1328.06
1328.42
1330.26
1331.31
1332.16
1332.38
1332.98
1333.10
1333.11
1333.21
1333.29
1333.50
1334.04
1334.04
1334.53
1337.19
1337.30
1337.62
1339.45
1339.69
1339.95
1340.01
1340.11
1340.49
1341.59
1342.22
1342.58
1343.16
1344.18
1344.98
1345.23
1345.57
1345.81
1346.24
1346.46
1349.09
1349.91
1352.07
1353.25
1353.68
1354.03
1354.18
1354.98
1355.38
1357.11
1357.67
1358.96
1359.23
1359.59
1361.95
1362.23
1362.64
1363.25
1363.51
1364.66
1365.48
1366.63
1368.45
1369.43
1370.79
1370.98
1371.65
1371.95
1373.84
1374.94
1375.32
1375.83
1376.69
1377.48
1377.81
1378.00
1378.00
1380.99
1383.97
1385.21
1385.25
1385.48
1386.12
1386.29
1386.32
1386.47
1387.10
1388.57
1389.11
1389.80
1389.83
1390.25
1390.93
1393.24
1393.72
1395.18
1395.32
1395.42
1395.89
1396.13
1396.21
1396.60
1397.11
1399.79
1399.97
1400.22
1400.54
1401.75
1401.95
1402.05
1402.22
1402.61
1403.08
1403.08
1403.27
1403.31
1403.60
1403.69
1403.83
1406.15
1406.38
1406.41
1406.82
1406.90
1408.77
1410.16
1412.54
1412.73
1413.77
1415.82
1416.57
1416.91
1416.94
1417.00
1418.48
1418.81
1420.53
1420.97
1421.22
1421.74
1422.82
1423.99
1425.44
1425.59
1425.90
1426.49
1427.58
1428.73
1429.90
1430.37
1431.71
1431.84
1432.57
1432.74
1433.99
1434.54
1434.66
1436.59
1437.13
1437.89
1438.53
1439.68
1440.54
1441.27
1441.48
1442.51
1443.02
1443.02
1443.15
1443.36
1444.36
1446.84
1447.20
1447.49
1449.04
1449.64
1450.53
1450.60
1450.71
1450.86
1451.10
1451.73
1451.96
1452.69
1453.05
1456.24
1457.11
1457.33
1458.80
1460.06
1460.63
1461.47
1462.53
1463.54
1464.33
1464.79
1464.86
1465.41
1465.78
1466.76
1469.01
1472.40
1473.89
1474.75
1475.03
1477.80
1478.58
1480.63
1480.98
1482.30
1482.70
1483.24
1484.08
1485.20
1485.57
1486.59
1486.71
1488.65
1489.92
1489.97
1490.16
1491.10
1492.00
1493.07
1493.18
1494.44
1495.44
1496.59
1497.27
1498.63
1499.49
1500.11
1500.45
1500.50
1500.81
1502.04
1503.57
1504.22
1504.53
1504.66
1505.57
1506.21
1506.68
1507.14
1507.89
1509.13
1509.90
1510.03
1511.29
1512.02
1512.74
1513.12
1513.40
1514.07
1515.59
1516.20
1516.41
1516.81
1517.76
1518.05
1520.36
1522.71
1522.73
1523.55
1523.80
1524.03
1524.46
1524.72
1526.31
1527.83
1530.57
1530.90
1530.99
1531.10
1532.00
1532.21
1533.26
1534.77
1536.13
1537.36
1538.46
1538.53
1538.89
1540.31
1540.76
1540.82
1541.74
1541.97
1542.39
1542.53
1543.41
1543.53
1543.98
1543.98
1544.06
1544.63
1544.81
1545.37
1546.15
1546.70
1546.84
1547.86
1550.66
1552.03
1552.20
1552.44
1555.18
1555.87
1558.33
1559.76
1560.62
1561.79
1561.94
1562.08
1562.13
1562.21
1562.45
1562.95
1563.44
1563.78
1565.81
1567.59
1568.88
1570.11
1571.21
1572.16
1572.62
1573.56
1576.13
1578.25
1578.45
1578.45
1578.83
1579.17
1580.83
1581.41
1581.41
1581.48
1584.77
1585.11
1585.39
1587.75
1588.15
1588.61
1588.70
1589.58
1590.23
1591.42
1592.99
1594.02
1594.71
1595.11
1596.19
1597.01
1597.04
1597.33
1600.64
1601.97
1602.77
1603.36
1606.07
1610.16
1610.21
1610.45
1611.67
1611.99
1612.27
1612.34
1613.96
1615.04
1616.32
1618.07
1618.65
1619.49
1619.59
1619.75
1621.14
1623.66
1626.11
1628.57
1628.68
1628.78
1628.98
1629.37
1630.49
1630.51
1631.29
1631.68
1633.34
1634.17
1634.31
1634.61
1635.83
1636.61
1637.30
1639.07
1640.01
1641.52
1641.95
1643.10
1644.46
1644.81
1645.02
1645.27
1645.84
1646.91
1647.23
1647.68
1648.02
1649.30
1650.07
1650.96
1651.09
1651.96
1656.08
1656.56
1657.19
1658.00
1660.15
1660.69
1661.50
1662.61
1662.83
1663.12
1666.32
1666.43
1670.39
1670.44
1671.04
1671.40
1672.09
1673.04
1673.42
1674.49
1675.42
1676.23
1677.21
1677.70
1678.56
1678.76
1679.45
1679.56
1681.56
1682.79
1683.07
1683.89
1685.22
1685.40
1686.84
1687.94
1689.47
1692.86
1693.31
1693.55
1694.32
1694.49
1695.07
1695.18
1696.73
1697.33
1698.14
1699.83
1700.38
1702.46
1703.55
1704.36
1705.06
1707.35
1708.61
1708.77
1709.20
1709.20
1709.51
1710.57
1710.66
1711.16
1712.12
1712.22
1712.23
1713.85
1715.39
1716.45
1716.61
1717.41
1717.84
1717.88
1719.61
1719.83
1723.55
1727.74
1728.04
1731.50
1731.52
1731.69
1732.72
1732.94
1733.79
1735.79
1735.81
1736.64
1736.83
1737.33
1738.91
1739.55
1740.70
1740.76
1742.62
1744.08
1744.21
1744.44
1744.49
1744.66
1745.21
1745.76
1747.44
1748.25
1749.69
1754.71
1756.88
1762.57
1764.46
1765.19
1765.30
1765.51
1765.63
1765.78
1766.35
1767.79
1769.70
1771.23
1772.59
1775.32
1777.24
1778.18
1779.09
1779.30
1780.67
1781.23
1783.12
1783.44
1783.52
1784.00
1784.51
1784.68
1784.74
1784.95
1785.16
1785.92
1787.13
1787.68
1788.41
1788.95
1793.14
1795.18
1795.97
1797.22
1797.35
1798.00
1801.64
1802.77
1803.80
1804.09
1804.35
1806.46
1806.89
1807.69
1808.36
1808.55
1808.98
1811.12
1811.55
1811.96
1812.08
1812.80
1813.06
1814.02
1814.41
1814.63
1814.86
1816.06
1816.10
1817.42
1818.11
1818.38
1819.09
1819.88
1820.51
1822.04
1822.32
1822.62
1823.05
1823.09
1824.00
1825.85
1826.49
1826.64
1826.70
1828.46
1830.22
1831.16
1831.33
1832.44
1833.57
1833.71
1833.79
1834.61
1835.72
1836.00
1836.71
1837.11
1838.00
1839.04
1839.44
1839.46
1839.61
1839.77
1841.45
1844.22
1845.30
1846.67
1847.99
1848.05
1848.55
1850.63
1852.36
1853.34
1854.12
1854.72
1855.03
1855.05
1855.97
1856.17
1858.28
1858.64
1859.43
1860.81
1861.20
1861.98
1862.73
1867.35
1867.63
1868.95
1870.69
1872.16
1872.73
1873.14
1873.16
1873.62
1873.91
1875.00
1875.37
1875.45
1875.81
1876.32
1876.77
1877.62
1879.43
1879.65
1882.67
1884.09
1884.77
1888.73
1890.97
1891.65
1892.18
1896.28
1896.86
1897.35
1899.48
1900.70
1902.45
1904.38
1904.69
1905.95
1907.08
1907.48
1907.95
1911.98
1912.70
1912.73
1912.75
1917.41
1919.75
1921.33
1921.69
1925.22
1925.52
1926.72
1927.52
1927.87
1927.98
1929.77
1930.06
1931.11
1931.65
1932.11
1938.37
1939.19
1941.18
1942.40
1942.99
1943.50
1943.68
1944.08
1951.35
1952.28
1952.56
1953.45
1955.14
1957.21
1958.42
1960.48
1961.88
1962.81
1963.66
1963.81
1964.81
1965.19
1965.91
1966.13
1967.13
1968.72
1971.00
1971.28
1971.60
1971.69
1973.37
1973.93
1976.04
1977.18
1979.10
1980.60
1983.05
1986.16
1986.35
1986.55
1987.54
1989.19
1990.18
1990.76
1993.20
1993.27
1998.23
1998.23
2000.76
2002.17
2002.39
2004.10
2004.49
2005.86
2006.55
2007.40
2008.07
2008.40
2008.68
2010.40
2012.25
2012.94
2015.69
2020.73
2021.43
2023.21
2023.36
2026.34
2026.73
2028.66
2029.04
2029.87
2031.28
2033.72
2033.90
2034.45
2034.51
2037.62
2041.86
2042.10
2042.94
2043.47
2045.02
2046.92
2047.10
2048.56
2048.80
2049.14
2051.16
2052.24
2052.55
2053.06
2053.60
2054.00
2054.20
2055.22
2056.49
2061.81
2061.95
2062.13
2063.38
2063.42
2064.11
2066.82
2071.52
2071.63
2072.55
2073.38
2073.83
2074.32
2076.59
2076.99
2081.09
2081.25
2082.15
2085.08
2085.80
2086.14
2086.77
2088.33
2094.17
2094.53
2095.87
2096.14
2098.27
2101.27
2101.75
2103.11
2103.16
2103.55
2104.71
2105.62
2106.71
2106.83
2108.31
2109.97
2111.91
2112.12
2112.28
2112.53
2112.67
2113.47
2116.10
2116.51
2117.66
2117.75
2118.07
2119.06
2121.74
2121.88
2122.80
2123.55
2124.47
2126.08
2126.84
2129.58
2135.05
2135.67
2137.87
2139.61
2141.02
2141.04
2143.62
2146.35
2146.82
2146.96
2147.19
2152.35
2152.52
2155.52
2156.62
2156.83
2157.48
2157.65
2157.79
2157.83
2160.47
2161.71
2163.23
2163.58
2164.52
2165.50
2166.21
2166.28
2166.84
2167.17
2168.58
2168.76
2168.95
2169.70
2172.76
2174.57
2175.16
2175.44
2176.31
2179.21
2182.04
2182.91
2183.15
2183.65
2184.54
2189.06
2189.37
2192.02
2193.54
2194.35
2194.49
2195.16
2195.73
2196.39
2196.51
2198.34
2198.53
2200.53
2201.03
2201.48
2202.25
2205.18
2206.44
2207.90
2207.90
2211.03
2212.56
2213.33
2214.72
2214.94
2215.13
2215.89
2218.89
2220.98
2222.93
2225.07
2225.63
2227.36
2228.13
2229.77
2231.34
2232.69
2233.06
2235.62
2235.88
2236.20
2236.27
2236.85
2238.76
2239.08
2239.86
2240.19
2241.29
2245.10
2246.19
2246.58
2248.18
2248.48
2248.57
2249.91
2249.96
2250.67
2252.13
2253.22
2255.30
2256.88
2257.42
2261.33
2263.93
2267.92
2268.64
2274.56
2276.36
2278.01
2279.66
2280.25
2281.21
2282.69
2283.34
2283.63
2283.78
2284.25
2284.67
2285.46
2287.22
2287.27
2289.62
2294.75
2295.30
2295.40
2295.90
2296.07
2298.51
2298.90
2299.28
2300.25
2300.90
2301.14
2302.86
2303.59
2306.93
2308.23
2311.80
2311.98
2312.83
2314.90
2315.00
2319.02
2320.02
2321.05
2321.70
2323.03
2323.81
2324.01
2325.05
2327.64
2330.16
2330.16
2331.62
2334.73
2336.67
2337.03
2337.08
2339.00
2339.15
2345.56
2345.74
2347.21
2348.15
2348.81
2349.27
2349.83
2350.06
2350.47
2351.48
2353.60
2354.69
2356.68
2357.32
2357.55
2359.38
2359.64
2361.02
2361.17
2361.35
2361.61
2361.63
2363.01
2363.37
2364.14
2364.19
2372.82
2373.39
2373.52
2374.11
2374.39
2376.70
2377.14
2377.86
2379.71
2379.82
2381.21
2381.44
2381.77
2382.57
2386.78
2387.79
2388.79
2389.98
2391.33
2393.66
2394.00
2395.99
2396.66
2397.57
2399.18
2399.65
2401.83
2407.55
2409.38
2410.00
2410.89
2411.70
2412.82
2414.76
2418.81
2420.27
2422.11
2422.37
2422.84
2424.76
2424.86
2425.52
2427.96
2429.25
2429.54
2430.46
2432.14
2432.46
2433.27
2433.61
2436.62
2438.57
2441.13
2441.26
2446.74
2447.85
2450.13
2450.21
2450.90
2451.08
2451.74
2453.04
2453.71
2454.03
2455.14
2456.13
2457.19
2459.10
2461.07
2461.37
2462.99
2463.63
2464.32
2464.62
2467.37
2467.79
2468.22
2470.36
2470.84
2470.89
2471.64
2474.16
2478.63
2483.49
2483.73
2486.10
2489.03
2490.27
2490.73
2492.72
2495.04
2495.12
2498.96
2500.26
2501.58
2502.83
2507.60
2509.04
2510.32
2510.53
2512.84
2518.42
2519.27
2520.39
2521.48
2522.92
2522.95
2523.93
2526.20
2528.03
2532.17
2534.50
2535.89
2537.57
2539.41
2539.90
2543.45
2544.08
2545.02
2545.49
2548.60
2549.24
2550.56
2550.78
2554.51
2556.31
2557.50
2560.04
2560.24
2560.38
2560.90
2568.62
2573.57
2573.76
2574.49
2575.74
2576.63
2578.00
2579.62
2580.29
2582.10
2583.50
2584.62
2584.98
2586.19
2590.02
2591.54
2591.85
2593.11
2595.18
2596.84
2597.57
2597.85
2598.16
2600.22
2601.96
2603.03
2605.12
2609.23
2610.53
2612.28
2614.18
2616.95
2621.74
2624.04
2624.47
2626.09
2627.56
2628.19
2630.35
2630.84
2633.14
2633.68
2639.73
2640.07
2640.87
2641.10
2641.76
2641.96
2642.47
2644.96
2645.48
2647.00
2647.43
2648.69
2651.21
2651.30
2653.71
2656.64
2657.87
2659.86
2661.38
2663.14
2666.51
2666.51
2667.93
2669.34
2670.90
2672.67
2673.19
2674.84
2680.54
2681.85
2683.18
2683.45
2684.90
2688.01
2690.10
2691.44
2692.05
2692.72
2693.48
2697.65
2698.06
2701.13
2702.03
2702.18
2702.65
2703.23
2705.63
2705.63
2709.29
2712.49
2717.01
2719.04
2722.75
2722.81
2725.26
2728.59
2730.22
2733.47
2734.21
2738.91
2739.71
2740.31
2745.59
2748.47
2749.31
2749.78
2750.56
2750.62
2750.70
2751.30
2751.36
2752.58
2754.73
2756.63
2756.93
2758.16
2759.20
2760.60
2764.13
2766.28
2768.41
2768.74
2769.46
2771.32
2773.06
2773.78
2774.08
2774.38
2777.47
2778.34
2779.82
2780.18
2780.30
2783.49
2789.67
2792.33
2792.36
2794.11
2796.98
2797.29
2802.16
2802.22
2804.50
2804.89
2805.20
2805.29
2806.87
2807.17
2809.24
2810.24
2812.16
2814.01
2824.81
2825.64
2826.31
2828.48
2830.50
2832.77
2834.64
2839.52
2840.38
2842.84
2843.02
2843.76
2846.93
2848.29
2851.31
2854.89
2856.37
2859.44
2861.20
2861.20
2861.85
2862.01
2862.22
2863.06
2863.43
2863.77
2863.96
2863.96
2866.13
2866.37
2866.87
2869.91
2870.19
2870.29
2870.78
2872.21
2873.42
2877.06
2877.28
2878.18
2881.74
2882.30
2883.23
2883.64
2884.64
2885.17
2885.26
2885.86
2885.98
2886.98
2887.07
2892.61
2892.92
2894.17
2895.58
2895.93
2897.49
2901.51
2907.32
2909.24
2915.61
2916.90
2917.47
2922.97
2923.00
2935.52
2936.82
2937.65
2942.83
2944.78
2947.42
2950.04
2950.26
2954.57
2954.93
2957.23
2959.60
2959.85
2959.92
2961.45
2964.02
2966.10
2968.99
2970.60
2971.47
2972.47
2974.33
2977.91
2980.97
2981.97
2983.00
2985.71
2985.75
2985.91
2986.75
2987.98
2992.54
2996.65
2996.94
3001.39
3002.07
3003.05
3003.73
3006.10
3006.88
3008.87
3009.75
3010.50
3013.20
3013.79
3014.24
3017.31
3018.72
3022.54
3026.40
3028.46
3029.05
3030.10
3036.60
3039.07
3040.78
3041.01
3044.83
3049.71
3049.81
3050.50
3052.31
3055.85
3057.77
3061.05
3062.14
3062.37
3064.49
3067.81
3072.76
3072.79
3073.26
3077.65
3081.65
3085.85
3088.93
3088.96
3091.23
3092.27
3093.14
3093.21
3093.91
3094.08
3095.75
3102.22
3102.79
3103.50
3104.17
3105.01
3105.95
3107.26
3110.66
3113.42
3115.88
3116.79
3119.32
3119.63
3120.81
3121.41
3121.55
3125.44
3127.23
3127.74
3128.68
3128.82
3129.63
3131.43
3137.09
3139.60
3145.28
3145.62
3151.86
3153.77
3155.99
3161.18
3161.42
3163.81
3166.69
3169.06
3169.54
3172.87
3174.62
3175.48
3176.64
3177.81
3178.50
3180.56
3183.04
3184.63
3185.08
3185.59
3186.21
3193.39
3194.64
3195.78
3198.58
3203.43
3204.26
3206.83
3207.03
3209.46
3209.74
3210.26
3211.30
3212.14
3214.96
3215.41
3215.96
3219.48
3222.37
3224.81
3225.44
3230.30
3231.10
3231.17
3231.52
3233.16
3235.89
3241.50
3242.62
3243.40
3243.89
3246.34
3247.96
3248.07
3259.75
3259.86
3262.30
3263.95
3264.41
3264.77
3266.18
3266.71
3270.00
3272.33
3272.33
3273.15
3275.45
3279.32
3279.32
3280.70
3282.26
3283.61
3284.29
3284.43
3284.57
3292.47
3293.61
3294.15
3294.29
3295.39
3298.11
3299.43
3302.10
3302.32
3311.05
3311.69
3312.05
3312.84
3315.64
3315.71
3319.73
3321.53
3322.39
3322.93
3324.76
3325.66
3326.85
3328.94
3329.01
3332.32
3334.42
3334.60
3335.54
3336.11
3337.38
3338.93
3340.84
3344.46
3345.29
3350.84
3351.02
3351.82
3353.45
3355.41
3355.73
3357.91
3359.99
3364.28
3364.53
3369.56
3372.30
3373.03
3373.79
3374.16
3380.44
3381.54
3382.01
3382.38
3393.01
3395.77
3395.95
3398.56
3403.31
3403.67
3403.97
3411.75
3412.56
3412.97
3413.30
3413.78
3413.85
3415.07
3415.55
3417.03
3417.29
3418.10
3418.99
3423.17
3430.22
3431.78
3437.17
3437.50
3437.65
3441.22
3444.09
3445.21
3447.37
3447.45
3447.82
3448.83
3452.22
3454.39
3455.59
3469.67
3472.15
3472.34
3473.05
3473.05
3476.89
3478.13
3479.56
3479.97
3498.59
3500.78
3502.98
3504.99
3506.55
3506.89
3507.53
3507.84
3509.58
3515.74
3518.06
3518.25
3520.57
3521.94
3527.32
3531.18
3533.43
3535.69
3543.85
3544.15
3548.22
3550.41
3554.45
3555.29
3557.06
3559.49
3561.34
3564.34
3571.37
3574.19
3575.55
3576.78
3579.73
3579.84
3580.54
3581.08
3588.80
3598.99
3600.24
3603.16
3603.74
3604.83
3606.90
3609.56
3611.16
3622.43
3627.02
3627.92
3629.73
3630.39
3634.52
3641.61
3644.64
3644.96
3645.75
3647.32
3647.56
3650.72
3651.31
3651.51
3653.01
3654.24
3660.53
3662.71
3663.02
3663.54
3663.66
3666.39
3667.66
3674.02
3678.00
3680.19
3681.58
3683.49
3683.89
3684.13
3684.57
3686.28
3689.24
3691.35
3691.71
3692.87
3694.91
3699.79
3702.47
3706.28
3708.53
3708.85
3711.50
3712.50
3713.22
3714.59
3718.73
3721.51
3722.15
3723.28
3726.83
3728.32
3732.96
3736.80
3741.29
3741.62
3741.78
3744.21
3744.90
3749.96
3751.02
3752.85
3752.93
3757.84
3758.49
3765.82
3766.35
3767.90
3769.61
3770.23
3770.47
3771.37
3773.04
3774.14
3774.84
3778.68
3780.11
3784.49
3787.44
3790.18
3794.21
3796.34
3797.66
3804.81
3805.88
3807.37
3807.65
3809.30
3809.71
3812.02
3812.11
3815.04
3816.98
3821.07
3821.44
3822.80
3823.26
3825.41
3825.45
3826.90
3827.31
3828.35
3837.76
3842.25
3844.33
3844.46
3844.54
3844.91
3849.33
3852.24
3853.33
3855.20
3859.29
3861.30
3862.88
3865.23
3869.70
3873.26
3878.97
3879.18
3882.33
3890.91
3894.86
3898.41
3898.79
3898.83
3905.50
3908.08
3912.77
3914.34
3916.16
3918.11
3920.70
3923.71
3928.98
3929.40
3930.60
3935.23
3944.27
3944.44
3945.98
3956.15
3957.39
3959.71
3960.31
3964.34
3965.92
3966.35
3968.41
3971.94
3975.89
3976.62
3981.44
3981.83
3983.43
3983.86
3985.37
3986.75
3989.59
3991.32
3997.63
3999.67
4002.83
4007.29
4009.07
4009.33
4011.19
4011.50
4012.71
4013.71
4014.97
4016.10
4017.67
4019.06
4019.23
4021.10
4029.46
4030.03
4031.16
4031.16
4035.48
4036.66
4037.93
4037.97
4040.42
4043.92
4046.81
4048.17
4050.97
4052.55
4053.29
4053.73
4056.01
4056.89
4062.03
4063.31
4064.23
4073.39
4073.83
4074.53
4077.09
4077.40
4077.40
4088.27
4088.53
4089.90
4092.20
4093.36
4094.11
4094.37
4095.70
4095.79
4096.68
4097.39
4098.67
4099.03
4106.84
4110.09
4112.93
4114.58
4114.76
4115.74
4118.37
4122.11
4128.09
4128.32
4129.12
4129.43
4133.77
4135.78
4136.27
4144.38
4155.97
4156.10
4161.41
4164.83
4167.36
4167.54
4171.69
4173.81
4178.15
4179.69
4185.80
4190.46
4194.91
4195.09
4195.59
4197.82
4198.45
4202.13
4205.36
4210.55
4211.14
4219.81
4222.64
4223.65
4224.42
4225.61
4225.75
4229.78
4231.65
4233.80
4234.58
4243.25
4246.15
4246.51
4249.45
4252.35
4253.27
4257.09
4257.23
4257.32
4258.43
4258.57
4263.27
4264.42
4264.79
4269.55
4271.81
4275.65
4284.54
4287.37
4287.79
4289.74
4298.19
4299.50
4299.73
4301.45
4303.36
4305.31
4307.41
4307.60
4308.11
4311.70
4316.37
4318.24
4318.28
4321.88
4322.77
4324.50
4324.60
4326.56
4326.84
4327.17
4327.22
4329.56
4330.17
4332.18
4339.64
4343.07
4344.53
4344.86
4345.52
4350.74
4353.19
4354.36
4357.52
4359.74
4364.79
4365.83
4370.32
4370.32
4375.90
4379.41
4381.30
4382.58
4385.14
4385.28
4387.56
4390.70
4396.02
4405.31
4408.31
4411.89
4424.03
4425.23
4426.66
4427.09
4430.40
4431.36
4433.09
4434.91
4437.45
4438.03
4440.09
4443.22
4444.32
4445.38
4446.97
4447.35
4447.45
4450.72
4455.06
4467.03
4472.06
4483.30
4486.89
4498.80
4501.97
4504.40
4508.50
4509.08
4510.11
4514.99
4516.65
4518.95
4528.98
4531.68
4536.39
4536.49
4537.03
4544.84
4547.00
4560.06
4562.13
4564.70
4564.90
4565.74
4570.53
4572.36
4576.37
4578.40
4578.65
4579.04
4580.09
4585.99
4590.30
4593.19
4595.27
4613.66
4615.45
4616.65
4621.45
4624.70
4627.51
4630.01
4634.82
4635.12
4636.03
4641.45
4643.81
4645.21
4647.68
4647.98
4648.48
4651.70
4665.36
4669.40
4671.02
4673.95
4687.27
4690.11
4691.73
4693.16
4694.78
4697.12
4705.41
4705.46
4705.56
4706.89
4707.75
4707.80
4708.11
4713.21
4717.34
4718.16
4720.91
4724.54
4726.23
4730.17
4731.60
4735.70
4736.36
4737.03
4737.39
4740.98
4741.70
4745.85
4748.47
4749.81
4750.22
4752.53
4764.99
4768.19
4770.51
4784.99
4786.28
4796.39
4802.94
4808.60
4811.05
4818.08
4818.86
4822.20
4822.36
4835.84
4836.26
4836.36
4838.98
4840.34
4842.75
4845.69
4852.66
4852.93
4853.08
4855.60
4856.39
4857.39
4857.81
4859.70
4861.91
4867.44
4874.13
4877.30
4879.67
4879.94
4888.34
4892.89
4895.70
4899.46
4901.26
4901.37
4901.85
4902.43
4913.95
4915.60
4919.91
4920.82
4924.38
4924.81
4925.72
4928.65
4936.49
4937.30
4937.35
4939.65
4940.23
4941.46
4942.53
4943.44
4944.78
4946.87
4950.61
4950.99
4952.76
4956.46
4958.44
4958.50
4963.43
4964.45
4964.51
4965.31
4967.84
4979.30
4981.24
4983.40
4991.17
4992.46
5007.77
5008.75
5012.54
5012.87
5016.89
5019.17
5019.60
5030.26
5031.78
5032.60
5036.96
5041.97
5043.99
5045.25
5047.38
5072.89
5075.25
5075.30
5077.01
5079.04
5081.40
5082.39
5083.93
5085.97
5088.23
5088.78
5091.86
5092.69
5097.48
5098.14
5099.41
5105.82
5107.53
5111.62
5114.17
5124.75
5127.74
5128.68
5135.18
5135.79
5142.58
5142.91
5144.30
5145.14
5146.08
5150.09
5150.65
5150.76
5151.88
5163.76
5163.99
5168.01
5170.02
5171.93
5172.99
5175.51
5177.08
5185.43
5188.52
5195.09
5196.61
5197.51
5204.03
5204.65
5205.89
5211.08
5213.73
5213.78
5214.57
5227.40
5239.74
5246.89
5249.50
5256.72
5257.40
5259.00
5262.07
5266.11
5272.04
5277.75
5280.26
5280.95
5281.23
5281.41
5286.84
5289.64
5295.25
5300.93
5302.08
5304.77
5304.94
5306.61
5309.48
5310.75
5315.29
5315.86
5322.31
5326.69
5327.20
5330.55
5330.95
5331.82
5331.82
5334.59
5338.34
5338.34
5347.07
5347.30
5352.86
5360.74
5366.37
5376.95
5389.12
5391.34
5391.86
5394.72
5399.33
5401.20
5403.89
5404.24
5405.47
5412.44
5413.72
5415.89
5417.59
5418.12
5419.53
5420.00
5434.15
5435.32
5435.50
5441.85
5444.45
5446.57
5448.51
5456.18
5465.22
5469.60
5471.32
5475.58
5478.72
5479.85
5488.51
5489.52
5490.65
5496.41
5497.13
5500.46
5502.01
5504.45
5519.89
5520.25
5521.45
5527.72
5531.61
5542.52
5545.70
5547.38
5555.18
5567.40
5570.83
5571.01
5573.73
5575.72
5582.54
5585.08
5588.22
5588.22
5596.09
5607.42
5611.91
5613.13
5616.47
5618.35
5619.87
5622.18
5623.46
5627.29
5631.80
5633.63
5637.17
5638.45
5640.34
5647.00
5650.66
5652.56
5652.80
5656.78
5660.33
5665.91
5671.06
5678.12
5678.24
5681.25
5683.16
5684.20
5685.62
5685.99
5686.54
5701.94
5706.70
5714.54
5714.67
5720.17
5722.77
5735.11
5742.81
5743.43
5755.37
5761.23
5761.67
5764.91
5784.72
5800.45
5805.91
5807.42
5811.63
5814.14
5816.03
5816.03
5821.82
5824.60
5826.99
5831.15
5831.91
5832.80
5834.37
5841.64
5847.01
5853.47
5857.14
5858.98
5862.15
5865.77
5866.59
5870.72
5883.06
5889.62
5896.12
5896.57
5896.82
5904.23
5905.70
5910.94
5913.43
5915.48
5927.27
5928.42
5931.31
5932.72
5933.37
5936.38
5938.05
5955.56
5957.88
5963.10
5963.94
5964.00
5971.23
5973.63
5975.95
5980.16
5988.77
5992.40
5993.76
6003.04
6010.58
6012.27
6024.32
6027.58
6032.28
6035.21
6049.92
6050.64
6056.08
6056.08
6057.78
6064.47
6065.06
6065.33
6067.62
6075.51
6079.32
6080.77
6081.75
6086.89
6088.67
6089.85
6089.99
6095.98
6103.77
6109.72
6114.94
6118.78
6121.70
6126.60
6126.86
6138.01
6138.68
6140.80
6144.92
6145.39
6149.58
6154.17
6165.43
6173.44
6174.31
6176.72
6181.26
6182.94
6184.34
6189.09
6196.93
6207.40
6210.02
6213.52
6233.45
6235.47
6236.42
6236.96
6244.72
6246.82
6250.67
6261.70
6273.78
6274.32
6275.13
6283.49
6283.56
6285.60
6289.00
6290.09
6290.91
6306.85
6310.20
6310.74
6311.29
6329.21
6333.66
6336.26
6345.87
6355.76
6372.70
6376.91
6390.86
6397.57
6399.93
6400.34
6410.05
6416.99
6425.11
6426.64
6435.90
6438.41
6442.10
6442.38
6448.24
6461.37
6462.27
6470.11
6470.39
6471.44
6486.86
6492.55
6493.11
6498.03
6503.80
6513.17
6513.24
6514.58
6518.88
6523.89
6524.73
6529.61
6532.43
6535.54
6540.00
6562.19
6563.39
6565.38
6577.11
6586.58
6588.65
6589.44
6590.93
6596.78
6613.72
6613.79
6615.01
6626.04
6631.06
6639.75
6646.43
6651.04
6655.50
6666.38
6670.06
6689.65
6691.24
6693.85
6706.10
6709.22
6718.37
6728.85
6758.40
6761.40
6761.91
6762.64
6778.39
6785.73
6798.00
6805.29
6805.58
6811.18
6811.40
6819.22
6821.58
6822.17
6823.87
6828.08
6834.29
6836.80
6838.28
6843.98
6848.05
6854.35
6856.28
6867.72
6869.80
6869.95
6876.64
6876.94
6880.44
6880.66
6886.69
6888.85
6904.82
6913.27
6913.94
6917.76
6923.52
6928.47
6929.59
6937.92
6938.75
6939.80
6945.88
6951.00
6954.83
6955.13
6956.19
6958.60
6958.60
6961.61
6967.34
6972.84
6977.67
6983.18
6985.07
6992.94
6997.86
6999.14
7008.24
7015.75
7025.32
7036.66
7045.11
7047.17
7055.79
7060.60
7069.01
7073.60
7086.70
7091.53
7096.14
7103.51
7118.29
7129.54
7129.62
7151.56
7155.50
7218.10
7227.24
7228.89
7237.10
7237.50
7247.13
7261.26
7267.39
7272.11
7277.62
7282.19
7285.58
7291.34
7295.75
7300.26
7305.39
7316.55
7326.29
7329.62
7333.98
7334.38
7341.05
7341.52
7341.76
7349.47
7354.56
7362.68
7363.24
7365.15
7365.55
7374.56
7375.84
7376.40
7382.39
7385.26
7388.30
7392.14
7393.98
7402.06
7406.15
7407.43
7417.86
7422.91
7424.20
7439.96
7446.32
7451.48
7452.37
7459.14
7460.11
7463.75
7471.58
7484.53
7493.52
7493.52
7494.74
7494.90
7502.29
7503.99
7504.72
7506.99
7513.82
7514.31
7521.87
7522.04
7522.69
7525.70
7526.84
7527.41
7529.45
7537.35
7538.09
7539.80
7541.19
7553.52
7555.32
7558.42
7571.03
7575.04
7575.29
7584.39
7597.04
7603.95
7626.52
7632.47
7633.38
7640.65
7642.96
7645.36
7649.99
7661.84
7663.50
7672.71
7680.51
7694.90
7725.52
7729.37
7729.53
7730.37
7731.21
7735.73
7743.26
7750.55
7765.24
7768.10
7778.78
7786.19
7786.45
7794.54
7794.96
7801.20
7805.93
7806.27
7809.14
7810.92
7819.79
7820.47
7822.59
7830.46
7830.63
7865.11
7868.08
7872.85
7875.15
7882.57
7898.79
7902.81
7908.46
7909.65
7924.22
7924.64
7925.33
7926.44
7928.33
7938.46
7943.53
7947.57
7948.95
7961.43
7978.93
7981.35
7984.29
7987.22
7988.87
7992.84
8017.53
8042.12
8048.30
8049.60
8052.91
8055.09
8059.97
8060.24
8083.47
8115.28
8138.23
8154.18
8157.89
8172.29
8172.55
8175.29
8177.33
8179.19
8179.81
8190.97
8197.35
8205.69
8212.71
8219.82
8225.07
8227.56
8233.97
8235.31
8235.49
8240.66
8243.06
8248.69
8249.13
8252.88
8256.54
8256.90
8263.07
8269.33
8272.73
8285.45
8285.81
8294.15
8312.03
8313.92
8327.60
8329.85
8334.45
8337.97
8342.21
8345.37
8363.18
8370.24
8372.59
8376.49
8382.47
8388.46
8411.91
8413.46
8422.02
8422.29
8427.76
8433.05
8445.65
8449.49
8463.12
8464.77
8469.99
8478.06
8483.20
8520.55
8526.73
8529.40
8540.30
8548.25
8551.30
8561.30
8586.26
8588.39
8592.30
8601.88
8601.88
8602.25
8611.66
8624.43
8629.84
8636.10
8639.56
8647.79
8655.09
8658.56
8660.71
8675.34
8676.38
8681.35
8700.63
8722.31
8740.26
8744.70
8755.97
8784.53
8797.09
8833.90
8841.17
8856.11
8864.35
8872.60
8872.80
8873.18
8877.41
8877.98
8900.20
8934.16
8952.84
8958.07
8969.80
8972.72
9001.11
9018.66
9046.61
9062.97
9064.54
9066.01
9069.25
9091.25
9112.82
9123.87
9133.85
9172.37
9187.27
9188.46
9206.77
9210.36
9211.46
9218.44
9222.03
9229.31
9235.11
9237.71
9248.31
9250.11
9251.21
9254.81
9255.61
9258.02
9290.73
9294.15
9296.36
9298.48
9301.59
9302.80
9308.94
9322.85
9326.89
9333.65
9354.78
9361.57
9375.25
9396.58
9396.88
9411.33
9412.86
9419.48
9421.01
9422.23
9424.78
9433.97
9436.01
9469.55
9483.50
9491.81
9519.79
9522.26
9533.60
9538.76
9574.54
9576.50
9579.41
9587.18
9591.33
9606.81
9615.44
9621.27
9630.95
9634.39
9634.71
9645.97
9652.55
9680.37
9680.89
9692.32
9703.33
9711.42
9713.52
9714.36
9717.10
9731.09
9746.05
9752.49
9764.52
9785.36
9790.02
9792.03
9793.30
9801.36
9808.68
9819.40
9827.80
9834.18
9849.84
9863.59
9881.54
9888.60
9888.92
9893.20
9896.95
9903.38
9910.45
9917.85
9919.57
9921.29
9925.69
9935.47
9941.16
9946.22
9947.08
9953.22
9963.24
9972.95
9978.23
9983.53
10004.29
10021.51
10023.36
10026.18
10031.93
10032.80
10037.57
10060.73
10062.58
10063.78
10074.57
10077.07
10104.59
10117.28
10117.94
10123.41
10141.94
10157.20
10161.82
10183.94
10183.94
10216.72
10229.44
10230.33
10230.55
10234.87
10236.64
10265.81
10297.29
10302.53
10303.64
10313.01
10337.59
10344.86
10377.37
10389.62
10419.90
10428.59
10438.97
10439.76
10442.36
10452.88
10470.53
10472.35
10490.49
10494.24
10528.02
10531.09
10537.25
10540.90
10542.26
10547.28
10548.54
10550.82
10594.29
10600.48
10627.36
10635.29
10637.25
10654.76
10660.98
10661.33
10668.83
10689.40
10704.91
10722.99
10731.12
10738.32
10743.31
10785.24
10785.59
10793.30
10796.92
10798.55
10807.67
10829.09
10836.36
10837.18
10850.44
10858.07
10867.00
10876.77
10880.77
10885.71
10894.20
10903.04
10943.94
10949.86
10950.57
10962.78
10966.22
10984.86
10994.38
10999.14
10999.85
11023.20
11028.09
11082.88
11093.07
11101.36
11142.76
11148.42
11155.18
11164.00
11166.53
11180.43
11188.91
11191.93
11193.51
11208.78
11219.94
11221.28
11227.47
11234.64
11235.49
11270.31
11271.29
11283.12
11283.49
11292.04
11330.59
11333.90
11340.28
11349.12
11398.09
11409.82
11422.17
11426.12
11438.25
11446.29
11446.54
11469.35
11487.11
11553.67
11561.18
11575.70
11591.11
11623.14
11624.77
11663.07
11686.82
11702.25
11704.15
11705.29
11739.67
11740.68
11746.78
11766.63
11768.92
11778.60
11793.90
11804.88
11819.71
11838.14
11851.47
11866.09
11876.62
11877.40
11886.27
11890.64
11931.36
11952.04
11953.20
11963.68
11972.10
11990.25
11994.92
12000.11
12015.18
12020.90
12041.21
12041.86
12047.99
12061.16
12085.98
12092.91
12111.38
12129.08
12172.73
12192.10
12203.32
12214.42
12227.64
12231.61
12239.29
12256.78
12289.45
12290.65
12321.54
12325.00
12328.34
12337.68
12359.32
12360.12
12382.88
12383.15
12386.77
12428.52
12448.17
12461.24
12462.45
12473.92
12489.45
12532.90
12534.94
12540.36
12540.90
12595.98
12597.34
12603.75
12608.52
12614.39
12640.08
12661.16
12662.11
12671.71
12677.88
12702.59
12706.99
12734.11
12744.03
12750.51
12771.92
12796.54
12808.59
12852.18
12864.14
12866.51
12880.16
12881.97
12903.31
12945.26
12960.40
12968.26
13020.84
13037.05
13100.12
13104.94
13118.70
13119.97
13158.93
13159.50
13169.75
13179.87
13190.57
13191.57
13192.86
13200.28
13215.14
13241.19
13243.77
13262.84
13271.89
13283.09
13289.85
13329.02
13355.00
13372.79
13394.94
13395.23
13436.75
13437.33
13474.02
13490.50
13525.87
13544.32
13552.53
13559.72
13609.11
13613.08
13617.21
13657.78
13683.22
13702.34
13729.20
13734.25
13761.47
13769.07
13782.63
13795.46
13815.03
13821.16
13840.16
13883.51
13891.17
13902.00
13959.12
13968.19
13972.87
14100.75
14114.33
14134.97
14141.85
14197.96
14199.35
14222.26
14242.74
14252.91
14272.82
14305.44
14335.34
14373.08
14383.20
14436.67
14515.93
14523.47
14555.88
14598.62
14605.26
14655.59
14660.35
14697.04
14718.04
14799.48
14831.54
14850.65
14852.58
14854.03
14894.42
14911.03
15017.08
15033.17
15068.68
15089.23
15112.60
15112.76
15113.09
15127.48
15156.32
15190.14
15206.25
15224.20
15244.31
15269.07
15343.59
15372.34
15399.64
15407.47
15474.30
15514.03
15527.80
15624.37
15628.77
15638.58
15641.29
15717.80
15724.94
15777.43
15790.41
15845.18
15850.49
15862.67
15880.53
15938.72
15997.29
16005.25
16018.76
16058.85
16059.54
16131.64
16134.61
16155.57
16165.54
16170.79
16179.36
16195.13
16299.90
16323.02
16327.61
16342.99
16390.62
16398.61
16421.69
16423.82
16490.24
16504.52
16541.52
16549.40
16668.72
16679.91
16741.75
16760.05
16773.11
16783.82
16787.82
16789.64
16796.72
16830.20
16846.77
16858.99
16880.90
16896.98
16910.88
16937.24
16963.65
17001.87
17037.23
17228.91
17275.76
17418.78
17420.48
17463.13
17514.98
17563.75
17640.69
17652.91
17685.60
17700.73
17708.96
17761.54
17808.69
17820.06
17821.99
17824.30
17830.86
17922.35
18025.81
18092.83
18100.86
18112.61
18114.38
18162.06
18185.46
18297.57
18298.56
18338.40
18351.70
18368.58
18409.17
18410.37
18415.55
18439.07
18485.02
18495.62
18509.23
18567.00
18570.62
18661.86
18662.67
18686.51
18712.81
18778.73
18872.63
18882.64
18886.52
18895.31
18919.04
18948.34
18953.26
18978.50
19105.20
19142.86
19148.66
19176.45
19241.71
19256.29
19330.60
19354.25
19417.60
19508.15
19558.66
19615.03
19647.74
19651.14
19739.79
19747.91
19802.47
19817.47
19826.27
19833.13
19873.09
19873.30
19940.93
20009.66
20013.78
20029.37
20092.97
20106.02
20133.67
20190.60
20333.32
20346.09
20513.42
20529.18
20549.40
20597.93
20651.27
20773.40
20828.09
20976.22
21096.40
21138.44
21192.49
21239.54
21254.03
21359.84
21400.09
21499.43
21511.52
21627.28
21683.28
21685.62
21695.48
21825.45
21830.64
21843.87
21881.96
21894.75
21908.49
21928.65
21972.59
21975.20
22010.90
22107.08
22142.03
22150.90
22151.38
22254.43
22335.49
22406.41
22425.08
22537.22
22660.21
22672.47
22706.84
22774.99
22845.58
23002.83
23076.87
23139.88
23277.23
23401.48
23411.61
23481.63
23500.69
23685.25
23690.12
23736.56
23792.10
23808.58
24016.07
24038.69
24168.83
24274.71
24507.74
24598.06
24614.03
24658.28
24672.43
24690.85
24747.28
24919.25
25104.62
25242.72
25308.08
25332.73
25491.38
25543.84
25600.00
25738.87
25910.43
26166.81
26274.05
26318.43
26397.43
26414.00
26465.49
26466.92
26479.81
26507.05
26553.83
26841.83
26918.32
27038.29
27041.22
27086.90
27113.29
27229.71
27232.95
27314.39
27386.30
27546.18
27856.69
27873.88
27899.23
28190.83
28359.70
28402.69
28594.80
28822.17
28954.38
29136.03
30159.54
30421.07
30575.50
30969.04
31184.24
31470.31
31734.28
31791.33
31917.13
33037.63
33754.13
33800.18
35271.47
37101.48
37979.60
37980.01
38065.58
42318.08
45510.10
