6.31
6.70
7.04
7.31
7.45
7.51
7.91
8.06
8.17
8.24
8.53
9.01
9.03
9.13
9.22
9.54
9.58
9.65
9.68
9.74
9.90
10.00
10.26
10.88
10.88
10.92
10.93
10.96
11.15
11.24
11.27
11.33
11.34
11.41
11.51
11.55
11.68
11.76
11.83
11.90
11.92
11.93
12.01
12.08
12.24
12.28
12.38
12.45
12.70
12.74
12.79
12.84
12.88
12.96
13.06
13.07
13.12
13.24
13.28
13.36
13.43
13.51
13.61
13.62
13.64
13.71
14.01
14.01
14.19
14.26
14.29
14.33
14.33
14.45
14.51
14.58
14.69
14.72
14.99
15.00
15.13
15.15
15.25
15.26
15.26
15.37
15.40
15.81
15.83
16.36
16.38
16.46
16.53
16.58
16.63
16.65
16.81
16.92
17.05
17.08
17.09
17.36
17.37
17.46
17.57
17.61
17.67
17.77
17.78
17.80
18.06
18.08
18.21
18.35
18.40
18.42
18.53
18.64
18.65
18.79
18.86
18.88
18.92
18.93
18.94
19.06
19.17
19.18
19.26
19.32
19.34
19.35
19.72
19.72
19.75
19.76
19.77
19.79
19.80
19.82
19.85
19.93
19.97
20.04
20.08
20.09
20.12
20.18
20.21
20.22
20.23
20.23
20.28
20.36
20.64
20.67
20.76
20.80
20.91
21.07
21.08
21.11
21.13
21.26
21.27
21.35
21.40
21.46
21.62
21.63
21.64
21.67
21.77
21.82
21.88
21.91
21.95
21.98
22.08
22.08
22.09
22.11
22.32
22.33
22.39
22.47
22.65
22.65
22.71
22.71
22.73
22.82
22.93
22.96
23.17
23.27
23.29
23.32
23.38
23.40
23.49
23.53
23.57
23.63
23.84
23.86
23.90
23.93
24.04
24.07
24.13
24.17
24.22
24.32
24.33
24.35
24.49
24.60
24.64
24.65
24.74
24.80
24.84
24.97
25.03
25.17
25.22
25.25
25.28
25.34
25.35
25.37
25.39
25.54
25.54
25.63
25.74
25.74
25.78
25.85
25.91
25.97
26.04
26.05
26.10
26.14
26.19
26.33
26.43
26.47
26.53
26.60
26.63
26.66
26.67
26.68
26.75
26.78
26.79
26.86
26.91
26.93
26.99
27.01
27.22
27.26
27.32
27.42
27.44
27.47
27.49
27.55
27.58
27.79
27.80
27.85
27.91
27.99
28.04
28.16
28.20
28.27
28.30
28.30
28.32
28.35
28.36
28.39
28.61
28.66
28.78
28.79
28.81
28.97
29.00
29.00
29.01
29.03
29.05
29.08
29.16
29.27
29.28
29.39
29.44
29.48
29.50
29.55
29.60
29.63
29.66
29.75
29.77
29.80
29.89
29.94
30.11
30.15
30.35
30.41
30.50
30.56
30.60
30.63
30.69
30.75
30.78
30.82
30.87
30.89
30.98
30.98
31.04
31.05
31.17
31.23
31.26
31.34
31.40
31.43
31.65
31.75
31.75
31.79
31.81
31.87
31.89
31.90
31.99
31.99
32.03
32.04
32.07
32.08
32.29
32.32
32.35
32.46
32.46
32.48
32.50
32.51
32.55
32.57
32.61
32.79
32.82
32.85
32.86
32.87
32.96
33.02
33.12
33.18
33.19
33.21
33.22
33.29
33.41
33.42
33.54
33.60
33.68
33.72
33.79
33.88
33.92
33.98
33.99
34.08
34.10
34.26
34.26
34.46
34.49
34.51
34.58
34.63
35.02
35.07
35.10
35.12
35.13
35.18
35.24
35.31
35.34
35.35
35.36
35.41
35.49
35.49
35.56
35.57
35.57
35.60
35.67
35.70
35.81
35.83
35.87
35.87
35.88
35.88
35.93
35.95
35.95
36.04
36.04
36.27
36.42
36.44
36.46
36.46
36.48
36.50
36.52
36.60
36.65
36.69
36.72
36.76
36.89
36.95
37.00
37.04
37.10
37.20
37.21
37.22
37.27
37.29
37.32
37.37
37.37
37.38
37.47
37.53
37.54
37.64
37.65
37.68
37.92
37.92
37.97
38.02
38.09
38.24
38.27
38.29
38.34
38.38
38.41
38.46
38.56
38.67
38.69
38.70
38.71
38.73
38.86
38.86
38.88
38.99
39.00
39.02
39.03
39.04
39.05
39.11
39.17
39.20
39.30
39.31
39.35
39.46
39.55
39.57
39.70
39.71
39.72
40.03
40.08
40.14
40.18
40.21
40.27
40.28
40.40
40.47
40.49
40.50
40.68
40.69
40.71
40.77
40.82
40.85
40.87
40.93
40.94
40.94
41.07
41.10
41.11
41.14
41.15
41.19
41.21
41.45
41.46
41.59
41.61
41.70
41.73
41.77
41.77
41.77
41.81
41.86
42.00
42.10
42.13
42.13
42.19
42.31
42.38
42.58
42.64
42.65
42.70
42.76
42.85
42.88
42.89
42.92
42.93
43.12
43.15
43.20
43.22
43.22
43.39
43.41
43.42
43.44
43.49
43.50
43.51
43.55
43.55
43.67
43.70
43.72
43.76
43.84
43.86
43.89
43.91
43.96
44.02
44.11
44.16
44.25
44.26
44.28
44.47
44.55
44.56
44.61
44.61
44.63
44.76
44.81
44.91
44.96
44.99
45.02
45.04
45.15
45.19
45.19
45.21
45.27
45.36
45.36
45.42
45.45
45.51
45.53
45.60
45.64
45.69
45.71
45.71
45.72
45.79
45.85
45.88
45.90
45.91
45.92
45.93
46.01
46.04
46.05
46.24
46.34
46.35
46.39
46.39
46.51
46.51
46.54
46.70
46.82
46.89
46.91
46.95
46.95
46.98
47.00
47.10
47.17
47.18
47.24
47.26
47.28
47.40
47.42
47.53
47.69
47.73
47.80
47.81
47.84
47.89
47.90
47.97
48.04
48.14
48.34
48.47
48.48
48.50
48.53
48.61
48.68
48.71
48.76
48.78
48.82
48.88
48.91
48.92
48.96
48.97
48.97
48.98
48.98
48.98
49.05
49.06
49.19
49.21
49.23
49.54
49.56
49.59
49.64
49.81
49.96
50.07
50.08
50.13
50.15
50.16
50.16
50.25
50.27
50.35
50.36
50.42
50.49
50.52
50.55
50.59
50.61
50.68
50.69
50.78
50.78
50.81
50.81
50.91
50.93
50.98
51.15
51.20
51.25
51.28
51.33
51.34
51.39
51.42
51.53
51.59
51.62
51.81
51.83
51.93
51.94
52.00
52.06
52.10
52.14
52.19
52.21
52.33
52.33
52.39
52.52
52.58
52.64
52.75
52.94
52.95
52.97
53.07
53.11
53.13
53.14
53.24
53.27
53.29
53.32
53.74
53.79
53.88
53.99
54.07
54.08
54.17
54.19
54.21
54.22
54.23
54.38
54.43
54.60
54.63
54.79
55.00
55.08
55.16
55.22
55.23
55.38
55.38
55.57
55.68
55.70
55.72
55.75
55.76
55.83
55.89
55.92
55.94
55.96
56.02
56.07
56.21
56.35
56.37
56.39
56.40
56.42
56.86
56.92
57.08
57.12
57.15
57.19
57.20
57.22
57.33
57.36
57.36
57.58
57.59
57.70
57.75
57.77
57.78
57.92
57.94
57.97
58.02
58.03
58.15
58.16
58.26
58.31
58.35
58.36
58.37
58.39
58.45
58.61
58.68
58.78
58.81
58.82
58.88
58.93
58.99
58.99
59.00
59.01
59.07
59.09
59.13
59.18
59.22
59.26
59.41
59.44
59.50
59.52
59.65
59.68
59.75
59.76
59.79
59.83
59.84
59.84
59.91
59.97
59.99
60.11
60.24
60.25
60.38
60.43
60.47
60.51
60.54
60.58
60.64
60.65
60.70
60.74
60.87
60.99
61.11
61.13
61.15
61.26
61.29
61.32
61.34
61.37
61.46
61.53
61.71
61.77
61.95
62.00
62.01
62.03
62.07
62.12
62.14
62.23
62.23
62.27
62.30
62.45
62.46
62.46
62.49
62.54
62.58
62.66
62.67
62.70
62.88
62.91
62.96
63.00
63.07
63.11
63.14
63.14
63.17
63.25
63.28
63.30
63.33
63.39
63.47
63.53
63.62
63.65
63.74
63.80
63.89
63.93
63.99
64.08
64.09
64.15
64.20
64.23
64.23
64.29
64.34
64.40
64.48
64.60
64.66
64.69
64.78
64.97
64.99
65.24
65.24
65.26
65.32
65.36
65.39
65.41
65.45
65.45
65.52
65.57
65.79
65.87
65.94
66.04
66.06
66.07
66.09
66.14
66.21
66.23
66.33
66.35
66.41
66.57
66.58
66.63
66.86
66.91
66.91
66.95
66.97
67.08
67.14
67.39
67.40
67.45
67.47
67.47
67.49
67.62
67.68
67.72
67.76
67.90
67.96
68.00
68.02
68.11
68.12
68.18
68.24
68.30
68.34
68.43
68.49
68.58
68.64
68.68
68.69
68.70
68.73
68.74
68.75
68.77
68.88
68.95
68.96
68.98
69.04
69.05
69.05
69.10
69.10
69.16
69.18
69.22
69.23
69.25
69.38
69.38
69.40
69.46
69.49
69.49
69.54
69.56
69.60
69.74
69.75
69.82
69.91
69.92
69.98
69.98
70.01
70.09
70.13
70.34
70.38
70.39
70.46
70.51
70.57
70.58
70.60
70.67
70.68
70.76
70.77
70.86
71.02
71.04
71.14
71.20
71.24
71.24
71.26
71.28
71.33
71.38
71.39
71.52
71.57
71.62
71.70
71.72
71.80
71.86
71.91
71.92
71.93
71.94
71.96
72.07
72.10
72.10
72.15
72.18
72.23
72.24
72.31
72.38
72.39
72.47
72.48
72.51
72.66
72.72
72.77
73.06
73.14
73.20
73.28
73.29
73.32
73.45
73.49
73.64
73.66
73.67
73.67
73.68
73.85
73.86
73.87
73.87
73.90
73.95
74.01
74.06
74.25
74.32
74.42
74.42
74.47
74.48
74.56
74.63
74.66
74.82
74.84
74.86
74.92
74.99
75.01
75.11
75.14
75.19
75.22
75.26
75.26
75.31
75.37
75.40
75.44
75.44
75.44
75.45
75.46
75.62
75.69
75.69
75.74
75.74
75.75
75.77
75.80
75.92
76.06
76.06
76.08
76.14
76.17
76.17
76.20
76.20
76.24
76.36
76.36
76.37
76.38
76.41
76.51
76.53
76.53
76.54
76.56
76.58
76.58
76.61
76.90
76.92
77.20
77.28
77.29
77.29
77.33
77.34
77.39
77.55
77.57
77.65
77.67
77.68
77.71
77.73
77.90
78.00
78.22
78.27
78.27
78.34
78.38
78.41
78.49
78.51
78.52
78.52
78.57
78.61
78.73
78.75
78.84
78.90
78.94
79.09
79.16
79.21
79.30
79.32
79.34
79.35
79.36
79.43
79.47
79.47
79.62
79.65
79.78
79.87
79.88
79.90
79.91
79.92
79.93
80.17
80.29
80.40
80.48
80.54
80.58
80.77
80.78
80.81
80.88
80.91
80.95
81.08
81.11
81.13
81.22
81.25
81.32
81.33
81.39
81.53
81.58
81.91
82.09
82.19
82.30
82.92
82.94
83.05
83.08
83.11
83.12
83.25
83.45
83.65
83.73
83.95
83.97
84.11
84.11
84.32
84.40
84.53
84.58
84.62
84.80
84.85
85.03
85.11
85.24
85.28
85.34
85.57
85.58
85.77
85.84
85.92
86.05
86.13
86.17
86.29
86.57
86.64
86.68
86.71
86.74
86.74
86.79
86.82
86.89
86.97
87.03
87.04
87.09
87.16
87.40
87.60
87.61
87.69
87.75
87.76
87.77
88.12
88.12
88.18
88.22
88.34
88.34
88.36
88.47
88.55
88.72
88.84
88.89
88.99
89.05
89.24
89.28
89.34
89.41
89.45
89.48
89.58
89.64
89.75
89.75
89.79
89.82
89.86
89.89
89.94
89.99
90.15
90.19
90.25
90.31
90.45
90.47
90.49
90.58
90.62
90.63
90.82
90.98
91.09
91.10
91.12
91.14
91.34
91.46
91.47
91.64
91.73
91.75
91.82
91.83
91.92
91.96
92.02
92.18
92.19
92.26
92.37
92.43
92.49
92.50
92.63
92.67
92.68
92.71
92.91
93.01
93.26
93.28
93.32
93.37
93.44
93.44
93.51
93.54
93.72
93.75
93.90
93.98
94.00
94.03
94.21
94.22
94.24
94.26
94.27
94.30
94.47
94.51
94.59
94.64
94.68
94.69
94.69
94.73
94.73
94.79
94.86
94.86
94.93
94.93
94.96
95.01
95.08
95.13
95.16
95.22
95.23
95.26
95.28
95.28
95.33
95.49
95.57
95.67
95.79
95.99
96.00
96.02
96.04
96.04
96.17
96.17
96.18
96.24
96.34
96.36
96.49
96.54
96.57
96.65
96.68
96.75
96.89
96.91
96.96
97.02
97.19
97.51
97.56
97.84
97.85
97.90
97.92
98.05
98.09
98.10
98.15
98.18
98.34
98.38
98.42
98.65
98.66
98.70
98.83
98.93
99.04
99.14
99.32
99.37
99.43
99.49
99.53
99.61
99.69
99.79
99.88
99.97
100.02
100.09
100.09
100.13
100.19
100.24
100.31
100.37
100.52
100.55
100.56
100.84
100.91
100.98
100.99
100.99
101.00
101.00
101.18
101.49
101.57
101.60
101.63
101.78
101.80
101.93
102.00
102.03
102.04
102.12
102.20
102.25
102.26
102.29
102.45
102.53
102.57
102.77
102.79
102.83
102.84
102.86
103.17
103.36
103.39
103.43
103.50
103.54
103.60
103.64
103.72
103.75
103.77
103.87
103.93
104.07
104.09
104.14
104.21
104.39
104.47
104.54
104.55
104.60
104.61
104.87
105.04
105.09
105.30
105.33
105.54
105.61
105.62
105.66
105.69
105.78
105.93
105.98
106.10
106.30
106.35
106.48
106.48
106.49
106.55
106.63
106.74
106.76
106.98
107.02
107.07
107.12
107.22
107.35
107.35
107.38
107.43
107.49
107.52
107.57
107.65
107.77
107.85
107.88
107.95
107.99
108.04
108.12
108.19
108.30
108.35
108.44
108.52
108.61
108.73
108.88
108.91
108.97
109.12
109.18
109.23
109.30
109.56
109.68
109.80
109.95
109.95
110.08
110.13
110.14
110.21
110.29
110.32
110.35
110.41
110.46
110.58
110.60
110.60
110.61
110.79
110.93
111.04
111.20
111.21
111.35
111.39
111.40
111.68
111.73
111.74
112.00
112.31
112.35
112.37
112.41
112.64
112.68
112.70
112.71
112.71
112.89
113.01
113.06
113.20
113.34
113.49
113.53
113.56
113.56
113.66
113.68
113.71
113.72
113.77
113.79
113.97
114.00
114.01
114.02
114.04
114.05
114.11
114.20
114.28
114.31
114.31
114.45
114.46
114.49
114.64
114.72
114.86
114.95
115.13
115.21
115.24
115.37
115.39
115.50
115.55
115.81
116.00
116.03
116.04
116.17
116.18
116.30
116.53
116.57
116.60
116.61
116.66
116.72
116.81
116.91
116.92
116.92
116.93
117.03
117.04
117.11
117.12
117.13
117.42
117.43
117.45
117.50
117.54
117.61
117.63
117.64
117.67
117.70
117.74
118.04
118.05
118.23
118.28
118.33
118.40
118.42
118.44
118.48
118.52
118.57
118.59
118.60
118.78
118.90
118.96
119.03
119.17
119.27
119.33
119.33
119.33
119.33
119.38
119.39
119.42
119.55
119.57
119.65
119.74
119.84
119.92
120.05
120.09
120.16
120.36
120.40
120.67
120.82
120.88
120.89
120.96
120.97
121.00
121.05
121.13
121.14
121.20
121.25
121.48
121.56
121.59
121.64
121.68
121.69
121.73
121.92
121.93
121.97
122.09
122.26
122.42
122.51
122.60
122.64
122.65
122.70
122.74
122.92
123.06
123.11
123.11
123.11
123.12
123.43
123.46
123.47
123.51
123.68
123.76
123.77
123.86
123.87
123.91
124.04
124.05
124.17
124.31
124.35
124.48
124.57
124.58
124.60
124.71
124.71
124.77
124.84
124.87
124.88
124.97
125.03
125.15
125.15
125.40
125.42
125.45
125.47
125.57
125.65
125.69
125.69
125.76
125.84
125.87
125.89
125.91
125.96
126.14
126.25
126.40
126.41
126.49
126.57
126.66
126.73
126.77
126.77
126.77
126.85
126.86
126.93
126.96
126.99
127.01
127.13
127.17
127.29
127.33
127.34
127.38
127.44
127.45
127.50
127.59
127.65
127.68
127.84
128.01
128.02
128.09
128.21
128.28
128.32
128.35
128.42
128.50
128.68
128.68
128.82
128.88
128.97
128.99
128.99
129.12
129.24
129.29
129.48
129.61
129.64
129.69
129.78
129.86
129.90
129.92
129.93
129.93
129.93
129.94
129.94
130.05
130.06
130.20
130.45
130.62
130.68
130.76
130.87
131.15
131.18
131.18
131.31
131.32
131.34
131.36
131.44
131.49
131.72
131.90
131.93
132.11
132.17
132.21
132.22
132.23
132.25
132.37
132.46
132.50
132.59
132.65
132.76
132.78
132.84
132.87
132.91
133.10
133.19
133.19
133.22
133.27
133.31
133.36
133.38
133.56
133.60
133.74
134.07
134.08
134.08
134.16
134.36
134.37
134.41
134.90
134.92
134.99
135.22
135.25
135.27
135.31
135.33
135.36
135.37
135.39
135.43
135.46
135.50
135.54
135.60
135.60
135.62
135.65
135.69
135.71
135.75
135.79
135.87
135.96
135.99
136.11
136.15
136.53
136.56
136.57
136.59
136.62
136.68
136.72
136.73
136.73
136.80
136.89
136.93
137.06
137.08
137.09
137.20
137.36
137.37
137.38
137.52
137.55
137.71
137.71
137.85
137.90
138.00
138.01
138.10
138.10
138.11
138.20
138.44
138.90
138.91
139.05
139.08
139.12
139.23
139.24
139.36
139.40
139.46
139.64
139.64
139.66
139.79
139.85
139.91
139.96
140.07
140.21
140.25
140.38
140.52
140.60
140.62
140.66
140.81
140.89
140.97
140.98
141.10
141.12
141.14
141.24
141.26
141.29
141.32
141.67
141.74
141.74
141.77
141.86
141.94
141.96
141.97
141.98
142.00
142.24
142.33
142.38
142.43
142.66
142.82
142.88
142.92
143.12
143.28
143.31
143.33
143.49
143.50
143.51
143.53
143.59
143.64
143.71
143.77
143.81
143.85
143.86
143.87
144.04
144.10
144.23
144.38
144.43
144.67
144.69
144.73
144.73
144.96
144.99
144.99
145.04
145.14
145.19
145.30
145.36
145.39
145.40
145.41
145.41
145.49
145.53
145.62
145.63
145.68
145.70
145.80
145.81
145.84
145.90
145.99
146.02
146.04
146.07
146.08
146.20
146.23
146.24
146.29
146.53
146.60
146.62
146.65
146.65
146.77
146.81
146.88
146.91
146.93
146.97
147.17
147.23
147.45
147.55
147.65
147.66
147.68
147.81
147.83
147.92
147.99
148.04
148.07
148.17
148.26
148.28
148.37
148.62
148.68
148.71
148.78
148.82
149.04
149.19
149.20
149.30
149.35
149.39
149.39
149.42
149.50
149.50
149.56
149.67
149.71
149.74
149.79
149.84
149.86
149.88
150.01
150.20
150.34
150.34
150.45
150.72
150.77
150.80
150.88
150.97
150.99
151.00
151.01
151.07
151.20
151.22
151.27
151.28
151.30
151.31
151.33
151.49
151.64
151.67
151.69
151.74
151.80
151.97
152.10
152.14
152.15
152.31
152.44
152.47
152.50
152.51
152.52
152.64
153.00
153.02
153.16
153.21
153.24
153.28
153.33
153.35
153.41
153.42
153.46
153.52
153.59
153.68
153.73
153.79
153.91
153.95
154.01
154.08
154.08
154.08
154.20
154.46
154.48
154.52
154.53
154.56
154.64
154.71
154.73
154.75
154.85
154.91
154.98
155.11
155.17
155.18
155.22
155.31
155.33
155.36
155.39
155.40
155.41
155.43
155.47
155.48
155.63
155.68
155.97
156.06
156.09
156.15
156.20
156.22
156.26
156.27
156.38
156.40
156.41
156.49
156.96
156.98
157.09
157.24
157.27
157.27
157.49
157.61
157.69
157.74
157.74
157.76
157.86
158.03
158.16
158.18
158.36
158.39
158.41
158.51
158.59
158.60
158.62
158.73
159.03
159.16
159.43
159.45
159.47
159.58
159.64
159.68
159.83
159.84
159.85
160.12
160.16
160.16
160.17
160.43
160.52
160.55
160.69
160.88
160.92
160.99
161.03
161.03
161.06
161.08
161.12
161.22
161.24
161.30
161.34
161.40
161.44
161.48
161.58
161.62
161.68
161.83
161.85
162.06
162.06
162.19
162.22
162.41
162.42
162.48
162.54
162.55
162.65
162.71
162.82
162.91
162.96
163.01
163.05
163.09
163.18
163.39
163.46
163.56
163.78
163.79
164.13
164.22
164.32
164.34
164.34
164.38
164.53
164.55
164.55
164.65
164.72
164.81
164.83
164.94
164.96
165.12
165.17
165.34
165.37
165.59
165.68
165.77
165.78
165.84
166.12
166.20
166.32
166.34
166.46
166.47
166.51
166.68
166.72
166.80
167.11
167.21
167.26
167.28
167.41
167.44
167.47
167.48
167.50
167.61
167.71
167.73
167.82
167.83
167.87
167.90
167.93
167.98
168.00
168.02
168.08
168.13
168.16
168.45
168.53
168.57
168.60
168.75
168.76
168.78
168.80
168.87
168.88
168.88
168.96
168.98
169.01
169.16
169.19
169.23
169.45
169.47
169.48
169.49
169.56
169.57
169.73
169.78
170.07
170.16
170.30
170.56
170.87
171.02
171.09
171.09
171.28
171.40
171.45
171.50
171.55
171.71
171.72
171.94
172.02
172.04
172.10
172.15
172.43
172.52
172.55
172.58
172.81
172.91
173.10
173.10
173.17
173.23
173.24
173.66
173.76
173.92
173.96
174.10
174.13
174.17
174.19
174.27
174.32
174.34
174.41
174.60
174.79
174.87
175.00
175.23
175.30
175.36
175.49
175.52
175.57
175.57
175.58
175.59
175.96
176.02
176.12
176.19
176.23
176.32
176.60
176.78
176.86
176.93
176.93
176.96
176.97
177.07
177.12
177.19
177.20
177.29
177.29
177.29
177.32
177.34
177.78
177.79
177.85
177.94
178.30
178.71
178.78
178.81
178.82
178.92
178.96
179.26
179.32
179.51
179.73
179.77
179.80
179.81
179.87
179.90
179.93
180.18
180.21
180.23
180.49
180.62
180.75
180.80
180.83
180.90
180.98
180.99
181.00
181.01
181.28
181.60
182.02
182.07
182.17
182.30
182.34
182.42
182.45
182.57
182.93
183.06
183.12
183.20
183.38
183.44
183.54
183.61
183.66
183.87
183.94
183.99
184.00
184.19
184.41
184.42
184.47
184.55
184.56
184.65
184.77
184.93
185.10
185.17
185.20
185.22
185.25
185.29
185.29
185.43
185.59
185.71
185.86
186.00
186.35
186.79
186.94
187.03
187.04
187.12
187.30
187.38
187.40
187.41
187.43
187.54
187.75
187.80
187.84
187.89
187.92
187.97
188.17
188.40
188.46
188.46
188.46
188.47
188.52
188.73
188.78
188.78
188.85
188.89
188.97
189.05
189.46
189.48
189.50
189.60
189.79
189.87
189.94
190.00
190.07
190.38
190.48
190.65
190.68
190.92
190.94
190.95
191.06
191.20
191.21
191.38
191.41
191.76
191.84
191.89
191.89
191.97
192.16
192.52
192.75
192.96
193.11
193.33
193.34
193.43
193.46
193.60
193.78
193.97
193.98
193.99
194.03
194.10
194.34
194.35
194.44
194.54
194.84
194.92
195.05
195.21
195.26
195.44
195.44
195.59
195.68
195.76
195.83
195.97
196.19
196.25
196.33
196.47
196.52
196.67
196.69
196.80
196.80
196.81
196.84
197.02
197.08
197.09
197.11
197.12
197.13
197.27
197.29
197.34
197.40
197.51
197.57
197.65
197.65
198.10
198.12
198.12
198.13
198.30
198.31
198.37
198.42
198.62
198.69
198.76
198.87
198.91
199.01
199.14
199.20
199.30
199.76
199.96
199.96
199.97
200.18
200.47
200.60
200.71
201.18
201.23
201.47
201.65
201.74
201.80
202.04
202.14
202.17
202.29
202.46
202.56
202.75
202.76
202.78
202.82
202.82
202.87
202.94
203.04
203.27
203.40
203.41
203.44
203.68
203.77
203.99
204.10
204.11
204.15
204.16
204.41
204.42
204.50
204.50
204.53
204.54
204.59
204.59
204.60
204.62
204.66
204.67
204.95
205.05
205.17
205.17
205.20
205.22
205.23
205.36
205.39
205.41
205.54
205.63
205.71
205.83
205.96
206.00
206.05
206.05
206.11
206.13
206.20
206.60
206.78
207.04
207.18
207.19
207.21
207.47
207.62
207.69
207.72
207.75
207.77
207.77
208.03
208.05
208.10
208.18
208.29
208.30
208.60
208.78
208.91
208.99
209.12
209.14
209.16
209.23
209.26
209.31
209.37
209.38
209.38
209.43
209.52
210.16
210.24
210.27
210.41
210.44
210.62
210.67
210.67
210.68
210.72
210.75
210.85
210.98
211.04
211.04
211.06
211.10
211.22
211.26
211.32
211.37
211.57
211.77
211.84
211.90
211.98
212.01
212.09
212.23
212.23
212.49
212.49
212.56
212.85
213.38
213.45
213.46
213.49
213.78
213.80
213.95
214.00
214.15
214.18
214.18
214.37
214.40
214.48
214.90
215.12
215.36
215.45
215.72
215.87
216.01
216.01
216.09
216.44
216.46
216.59
216.64
216.67
216.70
216.82
216.84
216.94
216.95
217.15
217.25
217.53
217.61
217.87
217.88
217.96
218.09
218.18
218.24
218.52
218.58
218.70
218.72
218.75
218.91
218.99
219.07
219.22
219.26
219.32
219.42
219.43
219.57
219.78
220.06
220.08
220.38
220.42
220.72
220.81
221.03
221.08
221.18
221.37
221.85
222.15
222.23
222.23
222.32
222.39
222.61
222.62
222.67
222.93
223.09
223.20
223.21
223.31
223.38
223.47
223.51
223.53
223.74
223.75
223.83
223.98
224.17
224.18
224.30
224.38
224.70
224.89
225.11
225.17
225.36
225.37
225.41
225.41
225.50
225.59
225.74
225.98
225.99
226.16
226.32
226.39
226.44
226.48
226.64
226.68
226.83
227.34
227.66
227.79
227.81
227.81
227.88
227.94
228.06
228.13
228.26
228.29
228.29
228.42
228.87
228.90
229.00
229.15
229.64
229.89
230.00
230.09
230.11
230.20
230.21
230.36
230.43
230.58
230.63
230.71
230.91
230.98
231.00
231.01
231.11
231.19
231.33
231.39
231.51
231.52
231.62
231.98
232.01
232.37
232.55
232.62
232.83
233.01
233.18
233.37
233.47
233.51
233.52
233.87
233.97
234.06
234.07
234.10
234.10
234.22
234.26
234.30
234.32
234.86
234.90
235.03
235.50
235.68
235.68
235.78
235.85
235.86
235.88
236.16
236.38
236.55
236.57
236.67
236.89
237.02
237.08
237.12
237.23
237.52
237.55
237.58
237.68
237.72
237.73
237.75
237.75
237.76
237.86
237.90
237.94
238.04
238.15
238.25
238.66
238.67
238.70
238.75
238.94
238.99
239.24
239.27
239.55
239.55
239.85
239.87
240.10
240.11
240.14
240.19
240.21
240.27
240.32
240.39
240.59
240.67
240.76
240.79
240.87
241.03
241.06
241.07
241.23
241.50
241.58
241.58
241.67
241.68
241.73
241.76
241.92
242.00
242.10
242.14
242.14
242.16
242.17
242.42
242.45
242.62
242.64
242.67
242.72
242.93
242.94
243.20
243.22
243.26
243.32
243.34
243.54
243.75
243.81
244.17
244.30
244.57
244.74
244.91
244.96
245.25
245.62
245.65
245.70
245.87
246.14
246.24
246.29
246.35
246.36
246.50
246.53
246.69
246.80
247.11
247.12
247.24
247.42
247.44
247.59
247.77
247.86
247.86
248.12
248.15
248.18
248.65
248.66
248.67
248.85
248.86
248.90
248.90
249.01
249.10
249.57
249.60
249.71
250.04
250.16
250.17
250.25
250.28
250.32
250.71
250.72
251.01
251.04
251.13
251.20
251.20
251.20
251.21
251.25
251.30
251.61
251.80
252.14
252.17
252.20
252.73
252.94
253.04
253.14
253.18
253.31
253.36
253.59
253.77
253.88
253.90
253.94
254.02
254.28
254.28
254.30
254.41
254.45
254.63
254.66
254.89
255.11
255.15
255.20
255.21
255.47
255.51
255.65
255.70
255.87
256.59
256.61
256.66
256.67
256.72
256.97
257.21
257.29
257.30
257.82
257.88
257.97
258.08
258.20
258.20
258.51
258.66
258.70
258.89
258.91
259.48
259.53
259.58
259.68
259.84
260.04
260.12
260.19
260.56
260.57
260.58
260.69
260.78
260.80
260.80
260.85
260.89
260.91
261.19
261.26
261.31
261.70
261.75
261.80
262.17
262.54
262.75
262.81
262.85
262.90
263.00
263.12
263.34
263.65
263.74
263.77
263.94
264.00
264.12
264.13
264.25
264.26
264.42
264.52
264.56
264.57
264.66
264.70
264.78
264.97
265.02
265.03
265.09
265.46
265.48
265.68
265.69
265.69
265.70
265.86
265.91
266.28
266.30
266.45
266.48
266.58
266.74
266.86
266.89
267.12
267.22
267.25
267.50
267.51
267.58
267.69
267.97
268.60
268.63
268.65
268.69
268.87
269.01
269.15
269.23
269.42
269.57
269.81
269.82
269.97
270.37
270.44
270.49
270.59
270.78
270.84
270.95
271.15
271.18
271.31
271.49
271.50
271.64
271.73
271.75
271.80
271.97
272.50
272.82
273.20
273.21
273.48
273.62
273.74
273.79
273.94
273.95
274.08
274.08
274.10
274.21
274.26
274.32
274.37
274.42
274.98
275.07
275.08
275.10
275.29
275.55
275.64
276.01
276.13
276.19
276.71
276.77
277.01
277.20
277.29
277.33
277.35
277.40
277.44
277.45
277.48
277.60
277.61
277.63
277.75
277.78
277.79
277.79
277.89
278.09
278.20
278.54
278.69
278.83
278.88
279.00
279.02
279.09
279.18
279.19
279.56
279.65
279.72
279.78
279.85
279.87
280.00
280.56
280.68
280.82
280.88
280.90
281.10
281.29
281.45
281.62
281.85
281.86
281.98
282.07
282.09
282.17
282.17
282.27
282.39
282.41
282.46
282.66
282.76
282.94
283.06
283.09
283.14
283.17
283.38
283.41
283.63
283.92
284.13
284.17
284.22
284.47
284.52
284.69
284.71
285.03
285.04
285.29
285.29
285.45
285.49
285.53
285.82
285.99
286.06
286.14
286.28
286.50
286.51
287.01
287.02
287.05
287.13
287.19
287.41
288.13
288.16
288.22
288.27
288.29
288.48
288.52
288.76
288.91
289.13
289.35
289.43
289.60
289.60
289.61
289.67
289.74
289.79
289.85
290.13
290.22
290.29
290.59
290.78
290.80
290.80
290.87
291.00
291.15
291.61
291.63
291.68
291.82
292.44
292.45
292.64
292.66
292.73
292.78
292.88
293.51
293.53
293.65
293.71
294.08
294.53
294.67
295.03
295.05
295.48
295.57
295.67
295.70
295.78
295.80
295.81
296.24
296.25
296.26
296.37
296.49
296.89
296.94
297.29
297.53
297.57
297.65
297.65
297.89
298.35
298.44
298.48
298.66
298.78
298.92
298.93
298.98
299.00
299.03
299.13
299.14
299.15
299.24
299.25
299.25
299.34
299.41
299.41
299.42
299.51
299.62
299.70
299.74
300.23
300.54
300.81
301.04
301.17
301.29
301.37
301.39
301.40
301.45
301.53
301.56
302.31
302.32
302.68
302.84
303.01
303.14
303.15
303.51
303.63
303.79
303.87
304.13
304.19
304.46
304.78
305.07
305.08
305.14
305.19
305.45
305.54
305.69
305.76
305.84
305.93
305.96
306.19
306.20
306.48
306.67
306.70
306.87
306.97
307.26
307.44
307.51
308.25
308.53
308.53
308.57
308.66
308.80
308.87
308.97
309.60
309.60
309.77
309.80
309.86
309.91
309.92
310.09
310.14
310.20
310.21
310.22
310.28
310.29
310.55
310.57
311.14
311.14
311.27
311.41
311.50
311.79
311.90
311.90
312.15
312.22
312.35
312.44
312.46
312.58
312.67
312.92
312.95
313.00
313.03
313.30
313.31
314.10
314.15
314.27
314.29
314.33
314.34
314.38
314.42
314.42
314.65
314.68
314.91
314.93
315.37
315.44
315.67
315.68
315.73
315.90
316.03
316.15
316.30
316.34
316.39
316.49
316.53
316.70
316.88
317.07
317.31
317.57
317.71
317.75
317.82
317.93
318.04
318.39
318.46
318.55
318.61
318.82
319.05
319.28
319.61
319.62
319.79
319.83
319.89
319.90
319.97
320.01
320.03
320.05
320.29
320.43
320.57
320.58
320.71
320.92
321.05
321.16
321.24
321.26
321.60
321.66
321.70
321.95
322.12
322.81
322.86
323.13
323.19
323.25
323.28
323.55
323.59
323.88
324.01
324.04
324.48
325.03
325.39
325.60
325.66
325.67
325.68
325.80
325.88
326.11
326.31
326.77
326.91
327.10
327.14
327.23
327.24
327.31
327.35
327.49
327.77
328.19
328.35
328.49
328.50
328.54
328.78
328.84
328.85
328.94
329.02
329.56
329.59
329.89
329.90
330.31
330.58
330.87
330.91
330.98
331.94
332.00
332.53
332.76
332.77
332.77
333.03
333.05
333.17
333.31
333.33
333.36
333.36
333.70
333.70
333.88
334.19
334.86
334.89
334.92
334.97
335.17
335.20
335.34
335.38
335.50
335.53
335.54
335.56
335.70
335.81
335.88
336.13
336.15
336.32
336.37
336.42
336.80
336.86
336.89
336.98
337.05
337.17
337.21
337.34
337.89
338.06
338.21
338.25
338.42
338.44
338.45
338.80
338.83
338.94
339.08
339.27
339.40
339.40
339.44
339.44
339.51
339.55
340.26
340.61
340.63
340.97
341.23
341.30
341.56
341.60
341.81
341.85
341.88
341.89
341.99
342.10
342.15
342.20
342.60
342.63
342.91
343.04
343.30
343.32
343.40
344.21
344.25
344.39
344.52
344.64
344.99
345.08
345.26
345.89
345.99
346.16
346.30
346.30
346.45
346.50
346.92
347.10
347.14
347.17
347.38
347.56
347.92
347.97
348.08
348.16
348.17
348.21
348.52
348.62
348.69
348.72
348.74
348.96
348.98
349.03
349.08
349.37
349.51
349.54
349.60
349.74
350.04
350.36
350.39
350.53
350.96
350.97
351.00
351.00
351.15
351.22
351.29
351.37
351.74
351.85
351.95
352.16
352.17
352.28
352.35
352.39
352.49
352.55
352.91
353.14
353.31
353.53
353.61
353.72
353.72
353.87
354.30
354.31
354.31
354.33
354.58
354.84
355.46
355.92
355.94
355.98
356.29
356.34
356.70
356.98
357.06
357.14
357.28
357.61
357.86
358.92
358.96
359.09
359.22
359.35
359.35
359.59
359.86
359.93
360.05
360.08
360.12
360.22
360.49
360.74
361.11
361.33
361.88
361.94
361.96
362.03
362.48
362.50
362.57
362.73
362.92
362.95
362.96
363.06
363.52
363.55
363.69
363.76
364.01
364.03
364.23
364.52
364.53
364.59
364.70
364.83
364.87
364.93
364.97
365.01
365.20
365.33
365.40
365.41
365.56
365.61
365.86
365.88
366.11
366.95
367.03
367.40
367.41
367.52
367.54
367.85
368.14
368.34
368.49
368.63
368.95
369.78
369.81
369.92
370.00
370.13
370.21
370.44
370.45
370.87
371.25
371.37
371.54
371.54
371.56
371.78
371.83
371.84
371.90
371.90
371.94
371.97
372.04
372.06
372.12
372.23
372.25
372.60
372.88
373.09
373.18
373.21
373.37
373.78
373.78
373.84
373.85
374.06
374.26
374.50
374.60
374.73
374.93
375.34
375.73
375.74
375.75
375.90
376.03
376.14
376.43
376.45
376.79
377.14
377.14
377.54
377.54
377.79
378.01
378.21
378.37
378.46
378.46
378.51
378.99
379.73
379.83
380.24
380.28
380.34
380.59
381.05
381.08
381.76
381.86
381.89
382.02
382.21
382.34
382.60
382.90
382.95
383.04
383.36
383.46
383.55
383.72
383.87
383.95
384.11
384.62
385.14
385.32
385.47
385.85
386.12
386.24
386.92
386.94
387.17
387.84
387.90
387.95
388.55
388.59
388.65
388.68
388.90
388.96
388.99
389.08
389.24
389.55
389.58
389.60
390.45
390.80
391.15
391.48
391.51
391.77
392.08
392.32
392.59
392.67
392.83
392.83
393.03
393.13
393.36
393.51
393.52
393.99
394.08
394.14
394.17
394.52
394.75
394.96
395.00
395.16
395.16
395.18
395.25
395.25
395.41
395.75
395.91
395.97
396.29
396.40
396.58
396.75
397.25
397.39
397.51
397.76
397.79
397.98
398.24
398.35
399.10
399.11
399.31
399.54
399.71
399.87
399.93
400.02
400.24
400.26
400.51
400.52
400.54
400.67
400.79
401.18
401.29
401.30
401.30
401.47
401.52
401.60
401.62
401.73
401.73
402.23
402.46
402.58
402.66
402.81
402.85
402.90
402.94
403.00
403.09
403.10
403.27
403.29
403.45
403.57
403.61
403.74
403.77
404.10
404.54
404.73
405.25
405.47
406.03
406.17
406.50
406.70
406.71
406.77
406.92
406.94
407.16
407.26
407.31
407.37
407.39
407.83
407.96
408.15
408.45
408.75
408.77
408.89
409.01
409.51
409.52
409.64
409.66
409.92
410.03
410.03
410.23
410.50
410.60
410.64
410.75
410.98
411.13
411.19
411.41
411.90
412.19
412.24
412.32
412.34
412.34
412.53
412.53
412.93
412.98
413.06
413.28
413.58
413.59
413.59
413.81
414.62
415.41
415.77
415.97
416.10
416.51
416.54
416.70
416.84
417.00
417.01
417.04
417.15
417.71
417.76
417.86
417.94
418.58
418.77
419.36
419.54
420.12
420.13
420.59
420.65
421.22
421.32
421.49
421.66
421.85
421.86
421.94
422.20
422.21
422.25
422.48
422.54
422.57
423.42
423.66
423.76
424.05
424.08
424.16
424.41
424.45
424.70
424.81
425.06
425.36
425.64
425.72
425.90
425.97
426.07
426.46
426.52
426.77
426.95
427.07
427.13
427.22
427.23
427.23
427.42
427.52
427.73
427.81
428.01
428.16
428.29
428.39
428.51
428.61
428.64
428.67
428.88
428.97
429.22
429.81
429.84
430.05
430.05
430.18
430.64
431.62
432.01
432.47
432.57
432.67
432.68
432.77
432.79
432.83
433.24
433.67
433.70
434.07
434.54
435.22
435.39
435.40
435.43
435.68
435.69
435.77
436.02
436.36
436.42
436.62
436.68
436.85
437.04
437.44
437.50
438.18
438.49
438.55
439.25
439.51
439.82
439.89
440.32
440.37
440.41
440.96
441.29
442.11
442.43
442.73
442.74
442.89
443.06
443.21
444.62
444.67
444.72
445.42
445.50
445.82
445.89
445.90
446.32
446.40
446.45
446.56
446.91
447.11
447.23
447.40
447.45
447.58
447.65
447.75
447.94
448.30
448.39
448.60
448.67
448.81
448.84
449.21
449.37
449.64
449.90
450.20
450.49
450.58
450.71
450.84
451.31
451.37
451.38
451.47
451.67
451.78
451.98
452.45
452.46
452.48
453.21
453.55
454.13
454.72
454.77
455.11
455.35
455.77
455.92
456.28
456.32
456.46
456.59
456.62
456.72
456.93
457.51
457.64
457.86
458.47
458.79
458.85
458.99
459.11
459.12
459.55
459.94
460.03
460.13
460.44
460.58
460.60
460.85
460.85
460.90
461.79
462.19
462.43
462.60
462.79
463.07
463.12
463.36
463.44
463.80
464.28
464.37
464.46
464.52
464.55
464.73
465.16
465.31
465.57
465.63
465.87
466.03
466.30
466.54
466.79
466.81
466.81
467.00
467.01
467.17
467.58
467.79
468.00
468.08
468.66
468.71
468.76
468.96
469.10
469.94
470.27
470.28
470.39
470.50
470.57
470.91
470.92
471.03
471.03
471.24
471.26
471.27
471.31
472.23
472.30
472.37
472.40
472.71
472.84
472.94
472.97
473.08
473.10
473.17
473.49
473.61
473.64
473.72
473.75
473.91
473.97
474.04
474.84
474.93
474.99
475.07
475.31
475.41
475.51
475.55
475.58
475.62
475.67
475.97
476.14
476.15
476.41
476.59
476.77
477.19
477.28
477.40
478.06
478.11
478.42
478.43
478.43
478.52
479.34
480.16
480.38
480.43
480.75
480.80
480.86
481.06
481.09
481.27
481.47
481.58
481.83
482.01
482.08
482.14
482.69
482.69
482.77
482.99
483.46
483.48
483.51
483.57
483.65
483.82
484.14
484.23
484.85
484.94
485.14
485.15
485.42
485.54
485.89
486.03
486.35
486.40
486.45
486.57
486.65
486.94
487.01
487.05
487.38
487.48
488.14
488.14
488.56
489.32
489.50
489.53
489.83
489.90
490.16
490.71
490.74
491.07
491.28
491.43
491.89
492.13
492.69
492.75
492.76
492.78
493.00
493.04
493.25
493.30
493.42
493.63
493.75
493.83
493.94
494.41
494.56
494.59
494.61
494.61
494.72
495.03
495.61
496.36
496.53
496.56
496.70
497.09
497.09
497.17
497.36
497.49
497.65
497.95
497.96
498.13
498.24
498.35
498.76
498.85
499.00
499.49
499.68
500.09
500.23
500.70
500.82
501.27
501.38
501.87
501.90
502.08
502.45
502.54
502.86
502.96
503.87
504.15
504.19
504.24
504.29
504.38
504.45
504.74
505.22
505.23
505.42
505.52
505.57
505.81
506.23
506.50
506.94
507.33
507.84
508.34
508.63
508.80
508.86
508.88
508.98
509.16
509.67
509.94
510.15
510.46
510.89
511.09
511.30
511.32
511.45
511.85
512.39
512.46
512.58
512.59
512.66
512.77
513.06
513.30
513.62
513.87
514.08
514.16
514.38
514.46
514.47
514.51
514.81
515.14
515.20
515.28
516.19
516.27
516.56
516.80
517.13
517.60
517.62
517.90
518.21
518.24
518.96
519.05
519.20
519.47
519.86
520.00
520.24
520.49
520.61
521.18
521.73
522.09
522.21
522.24
522.33
522.62
522.74
522.79
522.91
522.94
523.04
523.25
523.39
523.56
523.67
523.84
523.87
524.03
524.24
524.30
524.81
524.96
525.15
525.43
525.79
525.93
526.02
526.08
526.13
526.24
526.26
526.43
526.45
526.57
526.72
526.81
526.83
526.99
526.99
527.64
528.43
528.46
528.63
528.84
528.92
529.04
529.40
529.43
530.36
530.45
530.49
530.80
530.89
531.05
531.34
531.70
531.85
532.07
532.17
532.49
532.80
532.92
532.92
532.94
533.68
533.72
533.78
534.27
534.75
534.86
535.69
535.97
537.03
537.25
537.25
537.49
537.66
538.26
538.55
538.62
539.09
539.20
539.28
539.70
539.78
540.14
540.29
540.40
540.61
540.79
540.85
540.90
541.58
542.18
542.62
542.77
542.90
543.00
543.22
544.04
544.38
544.49
544.54
544.69
544.97
545.17
545.27
546.01
546.18
546.58
546.65
547.13
547.16
547.80
547.89
548.10
548.48
548.59
548.81
548.86
550.00
550.06
550.16
550.30
550.38
550.53
550.79
551.03
551.36
551.53
551.56
551.86
551.86
551.94
551.96
552.06
552.17
552.20
552.36
552.58
552.91
553.13
553.36
553.39
553.50
553.95
554.60
554.65
554.71
555.16
555.25
555.25
556.16
556.40
556.54
556.77
556.88
556.89
557.10
557.15
557.41
557.49
557.61
557.79
557.94
558.02
558.11
558.58
558.72
558.99
559.27
559.30
559.32
560.17
560.53
561.01
561.10
561.35
561.40
561.49
561.53
561.82
562.35
562.39
562.52
562.67
562.69
562.81
563.13
563.20
563.68
563.79
564.67
565.09
565.14
565.31
565.46
565.81
566.66
566.87
567.07
567.32
567.68
567.75
567.92
567.96
567.97
568.16
568.42
568.51
568.56
568.83
569.00
569.19
569.98
570.11
570.28
570.30
570.38
570.67
570.87
571.17
571.27
571.67
572.25
572.42
572.80
572.93
573.19
573.87
574.02
574.19
574.41
574.58
574.94
575.17
575.50
575.63
575.65
575.77
576.47
576.61
576.64
576.93
576.99
577.03
577.05
577.85
578.10
578.29
578.41
578.57
579.52
579.73
580.28
580.68
580.70
580.99
581.10
581.17
581.42
581.63
581.79
582.26
582.56
582.61
582.78
582.94
583.44
583.47
583.64
583.76
583.79
584.12
584.17
584.24
584.65
584.72
584.89
585.34
585.66
586.36
586.42
586.75
587.01
587.28
587.29
587.43
587.61
587.64
588.04
588.16
588.23
588.39
588.56
588.82
588.90
588.98
589.85
590.31
591.07
591.29
591.44
591.63
592.21
592.54
592.82
593.20
593.57
593.60
593.75
593.82
594.03
594.43
594.69
594.84
595.15
595.67
595.86
596.20
596.20
596.28
596.57
596.64
596.76
597.79
597.87
598.16
599.00
599.45
599.52
600.12
600.18
600.28
600.29
601.22
601.22
601.28
601.35
601.64
602.57
602.78
602.89
603.25
603.44
603.54
603.63
603.77
603.82
603.83
604.26
604.44
604.67
604.88
605.19
605.32
606.08
606.67
606.79
607.38
608.28
608.65
608.68
609.05
609.22
609.26
609.42
609.46
609.56
609.77
609.84
609.90
610.16
610.43
610.65
610.72
610.89
611.13
611.16
611.25
611.35
612.12
612.66
612.90
613.44
613.54
613.61
613.71
613.79
613.97
614.18
614.26
614.53
614.56
614.93
615.00
615.94
616.02
616.58
616.69
616.93
617.09
617.45
617.90
617.96
618.24
618.50
618.63
619.23
619.38
619.46
619.57
619.82
619.91
620.08
620.97
621.30
621.50
621.56
621.62
622.11
622.16
622.31
622.50
622.57
622.59
622.94
623.92
624.16
624.27
624.99
625.19
625.19
625.24
626.34
626.47
626.76
627.44
627.72
629.34
629.60
629.85
630.52
630.69
630.86
630.91
630.92
631.05
631.11
631.23
631.71
631.75
631.88
632.12
632.24
632.52
632.78
632.86
633.23
633.66
633.77
633.97
633.99
634.46
634.52
635.03
635.14
635.85
636.56
636.72
636.80
637.33
637.35
637.55
637.95
638.24
638.34
638.50
638.52
638.63
639.25
639.33
639.35
639.62
639.82
639.83
640.14
640.52
640.72
640.87
641.12
641.22
642.38
642.61
642.92
643.05
643.38
643.76
644.27
644.36
645.01
645.58
646.11
646.82
647.04
647.11
647.32
647.45
647.45
647.55
647.64
647.86
647.92
647.94
648.02
648.12
648.13
648.58
648.66
648.96
649.62
649.72
650.14
650.19
650.28
650.64
650.65
650.81
650.91
650.91
651.02
651.24
652.71
653.12
653.23
653.37
653.44
653.91
654.08
654.44
654.46
654.90
655.09
655.29
655.31
655.80
656.80
657.62
658.05
658.24
658.28
659.32
659.86
659.99
660.09
660.43
660.44
660.63
660.81
661.02
661.25
661.96
662.10
662.62
662.85
663.63
663.81
663.99
664.52
664.86
664.95
664.96
665.17
665.28
665.35
666.23
666.26
666.44
666.59
666.83
666.96
667.41
667.47
667.96
668.04
668.15
668.25
668.53
668.68
669.11
669.40
669.40
669.77
670.72
670.77
670.80
670.81
670.89
670.90
671.01
672.60
672.77
672.95
673.36
673.44
673.44
673.52
674.52
675.32
675.84
675.88
676.11
676.19
676.26
677.50
677.60
677.69
678.28
678.67
679.50
679.64
679.81
680.36
680.41
680.51
680.93
681.20
681.26
682.44
683.20
683.25
683.62
683.98
684.17
684.51
684.71
684.96
684.99
685.89
686.90
686.98
687.04
687.18
687.84
688.10
688.14
688.21
688.29
688.49
688.54
688.59
688.94
689.29
689.53
689.54
689.67
689.83
690.31
690.42
690.46
690.68
690.95
691.48
692.46
692.50
692.68
692.73
693.06
693.20
693.92
694.37
694.62
694.73
694.95
694.98
695.33
695.66
695.68
695.96
696.00
696.07
696.75
696.81
697.26
697.80
698.16
698.29
698.41
698.48
698.55
698.66
699.42
699.54
699.62
699.96
700.11
700.21
700.27
700.30
700.48
701.01
701.34
701.77
702.00
702.32
702.37
702.50
702.76
702.99
703.65
703.67
704.25
704.50
704.61
704.68
705.66
705.89
706.13
706.29
706.81
707.56
707.59
707.61
707.62
708.26
708.33
708.77
709.76
710.08
710.27
711.22
712.46
713.02
713.11
714.41
714.66
714.97
715.14
715.20
715.42
715.55
715.64
716.21
716.43
716.64
717.45
718.03
718.35
718.50
720.35
721.46
721.72
721.79
721.93
722.27
722.56
722.92
723.09
723.39
723.54
723.59
724.16
724.61
725.20
725.35
726.04
726.35
726.60
726.83
727.55
727.57
727.74
727.91
728.12
728.91
730.17
730.23
731.70
732.17
732.54
733.20
733.23
733.28
733.46
733.50
733.83
733.86
734.99
735.77
735.96
737.46
737.95
738.26
738.35
738.44
738.52
738.59
738.67
739.23
740.41
740.49
740.68
741.23
741.28
741.37
741.73
741.75
742.60
743.38
743.65
744.03
744.23
744.28
744.46
744.56
744.70
744.77
745.11
745.43
746.25
746.60
746.87
746.90
747.97
748.30
748.60
749.02
750.32
750.98
751.04
751.13
751.68
752.27
753.39
753.85
754.17
754.21
754.36
755.12
755.17
755.47
755.53
755.72
755.81
755.94
755.95
756.07
756.11
756.26
756.44
756.48
756.98
757.98
758.47
759.17
759.47
759.54
759.59
759.95
760.03
760.08
760.11
760.48
760.61
761.59
761.98
762.03
762.89
763.21
763.27
763.84
764.08
764.27
764.82
765.01
765.07
765.42
765.59
766.61
766.75
767.23
767.52
767.60
768.09
768.95
769.06
770.89
770.90
773.39
773.45
773.78
773.85
774.31
774.45
774.83
774.91
775.02
775.35
775.50
775.59
776.82
776.94
777.25
777.33
777.73
778.13
778.80
778.84
779.18
779.64
780.42
780.45
781.05
781.43
781.98
782.13
782.81
782.96
783.25
783.42
783.90
784.27
784.77
785.11
785.47
786.24
786.61
787.47
787.59
787.92
788.83
788.83
788.93
789.79
789.79
789.85
790.37
790.59
790.95
791.66
791.72
791.72
791.84
791.99
792.24
792.44
792.80
793.08
793.71
794.36
795.81
796.23
796.31
797.23
797.27
797.42
797.79
797.86
798.28
798.28
798.43
799.27
799.60
799.93
800.39
800.42
802.44
802.59
803.13
803.29
803.34
803.42
804.36
804.89
804.94
804.96
805.42
805.64
805.71
806.48
806.61
807.01
807.93
809.34
810.19
810.64
810.92
810.93
811.25
811.55
811.58
811.80
812.34
813.13
813.18
813.21
814.37
814.41
814.83
814.96
815.10
815.17
815.20
815.26
815.41
815.49
816.00
816.31
816.84
816.96
817.03
817.18
817.47
817.68
818.07
818.17
818.50
818.98
819.13
819.98
820.07
820.12
820.21
821.25
822.31
822.43
822.61
822.90
823.06
823.30
824.17
824.46
824.46
824.49
825.36
825.51
825.68
825.85
826.07
826.40
826.46
826.55
826.62
826.71
826.83
827.13
828.04
828.05
828.40
828.58
829.63
829.90
830.51
831.57
831.80
831.99
832.00
832.03
832.05
832.08
832.16
833.30
833.59
833.67
834.65
834.93
835.21
835.88
836.16
836.18
836.34
837.04
837.45
837.62
838.13
838.82
839.10
839.13
839.61
840.41
840.63
841.16
841.31
842.00
842.42
842.91
843.40
843.67
844.27
844.28
844.58
844.98
845.11
845.36
846.40
847.44
847.59
847.65
848.36
848.37
848.85
849.17
850.81
850.90
851.08
851.80
851.96
852.29
852.84
853.12
854.26
854.34
854.69
854.91
855.47
855.74
855.86
856.24
856.74
857.65
858.85
859.23
859.50
859.59
860.03
860.97
861.24
861.41
861.68
861.80
862.64
862.84
863.13
865.02
865.49
865.64
865.67
865.72
865.76
866.84
867.08
867.24
867.46
867.76
867.78
868.28
868.30
868.82
869.18
869.33
869.46
869.52
869.66
871.02
871.44
871.97
872.61
872.74
872.87
873.13
873.14
873.42
873.74
874.06
874.15
874.16
877.01
877.13
880.06
880.59
881.16
881.35
881.73
881.87
882.99
883.69
883.81
883.95
884.34
884.49
884.63
884.73
885.23
885.61
885.61
886.01
886.04
886.67
886.77
887.65
888.80
889.84
890.51
890.54
892.12
892.19
892.29
892.38
892.99
893.34
893.37
893.41
893.49
893.81
894.09
894.19
894.56
894.77
895.75
895.85
896.11
896.56
896.65
898.32
898.63
899.21
899.90
900.53
900.53
900.56
901.01
901.58
901.88
902.40
902.52
902.56
902.65
903.34
903.43
904.01
904.47
904.75
904.90
905.99
906.00
906.34
906.76
907.06
907.29
907.62
907.86
908.08
908.18
909.21
909.51
909.72
910.02
910.19
910.60
910.79
912.25
912.44
912.87
913.33
913.55
913.81
914.31
914.33
914.36
914.46
916.03
916.35
916.72
916.99
917.79
917.84
918.96
919.05
919.86
920.20
920.44
920.88
920.92
921.24
921.24
921.44
921.76
921.98
922.91
923.70
924.32
925.51
925.60
925.79
925.81
926.19
926.43
926.65
927.87
927.89
928.40
928.90
929.08
929.24
929.95
930.73
931.24
931.63
933.54
934.14
934.39
934.56
935.72
936.24
936.64
936.81
936.95
937.26
937.97
937.97
937.99
938.24
939.08
939.30
939.43
939.63
939.87
939.88
940.17
940.56
942.30
943.10
943.13
943.82
943.98
946.07
946.26
947.10
947.76
948.73
949.84
950.18
950.99
951.73
952.06
952.49
952.62
953.03
953.28
953.49
953.63
954.75
955.05
955.48
956.27
956.57
956.90
957.07
958.01
959.52
959.53
959.55
960.08
960.16
960.96
961.23
961.47
962.03
962.25
962.39
962.96
963.42
963.67
963.96
964.23
964.31
965.10
965.16
965.44
965.89
966.04
966.46
968.17
968.22
968.72
970.18
971.04
971.17
971.32
971.87
972.04
972.07
972.66
972.87
972.93
972.96
973.03
974.18
974.53
974.56
974.95
975.52
975.87
975.90
976.07
976.70
977.84
978.45
979.24
980.03
980.11
980.27
980.65
981.19
981.67
981.79
982.33
982.34
983.77
983.94
984.30
985.22
985.31
985.60
985.95
986.64
987.47
988.00
988.33
988.48
989.11
989.53
989.82
989.87
990.67
991.48
991.64
991.85
992.38
993.19
993.56
993.60
993.93
994.49
994.54
994.66
994.67
995.36
995.53
995.59
995.71
996.31
996.60
997.44
998.29
998.39
998.82
1000.20
1000.79
1002.59
1002.87
1003.42
1003.77
1003.98
1004.30
1006.64
1006.99
1007.34
1007.50
1008.03
1008.26
1008.72
1010.15
1010.99
1011.87
1012.04
1015.42
1015.45
1015.74
1016.62
1016.98
1017.67
1018.02
1018.91
1019.79
1019.98
1019.98
1020.44
1020.45
1021.83
1022.23
1023.69
1023.84
1024.31
1025.37
1025.63
1025.92
1026.49
1026.84
1027.22
1028.10
1029.74
1030.17
1030.78
1031.55
1032.25
1032.45
1032.49
1033.26
1033.26
1033.30
1033.75
1034.11
1034.78
1035.08
1035.11
1035.16
1035.40
1035.55
1035.75
1035.76
1035.85
1036.17
1037.79
1038.35
1038.64
1038.71
1038.83
1039.40
1039.60
1040.04
1041.17
1041.23
1041.33
1041.35
1041.51
1041.56
1041.67
1042.25
1042.38
1042.85
1043.06
1043.18
1044.04
1044.73
1044.77
1045.42
1045.53
1046.57
1046.63
1046.72
1047.65
1048.45
1048.65
1048.73
1048.95
1048.98
1049.35
1049.84
1050.45
1050.50
1051.08
1051.92
1051.95
1053.82
1053.85
1053.97
1054.01
1054.36
1054.71
1055.49
1057.11
1057.47
1057.79
1058.32
1058.84
1060.22
1061.78
1062.09
1063.05
1063.06
1063.20
1064.88
1065.29
1065.62
1065.97
1066.53
1066.53
1066.74
1067.09
1067.40
1067.65
1068.30
1068.46
1068.53
1069.75
1069.90
1069.92
1070.23
1071.26
1071.87
1072.36
1073.35
1073.62
1074.04
1074.54
1074.99
1076.23
1076.37
1076.40
1076.44
1076.44
1076.61
1077.96
1078.29
1078.55
1078.83
1079.15
1079.20
1079.42
1079.51
1080.81
1081.03
1081.66
1081.94
1081.98
1084.79
1084.83
1085.37
1085.67
1085.74
1087.10
1087.44
1087.80
1088.94
1089.54
1090.74
1091.11
1091.22
1092.12
1092.85
1095.38
1095.86
1095.92
1097.07
1097.12
1097.19
1097.39
1097.69
1097.86
1099.12
1099.12
1099.41
1100.41
1100.65
1102.24
1102.63
1102.73
1105.01
1106.21
1107.58
1107.61
1108.29
1109.11
1109.48
1109.53
1110.10
1110.14
1110.43
1110.60
1110.76
1110.94
1111.71
1111.73
1112.30
1112.79
1113.08
1113.97
1114.16
1114.17
1114.58
1115.13
1116.96
1117.19
1117.59
1118.75
1118.81
1118.83
1118.95
1119.85
1121.12
1122.88
1123.92
1123.98
1124.54
1125.47
1125.81
1125.94
1128.66
1128.78
1129.00
1129.10
1129.37
1129.59
1129.76
1130.68
1131.22
1132.01
1132.72
1132.83
1133.13
1133.63
1134.16
1134.78
1134.98
1135.89
1136.95
1138.46
1138.74
1139.06
1140.33
1140.40
1140.73
1141.37
1141.40
1141.53
1141.66
1142.45
1143.49
1143.89
1144.46
1144.74
1144.77
1144.98
1145.64
1146.62
1146.72
1148.22
1148.35
1149.25
1149.97
1150.97
1151.18
1152.47
1152.57
1153.03
1153.23
1154.03
1155.79
1156.10
1157.61
1158.09
1158.54
1158.67
1158.79
1159.31
1159.60
1161.97
1162.38
1162.85
1163.71
1164.23
1166.47
1167.63
1167.83
1168.45
1168.60
1169.32
1169.44
1172.34
1172.37
1172.60
1173.01
1173.54
1174.09
1174.37
1174.70
1176.49
1176.76
1177.59
1178.15
1179.53
1179.55
1180.23
1180.64
1180.64
1181.72
1183.26
1183.59
1184.13
1184.77
1185.47
1186.22
1186.39
1186.60
1186.66
1186.77
1187.03
1187.16
1187.32
1187.52
1187.95
1188.44
1189.21
1191.12
1191.52
1194.59
1194.80
1196.12
1196.41
1196.76
1196.79
1200.20
1200.98
1201.06
1201.27
1201.32
1201.62
1202.15
1202.16
1202.84
1203.30
1203.31
1203.57
1203.71
1203.97
1204.25
1204.43
1205.03
1206.23
1207.05
1207.65
1208.48
1208.59
1210.25
1211.42
1213.07
1213.27
1213.53
1214.39
1215.16
1216.53
1217.10
1217.69
1218.01
1220.00
1220.14
1220.19
1220.19
1220.26
1220.82
1221.46
1221.53
1225.43
1226.39
1226.52
1227.58
1227.94
1228.04
1228.34
1228.39
1231.08
1231.28
1232.00
1232.24
1234.16
1234.26
1235.70
1236.15
1236.26
1236.49
1236.85
1237.76
1237.83
1239.34
1239.89
1240.45
1240.71
1242.94
1243.52
1244.30
1244.30
1244.89
1245.59
1247.05
1247.70
1248.95
1249.34
1250.01
1250.63
1250.94
1251.05
1251.28
1251.55
1252.12
1252.17
1252.17
1252.20
1252.31
1252.63
1252.84
1253.42
1253.95
1254.11
1254.32
1254.87
1255.09
1255.20
1255.27
1255.99
1256.20
1257.22
1257.44
1257.85
1258.27
1258.39
1258.79
1259.13
1259.32
1259.93
1260.83
1261.41
1261.94
1262.03
1262.08
1262.50
1262.70
1264.02
1264.37
1265.08
1265.48
1265.64
1265.85
1267.34
1267.59
1267.84
1268.96
1269.33
1269.43
1269.69
1271.55
1271.88
1271.97
1273.52
1273.61
1275.40
1276.63
1278.03
1278.13
1278.29
1278.87
1279.27
1279.81
1280.02
1280.74
1282.16
1282.25
1282.89
1283.67
1283.71
1284.46
1284.56
1285.42
1286.10
1286.31
1286.39
1286.42
1286.90
1289.03
1289.77
1292.00
1292.77
1293.27
1294.17
1294.58
1296.16
1296.30
1296.40
1296.41
1296.47
1298.14
1299.32
1299.60
1299.99
1301.23
1302.52
1303.02
1303.04
1304.07
1304.35
1305.44
1305.86
1306.62
1307.54
1307.64
1307.73
1308.07
1308.16
1308.33
1309.75
1310.12
1311.25
1312.11
1313.33
1313.57
1314.21
1314.49
1314.96
1315.99
1316.23
1316.54
1316.56
1317.85
1318.85
1319.64
1319.94
1320.48
1321.81
1322.48
1323.63
1323.73
1324.67
1325.06
1325.70
1325.70
1325.92
1326.49
1326.87
1327.44
1327.50
1327.56
1327.99
1328.88
1328.98
1329.14
1329.38
1329.96
1331.84
1332.75
1332.82
1332.94
1333.00
1334.40
1335.16
1335.70
1335.94
1337.52
1337.94
1338.32
1338.84
1339.97
1340.66
1341.46
1341.81
1341.93
1342.58
1343.33
1344.63
1344.86
1345.40
1346.17
1346.74
1347.41
1347.72
1347.96
1348.20
1348.26
1348.34
1348.77
1349.63
1350.31
1350.50
1351.89
1352.48
1352.99
1353.42
1354.31
1354.44
1354.59
1356.00
1358.54
1358.98
1360.70
1361.14
1361.23
1361.45
1362.76
1364.10
1364.80
1365.15
1366.91
1368.17
1368.63
1369.68
1370.33
1370.78
1371.31
1371.59
1372.08
1372.53
1372.59
1373.42
1374.00
1374.82
1374.89
1374.99
1375.28
1375.77
1375.77
1376.32
1376.89
1379.14
1379.45
1379.73
1379.84
1382.63
1383.16
1384.16
1385.40
1385.51
1386.27
1387.04
1387.46
1387.85
1388.46
1388.62
1390.45
1391.88
1391.94
1392.44
1393.30
1393.88
1394.25
1394.86
1394.91
1395.14
1396.16
1397.52
1397.70
1398.58
1399.02
1399.28
1400.19
1400.37
1401.48
1401.99
1402.11
1402.37
1402.43
1403.11
1404.47
1404.78
1405.67
1406.75
1407.40
1407.75
1407.75
1407.90
1408.42
1409.58
1409.67
1409.98
1410.51
1410.82
1413.44
1413.80
1414.09
1414.15
1414.55
1414.61
1415.19
1415.50
1416.46
1416.48
1416.64
1416.74
1416.92
1417.13
1417.87
1418.15
1418.82
1419.22
1419.47
1419.96
1420.30
1420.42
1421.19
1421.50
1422.30
1422.65
1422.84
1423.51
1425.30
1425.93
1426.16
1426.63
1427.88
1430.40
1430.40
1430.41
1431.36
1432.10
1432.10
1433.11
1433.56
1433.96
1434.49
1434.57
1435.47
1435.95
1436.49
1436.51
1436.90
1438.86
1439.39
1439.56
1440.48
1444.79
1445.68
1446.16
1446.49
1446.66
1447.01
1447.48
1449.55
1450.90
1452.84
1453.30
1454.42
1454.67
1454.76
1455.68
1457.85
1458.17
1459.35
1459.73
1460.69
1462.65
1463.08
1465.11
1465.58
1468.95
1470.03
1471.78
1471.86
1474.05
1475.67
1476.02
1476.28
1479.29
1479.59
1480.41
1480.65
1481.43
1481.66
1481.83
1481.99
1483.65
1484.08
1486.12
1486.43
1487.47
1490.00
1490.92
1493.95
1494.07
1495.44
1495.54
1497.24
1497.47
1498.68
1499.35
1499.70
1500.39
1500.52
1500.95
1501.17
1501.85
1501.88
1504.43
1504.99
1505.98
1506.26
1508.00
1509.08
1509.67
1509.81
1510.01
1511.91
1511.97
1512.40
1512.89
1512.99
1513.12
1514.89
1516.59
1519.01
1520.49
1522.15
1522.48
1523.07
1524.28
1525.15
1525.17
1525.76
1527.66
1527.76
1528.19
1530.75
1531.14
1531.83
1532.00
1532.21
1535.05
1535.23
1535.68
1537.06
1537.76
1537.78
1537.98
1538.36
1538.97
1539.16
1541.34
1543.73
1543.74
1543.91
1545.18
1545.25
1547.61
1547.69
1548.43
1548.68
1549.05
1549.27
1552.03
1552.67
1552.89
1554.62
1554.62
1555.14
1555.23
1556.46
1557.15
1558.46
1560.20
1560.45
1560.77
1561.26
1561.50
1561.75
1562.26
1563.09
1563.12
1563.75
1564.51
1564.98
1565.10
1568.09
1568.53
1570.91
1570.94
1574.82
1574.87
1576.75
1577.02
1579.34
1579.46
1579.50
1580.04
1580.85
1581.86
1581.99
1582.10
1582.42
1582.56
1582.99
1583.95
1585.95
1586.48
1586.54
1587.46
1588.70
1588.73
1591.21
1591.33
1591.78
1592.35
1592.80
1593.81
1594.02
1594.69
1594.74
1596.56
1596.56
1598.61
1598.70
1599.38
1599.84
1600.03
1600.55
1601.68
1601.82
1603.34
1603.64
1605.11
1606.00
1606.61
1608.33
1610.25
1610.54
1612.04
1613.42
1614.50
1617.46
1617.89
1618.31
1619.26
1619.35
1620.03
1620.12
1620.50
1620.73
1620.80
1621.82
1622.35
1622.52
1623.03
1623.19
1623.61
1626.53
1627.71
1627.83
1627.92
1632.67
1633.12
1633.25
1634.10
1634.84
1635.49
1635.78
1635.83
1638.35
1640.63
1641.02
1641.59
1642.02
1642.68
1642.68
1642.91
1644.24
1646.11
1647.50
1648.64
1649.21
1654.29
1654.66
1654.77
1657.03
1659.07
1659.15
1659.92
1660.13
1660.19
1660.78
1662.54
1662.56
1662.88
1663.26
1663.71
1664.16
1666.49
1667.30
1668.25
1669.12
1669.75
1671.78
1672.94
1675.51
1676.52
1676.71
1677.16
1677.23
1677.72
1681.08
1681.16
1681.67
1682.21
1682.25
1682.32
1682.43
1684.38
1687.59
1689.78
1690.06
1690.53
1694.18
1694.67
1694.71
1694.85
1695.62
1695.99
1696.17
1696.25
1696.91
1697.24
1698.19
1698.23
1699.15
1701.62
1701.85
1702.15
1702.37
1702.74
1705.82
1706.10
1716.06
1716.98
1717.45
1718.10
1718.55
1719.10
1721.71
1721.91
1722.47
1723.68
1726.52
1726.56
1727.94
1729.20
1729.91
1730.79
1731.97
1732.32
1732.96
1733.30
1734.57
1735.14
1735.96
1737.13
1737.77
1738.67
1739.63
1742.98
1743.25
1744.21
1745.25
1747.08
1747.40
1747.48
1747.55
1748.03
1748.03
1748.95
1749.41
1749.86
1752.31
1753.86
1754.15
1757.15
1758.74
1759.70
1759.83
1766.49
1766.70
1767.75
1769.64
1774.49
1774.55
1776.18
1776.63
1778.15
1781.30
1782.38
1783.12
1783.43
1783.62
1783.89
1784.45
1785.41
1787.40
1788.28
1788.37
1790.81
1791.22
1791.26
1791.84
1792.32
1792.38
1794.15
1794.87
1795.18
1796.85
1796.87
1798.75
1799.18
1799.28
1800.53
1802.10
1804.04
1805.74
1806.32
1807.77
1811.39
1814.67
1816.95
1817.14
1818.05
1818.26
1820.15
1820.23
1820.37
1821.47
1822.18
1823.82
1824.67
1825.42
1825.52
1825.95
1826.86
1829.10
1830.82
1831.00
1831.00
1832.74
1832.88
1833.47
1836.02
1836.71
1838.42
1839.38
1840.29
1841.21
1841.65
1841.71
1845.68
1846.99
1847.07
1849.11
1849.75
1849.79
1851.96
1852.72
1852.78
1853.14
1853.80
1854.66
1855.31
1855.83
1858.42
1859.22
1859.99
1860.07
1861.04
1862.24
1865.05
1865.75
1867.49
1867.77
1869.39
1870.50
1870.71
1870.79
1871.50
1872.12
1873.20
1875.43
1876.26
1876.52
1876.83
1878.13
1878.43
1879.67
1881.04
1882.85
1884.93
1884.99
1886.34
1887.99
1891.53
1891.55
1894.27
1895.26
1895.36
1895.40
1896.67
1897.86
1901.83
1902.20
1902.86
1903.19
1904.79
1905.97
1906.28
1907.95
1908.74
1909.15
1911.19
1911.36
1911.92
1912.66
1913.06
1913.14
1913.66
1915.00
1915.58
1916.29
1920.79
1922.56
1925.68
1926.33
1927.85
1928.69
1930.52
1931.65
1933.91
1937.55
1937.93
1938.71
1940.47
1943.10
1945.92
1946.21
1946.61
1950.34
1950.72
1951.00
1951.14
1951.76
1952.56
1953.81
1956.89
1957.00
1958.31
1958.69
1959.39
1960.03
1962.66
1962.87
1963.02
1964.74
1967.21
1968.92
1969.15
1970.13
1970.17
1973.31
1974.01
1974.36
1976.15
1976.90
1979.64
1981.52
1982.47
1982.62
1983.15
1983.30
1984.40
1984.85
1985.11
1986.31
1987.56
1991.15
1991.20
1994.21
1994.78
1995.66
1996.70
1997.28
1998.23
1999.20
1999.27
1999.77
2000.72
2002.17
2002.21
2003.67
2004.03
2004.40
2004.53
2005.31
2009.22
2010.35
2011.83
2011.96
2014.14
2014.14
2015.54
2016.10
2017.59
2018.29
2018.57
2018.66
2018.72
2019.01
2019.36
2020.19
2021.92
2022.53
2023.32
2023.71
2023.84
2024.37
2024.67
2025.31
2026.41
2027.76
2028.31
2029.65
2031.41
2031.72
2031.87
2032.40
2033.79
2033.92
2036.76
2037.22
2037.88
2042.34
2042.61
2043.58
2047.03
2048.74
2050.29
2050.31
2051.67
2052.00
2057.16
2060.10
2061.03
2062.08
2063.44
2063.60
2064.92
2065.90
2067.22
2067.91
2068.87
2072.08
2077.80
2079.94
2080.35
2081.20
2083.93
2085.08
2085.08
2086.21
2086.50
2086.66
2091.95
2095.62
2100.93
2101.20
2102.00
2104.91
2105.75
2106.05
2106.10
2108.95
2109.59
2110.06
2110.54
2110.98
2111.00
2112.42
2114.18
2114.96
2116.24
2116.38
2117.04
2119.70
2120.36
2120.39
2120.50
2120.55
2124.93
2125.39
2126.59
2126.80
2129.10
2130.18
2131.13
2131.45
2133.34
2133.78
2135.72
2135.77
2137.45
2138.17
2141.13
2145.91
2145.96
2147.10
2149.00
2149.84
2150.61
2151.96
2153.03
2154.40
2154.99
2155.43
2156.46
2157.88
2158.91
2159.84
2160.26
2161.50
2163.37
2164.61
2165.01
2168.95
2170.48
2170.81
2173.13
2173.49
2174.76
2174.83
2175.65
2177.44
2177.89
2179.87
2180.86
2185.25
2185.96
2186.48
2186.72
2187.17
2187.76
2188.04
2191.65
2195.59
2196.46
2196.89
2197.61
2198.51
2200.72
2202.08
2202.60
2205.23
2205.25
2205.94
2206.16
2206.61
2208.59
2211.32
2211.73
2213.67
2213.98
2216.35
2219.81
2220.00
2227.02
2228.98
2229.46
2230.47
2232.93
2233.20
2234.60
2235.57
2237.89
2237.99
2239.15
2244.44
2245.75
2246.65
2249.28
2255.20
2262.29
2263.05
2264.61
2265.77
2266.72
2267.68
2270.28
2271.83
2272.76
2272.81
2273.08
2274.83
2274.98
2275.42
2275.72
2276.48
2276.95
2278.13
2278.80
2281.29
2281.86
2287.96
2288.48
2296.27
2298.16
2299.40
2300.17
2301.24
2301.79
2306.03
2306.55
2306.65
2308.18
2310.28
2311.43
2312.10
2313.00
2314.25
2315.46
2316.11
2316.93
2317.31
2317.91
2320.45
2320.70
2323.76
2324.74
2325.60
2325.85
2326.73
2329.28
2330.69
2332.15
2332.91
2335.66
2336.67
2336.87
2337.28
2338.87
2341.05
2342.32
2342.54
2343.20
2344.62
2345.46
2346.02
2346.22
2348.99
2349.58
2352.58
2352.83
2353.88
2353.88
2355.84
2357.75
2358.06
2359.10
2361.71
2362.68
2364.11
2365.34
2367.11
2367.31
2369.49
2371.49
2371.93
2374.16
2375.08
2375.78
2377.27
2377.60
2378.84
2383.68
2384.53
2385.02
2387.01
2387.55
2389.70
2392.00
2392.49
2393.50
2393.71
2393.84
2394.10
2398.58
2400.58
2407.48
2407.82
2408.31
2409.04
2409.12
2412.22
2414.42
2415.72
2416.43
2422.27
2422.82
2423.81
2426.51
2427.46
2427.88
2428.38
2428.51
2429.30
2430.96
2432.06
2432.17
2433.67
2433.80
2434.40
2434.43
2436.01
2436.67
2441.08
2441.61
2441.66
2448.70
2453.58
2455.62
2456.07
2459.45
2459.98
2460.49
2461.61
2461.71
2464.27
2465.84
2466.38
2466.46
2466.62
2467.74
2468.27
2468.75
2470.65
2470.78
2471.11
2471.56
2474.50
2475.79
2476.91
2478.93
2479.03
2480.56
2482.52
2490.05
2490.75
2492.64
2494.40
2498.37
2498.66
2502.69
2503.21
2504.81
2507.09
2508.50
2514.37
2515.29
2515.84
2515.94
2516.30
2517.52
2524.53
2525.11
2527.27
2527.40
2527.95
2529.24
2530.55
2532.17
2534.50
2543.23
2544.19
2544.28
2545.74
2545.74
2546.81
2548.19
2549.35
2549.84
2552.27
2552.74
2553.88
2553.93
2555.87
2557.44
2557.58
2559.30
2559.71
2562.26
2563.12
2565.65
2566.26
2570.59
2572.07
2573.96
2577.61
2586.16
2592.07
2592.43
2593.08
2593.30
2595.47
2595.94
2599.91
2602.04
2602.55
2603.03
2606.67
2609.01
2609.04
2609.38
2609.57
2610.17
2612.79
2613.39
2616.07
2619.42
2622.91
2624.30
2625.74
2630.98
2631.66
2631.97
2633.34
2634.14
2634.51
2634.51
2634.85
2637.19
2638.22
2639.47
2640.82
2643.28
2645.45
2647.45
2649.49
2652.87
2656.32
2656.35
2657.82
2660.40
2660.58
2662.02
2662.10
2663.66
2664.70
2665.97
2667.38
2669.86
2670.30
2675.21
2678.34
2679.12
2685.30
2687.14
2687.37
2687.95
2688.53
2690.31
2690.89
2692.46
2693.86
2694.36
2694.68
2697.65
2699.67
2699.84
2701.59
2701.71
2703.93
2706.25
2711.99
2712.84
2717.34
2717.48
2717.87
2718.60
2718.66
2720.19
2726.47
2726.53
2727.03
2727.17
2727.35
2730.75
2731.28
2732.70
2733.62
2735.60
2737.55
2738.83
2739.71
2741.82
2742.95
2743.07
2744.16
2744.34
2744.49
2746.15
2747.79
2747.97
2750.91
2752.04
2758.45
2763.38
2764.97
2765.90
2766.19
2766.28
2766.52
2767.45
2771.89
2772.07
2774.38
2775.49
2776.06
2776.21
2777.92
2780.54
2781.92
2782.77
2789.22
2790.88
2791.12
2793.11
2793.14
2794.47
2800.04
2800.22
2800.40
2800.59
2802.92
2803.35
2804.13
2804.22
2805.50
2805.89
2806.41
2807.87
2809.81
2810.45
2814.53
2815.84
2816.48
2817.45
2821.33
2821.60
2822.09
2822.95
2826.92
2828.97
2829.18
2831.54
2832.37
2833.14
2836.60
2837.62
2838.84
2839.30
2847.67
2849.80
2854.55
2856.68
2857.15
2857.70
2858.57
2858.72
2859.84
2861.20
2865.35
2870.01
2871.03
2874.48
2876.16
2876.66
2881.74
2882.83
2883.08
2885.42
2885.61
2886.35
2891.48
2891.98
2893.26
2894.92
2895.36
2899.38
2904.37
2907.80
2908.64
2910.88
2915.42
2920.38
2920.72
2920.75
2922.02
2923.63
2925.15
2925.78
2932.85
2933.93
2936.12
2939.01
2939.59
2945.67
2946.37
2949.85
2952.27
2961.33
2965.56
2969.96
2972.21
2978.65
2979.39
2981.03
2981.61
2982.19
2984.94
2985.55
2986.94
2987.10
2996.46
2998.18
3005.84
3006.10
3008.90
3009.10
3010.04
3010.27
3011.57
3012.00
3012.00
3013.69
3026.14
3028.04
3028.43
3028.56
3029.68
3032.27
3033.19
3034.93
3036.54
3037.82
3042.39
3042.75
3044.43
3045.09
3049.11
3051.98
3053.50
3055.62
3055.98
3056.54
3056.58
3061.15
3062.17
3062.34
3062.34
3066.28
3066.91
3076.62
3076.85
3079.62
3082.32
3084.55
3084.58
3084.95
3089.56
3090.77
3093.14
3094.65
3096.96
3101.12
3102.96
3107.36
3108.17
3112.01
3112.24
3116.49
3123.48
3123.91
3130.14
3130.41
3131.05
3131.56
3133.60
3136.21
3137.87
3138.01
3139.23
3139.60
3143.44
3147.94
3148.72
3150.15
3150.29
3154.07
3156.57
3156.67
3158.38
3160.50
3162.24
3162.89
3163.03
3163.85
3166.45
3169.61
3169.71
3171.32
3172.35
3172.56
3177.16
3178.53
3180.53
3181.08
3182.25
3183.25
3184.94
3185.21
3187.18
3190.04
3190.94
3192.91
3193.15
3197.06
3197.26
3198.02
3198.82
3199.76
3201.28
3203.64
3204.81
3204.92
3205.40
3206.03
3212.42
3214.92
3218.78
3225.69
3227.75
3229.91
3230.75
3234.32
3234.60
3235.96
3237.86
3243.08
3244.17
3246.66
3248.73
3252.67
3254.86
3255.28
3256.76
3257.50
3257.57
3258.66
3265.44
3265.72
3271.10
3275.31
3279.60
3288.02
3288.77
3292.72
3294.15
3296.75
3299.43
3301.14
3311.80
3318.22
3318.26
3319.19
3321.42
3324.15
3324.19
3325.41
3326.09
3327.86
3329.30
3334.27
3335.72
3341.57
3343.74
3347.94
3348.55
3348.73
3353.77
3356.02
3360.20
3361.66
3362.31
3365.04
3372.44
3375.00
3377.55
3378.03
3378.80
3380.26
3381.36
3385.75
3385.79
3386.37
3388.94
3390.74
3392.35
3393.49
3395.10
3399.96
3400.54
3403.01
3406.29
3407.28
3413.96
3417.59
3418.07
3419.07
3426.18
3426.21
3430.14
3431.18
3434.49
3435.05
3435.86
3437.98
3438.58
3439.99
3444.46
3445.13
3447.07
3448.08
3449.91
3453.49
3462.77
3463.90
3465.10
3470.46
3472.83
3477.26
3479.60
3484.35
3485.02
3486.68
3488.12
3488.16
3488.27
3492.04
3496.96
3499.53
3507.80
3511.67
3513.80
3514.71
3516.88
3520.34
3521.45
3523.93
3525.03
3528.54
3533.78
3542.28
3547.95
3548.72
3550.22
3555.72
3555.75
3562.88
3566.50
3566.66
3567.08
3569.63
3570.17
3578.45
3583.29
3586.05
3587.02
3587.52
3587.68
3587.95
3589.89
3592.06
3592.49
3598.40
3598.72
3603.20
3612.21
3614.32
3615.93
3617.30
3619.41
3619.80
3624.11
3624.78
3626.90
3631.42
3632.16
3632.71
3636.57
3640.46
3640.50
3642.08
3644.09
3645.98
3647.88
3649.38
3650.72
3656.29
3656.69
3661.56
3661.68
3664.73
3670.21
3671.83
3676.13
3679.35
3684.29
3686.32
3691.47
3692.47
3693.23
3694.27
3696.63
3700.03
3700.31
3702.99
3706.52
3708.25
3710.57
3710.69
3711.22
3715.64
3715.88
3730.70
3734.26
3740.12
3741.94
3744.65
3745.06
3745.46
3746.80
3746.88
3756.75
3757.23
3758.45
3759.27
3761.02
3767.53
3768.96
3770.43
3773.98
3776.55
3776.88
3779.70
3781.13
3787.56
3791.87
3796.22
3800.12
3800.62
3803.91
3806.09
3807.16
3807.49
3809.84
3813.80
3819.50
3827.40
3829.72
3830.84
3832.08
3835.48
3838.97
3844.21
3844.62
3846.20
3848.41
3852.49
3853.70
3853.95
3854.12
3856.95
3857.62
3861.26
3862.59
3863.22
3863.26
3870.08
3875.11
3876.41
3879.22
3890.53
3892.08
3892.34
3892.51
3893.01
3896.04
3900.43
3900.73
3904.32
3904.40
3909.77
3915.27
3915.95
3916.25
3921.55
3924.99
3925.45
3928.38
3929.57
3931.23
3931.45
3934.21
3939.02
3941.92
3945.81
3945.94
3951.45
3954.61
3955.00
3965.15
3966.65
3968.46
3971.29
3971.85
3973.40
3973.48
3976.62
3978.26
3983.60
3990.93
3992.53
3997.63
4002.18
4005.95
4007.55
4007.98
4014.23
4019.27
4020.10
4022.88
4023.93
4047.38
4050.84
4053.82
4057.77
4058.82
4063.04
4068.45
4074.58
4074.80
4075.59
4075.81
4078.81
4081.19
4088.13
4091.89
4102.84
4103.15
4104.80
4104.93
4107.73
4109.29
4111.29
4112.09
4112.58
4118.05
4119.35
4120.02
4120.24
4122.65
4125.68
4127.87
4131.09
4133.77
4134.48
4136.50
4141.02
4141.69
4148.15
4149.14
4156.73
4158.31
4162.67
4163.03
4168.53
4169.48
4196.50
4196.68
4196.95
4200.18
4206.04
4207.55
4214.24
4219.13
4221.45
4222.60
4242.75
4248.81
4249.45
4250.14
4259.40
4268.81
4269.41
4274.17
4274.45
4288.76
4288.99
4293.59
4294.52
4314.92
4317.21
4329.32
4333.68
4334.25
4334.34
4337.72
4339.17
4339.27
4342.51
4344.43
4346.93
4359.83
4364.17
4368.19
4368.90
4374.48
4380.45
4385.95
4388.04
4388.56
4388.84
4389.56
4391.84
4391.88
4397.92
4400.45
4401.35
4402.40
4406.07
4412.89
4413.65
4414.28
4414.61
4414.85
4415.04
4420.30
4425.32
4426.95
4431.46
4438.99
4441.39
4446.01
4448.41
4451.98
4452.60
4459.83
4462.54
4463.84
4464.23
4464.42
4466.40
4467.03
4467.27
4468.09
4469.45
4474.29
4476.66
4478.45
4478.60
4479.32
4484.76
4485.97
4501.62
4511.96
4512.30
4530.89
4536.49
4558.33
4561.44
4563.32
4563.37
4571.32
4574.59
4576.22
4583.80
4586.18
4587.87
4600.50
4604.53
4619.55
4620.65
4623.40
4630.16
4630.31
4630.71
4639.39
4640.39
4640.54
4640.59
4640.79
4651.55
4651.95
4671.98
4672.13
4674.91
4675.97
4676.43
4678.00
4681.34
4686.61
4691.38
4691.68
4693.41
4695.19
4699.36
4710.10
4711.57
4714.53
4715.60
4716.78
4717.75
4718.00
4720.25
4728.63
4728.73
4736.88
4738.82
4739.85
4739.95
4741.29
4743.13
4744.01
4749.66
4751.45
4753.97
4756.44
4758.25
4758.61
4759.53
4765.30
4767.31
4787.68
4787.89
4793.02
4794.32
4797.48
4800.75
4804.23
4814.33
4814.90
4817.40
4820.48
4835.52
4837.36
4840.71
4847.05
4853.50
4854.03
4854.66
4859.34
4867.44
4870.23
4873.34
4873.39
4874.66
4879.78
4888.45
4889.61
4896.33
4898.13
4909.28
4909.97
4911.67
4911.83
4914.11
4914.11
4916.24
4917.62
4918.42
4919.22
4920.55
4924.28
4924.38
4929.18
4933.40
4954.15
4958.50
4959.41
4964.72
4970.20
4972.09
4972.84
4974.89
4977.58
4984.37
4989.55
4990.74
4994.63
5000.57
5003.66
5004.90
5007.72
5008.10
5009.51
5010.81
5013.58
5013.68
5020.36
5025.31
5036.63
5037.50
5038.05
5047.70
5056.67
5058.64
5059.57
5060.33
5060.44
5066.09
5067.95
5068.94
5073.55
5076.68
5077.72
5079.97
5083.55
5084.48
5089.33
5097.37
5097.98
5099.47
5100.24
5113.56
5115.88
5117.27
5117.38
5123.19
5132.07
5140.91
5147.25
5151.88
5156.67
5157.01
5157.73
5164.21
5166.61
5171.70
5175.90
5177.41
5177.69
5181.00
5185.37
5188.63
5189.64
5190.82
5198.01
5200.15
5204.43
5204.71
5205.05
5206.63
5213.22
5218.41
5219.71
5221.01
5222.82
5223.89
5225.93
5227.40
5229.94
5231.98
5241.05
5245.70
5246.10
5258.31
5259.79
5273.70
5278.89
5283.35
5294.16
5302.82
5304.66
5309.37
5310.00
5313.73
5323.29
5327.32
5329.51
5331.64
5335.86
5337.24
5344.35
5353.21
5363.00
5366.54
5368.11
5376.60
5378.98
5380.90
5387.72
5400.74
5400.91
5411.44
5424.04
5426.10
5429.74
5430.91
5435.91
5436.09
5438.03
5438.44
5439.50
5440.97
5445.09
5445.68
5446.39
5448.45
5450.52
5451.93
5462.56
5463.09
5478.90
5478.90
5480.91
5487.56
5488.57
5492.73
5494.69
5503.49
5504.98
5507.37
5512.79
5514.16
5515.00
5517.15
5519.30
5521.39
5523.84
5531.43
5534.67
5545.16
5546.48
5550.44
5552.42
5552.96
5553.08
5564.63
5564.69
5567.70
5575.84
5576.20
5579.28
5582.42
5589.25
5595.48
5604.33
5609.54
5611.06
5614.16
5626.99
5641.19
5653.84
5655.56
5659.53
5660.45
5664.99
5669.83
5670.57
5675.91
5699.72
5700.96
5701.94
5703.55
5704.54
5710.65
5712.13
5720.54
5722.77
5728.91
5731.45
5736.47
5745.29
5759.36
5761.42
5767.47
5775.15
5780.21
5786.41
5786.66
5798.94
5802.20
5806.10
5833.93
5836.52
5838.92
5843.41
5851.76
5852.65
5856.26
5856.57
5857.59
5861.90
5863.74
5866.28
5872.63
5872.82
5874.91
5879.30
5892.87
5904.55
5920.92
5927.14
5936.19
5936.90
5937.99
5939.21
5957.88
5974.08
5975.44
5976.47
5984.23
6000.18
6016.50
6031.56
6032.01
6034.36
6039.72
6039.98
6047.83
6050.84
6052.93
6054.70
6061.13
6071.30
6073.60
6075.31
6076.43
6079.71
6082.21
6101.99
6108.86
6110.58
6115.27
6134.56
6146.38
6161.70
6171.71
6174.78
6185.35
6187.42
6188.16
6199.42
6201.56
6202.23
6209.62
6210.56
6219.17
6232.71
6233.11
6245.67
6248.03
6250.87
6260.62
6260.96
6277.10
6286.48
6291.45
6299.28
6314.16
6319.28
6321.13
6324.76
6328.18
6333.93
6335.58
6335.65
6337.36
6338.80
6353.50
6353.70
6357.21
6357.69
6369.53
6369.60
6378.43
6381.26
6386.51
6387.06
6411.36
6414.97
6429.70
6431.23
6436.25
6439.73
6471.23
6478.17
6483.07
6498.38
6502.18
6502.18
6509.92
6514.08
6518.10
6535.19
6539.86
6546.58
6558.49
6580.46
6585.66
6589.08
6591.50
6598.28
6598.92
6603.64
6604.14
6605.78
6607.93
6617.01
6631.78
6631.92
6638.60
6649.60
6650.10
6653.34
6667.03
6669.99
6670.28
6676.20
6685.60
6686.75
6691.17
6696.67
6698.27
6706.82
6707.04
6713.29
6715.25
6716.48
6722.30
6728.41
6746.85
6753.14
6761.84
6775.97
6778.39
6779.42
6783.09
6785.00
6791.75
6801.61
6803.74
6815.23
6818.63
6819.88
6820.32
6828.00
6836.58
6843.68
6855.84
6872.85
6879.69
6885.35
6899.07
6899.74
6902.28
6916.19
6923.00
6928.32
6939.57
6943.18
6961.46
6967.71
6979.86
6996.87
6998.16
7007.93
7024.10
7025.40
7032.70
7041.00
7043.21
7057.01
7060.60
7086.39
7089.46
7098.75
7103.82
7111.74
7112.97
7118.59
7118.75
7122.98
7126.76
7130.39
7130.77
7135.17
7136.87
7155.58
7170.31
7173.80
7195.18
7206.01
7209.75
7212.48
7218.73
7220.37
7222.55
7227.79
7229.04
7246.04
7256.47
7258.67
7303.02
7306.89
7307.76
7313.46
7334.30
7339.94
7351.30
7353.29
7356.95
7406.63
7421.31
7435.86
7448.98
7451.40
7455.67
7456.08
7458.10
7462.45
7479.27
7485.83
7488.34
7489.55
7508.21
7522.93
7543.80
7543.88
7546.00
7565.30
7577.01
7585.70
7586.77
7591.45
7591.62
7606.25
7607.98
7647.18
7656.54
7690.99
7702.07
7708.57
7717.92
7725.27
7728.95
7735.81
7750.55
7756.34
7758.61
7760.29
7763.65
7770.20
7784.42
7788.55
7789.31
7792.09
7802.05
7806.78
7829.78
7844.96
7846.92
7870.04
7872.43
7911.88
7914.45
7915.05
7930.39
7958.76
7969.79
8005.31
8015.88
8017.79
8039.07
8051.26
8053.96
8071.32
8082.07
8091.25
8113.61
8125.03
8128.72
8129.16
8150.74
8161.42
8168.13
8168.31
8172.29
8174.32
8188.40
8200.54
8206.93
8249.22
8271.21
8275.59
8285.36
8325.71
8332.11
8334.90
8339.77
8346.63
8348.08
8351.96
8362.36
8367.70
8395.54
8399.54
8413.46
8419.38
8428.76
8429.95
8444.83
8454.25
8460.74
8465.87
8477.60
8482.10
8491.65
8492.02
8509.77
8510.05
8516.86
8531.43
8551.21
8555.56
8558.15
8566.58
8566.95
8576.51
8580.87
8588.49
8592.30
8618.74
8623.50
8625.64
8626.20
8635.54
8643.67
8656.96
8657.34
8665.30
8665.59
8687.27
8693.76
8709.48
8731.18
8736.66
8753.60
8753.79
8781.21
8787.86
8797.18
8798.23
8800.90
8819.96
8820.82
8823.87
8830.56
8843.28
8844.90
8864.64
8876.83
8884.80
8897.21
8903.57
8934.35
8937.83
8944.90
8950.90
8960.49
8981.26
8985.44
8987.78
9008.71
9011.44
9018.56
9038.78
9040.83
9049.06
9065.22
9081.52
9100.41
9104.35
9108.09
9112.72
9114.50
9116.57
9117.85
9120.71
9122.39
9128.91
9139.09
9146.11
9151.16
9156.51
9168.90
9179.72
9186.87
9224.02
9224.12
9236.71
9257.82
9260.42
9299.58
9344.36
9345.68
9349.22
9377.08
9378.70
9389.77
9403.60
9406.04
9407.06
9411.13
9435.80
9439.79
9443.97
9477.75
9503.94
9546.50
9553.94
9562.73
9578.99
9589.98
9615.44
9674.61
9676.91
9692.63
9694.41
9703.44
9703.96
9708.16
9710.48
9735.51
9756.29
9778.37
9800.72
9820.89
9821.10
9841.85
9847.81
9857.83
9874.70
9923.54
9933.32
9942.78
9958.39
9981.37
9992.93
9997.80
10006.24
10012.08
10024.88
10038.88
10064.22
10076.31
10078.17
10094.75
10105.90
10121.99
10136.78
10149.51
10154.57
10177.22
10198.72
10219.38
10235.09
10259.92
10264.25
10292.72
10310.45
10329.54
10346.77
10349.45
10351.92
10355.17
10460.12
10464.53
10467.36
10484.36
10493.33
10499.58
10500.71
10513.45
10514.81
10527.79
10535.42
10538.16
10553.33
10577.80
10593.49
10611.04
10614.94
10650.95
10674.03
10683.04
10685.70
10736.92
10782.68
10838.70
10843.04
10849.38
10854.55
10879.83
10914.14
10934.59
10956.49
10957.32
10963.37
10971.56
10973.10
10975.60
11011.76
11033.70
11047.20
11074.85
11100.40
11104.24
11138.78
11159.65
11160.49
11186.85
11195.20
11197.50
11199.56
11206.72
11226.50
11253.37
11269.34
11271.78
11306.59
11416.73
11420.81
11431.81
11439.73
11445.67
11447.41
11488.98
11499.05
11525.83
11542.30
11551.92
11560.05
11574.07
11617.23
11624.77
11634.84
11698.08
11724.43
11737.51
11737.76
11748.56
11790.97
11793.01
11834.17
11850.82
11852.62
11861.60
11899.78
11934.98
11935.11
11940.15
11981.30
11990.38
12058.03
12080.49
12135.91
12165.09
12186.17
12224.33
12236.51
12291.31
12309.94
12315.54
12318.47
12331.41
12369.36
12378.46
12470.41
12481.34
12538.60
12543.21
12576.91
12589.17
12601.02
12635.29
12646.64
12650.34
12690.09
12706.58
12827.03
12865.81
12890.89
12902.34
12908.06
12935.60
12936.30
12959.42
12991.29
13011.40
13041.99
13086.80
13086.80
13093.03
13118.13
13132.05
13133.47
13139.58
13141.28
13225.87
13290.57
13360.35
13364.83
13405.67
13407.12
13452.90
13463.23
13463.38
13514.75
13529.38
13538.46
13580.42
13613.08
13624.43
13643.01
13690.33
13709.01
13715.98
13728.31
13769.81
13770.26
13843.46
13844.21
13879.30
13889.52
13919.00
13922.77
13933.62
13944.93
13989.21
14008.29
14025.73
14034.99
14035.60
14189.82
14211.80
14320.62
14350.86
14362.36
14366.09
14414.20
14420.91
14429.49
14434.02
14469.20
14478.28
14487.22
14498.19
14500.70
14540.92
14555.56
14557.45
14568.48
14597.04
14610.00
14613.95
14698.47
14713.43
14715.97
14754.56
14802.21
14803.49
14811.66
14828.01
14866.89
14895.87
14914.74
14934.60
14990.78
14998.73
15008.63
15020.17
15040.66
15059.71
15092.99
15098.70
15136.33
15156.32
15172.07
15227.16
15250.41
15291.22
15318.71
15346.91
15362.53
15454.06
15473.63
15485.36
15535.53
15584.86
15594.31
15629.95
15650.60
15660.59
15707.43
15729.37
15793.32
15846.89
15848.43
15964.09
15995.04
16012.00
16027.08
16078.84
16107.75
16123.96
16165.71
16172.54
16194.42
16237.59
16245.85
16275.40
16282.80
16333.09
16351.30
16485.96
16491.31
16500.41
16521.67
16542.60
16581.30
16595.30
16614.17
16669.81
16690.38
16704.83
16710.98
16741.38
16754.07
16766.76
16790.73
16795.09
16796.00
16797.45
16889.30
16957.60
17052.72
17115.01
17182.18
17187.02
17263.99
17284.55
17321.99
17337.93
17358.20
17444.62
17456.52
17504.18
17533.18
17551.21
17700.53
17729.28
17734.46
17868.71
17936.90
18009.04
18212.83
18236.69
18253.47
18302.32
18307.47
18564.59
18593.94
18676.40
18704.11
18712.00
18751.93
18813.71
19169.39
19185.37
19347.13
19443.87
19450.40
19474.61
19489.16
19526.73
19538.99
19556.12
19562.26
19571.15
19596.79
19636.26
19714.39
19742.14
19872.44
19927.35
19960.15
19977.86
19984.13
20048.02
20123.43
20126.70
20147.40
20163.32
20205.25
20247.70
20329.14
20414.67
20491.46
20590.58
20604.62
20617.55
20664.01
20731.86
20804.44
20837.11
20858.99
20865.31
20884.73
20929.07
21050.80
21064.70
21105.53
21177.82
21330.74
21482.22
21716.62
21752.36
21753.54
21757.54
21788.64
21811.05
21880.77
21914.18
21959.04
22020.90
22235.90
22333.55
22410.29
22459.81
22499.45
22770.07
22840.39
22972.49
23042.19
23101.85
23110.85
23380.98
23429.09
23469.43
23507.81
23537.59
23778.97
24027.77
24093.37
24265.78
24321.50
24329.40
24397.41
24400.05
24456.88
24462.17
24490.77
24582.63
24608.44
24609.77
24647.88
24817.54
24854.89
24864.84
25099.19
25218.15
25332.18
25747.79
25759.77
25922.49
25970.22
26130.88
26320.42
26378.01
26408.57
26483.82
26495.86
27147.93
27488.13
27494.37
27655.48
27814.83
27991.14
28163.39
28290.13
28514.78
28602.84
29225.38
29755.35
29914.50
30073.19
30322.16
30540.46
30991.17
33334.93
33512.50
33553.13
33573.47
34742.34
35263.07
35633.96
36796.45
38078.35
39316.76
40210.75
44159.19
