21.25
21.62
22.80
23.10
24.14
24.47
26.42
27.18
27.49
27.51
27.54
27.68
27.92
28.10
28.49
28.93
29.25
29.48
30.30
30.50
31.59
31.74
32.48
32.51
33.53
33.94
33.96
34.17
34.29
34.42
34.92
35.23
35.59
35.86
35.89
35.90
35.97
36.51
36.58
37.02
37.25
38.04
38.14
38.15
38.16
38.27
38.36
38.92
39.10
40.12
40.37
41.08
41.27
41.87
42.38
42.50
42.82
42.91
42.94
44.06
44.35
45.11
45.41
45.46
45.53
45.79
45.83
46.05
46.76
46.88
47.21
47.52
48.00
48.07
48.23
48.55
48.95
48.99
49.59
49.67
49.78
49.89
50.15
50.31
50.91
51.18
51.19
51.27
51.30
51.41
51.51
51.53
51.89
51.90
52.02
52.03
52.34
52.63
52.65
52.66
52.70
52.72
52.91
53.01
53.07
53.13
53.47
53.70
53.92
54.08
54.12
54.15
54.27
54.40
54.44
54.70
54.74
54.79
55.15
55.33
56.46
56.56
56.65
57.08
57.15
57.31
57.40
57.97
58.02
58.31
58.41
58.43
58.47
58.48
58.69
59.05
59.31
59.35
59.85
59.89
60.06
60.41
60.77
60.83
61.10
61.32
61.44
61.52
61.62
61.81
61.84
61.87
62.01
62.05
62.10
62.19
62.32
62.51
62.51
62.63
62.86
63.07
63.27
63.64
63.71
64.00
64.07
64.19
64.34
64.53
64.85
65.01
65.04
65.05
65.06
65.15
65.66
65.70
66.29
66.30
66.36
66.87
66.92
67.17
67.41
67.65
67.66
67.74
67.95
68.01
68.15
68.16
68.27
68.27
68.58
68.69
68.75
68.85
68.92
69.13
69.43
69.52
69.57
69.58
69.68
69.81
69.90
70.51
70.53
70.58
70.79
71.05
71.07
71.18
71.60
71.60
71.71
71.82
71.87
71.93
72.05
72.21
72.22
72.62
72.67
72.90
73.12
73.16
73.22
73.47
73.74
73.77
74.01
74.02
74.21
74.32
74.85
75.12
75.19
75.36
75.44
75.71
75.78
75.86
75.92
76.27
76.34
76.36
76.39
76.68
76.99
77.09
77.16
77.19
77.19
77.28
77.44
77.47
77.49
77.71
79.02
79.04
79.47
79.72
79.94
80.19
80.24
80.27
80.29
80.47
80.57
80.77
80.96
81.40
81.47
81.53
81.96
81.97
82.03
82.49
82.59
82.60
82.62
82.89
83.01
83.30
83.32
83.39
83.52
83.64
83.75
83.91
84.17
84.21
84.21
84.22
84.26
84.32
84.48
84.60
84.72
84.93
85.03
85.16
85.28
85.59
85.63
85.80
86.10
86.19
86.26
86.26
86.28
86.56
86.68
86.69
86.79
86.92
87.01
87.02
87.11
87.17
87.22
87.38
87.60
87.60
87.65
87.70
87.73
87.79
87.83
88.04
88.30
88.36
88.51
88.59
88.60
88.73
88.77
88.89
89.10
89.13
89.37
89.46
89.57
89.78
89.83
90.43
90.45
90.74
90.91
91.28
91.30
91.32
91.36
91.46
91.74
92.14
92.25
92.26
92.37
92.55
92.66
92.80
92.84
92.96
92.98
93.05
93.39
93.42
93.66
93.88
93.89
94.17
94.29
95.05
95.10
95.40
95.44
95.55
95.65
95.72
96.13
96.60
96.64
96.73
96.80
96.84
96.86
96.88
96.91
96.96
96.98
97.00
97.03
98.03
98.26
98.36
98.38
98.58
98.75
98.77
98.97
99.01
99.06
99.11
99.27
99.51
99.64
99.68
99.70
99.75
99.77
99.78
99.90
100.00
100.08
100.14
100.22
100.23
100.42
100.54
100.68
100.70
100.85
100.99
101.00
101.01
101.15
101.65
101.78
101.89
102.31
102.43
102.50
102.53
102.71
102.81
103.05
103.19
103.20
103.21
103.35
103.37
103.42
103.43
103.49
103.70
103.78
103.91
104.00
104.39
104.46
104.70
104.72
104.89
105.06
105.46
105.48
105.55
106.16
106.30
106.47
106.63
106.67
106.88
106.94
107.09
107.19
107.20
107.20
107.22
107.26
107.60
107.86
107.98
108.08
108.09
108.45
108.45
108.53
108.54
108.63
108.69
108.78
108.81
109.20
109.24
109.28
109.30
109.45
109.48
109.67
110.10
110.28
110.40
110.84
110.94
111.17
111.28
111.30
111.55
111.90
111.94
111.99
112.10
112.26
112.30
112.41
112.64
112.69
112.76
112.86
113.21
113.24
113.24
113.30
113.30
113.36
113.49
113.60
113.63
113.72
113.79
113.86
114.03
114.09
114.26
114.31
114.68
114.69
115.04
115.13
115.18
115.34
115.35
115.41
115.49
115.51
115.55
115.56
115.82
115.87
116.05
116.05
116.07
116.30
116.33
116.46
116.65
116.81
116.92
117.10
117.19
117.56
117.65
117.74
117.84
118.01
118.02
118.06
118.35
118.38
118.43
118.52
118.54
118.79
118.95
119.06
119.07
119.07
119.22
119.43
119.81
120.00
120.01
120.02
120.04
120.17
120.22
120.26
120.89
120.95
121.39
121.50
121.56
121.85
121.97
122.13
122.15
122.20
122.21
122.40
122.45
122.46
122.59
123.16
123.25
123.60
123.78
123.89
123.91
124.00
124.04
124.25
124.34
124.35
124.35
124.38
124.48
124.49
124.64
124.65
124.75
124.80
124.92
124.97
125.14
125.25
125.27
125.38
125.48
125.57
125.62
125.74
126.26
126.30
126.33
126.45
126.65
126.91
126.97
127.27
127.65
127.77
128.00
128.11
128.27
128.28
128.38
128.40
128.76
128.97
128.99
129.16
129.16
129.19
129.25
129.31
129.58
129.73
129.75
129.78
129.80
129.91
130.11
130.25
130.26
130.34
130.43
130.62
130.69
130.71
130.73
130.96
130.98
131.01
131.14
131.55
131.62
131.94
132.08
132.13
132.28
132.38
132.50
132.73
132.90
133.16
133.25
133.34
133.56
133.60
133.61
133.71
133.75
133.79
133.81
133.94
133.97
134.35
134.37
134.43
134.51
134.75
134.98
135.03
135.05
135.11
135.15
135.17
135.17
135.47
135.56
135.93
135.98
136.35
136.41
136.45
136.49
136.52
136.56
136.85
136.92
137.00
137.10
137.43
137.53
137.64
137.64
137.77
137.90
137.93
137.94
138.33
138.37
138.40
138.53
138.60
138.83
139.02
139.35
139.78
139.84
139.92
139.93
140.03
140.04
140.18
140.18
140.48
140.53
140.66
140.88
140.93
140.98
141.07
141.14
141.21
141.24
141.25
141.31
141.35
141.39
141.49
141.55
141.63
141.69
141.84
141.91
141.99
142.01
142.28
142.36
142.63
142.97
143.06
143.09
143.14
143.19
143.27
143.27
143.50
143.51
143.75
143.81
144.09
144.12
144.47
144.63
144.76
144.79
145.53
145.68
145.73
145.73
145.85
145.92
145.94
145.96
146.31
146.56
146.62
146.86
146.89
146.94
146.94
147.05
147.09
147.32
147.41
147.50
147.67
147.70
147.71
147.81
147.92
148.11
148.49
148.70
148.83
148.85
149.17
149.26
149.30
149.33
149.55
149.58
149.65
149.68
149.86
150.30
150.58
150.66
150.72
151.00
151.12
151.15
151.28
151.31
151.40
151.41
151.53
151.55
151.77
151.78
151.80
151.81
151.85
151.94
152.06
152.24
152.31
152.59
152.70
152.81
152.96
153.03
153.09
153.21
153.24
153.36
153.39
153.51
153.55
153.73
153.83
153.86
153.87
154.21
154.24
154.41
154.43
154.43
154.49
154.81
154.83
154.84
154.87
155.45
155.95
156.17
156.39
156.50
156.60
156.69
157.02
157.15
157.22
157.93
158.05
158.07
158.20
158.20
158.23
158.33
158.33
158.72
159.04
159.30
159.30
159.57
159.67
159.93
159.95
160.11
160.25
160.34
160.38
160.39
160.61
160.66
160.68
160.83
160.87
161.21
161.23
161.42
161.54
161.59
161.77
161.91
162.07
162.07
162.17
162.31
162.32
162.57
162.61
162.64
162.96
163.10
163.22
163.27
163.29
163.34
163.35
163.45
163.47
163.52
163.74
163.83
163.84
163.87
164.29
164.48
164.51
164.72
164.90
165.06
165.12
165.26
165.30
165.30
165.32
165.48
165.55
165.59
165.63
165.72
165.89
165.95
166.06
166.07
166.16
166.35
166.36
166.53
166.57
166.71
166.79
166.84
166.86
166.95
166.99
167.05
167.09
167.11
167.64
167.74
167.81
168.18
168.23
168.56
168.71
168.75
168.79
168.80
168.89
168.96
169.07
169.18
169.32
169.40
169.42
169.66
169.83
170.10
170.34
170.51
170.56
170.64
170.71
170.78
170.90
171.05
171.11
171.14
171.44
171.50
171.57
171.63
171.78
171.84
171.90
171.94
172.11
172.32
172.52
172.60
172.72
173.40
173.45
173.45
173.63
173.66
173.83
174.00
174.47
174.49
174.82
174.84
174.99
175.09
175.33
175.63
175.69
175.75
175.91
175.93
176.02
176.21
176.34
176.45
176.62
176.92
176.99
177.04
177.10
177.31
177.38
177.52
177.64
177.69
177.94
178.03
178.05
178.31
178.56
178.82
178.84
179.03
179.18
179.19
179.24
179.47
179.62
179.67
179.85
179.88
179.93
180.12
180.33
180.44
180.45
180.51
180.71
180.73
180.76
180.83
180.87
181.00
181.01
181.09
181.67
181.71
181.89
181.93
181.97
181.99
182.00
182.08
182.14
182.22
182.23
182.33
182.56
182.67
182.71
182.86
182.94
182.95
183.25
183.25
183.30
183.52
183.59
183.69
183.87
184.03
184.32
184.35
184.38
184.44
184.57
184.65
184.68
184.69
185.04
185.41
185.66
185.76
185.77
185.94
185.94
186.00
186.07
186.32
186.38
186.42
186.50
186.55
186.68
186.70
186.96
186.99
187.14
187.24
187.24
187.28
187.41
187.45
187.51
187.65
187.71
187.81
188.01
188.08
188.20
188.80
189.01
189.06
189.39
189.42
189.47
189.51
189.92
189.92
190.10
190.17
190.31
190.36
190.50
190.52
190.64
190.88
190.93
191.22
191.31
191.37
191.49
191.61
191.75
191.89
191.96
191.98
192.14
192.22
192.31
192.40
192.66
192.74
192.79
192.81
192.88
192.93
193.10
193.20
193.93
193.97
194.12
194.34
194.71
194.82
194.89
194.92
195.27
195.50
195.55
195.65
195.71
195.76
195.81
195.84
195.86
195.88
195.91
196.10
196.20
196.48
196.67
196.69
196.76
196.77
196.81
196.90
197.01
197.04
197.06
197.11
197.13
197.23
197.35
197.46
197.51
197.74
197.86
197.95
198.01
198.03
198.35
198.47
198.48
198.56
198.77
198.78
198.82
199.16
199.23
199.26
199.29
199.30
199.31
199.52
199.83
199.85
199.86
200.21
200.33
200.41
200.52
200.53
200.56
200.59
200.76
200.80
201.12
201.15
201.19
201.20
201.28
201.53
201.66
201.67
201.90
201.97
202.30
202.37
202.60
202.66
202.68
202.78
202.83
203.08
203.31
203.37
203.39
203.54
203.60
203.65
203.71
203.77
203.90
203.91
204.18
204.26
204.48
204.51
204.54
204.65
204.70
204.90
204.94
205.11
205.16
205.25
205.80
205.96
205.99
206.05
206.18
206.20
206.48
206.77
206.99
207.26
207.33
207.96
208.32
208.42
208.56
208.61
208.77
208.85
208.89
209.05
209.13
209.19
209.20
209.26
209.43
209.44
209.51
209.51
209.54
209.77
209.77
209.89
209.93
209.97
210.01
210.37
210.53
210.62
210.64
210.92
210.94
211.18
211.21
211.22
211.23
211.23
211.33
211.47
211.49
211.52
211.59
211.68
211.71
211.90
211.91
211.97
212.18
212.41
212.50
212.59
212.81
212.82
212.91
212.96
213.15
213.21
213.44
213.47
213.70
213.96
213.96
214.10
214.28
214.47
214.47
214.55
214.64
214.64
214.84
214.94
214.97
215.20
215.21
215.22
215.35
215.42
215.47
215.59
215.82
215.87
215.95
216.48
216.58
217.07
217.12
217.28
217.29
217.30
217.38
217.50
217.73
217.89
218.06
218.08
218.09
218.15
218.21
218.25
218.31
218.38
218.76
218.77
218.84
219.08
219.15
219.18
219.61
219.62
219.78
219.81
220.03
220.19
220.30
220.31
220.37
220.44
220.44
221.10
221.40
221.42
221.48
221.81
221.83
222.08
222.30
222.32
222.35
222.35
222.47
222.64
222.70
223.24
223.39
223.61
223.63
223.66
223.74
223.80
223.94
224.10
224.17
224.27
224.30
224.42
224.64
224.77
224.84
224.92
224.97
225.00
225.02
225.03
225.08
225.15
225.32
226.01
226.17
226.21
226.22
226.27
226.55
226.65
226.84
227.14
227.14
227.15
227.20
227.27
227.36
227.51
227.68
227.72
227.77
227.90
228.03
228.25
228.35
228.68
228.70
228.72
228.90
228.93
229.07
229.19
229.20
229.35
229.37
229.40
229.40
229.57
229.73
230.00
230.14
230.55
230.56
230.85
231.14
231.27
231.31
231.33
231.36
231.55
231.57
231.64
231.87
232.01
232.32
232.75
232.75
232.83
233.12
233.17
233.37
233.57
233.61
233.67
233.70
233.76
234.03
234.33
234.35
234.35
234.38
234.50
234.51
234.69
234.70
234.71
234.76
234.82
234.85
235.04
235.44
235.45
235.49
235.78
236.03
236.40
236.62
236.66
236.66
236.87
236.99
237.57
237.67
237.84
237.89
237.92
238.04
238.18
238.31
238.65
238.89
238.93
239.03
239.33
239.38
239.38
239.90
239.96
240.20
240.43
240.60
240.69
240.80
240.91
240.97
241.05
241.71
241.89
241.90
241.91
242.51
242.56
242.68
242.75
242.78
242.95
243.07
243.25
243.57
243.57
243.68
243.71
244.04
244.10
244.22
244.32
244.43
244.46
244.52
244.67
244.77
244.79
244.90
244.95
244.99
245.04
245.15
245.15
245.25
245.32
245.43
245.44
245.51
245.53
245.53
245.58
245.69
245.91
246.06
246.07
246.56
246.69
246.88
246.98
247.10
247.22
247.24
247.28
247.30
247.35
247.41
247.57
247.77
247.88
247.92
248.16
248.23
248.34
248.54
248.80
248.98
249.10
249.72
249.83
249.91
250.12
250.45
250.57
250.62
250.93
251.07
251.07
251.10
251.12
251.13
251.28
251.30
251.63
251.91
251.92
251.94
252.45
252.49
252.74
252.87
252.90
252.99
253.03
253.14
253.16
253.31
253.39
253.45
253.81
254.15
254.33
254.43
254.59
254.64
254.82
254.85
254.89
255.01
255.10
255.12
255.42
255.58
255.80
255.81
255.99
256.00
256.23
256.37
256.64
256.82
257.03
257.33
257.52
257.57
257.73
257.85
258.06
258.09
258.16
258.23
258.75
258.96
259.08
259.13
259.22
259.23
259.37
259.37
259.42
259.44
259.47
259.93
260.03
260.12
260.24
260.41
260.54
260.86
261.02
261.12
261.20
261.73
261.94
261.99
262.03
262.13
262.15
262.39
262.48
262.77
262.84
263.06
263.13
263.21
263.44
263.47
263.56
263.57
263.74
263.75
264.29
264.34
264.58
264.63
264.68
264.71
264.78
264.87
265.15
265.23
265.28
265.68
265.74
266.40
266.42
266.44
266.55
266.68
266.89
267.01
267.10
267.26
267.27
267.40
267.43
267.45
267.45
267.57
267.69
267.76
267.96
268.31
268.37
268.83
268.93
269.06
269.49
269.50
269.50
269.57
269.66
269.81
269.94
270.29
270.57
270.62
270.63
270.69
271.17
271.17
271.17
271.20
271.53
271.53
271.76
271.85
271.99
272.09
272.14
272.28
272.43
272.44
272.46
272.52
272.54
272.60
272.64
272.85
273.31
273.32
273.43
273.51
273.59
273.63
273.67
273.81
274.04
274.06
274.15
274.16
274.20
274.58
274.72
274.73
275.08
275.12
275.33
275.39
275.42
275.57
275.57
275.78
275.80
276.02
276.07
276.41
276.59
277.06
277.30
277.30
277.31
277.31
277.32
277.43
277.50
277.76
277.80
277.81
277.82
278.21
278.22
278.24
278.60
279.28
279.62
279.65
279.86
280.01
280.22
280.39
280.45
280.70
280.79
280.79
280.87
280.94
281.14
281.27
281.31
281.35
281.42
281.44
281.48
282.10
282.29
282.34
282.50
282.50
282.56
282.60
282.87
282.90
283.13
283.25
283.30
283.51
283.57
283.68
283.81
283.98
284.56
284.60
284.66
284.87
284.90
285.07
285.22
285.35
285.40
285.74
285.77
285.92
286.35
286.66
287.06
287.15
287.24
287.38
287.52
287.60
287.91
287.92
288.16
288.46
288.54
288.74
288.94
289.03
289.35
289.67
289.99
290.34
290.39
290.43
290.61
290.75
290.77
290.92
290.97
291.31
291.61
291.62
291.67
292.06
292.06
292.13
292.17
292.56
292.66
292.79
292.98
293.05
293.54
293.61
293.67
293.80
293.80
293.83
293.88
294.01
294.22
294.41
294.70
294.91
295.02
295.07
295.07
295.25
295.30
295.73
295.80
295.80
295.87
295.97
295.97
296.34
296.52
296.55
296.90
296.94
296.94
297.28
297.34
297.39
297.47
297.64
297.74
297.74
297.86
298.01
298.08
298.29
298.49
298.61
298.71
298.71
298.72
298.82
298.84
298.87
299.01
299.19
299.25
299.32
299.36
299.38
299.40
299.49
299.50
299.55
299.69
299.74
299.84
299.91
299.93
299.95
299.99
300.40
300.50
300.54
300.79
301.15
301.28
301.29
301.34
301.67
301.68
301.89
302.10
302.25
302.36
302.44
302.46
302.58
302.69
302.99
303.38
303.39
303.76
304.00
304.00
304.25
304.45
304.59
304.77
305.18
305.41
305.43
305.52
305.77
305.85
306.08
306.36
306.91
307.05
307.06
307.13
307.13
307.24
307.52
307.59
307.73
307.83
307.94
308.08
308.19
308.31
308.44
308.71
308.79
308.85
309.14
309.20
309.21
309.34
309.36
309.55
309.62
309.69
309.69
309.75
309.81
309.82
309.83
309.88
309.88
310.00
310.14
310.31
310.64
310.74
311.22
311.31
311.39
311.55
311.59
311.66
311.76
311.77
311.83
311.98
312.20
312.27
312.47
312.53
312.63
312.71
312.75
312.77
312.88
313.16
313.26
313.35
313.46
313.62
313.72
313.78
313.85
313.90
313.91
313.99
314.07
314.11
314.12
314.31
314.54
314.65
314.81
314.87
314.90
314.97
315.21
315.48
315.55
315.98
316.36
316.37
316.41
316.47
316.54
317.09
317.26
317.64
317.65
317.68
317.88
318.06
318.24
318.24
318.27
318.29
318.63
318.65
318.67
318.82
319.01
319.05
319.10
319.14
319.22
319.86
319.88
320.33
320.34
320.42
320.58
321.04
321.06
321.25
321.29
321.32
321.55
321.61
321.78
322.17
322.21
322.24
322.32
322.59
323.17
323.58
323.64
323.68
323.73
323.83
324.24
324.28
324.49
324.69
324.75
324.80
324.91
324.91
324.94
324.95
325.11
325.15
325.17
325.19
325.27
325.39
325.54
325.58
325.69
325.71
325.78
325.81
325.90
326.17
326.31
326.49
327.16
327.20
327.25
327.64
327.70
327.92
327.92
328.47
328.98
329.30
329.44
329.57
329.71
329.73
329.74
329.76
330.01
330.07
330.17
330.21
330.23
330.23
330.39
330.73
330.75
330.82
331.35
331.35
331.65
331.73
331.75
331.84
331.90
332.05
332.11
332.13
332.16
332.28
332.53
332.56
332.70
333.23
333.48
333.64
333.76
333.81
333.86
333.91
333.94
333.96
334.14
334.30
334.75
334.80
335.18
335.35
335.38
335.63
336.00
336.07
336.16
336.31
336.44
336.46
336.47
336.48
336.66
336.78
336.78
336.85
336.89
337.05
337.09
337.09
337.37
337.44
337.47
337.50
337.75
337.75
337.93
338.10
338.20
338.31
338.42
338.58
338.71
338.72
338.75
339.04
339.08
339.17
339.19
339.28
339.29
339.42
339.48
339.68
339.69
340.10
340.29
340.45
340.45
340.52
340.89
341.03
341.23
341.45
341.47
342.15
342.18
342.23
342.24
342.38
342.62
343.15
343.17
343.18
343.24
343.24
343.65
343.68
343.72
344.22
344.27
344.44
344.49
344.56
344.72
344.88
345.03
345.48
345.55
345.72
345.86
346.07
346.35
346.56
346.65
346.67
346.67
346.76
346.78
347.11
347.44
347.59
348.35
348.55
348.57
348.71
348.98
349.05
349.11
349.52
349.55
350.22
350.41
350.69
350.69
350.75
350.75
350.77
351.31
351.33
351.44
351.48
351.52
351.97
352.17
352.23
352.38
352.54
352.60
352.74
352.91
353.02
353.71
353.72
354.12
354.13
354.88
354.89
354.97
354.97
355.17
355.41
355.76
355.78
355.80
355.81
355.82
355.84
355.90
356.03
356.08
356.08
356.14
356.59
357.08
357.48
357.61
357.63
357.79
358.00
358.23
358.44
358.60
358.88
359.04
359.06
359.48
359.73
359.80
359.98
360.11
360.27
360.75
361.12
361.28
361.33
361.59
361.68
361.71
361.72
361.90
361.92
362.17
362.19
362.36
362.43
362.57
362.62
362.64
362.70
363.03
363.16
363.21
363.27
363.91
364.13
364.22
364.34
364.43
364.56
364.62
364.62
364.81
365.05
365.15
365.18
365.31
365.41
365.42
365.69
365.86
366.19
366.22
366.30
366.52
366.71
366.95
367.01
367.46
367.50
367.69
367.72
368.48
368.55
368.62
368.77
368.96
368.99
369.04
369.16
369.22
369.29
369.35
369.42
369.69
369.80
370.05
370.19
370.28
370.37
370.42
370.45
370.47
370.51
370.66
370.72
371.02
371.13
371.24
371.33
371.35
371.78
371.81
371.81
371.94
371.96
372.10
372.15
372.18
372.23
372.33
372.35
372.36
372.45
372.71
372.98
373.08
373.23
373.27
373.36
373.64
373.89
374.03
374.14
374.27
374.97
375.01
375.34
375.76
376.08
376.09
376.27
376.46
376.92
376.93
377.11
377.23
377.32
377.37
377.47
377.65
377.65
377.72
377.92
378.39
378.48
378.64
378.86
378.92
379.02
379.05
379.49
380.08
380.46
380.49
380.85
380.96
381.06
381.21
381.35
381.39
381.50
381.50
381.56
381.72
381.97
381.99
382.06
382.20
382.49
382.70
382.84
382.90
382.95
383.18
383.21
383.43
383.47
383.70
383.76
383.98
384.28
384.31
384.36
384.49
384.51
384.66
384.71
384.74
384.76
384.86
384.90
384.91
384.94
385.19
385.70
385.75
385.81
385.87
385.88
386.03
386.04
386.16
386.80
386.81
386.87
386.87
386.87
387.00
387.01
387.17
387.21
387.40
387.86
387.90
388.23
388.56
388.77
388.78
388.85
388.88
389.26
389.42
389.42
389.90
389.91
390.12
390.12
390.14
390.15
390.18
390.38
390.57
390.69
390.73
390.94
391.31
391.83
391.95
391.96
392.27
392.34
392.93
393.11
393.13
393.39
393.51
393.67
393.91
393.96
394.13
394.19
394.31
394.63
394.87
394.90
394.92
394.93
394.99
395.27
395.40
395.97
395.99
397.11
397.13
397.15
397.32
397.35
397.36
397.62
397.99
398.23
398.28
398.32
398.35
398.39
398.40
399.14
399.31
399.37
400.00
400.20
400.23
400.31
400.36
400.42
400.46
400.47
400.61
400.73
400.77
400.81
400.91
401.01
401.69
401.76
401.89
402.19
402.21
402.37
402.38
402.62
402.62
402.64
403.15
403.45
403.82
403.85
403.85
403.91
404.01
404.16
404.26
404.32
404.35
404.48
404.48
405.13
405.18
405.38
405.41
405.89
406.05
406.18
406.27
406.27
406.34
406.40
406.42
406.47
406.57
406.69
406.75
406.82
406.83
407.15
407.22
407.23
407.27
407.67
407.70
407.73
407.76
407.84
407.87
408.33
408.43
408.60
408.63
408.66
408.69
408.70
408.94
409.10
409.12
409.17
409.61
410.37
410.37
410.90
410.91
411.07
411.15
411.23
411.26
411.30
411.43
411.61
411.89
411.98
412.18
412.41
413.03
413.18
413.19
413.25
413.34
413.64
413.65
413.72
413.90
414.01
414.16
414.34
414.37
414.54
414.58
414.84
414.95
415.06
415.28
415.56
415.88
415.96
416.13
416.16
416.22
416.34
416.50
416.53
416.54
416.55
416.58
416.97
417.31
417.50
417.61
417.77
417.77
417.99
418.03
418.13
418.30
418.35
418.70
418.76
418.84
418.93
419.30
419.64
419.75
419.84
419.90
419.93
419.98
419.98
420.20
420.34
420.43
420.48
420.49
420.54
420.60
420.63
420.68
420.71
420.83
421.30
421.36
421.36
421.36
421.72
422.42
422.54
422.72
422.79
423.15
423.41
423.72
423.80
423.94
424.25
424.31
424.43
424.47
424.48
424.56
425.08
425.13
425.16
425.21
425.51
426.25
426.39
426.66
426.70
426.83
427.03
427.42
427.66
427.67
427.68
427.72
427.77
427.85
427.94
428.19
428.43
428.45
428.94
429.04
429.19
429.29
429.39
429.56
430.20
430.22
430.60
431.53
431.58
431.72
431.92
431.98
432.70
432.90
432.90
432.98
433.00
433.05
433.20
433.48
433.55
433.57
433.90
434.06
434.11
434.19
434.29
434.60
434.92
435.02
435.05
435.15
435.17
435.23
435.47
435.75
435.75
435.84
436.09
436.16
436.35
436.41
436.58
436.72
436.85
436.93
437.03
437.11
437.11
437.34
437.44
437.48
437.76
438.09
438.58
438.74
438.80
438.86
439.15
439.41
439.73
439.96
440.13
440.36
440.49
440.66
441.21
441.32
441.42
441.51
441.86
441.97
441.98
442.65
443.01
443.32
443.35
443.64
443.75
443.82
443.84
443.94
443.98
444.08
444.44
444.95
445.02
445.07
445.29
445.58
445.96
446.25
446.63
446.83
447.34
447.57
447.88
448.51
448.70
448.76
448.79
449.08
449.10
449.32
449.57
449.81
449.92
450.21
450.42
450.91
451.19
451.22
451.41
451.51
451.61
451.69
451.72
451.75
451.93
452.53
452.78
453.11
453.18
453.41
453.95
454.08
454.25
454.35
454.37
454.77
454.82
454.85
454.90
454.92
455.19
455.34
455.93
455.94
455.95
456.55
456.60
456.77
456.86
457.18
457.22
457.37
457.77
457.85
458.41
458.50
458.59
458.65
458.87
459.08
459.11
459.16
459.19
459.35
459.44
459.52
459.76
459.93
460.54
460.66
460.73
461.32
461.42
461.42
461.47
461.55
461.58
461.75
461.79
461.80
461.95
462.10
462.12
462.27
462.45
462.52
462.64
462.69
463.87
463.93
464.22
464.24
464.58
464.76
464.97
465.22
465.46
465.80
466.20
466.21
466.34
466.46
466.61
466.67
467.06
467.33
467.78
468.09
468.45
468.68
469.05
469.24
469.36
469.42
469.48
469.61
469.62
469.63
469.76
469.86
469.89
470.03
470.60
470.68
470.75
470.83
470.91
470.98
471.18
471.19
471.42
471.48
471.57
471.70
471.84
471.86
472.28
472.36
472.82
472.91
472.94
473.14
473.22
473.34
473.35
473.39
473.43
473.73
473.95
474.09
474.29
474.31
474.65
474.79
474.90
475.01
475.11
475.29
475.70
475.83
476.20
476.32
476.34
476.47
476.51
476.51
476.54
476.65
476.69
477.27
477.69
477.82
478.07
478.09
478.13
478.30
478.72
478.76
478.79
478.95
478.99
479.30
479.40
479.63
479.64
479.93
480.03
480.05
481.29
481.42
481.43
481.46
481.63
481.83
482.11
482.20
482.29
482.29
482.91
483.11
483.47
483.54
483.58
483.87
484.05
484.06
484.09
484.22
484.23
484.25
484.43
484.56
484.99
485.25
485.31
485.40
485.73
485.82
485.99
486.04
486.07
486.26
486.46
487.53
487.84
487.87
487.97
488.07
488.20
488.33
488.37
488.38
488.58
488.82
488.90
488.95
489.04
489.13
489.17
489.36
489.77
489.85
490.03
490.42
490.46
490.52
490.99
491.02
491.07
491.30
491.47
491.53
492.05
492.06
492.51
492.70
492.94
493.16
493.16
493.18
493.63
493.64
493.65
493.89
493.95
494.12
494.40
494.87
495.12
495.97
496.18
496.24
496.29
496.35
496.45
496.61
496.67
497.07
497.19
497.61
497.74
497.98
497.99
498.25
498.46
498.76
498.86
498.90
498.92
499.45
499.70
499.74
499.77
500.39
500.99
501.05
501.49
501.84
501.98
502.00
502.32
502.42
502.45
502.60
502.72
502.83
502.85
502.97
503.01
503.21
503.31
503.55
503.58
503.84
503.84
503.86
504.21
504.29
504.34
504.50
504.64
504.84
505.29
505.46
505.46
505.80
505.92
506.47
506.81
507.07
507.23
507.60
507.79
507.81
507.97
508.27
508.29
509.07
509.31
509.40
509.86
509.88
509.91
509.92
510.46
510.69
510.87
511.23
511.71
511.74
512.02
512.75
513.13
513.32
513.49
513.62
513.79
514.02
514.03
514.45
514.48
514.80
514.90
515.24
515.29
515.46
515.64
516.14
516.15
516.28
517.13
517.34
517.38
517.40
517.76
517.81
517.83
518.06
518.18
518.25
518.37
518.51
518.61
518.69
518.87
519.16
519.20
519.42
519.67
519.69
520.02
520.09
520.56
520.60
521.05
521.13
521.18
521.52
521.78
521.78
522.03
522.26
522.66
522.69
523.08
523.57
523.72
523.75
523.80
523.89
524.23
524.54
525.16
526.17
526.18
526.72
526.73
526.86
527.02
527.06
527.14
527.29
527.57
528.10
528.14
528.28
528.28
528.73
528.81
529.00
529.01
529.10
529.14
529.31
530.07
530.17
530.37
530.46
530.58
530.74
530.83
530.99
531.10
531.14
531.15
531.18
531.23
531.55
531.58
531.97
532.03
532.11
532.24
532.25
532.34
532.44
532.48
532.59
532.70
532.71
532.75
532.98
533.50
533.53
533.73
534.02
534.27
534.28
534.31
534.57
535.02
535.43
535.90
536.03
536.11
536.17
536.45
536.69
536.69
536.74
536.80
536.87
537.24
537.55
537.56
537.77
537.94
538.43
538.48
538.78
538.84
539.01
539.36
539.76
539.76
539.88
539.88
540.08
540.18
540.28
540.41
540.62
540.66
541.00
541.34
541.66
541.69
541.99
542.22
542.43
542.47
542.73
542.76
542.77
542.91
542.94
543.14
543.31
543.36
543.51
543.64
544.31
544.54
544.90
545.05
545.13
545.30
545.36
545.76
545.94
546.04
546.22
546.47
546.50
546.53
546.71
546.73
547.13
547.22
547.32
547.60
548.13
548.30
548.44
548.59
548.63
548.66
548.71
548.81
548.90
548.98
549.04
549.09
549.23
549.58
549.97
549.98
550.11
550.13
550.27
550.85
551.00
551.70
551.89
551.89
552.29
552.78
553.06
553.54
553.69
553.99
554.02
554.60
554.81
554.82
555.08
555.29
555.80
556.12
556.12
556.29
556.32
556.38
556.47
556.65
557.07
557.44
557.44
557.53
558.01
558.98
558.99
559.09
559.16
559.53
559.59
559.59
559.82
560.18
560.21
560.50
560.61
560.81
560.95
561.12
561.15
561.16
561.38
561.43
561.63
561.70
561.81
562.09
562.26
562.30
562.43
562.86
562.89
562.93
563.74
563.75
563.76
563.80
563.82
563.88
564.06
564.47
564.68
564.81
565.53
565.80
566.17
566.24
566.25
566.26
566.64
567.34
567.42
567.42
567.72
568.69
568.73
568.75
568.89
568.97
569.22
569.46
570.00
570.12
570.20
570.44
570.67
570.90
570.93
571.19
571.20
571.40
571.48
571.75
571.96
572.09
572.86
573.39
573.56
573.66
574.22
574.41
574.43
574.43
574.90
575.01
575.17
575.27
575.30
575.32
575.34
575.40
575.83
575.86
575.96
576.11
576.59
576.86
577.49
577.56
577.72
578.43
578.55
578.60
578.64
578.68
579.01
579.28
579.67
579.74
580.04
580.09
580.41
580.72
580.73
580.83
580.87
581.12
581.46
581.51
581.64
581.93
581.98
582.24
582.44
582.47
582.59
582.61
582.82
582.97
583.00
583.13
583.14
583.71
583.97
584.78
585.07
585.14
585.55
585.58
585.88
585.98
586.12
586.54
586.55
586.60
586.73
587.16
587.34
587.44
587.72
588.00
588.24
589.22
589.23
589.32
590.34
590.34
590.99
591.23
591.40
591.63
592.46
592.53
592.99
593.10
593.73
593.75
593.94
594.02
594.19
594.60
594.70
594.81
594.90
595.37
595.39
595.41
595.53
595.55
595.77
595.86
596.48
597.08
597.30
597.36
597.66
597.68
598.06
598.06
598.25
598.32
598.33
598.49
598.53
598.60
598.72
598.75
598.95
599.09
599.31
599.35
599.60
599.63
599.78
600.07
600.18
600.87
601.59
601.76
601.91
602.06
602.14
602.17
602.19
602.76
602.98
603.09
603.18
603.58
603.75
604.36
604.75
605.67
605.78
605.92
605.94
606.48
606.86
607.13
607.98
609.02
609.29
609.58
609.60
609.89
610.14
610.14
610.24
610.28
610.37
610.49
610.58
610.62
610.87
611.02
611.10
611.37
611.38
611.60
611.82
611.89
611.96
612.10
612.18
612.18
612.19
612.52
613.00
613.22
613.27
613.98
614.38
614.50
614.54
615.17
615.43
615.51
615.57
615.72
616.17
616.43
616.65
616.70
616.77
616.77
616.87
616.97
617.28
617.32
618.02
618.26
618.31
618.34
618.68
618.75
619.01
620.33
620.44
620.93
621.01
621.19
621.24
621.33
621.34
621.36
622.58
622.90
623.03
623.51
623.57
623.88
624.02
624.15
625.17
625.42
625.45
625.57
625.69
625.79
626.87
626.87
626.95
626.97
626.97
627.40
627.71
627.91
628.37
628.66
628.78
629.05
629.35
629.72
629.76
629.83
630.27
630.41
630.53
630.56
630.70
630.90
630.93
631.13
632.29
632.53
633.05
633.42
633.72
634.19
634.28
634.52
634.76
634.77
634.86
634.90
635.75
635.82
635.92
636.25
636.45
636.52
636.83
636.83
636.84
636.90
637.07
637.13
637.18
637.64
637.67
638.12
638.14
638.30
638.41
639.13
639.51
639.70
640.00
640.05
640.07
640.19
640.82
640.97
640.99
641.57
641.58
641.79
641.93
642.13
642.63
642.69
642.90
643.27
643.27
643.34
643.51
643.76
644.17
644.19
644.72
644.88
644.90
644.98
645.37
645.45
645.46
645.52
646.05
646.08
646.14
646.43
646.71
646.74
646.75
646.97
647.09
647.14
647.16
647.53
647.72
647.93
648.12
648.21
648.58
648.63
649.44
650.12
650.17
650.41
650.46
651.02
651.10
651.25
651.29
651.39
651.58
651.60
651.62
651.96
652.24
652.63
652.75
653.25
653.53
654.23
654.24
654.41
654.93
654.97
655.18
655.73
655.97
656.09
656.21
656.33
657.03
657.37
657.67
657.73
657.77
657.79
658.04
658.77
659.00
660.91
661.23
661.23
661.45
661.46
661.46
662.23
662.24
662.27
662.67
662.77
663.25
663.30
663.37
663.38
663.71
663.74
663.84
664.01
664.45
664.49
664.65
664.71
664.74
664.78
664.81
665.45
666.05
666.09
666.09
666.16
666.53
667.20
667.40
667.86
668.33
668.56
668.69
668.86
668.97
669.07
669.22
669.24
669.43
669.50
669.91
670.30
670.55
670.73
670.77
670.79
671.47
671.53
671.59
671.68
671.83
672.55
672.72
672.82
672.93
673.32
673.65
673.99
674.10
674.12
674.21
674.30
674.76
674.84
674.84
674.99
675.02
675.03
675.65
675.90
676.36
676.53
676.63
676.66
677.59
677.75
678.27
678.31
679.22
679.30
679.34
679.37
679.42
679.66
679.80
680.28
680.31
680.64
680.91
681.00
681.15
681.52
681.56
681.58
682.07
682.27
682.64
683.77
683.80
684.05
684.45
684.59
684.61
684.75
684.78
684.83
684.94
685.05
685.29
686.06
686.16
686.81
687.22
687.42
687.49
688.15
688.57
688.67
689.06
689.43
689.99
690.02
690.38
690.43
690.46
690.51
690.55
690.98
691.14
691.17
691.25
691.33
691.44
691.46
691.76
691.77
691.84
692.00
692.03
693.01
693.08
693.20
693.22
693.62
693.69
694.04
694.65
694.65
694.66
694.80
694.84
694.98
695.55
695.59
695.74
695.77
695.92
696.00
696.29
696.69
696.92
697.07
697.12
697.22
697.36
697.61
698.63
699.06
699.68
700.25
700.61
700.69
701.23
702.27
702.89
703.05
703.62
703.70
703.75
704.20
704.45
704.58
704.61
704.67
704.71
704.81
705.70
705.93
706.42
706.67
706.70
706.78
706.94
707.14
707.95
708.13
708.19
708.42
708.54
708.61
708.64
708.75
708.87
709.50
710.04
710.40
710.43
710.46
711.12
711.17
711.18
711.23
711.45
711.79
711.87
712.10
712.19
713.26
713.43
714.05
714.11
714.26
714.33
714.37
714.47
714.77
715.03
715.34
715.38
715.43
715.96
716.10
716.13
716.20
716.28
716.47
716.58
716.85
717.11
717.11
717.49
717.66
717.90
718.13
718.14
718.47
719.20
719.70
719.97
719.99
720.22
720.33
720.40
720.66
720.78
720.85
721.86
721.91
721.96
722.03
722.24
722.65
722.88
723.11
723.22
723.91
723.94
724.20
724.31
724.32
724.69
724.93
725.03
725.26
725.29
725.52
725.63
725.93
727.29
727.30
727.48
727.55
727.59
727.81
728.48
728.97
728.99
729.12
729.37
729.49
729.59
729.80
729.94
730.61
730.68
731.55
731.59
731.84
732.84
733.24
733.65
734.94
735.17
735.47
735.66
735.76
736.19
736.91
737.13
737.14
737.58
737.75
737.90
738.31
738.64
738.65
738.68
738.99
739.32
739.74
739.85
739.92
739.95
740.16
740.84
741.35
742.23
742.75
742.79
742.82
743.18
743.19
743.64
744.50
744.90
745.22
745.33
745.55
745.55
745.95
746.13
746.21
746.97
747.56
747.76
748.38
748.73
749.27
749.49
750.32
751.05
751.08
751.41
751.70
751.97
752.18
752.37
752.60
752.70
752.75
752.97
753.01
753.15
753.26
753.51
753.54
753.57
753.83
754.55
754.59
755.44
755.69
755.77
755.99
756.17
756.35
756.43
756.72
757.08
757.21
757.37
757.78
758.07
758.57
758.57
758.95
758.99
759.22
759.39
759.49
759.56
760.39
760.54
760.84
760.95
761.02
761.26
761.33
761.33
761.96
762.64
762.66
762.69
763.17
763.52
764.11
764.79
764.97
765.82
765.92
766.73
766.81
766.84
766.84
767.54
767.71
767.91
768.32
768.44
768.54
768.61
768.77
769.15
769.20
769.21
769.55
769.70
770.00
770.12
770.75
770.95
771.26
771.37
771.96
772.03
772.20
772.31
772.72
772.92
772.97
773.06
773.40
774.04
774.12
774.15
774.20
774.40
774.51
774.62
774.74
774.83
774.92
775.19
775.30
775.61
775.87
776.43
776.77
776.85
777.18
777.33
777.37
777.42
777.54
777.79
777.86
777.99
778.38
779.22
779.22
779.27
779.47
779.56
779.59
779.67
779.74
780.18
780.43
780.83
781.33
781.98
782.09
782.12
782.14
782.31
782.60
783.00
783.87
784.06
784.26
784.51
784.81
785.42
785.50
785.80
786.06
786.19
786.51
786.87
787.03
787.21
787.43
787.93
788.59
788.96
789.38
789.89
790.03
790.05
790.13
790.44
790.48
790.53
791.71
791.88
791.96
792.02
792.14
792.23
792.27
792.37
792.55
792.61
792.64
792.85
793.55
793.65
794.33
794.50
794.61
794.68
794.79
795.04
795.69
795.81
796.62
798.17
798.26
798.57
798.98
799.49
799.92
800.70
800.89
800.93
801.13
801.48
802.01
802.22
802.84
803.00
803.66
804.20
804.43
804.73
805.11
805.42
806.12
806.28
806.34
807.03
807.32
807.36
808.26
808.44
808.83
809.40
809.60
809.98
810.07
810.62
811.58
811.95
812.03
812.16
812.28
812.42
812.44
812.49
812.60
812.63
812.93
812.99
813.29
813.45
813.45
813.56
813.57
813.63
814.08
814.29
814.69
814.74
814.76
814.93
815.31
815.50
816.05
816.30
816.73
816.89
816.93
817.12
817.14
817.61
817.64
819.20
819.47
819.48
819.61
820.73
820.74
821.34
821.47
822.12
822.12
822.68
822.76
823.50
823.65
824.13
824.45
824.48
824.89
825.04
825.57
825.77
825.84
825.99
826.19
826.20
826.20
826.40
826.83
827.47
827.73
827.91
827.97
828.00
828.15
828.64
828.77
829.38
829.40
829.68
829.89
830.11
830.16
830.22
830.32
830.49
830.97
830.97
831.30
831.86
832.00
832.60
832.89
833.40
833.54
833.72
834.05
834.16
834.52
834.60
835.34
835.45
835.77
835.83
835.92
836.11
836.22
836.67
836.78
836.82
836.97
837.19
837.19
837.62
837.65
837.67
837.70
837.78
837.87
838.15
838.27
838.39
838.75
838.95
839.13
839.17
839.99
840.68
840.78
841.17
841.31
841.39
841.40
841.40
841.45
841.67
842.41
842.64
842.78
843.40
843.43
843.65
843.80
843.91
844.20
844.23
844.48
844.63
844.96
845.06
845.27
845.56
845.74
845.87
846.09
846.16
846.28
846.81
849.36
849.83
850.85
850.89
852.41
852.42
852.72
852.88
853.00
853.33
853.81
854.09
854.19
854.69
855.17
855.71
855.84
855.94
856.04
856.23
856.40
856.52
856.73
856.91
857.23
857.41
857.65
858.41
858.45
858.64
859.23
859.46
860.85
861.52
862.84
862.93
863.08
863.16
863.17
863.27
863.35
863.52
863.81
863.83
864.67
865.25
865.32
865.51
865.62
865.81
865.84
866.39
866.43
866.55
866.72
867.35
867.83
868.15
868.26
868.46
868.99
869.02
869.19
869.87
869.93
870.11
870.12
870.45
870.61
870.76
872.20
872.40
872.56
873.00
873.21
873.41
873.51
873.79
874.47
874.85
875.95
875.97
876.31
876.44
876.62
876.64
877.47
878.53
878.73
879.24
879.28
879.37
879.74
880.49
880.50
881.99
882.20
883.75
883.78
884.27
884.51
884.58
884.83
884.98
885.30
885.33
886.02
886.04
886.30
886.88
887.41
888.00
888.02
888.18
888.38
888.52
888.73
888.97
888.99
889.06
889.52
889.60
889.98
890.29
890.37
891.05
891.14
891.51
891.62
892.22
892.58
892.68
892.82
893.18
893.27
894.07
894.41
894.49
894.81
894.85
895.12
895.20
895.22
895.32
895.33
895.72
895.93
896.15
897.06
897.37
897.51
897.68
897.92
898.71
898.73
898.95
899.38
899.65
899.84
899.95
900.06
900.26
900.33
900.84
900.90
900.93
900.94
901.32
902.02
902.04
903.23
903.40
904.02
904.39
905.15
905.23
905.97
906.17
906.88
907.26
907.72
908.42
908.63
908.78
908.92
908.99
909.15
909.25
909.36
909.36
909.51
910.07
910.60
910.63
910.80
911.00
911.11
912.20
913.00
913.52
913.73
914.10
914.80
915.16
915.44
915.50
916.93
917.29
917.94
918.11
918.68
918.69
918.71
918.90
919.32
919.79
919.82
920.44
920.44
920.58
920.72
920.93
921.13
921.59
921.75
921.88
921.91
922.17
922.39
922.58
922.91
923.32
924.52
924.99
925.02
925.13
925.49
925.75
926.19
926.52
926.52
926.83
926.90
927.61
927.80
928.28
928.52
928.97
929.04
929.11
929.28
929.42
929.92
929.99
930.29
930.63
931.17
931.32
931.56
931.94
932.06
932.15
932.21
932.77
932.77
932.90
933.03
933.11
933.24
933.31
933.99
934.07
934.27
934.87
935.32
935.54
935.60
935.68
936.45
937.15
937.22
937.98
938.04
938.44
938.79
940.57
940.60
940.64
940.83
940.94
941.65
941.77
942.38
942.64
942.68
942.89
943.20
943.50
943.62
943.67
944.85
945.09
946.15
946.23
946.42
946.60
946.65
947.12
947.13
948.22
948.82
948.99
950.18
950.39
950.39
950.97
952.07
952.18
953.04
953.05
953.08
953.83
954.15
954.20
954.26
954.67
954.68
955.05
955.18
955.50
956.01
956.33
956.41
956.57
956.85
957.56
958.21
958.23
958.64
959.18
959.49
960.42
960.58
960.60
960.62
961.10
961.36
961.38
961.49
961.52
961.69
962.10
962.40
963.15
963.25
963.39
963.83
964.07
965.41
965.92
966.00
966.11
968.22
968.22
968.68
968.69
969.59
969.81
970.16
971.42
971.53
972.43
972.88
975.10
975.43
976.14
976.67
976.75
977.72
978.15
978.32
978.39
979.69
980.04
980.15
980.34
981.62
981.70
982.20
982.81
982.92
983.21
983.25
984.06
984.07
984.17
984.27
984.30
984.81
986.13
986.29
986.79
986.85
986.89
986.97
987.29
987.74
987.90
988.34
989.94
990.20
990.44
990.52
990.93
991.13
992.37
992.48
992.71
993.09
993.69
993.77
995.27
995.54
995.66
995.73
995.90
996.70
997.13
997.65
997.86
998.86
999.39
999.69
999.70
999.86
1000.54
1001.26
1001.54
1002.23
1002.43
1003.36
1003.50
1003.55
1003.79
1003.88
1004.32
1005.00
1005.44
1005.63
1005.69
1005.82
1005.94
1006.46
1006.78
1007.01
1007.11
1007.19
1007.55
1008.03
1008.05
1009.72
1010.30
1010.49
1011.38
1011.70
1011.81
1012.12
1012.24
1012.37
1012.63
1012.95
1013.19
1013.38
1014.32
1014.56
1014.62
1014.71
1014.89
1016.21
1016.39
1016.43
1016.62
1016.64
1016.68
1016.72
1017.46
1017.74
1017.77
1018.13
1018.14
1018.60
1019.99
1020.30
1020.56
1021.10
1021.96
1021.97
1022.82
1023.37
1023.56
1024.10
1024.28
1024.71
1025.30
1025.31
1025.59
1025.68
1026.05
1026.82
1027.20
1027.41
1027.45
1027.92
1028.30
1028.30
1028.84
1030.00
1030.14
1030.54
1030.57
1030.63
1030.73
1032.00
1032.45
1032.61
1032.95
1033.51
1033.55
1034.57
1034.58
1034.78
1034.93
1035.71
1035.73
1036.20
1036.45
1037.45
1037.55
1038.52
1038.53
1038.70
1039.41
1040.46
1040.52
1040.68
1041.48
1042.29
1042.39
1042.73
1043.15
1043.64
1044.21
1044.29
1044.65
1045.70
1045.93
1045.94
1045.95
1045.98
1046.06
1047.86
1048.06
1048.49
1048.75
1049.11
1049.57
1050.23
1050.23
1050.25
1050.28
1050.31
1050.61
1050.74
1051.02
1052.14
1052.20
1052.49
1053.56
1053.59
1053.66
1055.07
1055.16
1055.51
1055.65
1056.37
1056.52
1056.54
1057.47
1057.59
1058.02
1058.94
1058.97
1059.63
1060.14
1061.08
1061.64
1061.77
1062.01
1062.70
1062.89
1063.06
1063.51
1063.57
1063.66
1063.80
1064.11
1064.11
1064.17
1065.03
1065.24
1065.69
1065.82
1066.00
1067.39
1068.00
1068.55
1068.62
1068.65
1069.42
1069.44
1069.62
1070.00
1070.47
1070.80
1072.00
1072.09
1072.64
1073.54
1074.02
1074.19
1074.26
1075.15
1076.00
1076.18
1076.40
1076.92
1077.40
1077.59
1077.66
1077.85
1078.29
1078.69
1079.04
1079.30
1079.38
1079.58
1080.94
1081.18
1081.22
1081.96
1083.03
1083.07
1083.46
1084.60
1084.72
1085.06
1085.47
1086.30
1086.35
1086.59
1086.85
1087.38
1087.74
1088.39
1088.87
1088.87
1089.32
1089.42
1089.86
1090.30
1090.35
1091.18
1091.40
1091.75
1092.09
1093.31
1094.28
1094.35
1094.47
1094.52
1095.06
1095.15
1096.15
1096.40
1096.40
1096.72
1096.82
1097.04
1097.08
1097.20
1097.57
1098.26
1098.77
1098.81
1098.90
1099.10
1099.23
1099.50
1100.08
1100.27
1100.33
1100.98
1101.04
1102.24
1102.42
1102.70
1103.53
1103.65
1104.15
1104.31
1105.47
1105.77
1106.25
1106.40
1106.83
1106.94
1107.13
1107.18
1107.20
1107.73
1108.26
1109.22
1109.61
1109.82
1109.87
1110.00
1110.48
1110.78
1110.95
1112.54
1112.80
1113.52
1113.67
1113.88
1114.77
1114.89
1115.27
1115.54
1115.88
1115.89
1115.95
1116.21
1116.43
1116.66
1118.89
1118.93
1119.08
1119.81
1120.46
1121.82
1122.47
1122.49
1123.40
1123.60
1124.25
1124.52
1124.54
1125.39
1125.54
1125.76
1125.84
1126.15
1126.77
1126.81
1127.06
1127.23
1127.78
1128.66
1130.12
1130.48
1132.51
1133.15
1133.41
1134.10
1135.78
1136.59
1137.22
1137.38
1137.49
1137.70
1138.10
1138.61
1139.08
1139.43
1139.57
1139.78
1139.92
1139.93
1140.04
1140.21
1140.29
1140.35
1140.66
1142.16
1142.72
1142.76
1143.11
1143.31
1143.37
1143.50
1143.52
1143.83
1143.92
1144.01
1144.09
1144.33
1145.49
1145.68
1146.27
1146.88
1146.98
1148.13
1148.26
1148.77
1149.18
1149.53
1149.56
1151.27
1151.29
1153.00
1153.41
1153.50
1154.57
1156.16
1156.39
1156.66
1158.91
1159.57
1159.97
1160.00
1160.21
1160.36
1161.01
1161.72
1162.21
1162.21
1162.53
1163.10
1163.33
1163.37
1163.67
1163.84
1164.45
1165.32
1165.87
1166.66
1167.49
1169.42
1169.66
1169.95
1169.97
1171.30
1171.93
1172.08
1172.59
1172.79
1173.42
1173.87
1173.87
1173.97
1174.24
1174.51
1175.44
1175.89
1175.96
1176.58
1176.77
1176.86
1177.00
1177.17
1177.73
1178.93
1179.40
1180.23
1180.55
1180.66
1181.39
1181.63
1181.85
1182.23
1182.27
1182.41
1182.44
1183.33
1183.51
1183.82
1184.03
1184.39
1184.40
1185.50
1185.98
1186.81
1187.17
1187.71
1188.13
1188.42
1188.92
1189.41
1190.58
1191.24
1191.98
1192.25
1192.45
1192.74
1192.80
1192.95
1193.03
1193.05
1193.22
1194.31
1194.53
1194.89
1195.02
1195.43
1196.78
1197.39
1198.05
1198.80
1199.19
1200.06
1201.92
1202.18
1202.61
1203.02
1203.63
1203.82
1204.53
1205.05
1205.51
1205.75
1206.05
1206.59
1207.14
1207.22
1208.19
1208.82
1208.85
1209.01
1210.15
1210.50
1210.74
1211.24
1211.75
1211.80
1212.30
1212.64
1213.52
1214.72
1214.75
1215.73
1215.89
1216.07
1217.06
1217.16
1217.56
1218.61
1218.90
1219.28
1219.65
1220.46
1220.64
1221.03
1221.07
1221.46
1221.69
1222.52
1222.73
1222.96
1223.22
1223.71
1223.78
1224.24
1224.51
1224.55
1224.63
1224.64
1226.06
1226.19
1226.88
1227.31
1228.31
1228.69
1229.56
1229.76
1230.71
1231.28
1231.55
1232.35
1233.06
1233.98
1234.10
1234.46
1235.74
1235.99
1236.09
1236.23
1237.40
1237.51
1237.55
1237.91
1238.11
1238.31
1238.51
1239.61
1240.32
1240.59
1240.82
1240.87
1241.38
1241.56
1241.92
1242.68
1243.60
1244.07
1244.33
1245.59
1245.78
1246.71
1246.75
1246.85
1247.58
1247.59
1247.59
1249.03
1249.18
1249.95
1250.01
1250.25
1250.51
1250.52
1250.72
1250.74
1251.77
1251.88
1252.23
1253.91
1254.23
1255.14
1255.62
1255.88
1256.79
1257.45
1258.41
1258.45
1258.98
1259.02
1259.59
1259.76
1260.33
1260.52
1261.75
1262.08
1262.13
1262.28
1262.43
1263.26
1263.74
1264.06
1264.39
1264.51
1265.11
1265.18
1265.23
1265.33
1265.48
1266.30
1266.53
1266.62
1266.90
1267.52
1268.81
1268.99
1269.55
1269.98
1270.65
1270.85
1270.89
1271.35
1271.49
1271.60
1273.52
1273.58
1273.60
1273.78
1273.90
1274.07
1274.37
1274.95
1276.62
1277.21
1278.64
1278.90
1279.88
1279.92
1280.04
1281.89
1282.43
1283.27
1283.28
1283.60
1283.67
1284.48
1284.89
1284.98
1285.32
1285.77
1287.20
1287.69
1288.93
1289.03
1289.17
1289.68
1290.23
1291.08
1291.55
1292.17
1292.32
1293.16
1293.29
1293.47
1293.58
1293.61
1293.62
1293.92
1294.10
1295.71
1296.03
1296.16
1296.29
1296.36
1296.75
1297.02
1297.21
1297.62
1297.86
1297.94
1298.07
1298.18
1298.31
1298.70
1299.32
1300.09
1300.84
1301.05
1301.74
1301.98
1302.54
1303.38
1303.42
1303.42
1303.80
1303.91
1303.95
1304.16
1305.08
1305.17
1305.52
1306.68
1307.39
1310.02
1310.33
1310.94
1310.96
1310.97
1311.27
1312.52
1312.56
1312.56
1312.73
1313.20
1313.21
1313.45
1313.47
1313.53
1313.75
1315.32
1315.53
1315.74
1316.02
1318.11
1318.84
1319.12
1320.25
1320.31
1322.17
1323.03
1323.63
1323.64
1324.76
1324.90
1325.06
1325.66
1325.69
1326.18
1326.24
1327.33
1327.86
1328.43
1328.61
1328.92
1329.15
1329.24
1330.00
1330.06
1330.49
1330.49
1330.59
1330.72
1330.89
1331.14
1331.79
1331.93
1331.99
1332.64
1332.80
1333.57
1333.92
1334.15
1335.62
1335.62
1337.07
1337.10
1338.01
1339.08
1340.01
1341.98
1344.25
1344.41
1344.66
1346.40
1346.59
1346.73
1346.75
1346.78
1346.96
1347.00
1347.50
1347.67
1348.33
1349.51
1349.54
1349.96
1350.68
1351.53
1352.70
1352.86
1352.93
1353.44
1353.62
1353.74
1354.34
1354.73
1354.76
1355.31
1355.70
1355.94
1356.05
1356.88
1357.02
1360.48
1360.83
1361.46
1361.67
1361.91
1362.04
1362.42
1362.94
1363.35
1363.40
1363.42
1363.84
1364.13
1364.15
1364.58
1364.66
1365.48
1368.58
1369.38
1369.46
1370.17
1370.36
1370.58
1371.37
1371.43
1371.56
1372.44
1372.48
1373.21
1374.15
1374.71
1374.91
1375.26
1376.23
1376.86
1376.96
1377.68
1378.78
1378.90
1379.11
1379.64
1380.42
1381.77
1382.78
1383.14
1383.52
1383.53
1383.58
1383.64
1383.70
1384.56
1385.45
1385.75
1386.45
1386.68
1386.78
1386.95
1387.34
1388.27
1390.19
1392.51
1392.90
1393.30
1394.26
1394.31
1394.47
1394.88
1395.00
1395.30
1395.47
1395.65
1396.30
1396.57
1396.81
1397.76
1397.86
1398.48
1398.93
1399.07
1399.84
1399.91
1400.55
1401.08
1401.32
1403.95
1404.02
1405.68
1405.96
1405.97
1406.98
1407.92
1408.30
1409.32
1411.20
1411.47
1413.75
1413.87
1414.06
1414.41
1414.56
1414.62
1414.81
1415.40
1415.60
1416.61
1417.70
1417.81
1418.62
1419.13
1419.56
1419.97
1420.51
1420.73
1421.17
1421.47
1421.59
1421.82
1423.34
1423.64
1423.87
1424.04
1424.19
1424.84
1424.95
1426.03
1426.40
1428.73
1428.90
1428.99
1429.24
1429.75
1429.84
1430.00
1430.09
1430.31
1430.77
1431.44
1432.91
1433.00
1433.85
1434.60
1434.68
1435.00
1435.55
1438.45
1439.50
1439.78
1440.85
1441.54
1442.18
1442.27
1442.83
1443.05
1444.15
1445.07
1445.61
1445.69
1446.02
1446.66
1447.51
1447.52
1447.70
1448.14
1449.97
1450.05
1450.16
1450.19
1450.68
1453.43
1454.01
1454.04
1454.13
1454.35
1454.92
1455.01
1455.17
1455.52
1455.74
1456.83
1457.06
1457.60
1458.55
1459.29
1459.82
1459.87
1459.89
1460.39
1461.07
1461.37
1461.55
1461.93
1462.64
1462.91
1463.97
1464.68
1465.90
1465.97
1466.19
1466.22
1466.27
1466.73
1468.98
1469.57
1469.82
1470.14
1470.73
1471.02
1472.69
1474.03
1474.99
1475.10
1475.24
1475.62
1476.44
1477.00
1477.33
1477.35
1478.90
1479.00
1479.06
1479.16
1479.29
1479.64
1480.21
1480.52
1480.68
1480.73
1481.11
1481.96
1482.30
1483.02
1483.15
1483.26
1483.52
1483.66
1483.95
1483.95
1485.51
1485.51
1486.81
1488.02
1489.23
1490.16
1490.23
1490.58
1491.08
1491.32
1491.40
1491.71
1491.84
1492.06
1492.47
1492.90
1493.37
1493.49
1494.41
1495.10
1495.65
1495.67
1497.16
1498.07
1498.13
1498.60
1498.60
1498.86
1500.13
1501.10
1501.20
1501.83
1502.30
1502.90
1503.46
1503.70
1503.91
1504.29
1504.58
1505.26
1505.36
1505.75
1506.42
1506.63
1509.06
1510.31
1510.83
1513.43
1514.26
1514.35
1515.85
1516.02
1516.36
1516.63
1517.33
1517.40
1518.58
1519.12
1519.37
1519.78
1520.21
1521.80
1522.82
1522.84
1522.91
1522.97
1523.17
1524.33
1525.12
1525.35
1525.99
1527.03
1528.11
1528.19
1528.37
1528.42
1530.11
1530.64
1531.27
1531.91
1532.81
1533.03
1533.31
1533.87
1534.22
1535.38
1536.98
1537.66
1537.89
1538.14
1538.36
1538.81
1539.24
1539.52
1540.06
1540.56
1540.61
1540.89
1541.46
1541.72
1542.56
1543.26
1543.43
1543.46
1543.53
1543.89
1543.89
1544.21
1544.40
1544.53
1545.13
1547.31
1547.54
1547.96
1548.11
1548.38
1549.80
1550.24
1550.98
1550.98
1551.28
1552.15
1553.60
1553.88
1553.95
1554.32
1554.57
1555.14
1555.73
1555.95
1556.49
1556.74
1556.98
1557.27
1557.69
1558.13
1558.97
1559.31
1559.44
1559.76
1560.18
1560.44
1560.69
1560.77
1562.04
1562.53
1562.58
1564.05
1564.97
1565.68
1566.15
1568.22
1569.92
1572.37
1572.59
1573.30
1573.78
1573.85
1574.21
1574.67
1574.82
1575.25
1575.33
1575.38
1575.69
1576.18
1576.34
1576.44
1576.71
1577.38
1578.61
1578.81
1579.75
1579.97
1580.83
1581.36
1581.96
1582.23
1582.42
1582.45
1583.76
1584.00
1586.09
1586.16
1586.66
1586.96
1587.53
1589.23
1590.09
1591.06
1591.25
1592.71
1592.92
1593.21
1594.66
1594.95
1595.81
1595.87
1595.94
1596.14
1598.22
1598.48
1598.54
1599.05
1599.25
1599.44
1599.58
1599.79
1600.67
1601.18
1601.18
1602.51
1603.64
1604.40
1605.51
1607.09
1607.49
1609.06
1610.28
1611.13
1611.88
1612.55
1612.63
1613.91
1613.91
1614.75
1615.41
1615.76
1616.37
1616.53
1618.10
1618.28
1619.59
1619.91
1620.63
1620.89
1622.03
1622.08
1623.00
1623.54
1624.00
1624.28
1624.81
1625.00
1625.44
1627.92
1630.58
1630.72
1630.97
1632.01
1632.22
1632.33
1633.34
1634.36
1635.28
1635.97
1636.13
1636.15
1636.47
1636.56
1637.48
1638.77
1640.33
1640.79
1640.94
1641.04
1641.22
1641.22
1642.13
1642.18
1642.48
1642.80
1643.09
1643.30
1644.05
1644.05
1645.97
1647.36
1648.29
1650.02
1650.27
1650.37
1650.66
1651.50
1651.87
1652.61
1652.79
1653.59
1654.40
1654.91
1655.85
1656.42
1656.47
1657.42
1657.67
1657.82
1658.11
1658.64
1659.18
1659.22
1660.17
1660.39
1660.69
1661.30
1661.32
1661.93
1662.90
1663.15
1664.40
1664.72
1664.81
1664.83
1666.81
1666.88
1667.08
1667.32
1667.53
1667.55
1667.89
1669.32
1669.84
1670.86
1673.46
1674.77
1675.27
1675.78
1675.78
1676.51
1676.90
1677.16
1677.65
1679.43
1679.46
1680.16
1680.36
1680.39
1682.25
1683.56
1683.80
1686.27
1686.59
1687.41
1688.21
1688.52
1688.90
1688.98
1690.20
1690.40
1690.68
1692.84
1693.31
1693.33
1693.46
1696.12
1696.80
1698.36
1698.64
1699.33
1699.41
1699.85
1700.35
1701.84
1702.96
1703.77
1703.79
1705.39
1705.39
1705.45
1705.56
1705.63
1706.08
1706.67
1706.78
1707.35
1707.54
1709.14
1709.31
1711.36
1711.68
1711.90
1712.03
1712.49
1713.01
1714.35
1714.61
1714.94
1716.07
1716.22
1716.26
1717.49
1717.93
1718.21
1718.77
1718.99
1719.01
1719.79
1720.22
1722.68
1724.13
1724.56
1725.05
1726.19
1728.35
1728.60
1728.84
1729.70
1729.93
1730.21
1730.32
1730.52
1730.56
1730.96
1731.05
1731.10
1731.31
1732.90
1734.65
1734.99
1735.59
1736.94
1737.17
1737.90
1738.82
1739.97
1743.83
1744.89
1745.04
1745.08
1745.13
1745.29
1745.89
1747.25
1748.04
1748.95
1749.16
1749.18
1750.71
1751.43
1751.55
1753.22
1754.05
1754.15
1754.47
1755.04
1756.92
1757.34
1757.41
1757.79
1757.93
1758.78
1759.14
1759.45
1759.77
1761.52
1761.87
1762.69
1763.39
1764.94
1765.28
1765.55
1766.28
1766.96
1768.80
1768.82
1768.95
1769.22
1770.12
1770.49
1771.87
1771.90
1771.96
1772.06
1772.77
1772.88
1774.97
1775.20
1776.32
1776.72
1778.05
1778.07
1778.28
1779.86
1781.92
1781.94
1782.27
1786.09
1786.13
1787.35
1788.12
1789.51
1790.77
1790.83
1791.14
1791.32
1791.37
1791.47
1792.54
1792.61
1793.27
1795.25
1795.27
1795.35
1795.64
1797.47
1797.68
1797.94
1799.22
1799.81
1801.01
1801.03
1802.44
1802.77
1803.26
1803.59
1804.15
1804.68
1805.21
1806.85
1807.63
1809.47
1811.94
1812.68
1813.86
1815.73
1816.75
1817.54
1818.30
1818.42
1818.66
1820.96
1821.41
1827.43
1828.54
1828.84
1829.89
1829.93
1831.41
1831.63
1831.93
1832.09
1832.19
1832.38
1832.96
1834.27
1835.34
1835.42
1836.25
1836.83
1841.05
1841.27
1841.35
1842.68
1843.50
1843.98
1844.60
1846.59
1846.69
1846.95
1848.43
1848.47
1851.30
1851.64
1851.66
1852.28
1857.54
1857.56
1857.82
1860.33
1860.65
1861.02
1862.39
1862.89
1863.27
1863.78
1866.24
1866.48
1867.67
1868.54
1870.50
1870.87
1872.67
1874.23
1874.37
1874.64
1874.64
1876.38
1876.89
1877.89
1878.72
1879.45
1880.04
1880.47
1880.63
1880.67
1881.14
1881.40
1882.14
1885.17
1885.89
1887.32
1888.24
1888.91
1890.30
1890.67
1892.53
1893.37
1893.39
1893.41
1894.87
1895.07
1895.42
1895.56
1898.09
1898.66
1899.16
1900.72
1900.92
1903.00
1903.25
1905.21
1905.64
1906.18
1906.55
1906.94
1908.26
1909.00
1909.02
1910.47
1911.69
1912.04
1912.06
1912.56
1912.66
1912.91
1913.04
1913.80
1915.71
1916.58
1917.28
1917.53
1917.95
1919.44
1920.48
1920.71
1921.00
1921.35
1923.10
1925.31
1925.97
1926.12
1926.75
1926.87
1927.87
1929.42
1929.90
1930.50
1931.40
1932.17
1932.28
1932.99
1933.18
1934.89
1936.53
1936.99
1937.01
1937.68
1938.18
1939.63
1939.95
1940.24
1941.84
1942.02
1942.26
1942.36
1942.47
1942.72
1943.18
1944.13
1944.69
1945.56
1947.68
1949.43
1949.62
1949.96
1950.43
1951.14
1952.62
1953.45
1953.57
1953.64
1953.76
1954.40
1954.95
1955.60
1956.53
1959.71
1960.29
1960.71
1961.09
1961.09
1962.94
1963.51
1964.77
1966.49
1967.68
1968.53
1969.32
1970.17
1971.32
1971.79
1972.71
1972.86
1973.80
1976.06
1976.13
1976.19
1976.68
1976.77
1976.77
1977.01
1977.13
1978.53
1978.65
1980.13
1981.20
1981.74
1982.68
1983.18
1983.65
1985.04
1985.39
1985.62
1986.63
1987.34
1987.64
1988.10
1988.59
1990.53
1990.57
1990.85
1991.24
1991.95
1992.38
1993.22
1993.50
1994.73
1994.95
1994.99
1996.09
1997.89
1998.60
1998.82
1998.84
1999.49
2003.02
2004.62
2007.92
2007.98
2011.90
2013.40
2013.75
2016.04
2016.15
2018.83
2019.36
2019.79
2021.37
2021.72
2022.59
2024.04
2025.18
2025.88
2027.98
2028.16
2028.51
2029.76
2031.56
2031.70
2032.47
2033.54
2033.87
2034.40
2034.60
2034.75
2034.86
2035.37
2036.16
2037.13
2038.10
2039.56
2041.77
2041.88
2042.61
2042.81
2042.89
2042.98
2043.03
2043.05
2043.25
2043.25
2043.42
2044.24
2045.79
2046.08
2046.34
2047.19
2047.23
2048.78
2049.42
2050.36
2051.93
2052.00
2052.86
2053.78
2053.91
2054.00
2055.04
2056.27
2057.82
2059.09
2059.12
2059.38
2060.21
2060.21
2060.70
2062.04
2065.81
2068.00
2068.07
2068.25
2070.29
2071.94
2073.38
2073.42
2073.92
2078.16
2078.79
2079.11
2080.32
2082.44
2088.08
2088.55
2089.57
2089.66
2089.80
2090.48
2090.68
2090.77
2090.88
2090.91
2092.15
2095.39
2096.09
2096.32
2096.66
2097.23
2098.95
2099.07
2099.91
2100.18
2100.25
2100.29
2102.84
2102.91
2103.00
2103.02
2103.91
2104.30
2105.02
2105.05
2105.62
2106.78
2107.33
2107.49
2107.67
2108.49
2109.20
2109.24
2109.93
2112.19
2112.37
2112.76
2113.67
2114.89
2116.92
2117.13
2118.07
2118.64
2118.99
2119.65
2120.11
2120.50
2121.53
2124.13
2125.26
2125.28
2125.95
2126.43
2138.70
2139.47
2139.49
2140.28
2140.37
2142.71
2143.06
2143.71
2144.06
2144.66
2144.98
2145.59
2147.35
2147.54
2147.72
2148.17
2148.17
2148.42
2148.65
2148.93
2149.63
2149.72
2152.24
2152.70
2153.12
2153.45
2153.68
2153.87
2154.80
2154.99
2155.36
2158.84
2159.07
2159.30
2159.33
2159.33
2159.59
2159.84
2161.64
2162.67
2166.70
2166.86
2167.12
2167.43
2168.06
2169.26
2172.83
2174.52
2174.52
2174.85
2175.06
2175.49
2175.82
2176.33
2177.42
2177.44
2179.09
2180.51
2180.95
2181.14
2181.38
2181.94
2182.46
2183.60
2185.56
2187.00
2187.07
2189.89
2190.46
2190.77
2192.69
2192.88
2193.99
2194.16
2194.75
2195.11
2196.46
2196.58
2196.99
2197.25
2199.48
2200.08
2201.22
2202.06
2202.80
2203.32
2203.96
2205.75
2207.81
2207.88
2208.24
2209.02
2209.77
2211.58
2213.36
2217.77
2217.98
2218.01
2220.82
2220.89
2221.03
2221.18
2222.57
2223.00
2223.29
2223.60
2224.81
2224.95
2225.05
2225.19
2225.96
2226.47
2226.54
2227.77
2229.36
2230.64
2231.12
2232.52
2232.64
2236.73
2237.36
2238.50
2239.54
2240.15
2241.04
2241.19
2245.24
2245.63
2247.19
2249.94
2252.88
2254.25
2255.52
2256.42
2259.52
2260.26
2261.09
2261.31
2261.41
2262.43
2263.07
2263.73
2264.44
2264.88
2267.83
2268.19
2269.40
2271.24
2272.22
2272.30
2274.19
2279.02
2279.36
2279.76
2280.15
2280.84
2282.47
2282.77
2284.23
2285.26
2286.90
2287.32
2287.96
2288.31
2289.62
2289.82
2290.09
2291.60
2292.10
2292.45
2293.81
2294.16
2294.85
2294.95
2295.03
2296.37
2296.54
2297.29
2300.92
2301.29
2301.49
2301.99
2303.36
2309.68
2310.48
2313.95
2313.95
2314.38
2315.33
2315.41
2316.31
2317.71
2319.12
2319.19
2319.52
2319.52
2319.79
2319.87
2320.22
2321.30
2322.51
2324.42
2324.72
2325.05
2325.17
2325.45
2326.38
2328.75
2330.08
2330.81
2332.00
2332.35
2332.63
2333.01
2333.69
2333.89
2334.78
2335.03
2335.94
2336.57
2338.09
2338.09
2338.24
2338.62
2339.30
2339.48
2339.73
2340.62
2340.77
2342.14
2342.39
2342.62
2345.28
2348.58
2348.71
2349.09
2351.66
2353.19
2353.72
2354.77
2355.07
2355.10
2355.48
2357.85
2358.64
2359.59
2360.61
2363.96
2364.62
2364.83
2365.88
2368.26
2369.05
2369.10
2372.44
2372.77
2373.75
2373.77
2374.65
2375.37
2375.39
2378.09
2378.56
2379.10
2381.47
2383.66
2384.79
2384.82
2385.23
2385.54
2386.00
2388.61
2392.52
2392.96
2393.11
2393.97
2394.38
2394.54
2397.18
2397.78
2397.78
2398.09
2399.44
2399.47
2399.96
2400.04
2400.30
2400.58
2402.90
2403.42
2404.04
2404.69
2405.11
2406.04
2410.87
2410.89
2410.89
2412.56
2412.98
2413.89
2414.91
2415.43
2416.87
2417.68
2420.72
2427.04
2427.49
2427.93
2428.64
2429.46
2430.17
2430.32
2435.59
2435.67
2436.27
2439.20
2441.79
2442.42
2442.48
2443.11
2444.57
2445.02
2445.33
2447.21
2447.98
2448.51
2450.26
2450.82
2451.98
2453.42
2453.84
2454.64
2454.80
2455.54
2457.27
2459.85
2459.87
2460.19
2461.55
2461.85
2462.80
2463.28
2464.59
2465.36
2467.42
2468.99
2469.05
2471.59
2472.15
2472.63
2472.82
2474.48
2474.56
2475.71
2476.19
2477.77
2477.83
2478.42
2478.47
2478.95
2481.58
2482.33
2483.62
2486.96
2489.78
2490.32
2490.67
2491.70
2492.94
2494.69
2494.96
2495.48
2497.77
2498.18
2498.77
2505.76
2505.78
2506.54
2507.55
2508.79
2509.04
2510.51
2511.21
2511.37
2512.14
2512.35
2515.73
2517.99
2523.39
2524.34
2524.40
2525.60
2526.56
2528.47
2528.83
2532.11
2533.70
2534.52
2534.77
2534.80
2535.46
2536.06
2536.31
2536.72
2537.05
2538.89
2539.71
2539.96
2540.62
2542.08
2544.17
2544.22
2544.52
2544.66
2549.68
2553.07
2554.23
2554.32
2554.93
2555.98
2557.28
2557.61
2559.19
2561.98
2562.62
2564.29
2565.70
2566.87
2567.59
2567.76
2570.20
2571.98
2572.32
2574.46
2574.46
2575.24
2576.05
2577.42
2577.83
2578.00
2578.70
2585.40
2586.16
2586.61
2588.96
2589.41
2590.61
2590.70
2592.91
2594.37
2595.02
2596.28
2596.34
2596.36
2597.07
2597.35
2597.85
2599.29
2600.05
2600.89
2602.92
2603.57
2603.96
2604.27
2604.44
2605.71
2607.60
2608.50
2608.61
2608.90
2610.00
2610.73
2611.69
2614.32
2615.17
2617.21
2620.32
2620.72
2621.40
2621.63
2624.78
2625.03
2626.40
2627.36
2628.73
2629.95
2630.47
2632.29
2632.63
2632.89
2633.68
2633.74
2634.17
2635.85
2636.36
2638.96
2640.07
2641.02
2641.96
2642.79
2644.79
2647.22
2647.86
2649.09
2650.00
2650.38
2653.45
2655.29
2658.13
2658.51
2660.20
2661.67
2662.59
2662.59
2668.39
2671.11
2671.37
2671.83
2675.30
2675.96
2679.01
2680.25
2680.37
2680.75
2681.27
2681.50
2682.02
2682.43
2682.57
2684.90
2685.30
2691.59
2693.57
2695.43
2695.75
2696.10
2696.46
2697.04
2698.67
2698.88
2699.14
2699.72
2701.77
2702.33
2702.33
2703.47
2704.58
2704.67
2704.93
2705.87
2706.39
2706.48
2708.33
2708.36
2708.38
2709.41
2709.44
2709.47
2710.32
2711.14
2712.08
2712.43
2714.31
2714.81
2715.66
2715.87
2720.28
2720.63
2720.72
2721.60
2722.22
2722.28
2724.43
2725.32
2726.20
2726.50
2727.12
2727.50
2727.68
2731.25
2733.62
2734.65
2734.77
2735.06
2737.70
2738.77
2739.77
2741.46
2741.49
2742.47
2743.78
2743.87
2744.43
2745.62
2745.65
2745.71
2748.21
2748.27
2750.23
2750.82
2750.91
2752.28
2752.61
2754.55
2754.67
2754.82
2756.07
2756.96
2760.16
2760.45
2762.16
2762.70
2764.55
2765.81
2768.35
2768.95
2771.32
2772.43
2772.55
2774.02
2777.77
2782.86
2782.89
2784.45
2785.45
2785.57
2785.96
2786.02
2788.34
2791.42
2791.78
2792.42
2793.96
2794.29
2795.89
2797.41
2799.37
2799.56
2801.13
2801.56
2802.74
2802.95
2803.07
2805.29
2806.62
2807.47
2807.50
2808.45
2808.75
2810.97
2811.36
2812.06
2814.10
2819.19
2819.71
2828.27
2831.70
2834.30
2834.39
2835.13
2835.25
2835.87
2836.63
2837.55
2841.67
2845.39
2847.73
2847.95
2849.12
2851.09
2852.14
2854.77
2855.97
2856.65
2857.02
2859.25
2859.68
2861.11
2861.17
2861.66
2862.13
2862.50
2864.92
2871.65
2872.21
2872.77
2873.45
2875.66
2876.72
2877.97
2880.36
2881.30
2881.36
2884.64
2888.35
2889.07
2890.57
2891.98
2897.90
2898.15
2898.15
2898.78
2899.12
2899.19
2902.83
2905.28
2908.42
2913.50
2913.94
2914.76
2914.91
2917.38
2918.54
2919.24
2919.65
2920.03
2920.72
2921.61
2922.94
2923.13
2923.88
2925.25
2925.40
2929.24
2929.52
2929.74
2933.71
2934.18
2938.92
2939.62
2940.38
2943.21
2943.41
2943.72
2945.54
2948.70
2948.73
2948.95
2949.62
2950.93
2952.21
2952.27
2952.46
2953.36
2957.80
2959.44
2961.84
2961.84
2966.43
2967.77
2968.09
2968.61
2971.28
2974.40
2974.78
2974.85
2975.14
2978.16
2978.49
2979.39
2980.68
2981.03
2981.23
2981.42
2983.07
2985.33
2989.11
2991.24
2991.34
2992.54
2995.16
2995.32
2996.78
2996.78
2997.72
2999.99
3001.03
3001.49
3001.68
3004.61
3006.88
3009.06
3010.50
3011.64
3012.22
3013.27
3013.69
3014.70
3015.35
3015.84
3015.94
3016.01
3017.74
3019.76
3023.19
3023.62
3023.65
3026.37
3028.83
3032.04
3032.24
3033.35
3038.08
3039.00
3041.80
3042.49
3043.02
3049.28
3050.93
3053.14
3055.59
3056.11
3057.37
3057.40
3060.38
3060.48
3061.84
3062.34
3064.36
3065.55
3066.18
3069.04
3069.60
3075.29
3076.75
3077.88
3079.82
3080.68
3083.35
3083.85
3088.02
3088.53
3091.80
3092.07
3093.98
3094.38
3095.52
3096.89
3098.43
3098.90
3101.92
3102.63
3103.06
3106.59
3106.99
3107.60
3108.41
3108.91
3109.62
3115.41
3120.54
3124.52
3125.00
3126.45
3127.20
3128.45
3130.78
3130.95
3134.72
3135.56
3138.58
3140.59
3140.83
3141.51
3142.15
3147.39
3147.63
3148.07
3152.40
3152.95
3154.38
3155.95
3159.30
3159.64
3162.58
3163.47
3163.47
3165.05
3167.69
3168.06
3168.58
3168.65
3169.91
3170.67
3172.35
3177.12
3177.64
3179.74
3182.32
3182.60
3183.08
3189.39
3189.59
3191.66
3192.63
3193.12
3199.10
3200.45
3201.31
3205.02
3211.34
3212.52
3214.29
3214.57
3214.99
3221.05
3221.22
3221.92
3222.37
3222.65
3224.54
3225.16
3225.34
3225.41
3227.22
3227.26
3231.24
3232.67
3234.70
3235.37
3236.00
3240.73
3241.08
3244.34
3245.12
3245.19
3246.77
3246.84
3246.84
3249.09
3251.93
3251.93
3257.25
3257.36
3261.73
3264.63
3264.94
3266.11
3266.85
3267.49
3269.72
3271.63
3272.80
3273.86
3274.64
3277.72
3278.54
3279.81
3280.84
3282.69
3282.73
3283.68
3284.68
3288.24
3288.88
3288.95
3288.98
3289.34
3292.33
3293.97
3296.46
3299.82
3302.71
3303.46
3305.86
3306.22
3306.97
3307.97
3314.53
3314.63
3314.99
3318.69
3319.08
3320.56
3321.60
3321.60
3322.39
3323.36
3326.60
3327.86
3328.51
3331.71
3331.82
3340.74
3341.93
3342.15
3342.25
3342.83
3344.86
3345.73
3347.36
3348.26
3350.15
3351.53
3353.27
3353.96
3355.30
3355.52
3355.81
3357.91
3360.38
3361.26
3362.28
3366.72
3367.56
3369.38
3370.91
3373.57
3374.23
3375.51
3380.48
3380.66
3381.14
3387.69
3391.69
3393.16
3394.15
3394.19
3401.94
3403.78
3403.89
3404.23
3406.03
3408.43
3411.27
3411.45
3414.89
3415.40
3416.00
3416.96
3417.44
3418.03
3419.99
3428.62
3429.07
3429.40
3430.07
3430.11
3431.67
3432.15
3432.71
3432.71
3433.23
3436.35
3436.94
3443.42
3446.70
3451.18
3453.34
3453.53
3453.98
3455.92
3457.34
3457.91
3457.94
3458.20
3459.40
3459.89
3462.29
3463.71
3464.01
3466.41
3466.45
3466.48
3468.28
3470.39
3473.96
3474.26
3478.13
3478.62
3479.82
3482.61
3482.95
3483.70
3485.89
3490.61
3494.61
3496.81
3497.87
3498.97
3501.39
3501.65
3506.85
3507.57
3510.84
3511.82
3513.04
3513.08
3514.37
3517.30
3519.55
3521.45
3522.33
3531.10
3535.80
3537.95
3538.87
3540.21
3545.84
3545.96
3546.03
3546.15
3556.95
3559.26
3567.74
3567.82
3569.28
3570.67
3570.83
3572.88
3574.54
3574.73
3576.16
3576.24
3576.94
3578.22
3579.34
3579.96
3581.35
3581.59
3582.13
3584.80
3585.77
3586.78
3588.61
3588.96
3598.48
3598.48
3598.68
3599.61
3603.24
3604.13
3612.45
3614.09
3614.44
3617.45
3627.68
3628.51
3629.29
3630.39
3634.01
3634.52
3639.91
3641.37
3642.28
3644.64
3645.63
3646.97
3649.34
3649.38
3654.04
3654.55
3657.92
3659.97
3662.19
3662.87
3664.73
3665.76
3666.28
3671.32
3671.83
3673.03
3675.77
3675.77
3679.79
3681.94
3684.77
3686.08
3686.48
3687.76
3689.64
3690.71
3690.71
3695.39
3696.91
3697.71
3699.27
3705.40
3707.32
3707.96
3709.05
3710.13
3710.65
3712.82
3714.91
3718.77
3720.78
3724.13
3725.18
3725.82
3730.06
3730.78
3734.54
3735.83
3738.01
3738.34
3741.13
3742.39
3744.01
3746.68
3749.88
3756.34
3756.95
3760.16
3763.05
3765.54
3765.94
3766.96
3768.27
3771.82
3774.14
3774.96
3775.86
3776.51
3781.01
3782.56
3784.16
3788.01
3791.09
3792.44
3794.04
3798.15
3798.44
3801.64
3805.22
3807.53
3808.93
3825.12
3825.87
3842.50
3843.50
3846.87
3848.24
3849.08
3850.53
3852.20
3853.28
3859.21
3862.55
3865.10
3865.14
3865.23
3866.52
3869.12
3874.02
3874.44
3875.36
3876.07
3878.72
3882.16
3882.33
3887.62
3888.21
3895.67
3899.50
3900.81
3902.46
3906.64
3909.56
3912.52
3912.99
3925.24
3928.68
3932.64
3932.64
3932.81
3936.43
3944.10
3948.88
3951.10
3954.14
3954.74
3956.11
3957.09
3959.96
3964.68
3972.92
3975.72
3977.44
3978.86
3978.99
3980.20
3985.28
3989.29
3990.37
3992.57
3992.88
3994.95
3995.86
3996.42
3999.28
3999.67
3999.75
4000.40
4002.52
4007.64
4009.72
4012.37
4013.88
4016.32
4018.19
4018.75
4018.80
4022.32
4025.85
4028.59
4029.24
4034.92
4043.92
4044.14
4044.58
4045.54
4048.34
4050.71
4051.50
4057.29
4058.96
4062.38
4062.87
4064.18
4072.55
4072.86
4073.61
4076.74
4077.66
4080.66
4082.78
4082.87
4087.69
4090.74
4091.50
4091.89
4094.02
4095.57
4099.52
4100.40
4100.80
4104.98
4109.55
4111.95
4112.89
4114.14
4117.03
4117.79
4120.46
4120.55
4121.80
4123.54
4125.41
4128.54
4132.38
4137.39
4150.93
4152.10
4152.15
4153.27
4153.90
4157.41
4158.85
4158.89
4160.20
4164.83
4165.78
4169.12
4174.94
4177.88
4182.90
4183.94
4189.74
4190.83
4193.55
4199.41
4199.77
4202.27
4202.77
4206.09
4210.23
4211.28
4212.56
4214.84
4216.75
4217.89
4218.99
4218.99
4220.68
4224.70
4226.57
4226.94
4227.17
4228.40
4232.06
4233.67
4236.28
4240.13
4245.59
4248.81
4249.64
4255.21
4256.59
4258.94
4261.01
4262.95
4267.70
4268.72
4270.43
4277.64
4277.78
4278.33
4278.84
4284.03
4286.26
4286.63
4287.93
4288.21
4289.69
4293.36
4294.24
4299.03
4301.54
4301.64
4305.78
4306.01
4306.11
4306.94
4309.46
4317.40
4320.11
4326.75
4331.90
4333.78
4337.01
4340.21
4344.90
4345.00
4347.77
4355.78
4357.24
4359.22
4364.65
4366.91
4367.20
4370.41
4370.88
4373.77
4374.34
4374.57
4377.23
4379.50
4385.81
4386.71
4389.18
4389.46
4389.51
4390.65
4398.92
4399.73
4405.12
4405.35
4407.78
4407.93
4411.22
4416.28
4418.29
4418.72
4420.68
4427.81
4428.34
4431.26
4433.76
4437.16
4437.55
4439.90
4440.91
4441.58
4446.58
4447.79
4449.62
4450.39
4451.30
4454.82
4457.52
4458.92
4460.46
4461.48
4464.66
4465.53
4469.21
4469.88
4472.30
4473.51
4474.87
4475.64
4475.93
4482.91
4483.15
4485.43
4487.91
4490.97
4492.62
4496.03
4496.27
4498.27
4514.94
4514.99
4517.29
4519.54
4519.93
4523.79
4526.09
4529.77
4532.51
4532.56
4534.57
4536.24
4536.88
4540.17
4542.18
4542.63
4543.81
4545.13
4545.67
4547.59
4554.73
4563.17
4563.76
4568.06
4571.67
4576.47
4578.35
4581.18
4582.66
4586.58
4587.87
4591.35
4597.21
4598.06
4604.63
4607.02
4607.92
4608.07
4614.56
4616.30
4616.65
4618.30
4620.10
4622.20
4624.20
4630.71
4632.01
4638.08
4648.28
4655.18
4656.64
4660.77
4664.20
4665.01
4666.72
4674.20
4674.20
4675.37
4677.29
4680.99
4681.59
4683.11
4688.59
4689.45
4696.10
4699.66
4701.64
4705.87
4712.03
4712.14
4716.16
4716.68
4719.53
4728.32
4731.19
4742.83
4743.44
4744.52
4749.19
4751.20
4759.07
4762.16
4762.78
4763.76
4764.99
4770.67
4783.49
4784.52
4785.25
4785.51
4792.92
4793.38
4794.89
4796.08
4801.58
4802.16
4806.73
4809.07
4814.49
4818.81
4824.71
4825.80
4827.21
4830.09
4830.71
4832.44
4833.17
4834.79
4839.82
4840.08
4849.15
4857.92
4858.86
4859.39
4863.44
4868.81
4876.66
4878.14
4878.19
4880.20
4887.02
4891.78
4896.07
4898.13
4903.12
4903.75
4904.87
4906.46
4911.51
4911.88
4912.73
4918.69
4925.24
4926.25
4929.40
4929.66
4932.12
4934.46
4938.04
4938.20
4942.32
4946.33
4946.44
4949.87
4954.96
4955.49
4955.55
4960.91
4967.84
4968.38
4969.88
4973.16
4975.91
4983.56
4983.67
4986.96
4987.93
4998.79
5003.98
5005.50
5009.24
5011.19
5014.12
5016.13
5016.99
5024.54
5025.36
5026.12
5031.67
5033.85
5035.10
5038.48
5043.12
5043.39
5048.30
5048.96
5049.89
5051.42
5058.80
5063.07
5069.16
5082.45
5082.72
5084.92
5086.02
5090.92
5092.85
5098.20
5098.70
5102.73
5115.22
5117.04
5120.26
5121.81
5133.85
5134.63
5136.29
5138.35
5139.07
5139.18
5142.52
5143.08
5147.64
5150.20
5152.82
5158.01
5158.85
5160.30
5163.76
5166.45
5168.91
5172.99
5174.17
5174.56
5175.40
5176.52
5183.24
5185.77
5193.24
5193.40
5194.02
5198.29
5199.70
5200.94
5204.82
5206.68
5208.88
5209.84
5210.85
5219.03
5222.71
5232.77
5237.02
5252.00
5259.17
5259.68
5259.68
5260.99
5266.23
5266.34
5266.97
5269.76
5273.36
5274.78
5276.95
5278.89
5281.52
5282.61
5296.06
5302.88
5303.51
5307.36
5313.62
5314.77
5316.67
5316.84
5321.90
5326.63
5327.67
5331.01
5332.80
5334.30
5337.65
5338.92
5341.92
5343.89
5345.57
5347.18
5348.23
5350.31
5354.54
5358.59
5359.23
5364.40
5366.08
5391.51
5413.26
5417.18
5420.93
5421.64
5421.64
5424.34
5428.45
5435.85
5440.44
5441.97
5449.46
5450.22
5451.40
5454.06
5454.53
5456.42
5459.37
5460.97
5462.74
5469.01
5477.65
5477.83
5482.81
5487.14
5488.81
5490.59
5490.71
5499.63
5500.04
5507.43
5511.66
5515.00
5515.18
5515.30
5518.22
5518.46
5522.22
5524.26
5525.93
5526.53
5527.66
5530.12
5531.43
5533.83
5538.26
5544.92
5553.32
5553.74
5558.67
5560.84
5566.74
5568.42
5568.42
5568.91
5569.15
5572.22
5577.11
5581.21
5584.71
5588.22
5591.73
5592.21
5599.36
5602.69
5615.56
5623.09
5635.40
5636.56
5641.25
5645.65
5650.78
5653.96
5659.96
5660.39
5663.39
5671.24
5671.73
5671.79
5687.22
5690.11
5693.01
5696.21
5707.44
5709.66
5713.93
5719.93
5721.16
5724.69
5725.13
5725.99
5729.03
5738.83
5741.07
5772.40
5774.65
5776.40
5779.84
5781.34
5784.09
5792.36
5794.43
5794.74
5797.94
5798.38
5801.70
5806.10
5806.48
5817.73
5820.31
5821.64
5825.79
5826.42
5828.51
5835.38
5838.48
5842.65
5849.80
5852.96
5853.28
5860.31
5866.97
5873.39
5875.87
5879.81
5889.30
5892.74
5892.87
5898.67
5906.66
5911.96
5912.86
5914.71
5917.53
5918.11
5929.51
5930.35
5933.37
5936.51
5943.13
5948.47
5950.47
5952.72
5958.91
5962.32
5965.23
5974.27
5975.11
5983.13
5985.08
5985.40
5990.45
6005.77
6015.85
6018.52
6018.91
6021.19
6022.23
6026.27
6027.06
6028.82
6029.53
6029.73
6030.51
6043.97
6047.96
6052.54
6052.93
6054.11
6078.73
6086.10
6095.52
6107.08
6108.53
6109.45
6116.60
6120.90
6121.83
6123.88
6125.74
6137.68
6139.87
6143.19
6156.77
6174.18
6176.78
6181.67
6182.07
6183.54
6186.62
6187.76
6199.21
6201.63
6207.74
6208.07
6210.96
6216.07
6219.44
6224.28
6225.50
6235.07
6235.81
6235.94
6238.51
6241.01
6241.48
6252.84
6255.07
6255.47
6257.71
6258.05
6262.11
6271.40
6271.67
6274.05
6282.95
6284.99
6292.81
6296.83
6297.37
6302.35
6314.36
6323.59
6324.21
6327.49
6335.78
6340.65
6342.64
6344.15
6349.58
6354.46
6379.12
6380.84
6386.79
6388.37
6389.83
6393.01
6394.46
6398.54
6399.44
6404.99
6406.72
6410.88
6417.68
6418.24
6424.84
6425.95
6437.50
6440.91
6450.89
6452.14
6464.79
6465.63
6466.40
6468.36
6472.84
6473.61
6477.18
6491.36
6498.66
6504.64
6511.83
6523.11
6523.53
6524.52
6525.23
6533.56
6536.32
6537.67
6538.30
6553.60
6558.28
6559.70
6562.61
6570.28
6576.40
6578.75
6579.60
6584.95
6585.30
6585.87
6589.51
6598.50
6602.14
6607.07
6608.79
6620.81
6622.03
6623.96
6625.25
6637.38
6643.92
6652.12
6656.51
6664.87
6667.97
6683.06
6683.93
6693.27
6702.83
6705.16
6705.45
6711.54
6719.61
6727.83
6732.42
6740.94
6747.15
6751.82
6762.35
6765.42
6768.64
6770.11
6791.38
6796.02
6798.37
6808.31
6815.53
6825.57
6828.00
6829.56
6829.70
6831.77
6851.69
6863.19
6863.78
6872.40
6874.56
6877.98
6882.52
6890.12
6909.98
6913.19
6913.57
6934.39
6939.05
6955.21
6958.97
6962.59
6968.47
6972.39
6992.48
6996.27
6996.65
6998.24
7002.63
7012.71
7020.84
7039.32
7047.47
7060.91
7060.98
7062.28
7065.34
7069.16
7071.84
7079.65
7085.32
7088.92
7095.60
7099.67
7101.90
7102.36
7107.66
7135.71
7136.56
7145.76
7145.99
7149.86
7153.18
7158.68
7159.38
7168.14
7171.01
7174.34
7181.41
7186.85
7189.65
7195.25
7202.58
7216.70
7217.24
7220.99
7233.97
7238.75
7257.41
7258.51
7263.54
7265.19
7267.47
7278.72
7286.45
7308.79
7308.79
7309.98
7316.47
7322.17
7323.99
7332.16
7352.26
7355.92
7355.92
7362.45
7363.32
7370.26
7409.59
7420.67
7423.24
7424.12
7425.97
7427.17
7441.01
7441.09
7442.62
7443.42
7460.44
7462.62
7467.54
7473.85
7475.47
7477.41
7481.13
7488.01
7488.90
7491.50
7491.90
7497.25
7504.07
7506.67
7512.03
7513.98
7515.20
7534.34
7543.88
7551.31
7556.46
7574.39
7579.55
7579.72
7579.88
7582.26
7613.17
7616.63
7621.24
7629.33
7634.86
7636.85
7643.95
7652.56
7654.22
7657.94
7662.59
7664.16
7673.79
7683.34
7696.15
7696.32
7697.65
7701.99
7703.24
7710.41
7716.58
7721.84
7733.47
7738.74
7740.08
7749.72
7755.59
7757.52
7764.07
7764.40
7772.30
7793.78
7807.79
7813.28
7816.58
7829.62
7837.41
7843.86
7845.90
7854.82
7865.11
7871.24
7907.17
7912.22
7931.25
7948.34
7949.55
7958.67
7964.96
7969.18
7978.07
7978.41
7985.76
7992.15
8006.69
8007.04
8018.66
8020.05
8035.33
8037.85
8050.82
8052.30
8052.65
8059.36
8075.42
8099.40
8121.43
8129.51
8134.35
8143.86
8158.06
8161.51
8161.86
8175.38
8183.70
8188.84
8209.78
8214.31
8222.75
8224.36
8231.48
8243.96
8246.28
8268.97
8274.16
8276.94
8279.27
8308.16
8310.41
8337.70
8355.94
8358.65
8360.10
8363.99
8371.05
8387.28
8414.46
8436.88
8440.63
8440.81
8450.50
8450.50
8455.62
8458.27
8465.41
8497.81
8500.75
8519.81
8521.29
8524.79
8545.66
8550.56
8552.23
8553.71
8565.01
8580.59
8585.23
8601.23
8640.96
8660.52
8663.90
8671.31
8671.87
8674.22
8715.70
8716.74
8720.42
8748.20
8757.30
8767.25
8776.93
8778.17
8781.97
8811.47
8849.40
8858.79
8871.84
8890.96
8905.79
8908.48
8911.18
8918.61
8931.36
8934.74
8942.38
8953.22
8972.13
8975.43
8979.51
9014.85
9015.14
9031.55
9036.14
9060.22
9070.82
9070.92
9086.44
9109.17
9147.10
9160.17
9168.70
9172.17
9176.34
9204.98
9213.95
9221.23
9223.03
9231.91
9238.41
9238.91
9248.91
9250.51
9254.01
9259.02
9279.38
9309.25
9312.17
9313.88
9316.50
9325.78
9333.35
9342.65
9362.18
9383.07
9400.44
9406.55
9417.24
9417.75
9429.68
9430.09
9432.94
9461.67
9480.73
9481.96
9494.48
9499.42
9499.93
9513.20
9523.81
9533.39
9551.26
9551.26
9558.08
9570.81
9578.27
9578.78
9580.24
9601.51
9602.44
9620.12
9628.56
9631.37
9632.31
9639.71
9648.48
9654.11
9663.31
9671.89
9676.39
9688.65
9694.62
9713.00
9730.35
9732.25
9741.41
9751.33
9755.65
9778.06
9834.18
9872.88
9875.13
9889.03
9905.20
9925.58
9941.27
9949.99
9993.04
10009.48
10010.35
10020.65
10061.60
10064.98
10074.89
10094.64
10100.76
10131.74
10139.52
10158.96
10194.42
10194.86
10210.09
10220.37
10238.08
10270.48
10309.89
10322.61
10322.73
10328.54
10336.81
10338.82
10393.56
10399.85
10400.87
10423.96
10430.85
10456.16
10516.86
10517.43
10541.69
10579.29
10603.58
10625.17
10633.91
10634.49
10643.58
10652.11
10659.25
10666.52
10692.87
10697.15
10698.19
10706.99
10711.74
10714.53
10720.79
10726.82
10733.55
10743.90
10746.92
10747.73
10778.71
10788.04
10795.05
10819.72
10821.01
10849.38
10851.96
10853.37
10871.59
10877.47
10883.95
10908.82
10937.07
10947.84
10948.44
10967.64
10967.88
10971.56
10976.19
10982.13
11022.01
11036.81
11039.31
11062.39
11066.70
11071.25
11071.49
11084.08
11088.27
11103.28
11123.60
11139.02
11206.47
11227.96
11236.10
11257.03
11257.15
11263.36
11266.78
11281.05
11284.10
11338.81
11355.63
11358.94
11397.97
11432.06
11442.70
11453.73
11461.29
11503.28
11567.68
11569.94
11571.19
11571.44
11577.32
11579.58
11586.85
11622.13
11647.05
11652.47
11652.73
11681.13
11705.80
11707.70
11711.75
11711.88
11740.05
11749.96
11765.73
11774.27
11839.93
11853.39
11861.98
11865.45
11922.72
11941.95
11965.24
11970.29
11982.85
12046.68
12082.32
12085.85
12116.49
12116.62
12118.32
12153.51
12158.91
12171.54
12172.20
12181.03
12187.09
12204.25
12221.69
12293.31
12297.43
12362.53
12405.28
12438.61
12506.35
12507.84
12551.22
12598.98
12599.52
12606.89
12627.64
12661.98
12751.07
12772.47
12775.51
12816.63
12825.09
12838.14
12890.06
12893.96
12912.39
12972.19
12978.08
13015.77
13025.77
13026.76
13029.01
13033.10
13043.68
13091.90
13134.60
13143.84
13206.00
13248.36
13261.41
13281.94
13302.80
13345.18
13351.82
13412.64
13419.02
13426.14
13454.35
13456.24
13518.12
13529.09
13534.51
13559.43
13559.87
13579.69
13608.07
13611.31
13620.60
13627.08
13665.77
13670.50
13681.60
13687.37
13704.56
13724.89
13736.33
13759.83
13801.43
13819.81
13839.26
13847.95
13859.79
13921.71
13931.81
13994.96
13998.90
14029.68
14087.48
14104.41
14117.85
14144.91
14172.64
14192.43
14217.18
14298.01
14308.23
14319.53
14330.07
14349.78
14366.24
14422.78
14430.12
14435.58
14435.58
14457.15
14512.63
14533.53
14534.63
14548.48
14556.98
14579.84
14580.78
14634.20
14688.30
14691.63
14703.72
14740.36
14756.47
14781.24
14810.06
14833.79
14860.30
14873.97
14887.82
14929.27
14952.07
14999.71
15034.64
15045.22
15060.04
15159.43
15204.61
15232.93
15261.31
15261.47
15312.91
15354.72
15372.34
15394.48
15432.00
15432.83
15447.70
15455.39
15458.74
15476.48
15574.92
15577.78
15588.07
15760.88
15771.80
15788.19
15810.41
15825.47
15830.95
15833.01
15837.81
15837.98
15840.03
15861.99
15890.67
15970.65
15985.35
16171.14
16228.10
16288.26
16330.26
16409.61
16434.31
16449.96
16490.42
16702.48
16706.46
16707.18
16738.49
16776.56
16809.81
16866.47
16925.89
16930.28
17041.66
17064.17
17065.64
17132.24
17304.57
17349.94
17516.87
17667.81
17671.83
17685.60
17749.82
17750.01
17779.23
17839.54
17924.67
17981.59
18023.27
18088.33
18125.94
18243.60
18248.73
18278.38
18335.42
18373.75
18433.69
18437.48
18603.19
18612.25
18772.64
18879.17
19105.41
19129.61
19134.99
19277.97
19302.80
19345.67
19370.80
19444.72
19463.24
19472.51
19575.17
19669.01
19725.06
19921.74
19964.68
20133.23
20144.78
20238.72
20253.40
20327.16
20532.29
20584.12
20654.62
20661.32
20807.59
20934.28
21030.54
21277.50
21499.19
21796.65
21835.13
21909.20
21938.85
22267.20
22395.98
22517.96
22706.84
22741.01
22764.89
22799.65
22824.58
23000.59
23098.60
23534.79
23764.57
23965.20
23998.15
24076.96
24757.19
25001.35
25502.97
25574.53
25581.73
25739.99
26081.73
26144.73
26493.57
26579.42
26878.74
27137.06
27193.49
27482.48
27741.20
27796.18
28433.75
29180.19
29256.38
29453.62
30553.02
30680.89
31006.60
31549.75
31583.91
33333.49
34520.89
36553.60
37127.18
39545.01
42905.45
