13.93
14.21
15.04
17.69
18.06
19.54
19.76
21.32
22.83
23.39
23.85
23.89
24.45
24.47
24.71
26.08
27.28
27.55
27.91
28.38
29.57
29.71
30.02
30.43
30.81
31.04
31.14
31.96
32.03
32.05
32.23
32.41
32.44
32.75
33.26
33.71
34.59
35.04
35.85
36.18
36.37
36.45
36.51
36.56
36.57
36.57
36.62
36.76
37.13
37.61
37.92
37.94
38.05
38.42
38.46
38.72
38.83
38.84
39.09
39.33
39.76
39.98
40.91
41.01
41.10
41.58
41.61
42.25
42.32
42.61
42.82
43.28
43.29
43.97
44.46
44.52
44.95
44.97
46.10
46.46
46.47
46.99
47.04
47.21
47.65
47.77
48.16
48.23
48.47
48.69
48.80
49.28
49.32
49.33
49.62
49.84
50.33
50.46
50.52
51.07
51.90
51.98
52.37
52.94
53.35
53.53
54.00
54.48
54.71
54.89
54.99
55.45
55.52
56.07
56.56
56.73
56.97
57.27
57.72
57.98
58.06
58.28
58.72
58.98
59.23
59.24
59.25
59.58
60.11
60.17
60.20
60.45
60.75
60.86
60.91
60.99
61.21
61.38
61.89
62.51
62.54
62.59
62.61
62.71
62.83
63.54
63.62
63.63
63.81
64.24
64.44
64.47
64.66
65.08
65.19
65.63
65.68
66.23
67.11
67.16
67.22
67.24
67.42
68.12
68.31
68.45
68.60
68.82
69.34
69.64
70.03
70.12
70.39
70.87
71.09
71.45
71.96
72.30
72.52
72.83
73.25
73.59
73.60
73.78
74.41
74.66
74.92
75.26
75.32
75.51
75.78
75.82
75.96
76.77
76.89
77.74
77.81
78.51
78.57
78.59
79.59
79.72
79.72
79.90
79.98
81.18
81.20
81.34
81.53
81.62
81.67
81.67
82.09
82.65
82.74
82.86
83.12
83.18
83.31
83.36
83.69
83.71
83.76
83.79
83.81
83.89
84.03
84.40
84.45
84.81
84.85
85.08
85.13
85.34
85.43
85.45
85.92
86.03
86.48
86.66
86.80
86.81
87.45
88.22
88.24
88.29
88.32
88.88
88.98
89.18
89.20
89.52
89.53
89.56
89.60
89.60
89.85
90.08
90.32
90.35
90.37
90.47
90.78
90.87
91.73
91.79
91.79
91.99
92.17
92.78
92.99
93.14
93.26
93.57
93.68
94.82
95.22
95.31
95.61
96.11
96.16
96.27
96.47
96.55
96.78
97.05
97.54
98.01
98.21
98.93
99.29
99.35
99.39
99.62
99.68
99.69
100.15
100.72
100.86
100.87
100.93
101.10
101.22
101.35
101.36
101.39
101.65
101.87
102.03
102.17
102.20
102.20
102.39
103.15
103.16
103.94
103.96
104.21
104.53
104.58
104.73
104.78
105.48
105.53
105.74
106.06
106.09
106.34
106.72
106.74
106.79
106.89
106.92
107.02
107.15
107.21
107.65
108.16
108.17
108.34
108.49
108.67
108.77
109.01
109.08
109.34
109.75
109.76
109.86
110.03
110.04
110.13
110.28
110.30
110.73
110.78
111.08
111.10
111.44
111.44
111.51
111.75
111.89
112.27
112.32
112.34
112.38
112.44
112.50
112.62
112.91
112.91
113.11
113.32
113.33
113.39
113.45
113.46
113.66
113.79
113.81
114.02
114.16
114.28
114.53
114.71
114.98
115.49
115.59
115.60
115.71
115.73
115.77
115.84
116.24
116.49
116.50
116.69
116.92
117.17
117.21
117.22
117.23
117.27
117.64
117.86
118.43
119.59
119.69
119.69
119.91
120.11
120.32
120.52
120.58
120.63
120.78
120.82
120.95
121.09
121.46
121.55
121.89
122.03
122.30
122.62
122.72
122.77
122.97
123.39
123.44
123.62
123.92
125.03
125.46
125.60
125.61
126.36
126.55
126.67
126.68
126.76
126.89
126.89
126.96
127.30
127.31
128.21
128.58
128.64
128.98
129.03
129.30
129.32
129.55
130.04
130.09
130.17
130.23
130.72
130.80
130.99
131.11
131.18
131.22
131.55
131.65
132.03
132.08
132.27
132.42
132.61
133.11
133.36
133.37
134.30
134.41
134.90
134.90
134.96
135.02
135.28
135.37
135.77
135.87
135.88
136.45
136.78
136.81
136.84
136.85
136.87
136.98
137.05
137.16
137.67
137.83
137.94
138.08
138.77
139.43
140.06
140.41
140.50
140.64
140.68
141.04
141.28
141.47
141.75
142.21
142.28
142.35
142.76
142.92
142.93
142.96
143.07
143.09
143.23
143.30
143.45
143.64
144.08
144.49
144.66
144.68
144.78
144.88
145.44
145.66
145.78
146.16
146.35
146.40
146.47
146.52
146.72
146.91
147.11
147.16
148.18
148.57
148.63
148.68
148.94
149.01
149.06
149.14
149.28
149.30
149.43
149.55
149.70
149.82
150.14
150.15
150.20
150.22
150.37
150.48
150.84
150.86
151.06
151.22
151.82
151.98
152.13
152.35
152.37
152.65
153.13
153.42
153.42
153.63
153.66
153.72
153.80
154.26
154.31
154.48
154.71
154.84
154.88
155.54
155.69
155.89
155.91
156.05
156.87
157.25
157.29
157.83
158.04
158.19
158.27
159.24
159.29
159.36
159.58
159.74
160.01
160.10
160.29
160.83
161.00
161.14
161.18
161.22
161.50
161.57
161.57
161.66
161.78
162.48
162.70
162.95
163.21
163.59
163.74
163.79
163.86
163.91
163.96
164.03
164.15
164.51
164.53
164.57
164.59
164.61
165.14
165.64
165.66
165.68
165.80
165.95
166.21
166.29
166.48
166.64
166.70
166.95
167.43
167.71
167.73
167.93
168.25
168.43
168.49
168.63
168.93
169.62
169.64
169.82
169.98
170.08
170.28
170.39
170.47
170.85
171.12
171.19
171.33
171.45
171.64
171.68
171.73
172.08
172.55
172.58
172.59
173.64
174.31
174.57
174.69
174.82
174.95
175.10
175.21
175.70
175.79
175.85
175.96
176.00
176.30
176.61
176.67
176.77
176.82
176.89
177.03
177.03
177.36
177.39
177.45
177.71
177.73
178.00
178.48
179.01
179.07
179.48
179.57
179.82
179.87
180.11
180.53
180.87
181.12
181.18
181.71
181.77
182.10
182.16
182.20
182.21
182.25
182.66
182.76
183.01
183.35
183.59
183.95
184.39
185.18
185.74
186.06
186.24
186.26
186.33
186.90
187.60
187.72
188.39
188.90
189.05
189.80
189.93
190.29
190.34
190.53
190.70
190.70
191.02
191.17
191.20
191.58
191.58
191.76
192.00
192.02
192.20
192.42
192.70
192.97
193.21
193.45
193.63
193.83
193.91
194.34
194.63
194.75
194.83
195.04
195.09
195.12
195.18
195.47
195.51
195.65
195.85
196.16
196.29
196.72
196.96
197.15
197.27
197.38
197.96
198.49
198.59
198.98
198.98
199.05
199.65
199.97
200.00
200.06
200.08
200.38
200.47
200.65
200.68
201.04
201.07
201.23
201.50
201.62
202.23
202.46
202.56
202.59
202.62
202.66
202.66
202.69
202.93
202.98
203.56
203.56
203.90
204.03
204.08
204.08
204.16
204.23
204.59
204.63
204.88
204.91
205.03
205.29
205.29
205.36
205.69
205.80
206.04
206.05
206.20
206.29
206.75
206.85
206.99
207.16
207.65
207.66
207.75
207.82
208.15
208.50
208.68
208.83
208.98
209.45
209.91
210.44
210.63
210.88
211.29
211.87
211.92
212.39
212.47
212.64
212.79
212.99
213.16
213.89
213.97
214.11
214.19
214.22
214.45
214.50
214.60
215.04
215.50
215.54
215.75
215.99
216.26
216.28
216.32
216.54
216.65
216.92
216.99
217.60
217.99
218.01
218.11
219.21
219.28
219.44
219.66
219.98
220.08
220.16
220.18
220.44
220.46
221.00
221.28
222.05
222.23
222.37
222.69
222.77
223.33
223.43
223.56
223.64
223.71
223.81
223.81
224.05
224.17
224.18
224.38
224.83
224.94
225.00
225.44
225.45
226.01
226.01
226.40
226.72
226.87
227.03
227.10
227.11
227.63
227.73
227.96
228.05
228.11
228.18
228.33
228.48
228.82
229.17
229.58
229.77
229.83
230.02
230.08
230.20
230.32
230.36
230.48
230.53
230.60
230.69
230.73
230.77
231.04
231.15
231.20
231.41
231.68
231.82
232.18
232.30
232.32
232.36
232.38
233.02
233.43
233.68
233.76
233.90
233.95
234.94
234.98
235.23
235.67
236.31
236.50
236.58
236.72
236.89
237.00
237.46
237.65
237.72
237.78
237.85
237.89
238.04
238.46
238.93
239.22
239.32
239.43
239.69
239.73
239.94
240.03
240.40
240.87
240.97
241.09
241.84
242.01
242.19
242.34
242.53
242.61
242.75
242.75
243.01
243.27
243.46
243.53
243.55
243.68
244.17
244.38
244.69
244.91
245.13
245.21
245.36
245.38
245.65
245.98
246.21
246.25
246.41
246.94
247.02
247.13
247.41
247.52
247.55
247.95
248.45
248.46
248.49
248.72
249.11
249.44
250.00
250.62
250.71
250.72
250.85
250.89
251.66
251.76
251.81
252.13
252.35
252.45
252.98
253.02
253.03
253.46
253.47
253.67
254.52
254.58
254.89
255.04
255.10
255.68
255.84
255.97
256.03
256.08
256.31
256.94
257.16
257.23
257.40
257.85
258.07
258.10
258.23
258.25
258.51
258.91
258.99
259.02
259.87
259.98
260.08
260.76
260.99
261.41
261.42
261.43
261.50
261.63
262.10
262.15
263.01
263.06
263.33
263.38
264.80
264.93
265.30
265.61
266.90
267.10
267.54
267.62
268.52
268.65
268.87
269.32
270.10
270.27
270.56
270.68
271.11
271.73
271.88
272.06
272.10
272.36
272.62
272.82
272.98
273.19
273.57
274.55
274.62
274.86
275.04
275.23
275.65
275.74
275.78
275.93
276.27
276.54
276.81
277.01
277.36
277.61
277.67
277.88
278.21
278.32
278.55
278.62
278.65
278.74
278.81
278.83
279.01
279.03
279.04
279.30
279.41
279.48
279.54
280.32
280.79
280.99
281.69
282.64
283.07
283.45
283.52
283.81
283.87
284.09
284.30
284.42
284.56
284.58
284.94
285.06
285.41
285.57
285.58
285.80
286.08
286.12
286.16
286.17
286.25
286.48
286.54
286.74
286.74
286.76
287.66
287.71
287.81
288.01
288.21
288.28
288.30
288.32
288.51
288.83
288.84
288.91
289.54
289.69
289.72
289.73
289.97
290.01
290.06
290.98
291.46
291.50
291.77
291.84
292.08
292.22
292.41
292.70
293.15
293.27
293.69
293.76
293.82
294.06
294.22
294.36
294.65
294.66
294.73
294.94
295.54
295.61
295.96
295.96
296.35
296.80
297.14
297.35
297.37
297.61
297.87
298.01
298.21
299.03
299.67
300.19
300.56
300.67
300.88
300.91
300.99
301.11
301.33
301.46
301.73
301.89
301.94
302.16
302.32
302.49
302.53
303.32
303.55
304.05
304.09
304.33
304.70
304.73
305.30
305.66
305.72
306.07
306.33
306.42
306.53
306.69
306.74
306.86
306.88
306.99
307.13
307.16
307.21
308.33
309.36
309.72
309.74
309.85
309.98
309.99
310.08
310.33
310.83
311.06
311.39
311.46
311.48
311.63
311.75
312.06
312.28
312.71
312.84
313.02
313.15
313.33
313.43
313.64
314.03
314.61
315.27
315.43
315.57
315.81
316.06
316.12
316.16
316.47
316.50
316.53
316.54
316.87
317.29
317.37
317.63
317.75
317.83
317.86
317.94
317.97
318.10
318.36
318.39
318.53
318.54
319.05
319.11
319.38
319.50
319.76
319.84
320.18
320.30
320.88
321.37
321.68
322.30
322.57
322.65
322.73
322.78
323.42
323.51
323.85
324.00
324.95
325.04
325.99
326.43
326.71
326.83
327.01
327.18
327.41
327.51
327.74
328.02
328.08
328.11
328.43
329.26
329.33
329.93
330.10
330.47
330.76
330.84
330.87
331.14
331.29
331.29
331.59
331.71
331.77
332.82
333.71
333.71
334.53
334.76
335.00
335.14
335.93
335.94
336.10
336.51
336.85
336.95
337.18
337.22
337.48
337.68
337.88
338.15
338.44
339.17
339.53
339.74
339.98
340.03
340.11
340.34
340.83
340.96
341.08
341.57
341.77
341.82
342.14
342.19
342.50
343.04
343.19
343.95
344.24
344.26
344.27
344.63
345.07
345.24
345.55
345.82
345.82
346.24
346.37
346.85
346.91
347.14
347.31
347.32
347.85
348.23
348.30
348.67
348.77
348.79
349.16
349.18
349.96
350.49
350.66
350.79
350.79
350.98
351.09
351.24
351.35
351.87
352.05
352.48
352.54
352.58
352.66
352.83
352.89
352.94
352.99
353.02
353.27
353.45
353.60
353.82
353.82
354.00
354.09
354.63
354.63
354.65
354.67
354.86
355.09
355.64
355.70
355.83
355.91
356.01
356.22
356.25
356.50
356.55
357.85
357.96
358.06
358.38
358.80
358.87
359.34
359.87
360.08
360.09
360.34
360.74
360.75
361.58
362.10
362.50
362.97
363.25
364.11
364.24
364.53
364.71
364.87
365.10
365.57
366.04
366.12
366.23
366.44
366.50
366.63
367.10
367.21
367.32
367.62
367.96
368.03
368.17
369.47
370.07
370.17
370.46
370.58
371.20
371.65
371.73
371.80
371.80
371.82
371.88
372.60
372.80
373.08
373.23
373.90
374.20
374.26
374.46
374.47
375.66
375.71
375.81
375.94
376.08
376.29
376.37
377.53
377.57
377.76
377.76
377.88
378.21
378.38
379.12
379.83
380.04
380.18
380.68
380.69
380.99
381.09
381.23
381.36
381.92
381.98
382.38
382.70
382.97
383.02
383.26
383.44
383.94
384.23
384.25
384.39
384.43
384.56
384.68
384.75
384.83
385.24
385.44
385.71
385.77
386.44
386.58
387.01
387.04
387.43
387.78
387.80
387.90
388.02
388.18
388.29
388.42
388.48
388.90
389.06
389.40
389.54
389.68
389.73
390.05
390.13
390.41
390.46
390.48
390.50
391.17
391.43
391.47
391.55
391.68
391.88
392.11
392.13
393.22
393.37
393.42
393.75
393.76
393.85
394.05
394.08
394.58
394.66
395.03
395.07
395.85
396.03
396.35
396.55
396.57
396.76
396.92
397.50
397.85
398.48
398.48
398.60
398.95
398.98
399.01
399.51
399.80
400.03
400.06
400.08
400.09
400.82
401.08
401.33
401.67
401.68
401.69
401.73
401.83
401.94
402.10
402.19
402.59
403.10
403.18
403.52
403.68
403.76
403.83
404.32
404.46
405.16
405.27
405.35
406.17
406.32
406.88
406.91
407.41
407.41
407.59
407.67
407.70
408.66
409.41
409.52
409.54
409.93
410.15
411.29
411.44
411.55
411.83
411.95
412.08
412.29
412.51
412.58
412.80
412.91
412.92
413.01
413.35
413.53
413.57
414.35
414.68
415.01
415.04
415.19
415.44
415.74
415.93
416.02
416.26
416.32
416.33
416.51
416.69
416.99
417.14
417.44
417.56
417.64
417.66
417.85
417.87
418.67
418.76
418.85
420.15
420.31
420.32
421.72
422.05
422.06
422.35
422.36
422.48
422.71
423.20
423.57
423.60
423.70
423.74
423.75
423.77
423.83
423.85
424.14
424.20
424.53
424.97
425.30
425.77
426.39
427.10
428.47
428.77
429.15
429.27
429.34
429.48
430.34
430.59
430.87
430.97
431.04
431.60
431.65
432.00
432.24
432.44
432.58
432.80
432.97
433.53
433.81
434.09
434.32
434.73
434.94
435.15
435.45
435.60
435.89
436.26
436.86
436.97
437.08
437.20
437.49
437.51
438.12
438.19
438.33
438.35
438.47
438.84
438.88
439.05
439.44
439.64
439.79
440.40
441.85
442.05
442.09
442.10
442.42
442.46
442.55
442.63
443.31
443.51
443.81
444.08
444.73
445.19
445.23
445.24
445.31
445.41
445.48
446.02
446.22
446.33
446.42
446.44
446.72
446.85
447.01
447.34
447.47
448.10
448.16
448.31
448.41
448.71
448.80
449.04
449.08
449.11
449.31
449.32
449.58
449.83
449.88
450.76
451.36
451.53
451.63
451.91
452.50
453.21
453.50
453.63
453.70
453.97
454.20
454.22
454.33
455.20
455.33
455.45
455.56
456.20
456.22
456.46
456.73
457.67
457.89
458.01
458.77
459.04
459.43
459.45
459.80
459.97
460.53
460.65
460.70
460.79
460.88
461.26
461.90
461.93
462.01
462.25
462.27
462.48
462.57
462.70
463.18
463.22
463.92
464.07
464.26
464.39
464.75
464.77
464.87
465.00
465.16
465.64
465.88
465.96
466.46
466.61
466.66
466.90
467.06
467.17
467.66
467.67
467.80
467.99
468.02
468.77
468.89
469.30
469.64
469.95
470.12
470.34
471.26
471.50
471.55
471.78
472.29
472.29
472.33
472.41
472.63
473.32
473.53
473.95
473.97
474.16
474.94
474.95
474.96
475.10
475.25
476.04
476.06
476.89
477.17
477.17
477.48
477.96
478.40
479.09
479.61
479.82
479.89
479.97
479.98
480.63
480.66
480.69
481.07
482.17
482.26
482.85
483.00
483.29
483.41
483.42
484.25
484.44
484.89
485.74
485.84
486.48
486.60
486.88
487.34
487.42
487.75
487.89
488.06
488.30
488.65
488.79
488.90
488.92
489.31
489.53
489.59
489.88
490.38
490.62
490.99
491.47
491.48
491.73
492.15
492.22
492.54
493.72
494.25
494.36
494.36
496.27
496.38
496.91
497.26
497.71
497.87
498.29
498.31
498.32
498.52
498.56
498.60
499.46
499.47
499.56
500.49
500.54
500.59
501.81
502.13
502.48
502.66
502.83
502.85
502.88
503.73
503.75
503.85
504.24
504.80
505.43
506.02
506.13
506.27
507.62
507.90
508.52
509.16
509.46
510.89
510.97
511.38
511.50
512.09
512.56
512.61
512.76
513.05
513.11
513.54
513.84
513.87
513.97
514.04
514.42
514.62
514.83
515.12
515.16
515.29
515.60
515.86
516.03
516.40
516.73
517.01
517.92
518.33
518.43
518.49
518.60
518.66
518.69
518.75
519.11
519.18
520.64
520.86
521.90
522.31
522.42
522.56
522.79
523.17
523.32
523.35
523.69
523.83
524.18
524.24
524.45
524.54
524.82
525.07
525.18
525.28
525.37
525.57
525.76
526.03
526.96
527.34
527.83
527.98
528.77
528.97
529.25
529.72
530.01
530.47
530.49
531.30
531.41
531.45
531.53
532.03
532.07
532.17
532.40
532.72
533.01
533.35
533.42
534.40
534.40
534.65
535.27
535.38
535.56
536.39
536.71
536.95
537.21
537.51
537.71
538.06
538.32
539.03
539.61
539.96
540.57
540.83
541.09
541.80
541.97
542.10
542.13
542.21
542.31
543.39
543.50
543.71
544.73
544.74
544.78
544.78
545.14
545.27
545.28
545.48
545.83
545.96
546.05
547.12
547.40
547.69
548.28
548.39
548.47
548.56
548.72
548.83
549.41
549.73
549.92
550.38
550.73
550.75
550.78
551.08
551.49
551.64
552.54
552.74
552.96
553.02
553.27
553.52
553.52
553.55
553.61
554.60
554.84
554.90
555.58
556.20
556.41
556.44
556.44
556.51
556.55
556.64
556.79
556.80
557.11
557.43
557.45
557.52
557.90
558.15
558.66
558.77
558.88
559.30
559.38
560.22
560.41
560.97
561.16
561.27
561.32
561.59
561.88
562.12
562.32
562.42
562.62
562.86
563.03
563.78
564.57
564.88
565.11
565.16
565.31
565.61
566.14
566.42
566.80
566.92
567.12
567.29
567.40
567.64
568.12
568.62
569.17
569.20
569.20
569.93
570.06
570.13
570.14
570.17
570.46
570.50
571.13
571.28
571.87
571.93
572.88
573.00
573.17
573.21
573.83
574.84
574.94
575.09
575.12
575.63
576.00
576.07
576.71
576.72
576.74
577.07
577.09
577.21
578.34
578.54
578.78
579.10
579.36
580.09
580.27
580.55
581.10
581.58
581.77
581.80
581.80
581.84
581.95
582.02
582.22
582.23
582.29
582.68
584.14
584.40
584.82
584.88
584.94
585.33
585.71
585.76
585.84
585.95
586.05
586.96
587.76
588.14
588.44
588.51
588.51
588.52
588.69
589.32
589.35
589.36
589.93
590.01
590.04
590.08
590.25
590.86
590.89
590.96
591.15
591.72
591.88
592.18
592.51
592.63
593.37
593.70
593.85
593.92
594.36
594.89
594.92
595.77
596.69
597.10
597.11
597.33
597.66
597.73
597.80
597.95
597.96
598.06
598.10
598.95
598.99
599.37
599.48
599.74
599.89
599.91
600.48
600.55
600.59
600.86
601.26
601.41
601.47
601.58
601.60
601.67
601.76
601.89
602.47
602.56
602.66
602.72
602.85
603.32
603.62
603.78
603.96
604.09
604.14
604.40
604.58
605.35
605.49
605.58
605.58
605.64
606.25
606.96
607.28
607.40
607.65
607.65
607.76
607.93
608.01
608.01
608.25
608.26
608.69
608.88
608.99
609.02
609.16
609.25
609.27
609.75
610.47
610.52
610.67
610.83
611.99
612.23
612.34
612.38
612.51
612.96
613.27
613.57
614.15
614.83
615.85
616.09
616.11
616.92
616.97
617.14
617.72
617.76
618.08
618.38
618.51
618.55
618.60
618.69
618.91
619.14
619.48
619.60
619.64
620.07
620.46
620.70
620.84
620.86
621.01
621.05
621.30
621.42
621.44
622.00
622.96
623.38
623.79
624.64
625.23
625.30
625.58
625.70
625.78
626.01
626.91
627.32
628.18
628.19
628.52
628.62
629.22
629.27
629.72
630.51
630.80
631.47
631.51
631.53
631.65
631.83
632.15
632.47
632.82
632.82
633.62
633.88
633.94
634.00
634.27
634.28
634.54
635.11
635.24
635.61
635.68
635.72
636.02
637.30
637.40
637.61
637.74
638.01
638.24
638.39
639.21
640.14
640.54
641.24
641.32
642.52
642.69
642.96
643.19
643.41
643.51
643.67
643.76
643.80
643.94
644.17
644.21
644.36
644.84
644.98
645.00
645.97
645.98
646.32
646.58
647.32
647.38
647.81
647.84
648.66
648.74
649.06
649.16
649.22
649.39
650.14
650.71
650.77
650.79
650.81
651.65
651.75
651.75
652.02
652.18
652.20
652.73
652.96
653.49
653.54
653.82
653.96
654.00
654.11
654.22
654.57
654.89
654.95
655.26
655.68
655.80
655.99
656.12
656.74
656.79
656.94
657.26
657.65
657.89
658.29
658.40
658.51
658.78
659.42
659.93
660.00
660.24
660.30
660.42
660.44
661.13
661.24
661.28
661.46
661.76
661.89
662.11
662.21
662.34
662.54
663.65
664.22
664.31
664.37
664.45
665.24
665.56
665.60
665.62
666.64
666.86
666.99
667.70
667.78
668.51
669.21
669.59
670.00
670.06
670.18
670.67
670.78
671.22
671.27
671.45
671.98
672.23
672.37
672.39
672.50
672.68
673.01
673.83
674.62
674.65
675.14
675.35
675.60
676.09
676.20
676.32
676.39
676.44
676.59
676.99
677.57
677.58
677.65
677.77
678.28
678.31
678.39
678.75
678.92
679.51
679.91
679.97
680.01
680.09
680.42
681.29
681.30
681.49
681.64
681.78
682.05
682.21
682.72
682.80
682.95
683.05
683.30
683.99
684.34
684.36
684.39
684.54
685.07
685.51
686.03
687.00
687.07
687.33
687.44
687.62
688.25
688.54
689.39
689.49
689.70
689.81
690.37
690.55
690.70
690.88
691.14
691.63
693.11
693.17
693.90
694.40
694.53
694.56
694.58
694.90
695.47
697.06
697.27
697.30
697.52
697.58
698.10
698.22
698.50
698.66
698.89
699.12
699.31
699.33
699.40
699.50
700.11
700.43
701.13
701.20
701.27
701.43
702.23
702.77
703.30
703.44
703.70
703.81
704.78
704.82
705.08
705.32
705.48
705.75
705.79
705.87
706.22
706.48
706.79
706.87
707.02
707.59
707.92
708.13
708.28
708.31
708.45
708.47
709.11
709.41
709.45
709.70
709.86
709.99
710.26
710.40
710.89
711.29
711.43
711.93
711.94
712.03
712.23
712.33
712.68
713.27
714.24
714.70
714.90
716.55
716.60
716.60
716.66
716.66
716.75
716.79
716.91
717.24
717.55
717.67
717.91
717.96
718.09
718.18
718.19
718.55
718.77
719.64
719.79
719.97
720.03
720.07
720.90
720.96
721.07
722.21
722.36
722.64
724.61
725.00
725.06
725.06
725.82
725.89
725.91
726.00
726.36
726.45
726.45
727.14
727.72
727.83
728.08
728.68
729.88
729.93
730.42
731.01
731.65
732.06
732.23
732.78
733.70
733.82
733.83
733.95
734.17
734.42
735.14
735.45
735.55
735.64
735.82
735.84
736.14
736.27
736.75
736.81
736.82
737.02
737.55
737.96
739.23
739.54
739.73
739.86
740.00
740.41
741.08
742.02
742.29
742.62
744.02
744.03
744.11
744.33
744.62
744.85
745.17
745.54
745.90
745.90
746.81
747.27
747.36
747.52
747.54
747.96
748.14
748.29
748.80
749.36
749.44
749.75
750.12
750.14
750.39
750.53
751.08
751.30
751.43
751.76
752.29
752.71
752.73
753.20
753.41
753.50
753.57
753.93
754.03
755.04
755.31
755.73
756.09
757.02
757.12
757.26
757.39
757.53
757.54
758.00
758.06
758.19
758.52
758.66
758.69
758.74
759.29
759.91
760.46
760.46
760.68
761.22
761.73
761.83
761.85
762.05
762.05
762.15
762.28
762.45
762.68
762.76
763.26
763.55
763.90
763.98
764.24
764.47
764.72
764.76
764.82
765.36
766.07
766.09
766.41
766.55
767.41
767.48
767.59
767.86
768.55
768.58
768.76
768.95
769.25
769.34
769.54
769.55
770.40
770.57
770.58
770.61
771.89
772.33
772.92
773.05
773.07
773.70
773.90
774.08
774.77
775.09
775.14
775.34
775.40
775.44
776.05
776.64
776.76
776.76
776.82
776.86
776.95
777.00
777.29
777.30
778.13
778.28
778.46
778.58
778.64
779.24
779.35
779.43
779.53
779.88
780.19
780.48
781.16
781.66
781.78
781.93
782.67
782.67
782.70
782.83
783.58
783.58
783.72
783.81
784.48
784.49
785.62
786.34
786.42
786.46
786.63
787.30
787.67
787.77
787.97
788.01
788.06
788.63
788.67
788.93
789.33
789.44
789.50
789.82
790.22
790.62
791.16
791.27
793.13
793.22
793.28
793.35
793.64
795.25
795.52
796.68
796.79
796.80
797.12
797.64
797.98
798.30
798.44
798.49
798.60
800.17
800.18
800.46
801.64
801.67
802.49
802.76
804.50
804.74
804.79
805.09
805.72
805.84
806.17
806.98
807.22
808.04
808.05
808.10
808.13
808.24
808.81
808.84
809.03
809.18
810.05
810.37
810.97
811.64
812.16
812.17
813.87
813.88
814.25
814.49
815.05
815.46
815.59
815.79
816.08
816.19
816.73
817.46
819.22
819.33
819.92
820.91
821.22
822.49
822.83
822.96
823.12
823.14
823.20
823.72
823.98
824.08
825.11
825.19
825.26
826.23
826.55
826.82
827.33
827.89
828.18
828.50
828.64
828.73
829.23
829.24
829.41
829.76
829.79
830.97
831.16
831.20
832.86
833.23
833.40
833.76
833.79
833.92
834.54
835.08
835.26
835.46
836.40
836.64
836.81
837.94
838.32
839.67
839.95
840.10
840.40
840.91
840.93
840.99
841.38
841.81
841.86
841.87
842.66
842.71
843.26
843.33
843.45
843.57
843.64
843.68
843.74
844.17
844.63
845.38
845.76
846.15
846.59
846.65
846.86
846.96
847.14
847.59
847.69
847.76
847.91
848.06
848.37
848.71
849.02
849.47
849.55
849.76
850.15
850.72
850.79
851.24
851.48
851.98
851.98
852.05
852.29
852.80
852.85
852.94
853.33
853.38
854.93
855.51
855.64
856.05
856.57
856.71
856.72
857.16
857.59
857.89
858.40
858.45
859.11
859.58
860.22
860.30
860.49
860.67
860.98
861.38
861.48
861.61
861.64
861.80
862.47
863.04
864.61
864.88
865.22
865.58
865.79
865.83
865.91
866.24
866.64
867.40
868.61
869.09
869.48
869.51
869.55
869.71
869.75
871.28
871.43
871.52
872.12
872.42
872.64
872.91
873.64
873.87
874.46
874.69
875.15
876.01
876.87
877.05
877.30
877.40
877.55
877.79
878.53
878.83
879.04
879.10
879.25
880.01
880.92
880.94
881.11
881.33
881.79
881.81
881.87
882.66
882.72
883.37
883.72
884.15
884.65
884.84
885.25
885.84
886.31
886.58
886.61
886.62
887.03
887.12
887.18
887.84
887.84
888.06
889.20
890.04
890.28
890.34
890.42
890.55
890.94
891.56
892.01
892.13
892.55
892.59
893.33
893.77
894.55
894.76
895.33
895.37
895.63
895.72
895.96
896.15
896.28
896.63
896.65
897.04
897.54
897.54
897.64
898.19
898.45
899.50
899.77
899.85
900.23
900.56
900.91
901.14
901.27
902.66
903.03
903.17
903.26
903.76
903.86
904.12
904.24
904.31
905.39
905.41
905.45
905.45
905.90
906.07
906.76
907.02
908.10
908.88
910.36
910.44
910.52
910.65
912.18
913.56
913.78
913.84
914.25
914.29
914.51
914.63
914.72
916.38
916.53
916.86
916.99
917.59
917.67
917.94
918.10
918.59
918.72
919.38
919.76
919.83
920.03
920.39
920.54
920.78
921.11
921.88
922.18
922.92
922.93
922.93
923.59
923.86
923.88
923.96
924.14
924.49
924.90
927.97
928.09
928.29
928.77
928.88
929.74
929.84
929.90
929.91
930.28
930.51
931.56
931.83
933.02
933.22
933.28
933.40
934.12
934.81
935.06
935.10
935.33
935.39
936.22
936.36
936.98
937.36
937.41
937.85
938.02
938.39
940.54
942.83
942.96
943.02
943.12
943.28
943.40
943.47
943.61
943.63
943.89
944.92
945.53
945.78
945.86
946.52
946.75
946.88
946.91
946.94
947.09
947.36
947.40
947.54
948.30
948.50
949.07
949.12
949.45
949.94
950.34
950.56
951.20
951.27
952.00
952.01
952.14
952.63
952.95
953.05
953.09
953.58
953.68
954.14
954.34
954.35
955.37
955.78
956.17
956.45
956.54
956.82
956.90
957.14
958.42
958.85
958.86
959.70
959.70
959.94
960.06
960.32
960.33
960.50
960.76
961.21
961.38
961.68
961.86
962.84
963.28
964.12
964.36
964.73
964.82
965.64
966.33
966.64
967.14
967.35
967.73
968.22
969.14
969.47
971.46
971.68
971.80
972.03
972.13
972.59
973.52
973.57
974.08
974.26
975.31
975.61
975.62
975.66
975.85
975.86
977.29
977.60
979.08
979.76
979.97
980.05
980.72
981.05
981.65
981.74
981.80
982.10
982.47
982.63
982.95
984.33
984.81
985.16
985.31
985.47
985.59
986.10
986.50
986.57
987.26
987.79
987.80
987.88
988.30
988.34
988.58
988.74
989.02
989.10
989.35
989.55
989.65
989.69
990.28
991.23
991.47
991.86
992.07
992.17
992.34
992.79
992.92
993.18
993.23
993.34
993.62
993.79
994.04
994.17
994.43
994.60
995.74
995.76
995.80
996.13
997.03
997.16
997.80
998.69
998.82
999.01
999.26
999.49
1000.76
1001.11
1001.42
1001.82
1001.95
1002.24
1002.65
1004.72
1005.51
1005.85
1005.85
1006.28
1006.66
1006.91
1007.45
1007.65
1009.43
1009.82
1010.12
1010.38
1010.47
1010.55
1011.50
1011.73
1011.76
1011.77
1012.03
1012.06
1012.21
1012.22
1012.30
1012.73
1012.95
1013.38
1013.67
1014.00
1014.22
1014.45
1015.03
1015.36
1015.39
1015.70
1016.85
1017.42
1017.61
1017.82
1018.84
1018.96
1019.00
1019.12
1019.36
1019.46
1019.56
1019.98
1020.95
1021.86
1022.02
1022.62
1022.72
1022.93
1023.50
1023.90
1024.05
1024.31
1025.07
1025.18
1026.22
1026.82
1026.82
1026.87
1027.25
1027.44
1027.70
1028.29
1028.60
1029.97
1031.44
1032.56
1033.51
1034.12
1034.73
1035.80
1035.81
1035.84
1036.07
1036.99
1037.01
1037.24
1037.24
1037.26
1037.38
1037.81
1037.85
1038.23
1038.29
1038.44
1038.61
1039.19
1039.28
1040.77
1040.81
1040.85
1041.53
1042.17
1042.25
1042.25
1042.53
1043.22
1043.77
1043.81
1044.89
1045.02
1045.02
1045.63
1046.36
1047.52
1047.99
1048.51
1049.08
1049.15
1049.85
1049.87
1050.24
1050.60
1051.07
1051.80
1052.24
1052.73
1052.80
1053.58
1053.79
1054.06
1054.30
1054.79
1054.92
1055.59
1056.25
1056.53
1057.88
1058.21
1058.53
1059.12
1059.39
1060.71
1060.93
1060.93
1061.59
1061.81
1062.43
1062.72
1063.09
1063.80
1063.90
1064.10
1066.16
1066.67
1068.14
1068.57
1069.62
1070.08
1070.49
1070.53
1071.74
1071.99
1072.12
1072.17
1072.98
1073.46
1073.50
1073.62
1075.28
1075.52
1075.77
1075.85
1075.96
1076.19
1076.29
1076.41
1077.63
1078.26
1078.92
1079.71
1080.12
1080.19
1080.36
1081.97
1082.01
1082.07
1082.55
1082.56
1082.56
1083.00
1083.10
1083.17
1083.63
1083.74
1083.80
1084.21
1084.38
1084.78
1086.28
1086.30
1086.30
1086.43
1088.08
1088.52
1088.93
1089.27
1089.76
1089.85
1090.26
1091.14
1091.24
1091.74
1092.35
1092.58
1092.82
1092.96
1093.00
1093.17
1093.30
1093.34
1093.84
1094.32
1094.77
1094.92
1094.95
1094.98
1095.94
1095.95
1096.13
1096.30
1096.38
1096.77
1096.96
1097.35
1097.61
1098.41
1099.15
1099.79
1099.87
1100.18
1100.18
1100.22
1100.80
1100.86
1100.94
1100.96
1101.05
1101.12
1101.30
1102.23
1102.74
1103.08
1103.08
1103.15
1103.48
1103.83
1104.24
1104.24
1104.85
1105.37
1106.98
1107.60
1107.62
1108.81
1108.82
1109.60
1109.93
1110.04
1110.50
1110.58
1110.79
1111.79
1112.86
1113.20
1113.23
1113.25
1113.69
1114.03
1114.48
1115.04
1116.43
1116.54
1116.72
1117.22
1117.45
1117.85
1118.49
1118.61
1118.87
1118.96
1119.55
1119.64
1119.75
1119.96
1120.04
1120.19
1120.68
1121.44
1121.53
1121.71
1122.12
1122.67
1122.79
1122.84
1123.17
1124.03
1124.26
1124.80
1124.86
1125.05
1125.09
1125.34
1125.52
1125.64
1125.95
1126.39
1126.42
1126.44
1126.44
1127.06
1127.34
1128.23
1128.67
1128.89
1129.10
1129.14
1129.49
1130.53
1131.16
1131.20
1131.47
1131.88
1132.04
1132.27
1132.47
1132.51
1132.93
1133.15
1133.73
1134.01
1134.35
1134.91
1135.00
1135.29
1137.50
1138.21
1138.74
1139.00
1139.32
1139.88
1140.06
1140.46
1140.52
1141.11
1141.14
1141.20
1141.26
1141.32
1142.24
1142.83
1143.21
1143.93
1144.55
1144.55
1145.06
1145.55
1146.11
1146.50
1146.93
1147.05
1147.13
1147.53
1148.36
1149.39
1149.43
1149.53
1149.75
1149.76
1149.94
1150.50
1150.73
1150.96
1151.23
1151.59
1152.75
1153.30
1153.44
1153.94
1153.98
1154.00
1154.08
1154.74
1155.01
1155.91
1156.96
1156.96
1157.36
1157.99
1158.42
1158.48
1159.07
1159.44
1159.53
1160.49
1161.37
1161.38
1161.45
1161.65
1162.02
1162.13
1162.26
1162.40
1163.20
1163.26
1163.42
1164.07
1164.11
1164.22
1164.54
1166.34
1166.77
1167.12
1167.34
1167.63
1168.60
1168.84
1169.22
1170.01
1170.16
1170.27
1170.33
1170.38
1170.63
1170.85
1172.76
1172.83
1173.40
1174.62
1174.69
1175.47
1176.19
1176.62
1176.89
1177.52
1177.83
1177.97
1178.53
1178.73
1179.61
1181.03
1181.06
1181.19
1181.29
1181.70
1182.26
1182.58
1183.25
1183.26
1183.30
1183.69
1183.73
1184.90
1184.91
1185.35
1185.78
1186.54
1186.82
1187.08
1187.13
1187.52
1187.62
1188.44
1188.90
1188.93
1189.25
1189.56
1189.77
1189.81
1190.14
1191.26
1191.61
1191.75
1191.93
1191.96
1192.11
1192.42
1193.31
1194.19
1194.99
1195.10
1195.28
1195.33
1195.42
1195.94
1196.63
1197.46
1197.50
1197.57
1197.80
1198.72
1198.73
1199.28
1199.58
1200.34
1200.69
1201.25
1201.88
1202.02
1202.03
1202.44
1202.63
1202.79
1202.97
1203.39
1203.52
1203.53
1203.66
1205.31
1206.45
1206.62
1207.01
1207.27
1207.66
1207.73
1208.38
1209.80
1209.97
1210.12
1210.14
1210.39
1210.40
1210.67
1211.81
1211.92
1212.29
1212.50
1213.44
1213.60
1213.81
1213.82
1214.12
1215.03
1215.70
1216.49
1217.03
1217.45
1217.46
1218.01
1218.16
1218.36
1219.22
1219.59
1219.73
1220.10
1220.59
1221.17
1221.30
1221.50
1221.57
1221.71
1222.00
1222.12
1223.33
1224.20
1224.43
1225.20
1226.04
1226.11
1226.52
1227.16
1227.42
1227.54
1227.86
1228.55
1228.70
1228.86
1229.19
1229.22
1229.23
1229.88
1230.66
1231.40
1231.91
1231.99
1232.09
1232.21
1233.14
1233.15
1233.16
1233.60
1233.63
1235.78
1236.77
1237.51
1237.65
1237.93
1239.21
1239.84
1239.89
1240.11
1240.19
1240.24
1240.55
1240.78
1241.35
1242.17
1242.46
1242.47
1243.25
1243.38
1243.57
1244.33
1245.27
1245.75
1245.81
1246.60
1247.86
1249.48
1249.90
1250.83
1251.12
1251.39
1251.74
1251.79
1252.02
1252.17
1252.65
1252.91
1252.96
1254.49
1254.89
1255.32
1255.42
1255.43
1255.50
1256.69
1257.16
1257.39
1257.41
1257.59
1257.69
1259.35
1260.12
1261.90
1263.05
1264.69
1264.75
1265.06
1265.19
1265.23
1265.30
1265.52
1266.40
1267.04
1267.88
1268.30
1269.15
1269.33
1269.95
1270.79
1270.82
1270.96
1271.16
1272.12
1273.17
1273.98
1274.03
1274.47
1277.24
1277.46
1277.61
1277.70
1278.02
1278.04
1278.14
1278.39
1278.80
1279.15
1279.62
1279.66
1279.70
1280.71
1280.77
1281.56
1281.63
1282.20
1282.93
1283.03
1283.52
1283.53
1283.68
1284.02
1284.03
1284.60
1284.98
1286.06
1286.07
1286.09
1286.13
1287.75
1288.80
1288.94
1288.96
1290.21
1291.92
1292.45
1292.48
1292.98
1295.18
1295.92
1296.17
1296.75
1297.17
1297.24
1297.83
1298.39
1299.69
1299.76
1300.98
1301.35
1302.08
1302.44
1302.70
1302.74
1302.80
1302.81
1302.98
1303.35
1303.36
1303.56
1304.28
1304.49
1304.50
1304.60
1305.24
1305.55
1306.00
1306.20
1306.28
1306.66
1307.34
1308.04
1308.38
1308.63
1308.77
1308.91
1309.51
1310.29
1310.45
1310.94
1311.38
1311.78
1312.19
1312.20
1312.53
1313.48
1313.67
1313.88
1314.02
1314.28
1314.45
1315.02
1316.29
1316.84
1317.64
1317.90
1318.01
1318.08
1318.87
1318.87
1319.49
1319.57
1320.29
1320.41
1321.18
1321.89
1322.31
1322.62
1323.04
1323.24
1324.70
1325.07
1325.13
1325.73
1325.81
1325.86
1326.55
1327.99
1328.65
1330.04
1330.33
1331.56
1332.45
1332.52
1332.97
1333.08
1333.66
1334.02
1334.38
1334.67
1336.42
1336.69
1337.30
1338.17
1338.29
1339.07
1339.21
1340.30
1341.61
1341.69
1342.04
1342.77
1343.19
1343.73
1343.96
1344.28
1344.56
1345.41
1346.64
1347.59
1348.36
1349.13
1349.48
1350.17
1350.78
1351.21
1351.73
1351.98
1352.03
1353.40
1353.43
1353.87
1354.25
1354.50
1354.57
1355.01
1355.36
1355.67
1355.78
1355.95
1356.16
1356.22
1356.76
1357.17
1359.30
1359.92
1360.67
1360.67
1360.79
1362.20
1362.26
1362.36
1362.88
1363.14
1363.17
1363.31
1363.53
1363.82
1364.15
1364.31
1364.35
1364.68
1364.80
1364.96
1365.21
1365.88
1366.25
1366.66
1367.35
1368.27
1369.01
1369.53
1369.55
1369.75
1369.96
1370.51
1370.72
1371.37
1372.23
1372.47
1372.57
1373.24
1373.34
1374.91
1375.22
1375.46
1376.27
1376.45
1377.27
1378.73
1379.14
1380.05
1380.38
1380.48
1380.66
1380.75
1380.76
1382.03
1382.57
1382.60
1383.22
1383.59
1383.59
1383.68
1383.68
1383.95
1384.55
1385.60
1386.14
1386.14
1386.30
1386.42
1386.81
1387.16
1387.26
1387.29
1387.83
1387.88
1388.69
1388.86
1389.22
1389.34
1389.67
1389.97
1392.66
1394.29
1394.43
1394.49
1395.03
1395.75
1396.07
1396.53
1396.54
1397.02
1397.05
1397.07
1397.66
1397.95
1398.40
1398.55
1398.85
1400.17
1400.50
1400.58
1400.67
1400.70
1401.25
1401.37
1401.38
1401.61
1402.04
1402.13
1402.42
1402.46
1402.93
1403.02
1403.69
1404.68
1404.74
1406.41
1407.05
1408.18
1408.27
1408.32
1408.42
1408.74
1409.03
1409.14
1410.54
1411.05
1412.85
1412.91
1413.18
1413.48
1413.51
1413.51
1414.26
1414.91
1416.14
1417.03
1418.02
1418.04
1418.12
1418.30
1418.84
1419.01
1419.22
1419.88
1422.62
1423.45
1423.45
1424.19
1424.81
1425.19
1425.39
1427.23
1427.52
1427.58
1428.25
1429.30
1430.32
1431.16
1432.32
1432.41
1432.74
1433.82
1434.55
1434.96
1434.97
1435.34
1435.83
1436.48
1437.46
1437.92
1437.99
1438.02
1438.50
1439.23
1439.33
1439.82
1440.87
1442.74
1443.21
1443.27
1443.88
1443.96
1445.21
1446.07
1448.62
1451.07
1451.19
1452.43
1452.84
1453.13
1453.91
1454.27
1454.42
1454.42
1454.43
1454.56
1454.57
1455.79
1456.04
1456.76
1456.90
1457.16
1457.68
1457.82
1457.85
1459.84
1461.07
1461.18
1461.37
1461.39
1463.08
1463.37
1463.75
1463.76
1464.05
1464.11
1464.38
1465.44
1466.01
1467.12
1467.14
1467.17
1467.62
1467.66
1468.17
1468.63
1469.03
1469.28
1469.62
1469.79
1470.00
1470.17
1470.24
1470.80
1470.91
1471.59
1471.86
1471.96
1472.15
1472.45
1473.04
1473.06
1473.61
1473.87
1473.98
1474.43
1474.70
1475.35
1476.22
1476.57
1476.65
1477.06
1477.43
1477.54
1478.21
1478.68
1479.09
1479.14
1481.58
1482.22
1482.60
1483.15
1485.94
1486.15
1486.52
1486.91
1487.42
1487.55
1488.00
1488.82
1489.39
1489.79
1489.81
1490.16
1491.11
1491.34
1492.03
1492.57
1492.57
1493.00
1493.52
1493.78
1493.79
1493.91
1493.94
1494.26
1495.10
1495.17
1495.48
1495.88
1496.33
1496.64
1496.64
1498.16
1498.29
1498.41
1498.83
1499.12
1499.72
1500.47
1500.76
1501.36
1501.83
1502.04
1502.40
1502.66
1503.20
1503.28
1504.16
1504.61
1504.71
1504.78
1505.08
1505.46
1505.46
1506.71
1506.78
1507.22
1507.63
1508.00
1508.85
1509.39
1509.68
1510.17
1510.29
1510.37
1510.88
1511.02
1511.68
1512.48
1512.74
1513.66
1513.97
1514.13
1514.15
1515.36
1516.10
1516.51
1516.76
1516.76
1516.86
1517.76
1518.14
1518.33
1520.37
1522.17
1523.34
1523.48
1523.63
1523.83
1524.03
1524.39
1524.89
1525.22
1525.36
1525.86
1526.21
1526.62
1527.11
1527.51
1527.53
1528.60
1529.08
1529.28
1529.86
1530.06
1531.07
1531.60
1531.67
1531.70
1532.33
1532.69
1532.84
1533.03
1533.66
1533.79
1534.34
1535.25
1536.40
1537.23
1537.63
1537.71
1537.81
1538.08
1538.14
1538.59
1538.92
1539.34
1539.51
1539.72
1539.96
1540.06
1540.89
1541.12
1541.14
1541.97
1542.01
1543.48
1543.56
1544.18
1544.90
1545.20
1545.83
1546.07
1546.64
1546.67
1546.92
1547.44
1547.61
1547.83
1548.88
1549.07
1549.08
1549.47
1549.77
1551.95
1552.74
1552.77
1553.29
1553.41
1553.98
1554.22
1554.57
1554.67
1554.82
1554.89
1555.19
1555.55
1555.90
1556.26
1556.34
1557.33
1558.78
1559.53
1559.76
1560.62
1560.67
1560.99
1561.37
1561.87
1563.07
1564.32
1564.38
1564.56
1565.19
1565.68
1566.12
1567.37
1568.21
1570.07
1570.09
1570.97
1571.16
1571.30
1571.62
1571.64
1573.07
1573.20
1573.66
1573.81
1575.59
1575.88
1578.44
1580.47
1580.79
1581.17
1581.21
1581.53
1581.58
1582.11
1582.15
1582.64
1583.12
1583.69
1584.29
1584.60
1585.01
1585.99
1586.04
1586.07
1587.32
1587.69
1587.99
1588.10
1588.20
1588.63
1588.73
1589.75
1590.61
1590.95
1591.49
1591.99
1592.04
1592.31
1593.55
1593.59
1593.73
1593.92
1594.62
1595.00
1595.06
1595.23
1595.54
1597.52
1597.56
1598.35
1598.39
1598.48
1598.74
1599.67
1599.89
1600.74
1601.19
1601.49
1601.87
1602.03
1603.46
1604.07
1604.66
1604.66
1605.36
1605.76
1609.30
1609.34
1609.72
1609.84
1609.95
1610.44
1610.91
1611.08
1611.22
1612.91
1613.19
1614.64
1614.69
1614.83
1615.50
1615.69
1616.88
1617.30
1618.03
1618.72
1619.24
1619.59
1619.61
1620.71
1621.15
1622.17
1622.26
1622.49
1624.51
1625.00
1625.10
1625.30
1625.49
1625.67
1626.21
1626.48
1627.69
1628.84
1630.72
1630.74
1631.29
1631.59
1633.27
1633.44
1633.87
1634.01
1634.24
1634.93
1635.25
1635.80
1636.24
1637.57
1638.33
1638.51
1638.58
1639.29
1639.57
1640.12
1640.35
1640.85
1640.94
1640.99
1641.27
1642.45
1643.51
1645.10
1646.95
1647.48
1648.04
1649.16
1650.37
1650.78
1651.62
1652.18
1653.30
1653.54
1653.98
1654.23
1654.40
1654.49
1654.83
1654.99
1655.09
1655.11
1655.47
1655.81
1657.75
1658.02
1658.37
1658.64
1659.11
1659.31
1659.34
1659.40
1659.42
1660.33
1661.01
1661.63
1661.97
1662.07
1662.16
1662.54
1663.35
1664.88
1666.67
1666.99
1667.08
1667.08
1667.89
1668.29
1669.28
1670.60
1671.78
1672.00
1674.60
1675.69
1676.36
1676.61
1678.41
1678.65
1678.70
1679.27
1680.06
1680.94
1681.45
1682.37
1682.50
1682.65
1682.72
1682.85
1682.92
1683.27
1683.61
1683.74
1684.03
1685.14
1685.84
1686.15
1686.44
1686.64
1686.97
1687.02
1687.30
1687.57
1687.81
1688.39
1688.70
1688.96
1689.47
1689.96
1692.80
1693.53
1694.21
1695.37
1696.76
1696.78
1697.09
1697.48
1700.36
1700.64
1701.71
1701.76
1701.98
1702.19
1703.05
1703.92
1704.05
1704.12
1706.54
1706.78
1707.13
1707.24
1707.91
1708.13
1708.40
1708.61
1708.74
1709.14
1709.42
1709.51
1710.03
1710.88
1711.33
1713.38
1713.85
1714.13
1714.20
1714.70
1714.94
1716.15
1716.32
1716.84
1717.95
1718.38
1718.94
1718.97
1719.51
1719.61
1720.61
1721.04
1721.60
1721.63
1722.08
1722.79
1723.50
1723.54
1723.72
1723.80
1724.62
1724.79
1725.12
1725.79
1725.87
1726.73
1727.94
1728.45
1728.90
1729.14
1729.23
1729.61
1729.93
1730.06
1730.66
1730.92
1731.50
1732.34
1734.67
1736.28
1736.38
1736.47
1738.16
1738.69
1739.14
1740.57
1741.06
1741.34
1741.96
1742.51
1743.00
1743.30
1746.19
1746.29
1747.12
1747.91
1748.06
1748.74
1748.84
1749.35
1749.96
1750.60
1750.69
1750.71
1753.01
1753.31
1754.26
1754.49
1754.87
1755.36
1757.43
1757.68
1759.68
1760.44
1760.59
1761.39
1761.68
1762.38
1762.46
1762.65
1763.11
1763.78
1763.85
1765.49
1766.10
1766.37
1767.31
1767.31
1768.25
1768.25
1768.78
1769.01
1769.24
1769.39
1771.39
1771.98
1772.31
1772.88
1773.50
1773.55
1773.84
1774.84
1776.26
1776.30
1776.61
1776.90
1777.22
1778.01
1778.03
1778.07
1778.24
1778.38
1778.80
1781.86
1785.43
1786.81
1787.64
1788.55
1788.89
1789.88
1790.35
1790.93
1791.10
1791.16
1791.41
1791.82
1791.99
1792.03
1792.28
1793.72
1794.67
1795.82
1797.63
1798.23
1798.25
1800.35
1800.94
1801.73
1802.51
1802.79
1803.18
1803.33
1804.29
1804.41
1805.07
1805.31
1805.72
1806.07
1806.81
1806.97
1807.79
1808.00
1808.73
1808.92
1809.33
1811.25
1812.74
1815.12
1815.59
1815.81
1815.98
1817.79
1817.89
1818.32
1818.44
1818.70
1818.81
1819.46
1820.15
1820.70
1820.98
1822.02
1822.69
1822.91
1825.20
1825.28
1826.68
1828.19
1828.96
1829.95
1829.99
1832.11
1832.40
1833.10
1833.83
1838.04
1838.42
1838.94
1839.65
1840.05
1840.29
1840.85
1841.17
1841.51
1842.68
1843.10
1843.68
1843.74
1843.86
1844.18
1845.54
1847.07
1848.49
1849.11
1849.43
1850.57
1850.77
1850.84
1852.10
1852.16
1852.62
1853.06
1853.44
1858.00
1858.82
1859.00
1859.08
1859.14
1859.53
1860.49
1861.60
1861.96
1862.02
1864.26
1866.14
1866.68
1867.83
1868.40
1868.95
1869.73
1870.85
1870.91
1871.29
1871.66
1872.45
1872.61
1873.50
1873.91
1874.84
1875.29
1875.81
1877.17
1877.48
1877.95
1878.82
1879.08
1880.83
1881.02
1884.77
1885.48
1886.13
1886.74
1887.40
1888.17
1889.58
1889.71
1890.05
1891.14
1891.90
1892.06
1892.12
1892.51
1892.84
1893.02
1893.70
1894.05
1894.52
1894.58
1896.24
1897.08
1898.27
1899.57
1900.92
1901.03
1901.23
1901.23
1901.38
1902.34
1902.63
1903.33
1904.40
1904.53
1905.50
1905.89
1905.89
1906.07
1906.38
1907.72
1908.12
1908.40
1908.98
1909.81
1910.16
1910.37
1910.45
1911.46
1913.10
1913.76
1914.09
1915.62
1915.96
1918.94
1920.48
1920.96
1921.44
1922.10
1922.41
1925.22
1926.02
1926.33
1926.50
1927.37
1927.50
1928.58
1928.83
1929.17
1929.54
1930.38
1930.90
1931.92
1932.82
1932.99
1933.09
1933.22
1933.37
1933.45
1934.27
1936.40
1937.89
1937.95
1937.97
1938.12
1938.37
1939.17
1939.82
1940.64
1940.93
1944.00
1944.08
1944.34
1944.38
1944.88
1945.18
1945.60
1945.87
1946.99
1947.07
1947.18
1947.64
1947.73
1949.18
1950.32
1950.34
1951.00
1952.50
1952.58
1954.00
1954.61
1954.86
1955.46
1956.68
1957.81
1959.90
1960.90
1961.37
1961.39
1962.05
1962.26
1962.79
1963.00
1963.96
1964.53
1966.62
1967.38
1969.55
1970.53
1970.56
1971.17
1971.26
1971.47
1971.56
1971.71
1971.92
1975.89
1975.92
1976.60
1976.75
1977.31
1977.35
1977.58
1979.04
1979.27
1979.32
1979.38
1979.75
1980.00
1980.58
1980.99
1981.01
1981.31
1981.89
1982.06
1982.19
1982.79
1983.15
1983.86
1985.92
1986.23
1987.34
1989.60
1990.70
1991.24
1991.76
1992.75
1992.83
1993.07
1993.57
1994.02
1994.69
1996.74
1996.98
1997.28
1997.67
1999.49
1999.96
2002.45
2003.06
2004.38
2004.55
2006.38
2006.53
2007.22
2007.27
2007.38
2007.98
2009.57
2010.77
2010.83
2011.57
2012.01
2012.07
2012.14
2013.01
2013.53
2014.36
2014.77
2014.80
2015.36
2016.28
2016.56
2016.78
2016.91
2018.70
2018.94
2019.47
2019.64
2019.93
2020.93
2021.02
2021.61
2021.65
2022.33
2024.70
2025.62
2025.92
2026.47
2027.11
2027.61
2028.23
2028.45
2028.88
2029.24
2029.28
2030.07
2030.27
2033.79
2035.55
2036.21
2036.25
2037.16
2037.84
2039.27
2040.20
2043.56
2045.11
2046.77
2047.03
2048.29
2048.45
2048.94
2048.96
2048.98
2050.51
2054.33
2054.55
2055.02
2056.02
2056.11
2056.22
2056.58
2056.96
2057.25
2058.54
2058.92
2059.25
2059.41
2060.34
2060.48
2060.77
2060.99
2063.78
2064.76
2065.01
2065.59
2065.63
2066.88
2068.65
2068.70
2069.03
2070.82
2071.45
2073.31
2073.38
2073.76
2074.03
2075.62
2076.48
2077.08
2079.04
2079.35
2080.89
2081.31
2081.58
2081.67
2081.83
2081.97
2083.21
2083.30
2083.70
2084.67
2085.05
2085.33
2086.52
2089.26
2089.57
2090.25
2092.04
2092.11
2092.76
2093.83
2095.59
2097.95
2098.14
2100.22
2100.86
2101.22
2101.57
2102.59
2105.30
2107.26
2108.26
2109.31
2109.93
2110.45
2110.61
2110.82
2111.16
2112.51
2113.17
2113.86
2115.32
2116.31
2116.95
2117.38
2117.38
2118.09
2118.30
2118.44
2118.64
2119.40
2120.02
2120.27
2121.46
2121.49
2121.85
2123.39
2123.42
2124.01
2124.75
2129.10
2129.26
2131.20
2132.86
2133.62
2133.73
2134.24
2134.36
2134.43
2135.35
2135.91
2136.48
2136.90
2137.04
2137.64
2137.99
2138.54
2140.23
2140.28
2141.20
2141.23
2141.99
2142.29
2142.85
2142.85
2142.87
2143.34
2143.62
2143.73
2144.59
2147.00
2147.70
2147.79
2149.72
2150.79
2151.17
2151.56
2151.68
2152.63
2152.75
2152.80
2152.82
2153.70
2153.80
2155.36
2155.83
2157.72
2158.16
2158.53
2159.63
2159.77
2162.27
2162.30
2164.22
2164.61
2165.20
2165.27
2165.46
2166.11
2167.00
2167.94
2168.76
2168.81
2169.00
2170.67
2170.78
2171.09
2171.86
2172.29
2172.66
2172.87
2173.04
2173.39
2174.36
2174.38
2174.99
2175.39
2175.53
2175.77
2176.12
2176.87
2176.90
2178.01
2179.44
2179.56
2179.56
2180.72
2181.87
2182.13
2183.79
2184.66
2185.70
2186.29
2187.00
2187.64
2188.35
2189.23
2192.05
2192.71
2193.12
2194.09
2194.75
2195.85
2196.51
2198.18
2198.18
2199.15
2199.46
2199.48
2200.22
2200.63
2200.98
2201.03
2201.60
2202.58
2203.70
2204.25
2205.42
2205.56
2208.48
2209.41
2210.20
2210.79
2212.13
2212.90
2213.19
2214.89
2216.35
2216.59
2216.78
2217.02
2218.13
2218.75
2219.64
2219.88
2220.21
2220.67
2221.18
2222.09
2222.14
2222.40
2223.77
2226.52
2228.40
2228.49
2229.51
2229.55
2229.70
2230.59
2230.81
2231.12
2231.44
2232.09
2232.64
2234.14
2234.84
2235.35
2235.47
2236.37
2236.88
2237.63
2237.80
2238.72
2238.89
2239.32
2239.64
2240.27
2242.45
2244.44
2244.46
2245.00
2245.07
2245.10
2248.06
2249.08
2249.64
2251.40
2253.59
2254.15
2255.71
2257.05
2257.18
2258.25
2258.96
2258.98
2259.16
2260.23
2260.50
2260.50
2261.06
2261.14
2261.50
2262.34
2262.73
2263.41
2265.01
2265.42
2266.13
2266.40
2266.99
2267.24
2268.39
2269.89
2269.99
2271.39
2271.78
2272.05
2273.25
2273.45
2273.70
2275.64
2275.74
2276.28
2278.38
2279.95
2280.45
2281.26
2281.90
2283.58
2283.93
2285.22
2285.64
2287.00
2288.85
2289.35
2289.74
2290.19
2290.79
2290.83
2291.36
2291.68
2292.12
2292.87
2294.56
2294.80
2296.05
2298.76
2299.43
2299.68
2299.78
2300.62
2300.82
2301.67
2301.89
2302.61
2304.41
2306.25
2309.95
2310.63
2311.40
2311.55
2312.53
2313.65
2314.00
2315.05
2317.11
2317.89
2318.29
2320.04
2320.62
2321.35
2321.40
2323.18
2324.72
2325.88
2326.28
2326.50
2327.23
2327.46
2327.49
2327.61
2328.17
2328.27
2328.32
2328.57
2329.93
2329.98
2330.41
2331.37
2332.12
2332.12
2332.93
2332.98
2333.51
2334.04
2335.21
2335.63
2336.22
2336.57
2337.46
2339.25
2339.30
2339.88
2339.93
2340.14
2340.82
2343.20
2343.79
2344.57
2346.35
2346.45
2347.42
2349.91
2352.70
2354.67
2355.68
2356.53
2358.21
2358.97
2360.97
2361.63
2363.68
2364.09
2364.57
2364.80
2365.95
2366.21
2367.90
2368.41
2369.31
2370.98
2371.44
2371.54
2372.39
2373.90
2374.13
2377.50
2377.94
2379.12
2379.17
2379.97
2382.44
2382.47
2382.68
2383.42
2385.36
2386.21
2386.52
2386.81
2386.96
2387.55
2389.26
2389.85
2389.88
2393.48
2393.94
2394.36
2394.69
2396.59
2398.77
2399.21
2399.49
2399.57
2399.86
2401.86
2401.99
2403.75
2404.80
2405.37
2405.65
2405.99
2407.95
2408.23
2408.31
2408.96
2409.20
2409.38
2412.04
2413.87
2414.15
2414.76
2415.20
2415.46
2415.75
2416.22
2416.79
2417.76
2417.81
2418.21
2418.23
2418.68
2419.49
2419.78
2420.09
2420.69
2421.16
2422.89
2423.08
2423.34
2423.65
2426.80
2426.86
2426.93
2427.35
2427.41
2427.49
2429.82
2432.35
2433.38
2433.67
2433.98
2434.35
2434.88
2435.62
2436.12
2436.80
2437.46
2437.94
2438.41
2439.39
2440.47
2441.74
2442.77
2442.82
2443.30
2443.53
2444.57
2444.78
2445.04
2445.31
2446.13
2446.21
2446.92
2448.43
2448.83
2448.83
2449.41
2450.07
2450.44
2451.40
2451.77
2451.85
2452.12
2452.57
2453.28
2453.87
2456.34
2456.68
2456.92
2457.27
2459.53
2459.58
2460.70
2461.74
2461.87
2462.40
2462.43
2462.46
2462.62
2463.39
2463.42
2465.31
2465.79
2466.00
2467.53
2468.09
2471.08
2471.35
2471.75
2471.93
2475.71
2476.51
2476.78
2477.34
2478.58
2479.60
2480.37
2480.70
2481.93
2483.87
2483.97
2487.42
2488.06
2488.09
2489.38
2491.46
2491.54
2492.48
2493.99
2494.07
2494.29
2494.99
2496.07
2496.91
2498.01
2498.10
2499.91
2500.99
2501.04
2501.10
2501.42
2503.21
2504.43
2505.16
2505.81
2505.84
2506.52
2507.79
2509.04
2510.42
2510.91
2513.30
2513.77
2514.09
2515.29
2515.64
2517.17
2517.33
2517.77
2518.31
2518.83
2519.87
2520.00
2520.28
2521.59
2522.76
2523.30
2523.71
2523.77
2525.05
2526.04
2528.72
2529.10
2529.70
2530.00
2530.96
2530.99
2532.44
2535.62
2535.87
2536.33
2536.58
2537.68
2538.61
2538.91
2539.05
2539.90
2540.32
2540.87
2540.87
2541.39
2541.64
2542.60
2546.26
2546.98
2548.74
2550.18
2552.13
2552.33
2553.02
2553.32
2553.76
2553.82
2555.40
2555.51
2555.75
2557.66
2559.60
2559.88
2560.49
2561.90
2563.79
2564.15
2564.87
2564.92
2567.92
2568.59
2568.62
2569.54
2569.84
2573.37
2573.40
2574.46
2575.38
2575.44
2578.56
2578.78
2579.03
2579.12
2579.62
2580.01
2580.74
2581.13
2583.31
2584.37
2584.90
2585.82
2586.58
2586.83
2586.94
2588.48
2588.90
2590.08
2590.11
2590.56
2590.64
2590.70
2591.23
2592.49
2593.81
2594.85
2596.90
2597.38
2598.42
2598.58
2600.98
2600.98
2601.17
2601.37
2603.31
2604.89
2605.06
2605.71
2606.13
2606.44
2607.54
2607.88
2609.71
2611.04
2611.86
2613.19
2614.09
2614.58
2616.13
2617.52
2619.08
2620.15
2620.83
2621.37
2622.03
2624.24
2627.56
2628.22
2628.81
2628.99
2630.18
2631.32
2632.97
2633.57
2633.60
2634.25
2636.16
2636.79
2638.45
2641.27
2642.25
2642.85
2643.70
2645.08
2645.25
2647.11
2647.22
2648.17
2649.37
2649.75
2650.61
2651.44
2651.64
2651.90
2655.11
2657.10
2660.92
2661.53
2662.36
2662.42
2662.65
2662.85
2663.11
2663.17
2663.40
2665.91
2666.57
2667.24
2667.52
2667.61
2668.33
2668.65
2669.17
2669.34
2671.25
2671.37
2671.97
2672.61
2673.42
2673.65
2674.05
2674.52
2675.21
2676.28
2679.67
2680.34
2681.01
2683.50
2683.65
2683.68
2684.17
2685.74
2687.08
2687.19
2687.19
2687.83
2690.25
2691.15
2691.30
2692.05
2692.34
2692.96
2693.95
2695.00
2696.60
2696.98
2697.62
2698.99
2699.96
2700.51
2701.48
2703.70
2704.37
2704.52
2705.92
2705.92
2706.71
2706.77
2706.86
2706.89
2707.04
2708.36
2710.47
2711.40
2712.20
2714.43
2717.01
2717.75
2719.54
2720.31
2720.43
2720.87
2721.37
2724.55
2724.79
2725.11
2726.53
2729.71
2733.53
2734.56
2735.18
2735.95
2738.20
2738.23
2738.47
2738.77
2741.70
2742.32
2743.36
2744.19
2744.73
2745.92
2746.01
2747.97
2748.68
2749.93
2750.50
2750.56
2750.59
2750.73
2752.76
2752.97
2754.58
2754.84
2755.17
2756.22
2757.38
2757.74
2757.86
2757.95
2758.72
2760.04
2760.57
2761.77
2765.12
2765.39
2766.37
2767.57
2767.72
2769.19
2769.91
2771.59
2772.04
2774.41
2778.76
2779.27
2779.94
2780.06
2783.04
2783.43
2784.42
2787.29
2787.74
2788.22
2789.37
2790.48
2790.73
2792.11
2792.21
2793.14
2795.08
2798.41
2799.13
2799.50
2799.56
2801.19
2801.98
2803.13
2804.59
2805.38
2806.44
2807.56
2807.96
2809.60
2810.15
2810.73
2812.03
2813.86
2814.01
2814.53
2815.72
2816.84
2817.00
2818.19
2818.67
2823.99
2825.45
2826.89
2827.20
2827.69
2827.81
2828.82
2828.88
2829.58
2831.42
2832.25
2832.46
2832.80
2833.01
2834.64
2835.10
2835.65
2835.80
2836.08
2836.20
2841.15
2841.36
2843.27
2845.15
2846.29
2847.40
2848.50
2848.54
2848.60
2849.28
2849.68
2850.35
2851.03
2851.31
2854.92
2855.11
2859.19
2859.68
2860.70
2860.77
2861.35
2861.48
2861.85
2863.55
2864.30
2864.55
2866.47
2867.03
2867.52
2869.29
2872.09
2872.74
2873.92
2874.98
2875.63
2875.82
2876.38
2876.41
2876.44
2879.18
2879.21
2879.34
2881.49
2882.80
2883.58
2883.73
2884.11
2884.79
2886.26
2887.32
2887.60
2887.98
2888.07
2888.07
2888.67
2889.10
2889.45
2890.64
2890.76
2891.39
2891.45
2892.29
2894.42
2895.14
2896.11
2897.12
2897.49
2898.65
2898.69
2899.03
2899.25
2900.69
2901.48
2901.92
2901.95
2904.27
2904.68
2905.18
2906.95
2908.24
2908.71
2908.83
2908.93
2911.86
2912.27
2912.58
2912.86
2913.53
2913.84
2914.22
2914.31
2914.85
2914.85
2916.21
2916.87
2918.20
2918.23
2920.00
2921.92
2923.92
2924.99
2925.75
2926.10
2926.89
2926.92
2927.18
2927.43
2927.49
2927.68
2929.27
2929.33
2930.03
2932.41
2933.33
2933.74
2934.22
2934.47
2935.58
2938.41
2938.95
2939.87
2940.38
2940.41
2940.45
2940.83
2942.36
2942.58
2943.60
2946.11
2946.24
2947.96
2949.65
2950.04
2951.25
2952.30
2952.34
2952.34
2952.56
2952.59
2957.23
2962.16
2962.22
2962.61
2963.31
2965.62
2966.59
2968.87
2969.28
2970.31
2971.02
2971.50
2972.24
2973.21
2973.88
2974.01
2974.14
2975.14
2977.26
2979.36
2980.48
2980.58
2984.87
2985.87
2986.20
2987.52
2988.59
2988.78
2989.82
2990.69
2991.37
2991.79
2991.83
2992.60
2993.22
2993.44
2993.57
2994.03
2995.29
2995.39
2996.17
2997.69
2999.28
2999.28
3000.19
3000.22
3001.45
3004.48
3007.86
3008.71
3009.13
3010.01
3011.34
3011.73
3012.97
3013.04
3014.02
3014.41
3015.71
3016.07
3016.10
3016.23
3016.66
3017.41
3019.66
3022.02
3022.64
3022.90
3024.08
3025.52
3026.01
3028.07
3028.24
3028.24
3029.35
3030.82
3030.86
3031.15
3031.19
3031.42
3031.51
3031.68
3032.96
3032.96
3033.84
3034.37
3035.19
3035.91
3036.24
3040.97
3042.49
3042.88
3043.38
3043.41
3043.97
3044.23
3044.99
3044.99
3045.02
3045.09
3047.50
3049.11
3049.44
3050.50
3050.83
3054.30
3055.68
3055.92
3056.28
3056.51
3057.50
3059.39
3060.48
3060.48
3061.51
3063.63
3063.83
3064.99
3065.39
3066.02
3066.58
3068.47
3068.81
3068.94
3068.97
3071.90
3073.39
3075.42
3075.62
3075.82
3076.19
3076.68
3077.75
3078.72
3078.75
3079.22
3079.62
3079.82
3081.18
3081.52
3081.75
3085.35
3089.73
3090.40
3090.56
3092.44
3094.78
3094.81
3095.75
3096.79
3097.53
3098.30
3099.20
3099.54
3102.42
3102.66
3104.57
3106.69
3109.15
3109.31
3110.02
3111.43
3113.93
3115.75
3123.04
3124.90
3125.84
3127.03
3128.07
3129.19
3129.36
3129.46
3130.07
3130.68
3130.99
3132.00
3133.05
3133.94
3134.17
3136.95
3138.62
3138.79
3138.82
3139.09
3140.42
3140.52
3142.76
3143.04
3143.75
3145.55
3147.32
3148.48
3148.55
3149.71
3150.83
3151.86
3152.16
3152.27
3154.82
3155.61
3157.42
3157.45
3158.31
3159.40
3160.09
3164.12
3164.64
3165.70
3169.54
3170.53
3172.87
3173.79
3174.07
3174.51
3177.71
3178.16
3178.47
3179.22
3179.64
3179.91
3180.32
3181.11
3182.73
3185.76
3186.18
3189.46
3189.49
3190.80
3192.11
3193.74
3196.50
3196.92
3197.58
3197.61
3199.06
3200.79
3201.18
3201.35
3202.18
3204.64
3204.74
3207.31
3207.35
3208.98
3209.71
3209.98
3210.99
3211.03
3215.79
3216.83
3216.87
3218.12
3218.89
3219.20
3221.19
3223.00
3223.31
3224.99
3225.09
3225.76
3226.14
3226.91
3228.20
3229.14
3229.25
3232.99
3233.13
3237.30
3237.58
3238.28
3239.08
3240.31
3242.20
3243.04
3243.68
3244.76
3244.80
3245.96
3247.12
3248.52
3249.89
3251.37
3254.22
3254.96
3256.58
3257.22
3257.57
3258.84
3259.51
3260.50
3260.74
3260.85
3261.66
3263.50
3263.78
3264.10
3264.34
3264.41
3264.48
3264.84
3269.01
3269.75
3270.74
3270.92
3271.06
3273.04
3277.37
3278.54
3281.52
3281.55
3284.54
3284.57
3285.53
3286.28
3288.34
3290.83
3290.90
3292.47
3292.61
3293.83
3294.00
3294.57
3296.25
3297.03
3297.96
3298.18
3301.18
3302.00
3302.46
3305.04
3307.36
3307.40
3307.58
3309.83
3310.15
3310.65
3310.83
3311.84
3312.37
3314.81
3315.82
3316.79
3320.66
3322.64
3322.96
3324.55
3324.76
3327.93
3329.69
3332.79
3333.19
3335.64
3336.08
3336.58
3336.76
3337.05
3337.20
3337.88
3338.46
3338.93
3339.40
3341.68
3342.91
3345.15
3346.16
3347.10
3347.32
3349.10
3353.74
3354.06
3354.83
3354.83
3354.90
3354.97
3355.48
3355.92
3360.20
3362.06
3362.17
3363.37
3366.46
3370.80
3373.65
3373.72
3374.52
3374.70
3375.36
3376.42
3376.68
3376.75
3378.25
3381.10
3383.11
3387.25
3387.51
3388.24
3389.01
3392.09
3393.34
3393.49
3393.78
3395.03
3396.35
3397.53
3397.57
3397.86
3398.63
3398.78
3399.26
3399.37
3401.32
3405.59
3406.03
3406.25
3407.32
3407.47
3410.42
3411.38
3414.48
3416.59
3417.81
3418.66
3420.73
3421.29
3421.47
3421.84
3421.95
3424.29
3424.88
3428.51
3429.44
3431.11
3431.22
3431.67
3434.75
3436.09
3436.91
3438.17
3447.41
3449.20
3450.28
3450.58
3452.63
3452.93
3453.42
3454.13
3454.39
3454.54
3458.02
3458.99
3462.10
3462.40
3464.20
3466.52
3470.42
3471.70
3472.49
3473.20
3473.65
3473.96
3474.75
3475.50
3476.44
3476.85
3476.96
3477.94
3479.03
3482.91
3484.31
3484.80
3485.02
3485.66
3487.48
3488.57
3492.01
3492.01
3492.42
3493.03
3494.84
3496.88
3496.88
3498.21
3498.62
3500.06
3503.66
3503.66
3505.64
3506.17
3507.99
3509.73
3510.76
3512.70
3513.91
3514.07
3516.12
3517.45
3517.68
3520.12
3520.19
3521.49
3525.95
3526.52
3528.12
3529.65
3530.64
3530.72
3531.03
3533.74
3536.00
3536.53
3536.88
3540.05
3540.71
3541.85
3542.16
3544.19
3545.65
3552.26
3553.64
3554.41
3554.87
3555.91
3558.37
3559.41
3559.99
3560.34
3560.84
3561.34
3561.38
3562.07
3564.69
3565.23
3566.47
3568.24
3568.70
3568.86
3569.28
3569.94
3572.92
3573.26
3574.23
3574.93
3575.47
3578.37
3578.87
3579.11
3581.66
3582.71
3583.02
3583.52
3585.04
3585.27
3586.39
3588.22
3589.19
3589.42
3591.29
3593.70
3595.17
3595.68
3597.82
3598.40
3599.57
3600.35
3601.56
3602.22
3606.67
3606.98
3608.85
3610.03
3610.34
3610.73
3611.24
3611.63
3612.76
3613.19
3613.86
3616.67
3617.53
3617.61
3618.12
3621.80
3622.51
3623.96
3624.19
3624.94
3625.68
3627.41
3628.74
3631.57
3634.25
3634.36
3634.84
3635.86
3636.41
3637.16
3638.73
3639.24
3640.23
3641.25
3641.49
3641.72
3642.20
3651.43
3652.38
3655.66
3655.74
3656.45
3656.81
3658.63
3660.29
3660.96
3663.06
3663.26
3664.29
3664.49
3664.53
3666.95
3666.95
3667.11
3668.42
3668.89
3670.05
3670.92
3670.96
3672.47
3673.22
3675.09
3679.63
3680.39
3680.54
3685.57
3688.28
3690.23
3691.71
3697.03
3697.19
3697.63
3699.11
3700.19
3700.55
3700.59
3700.59
3701.07
3701.23
3702.55
3703.07
3703.39
3703.55
3705.16
3706.96
3708.53
3714.31
3715.11
3715.35
3716.60
3718.01
3718.89
3719.46
3720.78
3727.11
3727.72
3728.44
3731.55
3734.50
3736.44
3736.60
3737.73
3737.93
3739.47
3740.85
3741.70
3744.17
3746.88
3747.61
3748.42
3751.34
3751.79
3752.20
3752.20
3752.20
3753.50
3757.52
3757.93
3758.13
3759.15
3759.55
3759.63
3759.67
3760.98
3761.79
3762.73
3763.05
3765.54
3768.39
3769.57
3774.84
3775.12
3775.53
3776.43
3776.72
3777.78
3778.56
3778.92
3779.01
3779.01
3781.26
3781.26
3783.87
3788.26
3788.63
3790.96
3798.48
3798.64
3799.63
3801.07
3804.36
3805.02
3806.01
3807.49
3811.12
3812.52
3814.25
3814.46
3818.55
3819.12
3820.53
3824.09
3824.62
3825.95
3827.89
3828.72
3833.16
3834.94
3837.81
3838.97
3841.00
3841.13
3841.84
3842.71
3842.75
3843.08
3843.46
3844.41
3844.95
3846.41
3849.20
3850.82
3851.24
3852.24
3852.28
3852.83
3853.08
3854.45
3855.79
3856.62
3857.20
3858.42
3860.59
3861.80
3862.34
3862.97
3863.22
3864.47
3864.89
3865.18
3865.56
3866.52
3867.53
3867.82
3868.03
3870.21
3878.46
3880.02
3883.34
3884.43
3884.97
3885.65
3889.77
3890.53
3893.43
3894.40
3896.42
3897.14
3898.28
3898.62
3899.63
3899.80
3900.90
3903.22
3907.44
3910.91
3912.48
3912.73
3913.87
3914.55
3915.19
3918.37
3923.50
3927.11
3927.83
3929.40
3930.08
3933.02
3936.17
3938.09
3943.08
3943.16
3945.25
3947.05
3948.16
3949.10
3949.61
3952.39
3955.04
3962.49
3962.88
3966.31
3966.35
3968.24
3969.32
3969.66
3970.26
3971.42
3975.20
3976.24
3976.84
3979.98
3980.84
3982.09
3982.69
3983.73
3984.38
3986.83
3987.39
3988.26
3989.16
3989.38
3991.02
3992.01
3992.57
3993.44
3994.26
3996.29
3997.11
3999.67
3999.80
4000.18
4000.62
4004.04
4005.90
4008.11
4008.24
4009.28
4010.24
4011.37
4013.02
4016.40
4019.58
4021.36
4023.45
4023.67
4025.06
4030.16
4030.16
4033.48
4033.52
4034.70
4036.14
4036.27
4036.58
4036.92
4040.46
4041.95
4042.13
4044.31
4047.16
4050.88
4052.37
4052.81
4054.79
4055.71
4059.35
4059.39
4063.92
4064.36
4065.33
4069.42
4069.51
4074.22
4074.40
4078.28
4078.50
4080.05
4081.99
4082.12
4082.30
4083.05
4085.13
4093.53
4093.75
4096.24
4096.72
4099.96
4101.34
4103.38
4104.26
4104.49
4104.71
4107.86
4111.20
4111.38
4113.33
4114.14
4116.32
4116.72
4118.01
4119.12
4120.46
4121.84
4125.23
4126.93
4127.20
4128.58
4129.12
4131.44
4132.43
4135.47
4139.36
4142.95
4143.49
4145.23
4145.28
4145.59
4147.88
4149.54
4151.07
4152.01
4152.82
4155.07
4155.52
4156.82
4157.95
4159.97
4160.06
4160.38
4160.87
4164.20
4164.88
4165.74
4168.31
4169.52
4171.46
4172.23
4173.41
4174.85
4175.08
4175.89
4177.06
4179.91
4180.09
4180.09
4181.36
4183.67
4188.29
4189.47
4191.60
4191.69
4193.28
4198.68
4201.00
4205.73
4206.82
4207.27
4207.64
4208.50
4212.42
4212.56
4213.01
4213.47
4215.79
4215.79
4216.34
4217.57
4221.00
4221.36
4222.32
4223.10
4223.51
4223.69
4225.48
4227.21
4230.74
4234.31
4235.87
4237.47
4244.95
4247.25
4248.08
4250.79
4253.32
4254.38
4255.02
4255.16
4255.80
4257.46
4257.51
4262.07
4271.54
4272.09
4274.08
4274.22
4275.70
4276.34
4285.47
4292.20
4298.80
4300.24
4304.62
4304.85
4305.22
4308.16
4310.49
4311.93
4312.77
4315.39
4316.46
4317.30
4318.98
4319.92
4321.37
4321.51
4324.88
4325.39
4330.78
4333.31
4334.06
4334.25
4334.71
4338.42
4338.56
4340.72
4341.47
4348.15
4349.98
4350.13
4350.17
4350.93
4351.40
4352.01
4353.61
4354.32
4356.34
4358.70
4359.74
4360.21
4364.88
4365.59
4369.32
4371.64
4371.88
4372.49
4372.78
4373.39
4374.39
4375.81
4377.23
4378.88
4380.07
4380.54
4381.87
4381.96
4384.57
4385.52
4386.14
4386.66
4389.03
4392.93
4393.50
4397.78
4398.02
4398.21
4398.26
4399.78
4402.02
4403.78
4404.78
4404.83
4407.88
4410.93
4411.36
4413.89
4416.19
4416.71
4417.81
4422.64
4425.42
4428.10
4430.93
4431.79
4431.84
4432.61
4434.00
4436.25
4439.71
4442.40
4442.98
4444.32
4444.42
4444.66
4451.11
4453.95
4454.00
4454.10
4454.77
4455.20
4455.69
4456.89
4459.21
4459.74
4460.08
4460.41
4463.75
4466.50
4466.64
4468.29
4469.69
4471.09
4471.62
4473.27
4475.98
4476.37
4478.84
4479.76
4482.52
4483.54
4486.50
4493.26
4493.30
4495.39
4495.54
4496.95
4497.68
4500.65
4506.55
4508.35
4513.09
4515.14
4517.58
4518.07
4520.12
4521.35
4522.03
4523.30
4525.41
4525.51
4526.39
4528.35
4533.54
4534.97
4535.51
4536.24
4538.11
4538.25
4539.97
4540.46
4543.31
4544.79
4544.99
4549.37
4549.51
4556.85
4557.40
4557.89
4560.21
4560.95
4561.24
4561.93
4562.08
4567.76
4570.09
4574.34
4575.68
4575.78
4576.96
4579.69
4579.99
4583.56
4585.19
4587.92
4589.16
4591.15
4591.65
4593.53
4595.13
4597.21
4597.76
4599.40
4600.90
4604.78
4605.28
4605.68
4606.33
4607.52
4608.12
4611.66
4612.96
4617.20
4618.65
4619.90
4623.25
4626.35
4626.70
4627.61
4628.11
4635.72
4635.77
4644.26
4644.46
4645.87
4648.48
4649.44
4651.05
4653.36
4653.56
4657.44
4660.01
4660.62
4662.54
4662.69
4664.10
4664.65
4672.84
4673.44
4680.33
4681.09
4687.83
4691.73
4693.00
4695.24
4695.44
4696.71
4702.00
4703.68
4703.98
4704.65
4705.16
4708.26
4710.61
4710.81
4710.86
4713.36
4718.00
4718.31
4718.87
4723.21
4725.61
4728.38
4734.52
4737.18
4737.29
4737.44
4738.41
4739.59
4741.80
4744.11
4744.11
4749.30
4749.71
4750.79
4753.00
4753.00
4753.41
4753.92
4753.97
4754.49
4755.21
4756.50
4757.52
4758.50
4758.71
4763.09
4765.92
4769.48
4773.56
4775.37
4776.25
4776.45
4779.76
4781.52
4793.07
4793.23
4796.70
4797.12
4797.22
4798.57
4799.45
4800.18
4802.73
4803.82
4807.77
4808.13
4810.79
4812.25
4812.82
4814.64
4818.34
4819.28
4819.80
4823.71
4825.28
4825.80
4826.59
4827.16
4827.53
4833.38
4838.93
4841.81
4845.63
4851.30
4854.87
4857.13
4862.28
4863.75
4867.54
4868.70
4873.97
4875.50
4876.82
4877.24
4879.99
4882.16
4883.11
4889.08
4893.74
4893.90
4895.22
4895.96
4904.44
4905.40
4906.99
4908.11
4909.49
4909.97
4911.93
4914.27
4914.64
4915.12
4919.33
4919.75
4922.79
4923.48
4925.02
4925.24
4926.57
4927.74
4932.70
4933.29
4934.09
4934.46
4938.15
4939.49
4940.45
4941.73
4941.73
4942.75
4943.07
4943.23
4943.66
4945.74
4950.29
4956.03
4957.15
4961.55
4962.95
4964.45
4968.97
4969.29
4973.86
4974.29
4974.45
4975.80
4976.23
4980.16
4982.59
4988.74
4989.22
4992.03
4993.00
4994.73
5000.09
5000.09
5001.38
5005.23
5006.31
5006.91
5009.67
5010.76
5011.46
5011.68
5016.18
5018.41
5019.60
5021.94
5022.32
5022.81
5023.35
5024.06
5026.23
5027.59
5027.92
5028.41
5029.55
5031.56
5036.52
5040.01
5040.50
5040.99
5045.08
5045.57
5047.54
5049.45
5050.11
5051.36
5054.43
5054.86
5055.90
5059.46
5061.65
5062.14
5066.25
5067.79
5071.63
5073.22
5074.65
5076.73
5080.36
5080.63
5085.25
5087.01
5091.31
5092.19
5092.80
5094.23
5095.83
5096.93
5101.79
5102.17
5103.39
5104.66
5106.70
5106.98
5110.57
5114.61
5117.10
5119.09
5119.76
5122.31
5126.41
5126.58
5128.68
5129.63
5129.68
5135.85
5136.07
5139.18
5141.19
5144.19
5148.59
5150.48
5152.94
5154.89
5155.78
5156.39
5156.95
5157.17
5157.23
5159.85
5165.66
5165.89
5166.33
5167.51
5168.07
5169.30
5171.48
5175.12
5176.18
5180.22
5182.23
5183.07
5183.36
5187.90
5189.98
5192.17
5195.43
5196.33
5196.78
5198.41
5198.58
5202.80
5203.87
5206.57
5206.85
5211.98
5216.66
5218.58
5220.11
5220.45
5222.71
5224.12
5225.53
5227.79
5228.13
5231.25
5233.34
5243.26
5243.71
5244.05
5244.79
5245.36
5247.12
5250.81
5252.23
5254.50
5257.97
5265.32
5265.37
5266.57
5267.31
5269.93
5271.99
5273.53
5274.61
5275.47
5281.92
5285.18
5287.12
5289.98
5291.24
5291.53
5291.59
5296.00
5303.57
5304.03
5305.46
5306.95
5310.75
5311.89
5315.00
5315.57
5317.99
5318.39
5318.51
5319.72
5321.21
5323.00
5325.65
5326.05
5327.03
5327.38
5327.49
5332.57
5338.40
5338.57
5340.65
5344.52
5349.62
5350.25
5352.74
5356.57
5357.55
5358.07
5359.06
5360.33
5364.45
5370.61
5372.30
5372.35
5374.68
5377.18
5381.95
5388.48
5389.24
5389.53
5390.40
5393.14
5398.22
5400.09
5409.16
5412.55
5415.54
5416.95
5420.64
5423.28
5424.45
5424.87
5430.15
5433.74
5434.09
5435.56
5435.97
5437.97
5437.97
5442.09
5453.47
5455.65
5458.96
5459.49
5461.67
5465.69
5475.76
5479.43
5484.89
5485.24
5485.24
5485.30
5486.85
5493.62
5495.70
5495.82
5496.41
5504.92
5505.76
5517.51
5520.85
5522.16
5523.72
5523.78
5524.50
5527.72
5528.68
5528.80
5528.98
5530.48
5551.58
5552.12
5553.80
5557.05
5559.57
5562.04
5562.10
5568.85
5570.53
5578.07
5578.25
5579.34
5583.39
5587.92
5589.91
5589.97
5590.76
5590.88
5595.36
5596.69
5597.12
5607.30
5608.45
5610.15
5610.58
5611.43
5611.49
5612.76
5613.67
5617.56
5617.56
5619.32
5620.78
5630.46
5635.09
5635.46
5636.43
5643.33
5651.09
5658.74
5661.13
5666.76
5667.87
5669.40
5669.71
5669.77
5670.14
5674.13
5675.66
5681.68
5682.42
5684.02
5686.79
5687.77
5689.13
5691.40
5692.14
5692.33
5697.94
5698.43
5704.97
5710.16
5711.21
5711.76
5717.57
5719.93
5721.72
5722.77
5725.06
5727.36
5729.84
5729.96
5730.64
5732.75
5733.12
5733.81
5735.67
5737.28
5744.11
5745.42
5751.76
5756.31
5762.35
5764.91
5767.15
5770.09
5770.28
5772.52
5774.96
5775.77
5777.02
5781.02
5781.34
5781.96
5782.03
5784.72
5789.04
5791.48
5794.49
5796.37
5799.19
5800.45
5803.02
5808.74
5812.19
5816.22
5817.35
5825.98
5826.49
5826.55
5831.09
5845.05
5845.49
5845.62
5848.72
5852.58
5853.98
5855.43
5856.70
5861.26
5862.60
5863.36
5874.91
5881.27
5882.48
5889.81
5891.78
5891.78
5892.80
5906.46
5909.98
5911.19
5913.43
5914.78
5916.06
5922.21
5924.83
5924.90
5925.15
5930.86
5931.31
5932.27
5934.78
5936.64
5940.82
5946.54
5946.80
5948.41
5954.14
5955.88
5956.91
5957.17
5957.81
5957.94
5961.55
5966.20
5968.39
5973.37
5978.54
5978.60
5980.22
5980.93
5985.85
5986.24
5987.08
5987.99
5988.12
5990.58
5991.17
5992.20
5992.72
5993.95
5995.51
5998.82
6000.64
6006.81
6009.99
6010.78
6011.88
6017.87
6022.88
6025.43
6026.66
6027.84
6036.45
6037.83
6041.29
6047.63
6048.16
6050.18
6061.06
6063.29
6065.39
6065.46
6066.64
6066.90
6069.00
6073.99
6074.91
6075.31
6077.74
6079.65
6081.29
6083.53
6091.37
6098.10
6098.82
6100.21
6100.93
6103.77
6110.51
6111.44
6115.61
6120.11
6122.09
6123.42
6125.27
6125.54
6126.86
6128.39
6132.50
6134.43
6145.12
6148.05
6150.11
6150.24
6150.64
6155.77
6158.43
6159.30
6169.10
6172.58
6173.38
6175.85
6177.45
6177.52
6177.99
6179.06
6181.26
6183.00
6183.81
6187.69
6190.63
6191.57
6196.67
6200.35
6200.82
6201.43
6201.70
6204.65
6211.03
6215.00
6215.53
6216.41
6216.75
6218.90
6224.75
6225.23
6236.21
6236.89
6238.71
6238.78
6238.85
6240.80
6245.33
6260.49
6264.14
6264.42
6265.30
6266.79
6271.06
6273.37
6277.44
6279.14
6280.30
6283.83
6283.90
6285.05
6286.48
6287.84
6287.98
6289.34
6289.68
6291.52
6294.11
6296.56
6302.90
6304.87
6305.22
6315.32
6322.50
6330.23
6333.32
6334.41
6338.46
6342.23
6343.95
6348.75
6349.92
6355.70
6355.76
6358.45
6358.86
6366.36
6371.26
6374.29
6376.91
6378.50
6379.88
6387.48
6387.96
6390.45
6393.15
6400.27
6401.04
6401.87
6412.27
6414.49
6419.21
6419.97
6420.25
6425.25
6432.28
6434.44
6434.78
6435.76
6436.39
6438.89
6440.77
6445.38
6446.35
6452.77
6453.61
6459.48
6459.90
6460.53
6463.46
6467.45
6467.94
6468.08
6468.85
6471.44
6474.31
6477.75
6478.24
6479.50
6482.02
6482.23
6485.67
6490.09
6493.96
6494.59
6516.06
6516.62
6520.64
6524.59
6531.51
6533.78
6550.13
6551.33
6552.89
6558.21
6567.80
6574.77
6574.77
6576.90
6595.86
6598.14
6601.35
6606.00
6606.43
6610.14
6613.29
6616.87
6617.94
6618.73
6619.02
6622.96
6630.70
6631.13
6634.43
6636.88
6641.40
6641.90
6645.28
6645.64
6648.16
6651.47
6652.55
6660.97
6669.77
6672.16
6674.25
6678.73
6682.41
6689.07
6692.25
6693.05
6693.78
6697.69
6710.02
6710.16
6710.38
6714.45
6715.17
6718.95
6721.57
6723.24
6725.94
6728.48
6730.23
6731.11
6734.53
6737.08
6739.63
6740.87
6743.21
6752.62
6757.30
6759.13
6761.76
6774.29
6790.36
6791.68
6800.50
6800.58
6803.00
6807.42
6808.16
6808.68
6809.71
6819.88
6822.24
6825.34
6828.52
6831.70
6835.54
6835.62
6840.72
6842.50
6849.17
6849.31
6851.69
6854.13
6856.06
6860.29
6862.29
6866.83
6869.20
6871.95
6879.69
6881.70
6884.98
6887.44
6898.10
6902.13
6904.52
6910.28
6926.00
6928.47
6931.54
6933.04
6937.17
6938.45
6946.11
6970.88
6972.16
6980.69
6982.66
6987.49
6988.93
6990.59
6994.15
6994.45
6997.10
6999.37
7005.05
7014.08
7014.76
7021.52
7021.67
7027.45
7034.52
7036.27
7038.94
7038.94
7041.38
7043.82
7043.97
7044.35
7051.21
7054.11
7056.63
7056.78
7057.32
7060.91
7063.35
7070.01
7073.52
7073.68
7073.98
7075.82
7076.20
7088.39
7090.08
7094.60
7098.13
7098.21
7102.82
7103.36
7107.59
7107.66
7111.20
7111.90
7116.21
7118.13
7118.75
7119.29
7122.83
7125.99
7127.84
7131.85
7133.94
7134.17
7135.02
7142.59
7150.16
7156.59
7159.30
7162.94
7167.83
7170.07
7171.47
7173.18
7173.80
7186.38
7187.40
7188.87
7194.55
7195.41
7198.14
7201.41
7201.87
7203.98
7204.84
7204.99
7205.15
7209.52
7212.25
7213.18
7216.15
7221.54
7225.76
7230.37
7232.88
7236.87
7238.90
7242.51
7244.70
7249.09
7252.08
7253.02
7258.67
7261.65
7263.30
7265.66
7266.84
7266.92
7267.16
7272.19
7274.00
7275.81
7281.17
7287.47
7294.57
7297.49
7298.60
7299.39
7305.47
7307.29
7310.69
7315.36
7322.09
7325.26
7325.34
7325.81
7343.35
7346.53
7350.59
7355.52
7356.00
7356.71
7358.78
7364.36
7366.91
7368.82
7370.57
7370.89
7376.40
7387.42
7394.62
7398.54
7399.98
7410.72
7411.28
7419.38
7425.00
7426.05
7426.85
7428.14
7429.50
7431.51
7436.18
7438.19
7441.09
7441.09
7443.58
7448.66
7456.72
7457.29
7462.45
7466.73
7476.27
7479.67
7482.91
7487.20
7487.61
7494.98
7496.36
7531.40
7533.93
7536.54
7539.96
7542.98
7548.86
7551.15
7552.21
7554.74
7563.41
7564.15
7569.72
7574.88
7581.60
7589.56
7601.81
7605.43
7607.49
7608.31
7610.61
7612.34
7616.13
7622.15
7628.59
7633.13
7634.94
7638.58
7646.27
7651.90
7652.23
7652.31
7653.64
7654.05
7660.18
7669.47
7673.87
7692.57
7693.16
7699.49
7705.15
7708.40
7711.91
7725.19
7725.77
7727.95
7732.96
7737.06
7745.19
7748.54
7755.84
7761.04
7767.51
7772.64
7782.91
7784.17
7785.94
7787.20
7794.03
7794.28
7797.07
7802.05
7803.31
7809.23
7809.73
7815.23
7820.39
7823.86
7827.41
7833.26
7839.79
7845.56
7846.24
7848.02
7850.82
7851.25
7857.11
7859.83
7860.09
7860.51
7866.72
7883.94
7889.82
7890.25
7902.13
7904.09
7912.99
7916.50
7917.70
7927.82
7935.80
7940.09
7951.70
7971.77
7986.02
7988.26
8006.87
8016.49
8028.47
8036.11
8041.68
8050.13
8051.00
8056.23
8058.06
8063.55
8065.12
8065.38
8078.22
8081.89
8082.07
8087.23
8088.72
8100.98
8104.84
8106.77
8115.98
8116.68
8120.28
8122.57
8125.73
8128.55
8130.31
8132.07
8134.97
8139.11
8143.78
8151.98
8166.45
8171.23
8172.02
8184.76
8189.02
8190.52
8190.61
8208.18
8215.11
8215.73
8223.20
8228.45
8232.01
8242.89
8256.28
8257.44
8261.10
8268.08
8284.55
8288.77
8289.66
8294.15
8301.24
8303.13
8306.99
8307.98
8312.48
8315.98
8329.58
8330.57
8330.84
8331.57
8332.38
8336.16
8342.75
8344.38
8356.57
8358.47
8358.65
8369.24
8369.60
8370.78
8377.85
8381.11
8382.29
8385.92
8390.82
8398.18
8400.81
8402.81
8406.72
8413.82
8418.37
8421.11
8425.30
8426.94
8429.31
8429.40
8434.42
8435.06
8438.71
8439.62
8442.64
8444.01
8444.37
8447.11
8448.21
8454.61
8456.26
8459.00
8472.10
8473.57
8477.33
8485.96
8488.25
8496.15
8500.84
8509.58
8511.52
8517.05
8527.83
8530.51
8531.16
8532.82
8534.02
8544.83
8553.71
8560.19
8561.02
8562.51
8563.62
8570.76
8573.72
8585.05
8585.51
8592.85
8599.74
8616.50
8616.60
8618.18
8619.11
8619.39
8621.16
8631.43
8658.93
8661.18
8661.65
8674.03
8674.31
8676.94
8677.78
8688.96
8689.62
8692.35
8692.82
8699.59
8712.40
8716.65
8718.63
8724.67
8740.73
8747.26
8753.51
8757.49
8760.04
8773.04
8779.78
8782.25
8783.01
8790.43
8793.28
8813.09
8823.30
8826.55
8845.96
8846.43
8852.37
8852.56
8863.39
8875.48
8880.10
8883.46
8902.70
8905.98
8911.38
8912.34
8915.52
8930.58
8938.80
8950.51
8954.29
8954.87
8956.32
8958.65
8970.29
8972.43
8974.56
8975.63
8976.21
8977.28
8979.03
8983.50
8988.17
8989.43
9006.95
9012.51
9018.66
9020.22
9034.77
9035.55
9039.66
9040.93
9052.09
9052.38
9078.28
9091.45
9095.29
9104.54
9110.55
9131.48
9154.43
9173.66
9173.96
9175.35
9176.24
9197.12
9197.71
9203.39
9204.08
9209.56
9215.25
9219.53
9221.03
9236.21
9237.21
9239.81
9240.81
9246.91
9259.92
9268.64
9275.57
9279.38
9283.20
9288.82
9290.33
9296.77
9303.51
9303.71
9305.72
9305.82
9307.43
9309.55
9311.36
9324.17
9332.44
9333.45
9333.65
9346.29
9363.49
9371.80
9390.28
9411.54
9433.45
9437.84
9442.13
9456.04
9478.06
9479.70
9486.27
9487.09
9488.63
9489.86
9494.48
9497.05
9504.04
9511.24
9520.20
9540.00
9552.81
9560.66
9581.17
9596.11
9611.07
9617.21
9628.45
9633.14
9639.82
9658.09
9692.21
9711.42
9718.25
9735.41
9741.94
9761.04
9773.72
9775.84
9779.96
9783.14
9785.36
9793.94
9810.48
9814.73
9815.05
9826.21
9863.91
9868.72
9869.47
9872.14
9873.42
9875.66
9894.91
9898.45
9900.91
9901.23
9913.13
9918.39
9936.33
9938.37
9954.62
9956.88
9956.99
9968.31
9975.21
9976.18
9985.25
9989.15
10004.61
10008.73
10015.66
10023.57
10032.15
10039.85
10051.70
10063.24
10097.81
10103.60
10108.85
10117.39
10117.72
10128.34
10129.66
10136.01
10137.55
10142.05
10143.37
10160.50
10169.30
10171.61
10174.36
10177.22
10179.10
10185.93
10198.28
10204.90
10208.66
10217.61
10247.39
10259.37
10276.03
10287.49
10290.16
10297.51
10300.19
10308.77
10314.35
10328.20
10331.11
10343.30
10343.52
10355.95
10363.91
10371.20
10374.46
10395.35
10396.59
10407.96
10414.72
10418.21
10419.79
10440.10
10440.67
10452.65
10455.03
10484.70
10487.88
10489.24
10506.17
10506.28
10539.53
10549.57
10560.64
10565.10
10573.91
10582.72
10587.07
10596.24
10597.62
10606.56
10609.32
10618.05
10619.88
10629.54
10631.38
10632.19
10633.80
10649.00
10653.37
10654.18
10665.02
10677.26
10706.88
10708.27
10714.29
10718.12
10724.96
10744.36
10751.45
10752.27
10754.25
10759.13
10778.94
10792.25
10795.40
10797.62
10846.09
10866.53
10867.12
10874.30
10879.47
10892.78
10903.63
10913.90
10931.86
10941.21
10952.35
10965.98
10970.25
10974.53
11027.38
11052.82
11084.68
11125.65
11136.61
11168.95
11174.15
11174.39
11184.43
11193.63
11236.95
11252.28
11274.95
11303.77
11316.99
11324.95
11332.06
11338.93
11346.42
11357.72
11358.08
11359.81
11384.78
11398.96
11433.05
11441.09
11478.66
11510.25
11511.62
11513.37
11514.74
11517.98
11519.85
11576.95
11586.47
11592.49
11602.28
11608.81
11611.82
11637.98
11644.16
11644.79
11653.23
11660.92
11664.46
11673.30
11679.36
11689.85
11695.93
11733.95
11748.82
11792.24
11792.75
11793.90
11823.16
11831.09
11845.82
11853.13
11909.44
11914.46
11919.62
11920.27
11921.82
11926.46
11944.15
11949.06
11951.52
11963.94
11965.88
12000.89
12033.40
12075.26
12099.72
12113.73
12121.86
12144.18
12151.15
12159.70
12159.96
12165.88
12177.73
12180.24
12191.31
12202.13
12222.75
12244.45
12257.05
12261.95
12268.86
12279.08
12282.27
12288.25
12288.52
12290.38
12291.44
12292.51
12297.83
12311.67
12313.67
12315.40
12317.80
12321.94
12341.95
12378.06
12385.69
12411.18
12423.81
12446.95
12455.31
12477.43
12490.26
12490.93
12495.67
12502.56
12528.02
12545.93
12549.18
12564.40
12594.21
12595.16
12606.21
12627.50
12647.87
12681.04
12681.72
12709.33
12758.79
12766.53
12767.77
12767.91
12772.47
12785.88
12831.89
12844.95
12864.14
12865.53
12875.14
12893.27
12898.29
12909.04
12929.45
12949.33
12961.10
12979.91
12988.62
13012.11
13012.39
13014.36
13023.66
13071.23
13081.28
13087.08
13130.48
13138.58
13139.01
13158.78
13177.88
13186.58
13202.85
13212.00
13230.59
13236.75
13237.47
13285.39
13299.63
13301.36
13379.59
13412.64
13432.53
13454.64
13456.10
13487.73
13510.95
13517.68
13539.34
13539.78
13547.11
13579.54
13582.19
13625.90
13655.42
13655.57
13665.17
13678.34
13695.37
13696.56
13730.24
13730.68
13737.22
13737.22
13747.78
13757.00
13766.24
13766.38
13766.38
13785.16
13824.75
13843.61
13868.64
13939.65
13951.27
13971.36
13973.02
13974.99
13978.47
13993.60
14019.06
14027.40
14045.78
14067.38
14073.01
14075.29
14075.45
14077.12
14110.21
14127.93
14153.33
14185.99
14203.49
14213.03
14229.18
14238.11
14244.59
14260.93
14316.74
14337.36
14394.09
14410.61
14415.91
14421.06
14499.13
14527.40
14581.41
14597.51
14631.51
14633.57
14656.55
14687.34
14726.49
14732.54
14762.70
14770.53
14779.00
14786.68
14837.97
14847.60
14889.11
14889.11
14960.00
14976.19
14993.05
14997.43
15006.36
15020.33
15127.16
15299.66
15337.62
15354.55
15360.87
15378.33
15396.14
15508.33
15542.76
15551.51
15552.69
15553.70
15588.24
15588.57
15633.33
15680.60
15686.88
15732.26
15738.05
15764.63
15774.87
15793.49
15795.54
15864.56
15894.29
15963.74
15971.86
16008.19
16014.78
16102.00
16126.58
16132.86
16162.22
16174.46
16179.89
16191.97
16206.69
16227.40
16235.83
16262.38
16266.95
16299.02
16314.90
16339.27
16347.06
16364.40
16369.18
16372.54
16415.83
16484.35
16499.52
16525.07
16547.61
16554.24
16609.14
16648.90
16684.24
16707.18
16793.81
16811.09
16927.35
16961.08
16963.84
16969.53
17009.23
17044.24
17114.09
17160.44
17200.41
17265.86
17317.31
17348.63
17392.04
17438.77
17469.18
17482.79
17491.68
17518.01
17598.18
17619.14
17630.39
17689.62
17732.74
17754.43
17765.77
17813.70
17833.56
17895.99
17951.85
18232.95
18244.98
18271.65
18416.54
18472.82
18473.22
18750.10
18854.47
19045.35
19053.39
19086.61
19089.71
19091.36
19158.20
19198.45
19285.69
19290.07
19303.64
19426.84
19493.80
19498.44
19508.99
19514.06
19570.30
19622.04
19626.71
19649.02
19703.09
19788.12
19792.83
19812.11
19815.12
19831.63
19856.54
19942.45
20010.31
20038.26
20062.78
20081.02
20115.16
20148.27
20236.97
20323.43
20442.52
20481.26
20589.69
20633.62
20757.90
20760.37
20813.45
20838.01
20868.47
20878.41
20879.99
20946.74
21216.35
21223.23
21296.15
21326.13
21461.08
21604.36
21636.41
21729.07
21750.48
21795.48
21806.56
21894.51
21951.44
22052.85
22090.10
22125.75
22254.43
22294.92
22382.18
22382.66
22416.35
22486.31
22562.35
22611.47
22612.45
22629.82
22634.72
22647.95
22699.22
22829.52
22881.45
23074.37
23134.62
23369.60
23371.11
23419.71
23532.49
23605.17
23721.92
23724.23
23801.62
23903.31
23942.39
24037.39
24143.48
24240.59
24612.17
24643.61
24819.42
24949.46
25065.54
25253.64
25398.88
25627.99
25655.18
26038.31
26424.00
26502.46
26789.31
26815.12
26973.71
27227.05
27245.33
27286.92
27428.12
27495.86
27604.36
27750.50
27767.02
27939.70
28102.21
28109.20
28229.90
28866.80
29045.06
29080.28
29305.49
30277.90
30464.88
30754.67
31216.31
32008.78
32317.80
32891.04
33683.72
34936.85
36075.04
36376.84
38231.51
41128.63
41564.80
45274.84
