17.38
19.64
20.16
21.08
22.45
24.21
24.46
25.30
25.85
26.31
26.57
26.92
28.66
28.94
29.20
29.41
30.07
30.09
30.17
30.36
30.77
30.80
31.00
31.57
31.69
31.82
32.40
32.90
33.04
33.10
33.20
33.44
33.52
33.85
34.37
34.55
35.18
35.19
35.26
35.53
35.66
35.67
35.69
35.99
36.38
36.79
37.04
37.67
37.76
38.00
38.26
38.32
38.44
38.55
38.68
38.68
38.84
38.86
38.96
39.13
39.14
39.82
40.91
41.25
41.35
41.36
41.48
42.00
42.18
42.35
42.70
42.88
43.01
43.36
43.87
43.96
44.13
44.16
44.19
44.26
44.35
44.49
44.49
44.57
44.69
44.79
44.85
45.29
45.52
45.71
45.81
45.89
46.14
46.46
46.50
46.53
46.64
46.92
46.92
46.99
47.87
47.88
47.91
47.99
48.11
48.25
48.32
48.40
48.80
48.96
48.98
49.00
49.16
49.70
50.14
50.27
50.30
50.68
50.76
51.34
51.35
51.40
51.78
51.83
51.93
52.15
52.15
52.39
52.45
52.88
52.94
53.06
53.17
53.23
53.23
53.35
53.40
53.54
53.68
53.77
53.78
53.79
54.03
54.25
54.48
54.56
55.02
55.30
55.56
55.58
55.63
55.91
56.22
56.37
56.55
56.83
57.20
57.26
57.30
57.58
57.64
57.75
57.93
57.93
58.06
58.36
58.45
58.53
59.10
59.10
59.24
59.59
59.63
59.68
59.91
59.92
60.27
60.27
60.28
60.29
60.43
60.47
60.66
60.71
60.77
61.22
61.48
61.53
61.64
61.80
62.00
62.19
62.20
62.30
62.51
62.59
62.91
63.09
63.33
63.51
63.76
63.89
64.15
64.21
64.26
64.41
64.60
64.81
64.89
65.04
65.18
66.18
66.23
66.24
66.41
66.50
66.96
67.48
67.58
67.60
67.77
67.81
67.83
67.99
68.12
68.12
68.15
68.27
68.27
68.33
68.38
68.45
68.45
68.49
68.72
68.76
68.90
69.14
69.17
69.23
69.32
69.36
69.62
69.74
69.96
69.97
70.25
70.70
70.71
70.92
70.93
70.93
71.01
71.15
71.31
71.32
71.39
71.43
71.57
71.71
71.90
71.91
72.28
72.36
72.37
72.42
72.62
72.63
72.65
72.67
72.71
72.72
72.74
72.74
72.79
72.88
72.96
72.99
73.14
73.61
73.63
73.68
73.88
73.89
73.99
73.99
73.99
74.01
74.16
74.17
74.18
74.50
74.59
74.66
74.79
74.80
74.95
75.10
75.42
75.43
75.61
76.06
76.21
76.22
76.24
76.30
76.30
76.34
76.40
76.47
76.83
76.84
76.88
77.07
77.09
77.11
77.11
77.28
77.45
77.46
77.54
77.63
77.71
77.73
77.80
77.83
77.89
77.94
77.97
78.14
78.34
78.40
78.53
78.84
78.86
78.93
79.04
79.13
79.56
79.69
79.74
79.86
80.17
80.18
80.22
80.25
80.26
80.28
80.38
80.51
80.63
80.70
80.77
80.88
81.05
81.16
81.45
81.51
81.98
81.98
82.06
82.18
82.19
82.27
82.36
82.38
82.70
82.70
82.73
83.12
83.27
83.29
83.43
83.56
83.63
83.78
83.98
84.05
84.25
84.34
84.41
84.69
84.90
85.05
85.21
85.32
85.48
85.61
85.67
85.69
85.72
85.73
85.75
85.87
86.27
86.40
86.59
86.64
86.64
86.66
86.78
86.97
87.00
87.51
87.65
87.81
87.85
88.10
88.49
88.51
88.52
88.71
88.72
88.74
88.77
88.77
89.10
89.14
89.39
89.45
89.52
89.56
89.84
89.84
89.91
90.07
90.12
90.20
90.32
90.33
90.34
90.59
90.59
90.63
90.68
90.72
90.79
90.79
90.82
90.83
90.99
91.03
91.16
91.27
91.36
91.39
91.42
91.49
91.55
91.56
91.75
91.77
91.85
91.96
92.03
92.09
92.10
92.22
92.43
92.44
92.47
92.65
92.83
92.85
92.97
93.01
93.04
93.19
93.20
93.28
93.32
93.41
93.82
93.93
93.93
94.11
94.21
94.21
94.27
94.30
94.46
94.52
94.59
94.60
94.63
94.64
94.66
94.68
94.83
94.86
94.94
94.94
95.12
95.31
95.33
95.37
95.45
95.49
95.53
95.59
95.62
95.78
95.79
95.88
96.03
96.17
96.35
96.41
96.42
96.45
96.50
96.62
96.63
96.65
96.72
96.77
96.88
97.20
97.22
97.23
97.31
97.42
97.55
97.57
97.65
97.76
97.77
97.78
97.81
97.86
97.91
97.92
97.99
98.03
98.12
98.19
98.20
98.26
98.28
98.51
98.58
98.58
98.60
98.63
98.87
98.88
98.93
99.04
99.37
99.42
99.49
99.63
99.86
99.92
100.06
100.13
100.52
100.62
100.64
100.67
100.80
100.89
100.94
101.08
101.37
101.37
101.40
101.47
101.60
101.61
101.71
101.73
101.74
101.88
101.90
102.02
102.18
102.19
102.23
102.24
102.29
102.44
102.47
102.69
102.78
102.80
102.83
103.24
103.43
103.47
103.53
103.70
103.81
104.01
104.02
104.08
104.08
104.14
104.18
104.46
104.61
104.82
105.17
105.19
105.22
105.30
105.34
105.49
105.57
105.62
105.73
105.85
105.98
106.02
106.17
106.18
106.22
106.31
106.42
106.43
106.43
106.51
106.54
106.81
106.84
107.19
107.20
107.40
107.45
107.55
107.57
107.58
107.68
107.69
107.69
107.79
107.81
107.96
108.01
108.03
108.12
108.16
108.30
108.35
108.46
108.52
108.56
108.83
108.86
108.91
108.96
109.04
109.15
109.30
109.45
109.59
109.70
109.73
109.79
109.82
109.92
110.17
110.26
110.28
110.29
110.30
110.39
110.40
110.41
110.52
110.65
110.82
110.84
110.86
110.90
110.93
111.26
111.31
111.38
111.41
111.43
111.48
111.63
111.83
111.93
112.04
112.04
112.10
112.10
112.24
112.37
112.41
112.44
112.54
112.63
112.65
112.67
112.75
112.82
112.88
112.90
112.91
112.93
112.96
112.96
113.04
113.06
113.14
113.21
113.30
113.32
113.43
113.47
113.59
113.65
113.73
113.84
113.90
113.92
113.97
113.99
114.12
114.13
114.16
114.42
114.44
114.44
114.46
114.56
114.57
114.63
114.65
114.76
114.88
114.93
114.95
114.99
115.08
115.19
115.26
115.26
115.28
115.28
115.33
115.41
115.51
115.58
115.92
116.01
116.37
116.38
116.62
116.69
116.72
116.84
116.86
117.16
117.22
117.40
117.43
117.68
117.68
117.72
117.73
117.74
117.80
118.05
118.10
118.14
118.19
118.23
118.33
118.40
118.42
118.50
118.68
118.80
118.95
119.02
119.02
119.05
119.10
119.13
119.20
119.40
119.60
119.68
119.77
119.77
119.81
119.88
119.88
119.88
120.04
120.07
120.10
120.26
120.32
120.37
120.38
120.40
120.46
120.54
120.64
120.65
120.68
120.77
120.82
120.86
120.99
121.06
121.06
121.08
121.19
121.26
121.27
121.32
121.59
121.60
121.83
121.88
121.88
121.88
121.94
122.07
122.10
122.15
122.27
122.28
122.36
122.47
122.50
122.57
122.72
122.73
122.77
122.80
122.81
122.87
122.88
123.02
123.06
123.17
123.19
123.21
123.42
123.49
123.52
123.62
123.69
123.72
123.85
123.91
123.93
123.94
124.17
124.21
124.55
124.58
124.61
124.67
124.75
124.79
125.05
125.10
125.45
125.73
125.85
125.87
125.87
125.92
126.09
126.22
126.36
126.47
127.03
127.12
127.19
127.47
127.57
127.71
127.77
128.03
128.05
128.36
128.37
128.38
128.60
128.61
128.61
128.67
128.70
128.90
129.04
129.06
129.06
129.09
129.17
129.19
129.40
129.49
129.68
129.76
129.80
129.85
129.87
129.93
130.00
130.02
130.03
130.04
130.06
130.10
130.22
130.22
130.32
130.39
130.42
130.44
130.47
130.57
130.81
130.85
130.91
130.93
131.00
131.16
131.18
131.21
131.34
131.40
131.45
131.53
131.67
131.67
131.68
131.77
131.77
131.81
131.83
131.85
131.88
131.91
132.06
132.06
132.14
132.26
132.38
132.38
132.58
132.95
133.07
133.10
133.10
133.17
133.21
133.28
133.36
133.42
133.43
133.52
133.52
133.53
133.61
133.63
133.71
133.77
133.84
133.93
133.96
134.10
134.13
134.18
134.19
134.22
134.32
134.34
134.40
134.53
134.60
134.62
134.67
134.67
134.68
134.69
134.71
134.83
134.84
134.95
135.17
135.23
135.49
135.51
135.66
135.73
135.79
135.89
135.96
136.07
136.21
136.38
136.39
136.66
136.67
136.78
136.96
136.99
137.01
137.01
137.12
137.13
137.40
137.49
137.49
137.69
137.69
137.71
137.80
137.80
137.83
137.84
137.90
137.92
137.96
137.98
138.03
138.09
138.13
138.14
138.15
138.26
138.42
138.55
138.57
138.62
138.76
138.99
139.02
139.22
139.38
139.42
139.44
139.47
139.48
139.59
139.60
139.73
139.77
139.82
139.84
139.93
140.00
140.10
140.14
140.22
140.30
140.35
140.36
140.46
140.51
140.73
140.73
140.82
140.87
140.91
141.13
141.14
141.22
141.32
141.36
141.44
141.59
141.94
141.94
142.10
142.14
142.21
142.22
142.22
142.26
142.28
142.28
142.34
142.46
142.48
142.52
142.61
142.74
142.84
142.95
143.06
143.13
143.20
143.27
143.40
143.44
143.45
143.48
143.62
143.65
143.68
143.80
144.10
144.15
144.30
144.43
144.45
144.51
144.56
144.57
144.70
144.72
144.78
144.81
144.92
144.99
144.99
145.05
145.16
145.21
145.29
145.49
145.50
145.53
145.57
145.60
145.70
145.78
145.78
145.82
146.03
146.04
146.12
146.13
146.25
146.28
146.36
146.40
146.41
146.43
146.45
146.48
146.50
146.88
147.06
147.09
147.09
147.10
147.22
147.47
147.49
147.58
147.59
147.76
147.76
147.82
147.88
147.93
147.97
147.98
148.00
148.02
148.04
148.05
148.05
148.15
148.30
148.34
148.42
148.48
148.49
148.76
148.78
148.79
148.87
148.88
148.94
148.95
149.00
149.09
149.20
149.33
149.48
149.51
149.52
149.65
149.77
149.91
149.95
149.97
149.99
150.17
150.21
150.27
150.33
150.36
150.39
150.40
150.43
150.43
150.44
150.47
150.50
150.55
150.64
150.75
150.82
150.90
151.07
151.09
151.10
151.16
151.23
151.49
151.64
151.73
151.89
151.89
151.91
151.95
152.18
152.33
152.35
152.64
152.72
152.92
152.97
153.07
153.10
153.11
153.11
153.28
153.40
153.52
153.59
153.61
153.65
153.71
153.75
153.76
153.90
153.96
153.97
154.07
154.10
154.13
154.16
154.23
154.26
154.30
154.40
154.50
154.64
154.83
155.00
155.15
155.21
155.28
155.47
155.51
155.68
155.72
155.81
155.84
156.23
156.27
156.42
156.42
156.42
156.45
156.51
156.51
156.54
156.54
156.59
156.61
156.64
156.65
156.67
156.69
156.74
156.75
156.77
157.00
157.08
157.10
157.31
157.32
157.35
157.39
157.42
157.50
157.53
157.65
157.67
157.74
157.77
157.81
157.82
157.93
157.94
158.01
158.07
158.12
158.13
158.13
158.37
158.59
158.63
158.69
158.72
158.72
158.74
158.85
158.87
159.02
159.06
159.20
159.22
159.28
159.29
159.30
159.31
159.52
159.56
159.59
159.66
159.69
159.71
159.77
159.96
159.97
160.41
160.51
160.51
160.62
160.62
160.63
160.70
160.84
160.86
160.98
161.02
161.04
161.11
161.18
161.33
161.43
161.62
161.64
161.78
161.79
161.79
161.84
162.00
162.01
162.12
162.34
162.38
162.49
162.74
162.88
162.92
163.00
163.08
163.19
163.23
163.26
163.30
163.35
163.42
163.44
163.46
163.63
163.75
163.79
163.82
163.88
163.98
164.17
164.22
164.35
164.43
164.47
164.66
164.66
164.75
164.81
164.86
164.95
164.99
165.05
165.19
165.24
165.36
165.58
165.58
165.61
165.71
166.01
166.14
166.18
166.19
166.39
166.41
166.46
166.49
166.67
166.79
166.87
166.88
167.03
167.07
167.08
167.09
167.16
167.32
167.33
167.35
167.45
167.49
167.52
167.73
167.73
167.77
167.78
167.89
167.95
167.97
168.05
168.18
168.22
168.33
168.40
168.45
168.48
168.48
168.66
168.73
168.85
168.88
169.24
169.37
169.40
169.47
169.48
169.70
169.81
169.90
169.91
170.09
170.10
170.31
170.34
170.48
170.53
170.54
170.71
170.84
170.92
170.97
171.00
171.10
171.19
171.22
171.23
171.24
171.24
171.33
171.36
171.43
171.58
171.59
171.65
171.76
171.78
171.87
171.91
172.08
172.15
172.18
172.39
172.48
172.49
172.56
172.57
172.65
172.79
172.88
173.02
173.08
173.14
173.17
173.36
173.40
173.49
173.63
173.75
173.81
173.93
173.97
174.08
174.16
174.22
174.25
174.27
174.30
174.41
174.45
174.65
174.75
174.95
175.20
175.30
175.31
175.34
175.34
175.35
175.40
175.42
175.43
175.44
175.54
175.65
175.69
175.71
175.85
175.97
176.02
176.24
176.24
176.26
176.37
176.40
176.49
176.57
176.71
176.73
176.73
176.79
176.80
176.85
176.87
176.91
177.04
177.10
177.19
177.57
177.69
177.72
177.99
178.04
178.04
178.18
178.18
178.26
178.30
178.33
178.43
178.53
178.55
178.62
178.64
178.66
178.76
178.94
178.98
179.07
179.11
179.27
179.27
179.39
179.48
179.59
179.67
179.68
180.16
180.33
180.34
180.36
180.49
180.62
180.62
180.63
180.83
181.20
181.20
181.37
181.40
181.44
181.64
181.68
181.77
181.91
181.91
181.92
181.93
182.14
182.17
182.18
182.21
182.23
182.30
182.33
182.35
182.41
182.43
182.61
182.74
182.89
183.00
183.20
183.36
183.49
183.50
183.65
183.67
183.93
183.94
184.11
184.36
184.42
184.54
184.64
184.69
184.75
184.90
185.03
185.17
185.23
185.33
185.47
185.47
185.61
185.62
185.65
185.68
185.74
185.74
185.75
185.77
185.77
185.79
185.86
185.90
186.01
186.03
186.13
186.25
186.26
186.34
186.52
186.53
186.54
186.62
186.67
186.68
186.88
187.09
187.12
187.20
187.21
187.39
187.44
187.50
187.58
187.61
187.63
188.00
188.16
188.17
188.18
188.21
188.28
188.39
188.47
188.60
188.73
188.74
188.75
188.78
188.80
188.90
189.02
189.06
189.13
189.14
189.39
189.41
189.51
189.68
189.70
189.76
190.09
190.19
190.35
190.41
190.42
190.59
190.70
190.71
190.82
190.85
190.87
190.93
190.98
191.09
191.17
191.33
191.38
191.41
191.46
191.46
191.46
191.47
191.81
191.82
191.95
192.02
192.29
192.36
192.48
192.52
192.52
192.63
192.65
192.72
192.72
192.93
192.94
193.00
193.05
193.06
193.10
193.24
193.25
193.26
193.52
193.55
193.69
193.74
193.75
193.89
194.05
194.28
194.28
194.30
194.47
194.61
194.70
194.84
194.92
195.09
195.10
195.13
195.40
195.54
195.64
195.72
195.89
195.94
196.07
196.08
196.09
196.09
196.17
196.27
196.29
196.38
196.48
196.67
196.74
196.76
196.79
196.80
196.95
197.05
197.08
197.08
197.26
197.29
197.31
197.35
197.37
197.37
197.39
197.41
197.44
197.46
197.46
197.47
197.49
197.54
197.58
197.61
197.93
197.96
197.96
198.01
198.14
198.28
198.31
198.37
198.39
198.45
198.58
198.59
198.64
198.69
198.71
198.73
198.96
199.01
199.10
199.11
199.23
199.26
199.35
199.42
199.47
199.68
199.69
199.71
199.83
199.90
199.91
199.97
200.02
200.02
200.05
200.11
200.14
200.22
200.28
200.30
200.35
200.56
200.57
200.64
200.79
201.02
201.03
201.18
201.22
201.30
201.31
201.33
201.38
201.40
201.44
201.55
201.62
201.66
201.68
201.86
201.88
202.01
202.04
202.10
202.16
202.21
202.24
202.26
202.28
202.32
202.33
202.66
202.68
202.74
202.82
202.84
203.07
203.12
203.38
203.50
203.51
203.53
203.61
203.77
204.02
204.03
204.05
204.20
204.29
204.33
204.47
204.87
204.94
205.05
205.08
205.15
205.33
205.37
205.41
205.41
205.48
205.53
205.59
205.92
206.02
206.06
206.11
206.36
206.52
206.65
206.70
206.75
206.75
206.83
206.96
207.00
207.07
207.14
207.17
207.20
207.27
207.31
207.31
207.76
207.77
207.79
207.91
208.02
208.10
208.23
208.41
208.52
208.57
208.67
208.72
208.77
208.98
209.02
209.09
209.17
209.22
209.27
209.32
209.44
209.45
209.46
210.00
210.06
210.12
210.24
210.24
210.28
210.31
210.37
210.44
210.57
210.62
210.70
210.78
210.79
210.80
210.80
210.93
210.98
211.00
211.03
211.15
211.22
211.26
211.32
211.38
211.40
211.42
211.46
211.49
211.52
211.71
211.82
212.14
212.15
212.28
212.36
212.50
212.58
212.59
212.67
212.67
212.71
212.73
212.76
212.79
213.07
213.10
213.10
213.13
213.15
213.18
213.29
213.34
213.40
213.42
213.47
213.61
213.77
213.78
213.79
213.82
213.95
214.00
214.13
214.17
214.20
214.28
214.37
214.39
214.43
214.45
214.70
214.71
214.82
214.87
215.16
215.18
215.25
215.31
215.38
215.46
215.49
215.56
215.68
215.69
215.71
215.94
215.94
215.98
216.03
216.18
216.21
216.27
216.28
216.37
216.37
216.39
216.53
216.54
216.63
216.67
216.72
216.81
216.85
216.88
216.95
217.00
217.03
217.19
217.30
217.40
217.61
217.62
217.79
217.84
217.87
217.88
217.94
217.99
218.30
218.35
218.40
218.72
218.81
218.89
219.03
219.27
219.27
219.30
219.36
219.39
219.43
219.51
219.65
219.85
219.88
219.95
220.12
220.13
220.14
220.16
220.19
220.20
220.31
220.42
220.44
220.45
220.49
220.49
220.53
220.59
220.66
220.67
220.71
220.94
221.01
221.13
221.20
221.36
221.36
221.46
221.46
221.53
221.54
221.60
221.65
221.68
221.71
221.80
221.87
222.03
222.24
222.26
222.29
222.30
222.40
222.51
222.73
222.79
222.79
222.81
222.89
222.96
223.04
223.06
223.08
223.21
223.28
223.29
223.30
223.30
223.31
223.32
223.37
223.62
223.75
223.78
223.79
223.91
224.17
224.22
224.25
224.25
224.58
224.68
225.20
225.32
225.42
225.46
225.65
225.72
225.81
225.83
225.88
225.88
225.96
225.97
226.02
226.14
226.42
226.44
226.54
226.66
226.77
226.87
226.89
226.99
227.09
227.13
227.22
227.47
227.49
227.54
227.69
227.70
227.72
227.85
227.88
227.91
227.91
227.94
227.94
228.15
228.29
228.34
228.42
228.45
228.47
228.74
228.76
228.82
228.88
228.90
229.01
229.31
229.79
229.86
230.01
230.09
230.29
230.49
230.64
230.65
230.67
230.79
230.85
230.93
230.96
231.26
231.33
231.35
231.45
231.48
231.59
231.60
231.82
231.92
231.95
231.96
232.02
232.12
232.13
232.20
232.45
232.58
232.59
232.65
232.71
232.73
232.74
232.83
232.83
232.85
233.09
233.16
233.38
233.42
233.51
233.71
233.81
233.85
233.85
233.92
233.96
234.28
234.32
234.33
234.56
234.60
234.66
234.70
234.96
235.04
235.31
235.45
235.52
235.53
235.55
235.77
235.83
235.84
235.94
236.02
236.09
236.30
236.37
236.40
236.46
236.51
236.53
236.64
236.77
236.93
237.09
237.15
237.16
237.28
237.29
237.31
237.39
237.43
237.53
237.73
237.76
237.82
237.83
237.88
237.96
238.05
238.15
238.17
238.24
238.28
238.48
238.68
238.73
239.14
239.26
239.29
239.36
239.39
239.40
239.56
239.61
239.63
239.78
239.79
239.79
240.06
240.10
240.12
240.17
240.19
240.20
240.29
240.67
240.70
240.95
240.96
241.05
241.13
241.15
241.16
241.18
241.27
241.48
241.64
241.67
241.77
241.92
242.07
242.14
242.21
242.27
242.28
242.29
242.30
242.33
242.44
242.47
242.49
242.53
242.61
242.83
242.84
242.91
243.04
243.08
243.09
243.28
243.29
243.34
243.53
243.60
243.65
243.68
243.72
243.92
244.07
244.08
244.36
244.36
244.50
244.52
244.56
244.61
244.62
244.66
244.66
244.69
244.70
244.71
244.78
245.38
245.41
245.41
245.51
245.57
245.68
245.75
245.79
246.08
246.09
246.19
246.27
246.35
246.38
246.49
246.60
246.62
246.90
246.95
247.01
247.06
247.07
247.12
247.21
247.31
247.59
247.60
247.63
247.76
247.83
247.88
247.92
248.10
248.29
248.33
248.39
248.48
248.54
248.65
248.65
248.92
248.99
249.07
249.10
249.18
249.35
249.58
249.68
249.70
249.78
249.97
250.04
250.22
250.39
250.54
250.58
250.66
250.71
250.71
250.76
250.84
250.88
250.91
250.98
251.03
251.11
251.18
251.37
251.65
251.85
251.89
252.06
252.15
252.25
252.29
252.39
252.40
252.53
252.53
252.57
252.74
252.78
252.83
252.91
253.04
253.07
253.16
253.19
253.20
253.31
253.42
253.62
253.70
253.73
253.77
253.81
254.04
254.11
254.17
254.18
254.23
254.23
254.28
254.30
254.32
254.38
254.53
254.59
254.81
254.83
255.22
255.28
255.32
255.35
255.36
255.38
255.67
255.82
255.90
256.16
256.27
256.41
256.50
256.52
256.57
256.71
256.84
256.86
256.93
256.94
256.98
257.06
257.48
257.61
257.68
257.68
257.70
257.99
258.02
258.13
258.20
258.20
258.25
258.28
258.33
258.35
258.41
258.44
258.51
258.57
258.76
258.81
258.92
258.95
259.09
259.17
259.18
259.35
259.39
259.43
259.44
259.75
259.78
259.90
259.90
260.01
260.08
260.45
260.50
260.53
260.54
260.54
260.64
260.77
260.82
260.85
260.92
261.00
261.03
261.11
261.11
261.15
261.22
261.37
261.39
261.56
261.57
261.65
261.84
261.84
261.92
261.98
262.06
262.15
262.19
262.22
262.34
262.40
262.50
262.52
262.54
262.70
262.71
262.77
262.80
262.84
262.95
263.13
263.20
263.32
263.57
263.65
263.82
263.83
264.03
264.15
264.16
264.28
264.30
264.32
264.35
264.36
264.36
264.47
264.52
264.65
264.71
264.84
265.06
265.13
265.22
265.39
265.40
265.68
265.71
265.86
266.17
266.29
266.31
266.36
266.50
266.51
266.59
266.62
266.70
266.72
266.76
266.80
267.14
267.22
267.37
267.38
267.45
267.58
267.89
268.15
268.63
268.74
268.84
268.88
269.06
269.06
269.08
269.31
269.33
269.34
269.38
269.39
269.47
269.51
269.51
269.70
269.82
269.89
270.04
270.27
270.30
270.42
270.49
270.54
270.58
270.64
270.72
270.78
270.83
270.84
270.88
271.00
271.17
271.23
271.26
271.27
271.28
271.80
271.90
271.91
272.07
272.12
272.22
272.29
272.37
272.48
272.55
273.10
273.12
273.16
273.20
273.26
273.30
273.35
273.37
273.51
273.54
273.55
273.57
273.63
273.72
273.75
273.80
273.85
274.18
274.31
274.35
274.41
274.42
274.51
274.54
274.60
274.73
274.75
274.92
274.94
274.98
274.99
274.99
275.27
275.28
275.28
275.34
275.35
275.41
275.43
275.44
275.47
275.60
275.72
275.72
275.80
275.91
275.95
276.07
276.25
276.27
276.33
276.33
276.34
276.40
276.67
276.70
276.78
276.89
276.96
277.02
277.14
277.15
277.20
277.33
277.48
277.72
277.75
277.76
277.78
277.80
277.83
277.89
278.01
278.01
278.08
278.13
278.21
278.26
278.29
278.45
278.70
278.82
279.13
279.17
279.23
279.25
279.26
279.31
279.49
279.49
279.51
279.64
279.71
279.76
279.85
280.07
280.07
280.15
280.16
280.18
280.22
280.27
280.50
280.54
280.58
280.59
280.65
280.68
280.93
281.01
281.06
281.14
281.17
281.41
281.42
281.57
281.59
281.68
281.74
281.80
281.90
281.93
281.95
281.95
282.06
282.17
282.17
282.62
282.67
282.74
282.80
282.87
282.87
283.11
283.11
283.12
283.14
283.16
283.29
283.31
283.34
283.39
283.42
283.44
283.51
283.55
283.64
283.69
283.73
283.80
283.92
283.94
283.97
284.02
284.13
284.23
284.36
284.37
284.38
284.50
284.76
284.77
284.84
284.92
285.04
285.08
285.12
285.25
285.36
285.39
285.43
285.52
285.57
285.60
285.63
285.69
285.74
285.79
285.79
285.83
285.85
285.87
285.95
286.01
286.02
286.04
286.12
286.28
286.56
286.79
286.98
286.99
287.05
287.19
287.29
287.50
287.57
287.57
287.60
287.63
287.77
287.77
287.82
287.83
288.03
288.33
288.34
288.39
288.48
288.52
288.52
288.54
288.59
288.71
288.74
288.80
288.90
288.98
289.00
289.06
289.07
289.32
289.40
289.44
289.57
289.63
289.80
290.02
290.13
290.37
290.38
290.74
290.85
290.93
291.06
291.18
291.23
291.26
291.30
291.32
291.34
291.41
291.52
291.57
291.77
291.84
291.86
291.91
291.97
292.19
292.27
292.28
292.48
292.60
292.69
292.70
292.71
292.72
292.74
292.77
292.98
293.19
293.20
293.23
293.27
293.36
293.43
293.66
293.66
293.72
293.75
293.78
294.04
294.12
294.14
294.15
294.20
294.21
294.28
294.29
294.45
294.80
294.91
294.95
295.06
295.08
295.19
295.20
295.26
295.32
295.32
295.32
295.37
295.65
295.70
295.71
295.84
295.91
295.94
296.07
296.33
296.35
296.41
296.62
296.91
297.13
297.23
297.24
297.45
297.52
297.53
297.55
297.59
297.61
297.62
297.74
297.99
298.01
298.04
298.25
298.30
298.37
298.45
298.67
298.69
298.70
298.95
299.22
299.48
299.55
299.60
299.65
299.79
299.90
299.91
299.99
300.07
300.17
300.34
300.43
300.56
300.69
300.81
301.00
301.00
301.03
301.03
301.44
301.52
301.80
301.80
301.82
301.86
301.90
301.93
302.00
302.10
302.24
302.84
302.95
303.03
303.08
303.34
303.50
303.51
303.59
303.59
303.74
304.13
304.36
304.44
304.47
304.51
304.58
304.65
304.73
305.06
305.07
305.08
305.13
305.24
305.34
305.35
305.44
305.55
305.85
305.90
305.97
306.00
306.04
306.33
306.41
306.48
306.50
306.50
306.55
306.57
306.77
306.91
307.03
307.13
307.16
307.16
307.23
307.31
307.49
307.59
307.78
307.79
307.90
308.01
308.07
308.17
308.37
308.51
308.57
308.82
308.85
308.99
309.00
309.00
309.02
309.24
309.25
309.25
309.28
309.30
309.65
309.68
309.75
309.93
310.08
310.22
310.30
310.42
310.54
310.56
310.59
310.87
311.02
311.06
311.18
311.30
311.68
311.80
311.96
312.08
312.19
312.48
312.53
312.57
312.72
312.81
313.22
313.27
313.28
313.33
313.57
313.62
313.67
313.68
313.70
313.71
313.75
313.78
313.82
313.84
313.94
313.98
314.06
314.08
314.13
314.28
314.32
314.35
314.48
314.49
314.71
314.82
314.86
314.86
314.95
314.99
315.08
315.30
315.49
315.50
315.63
315.68
315.71
315.73
315.74
315.89
315.99
316.00
316.01
316.19
316.23
316.28
316.36
316.40
316.54
316.82
316.91
317.04
317.12
317.41
317.55
317.62
317.72
317.76
318.13
318.21
318.38
318.42
318.45
318.48
318.52
318.96
319.03
319.11
319.15
319.17
319.21
319.26
319.39
319.52
319.55
319.56
319.57
319.79
319.80
320.10
320.13
320.16
320.16
320.20
320.28
320.29
320.40
320.49
320.50
320.57
320.63
320.81
320.87
320.88
320.91
321.17
321.34
321.46
321.52
321.55
321.67
321.72
321.81
321.91
322.25
322.27
322.27
322.35
322.72
323.28
323.31
323.34
323.63
323.74
323.79
323.83
323.86
324.02
324.02
324.04
324.12
324.60
324.65
324.65
324.89
325.02
325.49
325.63
325.69
325.74
325.85
326.02
326.07
326.10
326.33
326.36
326.44
326.62
326.69
326.73
326.82
326.82
326.99
327.00
327.13
327.26
327.42
327.55
327.56
327.60
328.02
328.16
328.24
328.42
328.43
328.52
328.57
328.58
328.63
328.64
328.72
328.72
328.73
328.88
328.93
328.98
329.02
329.03
329.14
329.30
329.39
329.57
329.78
329.84
329.84
329.87
329.97
330.06
330.24
330.28
330.41
330.43
330.46
330.64
330.88
331.07
331.12
331.24
331.34
331.35
331.41
331.64
331.74
331.75
331.90
331.90
332.01
332.11
332.26
332.53
332.66
332.79
332.94
333.05
333.10
333.17
333.36
333.89
333.93
334.10
334.15
334.22
334.48
334.54
334.60
334.61
335.18
335.49
335.59
335.76
335.81
335.90
335.90
335.99
336.13
336.32
336.42
336.50
336.76
336.86
337.01
337.10
337.16
337.22
337.23
337.27
337.33
337.49
337.54
337.55
337.60
337.66
337.78
338.09
338.09
338.15
338.23
338.53
338.59
338.64
338.78
339.06
339.07
339.08
339.22
339.23
339.42
339.52
339.63
339.92
339.95
339.98
340.06
340.08
340.20
340.23
340.53
340.53
340.58
340.88
341.12
341.52
341.54
341.72
341.83
341.91
341.94
342.06
342.29
342.40
342.55
342.59
342.63
342.70
342.70
342.70
342.82
343.02
343.09
343.37
343.43
343.44
343.45
343.51
343.61
343.64
343.79
343.80
343.89
343.90
344.47
344.67
344.71
344.72
344.74
344.79
344.85
344.86
344.90
344.91
344.91
345.04
345.14
345.17
345.29
345.34
345.35
345.59
345.68
345.68
345.98
346.00
346.01
346.06
346.16
346.20
346.36
346.41
346.53
346.61
346.80
346.86
346.94
347.02
347.30
347.32
347.35
347.65
347.88
347.88
348.18
348.29
348.37
348.52
348.52
348.63
349.01
349.17
349.24
349.32
349.41
349.44
349.49
349.75
349.78
350.14
350.22
350.39
350.54
350.87
350.89
350.96
351.02
351.13
351.15
351.18
351.29
351.41
351.49
351.52
351.74
351.98
352.00
352.04
352.06
352.27
352.45
352.83
352.86
353.09
353.31
353.47
353.54
353.65
353.73
353.78
353.90
354.08
354.38
354.42
354.78
354.84
354.94
354.99
354.99
355.15
355.16
355.16
355.20
355.32
355.45
355.53
355.78
355.79
355.84
355.90
355.93
356.05
356.10
356.25
356.57
356.59
356.89
356.90
357.05
357.10
357.16
357.19
357.23
357.45
357.57
357.62
357.65
357.69
357.77
358.02
358.03
358.04
358.05
358.19
358.25
358.68
358.70
358.79
359.04
359.11
359.40
359.47
359.48
359.91
360.19
360.24
360.31
360.44
360.46
360.52
360.70
360.75
360.86
360.96
361.03
361.19
361.31
361.61
361.71
361.76
361.88
361.97
362.08
362.15
362.19
362.27
362.38
362.45
362.59
362.61
362.83
363.02
363.09
363.15
363.36
363.39
363.42
363.56
363.58
363.94
363.99
364.00
364.47
364.62
364.66
364.72
364.84
364.98
365.07
365.08
365.30
365.38
365.47
365.49
365.49
365.62
366.02
366.14
366.25
366.65
366.78
366.91
366.96
367.10
367.12
367.30
367.33
367.37
367.38
367.99
368.01
368.09
368.13
368.17
368.41
368.46
368.48
368.50
368.64
368.71
368.77
368.94
369.03
369.08
369.26
369.28
369.40
369.55
370.14
370.19
370.23
370.26
370.31
370.50
370.51
370.56
370.71
370.98
371.04
371.10
371.24
371.24
371.28
371.44
371.50
371.52
371.62
371.64
371.84
371.88
371.92
372.04
372.19
372.48
372.60
372.74
372.98
373.20
373.28
373.38
373.42
373.52
373.81
373.95
374.02
374.17
374.50
374.58
374.78
374.84
375.21
375.70
376.16
376.37
376.53
377.07
377.25
377.39
377.49
377.50
377.53
377.67
377.71
377.76
377.84
377.84
377.98
378.03
378.08
378.21
378.34
378.39
378.48
378.59
378.63
378.82
378.87
379.15
379.21
379.47
379.52
379.74
379.76
379.78
379.89
379.96
380.03
380.40
380.46
380.47
380.68
380.75
380.90
381.03
381.24
381.44
381.92
381.95
382.00
382.02
382.17
382.19
382.25
382.53
382.56
382.71
382.73
382.77
382.77
383.17
383.28
383.39
383.62
383.91
384.20
384.29
384.84
384.85
385.06
385.09
385.09
385.12
385.22
385.32
385.33
385.51
385.78
385.88
386.12
386.40
386.47
386.58
386.72
386.74
386.88
387.22
387.32
387.37
387.56
387.80
387.98
387.98
388.01
388.02
388.10
388.18
388.22
388.38
388.41
388.42
389.35
389.36
389.89
390.33
390.52
390.64
390.69
390.87
390.91
390.93
390.98
391.14
391.16
391.22
391.23
391.29
391.30
391.31
391.40
391.77
391.92
391.99
392.03
392.14
392.19
392.22
392.30
392.59
392.67
392.76
392.96
393.06
393.07
393.47
393.85
393.85
393.89
394.02
394.23
394.24
394.27
394.37
394.70
394.72
394.73
394.81
394.84
394.91
394.95
395.05
395.13
395.40
395.45
395.75
395.85
395.87
395.94
396.29
396.31
396.66
396.77
396.85
397.02
397.16
397.20
397.26
397.38
397.61
397.70
397.73
397.79
397.85
398.38
398.45
398.50
398.51
398.57
398.96
399.01
399.13
399.20
399.50
399.56
399.81
399.88
400.15
400.21
400.36
400.43
400.88
401.04
401.08
401.09
401.32
401.49
401.68
401.83
402.11
402.20
402.67
402.98
403.06
403.07
403.26
403.49
403.58
403.58
403.93
404.16
404.19
404.54
404.58
404.80
405.02
405.03
405.23
405.34
405.36
405.42
405.45
405.53
405.68
406.44
406.48
406.54
406.72
406.83
406.86
407.15
407.18
407.19
407.25
407.43
407.50
407.51
407.55
407.59
407.77
407.81
407.85
407.94
407.96
408.07
408.24
408.29
408.36
408.39
408.50
408.52
408.61
408.72
408.73
408.96
409.02
409.03
409.04
409.04
409.13
409.26
409.57
409.82
409.93
409.96
410.36
410.61
410.71
410.77
410.80
411.10
411.15
411.74
411.75
411.79
411.99
412.21
412.24
412.27
412.43
412.44
412.64
412.95
413.08
413.31
413.32
413.36
413.80
413.83
414.11
414.23
414.33
414.37
414.39
414.44
414.56
414.91
415.04
415.07
415.09
415.09
415.13
415.19
415.20
415.24
415.86
415.91
415.95
415.98
416.14
416.54
416.72
416.85
416.96
417.32
417.48
417.67
417.81
417.98
418.13
418.25
418.31
418.53
418.57
418.61
418.78
418.86
418.98
419.09
419.09
419.19
419.25
419.40
419.49
419.56
419.59
419.89
419.98
419.99
420.33
420.36
420.38
420.58
420.76
420.79
420.89
421.49
421.51
421.59
421.66
421.79
421.83
421.89
421.90
421.99
422.01
422.30
422.54
422.57
422.66
422.82
422.95
422.98
423.00
423.01
423.15
423.15
423.24
423.24
423.25
423.33
424.35
424.54
424.57
424.81
424.96
425.04
425.06
425.07
425.16
425.38
425.39
425.48
425.53
425.66
426.09
426.15
426.30
426.53
426.66
426.75
426.78
426.84
427.14
427.22
427.29
427.37
427.60
427.79
427.89
427.89
428.00
428.12
428.21
428.27
428.28
428.48
428.54
428.62
428.62
428.85
429.25
429.30
429.48
429.69
430.14
430.17
430.27
430.72
430.72
430.96
431.20
431.46
431.54
431.81
431.82
432.28
432.39
432.55
432.65
432.79
433.09
433.26
433.29
433.71
433.81
433.85
434.11
434.23
434.24
434.24
434.39
434.59
434.70
434.71
434.72
434.91
434.93
434.99
435.01
435.22
435.24
435.36
435.53
435.65
435.71
435.72
435.82
436.00
436.22
436.36
437.01
437.09
437.33
437.36
437.38
437.76
437.86
438.02
438.22
438.28
438.35
438.39
438.47
438.47
438.66
438.74
438.77
438.78
438.82
438.93
438.94
438.97
439.03
439.15
439.24
439.35
439.38
439.41
439.71
439.85
439.94
440.02
440.14
440.40
440.50
440.55
440.59
440.79
440.80
440.85
441.00
441.11
441.43
441.45
441.50
441.51
441.57
441.61
441.70
441.73
441.79
442.09
442.21
442.37
442.51
442.64
442.90
442.96
443.00
443.04
443.05
443.21
443.71
443.98
444.16
444.22
444.37
444.44
444.64
444.66
444.66
444.66
444.85
444.88
444.97
445.37
445.43
445.51
445.65
446.16
446.22
446.70
446.72
446.97
447.14
447.18
447.20
447.35
447.74
447.74
447.92
448.00
448.21
448.38
448.60
448.77
448.90
449.04
449.08
449.55
449.64
449.82
449.85
449.89
449.93
450.04
450.05
450.12
450.23
450.29
450.31
450.33
450.41
450.46
450.48
450.59
450.83
450.94
451.01
451.22
451.26
451.28
451.32
451.37
451.63
451.74
451.81
451.83
451.95
452.17
452.20
452.35
452.64
452.78
452.85
453.13
453.15
453.20
453.28
453.47
453.66
453.78
453.85
453.98
454.26
454.60
454.84
455.07
455.24
455.25
455.40
455.48
455.63
455.67
456.11
456.20
456.69
456.75
456.85
457.29
457.44
457.52
457.55
457.59
457.62
458.06
458.22
458.43
458.70
458.77
458.93
459.07
459.26
459.43
459.52
459.57
459.65
459.65
459.87
459.93
460.16
460.21
460.37
460.42
460.46
460.48
460.56
461.00
461.05
461.11
461.22
461.26
461.30
461.42
461.44
461.55
461.67
462.29
462.30
462.33
462.38
462.66
462.91
463.22
463.23
463.43
463.48
463.71
464.02
464.70
464.80
464.86
464.91
464.94
464.95
465.01
465.29
465.51
465.61
465.78
466.08
466.15
466.25
466.80
466.86
467.39
467.59
467.66
467.79
467.90
467.92
467.96
468.01
468.26
468.63
468.64
468.66
468.83
469.00
469.01
469.09
469.14
469.14
469.21
469.23
469.32
469.40
469.45
469.67
469.93
469.97
470.64
470.71
470.82
471.01
471.13
471.22
471.22
471.26
471.75
471.92
472.12
472.15
472.18
472.33
472.59
472.68
472.84
472.84
472.84
473.02
473.15
473.32
473.75
473.93
474.74
474.85
474.87
475.07
475.18
475.30
475.31
475.36
475.43
475.76
475.89
476.04
476.34
476.43
476.51
476.57
476.63
476.74
476.86
476.92
477.09
477.21
477.23
477.28
477.34
477.57
477.66
478.09
478.19
478.42
478.91
478.95
478.98
479.05
479.06
479.10
479.19
479.33
479.47
479.75
479.90
480.02
480.27
480.41
480.79
480.92
480.99
481.06
481.08
481.25
481.34
481.40
481.55
481.80
481.97
482.35
482.37
482.56
482.58
482.60
482.78
483.03
483.24
483.28
483.28
483.59
483.80
484.13
484.51
484.58
484.62
484.76
484.84
484.89
485.03
485.16
485.22
485.47
485.53
485.75
485.84
485.88
485.88
485.98
486.29
486.35
486.58
486.74
486.97
487.07
487.15
487.42
487.49
487.52
487.56
487.63
487.74
487.75
487.75
487.75
487.89
487.91
488.14
488.39
488.72
488.74
488.78
488.96
489.02
489.36
489.39
489.50
489.51
489.66
489.98
490.13
490.16
490.27
490.36
490.41
490.50
491.25
491.28
491.34
491.40
491.40
491.95
491.98
492.23
492.27
492.30
492.40
492.57
492.77
492.84
493.03
493.08
493.45
493.45
493.57
494.18
494.74
495.14
495.15
495.28
495.40
495.46
495.62
495.63
495.79
495.81
495.83
496.66
496.95
496.99
497.16
497.18
497.25
497.26
497.66
497.81
497.90
497.90
499.23
499.24
499.39
499.48
499.59
499.64
499.76
499.77
499.78
499.80
499.89
499.98
500.18
500.18
500.27
500.30
500.53
500.68
500.80
501.02
501.14
501.74
501.84
502.12
502.25
502.38
502.39
502.40
502.49
502.58
502.59
502.89
503.15
503.65
503.74
503.84
503.94
504.15
504.30
504.33
504.36
504.45
504.65
504.69
504.88
504.95
505.00
505.00
505.16
505.40
505.46
505.75
505.92
506.10
506.13
506.51
506.52
506.56
507.26
507.33
507.40
507.59
507.61
507.80
507.93
508.27
508.31
508.48
508.62
508.73
508.90
509.28
509.31
509.33
509.51
509.69
509.79
509.83
509.84
509.87
510.14
510.92
511.24
511.25
511.29
511.59
512.01
512.10
512.25
512.54
513.03
513.10
513.22
513.30
513.77
513.82
513.96
514.28
514.42
514.52
514.57
514.72
515.39
515.44
515.49
516.09
516.21
516.66
516.83
517.07
517.15
517.77
517.81
518.15
518.55
518.56
518.56
518.80
519.01
519.09
519.14
519.29
519.29
519.57
519.62
519.87
519.92
519.95
520.02
520.19
520.62
520.63
520.64
520.68
520.98
521.17
521.39
521.47
521.59
521.68
521.74
521.79
521.88
522.01
522.05
522.30
522.60
522.64
522.84
523.17
523.21
523.21
523.56
523.67
523.82
523.89
524.10
524.16
524.19
524.23
524.28
524.33
524.33
524.36
524.40
524.68
524.71
525.16
525.25
525.50
525.54
525.70
526.22
526.23
526.38
526.50
526.54
526.55
527.04
527.28
527.29
527.64
527.70
527.73
527.78
527.81
528.29
528.49
528.68
528.97
529.23
529.23
529.57
529.76
529.78
529.80
529.80
529.86
529.89
530.04
530.06
530.07
530.27
530.29
530.43
530.98
531.00
531.14
531.41
531.45
531.72
531.89
532.02
532.04
532.19
532.70
533.04
533.04
533.09
533.33
533.42
533.54
533.55
533.69
533.72
533.76
533.99
534.17
534.51
534.82
534.91
534.98
535.12
535.25
535.44
535.68
535.78
535.96
536.07
536.12
536.13
536.20
536.58
536.59
536.65
536.83
537.06
537.08
537.22
537.24
537.34
537.37
537.49
537.58
537.74
537.77
537.80
538.02
538.46
538.66
538.75
538.86
539.05
539.16
539.18
539.43
539.81
539.87
539.88
539.91
539.91
540.07
540.43
540.43
540.52
540.57
540.69
540.73
540.91
541.10
541.11
541.25
541.39
541.43
541.59
541.78
541.97
542.01
542.10
542.22
542.26
542.33
542.71
542.84
542.88
543.11
543.18
543.62
543.75
544.07
544.22
545.04
545.14
545.17
545.19
545.21
545.47
545.49
545.59
545.67
546.02
546.30
546.31
546.34
546.53
546.62
546.95
547.16
547.20
547.59
547.68
547.77
547.91
547.92
548.08
548.26
548.45
548.49
548.80
549.07
549.20
549.34
549.48
549.96
550.35
550.51
550.81
550.88
551.00
551.01
551.86
551.91
552.08
552.14
552.32
552.42
552.45
552.61
552.62
552.75
552.81
552.82
552.87
552.89
552.93
552.94
552.99
553.09
553.50
553.57
553.73
553.85
553.90
553.98
554.01
554.08
554.16
554.26
554.41
554.75
554.75
554.88
555.55
555.73
556.93
556.94
557.21
557.23
557.33
557.59
557.65
557.76
557.87
557.90
558.06
558.15
558.27
558.28
558.51
558.51
558.54
558.80
558.96
558.98
559.36
559.42
559.90
560.36
560.36
560.56
560.61
560.68
560.85
561.31
561.47
561.75
561.78
561.78
561.84
562.03
562.20
562.65
562.67
563.04
563.14
563.35
563.40
563.43
563.81
563.89
564.14
564.41
564.42
564.43
564.45
564.47
564.59
564.68
564.74
565.28
565.38
565.44
565.58
565.78
566.43
566.64
566.68
566.69
566.89
567.55
567.89
567.94
568.36
568.55
568.82
568.95
569.30
569.56
569.70
570.35
570.90
570.92
571.06
571.11
571.47
571.53
572.02
572.13
572.40
572.94
573.14
573.20
573.30
573.41
573.51
573.66
573.91
573.99
574.31
574.40
574.67
574.71
574.85
575.78
576.00
576.06
576.26
576.34
576.52
576.77
576.81
577.03
577.12
577.54
577.69
577.74
577.94
577.96
577.96
577.99
578.44
578.59
578.64
578.75
579.15
579.44
579.50
579.70
579.80
579.92
579.99
580.13
580.45
580.57
580.82
580.98
581.07
581.32
581.46
581.64
581.68
582.70
582.84
583.06
583.08
583.57
583.57
583.58
583.70
583.76
583.86
583.90
583.92
583.95
584.00
584.05
584.06
584.26
584.40
584.50
584.55
584.82
584.87
584.91
585.00
585.19
585.24
585.38
585.62
585.71
586.07
586.17
586.84
586.92
587.03
587.46
587.60
587.74
587.91
588.18
588.40
588.49
588.59
588.84
589.13
589.23
589.51
589.54
589.65
589.74
589.83
590.19
590.29
590.38
590.41
591.00
591.04
591.17
591.37
591.71
591.78
591.90
591.94
592.60
592.81
592.97
593.03
593.12
593.42
593.47
593.81
594.06
594.21
594.30
594.58
594.94
595.14
595.21
595.28
595.42
596.48
596.53
596.65
596.71
596.79
596.85
597.09
597.09
597.11
597.81
597.88
598.02
598.06
598.26
598.67
598.71
598.78
598.82
599.12
599.35
599.39
599.52
599.83
599.88
600.03
600.05
600.07
600.27
600.59
600.59
600.89
601.11
601.38
601.49
601.52
601.69
601.76
601.81
601.92
602.27
602.29
602.61
602.62
602.81
602.83
603.37
603.41
603.45
603.53
603.54
603.63
604.13
604.34
604.39
604.54
604.63
605.36
605.52
605.77
605.81
606.23
606.41
606.50
606.55
606.70
606.75
607.09
607.41
607.71
608.01
608.03
608.09
608.30
608.32
608.42
608.51
609.29
609.64
609.73
610.05
610.14
610.38
610.47
610.51
610.69
610.69
610.69
610.70
610.72
610.90
611.15
611.51
611.70
611.78
611.95
612.07
612.25
612.45
612.54
612.78
612.82
612.83
613.12
613.26
613.29
613.37
613.44
613.87
613.88
613.96
614.04
614.08
614.18
614.37
614.38
614.54
614.62
615.13
615.83
615.97
616.03
616.26
616.58
616.73
616.89
617.10
617.19
617.37
617.54
617.60
618.06
618.14
618.45
618.75
619.07
619.47
619.51
619.52
619.83
619.93
620.21
620.28
620.29
620.31
620.45
620.56
621.44
621.77
621.85
622.10
622.48
622.50
622.61
622.67
622.76
622.89
622.90
623.18
623.34
623.50
623.72
623.91
624.17
624.17
624.24
624.39
624.41
624.81
624.90
625.06
625.12
625.44
625.92
625.96
626.01
626.06
626.27
626.37
626.69
626.87
626.91
627.11
627.24
627.27
627.35
627.37
627.43
627.73
627.73
627.97
628.65
628.74
629.09
629.35
629.37
629.60
629.63
629.68
629.82
629.95
630.20
630.33
630.77
631.39
631.46
631.71
631.73
631.81
631.99
632.13
632.19
632.27
632.30
632.44
632.56
632.66
632.66
632.75
632.76
632.83
633.08
633.25
633.30
633.36
633.43
633.60
633.64
634.33
634.60
634.62
634.74
634.98
635.11
635.28
635.50
635.73
635.79
635.86
635.96
636.50
636.76
637.05
637.05
637.39
637.44
637.65
637.81
637.94
638.21
639.08
639.34
639.61
639.63
639.87
640.54
640.62
640.69
640.99
641.04
641.22
641.43
641.59
641.79
641.80
641.83
641.85
641.90
642.02
642.04
642.10
642.35
642.74
642.84
643.20
643.50
643.76
643.79
644.21
644.81
644.87
644.93
645.05
645.45
645.60
646.06
646.55
646.94
647.07
647.09
647.13
647.30
647.45
647.81
647.83
647.93
648.20
648.58
648.65
648.77
648.82
648.99
649.12
649.15
649.20
649.53
649.72
649.83
650.09
650.30
650.37
650.52
651.02
651.02
651.22
651.43
651.97
652.00
652.01
652.12
652.39
652.40
652.56
652.62
653.15
653.28
653.33
653.36
653.41
653.42
653.49
653.52
653.53
653.71
653.76
653.78
654.12
654.20
654.63
654.76
655.15
655.37
655.46
655.48
655.66
655.87
655.95
656.21
656.32
656.81
657.03
657.07
657.32
657.93
659.10
659.11
659.53
659.78
659.84
659.93
659.99
660.08
660.15
660.30
660.39
660.62
660.63
660.81
660.93
661.08
661.58
661.92
662.49
662.50
662.69
662.82
662.89
662.95
662.98
663.49
663.54
663.86
664.42
664.87
665.09
665.14
665.60
665.88
666.03
666.32
666.37
666.67
666.81
666.82
666.97
667.19
667.21
667.35
667.56
667.90
668.97
668.98
668.98
669.16
669.29
669.93
670.15
670.61
670.79
670.97
671.38
671.70
671.72
671.78
671.83
672.07
672.34
672.97
673.11
673.13
673.24
673.53
673.71
675.38
675.57
675.65
676.02
676.18
676.28
676.57
676.64
676.88
677.00
677.12
677.13
677.71
678.13
678.31
678.39
679.14
679.42
679.59
679.74
679.82
679.89
679.92
679.99
680.05
680.45
680.77
681.15
681.24
681.46
681.54
682.66
682.96
683.03
683.05
683.16
683.34
683.41
683.44
683.63
683.67
684.05
684.14
684.34
684.87
685.57
685.63
686.27
686.37
687.02
687.18
687.45
687.49
687.56
687.56
687.87
687.88
687.90
688.52
688.60
689.31
689.69
690.11
690.36
690.44
690.73
690.75
690.96
691.04
691.18
691.26
691.68
691.92
692.18
692.56
692.81
692.93
693.08
693.26
693.52
693.52
693.92
694.75
695.19
695.28
695.31
695.40
695.54
695.92
696.04
696.47
696.50
696.68
696.89
697.16
697.55
697.61
698.43
698.63
698.80
699.20
699.36
699.70
699.82
699.95
700.16
700.76
700.96
701.36
701.62
701.65
702.06
702.26
702.48
703.33
703.48
703.50
703.68
704.00
704.26
704.29
704.33
704.37
704.67
705.26
705.27
705.56
705.91
706.03
706.33
706.36
706.48
706.73
706.82
706.83
707.01
707.56
707.95
708.28
708.36
708.71
708.94
709.04
709.25
709.30
709.30
709.38
709.45
709.75
710.03
710.10
710.16
710.17
710.26
710.36
710.53
710.88
710.93
711.01
711.11
711.35
711.43
711.46
711.46
711.58
711.82
711.87
712.03
712.18
712.45
712.57
712.62
712.73
713.06
713.22
714.19
714.49
714.82
715.21
715.49
715.66
715.90
715.97
716.27
716.66
716.79
717.07
717.11
717.53
717.69
718.18
718.19
718.22
718.36
718.38
718.56
719.69
719.77
719.82
720.28
720.32
720.79
720.81
721.23
721.27
721.46
721.77
721.81
721.94
722.14
722.14
722.46
723.09
723.15
723.67
723.72
723.95
724.22
724.58
724.84
724.87
724.92
725.08
725.70
726.31
726.53
726.63
726.64
726.82
726.83
727.07
727.13
727.26
727.27
727.54
727.83
727.91
728.22
728.35
728.48
728.58
728.59
728.96
729.04
729.08
729.60
729.79
730.18
730.88
731.64
731.84
731.86
732.28
732.31
732.48
732.81
733.07
733.13
733.21
733.40
733.47
733.49
733.53
733.60
734.23
734.62
734.76
735.17
735.33
735.85
736.35
736.43
736.57
736.78
737.02
737.09
737.09
737.21
737.28
737.60
738.23
738.36
738.53
738.89
739.03
739.11
739.29
739.47
739.51
739.55
740.22
740.54
740.61
740.69
740.72
741.35
741.42
741.82
741.85
741.86
742.21
742.77
743.08
743.19
743.36
743.53
743.76
744.01
744.03
744.30
744.50
744.73
744.97
745.06
745.59
745.89
746.05
746.10
746.41
746.77
746.82
747.12
747.15
747.60
747.71
748.04
748.34
748.39
748.47
749.32
749.32
749.55
749.80
749.85
749.92
749.94
750.28
750.60
751.35
751.51
751.63
751.83
752.05
752.17
752.53
752.62
752.75
753.03
753.41
754.17
754.33
754.66
754.97
755.18
755.76
756.45
756.76
756.98
757.27
757.96
758.33
758.40
758.43
758.70
758.77
758.78
759.79
759.96
760.24
760.44
760.47
760.52
760.57
760.58
761.63
761.82
762.29
762.34
762.74
762.76
762.86
762.92
763.05
764.24
765.24
765.38
765.44
765.44
765.57
765.60
765.95
765.95
766.18
766.40
767.16
767.64
767.66
767.74
767.74
768.06
768.26
768.51
768.80
768.97
769.21
769.45
769.95
769.95
770.05
770.21
770.27
770.37
770.38
770.38
770.69
770.72
770.78
770.85
771.06
771.18
771.21
771.36
772.49
772.94
773.14
773.85
773.98
774.26
774.33
775.60
775.67
775.69
775.84
775.98
776.22
776.64
776.86
777.56
777.94
778.05
778.22
778.45
778.79
779.01
779.08
779.33
779.42
779.42
779.86
780.05
780.16
780.37
781.00
781.25
781.30
782.00
782.04
782.28
782.60
782.61
782.75
783.14
783.20
783.47
783.49
783.53
783.64
783.69
784.12
785.29
785.53
785.53
785.56
786.19
786.26
786.71
786.73
787.00
787.02
787.28
787.48
787.99
788.08
788.28
788.71
788.83
789.36
789.41
789.53
789.59
789.63
790.10
790.77
791.02
791.28
791.51
791.74
792.02
792.13
792.64
793.01
793.32
793.37
793.41
793.80
794.02
794.07
794.09
794.63
794.86
794.92
795.19
795.36
795.43
795.65
795.72
795.74
795.81
796.12
796.66
796.98
797.10
797.15
797.16
797.51
797.59
797.74
798.42
798.45
798.59
799.14
799.19
799.44
799.50
799.82
800.14
800.41
801.23
801.45
801.45
801.77
802.37
803.77
804.50
804.82
805.13
805.25
805.95
805.95
806.39
806.74
806.75
807.01
807.30
807.38
807.45
808.33
808.46
809.20
809.52
809.89
810.23
810.25
810.79
811.18
811.37
811.55
811.87
812.57
812.69
812.97
813.51
814.08
814.21
814.33
814.46
815.19
815.33
815.38
815.48
815.74
816.00
816.09
816.16
816.34
816.42
816.49
816.51
816.55
816.73
816.92
817.07
817.18
817.64
817.88
818.30
818.46
818.53
818.69
818.78
818.84
819.10
819.21
819.28
819.46
819.49
819.87
820.40
820.62
821.01
821.17
821.99
822.11
822.36
822.48
822.57
822.65
823.31
823.94
823.98
824.10
824.12
824.38
824.46
825.36
825.41
825.58
826.05
826.39
826.70
826.71
827.13
827.58
827.87
827.96
828.16
828.94
829.06
829.11
829.62
829.68
830.08
830.80
831.55
831.68
832.95
832.99
833.44
833.64
833.95
834.20
834.97
835.68
835.74
836.25
836.48
836.88
836.94
836.96
837.19
837.79
838.28
838.33
838.53
838.55
839.90
839.93
840.20
840.70
840.75
840.94
841.92
842.47
842.79
843.58
844.12
844.25
844.53
844.70
844.94
845.03
845.15
845.28
845.30
845.47
845.82
846.49
847.13
847.15
847.30
847.42
847.55
847.74
847.89
848.02
848.28
848.33
848.37
848.39
848.43
848.53
848.54
848.56
848.73
848.77
849.29
849.36
849.93
850.25
851.08
851.16
851.67
851.69
851.97
853.06
853.19
853.29
853.46
853.71
853.83
854.74
855.69
856.25
856.40
856.56
857.60
857.67
857.92
858.21
858.29
858.42
858.44
858.55
858.58
859.09
859.13
859.16
859.34
859.38
859.50
859.51
859.63
860.16
860.61
860.85
861.15
862.10
862.23
862.41
862.45
862.64
862.68
862.85
863.06
863.77
863.92
864.38
864.93
865.53
865.56
865.65
867.10
867.28
867.59
867.63
868.32
869.25
869.86
869.96
869.96
870.02
870.14
870.23
870.38
870.57
870.79
871.02
871.11
871.26
871.67
871.90
871.97
871.99
872.03
873.89
874.46
874.46
874.61
874.68
875.27
875.53
875.71
875.93
875.99
876.16
876.21
876.28
876.56
876.93
876.98
877.96
878.00
878.27
878.81
879.08
879.70
879.88
879.97
879.99
880.17
880.18
880.24
881.04
881.05
881.25
881.60
881.99
882.29
882.53
883.20
884.36
884.47
884.91
884.94
884.97
885.32
886.92
886.95
887.23
887.60
887.91
887.96
887.96
888.18
888.83
888.94
888.96
890.11
890.34
890.43
890.63
891.00
891.33
891.38
891.77
891.88
891.89
892.41
892.43
893.10
893.16
893.27
893.41
893.58
893.73
893.90
893.96
894.15
894.28
894.30
894.54
895.46
895.65
896.53
896.81
896.90
896.98
897.01
897.86
898.36
898.71
899.44
899.64
899.64
899.98
900.72
901.14
901.34
901.42
901.45
901.75
902.12
903.19
903.35
903.56
903.70
903.89
904.04
904.28
904.36
904.75
905.01
906.52
906.60
907.04
907.08
907.22
907.37
907.54
907.86
908.79
908.80
908.81
908.91
909.15
909.16
909.30
909.33
909.37
909.79
909.81
910.36
910.49
911.32
911.37
911.46
911.50
911.58
911.72
912.05
912.90
912.97
913.32
913.56
914.11
914.32
914.40
914.46
914.93
915.13
915.22
915.72
915.83
915.87
916.43
917.23
917.44
917.53
918.59
918.87
918.92
919.43
919.56
920.21
920.28
920.28
920.39
920.77
920.89
921.31
921.84
922.48
923.05
923.05
923.07
923.54
924.35
924.44
924.87
925.67
925.72
926.13
926.13
926.45
926.70
927.09
927.24
927.27
927.89
928.01
928.78
929.41
929.77
929.80
929.80
930.71
931.00
931.23
932.01
933.07
933.36
933.45
934.34
934.38
934.62
935.03
935.16
935.34
935.42
936.32
936.37
936.42
936.91
937.12
937.14
937.39
937.49
938.08
938.28
939.06
939.09
939.18
939.22
939.27
939.82
939.91
940.06
940.14
940.37
940.40
940.68
940.71
940.84
941.35
942.22
942.47
943.01
943.05
943.41
943.47
943.66
944.66
944.73
944.97
945.61
945.69
946.08
946.49
946.65
946.73
946.76
947.55
947.55
947.59
948.17
948.58
948.75
948.82
950.01
950.15
950.63
950.77
951.00
951.07
951.23
951.50
951.54
951.66
952.52
952.75
953.05
953.18
953.69
954.09
954.48
954.51
954.52
954.69
954.75
954.77
955.03
955.13
955.17
955.68
955.72
956.43
956.61
958.82
959.52
959.62
960.03
960.36
961.24
961.58
962.22
963.21
963.22
963.34
963.65
964.75
966.13
966.77
967.23
967.27
967.62
967.84
967.87
967.95
967.99
968.45
968.57
968.61
968.66
968.82
969.07
969.33
969.35
969.56
969.57
969.68
969.91
970.94
971.38
971.64
972.35
972.41
972.60
972.70
973.28
973.44
973.80
973.94
974.05
974.56
974.81
975.36
975.40
976.19
976.19
976.73
976.86
976.91
977.69
978.01
978.04
979.17
979.69
980.45
980.59
980.62
980.73
980.77
980.93
981.00
981.61
982.11
982.19
982.65
982.85
982.98
983.38
983.81
983.94
984.20
984.34
984.65
985.32
985.73
985.76
985.86
986.22
986.25
986.27
986.87
986.93
988.37
988.84
989.54
989.71
990.15
990.22
990.52
990.75
990.82
990.83
991.74
992.27
992.30
992.33
992.35
992.39
993.21
993.26
993.34
993.35
993.43
993.51
993.74
994.64
995.58
995.93
996.51
997.33
998.15
998.29
998.65
998.91
998.96
999.35
999.41
999.68
999.71
1000.15
1000.50
1001.16
1001.31
1001.33
1001.50
1001.53
1001.66
1001.84
1002.16
1002.18
1002.53
1002.56
1002.62
1002.75
1002.92
1003.39
1003.42
1003.58
1003.99
1004.44
1004.48
1004.67
1004.77
1004.99
1005.20
1006.11
1006.16
1006.89
1006.96
1007.03
1007.04
1007.13
1007.32
1008.14
1008.85
1009.23
1009.37
1009.37
1009.50
1009.92
1010.01
1010.56
1011.11
1011.30
1011.33
1011.47
1011.69
1012.13
1012.21
1012.45
1013.61
1014.20
1014.46
1014.86
1014.99
1015.28
1015.42
1015.92
1016.06
1016.50
1016.58
1017.19
1018.33
1018.47
1018.58
1018.89
1019.66
1020.50
1020.58
1021.10
1022.10
1022.26
1022.35
1022.39
1022.41
1022.53
1023.14
1024.16
1024.56
1024.63
1025.70
1025.82
1026.58
1027.40
1027.45
1027.57
1027.92
1028.18
1028.50
1028.76
1028.89
1029.81
1030.29
1030.54
1030.73
1031.14
1032.70
1033.75
1034.06
1034.71
1034.83
1035.14
1035.20
1035.34
1036.58
1036.71
1036.75
1037.03
1037.88
1038.23
1038.29
1039.29
1039.72
1040.00
1040.03
1040.10
1040.79
1041.13
1043.09
1043.24
1043.31
1043.33
1043.48
1043.78
1043.81
1043.98
1043.99
1044.25
1044.32
1044.40
1044.72
1045.42
1045.68
1046.26
1046.40
1047.04
1047.09
1047.11
1048.05
1048.14
1048.39
1048.77
1048.79
1048.94
1049.63
1049.67
1049.87
1050.24
1050.82
1050.82
1052.18
1052.27
1052.28
1052.55
1052.79
1053.51
1053.69
1053.88
1054.51
1054.68
1054.84
1054.96
1055.00
1055.02
1055.71
1055.84
1056.47
1056.64
1056.76
1056.83
1056.88
1057.09
1057.29
1057.99
1058.03
1058.04
1058.39
1058.77
1058.90
1059.91
1060.45
1060.46
1060.66
1061.09
1061.66
1061.85
1062.03
1062.23
1063.01
1063.79
1064.27
1064.28
1064.84
1065.76
1065.82
1066.00
1066.04
1066.73
1066.76
1066.81
1067.09
1067.18
1067.29
1067.85
1068.01
1069.13
1069.19
1069.19
1069.46
1069.55
1069.83
1069.84
1070.12
1070.18
1070.51
1070.60
1070.97
1071.58
1072.24
1072.32
1072.40
1072.72
1073.32
1073.73
1073.97
1074.49
1074.73
1074.76
1075.20
1075.51
1075.71
1075.97
1076.23
1076.25
1078.10
1078.50
1079.17
1079.61
1080.35
1080.38
1080.80
1080.89
1082.65
1083.88
1084.71
1085.23
1085.29
1085.30
1085.81
1085.81
1085.96
1086.04
1086.08
1086.17
1086.64
1086.65
1086.86
1086.94
1086.95
1087.60
1087.93
1087.98
1087.99
1088.15
1088.90
1089.39
1090.37
1090.43
1090.43
1090.98
1091.26
1091.34
1091.34
1091.48
1091.67
1091.88
1091.98
1092.38
1093.05
1093.08
1093.28
1093.75
1093.80
1094.52
1094.82
1095.29
1095.54
1095.73
1096.02
1096.88
1097.34
1097.52
1098.02
1098.09
1098.93
1099.17
1099.25
1100.12
1100.87
1101.66
1101.93
1102.22
1102.74
1102.98
1103.10
1103.57
1104.02
1104.07
1104.48
1105.07
1105.30
1107.80
1109.01
1109.01
1109.19
1110.20
1110.31
1110.32
1110.66
1110.66
1110.76
1111.30
1111.65
1111.67
1112.27
1112.64
1113.50
1113.79
1113.97
1114.37
1114.77
1114.80
1115.21
1116.14
1116.76
1117.18
1117.23
1117.34
1119.04
1119.12
1119.82
1120.61
1121.04
1121.07
1121.21
1121.35
1121.41
1123.09
1123.99
1124.09
1124.29
1124.70
1125.32
1125.56
1125.87
1126.83
1127.54
1127.65
1128.37
1129.16
1129.94
1130.48
1131.19
1131.95
1132.54
1132.55
1133.23
1133.45
1133.78
1134.01
1134.28
1134.34
1134.88
1135.37
1135.50
1136.09
1136.74
1136.85
1136.90
1137.13
1137.55
1137.72
1138.78
1139.66
1139.93
1140.14
1140.32
1140.43
1141.46
1141.48
1143.72
1145.11
1145.63
1145.93
1146.01
1146.17
1148.08
1148.59
1149.97
1150.16
1150.21
1150.36
1150.37
1150.75
1150.82
1151.54
1152.19
1153.25
1153.83
1154.31
1155.42
1155.44
1155.54
1156.11
1156.98
1157.05
1157.45
1157.49
1157.58
1157.63
1158.60
1158.67
1159.86
1161.15
1161.42
1162.13
1162.28
1162.48
1162.60
1162.69
1162.87
1164.75
1164.80
1165.81
1165.86
1165.89
1166.00
1166.69
1167.01
1168.47
1168.64
1169.09
1169.85
1170.45
1172.49
1172.87
1173.49
1173.75
1173.87
1174.41
1174.91
1175.69
1175.72
1175.89
1176.43
1176.66
1176.67
1177.00
1177.12
1177.71
1178.29
1178.35
1178.36
1179.44
1179.87
1180.44
1180.52
1181.10
1181.26
1181.67
1182.40
1182.45
1182.45
1183.13
1183.33
1184.32
1184.88
1185.24
1186.15
1188.52
1189.79
1190.14
1190.67
1191.24
1191.25
1193.74
1193.89
1194.58
1195.02
1196.03
1196.76
1196.97
1197.05
1197.32
1198.03
1199.56
1199.80
1200.14
1200.29
1200.77
1200.99
1201.37
1202.33
1203.14
1203.45
1203.50
1203.66
1204.08
1204.38
1205.17
1205.48
1205.56
1205.95
1206.48
1206.50
1206.67
1206.96
1207.82
1207.83
1207.95
1208.20
1208.25
1208.79
1208.85
1208.88
1208.88
1209.26
1209.40
1210.46
1210.75
1210.91
1211.53
1211.75
1211.79
1212.86
1213.19
1214.18
1214.43
1215.52
1216.27
1216.50
1216.54
1216.62
1216.62
1217.23
1217.25
1217.49
1217.99
1218.23
1218.43
1218.51
1220.71
1221.19
1222.10
1222.15
1222.31
1222.79
1222.89
1223.61
1225.06
1225.12
1225.61
1226.67
1227.28
1227.61
1228.23
1229.38
1229.94
1230.63
1230.64
1231.12
1231.36
1231.36
1231.58
1231.77
1231.84
1232.08
1232.99
1233.14
1234.32
1234.44
1235.55
1236.09
1236.64
1236.68
1236.89
1237.00
1237.57
1237.71
1238.04
1238.24
1238.70
1238.81
1239.25
1239.78
1240.86
1241.93
1242.16
1243.12
1243.42
1243.59
1243.83
1244.06
1244.51
1244.78
1246.02
1247.60
1248.20
1248.20
1248.80
1249.05
1249.06
1249.24
1249.90
1250.43
1250.63
1250.89
1251.85
1252.00
1252.40
1252.74
1253.81
1254.80
1255.77
1256.35
1257.86
1258.41
1258.64
1258.82
1259.17
1259.99
1261.60
1261.62
1261.82
1262.14
1262.16
1262.18
1263.20
1264.37
1264.67
1265.27
1265.37
1266.12
1266.41
1267.95
1268.62
1268.67
1269.66
1270.13
1270.32
1270.46
1270.83
1271.20
1272.40
1273.07
1274.65
1275.83
1275.89
1276.80
1277.03
1277.37
1278.46
1278.71
1281.16
1281.37
1281.80
1282.06
1282.27
1282.74
1283.59
1283.66
1283.99
1284.53
1285.71
1285.78
1286.06
1286.16
1286.78
1288.09
1288.25
1288.75
1289.85
1292.23
1292.70
1293.02
1293.51
1293.57
1293.57
1293.58
1293.65
1294.62
1294.73
1294.73
1294.79
1294.81
1294.94
1295.56
1296.79
1297.27
1297.66
1299.21
1300.15
1300.21
1300.35
1300.45
1300.64
1301.57
1302.47
1302.81
1303.25
1303.94
1304.22
1305.39
1306.10
1306.99
1307.16
1308.05
1308.08
1308.56
1309.44
1310.06
1310.81
1312.60
1312.70
1313.10
1313.13
1313.23
1313.94
1314.78
1315.20
1316.14
1317.33
1317.34
1317.92
1319.58
1320.02
1320.79
1321.45
1321.97
1322.01
1322.22
1322.97
1323.18
1323.80
1323.83
1323.96
1324.08
1325.33
1325.39
1326.74
1329.12
1329.63
1329.76
1329.86
1329.90
1330.06
1330.59
1331.01
1332.03
1333.04
1333.04
1333.73
1333.93
1335.12
1335.44
1335.68
1337.39
1337.40
1337.50
1338.13
1338.42
1340.17
1340.26
1340.88
1340.90
1341.56
1341.79
1343.07
1344.56
1344.72
1344.93
1345.39
1346.48
1346.61
1347.94
1349.09
1349.35
1349.37
1349.50
1350.29
1350.40
1350.77
1350.91
1351.76
1352.32
1352.82
1352.90
1353.30
1353.58
1354.51
1354.70
1354.97
1355.63
1355.72
1357.40
1358.92
1360.83
1361.63
1362.17
1362.95
1363.17
1363.23
1363.84
1364.04
1364.47
1365.05
1365.18
1365.20
1365.67
1366.67
1366.82
1367.31
1368.41
1370.73
1375.77
1375.86
1376.98
1378.18
1378.63
1378.75
1379.29
1379.53
1379.66
1380.09
1381.57
1382.00
1382.23
1383.11
1383.17
1383.64
1384.17
1384.83
1385.45
1386.29
1386.59
1387.28
1387.61
1389.53
1390.55
1391.49
1392.60
1393.24
1393.30
1394.23
1394.25
1395.12
1396.34
1397.13
1397.28
1397.31
1397.64
1397.93
1398.40
1398.69
1399.13
1399.61
1399.87
1399.96
1400.57
1401.01
1401.11
1401.22
1401.31
1401.40
1401.66
1403.07
1403.54
1403.92
1405.53
1405.74
1405.85
1407.80
1408.48
1408.70
1408.76
1408.89
1411.32
1412.16
1412.42
1412.83
1412.99
1413.15
1415.07
1415.17
1415.30
1415.37
1415.48
1415.99
1416.89
1417.60
1418.33
1419.16
1420.47
1421.85
1423.10
1423.76
1424.01
1424.17
1424.62
1425.59
1426.30
1426.46
1427.96
1428.17
1429.39
1429.76
1429.98
1430.94
1431.17
1431.36
1432.06
1432.12
1432.77
1433.16
1435.51
1437.36
1437.55
1437.71
1438.11
1438.39
1438.78
1439.34
1439.40
1439.51
1440.74
1442.33
1442.43
1442.54
1442.83
1442.96
1443.22
1444.16
1444.24
1444.38
1446.29
1446.65
1447.26
1448.34
1448.46
1448.48
1449.30
1449.97
1450.06
1450.22
1452.39
1452.50
1453.03
1453.63
1455.61
1456.21
1457.68
1457.71
1458.06
1458.34
1458.37
1459.38
1459.92
1461.56
1462.13
1463.76
1464.63
1465.87
1465.89
1467.97
1469.75
1470.06
1470.16
1472.80
1472.80
1473.33
1473.74
1474.12
1474.17
1474.32
1475.07
1475.15
1475.64
1476.84
1477.00
1477.11
1477.69
1477.99
1478.45
1478.98
1479.13
1479.67
1481.00
1482.91
1484.61
1484.93
1485.41
1485.93
1486.51
1486.86
1487.68
1488.03
1488.45
1489.00
1489.66
1490.18
1490.98
1491.98
1492.08
1492.36
1492.57
1492.74
1493.63
1493.78
1494.15
1494.49
1494.75
1496.64
1498.21
1498.28
1498.33
1498.49
1499.04
1499.19
1499.90
1500.78
1501.39
1502.19
1503.36
1503.52
1503.78
1505.64
1506.89
1508.10
1508.13
1510.66
1510.70
1512.01
1512.69
1513.86
1515.67
1516.25
1516.74
1517.23
1517.35
1518.81
1520.85
1521.49
1522.46
1522.73
1524.31
1524.67
1525.96
1527.43
1528.32
1529.94
1530.13
1530.14
1530.14
1531.23
1532.33
1532.38
1532.56
1532.98
1533.41
1534.00
1534.35
1537.68
1538.91
1540.11
1540.66
1540.99
1541.24
1542.74
1543.21
1544.15
1544.51
1545.06
1545.47
1546.03
1546.30
1546.44
1546.69
1547.27
1547.32
1547.36
1548.09
1548.53
1549.52
1550.10
1550.15
1550.32
1550.37
1550.69
1551.03
1555.48
1556.58
1556.90
1558.11
1558.29
1558.31
1559.63
1559.85
1560.13
1560.25
1560.49
1560.54
1560.54
1561.25
1562.13
1562.33
1563.38
1564.61
1564.66
1564.66
1564.71
1566.46
1566.58
1566.97
1567.20
1568.24
1568.36
1568.70
1569.84
1570.16
1570.84
1571.31
1571.55
1572.04
1572.28
1573.37
1573.47
1574.29
1574.63
1574.67
1575.09
1576.83
1577.82
1578.88
1579.17
1581.68
1581.80
1582.23
1582.87
1584.43
1585.66
1586.36
1586.45
1588.32
1588.58
1588.96
1589.51
1590.57
1591.26
1591.61
1591.64
1591.81
1591.81
1592.68
1593.17
1593.52
1594.02
1594.76
1594.85
1595.02
1595.68
1595.76
1596.26
1597.73
1597.80
1598.01
1598.10
1598.96
1599.01
1600.12
1600.47
1603.88
1605.24
1605.46
1607.76
1608.33
1609.04
1610.18
1610.38
1610.70
1610.94
1612.88
1612.90
1613.05
1614.55
1617.35
1619.72
1620.79
1621.33
1621.61
1621.75
1621.82
1622.28
1623.24
1625.61
1625.83
1626.18
1626.53
1628.20
1629.44
1629.47
1629.59
1630.12
1634.01
1634.03
1634.43
1634.65
1638.24
1639.71
1639.96
1640.01
1640.76
1641.02
1641.10
1641.52
1641.93
1642.06
1643.35
1644.44
1644.78
1645.83
1645.90
1647.30
1647.84
1648.18
1648.57
1649.39
1649.50
1651.50
1652.54
1654.99
1655.79
1656.13
1657.76
1659.95
1660.40
1660.49
1661.21
1662.54
1663.69
1663.91
1664.31
1665.98
1666.74
1669.12
1670.30
1670.96
1672.10
1672.50
1672.94
1672.97
1673.10
1673.62
1674.49
1674.95
1676.12
1681.41
1682.30
1685.25
1685.60
1685.86
1686.62
1686.97
1687.15
1687.30
1688.92
1689.75
1689.89
1690.90
1691.24
1691.94
1692.67
1693.00
1693.48
1694.93
1697.62
1697.88
1698.40
1698.93
1699.41
1699.83
1700.24
1700.47
1700.62
1701.82
1702.13
1703.13
1703.20
1703.27
1703.73
1703.77
1705.08
1705.47
1706.59
1707.50
1707.78
1709.09
1709.53
1709.57
1711.96
1712.53
1713.53
1713.88
1714.44
1715.76
1716.32
1717.45
1717.60
1718.15
1718.56
1719.42
1720.61
1720.68
1721.45
1721.49
1722.62
1725.91
1727.19
1727.40
1729.81
1730.11
1730.36
1730.71
1730.77
1731.44
1732.29
1732.59
1732.85
1733.28
1734.20
1734.40
1736.15
1737.45
1737.71
1738.48
1741.95
1742.08
1742.61
1742.96
1745.13
1745.19
1746.00
1746.42
1746.72
1747.48
1748.54
1748.71
1748.93
1750.11
1750.14
1751.41
1751.79
1752.27
1752.99
1753.06
1753.77
1755.13
1755.51
1756.20
1757.20
1758.90
1759.28
1761.09
1761.79
1762.76
1763.24
1764.21
1764.77
1765.65
1767.56
1768.94
1769.91
1770.97
1771.69
1773.25
1773.59
1774.57
1778.45
1778.51
1780.36
1780.48
1781.21
1782.40
1783.46
1783.71
1786.01
1786.05
1786.34
1786.82
1787.31
1788.20
1788.37
1788.68
1789.30
1790.04
1790.08
1790.46
1790.60
1790.87
1792.98
1794.11
1796.38
1796.71
1797.24
1797.39
1797.57
1798.68
1800.94
1803.37
1803.76
1803.86
1804.25
1804.35
1804.70
1806.93
1807.16
1807.28
1807.32
1810.57
1810.98
1811.41
1812.86
1813.08
1813.14
1813.57
1814.16
1814.71
1814.82
1814.88
1815.65
1817.48
1818.83
1819.70
1820.13
1821.37
1822.73
1824.31
1825.81
1826.05
1826.29
1826.66
1828.88
1828.96
1830.86
1831.21
1831.69
1831.87
1833.10
1833.26
1833.40
1834.69
1834.92
1835.86
1836.65
1837.19
1838.16
1838.66
1839.16
1839.34
1841.45
1841.71
1842.18
1842.54
1843.62
1845.02
1845.30
1846.11
1847.33
1847.41
1848.35
1850.21
1850.55
1853.76
1854.64
1856.63
1856.65
1857.86
1858.68
1859.24
1860.13
1861.12
1862.97
1867.09
1868.20
1868.48
1869.27
1869.65
1869.90
1870.75
1871.41
1871.78
1872.00
1873.26
1873.30
1873.60
1874.07
1874.23
1874.90
1874.90
1875.31
1876.12
1876.63
1876.63
1876.81
1878.78
1879.88
1881.40
1882.06
1882.52
1884.17
1884.66
1886.07
1886.40
1886.62
1887.28
1889.46
1890.10
1890.32
1891.22
1892.88
1894.58
1895.42
1895.77
1896.08
1896.22
1896.67
1897.68
1900.47
1901.15
1902.43
1902.78
1905.54
1905.68
1907.91
1908.18
1908.78
1909.15
1910.45
1911.03
1913.35
1914.17
1915.21
1916.68
1917.06
1919.65
1922.89
1924.20
1925.37
1925.81
1926.64
1927.85
1931.42
1932.09
1934.16
1935.58
1935.63
1935.81
1938.50
1939.88
1940.39
1940.43
1941.39
1942.97
1944.00
1947.96
1948.30
1949.16
1952.69
1952.96
1954.21
1955.58
1958.17
1958.59
1958.61
1959.46
1962.19
1962.39
1962.90
1964.89
1965.83
1965.98
1966.53
1966.91
1969.53
1969.66
1972.39
1973.61
1976.21
1976.32
1976.88
1977.03
1977.97
1979.83
1984.61
1986.93
1988.05
1988.44
1988.46
1992.96
1993.67
1995.75
1996.37
1997.58
1997.84
2004.27
2004.45
2005.49
2009.92
2012.16
2013.40
2013.99
2015.47
2018.09
2018.33
2018.64
2019.42
2020.08
2021.92
2021.94
2022.42
2024.10
2025.37
2026.08
2026.30
2026.34
2026.45
2028.31
2028.40
2031.67
2031.83
2034.45
2034.58
2037.88
2039.89
2040.42
2041.68
2042.61
2042.65
2042.89
2047.30
2047.52
2047.56
2049.80
2051.11
2051.44
2052.75
2053.09
2053.51
2054.11
2055.31
2057.96
2058.45
2059.03
2060.90
2060.99
2062.86
2063.53
2064.80
2065.07
2066.73
2066.88
2067.11
2068.00
2069.75
2070.11
2072.21
2072.62
2077.87
2078.79
2079.49
2079.53
2082.80
2085.17
2087.36
2087.40
2088.24
2088.33
2089.12
2089.53
2089.57
2092.26
2092.99
2094.12
2095.12
2098.43
2098.79
2099.13
2100.66
2104.30
2105.18
2105.39
2106.69
2106.80
2107.08
2107.49
2108.42
2109.45
2110.93
2112.49
2113.26
2113.33
2118.09
2118.21
2119.47
2119.56
2120.11
2120.43
2122.04
2124.20
2124.91
2125.03
2125.05
2125.19
2125.88
2126.73
2128.75
2128.82
2129.17
2129.72
2129.91
2131.96
2135.67
2138.31
2138.38
2139.93
2140.02
2141.64
2141.99
2142.99
2143.87
2144.73
2147.45
2148.61
2150.96
2151.14
2152.31
2153.08
2154.82
2156.41
2157.25
2157.30
2159.47
2160.36
2161.27
2162.58
2163.54
2163.87
2164.19
2164.54
2170.20
2171.77
2174.03
2174.14
2176.57
2176.90
2179.84
2180.39
2181.33
2182.09
2183.13
2184.28
2187.64
2191.12
2193.40
2193.73
2194.07
2194.80
2195.02
2195.35
2196.23
2197.11
2199.91
2200.13
2200.70
2201.91
2203.58
2204.27
2204.42
2210.10
2210.15
2211.11
2211.15
2211.66
2211.94
2213.93
2214.07
2215.20
2216.28
2217.50
2219.06
2219.06
2220.26
2221.68
2223.51
2224.13
2224.13
2224.42
2224.59
2225.43
2226.83
2227.75
2227.79
2230.09
2230.21
2231.41
2232.89
2234.46
2235.23
2236.17
2236.49
2237.94
2238.52
2239.25
2239.81
2241.60
2241.72
2241.72
2242.01
2242.62
2244.00
2248.43
2249.30
2250.23
2250.54
2253.69
2254.61
2255.54
2256.91
2257.20
2257.45
2257.96
2258.74
2259.01
2260.16
2261.06
2263.46
2264.25
2265.89
2267.11
2268.54
2269.15
2271.51
2272.98
2275.15
2275.52
2276.75
2278.80
2280.70
2284.70
2284.77
2286.08
2286.82
2287.05
2287.96
2288.04
2288.18
2288.98
2291.38
2294.98
2297.36
2297.74
2298.66
2298.68
2300.32
2307.65
2309.03
2310.13
2310.70
2310.80
2313.70
2314.28
2317.51
2319.37
2319.84
2320.32
2320.50
2321.45
2323.13
2323.41
2325.45
2325.67
2326.08
2326.15
2327.51
2329.73
2329.91
2330.51
2330.79
2330.84
2331.14
2332.07
2332.43
2334.37
2334.57
2337.86
2339.38
2340.24
2340.77
2341.45
2343.96
2344.27
2346.58
2347.87
2348.08
2349.68
2349.86
2350.16
2350.26
2350.47
2352.68
2354.23
2354.97
2358.13
2361.22
2362.45
2365.29
2366.29
2368.13
2370.72
2371.57
2371.67
2372.57
2374.34
2376.75
2376.93
2377.76
2382.06
2382.26
2383.12
2383.14
2383.71
2383.76
2384.95
2385.13
2389.08
2390.24
2391.35
2392.36
2393.89
2397.37
2400.95
2402.45
2403.83
2410.50
2412.20
2412.48
2413.84
2421.37
2423.55
2424.55
2425.52
2425.52
2425.70
2425.81
2426.28
2428.69
2429.27
2429.96
2432.53
2433.30
2434.19
2437.49
2438.81
2441.90
2442.21
2443.51
2443.59
2444.30
2444.43
2446.97
2447.05
2449.36
2449.73
2450.10
2450.76
2451.53
2455.04
2455.41
2458.46
2458.52
2459.95
2460.67
2461.26
2462.27
2466.88
2468.22
2468.22
2468.70
2470.46
2471.08
2471.88
2474.56
2475.68
2477.61
2479.11
2481.96
2483.38
2484.11
2487.58
2488.20
2488.28
2488.41
2496.37
2497.47
2497.99
2498.10
2498.74
2502.61
2502.99
2504.16
2504.70
2506.43
2508.66
2509.36
2509.88
2513.93
2518.40
2520.90
2521.56
2521.61
2524.10
2528.69
2530.47
2531.92
2538.75
2539.79
2540.34
2543.62
2545.08
2547.33
2553.79
2554.87
2558.91
2559.41
2560.60
2561.43
2563.32
2563.81
2567.65
2568.01
2568.87
2570.17
2570.56
2571.12
2574.24
2574.88
2578.06
2579.14
2579.42
2582.72
2584.06
2584.23
2585.24
2585.29
2586.27
2587.28
2592.07
2592.55
2593.98
2595.27
2596.84
2597.32
2597.60
2598.81
2601.99
2602.24
2606.89
2607.65
2608.87
2608.92
2610.48
2610.84
2612.23
2614.89
2615.57
2622.65
2629.30
2632.00
2634.37
2635.76
2635.99
2638.87
2642.87
2643.19
2644.10
2644.22
2648.54
2648.83
2650.32
2650.66
2654.08
2655.83
2657.44
2666.20
2667.93
2670.38
2674.14
2681.59
2682.81
2685.91
2686.38
2687.57
2688.21
2688.71
2691.85
2695.93
2700.37
2703.50
2705.25
2705.81
2708.06
2708.91
2709.94
2712.20
2714.05
2714.60
2714.66
2716.16
2716.84
2724.55
2727.71
2730.16
2733.08
2735.63
2735.63
2736.57
2739.57
2742.35
2742.83
2743.04
2743.36
2745.06
2747.37
2748.83
2750.65
2751.33
2752.16
2760.22
2764.49
2769.49
2770.54
2772.40
2773.66
2774.74
2776.87
2778.43
2780.00
2782.07
2782.34
2782.46
2783.04
2783.52
2785.60
2792.78
2795.98
2796.20
2797.68
2797.92
2800.01
2801.86
2806.05
2808.51
2810.24
2811.49
2812.19
2816.97
2818.95
2819.31
2819.68
2820.54
2821.82
2822.03
2823.86
2827.26
2829.00
2834.98
2835.37
2835.37
2841.24
2842.16
2842.16
2843.58
2850.97
2852.45
2852.88
2853.32
2853.75
2857.64
2859.75
2861.23
2861.42
2861.91
2862.10
2869.32
2870.81
2872.77
2874.23
2874.26
2875.73
2875.82
2877.56
2888.01
2890.39
2890.39
2892.45
2893.70
2893.92
2894.17
2894.74
2901.23
2902.11
2910.63
2914.31
2916.96
2917.09
2922.34
2926.07
2927.46
2928.57
2934.25
2934.95
2936.73
2943.88
2946.05
2946.15
2947.77
2953.93
2955.47
2957.39
2960.65
2961.45
2967.84
2969.41
2972.59
2976.55
2976.91
2976.94
2976.97
2977.84
2980.94
2982.65
2985.07
2988.40
2988.43
2990.43
2996.46
2998.66
2998.86
3003.24
3006.33
3009.00
3009.36
3009.98
3011.08
3014.15
3022.28
3024.76
3025.03
3025.88
3027.19
3028.01
3035.26
3036.01
3038.87
3042.62
3045.16
3046.44
3051.75
3052.48
3057.47
3059.46
3059.85
3059.92
3060.65
3061.05
3062.01
3067.88
3069.67
3071.26
3071.46
3073.39
3073.49
3073.72
3077.05
3080.75
3082.42
3082.68
3082.78
3083.35
3087.69
3089.09
3089.53
3090.63
3092.07
3104.14
3104.61
3108.44
3111.87
3112.31
3114.06
3116.76
3118.24
3119.39
3120.06
3120.91
3121.18
3123.75
3130.82
3132.58
3135.19
3143.68
3145.69
3148.31
3151.00
3151.55
3152.13
3153.39
3153.90
3156.98
3159.20
3160.05
3160.46
3165.12
3166.42
3170.02
3175.96
3177.12
3184.87
3190.53
3197.30
3201.07
3205.85
3208.94
3210.40
3218.40
3219.24
3221.92
3222.69
3223.59
3224.08
3224.12
3225.09
3226.07
3228.72
3229.21
3232.08
3232.88
3235.93
3236.73
3237.61
3239.99
3241.71
3242.94
3243.54
3249.61
3250.95
3254.68
3259.51
3262.61
3269.04
3278.18
3278.75
3279.03
3282.44
3289.34
3290.98
3291.69
3294.54
3297.43
3301.39
3301.78
3303.10
3311.77
3318.90
3320.88
3321.92
3322.24
3331.78
3333.44
3333.51
3337.67
3338.78
3340.30
3343.59
3345.22
3348.23
3348.73
3349.35
3351.16
3351.60
3351.89
3353.48
3357.88
3359.59
3360.38
3360.78
3361.51
3364.35
3365.55
3369.30
3373.54
3376.31
3376.60
3378.72
3381.39
3382.82
3388.72
3389.23
3389.56
3391.07
3391.21
3396.90
3398.04
3398.52
3401.61
3412.23
3414.52
3418.44
3422.21
3423.14
3427.36
3428.47
3431.81
3432.33
3434.79
3439.10
3439.14
3445.88
3450.95
3451.51
3451.55
3454.13
3455.70
3461.87
3462.77
3464.87
3465.47
3469.19
3469.26
3478.06
3485.51
3487.36
3487.85
3493.48
3494.61
3497.68
3498.66
3499.84
3500.75
3505.26
3505.98
3509.20
3513.53
3517.68
3517.87
3521.11
3522.82
3523.97
3526.52
3529.99
3531.45
3531.87
3542.74
3545.04
3546.26
3553.75
3571.10
3575.55
3577.87
3583.45
3584.88
3585.58
3591.33
3591.87
3594.75
3604.09
3606.59
3608.39
3616.83
3620.51
3622.55
3623.25
3623.49
3628.23
3631.02
3635.27
3644.48
3648.15
3649.81
3652.77
3657.84
3657.88
3668.14
3671.36
3682.46
3682.50
3684.69
3686.12
3688.16
3688.56
3689.68
3690.99
3691.31
3692.87
3694.07
3695.51
3696.39
3699.07
3699.59
3700.75
3706.28
3711.05
3711.30
3717.32
3718.61
3722.88
3728.93
3730.90
3733.61
3734.46
3739.84
3740.73
3756.95
3765.33
3769.53
3776.76
3777.21
3778.64
3778.80
3780.85
3794.37
3795.77
3797.08
3808.85
3812.89
3816.60
3818.46
3818.71
3823.92
3825.78
3831.17
3832.95
3834.49
3836.10
3836.39
3842.75
3843.12
3844.16
3846.87
3850.07
3851.95
3854.83
3856.08
3858.54
3862.13
3871.21
3872.72
3873.85
3875.07
3877.04
3879.72
3881.74
3884.18
3885.98
3886.11
3893.77
3897.77
3898.07
3906.34
3911.29
3912.65
3932.85
3946.15
3949.99
3951.36
3955.72
3957.74
3971.59
3977.31
3981.75
3985.28
3986.40
3991.84
3993.22
3996.51
4003.04
4005.25
4007.12
4010.11
4011.11
4023.32
4025.89
4034.31
4035.27
4037.67
4049.66
4054.17
4058.96
4059.53
4063.92
4065.11
4066.69
4069.64
4071.67
4084.73
4102.62
4106.31
4113.60
4121.75
4124.48
4125.59
4132.52
4134.53
4149.77
4156.37
4156.87
4159.48
4161.77
4162.54
4166.55
4166.73
4167.18
4169.48
4171.24
4173.81
4175.39
4175.71
4177.02
4178.51
4187.34
4192.82
4194.05
4195.18
4197.32
4197.45
4198.18
4213.20
4214.61
4218.08
4220.68
4232.39
4232.89
4236.65
4236.83
4247.11
4251.94
4255.11
4269.22
4269.73
4275.74
4277.13
4282.69
4283.71
4294.38
4299.12
4302.52
4306.99
4314.08
4316.74
4320.39
4329.09
4335.37
4335.65
4336.97
4339.69
4348.53
4355.49
4362.14
4362.47
4363.70
4371.64
4375.57
4382.77
4387.90
4426.18
4426.90
4427.91
4428.39
4434.86
4440.72
4442.93
4457.71
4467.66
4468.38
4478.45
4488.98
4491.21
4494.96
4499.82
4505.82
4506.06
4518.46
4518.61
4521.74
4522.91
4523.30
4526.97
4540.56
4550.69
4550.94
4552.52
4555.52
4556.31
4569.74
4573.35
4575.78
4580.04
4597.06
4597.76
4598.56
4601.29
4601.84
4603.54
4609.27
4610.66
4611.51
4619.70
4638.33
4639.69
4640.54
4654.12
4655.93
4657.49
4657.49
4666.78
4667.33
4668.80
4669.55
4671.83
4674.56
4681.49
4688.18
4700.37
4703.68
4709.23
4709.84
4719.23
4732.11
4737.03
4743.54
4751.35
4754.64
4759.64
4770.57
4779.25
4782.92
4784.32
4789.70
4794.78
4798.21
4800.55
4803.61
4806.99
4828.36
4828.47
4835.94
4841.18
4849.04
4849.30
4854.08
4857.97
4862.81
4864.96
4867.12
4868.76
4870.49
4878.93
4879.20
4887.44
4890.19
4897.13
4921.35
4924.33
4934.14
4934.46
4938.84
4952.38
4961.77
4980.00
4987.07
4988.47
4991.65
4997.00
5005.50
5006.69
5008.59
5008.97
5010.00
5011.24
5014.61
5022.97
5039.95
5047.38
5055.46
5057.71
5066.42
5069.60
5073.49
5074.26
5087.34
5091.81
5102.45
5103.00
5113.00
5113.06
5119.32
5120.76
5121.64
5121.92
5129.85
5133.51
5137.18
5146.47
5155.50
5176.18
5182.85
5188.63
5193.18
5199.76
5199.87
5201.11
5222.37
5229.77
5229.89
5231.47
5240.59
5248.76
5262.58
5267.71
5273.24
5284.95
5314.08
5329.74
5331.76
5349.15
5360.22
5379.39
5381.95
5387.43
5389.47
5399.68
5440.91
5443.33
5445.57
5458.07
5462.92
5463.45
5473.27
5487.26
5497.72
5501.65
5505.40
5514.16
5525.51
5542.04
5543.42
5545.94
5547.86
5551.94
5558.91
5560.96
5565.77
5577.05
5590.09
5593.66
5596.87
5632.66
5640.83
5641.87
5649.56
5652.80
5661.86
5668.67
5686.97
5700.40
5723.39
5724.01
5725.31
5728.66
5739.45
5741.50
5759.92
5771.59
5772.40
5773.27
5778.21
5780.46
5803.40
5805.41
5830.78
5839.05
5852.27
5861.45
5865.64
5884.46
5900.91
5905.63
5923.68
5939.08
5943.45
5975.56
5976.66
5978.93
6002.07
6027.32
6032.99
6068.54
6096.25
6130.78
6153.37
6174.78
6179.46
6205.79
6213.85
6274.93
6282.67
6292.20
6302.15
6317.58
6329.41
6339.76
6345.87
6349.65
6368.09
6385.33
6391.35
6394.39
6395.64
6409.91
6413.93
6420.67
6447.89
6448.03
6449.70
6453.82
6457.24
6488.48
6489.95
6507.11
6531.80
6542.48
6566.59
6569.36
6580.96
6585.80
6591.08
6618.09
6657.16
6668.04
6676.42
6679.52
6690.30
6695.44
6710.74
6711.83
6717.72
6717.94
6723.68
6727.32
6748.17
6754.31
6762.28
6803.81
6804.40
6810.37
6821.28
6865.79
6901.68
6927.05
6929.67
6937.62
6941.23
6953.03
6954.00
7016.28
7019.70
7021.90
7023.57
7041.68
7049.23
7064.58
7069.85
7090.08
7111.51
7153.49
7168.76
7193.39
7194.94
7209.91
7270.54
7321.69
7345.50
7378.55
7411.44
7415.13
7415.29
7449.30
7451.97
7469.56
7504.72
7517.81
7524.97
7559.65
7560.30
7605.02
7642.14
7654.63
7694.74
7712.16
7717.75
7752.23
7760.29
7786.02
7817.26
7818.27
7824.36
7853.63
7889.23
7904.69
7913.85
7981.09
7986.62
7999.85
8001.76
8005.74
8040.38
8057.53
8072.19
8098.26
8100.54
8134.79
8183.26
8197.62
8210.93
8223.82
8228.72
8261.01
8263.42
8289.57
8336.98
8344.38
8344.47
8393.64
8419.65
8450.41
8477.24
8524.14
8642.37
8670.09
8839.74
8875.48
8912.05
8930.68
8974.46
8997.12
9046.41
9087.62
9104.44
9107.89
9128.02
9160.77
9227.42
9319.93
9352.56
9402.07
9469.35
9558.49
9575.16
9582.62
9649.52
9663.83
9666.34
9715.84
9742.89
9874.49
9901.02
9958.93
10000.50
10038.23
10086.57
10095.08
10108.74
10175.68
10183.94
10195.96
10218.05
10237.08
10257.93
10263.37
10326.64
10346.99
10353.60
10390.41
10438.64
10495.71
10528.02
10539.30
10565.56
10573.22
10649.23
10653.84
10740.29
10790.96
10795.05
10799.49
10828.86
10963.61
10989.38
11034.90
11038.96
11042.78
11056.53
11080.24
11147.22
11203.44
11234.40
11241.94
11254.71
11272.63
11344.21
11372.59
11470.84
11581.83
11633.83
11642.90
11686.94
11816.13
11827.38
12117.93
12263.81
12276.82
12289.98
12433.76
12605.80
12638.57
12764.18
12920.78
12939.80
13014.64
13024.78
13224.44
13266.86
13465.71
13803.52
13864.44
13939.95
14035.60
14235.65
14236.27
14468.42
14729.52
14794.20
14862.23
15015.62
15196.55
15283.28
15330.32
15344.59
15414.81
15532.17
15580.48
15885.52
16089.46
16141.77
16487.92
16677.20
16853.16
17212.51
17358.20
17696.13
17903.55
18038.10
18220.52
18335.02
18493.82
18560.77
18742.80
18915.56
18930.30
19836.14
20574.77
21824.74
22896.56
23273.71
23544.21
24112.93
25347.81
26296.23
26746.45
28171.62
30007.21
36018.87
38358.71
