1.95
2.07
2.11
2.29
2.30
2.36
2.36
2.36
2.42
2.43
2.45
2.47
2.47
2.48
2.49
2.49
2.50
2.53
2.54
2.58
2.61
2.64
2.64
2.67
2.68
2.79
2.84
2.85
2.90
2.92
2.94
2.95
2.95
2.96
2.96
2.99
2.99
2.99
3.00
3.00
3.06
3.06
3.08
3.10
3.11
3.14
3.14
3.15
3.17
3.17
3.18
3.18
3.19
3.20
3.21
3.23
3.25
3.25
3.25
3.26
3.27
3.28
3.28
3.31
3.31
3.34
3.35
3.36
3.37
3.38
3.43
3.44
3.44
3.45
3.45
3.48
3.51
3.52
3.55
3.56
3.61
3.61
3.61
3.62
3.62
3.63
3.64
3.64
3.66
3.66
3.67
3.68
3.69
3.71
3.73
3.73
3.74
3.76
3.77
3.80
3.80
3.81
3.81
3.83
3.85
3.89
3.89
3.89
3.90
3.93
3.95
3.97
3.99
3.99
4.00
4.00
4.06
4.06
4.06
4.06
4.08
4.08
4.09
4.09
4.11
4.11
4.12
4.12
4.13
4.14
4.14
4.17
4.17
4.17
4.20
4.21
4.23
4.23
4.24
4.25
4.28
4.28
4.29
4.30
4.30
4.31
4.31
4.33
4.34
4.35
4.36
4.36
4.38
4.39
4.39
4.43
4.45
4.46
4.48
4.49
4.50
4.50
4.51
4.52
4.52
4.54
4.54
4.55
4.55
4.56
4.57
4.58
4.58
4.61
4.63
4.66
4.68
4.69
4.72
4.73
4.74
4.74
4.76
4.76
4.77
4.78
4.78
4.80
4.80
4.81
4.85
4.85
4.91
4.91
4.93
4.97
4.98
4.98
4.99
5.00
5.01
5.01
5.01
5.03
5.05
5.05
5.06
5.06
5.07
5.08
5.08
5.09
5.13
5.13
5.16
5.17
5.18
5.20
5.22
5.22
5.23
5.23
5.23
5.24
5.25
5.27
5.28
5.28
5.28
5.28
5.28
5.29
5.31
5.32
5.33
5.33
5.34
5.34
5.34
5.35
5.36
5.38
5.39
5.39
5.40
5.41
5.42
5.43
5.45
5.46
5.48
5.48
5.48
5.49
5.52
5.53
5.55
5.55
5.55
5.57
5.57
5.57
5.58
5.58
5.60
5.61
5.63
5.65
5.65
5.67
5.69
5.73
5.73
5.74
5.75
5.76
5.76
5.76
5.78
5.79
5.85
5.87
5.87
5.89
5.90
5.92
5.92
5.92
5.94
5.95
5.96
5.98
5.99
6.00
6.04
6.04
6.05
6.07
6.08
6.09
6.11
6.11
6.13
6.13
6.14
6.14
6.15
6.15
6.16
6.16
6.17
6.18
6.20
6.20
6.20
6.21
6.21
6.23
6.23
6.23
6.24
6.26
6.26
6.29
6.29
6.30
6.31
6.33
6.34
6.35
6.35
6.39
6.40
6.41
6.41
6.42
6.42
6.44
6.46
6.46
6.47
6.49
6.51
6.52
6.54
6.55
6.56
6.58
6.61
6.62
6.64
6.65
6.66
6.67
6.68
6.68
6.68
6.68
6.69
6.70
6.72
6.72
6.73
6.75
6.79
6.81
6.83
6.85
6.86
6.86
6.87
6.87
6.88
6.88
6.88
6.89
6.90
6.90
6.91
6.92
6.92
6.93
6.94
6.94
6.97
6.97
6.98
7.01
7.01
7.02
7.04
7.04
7.04
7.06
7.06
7.11
7.12
7.12
7.13
7.15
7.15
7.15
7.17
7.17
7.17
7.17
7.19
7.22
7.23
7.23
7.23
7.27
7.28
7.30
7.33
7.33
7.34
7.35
7.37
7.37
7.38
7.40
7.41
7.43
7.44
7.44
7.44
7.47
7.48
7.48
7.48
7.50
7.50
7.51
7.51
7.52
7.53
7.55
7.55
7.56
7.58
7.58
7.62
7.63
7.64
7.67
7.67
7.67
7.68
7.68
7.69
7.70
7.70
7.71
7.71
7.72
7.72
7.72
7.75
7.75
7.76
7.76
7.78
7.79
7.79
7.81
7.82
7.82
7.87
7.89
7.91
7.91
7.92
7.93
7.94
7.95
7.95
7.96
7.97
7.97
7.99
7.99
8.04
8.04
8.04
8.06
8.08
8.08
8.12
8.17
8.18
8.22
8.22
8.23
8.23
8.27
8.29
8.30
8.31
8.32
8.35
8.35
8.36
8.36
8.37
8.38
8.40
8.42
8.43
8.50
8.52
8.55
8.55
8.56
8.56
8.59
8.59
8.59
8.63
8.65
8.66
8.68
8.69
8.69
8.70
8.71
8.72
8.74
8.79
8.79
8.81
8.82
8.83
8.83
8.83
8.85
8.88
8.88
8.89
8.89
8.91
8.94
8.95
8.96
8.97
8.98
9.00
9.06
9.07
9.10
9.10
9.11
9.13
9.14
9.15
9.15
9.16
9.17
9.20
9.23
9.23
9.25
9.26
9.27
9.29
9.30
9.32
9.34
9.34
9.34
9.35
9.36
9.38
9.40
9.42
9.42
9.44
9.47
9.48
9.49
9.49
9.52
9.54
9.55
9.57
9.60
9.63
9.64
9.68
9.68
9.68
9.71
9.73
9.73
9.74
9.74
9.74
9.74
9.74
9.75
9.76
9.77
9.79
9.79
9.81
9.81
9.84
9.88
9.88
9.91
9.94
9.94
9.94
9.99
10.03
10.03
10.03
10.04
10.05
10.06
10.06
10.06
10.10
10.13
10.14
10.16
10.18
10.22
10.24
10.25
10.25
10.26
10.26
10.27
10.27
10.28
10.28
10.29
10.29
10.31
10.38
10.39
10.40
10.45
10.47
10.47
10.49
10.50
10.50
10.51
10.51
10.51
10.52
10.53
10.57
10.60
10.60
10.60
10.61
10.64
10.66
10.67
10.69
10.69
10.69
10.72
10.75
10.76
10.77
10.78
10.79
10.83
10.87
10.87
10.89
10.90
10.90
10.91
10.93
10.93
10.94
10.96
11.00
11.03
11.04
11.07
11.09
11.09
11.10
11.11
11.12
11.12
11.14
11.21
11.24
11.26
11.27
11.33
11.33
11.35
11.35
11.35
11.35
11.36
11.37
11.38
11.39
11.41
11.41
11.44
11.44
11.46
11.46
11.47
11.47
11.47
11.47
11.50
11.52
11.53
11.53
11.54
11.57
11.57
11.58
11.59
11.60
11.61
11.61
11.62
11.63
11.66
11.74
11.78
11.79
11.80
11.81
11.82
11.83
11.84
11.86
11.86
11.88
11.88
11.89
11.89
11.90
11.90
11.91
11.92
11.92
11.93
11.94
11.95
11.96
11.96
11.97
11.97
11.97
11.98
11.99
12.02
12.03
12.05
12.07
12.07
12.08
12.09
12.11
12.12
12.12
12.13
12.17
12.19
12.21
12.21
12.22
12.22
12.23
12.23
12.26
12.28
12.29
12.29
12.29
12.29
12.30
12.32
12.33
12.33
12.34
12.35
12.36
12.36
12.38
12.39
12.41
12.42
12.42
12.43
12.44
12.44
12.49
12.49
12.50
12.51
12.55
12.55
12.56
12.56
12.57
12.57
12.57
12.58
12.58
12.61
12.62
12.65
12.66
12.66
12.67
12.68
12.70
12.73
12.73
12.74
12.75
12.76
12.78
12.79
12.80
12.80
12.82
12.83
12.83
12.84
12.87
12.88
12.88
12.90
12.91
12.92
12.93
12.93
12.95
12.97
12.97
13.00
13.01
13.03
13.04
13.05
13.06
13.11
13.13
13.14
13.18
13.19
13.20
13.24
13.25
13.26
13.26
13.28
13.32
13.32
13.34
13.37
13.37
13.42
13.45
13.47
13.47
13.51
13.52
13.59
13.65
13.67
13.67
13.70
13.71
13.77
13.78
13.80
13.80
13.80
13.82
13.82
13.85
13.86
13.89
13.92
13.93
13.94
13.96
13.96
13.97
13.97
13.99
14.02
14.02
14.04
14.06
14.06
14.07
14.11
14.12
14.14
14.14
14.14
14.15
14.15
14.18
14.18
14.21
14.24
14.26
14.27
14.27
14.27
14.28
14.29
14.31
14.32
14.32
14.33
14.34
14.37
14.37
14.40
14.41
14.43
14.51
14.53
14.54
14.57
14.58
14.60
14.62
14.63
14.63
14.64
14.65
14.65
14.67
14.67
14.67
14.68
14.68
14.69
14.70
14.71
14.72
14.92
14.96
15.00
15.06
15.07
15.09
15.09
15.09
15.09
15.09
15.10
15.10
15.11
15.12
15.12
15.12
15.13
15.14
15.15
15.15
15.16
15.16
15.18
15.19
15.19
15.19
15.20
15.22
15.23
15.23
15.24
15.24
15.27
15.32
15.33
15.42
15.43
15.49
15.50
15.50
15.52
15.58
15.58
15.62
15.64
15.68
15.69
15.70
15.74
15.74
15.78
15.79
15.80
15.82
15.83
15.85
15.86
15.87
15.88
15.88
15.94
15.94
15.95
15.97
15.99
16.00
16.02
16.02
16.02
16.04
16.04
16.06
16.11
16.12
16.14
16.15
16.17
16.20
16.20
16.23
16.27
16.27
16.28
16.34
16.34
16.39
16.41
16.43
16.44
16.49
16.50
16.51
16.51
16.52
16.52
16.53
16.57
16.58
16.67
16.67
16.68
16.68
16.69
16.69
16.70
16.71
16.78
16.80
16.82
16.83
16.84
16.85
16.86
16.86
16.88
16.89
16.94
16.96
16.96
17.07
17.08
17.09
17.10
17.12
17.14
17.16
17.23
17.24
17.24
17.25
17.26
17.27
17.28
17.29
17.30
17.31
17.31
17.33
17.35
17.39
17.42
17.46
17.46
17.52
17.52
17.55
17.55
17.56
17.63
17.64
17.64
17.65
17.66
17.70
17.71
17.74
17.74
17.77
17.77
17.80
17.80
17.80
17.84
17.84
17.84
17.84
17.84
17.86
17.88
17.88
17.90
17.97
17.98
17.98
17.99
18.00
18.01
18.01
18.07
18.08
18.10
18.12
18.14
18.18
18.20
18.21
18.22
18.23
18.24
18.26
18.31
18.36
18.36
18.37
18.39
18.41
18.41
18.42
18.48
18.51
18.51
18.53
18.54
18.54
18.58
18.59
18.62
18.63
18.63
18.64
18.67
18.67
18.69
18.70
18.72
18.73
18.74
18.78
18.78
18.78
18.80
18.84
18.88
18.89
18.89
18.92
18.94
18.95
18.96
18.99
19.02
19.02
19.03
19.06
19.08
19.10
19.10
19.12
19.15
19.15
19.15
19.17
19.22
19.23
19.25
19.26
19.28
19.33
19.35
19.36
19.36
19.39
19.46
19.46
19.49
19.51
19.53
19.53
19.55
19.55
19.56
19.57
19.58
19.61
19.64
19.66
19.70
19.72
19.76
19.77
19.79
19.81
19.83
19.83
19.87
19.89
19.90
19.91
19.93
19.95
19.95
19.98
19.99
20.00
20.01
20.02
20.03
20.04
20.07
20.11
20.12
20.14
20.14
20.16
20.21
20.22
20.24
20.25
20.32
20.35
20.36
20.37
20.39
20.39
20.40
20.44
20.45
20.48
20.49
20.50
20.51
20.53
20.54
20.61
20.66
20.69
20.69
20.70
20.76
20.78
20.78
20.81
20.83
20.84
20.84
20.87
20.89
20.89
20.89
20.91
20.92
20.95
20.97
20.99
21.00
21.01
21.04
21.04
21.05
21.06
21.07
21.07
21.09
21.09
21.12
21.13
21.19
21.21
21.22
21.22
21.23
21.27
21.27
21.30
21.31
21.32
21.33
21.42
21.42
21.48
21.49
21.54
21.57
21.60
21.61
21.66
21.66
21.66
21.68
21.69
21.69
21.75
21.80
21.86
21.87
21.87
21.92
21.93
21.94
21.96
22.02
22.07
22.07
22.08
22.18
22.20
22.20
22.20
22.23
22.24
22.25
22.27
22.30
22.33
22.33
22.38
22.40
22.41
22.42
22.47
22.50
22.51
22.61
22.70
22.72
22.73
22.73
22.76
22.82
22.86
22.86
22.87
22.87
22.88
22.93
22.96
22.98
23.02
23.07
23.07
23.09
23.14
23.15
23.15
23.18
23.19
23.22
23.23
23.24
23.24
23.30
23.34
23.34
23.35
23.35
23.35
23.36
23.37
23.37
23.37
23.38
23.40
23.41
23.45
23.46
23.47
23.48
23.50
23.53
23.54
23.56
23.56
23.56
23.57
23.58
23.59
23.62
23.65
23.66
23.73
23.73
23.74
23.76
23.76
23.78
23.82
23.84
23.84
23.86
23.90
23.95
24.00
24.01
24.01
24.02
24.02
24.06
24.08
24.13
24.13
24.15
24.15
24.21
24.23
24.23
24.26
24.27
24.28
24.37
24.43
24.46
24.46
24.50
24.52
24.55
24.58
24.59
24.60
24.61
24.63
24.63
24.64
24.65
24.67
24.67
24.73
24.76
24.77
24.83
24.88
24.89
24.93
24.95
24.96
24.98
25.01
25.06
25.06
25.07
25.08
25.11
25.15
25.19
25.20
25.20
25.22
25.25
25.25
25.27
25.28
25.28
25.30
25.32
25.32
25.36
25.36
25.38
25.43
25.43
25.44
25.46
25.47
25.50
25.51
25.54
25.56
25.57
25.58
25.60
25.68
25.73
25.74
25.77
25.77
25.78
25.78
25.83
25.87
25.95
25.98
26.00
26.00
26.01
26.04
26.05
26.07
26.07
26.11
26.11
26.12
26.14
26.15
26.16
26.21
26.22
26.26
26.26
26.30
26.31
26.32
26.35
26.43
26.44
26.45
26.45
26.46
26.48
26.52
26.54
26.55
26.59
26.59
26.66
26.69
26.70
26.75
26.77
26.78
26.79
26.79
26.86
26.91
26.93
26.93
26.95
27.01
27.07
27.11
27.12
27.13
27.15
27.15
27.16
27.17
27.18
27.20
27.23
27.25
27.27
27.29
27.31
27.33
27.38
27.41
27.47
27.47
27.48
27.48
27.49
27.49
27.52
27.53
27.56
27.58
27.60
27.62
27.64
27.66
27.67
27.72
27.73
27.75
27.75
27.77
27.77
27.77
27.79
27.80
27.83
27.87
27.93
27.96
28.07
28.07
28.07
28.08
28.10
28.10
28.16
28.17
28.20
28.22
28.26
28.27
28.32
28.39
28.42
28.43
28.48
28.49
28.51
28.51
28.56
28.58
28.61
28.63
28.66
28.68
28.71
28.75
28.81
28.85
28.86
28.87
28.89
28.91
28.94
28.99
29.04
29.10
29.11
29.12
29.19
29.21
29.22
29.22
29.25
29.26
29.33
29.34
29.36
29.38
29.38
29.39
29.39
29.44
29.44
29.45
29.48
29.52
29.58
29.61
29.62
29.64
29.67
29.68
29.73
29.74
29.76
29.81
29.85
29.87
29.87
29.91
29.95
29.96
29.99
30.02
30.03
30.03
30.04
30.06
30.08
30.10
30.11
30.11
30.16
30.18
30.22
30.30
30.31
30.31
30.33
30.33
30.34
30.43
30.44
30.46
30.46
30.47
30.49
30.54
30.54
30.62
30.63
30.68
30.70
30.72
30.74
30.75
30.83
30.84
30.84
30.85
30.87
30.89
30.89
30.98
30.99
31.00
31.03
31.05
31.06
31.08
31.11
31.18
31.21
31.23
31.25
31.27
31.28
31.29
31.32
31.34
31.35
31.44
31.45
31.48
31.48
31.49
31.49
31.53
31.53
31.56
31.58
31.58
31.62
31.69
31.70
31.74
31.75
31.76
31.77
31.79
31.84
31.86
31.87
31.88
31.91
31.92
31.93
31.96
31.98
32.00
32.01
32.02
32.02
32.04
32.04
32.10
32.14
32.18
32.23
32.24
32.25
32.31
32.32
32.38
32.39
32.42
32.43
32.46
32.50
32.57
32.61
32.62
32.63
32.69
32.74
32.80
32.81
32.81
32.84
32.85
32.85
32.94
32.96
32.96
32.98
33.06
33.14
33.15
33.15
33.16
33.18
33.21
33.22
33.25
33.30
33.31
33.33
33.35
33.39
33.43
33.44
33.49
33.52
33.53
33.54
33.55
33.56
33.61
33.69
33.73
33.74
33.74
33.78
33.83
33.83
33.84
33.85
33.88
33.92
33.94
33.95
33.99
34.03
34.04
34.05
34.07
34.09
34.14
34.16
34.17
34.20
34.23
34.35
34.36
34.38
34.39
34.41
34.41
34.41
34.45
34.46
34.49
34.50
34.50
34.51
34.57
34.57
34.57
34.58
34.58
34.59
34.59
34.64
34.68
34.73
34.73
34.74
34.82
34.84
34.86
34.87
34.90
34.94
34.98
34.99
35.04
35.12
35.18
35.23
35.25
35.26
35.26
35.27
35.32
35.41
35.41
35.42
35.47
35.50
35.56
35.62
35.63
35.63
35.65
35.67
35.68
35.69
35.72
35.74
35.75
35.81
35.82
35.84
35.91
35.95
35.96
36.00
36.03
36.06
36.06
36.09
36.16
36.22
36.29
36.33
36.35
36.39
36.40
36.43
36.45
36.50
36.52
36.54
36.56
36.57
36.58
36.59
36.59
36.59
36.60
36.64
36.68
36.68
36.69
36.72
36.72
36.90
36.96
36.99
37.05
37.06
37.06
37.07
37.14
37.15
37.18
37.20
37.21
37.28
37.31
37.34
37.34
37.36
37.37
37.45
37.46
37.47
37.47
37.50
37.51
37.52
37.61
37.63
37.64
37.64
37.65
37.68
37.68
37.70
37.72
37.80
37.83
37.85
37.85
37.85
37.90
37.90
37.93
37.93
37.94
37.96
38.08
38.18
38.23
38.24
38.26
38.32
38.36
38.36
38.46
38.46
38.48
38.51
38.54
38.57
38.62
38.63
38.65
38.65
38.67
38.69
38.70
38.72
38.73
38.77
38.81
38.82
38.85
38.92
39.01
39.19
39.22
39.28
39.30
39.33
39.35
39.40
39.52
39.56
39.61
39.62
39.63
39.66
39.72
39.72
39.73
39.79
39.82
39.82
39.83
39.87
40.02
40.09
40.09
40.12
40.13
40.19
40.27
40.27
40.28
40.30
40.33
40.43
40.43
40.44
40.45
40.46
40.56
40.58
40.61
40.61
40.63
40.66
40.67
40.85
40.88
40.94
40.98
41.05
41.06
41.10
41.14
41.18
41.27
41.36
41.38
41.39
41.42
41.42
41.42
41.43
41.46
41.47
41.50
41.55
41.58
41.60
41.63
41.66
41.69
41.77
41.81
41.85
41.87
41.92
41.97
41.98
41.99
42.01
42.02
42.05
42.05
42.07
42.13
42.15
42.20
42.22
42.25
42.25
42.28
42.29
42.32
42.33
42.43
42.43
42.44
42.50
42.56
42.62
42.74
42.75
42.78
42.84
42.94
42.94
43.02
43.02
43.05
43.11
43.19
43.21
43.23
43.23
43.28
43.28
43.35
43.35
43.37
43.39
43.42
43.48
43.58
43.62
43.72
43.84
43.87
43.88
43.90
43.91
43.93
43.98
44.00
44.06
44.07
44.07
44.09
44.09
44.22
44.26
44.29
44.30
44.31
44.37
44.38
44.43
44.46
44.50
44.50
44.51
44.54
44.54
44.59
44.67
44.74
44.75
44.75
44.78
44.80
44.84
44.87
44.88
44.90
45.00
45.04
45.08
45.17
45.27
45.29
45.30
45.38
45.42
45.44
45.47
45.57
45.61
45.61
45.66
45.68
45.71
45.72
45.74
45.83
45.84
45.87
45.88
45.97
46.04
46.12
46.15
46.25
46.26
46.32
46.35
46.39
46.40
46.46
46.49
46.57
46.60
46.67
46.68
46.71
46.72
46.83
46.85
46.87
46.89
46.92
46.92
47.03
47.07
47.09
47.11
47.13
47.14
47.15
47.17
47.20
47.35
47.45
47.48
47.54
47.55
47.55
47.57
47.60
47.64
47.65
47.68
47.71
47.72
47.76
47.78
47.86
47.93
48.07
48.11
48.15
48.16
48.20
48.21
48.27
48.30
48.31
48.32
48.34
48.37
48.42
48.45
48.51
48.52
48.54
48.55
48.57
48.61
48.77
48.79
48.81
48.83
48.89
48.89
48.92
48.94
48.96
49.00
49.02
49.02
49.06
49.11
49.11
49.16
49.20
49.22
49.25
49.28
49.34
49.34
49.42
49.43
49.47
49.50
49.51
49.53
49.56
49.68
49.70
49.76
49.81
49.91
49.97
49.97
50.01
50.13
50.21
50.35
50.36
50.45
50.46
50.52
50.58
50.65
50.68
50.70
50.71
50.73
50.79
50.88
51.02
51.03
51.12
51.13
51.18
51.21
51.22
51.29
51.30
51.33
51.35
51.38
51.40
51.46
51.52
51.53
51.58
51.61
51.67
51.68
51.69
51.74
51.78
51.79
51.80
51.92
51.96
51.97
51.98
52.00
52.04
52.14
52.16
52.19
52.22
52.28
52.35
52.38
52.43
52.47
52.51
52.52
52.61
52.62
52.63
52.67
52.69
52.81
52.82
52.82
52.83
52.86
52.91
52.93
52.93
52.94
52.99
52.99
53.00
53.00
53.01
53.02
53.20
53.25
53.28
53.30
53.34
53.40
53.47
53.52
53.58
53.61
53.62
53.64
53.73
53.77
53.96
53.96
53.98
54.04
54.06
54.10
54.22
54.25
54.33
54.35
54.37
54.46
54.48
54.51
54.64
54.66
54.67
54.69
54.71
54.76
54.80
54.82
54.82
54.86
54.87
54.88
54.93
54.95
54.97
55.00
55.05
55.06
55.07
55.08
55.11
55.13
55.17
55.24
55.45
55.52
55.57
55.58
55.68
55.69
55.71
55.74
55.75
55.79
55.86
55.94
55.96
55.99
55.99
56.04
56.06
56.10
56.21
56.25
56.32
56.41
56.43
56.47
56.62
56.64
56.65
56.66
56.68
56.69
56.83
56.86
56.90
56.93
57.03
57.07
57.12
57.12
57.24
57.33
57.44
57.47
57.51
57.57
57.57
57.62
57.71
57.73
57.80
57.83
57.84
57.87
57.89
57.90
57.95
58.03
58.04
58.08
58.08
58.18
58.33
58.35
58.39
58.51
58.54
58.68
58.79
58.81
58.83
58.85
59.00
59.01
59.13
59.15
59.19
59.19
59.27
59.36
59.51
59.58
59.63
59.64
59.69
59.74
59.76
59.78
59.80
59.82
59.83
59.85
59.87
59.90
59.91
59.93
59.97
60.05
60.12
60.21
60.26
60.32
60.33
60.45
60.51
60.54
60.57
60.61
60.67
60.69
60.71
60.71
60.85
60.92
60.97
61.04
61.07
61.10
61.15
61.19
61.25
61.26
61.28
61.29
61.33
61.56
61.70
61.76
61.80
61.85
61.85
61.87
61.91
61.98
62.00
62.11
62.13
62.20
62.26
62.30
62.32
62.39
62.46
62.54
62.62
62.63
62.66
62.72
62.79
62.80
62.84
62.89
62.92
62.92
62.98
63.04
63.07
63.08
63.10
63.15
63.20
63.26
63.69
63.72
63.87
63.94
63.98
64.02
64.10
64.14
64.19
64.21
64.30
64.40
64.42
64.45
64.46
64.52
64.63
64.76
64.78
64.80
64.83
64.84
64.85
64.87
64.90
64.92
64.93
65.05
65.07
65.20
65.22
65.22
65.25
65.33
65.36
65.41
65.43
65.43
65.48
65.50
65.51
65.52
65.54
65.56
65.71
65.71
66.01
66.05
66.10
66.12
66.26
66.29
66.36
66.42
66.43
66.54
66.59
66.63
66.66
66.76
66.81
66.84
66.87
67.01
67.10
67.15
67.24
67.30
67.31
67.43
67.47
67.49
67.50
67.57
67.66
67.78
67.79
67.81
67.97
67.98
67.99
68.06
68.13
68.21
68.30
68.59
68.60
68.87
68.88
68.90
68.96
68.98
69.05
69.09
69.12
69.17
69.36
69.48
69.52
69.52
69.55
69.60
69.72
69.80
69.86
69.90
69.96
70.03
70.03
70.34
70.39
70.42
70.51
70.57
70.61
70.73
70.83
70.90
70.93
70.96
70.98
70.98
71.00
71.01
71.06
71.07
71.18
71.24
71.33
71.37
71.42
71.58
71.81
71.83
71.89
72.10
72.11
72.30
72.35
72.39
72.64
72.68
72.82
72.97
72.98
72.99
73.00
73.00
73.09
73.20
73.21
73.22
73.25
73.35
73.40
73.46
73.47
73.49
73.52
73.56
73.79
73.87
73.93
74.08
74.10
74.14
74.16
74.21
74.34
74.43
74.44
74.46
74.47
74.53
74.56
74.64
74.79
74.89
75.00
75.03
75.11
75.18
75.18
75.25
75.25
75.32
75.34
75.41
75.44
75.68
75.74
75.75
75.81
75.81
75.82
75.82
75.86
75.90
75.91
75.92
76.06
76.08
76.09
76.14
76.18
76.19
76.25
76.39
76.47
76.49
76.53
76.59
76.62
76.68
76.86
76.86
76.88
76.94
77.03
77.05
77.18
77.33
77.34
77.48
77.49
77.55
77.58
77.62
77.65
77.76
77.82
77.89
77.93
78.00
78.10
78.11
78.18
78.18
78.19
78.40
78.41
78.48
78.50
78.52
78.53
78.65
78.78
78.82
78.91
78.96
79.01
79.03
79.04
79.11
79.20
79.22
79.24
79.27
79.34
79.41
79.48
79.53
79.53
79.53
79.54
79.67
79.68
79.70
79.79
80.01
80.06
80.12
80.13
80.16
80.17
80.18
80.19
80.30
80.33
80.34
80.34
80.38
80.60
80.64
80.76
80.78
81.15
81.16
81.17
81.25
81.29
81.45
81.50
81.57
81.62
81.70
81.72
81.73
81.74
81.80
81.85
81.88
81.93
81.94
82.01
82.17
82.22
82.30
82.33
82.41
82.47
82.55
82.60
82.61
82.66
82.78
82.80
82.96
83.06
83.07
83.15
83.22
83.26
83.34
83.42
83.49
83.50
83.75
83.90
83.96
83.98
84.10
84.29
84.32
84.35
84.39
84.47
84.53
84.57
84.76
84.88
84.91
85.01
85.06
85.11
85.11
85.13
85.32
85.54
85.62
85.66
85.71
85.79
85.85
85.95
85.99
86.15
86.23
86.28
86.36
86.36
86.40
86.52
86.54
86.57
86.58
86.58
86.64
86.76
86.81
86.88
86.98
86.99
87.05
87.07
87.08
87.11
87.18
87.23
87.28
87.29
87.34
87.37
87.43
87.47
87.56
87.62
87.62
87.72
87.86
87.87
87.95
87.97
88.02
88.03
88.04
88.09
88.21
88.25
88.40
88.49
88.50
88.67
88.72
88.74
88.80
88.80
88.93
88.93
89.01
89.03
89.07
89.07
89.08
89.09
89.12
89.15
89.26
89.34
89.35
89.38
89.49
89.50
89.55
89.61
89.74
89.76
89.78
89.79
89.89
89.91
90.00
90.07
90.30
90.39
90.42
90.62
90.62
90.66
90.67
90.75
90.95
90.99
91.02
91.04
91.05
91.16
91.18
91.22
91.23
91.24
91.28
91.46
91.63
91.63
91.74
91.79
91.79
91.90
92.03
92.22
92.23
92.26
92.26
92.31
92.38
92.48
92.50
92.54
92.64
92.72
92.83
92.95
93.00
93.00
93.00
93.01
93.02
93.08
93.14
93.26
93.26
93.27
93.30
93.49
93.49
93.64
93.65
93.77
93.80
93.87
93.89
93.95
94.02
94.02
94.05
94.09
94.11
94.22
94.23
94.25
94.28
94.29
94.69
94.75
94.79
94.84
94.95
94.97
95.05
95.19
95.27
95.27
95.32
95.33
95.51
95.85
96.00
96.01
96.07
96.37
96.41
96.53
96.65
96.71
96.76
96.87
96.92
96.98
96.99
97.00
97.05
97.06
97.10
97.11
97.24
97.27
97.32
97.34
97.40
97.42
97.51
97.67
97.69
97.72
97.77
97.77
97.78
97.86
97.91
97.91
97.95
97.97
98.00
98.04
98.13
98.18
98.22
98.32
98.46
98.47
98.51
98.86
98.95
98.95
98.96
99.00
99.04
99.09
99.15
99.17
99.33
99.39
99.45
99.48
99.48
99.78
99.81
99.81
100.10
100.15
100.16
100.30
100.49
100.50
100.71
100.74
100.86
101.12
101.13
101.13
101.14
101.18
101.23
101.27
101.33
101.37
101.39
101.40
101.66
101.68
101.70
101.73
101.77
101.87
102.02
102.07
102.21
102.39
102.46
102.59
102.60
102.61
102.70
102.74
102.74
102.75
102.75
102.84
102.84
102.86
102.92
102.93
102.94
103.19
103.21
103.24
103.28
103.44
103.47
103.84
103.89
104.09
104.15
104.17
104.17
104.20
104.22
104.24
104.38
104.40
104.42
104.44
104.46
104.47
104.52
104.53
104.60
104.63
104.79
104.84
104.85
104.90
105.06
105.07
105.19
105.28
105.31
105.42
105.44
105.52
105.54
105.60
105.61
105.62
105.78
105.90
105.94
105.96
105.99
106.00
106.02
106.22
106.25
106.44
106.46
106.73
106.78
106.99
107.00
107.07
107.11
107.14
107.23
107.43
107.47
107.55
107.55
107.60
107.92
108.08
108.15
108.16
108.18
108.19
108.32
108.34
108.36
108.43
108.66
108.78
108.81
108.91
108.92
108.96
108.97
109.04
109.07
109.24
109.34
109.50
109.66
109.67
109.67
109.69
109.76
109.92
110.03
110.06
110.19
110.41
110.50
110.66
110.72
110.75
110.86
110.88
110.89
110.93
111.07
111.65
111.67
111.75
111.85
111.86
111.87
112.04
112.07
112.16
112.17
112.23
112.29
112.31
112.44
112.49
112.55
112.56
112.57
112.62
113.04
113.05
113.12
113.14
113.34
113.34
113.38
113.45
113.51
113.52
113.76
113.76
113.85
113.87
114.01
114.30
114.48
114.73
114.76
114.82
114.84
114.95
114.99
115.00
115.13
115.19
115.43
115.48
115.50
115.52
115.55
115.84
115.92
115.95
116.03
116.12
116.13
116.15
116.22
116.24
116.26
116.39
116.39
116.48
116.49
116.53
116.73
116.92
116.93
116.93
117.00
117.03
117.04
117.11
117.17
117.27
117.31
117.32
117.45
117.53
117.65
117.68
117.75
117.90
118.17
118.30
118.34
118.36
118.48
118.48
118.48
118.60
118.62
118.66
118.80
118.98
119.10
119.28
119.33
119.53
119.56
119.79
119.93
120.05
120.05
120.21
120.25
120.30
120.31
120.39
120.43
120.56
120.58
120.70
120.83
120.98
121.00
121.00
121.10
121.13
121.15
121.25
121.44
121.56
121.66
121.71
121.78
121.90
122.14
122.17
122.27
122.37
122.61
122.69
122.71
122.89
122.94
122.97
123.17
123.21
123.50
123.68
123.74
124.16
124.25
124.28
124.29
124.30
124.36
124.39
124.42
124.44
124.48
124.57
124.63
124.67
124.74
125.03
125.10
125.13
125.16
125.17
125.23
125.27
125.35
125.39
125.49
125.68
125.72
125.74
125.82
125.86
126.04
126.05
126.40
126.44
126.49
126.61
126.82
126.84
127.04
127.05
127.07
127.10
127.15
127.26
127.36
127.44
127.45
127.49
127.51
127.58
127.64
127.64
127.66
127.67
127.70
127.71
127.83
127.83
127.85
127.93
128.07
128.08
128.12
128.46
128.52
128.53
128.54
128.72
128.75
128.77
128.79
128.92
128.93
129.01
129.05
129.07
129.07
129.08
129.11
129.15
129.17
129.40
129.42
129.52
129.52
129.55
129.59
129.77
129.79
129.82
129.89
129.99
130.02
130.12
130.13
130.18
130.23
130.30
130.37
130.39
130.64
130.77
130.90
130.91
130.92
131.07
131.10
131.10
131.16
131.18
131.45
131.47
131.59
131.65
131.70
131.75
131.83
131.84
131.99
132.03
132.14
132.20
132.26
132.28
132.37
132.53
132.60
132.63
132.64
132.73
132.74
132.78
132.81
132.82
133.03
133.14
133.33
133.37
133.39
133.47
133.49
133.55
133.57
133.87
134.24
134.33
134.66
134.72
134.74
134.77
134.78
134.79
134.84
134.98
135.01
135.03
135.05
135.16
135.42
135.56
135.81
135.93
136.00
136.28
136.29
136.32
136.63
136.72
136.72
136.73
136.82
136.97
137.04
137.07
137.35
137.40
137.49
137.51
137.67
137.68
137.94
138.45
138.56
138.69
139.12
139.13
139.14
139.21
139.22
139.28
139.31
139.35
139.41
139.50
139.52
139.53
139.69
139.80
139.82
139.90
140.12
140.15
140.25
140.29
140.38
140.73
140.74
140.79
141.00
141.07
141.14
141.21
141.23
141.27
141.28
141.52
141.60
141.68
141.86
141.93
141.95
142.01
142.10
142.29
142.58
142.63
142.64
142.65
142.77
142.84
142.98
143.01
143.20
143.28
143.38
143.45
143.51
143.66
143.77
143.80
144.22
144.32
144.33
144.34
144.51
144.80
144.83
144.83
144.87
145.12
145.25
145.36
145.43
145.51
145.51
145.53
145.54
145.56
145.72
145.73
145.75
145.94
146.01
146.04
146.08
146.16
146.17
146.24
146.26
146.37
146.40
146.54
146.80
146.99
147.23
147.26
147.32
147.60
147.73
147.74
147.75
147.76
147.91
148.03
148.11
148.18
148.32
148.47
148.49
148.51
148.61
148.75
148.81
148.87
148.88
149.07
149.38
149.48
149.50
149.79
149.79
150.04
150.20
150.20
150.21
150.26
150.26
150.49
150.50
150.54
150.55
150.91
151.04
151.31
151.35
151.55
151.61
151.64
151.64
151.89
151.90
152.01
152.42
152.45
152.56
152.58
152.72
153.00
153.45
153.54
153.57
153.66
154.38
154.54
154.59
154.72
154.86
154.88
154.89
154.90
155.00
155.15
155.40
155.89
156.00
156.29
156.51
156.52
156.58
156.64
156.85
156.86
156.92
157.19
157.24
157.33
157.37
157.59
157.59
157.61
157.70
157.85
158.14
158.28
158.44
158.45
158.47
158.95
159.27
159.62
159.64
159.69
159.69
159.69
159.80
159.83
159.85
159.90
159.95
160.05
160.25
160.37
160.40
160.41
160.56
160.59
160.92
161.06
161.06
161.07
161.34
161.42
161.44
161.47
161.55
161.57
161.84
161.90
161.91
162.11
162.27
162.35
162.41
162.42
162.62
162.73
162.79
162.90
163.12
163.13
163.14
163.20
163.21
163.22
163.22
163.28
163.29
163.40
163.41
163.76
163.93
163.97
164.00
164.01
164.49
164.57
165.01
165.27
165.29
165.30
165.55
165.72
165.73
165.76
165.92
165.94
166.09
166.19
166.21
166.26
166.32
166.32
166.33
166.34
166.35
166.53
166.61
166.66
166.77
166.82
166.99
167.04
167.26
167.34
167.61
167.62
167.69
167.76
167.77
167.85
168.01
168.14
168.15
168.23
168.24
168.30
168.35
168.35
168.42
168.60
168.86
168.86
168.95
169.03
169.11
169.24
169.32
169.49
169.56
169.58
169.76
169.81
169.87
170.04
170.23
170.34
170.39
170.43
170.48
170.63
170.74
170.77
170.94
171.11
171.18
171.31
171.41
171.45
171.85
171.86
172.00
172.02
172.22
172.27
172.84
172.89
173.20
173.24
173.24
173.33
173.48
173.49
173.52
173.53
173.60
173.85
173.94
174.10
174.42
174.51
174.97
175.01
175.07
175.21
175.82
175.91
175.97
176.00
176.11
176.25
176.59
176.62
176.67
176.76
176.91
177.15
177.19
177.55
177.63
177.95
177.99
178.29
178.30
178.42
178.52
178.56
178.65
178.72
178.80
178.94
179.12
179.13
179.25
179.33
179.89
179.96
180.09
180.17
180.19
180.31
180.42
180.56
180.70
180.73
181.15
181.24
181.48
181.53
181.59
181.63
181.77
181.80
181.86
181.87
181.89
182.04
182.24
182.38
182.38
182.41
182.50
182.51
183.19
183.27
183.31
183.66
183.68
183.80
183.91
183.99
184.05
184.06
184.07
184.14
184.15
184.86
184.88
185.01
185.25
185.27
185.40
185.69
185.84
185.93
186.05
186.10
186.17
186.36
186.49
186.54
186.67
186.69
186.77
187.27
187.81
187.88
187.93
188.08
188.22
188.45
188.48
188.61
188.87
188.87
189.28
189.68
189.87
189.93
190.00
190.02
190.03
190.26
190.30
190.49
190.57
190.75
191.08
191.48
191.67
191.85
191.96
192.22
192.57
193.13
193.46
193.48
193.52
193.76
193.84
193.90
194.09
194.21
194.28
194.63
194.66
194.79
194.98
195.00
195.04
195.10
195.16
195.20
195.69
195.79
195.79
195.81
195.94
196.00
196.05
196.21
196.39
196.45
196.66
196.66
196.84
196.88
197.04
197.10
197.18
197.21
197.26
197.34
197.40
197.88
197.90
198.00
198.65
198.71
198.89
198.90
199.57
199.64
199.69
199.73
199.79
199.89
200.03
200.16
200.29
200.55
200.64
201.10
201.27
201.35
201.98
202.21
202.39
202.71
203.33
203.51
203.58
203.70
203.88
203.92
203.98
204.00
204.05
204.07
204.15
204.23
204.44
204.51
204.60
204.63
204.67
204.71
204.86
204.94
205.19
205.59
205.62
205.65
205.80
205.86
205.86
205.88
206.26
206.26
206.35
206.42
206.55
206.67
206.68
206.79
206.84
207.55
207.73
207.77
207.92
207.93
208.06
208.09
208.12
208.35
208.55
208.59
208.71
208.89
209.18
209.23
209.43
209.65
209.69
209.97
210.11
210.14
210.34
210.44
210.50
210.52
210.84
211.04
211.12
211.24
211.26
211.30
211.41
211.52
211.53
211.60
211.68
211.77
212.14
212.22
212.23
212.48
212.83
212.95
213.02
213.20
213.28
213.39
213.46
213.55
213.74
213.88
213.89
214.05
214.07
214.36
214.37
214.50
214.78
215.15
215.28
215.52
215.96
216.36
216.44
216.83
216.96
217.26
217.29
217.35
217.91
218.08
218.56
218.95
219.35
219.58
219.94
220.16
220.42
220.58
220.70
220.74
220.84
220.84
220.88
221.00
221.00
221.12
221.56
221.57
221.65
221.66
221.85
222.16
222.16
222.21
222.22
222.22
222.25
222.26
222.27
222.28
222.28
222.51
222.56
222.59
222.70
222.80
222.93
222.94
222.96
223.14
223.16
223.19
223.23
223.69
224.12
224.25
224.28
224.34
224.37
224.63
224.87
225.07
225.14
225.14
225.15
225.43
225.45
225.59
225.85
226.04
226.22
226.25
226.36
226.63
226.71
227.00
227.26
227.31
227.34
227.36
227.46
227.92
227.95
228.30
228.31
228.35
228.35
228.60
228.70
228.85
228.94
229.07
229.14
229.29
229.30
229.38
230.12
230.45
230.46
230.52
230.55
230.78
231.00
231.15
231.19
231.77
231.82
231.91
232.00
232.13
232.30
232.78
232.80
232.88
233.04
233.24
233.24
233.49
233.49
233.53
233.59
233.71
233.79
234.38
234.74
235.13
235.13
235.88
235.91
236.17
236.65
236.66
236.78
236.91
236.96
237.15
237.21
237.24
237.44
237.92
238.00
238.06
238.20
238.28
238.40
238.49
238.59
238.60
238.82
238.98
238.99
239.34
239.40
239.89
239.92
239.97
240.00
240.14
240.18
240.24
240.31
240.49
240.49
240.51
240.69
240.72
240.75
240.81
240.88
241.03
241.72
242.21
242.74
242.78
243.06
243.06
243.18
243.26
243.65
243.68
243.91
244.05
244.14
244.64
244.75
244.76
244.88
245.15
245.33
245.41
245.42
245.46
245.60
245.69
245.84
245.98
246.24
246.32
246.76
246.95
247.33
247.46
247.54
247.61
247.95
247.96
248.05
248.17
248.21
248.33
248.34
248.65
248.80
248.83
248.97
249.46
249.76
249.84
249.89
250.09
250.27
250.41
250.62
250.94
250.98
251.05
251.22
251.45
251.55
251.66
251.95
252.18
252.22
252.73
253.11
253.13
253.17
253.58
253.69
253.70
253.88
254.07
254.21
254.22
254.34
254.39
254.56
254.67
254.77
255.03
255.20
255.57
255.80
255.92
256.10
256.18
256.56
256.74
256.78
256.94
257.14
257.17
257.25
257.33
257.74
257.87
257.89
258.06
258.16
258.23
258.44
258.58
258.63
258.65
258.68
258.77
258.81
258.84
258.95
258.97
258.99
259.44
259.48
259.64
259.66
259.79
259.83
260.59
260.60
260.79
260.83
261.13
261.17
261.43
261.56
261.79
262.26
262.68
262.70
263.03
263.50
263.50
263.77
263.77
263.91
264.00
264.54
264.79
264.87
265.05
265.10
265.21
265.22
265.60
265.65
265.73
265.77
265.85
266.18
266.39
266.61
266.70
266.78
266.81
267.03
267.27
267.47
267.62
268.00
268.33
268.90
269.11
269.32
269.67
269.81
270.06
270.49
270.73
270.94
271.01
271.42
271.56
271.57
271.60
272.32
272.52
272.90
273.27
273.28
273.53
273.62
273.88
274.00
274.17
274.26
274.70
274.75
275.41
275.52
275.69
275.95
276.11
276.20
276.43
276.47
276.56
276.63
276.69
276.84
276.87
277.57
277.62
277.72
277.99
278.31
278.32
278.38
278.60
278.74
278.92
279.10
279.40
279.76
280.11
280.14
280.18
280.72
280.96
281.00
281.58
281.61
281.78
281.79
282.14
282.53
282.66
282.71
282.78
282.81
283.16
283.30
283.64
283.71
284.10
284.24
284.48
284.67
284.75
284.84
284.91
285.27
285.35
285.54
285.58
285.82
285.92
286.97
286.99
287.03
287.11
287.21
287.31
287.55
287.64
288.04
288.09
288.22
288.23
288.28
288.59
289.08
289.69
290.10
290.49
290.76
290.86
290.95
291.03
291.13
291.22
291.34
291.40
291.58
291.66
292.74
293.00
293.05
293.17
293.31
293.40
293.73
293.79
293.87
293.89
293.89
294.09
294.66
294.82
294.86
294.88
294.96
295.37
295.63
295.77
295.93
296.11
296.30
296.34
296.73
296.96
297.12
297.16
297.46
298.35
298.42
298.99
299.63
299.75
299.78
300.18
300.28
300.89
301.40
301.59
301.68
301.88
302.37
303.11
303.19
303.51
303.83
303.89
304.43
304.48
304.69
305.11
305.22
305.31
305.58
305.74
306.04
306.05
306.10
306.15
306.18
306.60
306.63
306.66
306.79
306.88
306.95
307.08
307.10
307.43
307.49
307.97
308.24
308.98
309.11
309.30
309.37
309.39
309.41
309.66
309.90
310.00
310.03
310.04
310.26
310.56
310.69
311.16
311.16
311.72
311.96
312.04
312.63
312.79
312.99
313.45
313.67
313.81
314.03
314.15
314.35
314.57
314.94
315.39
315.89
316.45
316.47
316.66
316.96
317.30
317.52
317.69
318.13
318.28
319.48
319.52
320.07
320.38
321.81
322.12
322.27
322.55
322.73
322.76
322.81
322.83
322.84
322.85
323.44
323.59
323.74
324.11
324.18
324.44
324.45
324.71
325.21
325.79
325.96
326.09
326.18
326.44
326.56
326.61
327.01
327.50
327.80
327.83
328.07
328.96
329.13
329.36
330.05
330.14
330.19
330.23
330.79
330.89
331.26
331.36
331.65
332.06
332.44
332.67
332.76
333.07
333.30
333.40
333.40
333.40
333.49
333.54
333.92
333.93
334.05
334.77
334.92
334.97
335.36
335.42
335.94
336.66
336.78
337.05
337.77
337.78
338.38
338.50
338.67
338.93
339.05
339.48
340.18
340.19
340.70
340.77
341.73
341.76
341.80
342.05
342.07
342.21
342.35
342.46
342.56
342.60
342.78
342.88
343.27
343.41
343.90
343.95
343.97
344.01
344.06
344.22
344.84
344.99
345.17
345.30
345.31
345.55
346.41
346.58
346.64
346.73
346.84
347.12
347.39
347.68
347.84
348.11
348.17
348.18
348.99
349.04
349.05
349.34
349.79
349.91
350.03
350.05
350.11
350.43
350.46
350.46
350.76
351.80
352.00
352.38
352.42
352.59
352.64
352.65
352.82
353.41
353.66
354.23
354.91
355.06
355.41
355.72
355.89
356.21
356.60
357.15
357.37
357.53
357.74
358.09
358.28
358.49
358.55
359.10
359.51
359.66
359.85
360.35
360.92
361.08
361.21
361.29
362.10
362.12
362.42
362.73
362.91
362.96
363.24
363.43
363.51
363.58
363.74
363.78
364.35
364.37
364.59
364.62
364.70
364.74
365.48
365.85
365.92
366.15
366.25
366.65
366.85
366.94
367.37
367.45
367.62
367.69
368.18
368.41
369.17
369.25
369.33
369.37
369.45
369.51
369.61
369.93
370.13
370.52
370.85
371.18
371.24
371.47
371.82
372.70
372.86
373.25
373.54
373.56
373.88
374.05
374.07
374.10
374.51
375.08
375.54
375.86
375.90
375.97
376.27
376.40
376.80
377.57
378.46
378.81
378.84
379.07
379.12
379.32
380.04
380.68
381.02
381.05
381.31
381.62
381.71
382.15
382.65
382.97
383.08
383.09
383.12
383.56
384.48
384.67
385.00
385.20
385.62
385.91
386.83
386.83
386.91
388.10
388.17
388.58
388.64
388.79
388.98
389.15
389.68
389.76
389.88
389.90
389.97
390.05
390.07
390.53
390.81
390.81
390.95
391.27
391.50
391.57
391.85
392.45
393.33
393.88
393.99
394.25
394.77
394.89
395.09
395.11
395.21
395.21
395.23
395.28
395.49
395.52
395.89
396.05
396.09
396.70
396.84
397.11
397.61
398.35
398.41
398.83
398.88
399.44
399.46
400.80
400.87
400.88
400.92
401.27
402.09
402.13
402.35
402.44
402.66
402.72
402.81
402.87
403.49
403.93
404.11
404.13
404.40
404.96
405.36
405.48
406.01
406.20
406.46
406.77
407.01
407.05
407.06
407.19
407.76
407.77
407.80
408.28
408.72
408.73
409.07
409.25
409.87
409.92
411.40
411.79
412.23
412.82
413.22
413.36
413.83
414.06
414.21
414.31
415.07
415.77
415.93
415.94
415.98
415.99
416.41
416.49
416.89
417.16
417.36
417.62
417.71
418.03
418.20
418.30
418.44
418.80
419.04
419.38
419.47
419.58
419.88
420.02
420.15
420.39
420.74
420.77
421.33
421.72
422.16
422.67
422.93
423.05
423.08
423.15
423.23
423.28
423.72
424.36
424.42
424.49
424.60
425.03
425.04
425.14
425.57
426.27
426.33
426.39
426.46
426.55
427.00
427.74
427.81
427.95
427.97
428.06
429.00
429.07
430.06
430.37
430.54
430.97
431.35
431.46
431.72
431.72
432.28
432.61
432.98
433.20
433.37
433.87
434.00
434.33
434.46
434.62
434.87
434.89
435.02
435.12
435.24
435.32
435.57
435.61
435.68
435.85
436.17
436.19
436.25
436.26
436.27
436.39
436.41
436.56
436.78
437.07
437.64
438.19
438.29
438.32
438.85
439.26
439.52
439.56
440.36
440.81
441.04
441.47
441.97
442.29
442.50
442.53
442.94
443.57
443.77
444.26
444.37
444.85
445.51
445.92
446.19
446.27
446.51
447.17
447.38
447.62
447.65
448.14
448.18
448.40
448.77
449.14
449.21
450.13
450.22
450.26
450.48
450.67
450.93
450.99
451.74
453.32
454.21
454.63
454.72
455.36
458.04
458.76
458.79
458.91
459.04
459.28
459.59
460.00
460.18
460.25
460.68
460.70
462.18
462.69
463.21
463.39
463.61
464.16
464.44
464.90
465.65
465.83
466.44
466.98
467.06
467.10
467.18
468.19
468.29
468.48
468.81
469.06
469.82
469.90
469.99
470.55
470.92
471.03
471.07
471.54
472.55
472.62
472.84
473.38
473.71
474.66
475.54
476.33
476.94
477.05
477.92
478.24
478.38
478.49
478.53
479.39
479.47
479.93
480.34
480.57
480.69
481.04
481.11
481.14
481.36
481.84
481.87
483.49
483.53
483.57
483.59
483.60
484.75
485.26
485.61
485.67
486.40
487.05
487.47
487.76
488.61
489.20
489.38
489.49
489.58
489.87
489.91
490.20
490.31
490.70
491.06
491.10
491.40
492.14
492.35
492.49
492.50
492.76
492.77
493.18
493.68
493.88
494.67
494.82
494.86
495.17
495.47
495.47
496.50
496.55
496.60
496.66
497.10
497.64
498.29
498.57
498.81
499.31
499.76
499.97
500.11
500.11
500.23
501.19
501.21
502.07
502.14
503.18
503.26
503.28
503.84
503.88
504.57
504.59
505.08
505.74
506.20
506.42
507.05
507.06
507.15
508.09
508.30
508.44
509.11
509.59
509.81
509.83
509.89
509.94
510.05
510.26
510.45
510.80
510.97
511.18
511.26
511.66
512.43
512.47
512.63
512.96
513.39
513.59
513.68
514.08
514.18
514.52
515.30
515.82
516.59
516.68
516.93
517.15
517.26
517.30
518.64
518.74
519.47
519.59
519.97
521.02
521.08
521.36
521.44
522.60
522.66
522.71
522.89
523.58
524.95
525.39
525.61
525.85
526.36
526.51
526.62
527.77
527.78
528.16
529.19
531.37
531.70
532.02
532.20
532.21
532.48
532.55
532.81
532.97
533.22
533.58
533.60
533.62
533.64
533.78
534.06
534.37
534.66
535.01
535.39
535.54
536.61
537.12
537.30
538.04
538.20
539.01
539.33
541.26
541.62
541.67
541.79
542.24
542.26
542.44
542.66
542.92
543.09
543.24
543.49
544.09
544.24
544.46
544.94
545.41
545.42
545.64
545.77
545.95
545.95
546.56
546.74
547.26
547.45
547.60
547.64
547.94
547.95
548.53
549.73
550.00
550.06
550.56
551.00
551.38
551.43
551.63
551.63
551.74
552.02
552.29
553.85
554.11
554.12
555.11
555.16
556.31
556.67
556.83
556.94
557.41
557.55
558.87
559.54
559.87
559.92
560.01
560.05
560.05
561.15
561.60
561.61
561.78
561.92
562.15
562.79
562.81
563.22
564.27
564.29
565.12
566.04
566.45
566.55
566.80
566.91
566.98
567.78
568.31
568.56
568.76
569.11
569.68
571.59
572.04
572.40
573.25
573.35
573.54
573.76
573.86
573.97
574.19
574.25
574.48
575.16
575.36
575.40
575.49
575.78
576.44
576.72
577.44
577.65
578.07
578.85
579.08
579.10
579.63
579.90
580.27
580.53
581.14
582.58
582.62
583.38
583.70
583.76
584.06
584.24
584.35
584.57
584.87
587.75
588.12
588.33
588.61
588.90
589.22
589.58
590.25
590.51
590.61
590.64
591.23
591.48
591.62
592.53
593.33
595.08
595.16
595.18
595.69
596.18
596.40
596.44
596.73
596.75
597.43
597.52
597.61
597.94
598.05
598.17
599.26
599.69
599.98
600.02
600.31
600.36
601.56
601.75
602.34
602.49
603.68
603.91
604.34
604.67
604.68
604.91
604.96
605.07
605.13
605.45
605.59
605.82
606.18
606.77
606.86
607.36
607.57
607.84
608.19
608.28
608.35
609.03
610.37
611.49
611.51
611.54
611.79
612.02
612.06
612.18
613.08
613.67
614.07
614.16
614.32
614.56
614.90
615.77
615.91
616.06
616.38
616.61
617.36
617.59
619.11
619.33
620.10
620.65
620.82
621.19
621.44
621.50
621.80
622.32
622.69
622.86
624.12
625.21
625.58
625.67
626.97
627.27
627.41
627.50
627.76
628.20
628.35
628.49
628.51
629.52
629.87
630.28
630.35
630.45
630.46
630.48
631.42
631.59
632.04
632.85
633.23
633.73
633.77
633.86
634.00
634.79
635.14
635.35
635.96
636.53
637.88
638.16
638.19
638.91
639.23
639.53
639.89
640.34
640.81
642.26
642.44
642.81
643.16
643.27
643.27
643.33
643.43
643.48
644.04
645.06
645.21
646.22
646.88
647.02
647.06
649.46
649.48
649.58
651.34
651.84
651.87
652.50
652.53
652.62
653.25
654.00
654.02
654.23
654.83
655.34
655.42
655.53
655.62
656.11
657.32
658.04
658.06
659.98
660.04
660.39
660.50
661.50
662.64
662.83
662.89
663.01
663.44
663.96
664.24
664.35
665.56
665.69
668.52
669.16
669.64
669.64
669.70
670.67
670.74
671.17
671.50
671.94
672.50
672.82
673.09
674.18
674.53
674.98
675.19
675.35
676.73
677.76
679.00
679.05
679.75
680.16
680.43
680.59
680.92
681.46
682.13
684.38
684.39
684.87
685.01
685.38
685.99
686.78
687.05
687.33
688.14
689.05
690.05
690.37
690.70
691.29
691.99
692.13
692.72
692.75
692.81
693.23
693.30
693.53
693.65
693.67
693.69
693.87
694.07
694.67
695.88
696.85
697.12
697.47
697.51
697.64
700.40
700.52
700.71
700.75
701.07
701.40
701.47
701.92
702.22
702.32
702.63
702.97
703.34
703.42
703.53
703.53
703.54
703.69
704.68
704.77
704.94
707.19
709.29
709.67
710.26
711.07
711.46
712.63
713.17
714.09
714.37
714.59
715.39
715.84
716.17
716.93
717.29
717.66
718.02
718.55
719.13
720.20
720.94
721.07
721.47
721.52
722.14
723.00
723.29
724.52
724.55
724.66
725.08
726.69
727.33
727.37
727.88
728.29
728.94
729.30
729.34
729.37
731.86
732.66
734.34
734.59
734.63
734.63
734.81
734.86
734.89
734.89
735.03
735.36
735.85
735.95
736.46
737.37
737.53
737.79
738.56
739.10
739.43
740.48
740.93
741.07
741.37
741.59
741.65
741.77
741.85
742.44
742.96
744.71
744.86
745.51
746.09
746.69
748.98
750.27
751.49
751.66
752.04
752.42
752.66
752.93
753.27
753.39
753.50
753.54
755.42
756.42
757.24
757.74
758.82
759.18
759.31
759.44
759.73
760.84
760.85
761.07
761.08
761.31
761.87
763.25
763.93
764.78
765.28
767.17
767.60
768.21
768.58
769.43
769.55
769.93
769.97
771.47
771.79
772.08
772.29
772.83
773.12
773.93
774.46
776.23
777.73
778.50
778.97
779.07
779.91
780.21
781.00
781.95
781.98
782.18
782.72
782.81
783.29
783.37
783.40
783.47
783.81
784.17
785.51
785.57
785.98
786.94
787.23
787.23
787.47
787.78
788.09
788.65
789.02
789.29
790.09
790.12
790.27
790.34
791.01
791.19
791.70
792.45
793.52
793.74
794.78
795.43
795.60
795.81
796.23
796.34
796.53
796.93
798.84
799.20
799.83
800.25
801.13
801.49
801.71
801.84
802.25
802.60
803.20
803.53
803.64
804.56
805.00
805.57
806.45
807.12
807.88
807.95
808.07
808.89
808.95
809.38
809.47
809.78
809.80
810.08
810.43
811.25
811.37
811.67
811.93
812.15
813.23
814.00
814.24
814.32
814.40
814.57
815.11
815.92
816.54
816.78
816.78
816.95
817.12
817.69
818.85
818.93
818.95
819.26
819.37
819.55
820.99
821.84
821.99
822.16
822.86
823.09
823.12
823.79
824.87
825.05
825.14
825.18
826.29
826.70
827.06
827.15
827.72
827.95
828.07
830.35
831.09
831.29
831.64
831.86
832.36
832.39
833.37
833.46
834.19
834.62
834.89
834.98
835.31
835.37
836.50
838.25
838.35
838.83
839.03
839.08
839.61
839.65
839.83
840.64
843.56
844.66
846.14
846.26
847.73
847.93
848.28
848.98
849.06
849.55
852.10
852.20
852.80
854.37
854.90
855.78
856.87
857.04
857.38
858.25
858.30
859.24
859.26
859.38
860.04
860.23
861.08
861.53
862.42
862.50
866.43
866.52
866.75
868.36
868.48
868.66
869.41
870.00
870.41
870.61
871.41
872.54
874.01
874.76
874.80
874.95
875.10
876.38
880.99
881.23
881.98
882.65
882.81
883.14
883.48
884.04
884.34
884.61
884.75
885.35
885.45
885.54
885.66
885.90
886.01
888.99
889.72
889.81
890.02
890.24
890.33
890.42
890.85
891.22
891.63
892.98
893.51
893.95
894.01
894.53
895.17
895.18
895.18
895.81
896.91
897.65
898.59
898.99
900.33
901.42
901.88
901.98
903.59
903.80
904.92
905.69
905.81
906.06
906.19
906.29
906.47
906.78
907.47
908.08
909.68
910.81
911.17
912.13
912.48
915.05
915.48
915.72
917.34
917.93
920.82
920.93
921.35
921.72
922.74
924.32
925.54
926.42
926.60
928.35
929.00
929.98
931.49
931.76
932.22
932.35
932.46
933.17
933.86
934.40
934.75
934.80
935.72
937.05
937.16
937.86
939.25
939.38
940.75
940.83
941.20
941.61
941.61
941.70
942.39
943.49
943.55
944.04
944.38
944.46
944.57
945.21
946.97
948.18
949.62
950.69
951.44
952.14
952.51
952.73
954.98
956.97
957.60
958.08
958.93
959.79
960.34
960.51
963.39
965.36
965.54
965.54
965.62
965.80
965.97
966.32
966.56
967.52
967.67
967.70
967.88
967.90
969.22
970.46
970.92
971.01
971.03
971.73
972.32
973.05
973.83
973.92
974.67
974.79
975.36
975.95
976.11
977.71
978.45
979.32
979.41
979.60
980.16
980.25
980.49
981.29
981.89
981.91
982.98
983.09
983.99
984.22
985.63
986.27
986.75
987.65
987.99
987.99
988.01
989.64
989.67
990.56
991.67
992.80
994.51
994.57
995.47
995.86
996.20
996.46
997.80
998.31
999.88
1000.21
1000.79
1001.04
1001.40
1001.60
1001.92
1002.73
1003.75
1004.18
1007.40
1007.92
1008.84
1008.86
1009.22
1009.24
1010.29
1010.47
1011.75
1012.22
1012.28
1014.12
1014.55
1014.88
1015.00
1015.09
1015.14
1016.46
1017.45
1018.13
1018.67
1018.83
1019.34
1019.71
1020.35
1020.40
1020.91
1021.26
1021.54
1023.79
1023.90
1024.02
1024.20
1025.09
1025.21
1025.42
1025.54
1026.51
1026.70
1026.97
1027.11
1028.22
1028.34
1030.38
1031.11
1032.31
1032.37
1032.71
1033.35
1033.42
1033.50
1035.88
1038.11
1038.82
1038.86
1040.19
1040.32
1040.41
1041.20
1041.23
1041.86
1042.21
1042.26
1042.79
1042.80
1043.13
1043.68
1044.04
1044.53
1045.40
1046.21
1046.35
1047.97
1048.19
1049.81
1050.17
1050.46
1050.94
1051.75
1052.33
1052.44
1052.56
1053.55
1053.70
1053.72
1056.96
1057.61
1058.19
1058.29
1058.83
1058.90
1060.74
1061.39
1064.68
1064.98
1065.67
1067.35
1071.04
1071.17
1072.93
1074.13
1074.95
1075.14
1076.15
1076.30
1077.16
1077.53
1077.74
1078.69
1079.20
1079.62
1080.96
1081.11
1081.96
1081.98
1082.76
1083.85
1084.03
1084.45
1086.90
1087.45
1087.55
1088.53
1090.74
1090.91
1090.97
1092.84
1092.85
1093.42
1094.54
1095.17
1095.60
1095.86
1095.96
1096.58
1098.20
1098.40
1098.87
1100.84
1101.64
1102.23
1103.75
1103.93
1106.64
1107.19
1107.95
1108.12
1108.12
1108.85
1109.10
1110.73
1111.14
1111.74
1113.20
1113.96
1114.43
1114.89
1116.09
1117.68
1118.20
1118.63
1119.49
1119.89
1121.03
1121.30
1122.34
1122.50
1123.09
1123.85
1124.80
1125.52
1127.14
1127.70
1128.14
1128.59
1129.00
1131.00
1131.71
1131.95
1133.46
1133.58
1133.85
1134.04
1134.31
1134.51
1136.91
1137.21
1137.29
1137.55
1137.97
1140.51
1141.71
1142.04
1142.46
1142.64
1143.49
1143.61
1147.13
1147.28
1147.34
1147.66
1147.84
1148.20
1148.63
1149.10
1151.00
1151.33
1151.89
1152.76
1152.94
1153.71
1155.47
1156.30
1157.25
1157.55
1157.73
1159.24
1159.76
1160.00
1161.20
1161.47
1162.56
1164.71
1166.86
1168.45
1169.36
1169.44
1170.14
1170.35
1170.36
1170.65
1170.69
1171.92
1172.92
1173.14
1173.85
1174.62
1175.37
1175.55
1176.87
1177.01
1177.28
1177.47
1177.68
1178.33
1179.74
1182.72
1183.13
1183.50
1183.91
1185.80
1187.67
1188.74
1189.32
1189.42
1190.28
1190.42
1192.28
1192.45
1192.81
1193.87
1194.35
1194.99
1195.65
1196.56
1196.71
1199.06
1199.50
1200.08
1201.16
1201.38
1204.01
1204.77
1205.97
1207.01
1210.37
1211.18
1212.05
1212.99
1213.47
1213.85
1214.37
1215.48
1215.91
1216.67
1218.24
1221.45
1221.83
1222.53
1222.76
1224.61
1224.76
1225.17
1225.46
1225.81
1228.26
1228.57
1228.99
1230.19
1230.20
1231.46
1231.64
1233.90
1234.12
1234.70
1237.06
1238.48
1239.11
1239.64
1241.21
1241.65
1243.42
1244.88
1245.05
1245.47
1245.98
1246.33
1246.60
1246.93
1247.26
1248.16
1248.17
1248.94
1249.32
1250.49
1250.51
1250.90
1251.59
1252.63
1253.47
1254.02
1256.08
1256.56
1256.88
1257.73
1259.03
1260.89
1262.68
1263.71
1267.29
1267.62
1268.84
1269.39
1270.75
1271.70
1272.22
1273.41
1273.42
1273.71
1273.93
1275.76
1276.16
1276.44
1276.99
1277.23
1278.37
1278.42
1278.91
1279.18
1279.83
1279.84
1282.71
1285.32
1286.73
1287.10
1287.68
1289.10
1289.27
1289.93
1291.04
1295.14
1295.85
1296.10
1296.23
1296.55
1296.57
1298.70
1299.18
1299.92
1300.91
1302.36
1302.56
1302.59
1305.04
1305.11
1308.09
1309.08
1310.16
1310.37
1311.55
1311.81
1312.66
1312.66
1313.41
1314.31
1315.00
1315.50
1315.55
1315.86
1316.04
1318.79
1318.91
1320.28
1321.05
1321.12
1323.41
1323.73
1323.78
1323.81
1325.00
1328.98
1329.24
1330.92
1331.84
1332.88
1333.67
1335.03
1337.11
1338.92
1340.07
1340.90
1341.00
1341.39
1342.16
1344.00
1344.48
1345.28
1346.11
1346.30
1349.39
1350.29
1352.43
1352.45
1352.73
1353.42
1355.57
1357.73
1359.05
1359.61
1362.91
1366.82
1366.94
1367.53
1369.00
1369.29
1370.05
1370.08
1372.22
1374.46
1374.62
1374.94
1374.95
1374.99
1375.41
1384.79
1385.39
1387.85
1389.34
1392.35
1392.71
1393.10
1394.12
1394.35
1394.79
1394.95
1395.82
1396.42
1396.45
1397.36
1398.93
1399.57
1400.28
1400.61
1400.97
1401.08
1401.20
1401.49
1401.85
1402.51
1402.64
1403.72
1403.93
1404.18
1404.18
1404.39
1405.83
1405.97
1406.62
1406.98
1407.28
1408.06
1409.76
1411.31
1411.38
1412.02
1412.11
1414.29
1414.35
1415.16
1415.48
1416.95
1417.07
1417.23
1418.18
1418.61
1418.65
1418.88
1419.53
1420.62
1421.10
1421.87
1424.81
1425.59
1425.84
1426.40
1428.30
1429.15
1429.24
1429.90
1430.03
1431.31
1432.02
1433.98
1434.83
1435.02
1436.73
1436.96
1437.47
1438.05
1438.22
1441.34
1442.49
1443.93
1444.36
1445.10
1445.21
1447.21
1450.82
1454.75
1454.89
1455.03
1455.47
1456.07
1456.51
1457.77
1458.17
1459.67
1460.72
1461.15
1464.70
1466.31
1466.50
1467.23
1467.36
1467.68
1469.70
1470.51
1470.95
1473.12
1473.85
1475.11
1475.98
1476.57
1477.38
1480.49
1481.37
1481.45
1482.30
1484.45
1484.85
1485.22
1486.09
1486.25
1487.26
1488.74
1488.90
1489.56
1491.24
1491.61
1491.69
1492.19
1495.22
1495.30
1495.38
1495.43
1496.11
1496.87
1498.96
1500.01
1500.73
1501.17
1501.36
1503.34
1503.39
1505.38
1508.33
1508.66
1509.08
1509.83
1511.32
1513.49
1515.03
1515.20
1515.28
1516.48
1517.33
1518.60
1519.73
1520.39
1520.88
1521.89
1522.66
1523.01
1524.97
1526.47
1528.37
1528.57
1528.87
1529.05
1530.59
1531.86
1532.18
1534.39
1534.72
1534.87
1535.25
1535.58
1535.73
1536.86
1537.66
1538.64
1540.11
1540.16
1540.21
1540.86
1543.34
1544.30
1547.26
1547.34
1548.81
1549.22
1550.04
1551.50
1552.50
1554.24
1554.49
1555.13
1556.36
1556.73
1556.93
1559.58
1560.05
1561.04
1561.15
1563.01
1563.12
1563.55
1563.85
1564.51
1564.60
1565.15
1565.68
1565.97
1567.26
1568.34
1568.41
1568.68
1576.63
1578.08
1579.00
1579.29
1579.65
1580.15
1580.32
1580.74
1580.78
1580.86
1582.49
1582.51
1582.59
1583.50
1587.24
1588.39
1589.01
1589.44
1590.01
1590.54
1590.61
1590.99
1592.64
1592.93
1594.07
1599.10
1600.71
1600.93
1601.42
1601.47
1604.23
1604.38
1604.64
1604.87
1605.13
1605.43
1607.03
1607.20
1609.01
1609.29
1609.46
1609.93
1611.74
1614.43
1617.93
1618.42
1618.73
1620.19
1620.64
1622.94
1630.34
1630.83
1631.57
1634.91
1635.18
1637.71
1639.89
1640.88
1641.90
1643.26
1645.45
1647.57
1648.16
1650.34
1651.21
1653.13
1656.71
1656.90
1657.33
1657.87
1659.90
1662.04
1666.04
1666.18
1666.29
1666.49
1666.54
1668.25
1668.49
1669.25
1669.39
1670.02
1672.14
1672.27
1673.93
1674.31
1675.04
1676.45
1677.47
1678.14
1679.81
1679.88
1680.03
1680.26
1681.77
1681.94
1684.82
1685.27
1689.95
1690.70
1690.92
1690.99
1691.96
1692.09
1692.20
1693.08
1694.93
1695.97
1698.56
1700.29
1701.34
1702.11
1703.68
1703.84
1704.27
1704.55
1705.89
1706.76
1707.61
1707.61
1708.76
1710.46
1710.77
1713.33
1714.66
1715.13
1715.76
1716.30
1718.14
1720.85
1721.02
1722.62
1722.88
1723.48
1724.38
1724.77
1727.70
1728.73
1729.21
1730.49
1730.60
1731.05
1732.02
1735.62
1736.75
1737.90
1739.61
1740.18
1740.50
1740.95
1741.95
1743.19
1743.23
1744.21
1748.21
1751.93
1753.35
1753.52
1755.76
1757.01
1758.46
1759.81
1760.34
1761.16
1761.37
1763.81
1767.60
1769.09
1769.39
1773.36
1774.53
1774.96
1779.90
1781.38
1781.59
1783.04
1783.25
1784.14
1784.37
1785.05
1785.24
1786.17
1786.57
1787.15
1788.82
1789.67
1791.57
1792.07
1792.50
1794.50
1794.87
1797.06
1797.39
1797.88
1799.45
1801.13
1804.91
1805.48
1809.29
1809.80
1809.98
1812.45
1812.65
1815.16
1817.50
1819.68
1820.19
1820.84
1821.75
1822.02
1822.38
1824.45
1825.73
1825.95
1827.39
1827.95
1829.06
1831.00
1831.37
1831.45
1831.57
1833.49
1835.72
1838.08
1838.24
1839.18
1840.21
1841.23
1843.74
1844.40
1844.56
1846.71
1846.95
1848.11
1848.27
1848.39
1848.57
1851.42
1851.84
1854.62
1854.90
1855.15
1855.83
1855.83
1856.75
1857.19
1858.10
1860.33
1861.24
1861.92
1862.06
1866.24
1867.39
1870.36
1875.53
1876.77
1878.17
1879.82
1880.35
1880.92
1880.96
1887.74
1891.22
1891.30
1892.98
1893.70
1894.58
1895.63
1896.90
1898.40
1899.36
1901.05
1901.17
1901.19
1901.64
1902.01
1904.11
1906.13
1908.16
1910.37
1911.44
1913.20
1913.33
1913.93
1917.93
1918.84
1919.11
1920.46
1921.31
1921.40
1921.44
1921.54
1921.89
1921.98
1921.98
1923.18
1923.58
1923.62
1924.50
1928.16
1930.77
1931.04
1931.36
1931.63
1932.17
1932.72
1933.95
1936.80
1937.91
1939.15
1940.89
1941.73
1943.96
1944.23
1950.15
1951.99
1952.85
1953.57
1957.53
1957.68
1958.46
1962.85
1962.90
1963.45
1963.55
1964.85
1966.30
1967.45
1969.43
1971.20
1972.77
1974.29
1974.42
1976.21
1978.23
1978.76
1980.77
1981.55
1983.93
1985.82
1986.93
1989.99
1990.05
1991.32
1994.11
2001.78
2001.89
2006.25
2009.03
2009.42
2009.66
2009.83
2011.25
2011.86
2012.40
2014.40
2015.47
2016.58
2017.09
2019.20
2020.47
2021.19
2023.14
2027.87
2028.51
2031.81
2033.37
2033.83
2034.18
2034.40
2034.47
2034.78
2035.74
2036.47
2036.67
2037.09
2039.01
2040.66
2045.26
2047.94
2048.58
2050.71
2051.60
2052.09
2052.51
2053.69
2054.64
2056.11
2060.85
2062.42
2063.20
2063.69
2064.34
2064.38
2067.08
2069.05
2069.75
2071.05
2075.06
2080.66
2083.63
2083.90
2087.94
2090.34
2090.43
2091.20
2092.01
2093.06
2093.19
2094.69
2096.59
2097.14
2097.73
2100.66
2101.77
2102.13
2102.13
2104.25
2105.75
2107.55
2107.71
2110.50
2110.82
2111.07
2111.57
2112.58
2112.69
2114.32
2117.54
2117.63
2119.93
2120.91
2121.83
2122.80
2123.67
2124.47
2127.33
2127.56
2128.82
2128.89
2130.02
2131.57
2131.70
2133.20
2134.59
2134.73
2137.89
2140.93
2141.25
2141.74
2142.71
2143.24
2144.73
2145.12
2145.82
2146.61
2146.84
2147.98
2148.38
2155.73
2156.99
2157.72
2161.27
2162.48
2162.77
2166.56
2166.70
2167.24
2167.87
2167.94
2169.54
2170.10
2172.08
2172.80
2173.49
2177.20
2177.86
2179.44
2179.77
2180.62
2184.61
2189.25
2190.41
2191.38
2193.07
2193.69
2195.49
2196.35
2199.13
2205.39
2209.62
2215.10
2222.31
2222.57
2227.02
2228.11
2229.00
2229.00
2231.08
2231.51
2231.75
2231.99
2232.45
2233.20
2233.27
2233.88
2235.93
2235.96
2236.76
2237.34
2240.70
2242.18
2243.35
2244.08
2244.59
2244.66
2246.07
2248.33
2249.98
2251.25
2251.49
2251.59
2251.71
2252.40
2252.71
2257.91
2258.11
2259.42
2260.01
2262.56
2262.85
2264.10
2267.95
2268.44
2268.59
2274.12
2274.98
2279.19
2279.46
2280.89
2281.26
2282.62
2282.92
2285.76
2286.75
2287.29
2289.40
2289.70
2290.24
2293.39
2297.11
2298.03
2298.63
2300.85
2302.41
2303.01
2307.68
2307.85
2309.23
2312.38
2314.20
2315.91
2316.31
2316.96
2319.04
2323.18
2327.08
2327.26
2327.69
2328.59
2331.92
2335.81
2338.39
2339.50
2342.29
2344.85
2347.87
2348.76
2348.79
2349.14
2349.75
2350.01
2350.03
2354.41
2354.64
2354.82
2355.89
2357.06
2358.75
2363.65
2364.42
2366.82
2366.82
2368.31
2368.85
2374.47
2374.65
2376.39
2377.53
2378.02
2378.32
2378.40
2379.66
2380.77
2381.39
2383.12
2383.79
2387.04
2388.69
2392.03
2392.57
2396.04
2396.38
2401.31
2401.99
2402.87
2402.97
2405.00
2406.57
2410.40
2411.70
2411.78
2412.40
2414.23
2414.86
2415.51
2417.34
2419.72
2421.66
2421.90
2423.50
2424.63
2427.35
2430.88
2431.96
2432.96
2433.14
2435.12
2435.91
2435.93
2437.22
2437.88
2437.88
2441.10
2441.84
2446.10
2447.69
2452.67
2453.15
2453.20
2453.23
2453.81
2454.29
2454.77
2462.19
2462.38
2462.43
2463.68
2464.54
2464.64
2464.80
2465.07
2466.56
2467.69
2471.03
2473.59
2474.16
2475.41
2476.54
2483.06
2483.57
2484.59
2485.16
2485.88
2488.55
2490.73
2491.08
2491.83
2494.18
2497.23
2497.64
2501.18
2501.48
2507.33
2511.43
2513.63
2514.39
2516.84
2516.84
2518.26
2521.56
2523.36
2525.30
2526.39
2526.53
2528.06
2530.39
2533.81
2534.03
2537.38
2537.95
2538.80
2540.37
2541.09
2542.38
2544.94
2546.59
2547.89
2548.46
2549.24
2549.49
2555.40
2559.91
2560.49
2561.71
2562.23
2567.56
2568.48
2571.45
2572.73
2575.55
2580.26
2581.13
2586.58
2586.86
2591.48
2593.02
2593.92
2594.76
2595.72
2599.26
2600.02
2600.69
2605.28
2606.41
2607.60
2608.53
2608.70
2610.84
2612.00
2612.06
2613.47
2613.84
2623.27
2624.52
2625.72
2627.76
2635.82
2637.53
2637.65
2638.30
2640.10
2645.34
2649.72
2661.10
2663.72
2664.01
2664.24
2664.38
2665.13
2666.63
2666.92
2667.12
2668.97
2672.67
2673.30
2675.10
2677.53
2682.66
2683.65
2684.14
2684.81
2686.73
2689.99
2690.77
2692.58
2692.66
2693.86
2694.12
2697.01
2697.27
2697.45
2703.50
2704.05
2705.75
2709.88
2711.43
2713.46
2714.31
2716.13
2716.72
2718.25
2718.66
2719.19
2724.46
2726.35
2726.70
2727.20
2735.86
2737.26
2739.69
2743.81
2744.91
2746.87
2747.08
2749.25
2751.36
2753.00
2754.19
2754.22
2755.14
2755.47
2756.84
2756.99
2763.92
2765.81
2767.45
2768.14
2768.29
2768.68
2769.91
2774.71
2774.89
2778.34
2778.52
2780.54
2781.53
2788.19
2788.85
2789.49
2793.93
2795.02
2797.19
2797.35
2797.56
2799.68
2802.53
2802.77
2805.47
2806.20
2811.15
2813.37
2817.18
2819.68
2821.66
2822.58
2824.29
2828.70
2829.09
2830.13
2832.19
2837.77
2843.36
2845.06
2848.14
2849.40
2849.68
2851.50
2854.03
2856.19
2857.77
2862.81
2863.12
2864.08
2867.24
2871.00
2871.37
2871.96
2873.86
2876.07
2878.53
2879.24
2879.59
2881.71
2881.86
2887.45
2888.67
2891.42
2897.74
2900.41
2902.29
2905.28
2906.69
2908.80
2909.53
2915.89
2917.06
2918.48
2920.79
2921.42
2922.40
2923.54
2924.87
2928.32
2928.63
2929.24
2929.58
2930.85
2931.11
2933.61
2935.33
2935.58
2937.52
2938.98
2939.75
2940.45
2941.40
2941.53
2941.85
2945.19
2950.39
2954.54
2956.91
2961.33
2961.94
2962.22
2964.18
2964.47
2974.33
2978.61
2980.87
2984.26
2987.72
2988.14
2988.85
2989.40
2993.06
2993.99
2994.12
2995.55
2996.23
2997.56
2998.50
2998.76
3000.38
3000.68
3000.84
3001.00
3001.36
3002.79
3005.74
3005.84
3007.21
3009.39
3011.90
3012.94
3014.93
3016.14
3017.54
3017.96
3019.24
3023.91
3023.98
3024.47
3029.87
3033.58
3036.11
3036.44
3036.93
3039.76
3045.12
3045.72
3050.96
3051.79
3055.39
3056.05
3057.07
3060.75
3062.21
3062.93
3063.96
3064.72
3065.12
3065.42
3068.51
3068.64
3070.86
3072.09
3080.78
3084.45
3086.55
3093.64
3093.88
3094.58
3097.33
3099.40
3101.42
3102.36
3108.00
3110.32
3110.76
3115.21
3116.05
3117.03
3118.71
3119.25
3124.22
3124.32
3130.61
3137.16
3138.41
3140.45
3148.65
3149.33
3149.91
3152.10
3152.95
3153.53
3153.60
3158.82
3158.96
3160.91
3162.41
3164.02
3165.15
3170.94
3171.97
3175.85
3178.67
3179.05
3183.56
3184.97
3186.45
3187.42
3189.94
3190.77
3191.56
3195.67
3195.88
3196.88
3197.58
3198.34
3198.37
3198.47
3198.92
3201.42
3202.46
3202.84
3204.78
3209.43
3212.49
3213.22
3213.39
3215.20
3217.88
3222.13
3226.73
3226.80
3228.93
3231.10
3236.63
3239.01
3239.92
3240.17
3240.17
3245.89
3252.25
3252.71
3255.24
3255.31
3257.36
3259.51
3264.84
3265.40
3268.90
3276.16
3276.73
3277.12
3277.65
3279.21
3284.75
3285.32
3290.66
3292.69
3312.23
3315.92
3315.96
3323.29
3325.12
3329.69
3329.69
3333.73
3334.67
3334.99
3335.68
3340.19
3341.42
3348.81
3349.06
3350.00
3354.28
3356.93
3358.60
3359.29
3362.02
3365.70
3373.54
3373.57
3376.53
3377.22
3377.52
3377.92
3378.69
3382.38
3386.78
3390.77
3395.40
3395.65
3395.91
3397.68
3398.71
3403.56
3404.59
3405.48
3407.84
3408.87
3409.02
3409.39
3409.42
3426.95
3429.81
3433.08
3433.15
3437.57
3438.50
3439.62
3441.04
3443.83
3445.80
3446.18
3446.89
3447.59
3448.75
3449.16
3453.87
3455.14
3456.97
3461.84
3463.22
3463.75
3463.82
3465.28
3470.57
3473.65
3478.02
3479.03
3481.63
3482.05
3484.84
3485.66
3486.00
3488.16
3488.23
3488.72
3493.90
3496.24
3497.00
3498.70
3499.27
3499.61
3501.62
3506.36
3510.46
3517.49
3517.60
3520.88
3521.18
3522.71
3523.70
3531.68
3534.35
3536.95
3545.04
3549.53
3551.45
3558.29
3560.37
3561.65
3566.04
3567.78
3570.25
3570.91
3571.95
3573.30
3574.85
3575.97
3576.47
3576.63
3578.49
3582.36
3583.45
3585.15
3589.27
3589.73
3590.55
3591.25
3591.48
3592.14
3593.27
3593.89
3604.91
3606.20
3608.62
3611.04
3611.35
3615.11
3622.27
3624.31
3627.76
3629.14
3630.98
3632.87
3638.14
3639.16
3643.38
3654.16
3654.75
3655.46
3655.66
3657.84
3658.75
3661.80
3667.62
3670.21
3672.91
3679.15
3683.09
3684.45
3687.84
3690.79
3693.55
3694.75
3696.27
3696.43
3697.23
3699.35
3700.51
3703.67
3705.52
3705.72
3706.28
3707.60
3708.49
3709.25
3709.77
3715.96
3720.02
3720.95
3724.41
3735.91
3746.03
3748.46
3751.22
3752.48
3753.74
3758.25
3761.14
3764.52
3765.54
3768.63
3770.39
3774.63
3775.49
3775.53
3775.57
3777.00
3787.11
3788.46
3792.69
3792.81
3795.56
3797.53
3801.85
3806.83
3807.86
3808.77
3808.81
3808.89
3810.54
3817.55
3824.62
3825.95
3827.27
3829.59
3830.55
3830.84
3831.91
3832.74
3833.37
3834.49
3836.39
3837.85
3838.84
3839.88
3840.09
3849.41
3855.24
3857.71
3859.04
3859.58
3870.42
3881.44
3883.63
3892.97
3901.36
3909.85
3917.14
3920.49
3921.12
3921.84
3924.77
3930.17
3935.02
3948.63
3959.15
3962.79
3964.81
3965.32
3965.41
3967.04
3967.86
3969.06
3971.33
3974.69
3978.34
3978.43
3980.24
3980.28
3982.26
3989.51
3998.63
4000.49
4002.09
4003.00
4017.62
4019.06
4021.14
4023.41
4026.41
4026.89
4029.33
4033.26
4037.45
4041.38
4048.65
4054.70
4059.17
4059.17
4060.67
4063.31
4070.30
4070.61
4070.74
4080.93
4081.86
4085.74
4091.19
4091.98
4100.31
4104.22
4104.40
4105.60
4107.11
4107.64
4108.66
4109.64
4111.51
4116.72
4122.82
4123.72
4127.42
4127.78
4128.32
4131.09
4131.09
4132.92
4134.80
4136.99
4147.97
4148.82
4150.62
4150.71
4153.18
4157.68
4158.49
4159.43
4164.16
4170.83
4176.88
4177.02
4180.05
4182.76
4191.51
4192.64
4192.87
4197.27
4208.00
4221.41
4223.74
4224.01
4227.49
4228.91
4229.96
4230.51
4230.92
4233.03
4236.00
4240.77
4243.94
4245.96
4251.39
4252.35
4254.88
4255.07
4255.90
4256.40
4259.07
4269.83
4269.87
4271.12
4272.46
4274.36
4275.19
4277.55
4285.01
4287.37
4291.27
4293.22
4293.78
4298.47
4301.73
4306.48
4306.80
4307.88
4311.14
4312.82
4321.60
4322.86
4324.22
4325.20
4331.39
4331.57
4340.82
4343.63
4346.08
4361.01
4368.14
4370.88
4371.31
4373.25
4374.91
4378.74
4379.55
4388.84
4388.99
4389.84
4390.51
4391.46
4391.93
4394.74
4396.35
4396.69
4400.35
4401.07
4405.45
4405.88
4407.12
4408.17
4409.50
4414.42
4419.20
4420.78
4424.41
4426.95
4427.00
4429.20
4430.64
4437.40
4437.65
4440.33
4441.82
4442.40
4445.29
4455.54
4464.76
4467.66
4480.73
4487.72
4490.73
4491.46
4496.17
4501.09
4501.92
4513.33
4518.31
4518.95
4519.83
4521.15
4522.62
4523.45
4524.72
4526.58
4528.93
4529.23
4529.96
4532.86
4533.05
4540.66
4540.81
4541.05
4544.74
4545.67
4556.90
4558.97
4559.57
4559.96
4560.65
4560.95
4563.51
4565.88
4566.43
4567.71
4568.50
4569.49
4570.68
4579.04
4579.94
4581.03
4583.01
4586.09
4590.70
4591.20
4591.94
4596.42
4607.22
4607.42
4609.12
4610.51
4610.96
4620.00
4626.20
4629.51
4630.46
4632.47
4632.62
4641.55
4648.68
4649.64
4650.24
4650.70
4652.41
4652.76
4653.72
4654.57
4654.77
4659.16
4660.27
4660.72
4675.06
4679.26
4680.99
4681.54
4682.10
4682.71
4682.76
4689.65
4692.39
4693.46
4703.53
4708.31
4709.33
4709.43
4712.08
4713.31
4719.58
4734.16
4742.57
4744.78
4748.73
4749.24
4752.59
4754.13
4758.61
4761.75
4763.40
4776.04
4790.79
4792.97
4797.90
4799.82
4800.03
4802.21
4813.86
4819.80
4823.82
4825.86
4833.90
4834.69
4834.90
4835.26
4838.93
4846.89
4847.05
4848.36
4863.75
4865.70
4869.39
4873.18
4876.08
4878.83
4881.26
4884.16
4885.75
4887.07
4890.83
4906.57
4908.16
4909.86
4912.30
4913.37
4915.65
4918.31
4925.13
4927.48
4927.74
4935.27
4938.84
4941.95
4946.55
4948.31
4950.56
4954.85
4960.86
4970.85
4971.98
4980.92
4983.51
4988.85
4990.30
4990.63
5001.28
5006.74
5007.23
5012.11
5014.61
5014.82
5025.47
5031.07
5032.82
5046.50
5047.70
5053.39
5056.83
5063.07
5064.83
5064.88
5069.49
5069.93
5072.72
5074.37
5077.50
5079.53
5080.47
5089.49
5089.71
5094.84
5098.70
5099.36
5101.29
5102.23
5115.77
5119.04
5120.87
5128.68
5135.57
5137.52
5139.74
5140.24
5152.66
5156.62
5161.64
5164.27
5172.21
5173.38
5175.12
5175.40
5183.47
5186.50
5189.30
5189.36
5193.01
5193.40
5195.71
5195.88
5206.57
5209.27
5211.02
5214.18
5216.04
5218.98
5224.01
5229.49
5236.91
5237.59
5239.80
5242.35
5248.99
5253.93
5255.41
5270.45
5271.64
5273.18
5280.55
5283.52
5286.09
5286.15
5292.56
5297.26
5298.29
5317.93
5327.49
5329.45
5329.63
5332.51
5334.01
5336.26
5338.86
5344.52
5359.93
5364.45
5368.40
5377.82
5384.87
5386.26
5389.47
5394.60
5399.80
5404.95
5406.64
5407.46
5414.43
5416.60
5422.46
5426.04
5438.62
5440.91
5443.39
5444.62
5446.04
5446.98
5457.66
5461.32
5461.67
5462.56
5465.46
5467.65
5475.34
5479.31
5482.52
5499.74
5501.35
5501.83
5504.33
5510.29
5513.09
5516.91
5518.16
5520.43
5522.40
5526.23
5526.41
5530.48
5530.89
5535.68
5546.00
5546.54
5556.75
5564.03
5573.55
5574.63
5579.64
5587.49
5589.25
5602.69
5611.06
5611.12
5613.73
5623.89
5636.19
5643.45
5644.37
5644.86
5649.26
5670.57
5672.10
5677.38
5677.69
5677.75
5678.12
5684.45
5695.16
5702.25
5709.23
5711.64
5714.05
5714.23
5714.30
5716.96
5720.92
5724.01
5727.85
5728.04
5733.06
5735.73
5737.78
5737.84
5738.09
5738.27
5739.14
5739.45
5745.17
5753.26
5755.68
5758.80
5762.91
5764.41
5770.46
5770.71
5775.58
5781.02
5783.21
5787.78
5789.60
5791.54
5794.99
5795.05
5797.62
5812.51
5814.65
5814.71
5823.40
5829.58
5833.24
5841.01
5841.38
5850.49
5866.02
5868.12
5874.41
5879.87
5880.38
5882.61
5884.84
5889.55
5898.16
5920.80
5922.08
5942.10
5948.99
5960.58
5961.68
5970.78
5973.37
5974.21
5975.89
5980.03
5981.32
5995.64
5997.91
6001.74
6003.24
6008.43
6012.08
6015.92
6019.89
6023.08
6024.38
6025.36
6027.25
6036.71
6039.65
6042.66
6046.85
6046.91
6063.09
6071.89
6076.89
6084.12
6088.01
6095.06
6101.13
6110.58
6111.90
6116.33
6123.02
6132.37
6133.43
6136.22
6138.48
6138.94
6147.98
6162.50
6194.25
6208.28
6211.16
6211.57
6232.84
6234.19
6239.52
6241.62
6247.49
6259.06
6261.03
6269.70
6272.28
6273.23
6281.25
6295.54
6297.17
6302.15
6305.28
6315.87
6328.66
6339.42
6342.51
6359.20
6359.27
6360.24
6371.19
6403.46
6403.81
6432.84
6437.71
6437.99
6440.64
6452.07
6456.33
6459.27
6470.95
6476.41
6482.09
6485.18
6491.92
6492.62
6496.98
6503.03
6511.05
6515.21
6518.81
6536.11
6558.21
6559.91
6570.00
6582.03
6597.64
6616.73
6618.88
6630.13
6637.88
6649.67
6651.68
6665.08
6682.20
6684.95
6699.14
6704.65
6709.44
6709.66
6711.25
6725.21
6731.98
6739.34
6746.42
6752.92
6773.77
6774.43
6793.52
6793.96
6795.28
6800.58
6809.41
6814.42
6839.02
6848.65
6853.32
6859.92
6868.39
6871.95
6875.67
6876.86
6889.15
6904.75
6909.16
6912.22
6914.24
6920.15
6929.82
6943.33
6944.16
6949.72
6951.97
6975.56
6981.98
6987.87
6990.52
6991.12
7029.96
7033.53
7038.56
7047.02
7048.85
7058.77
7059.76
7061.06
7062.36
7067.63
7068.86
7070.08
7084.17
7089.00
7097.21
7097.90
7106.82
7116.36
7117.90
7120.13
7122.29
7148.15
7153.72
7168.37
7177.37
7180.71
7181.49
7188.87
7190.74
7199.54
7211.86
7220.91
7221.30
7224.82
7226.07
7230.92
7250.35
7252.15
7255.21
7266.29
7268.34
7272.19
7282.03
7289.60
7297.65
7302.86
7308.55
7316.47
7344.86
7355.36
7362.92
7377.60
7384.94
7385.02
7392.06
7397.90
7403.50
7403.74
7408.23
7414.89
7419.70
7430.55
7436.34
7438.11
7442.70
7444.87
7457.37
7465.93
7466.49
7481.05
7483.23
7486.80
7492.15
7503.75
7516.75
7517.97
7523.50
7524.32
7530.26
7532.71
7539.39
7552.21
7558.26
7565.54
7569.31
7571.68
7571.76
7588.50
7599.75
7610.78
7611.03
7615.31
7626.52
7643.13
7654.55
7655.21
7658.28
7664.58
7681.01
7690.49
7711.24
7712.49
7715.16
7715.66
7716.08
7717.50
7717.75
7717.92
7724.77
7738.07
7745.02
7757.60
7765.24
7769.87
7771.80
7776.34
7779.54
7781.56
7784.76
7798.84
7807.62
7814.80
7844.37
7861.70
7862.55
7862.64
7863.23
7864.08
7868.17
7888.20
7893.67
7900.24
7906.40
7909.31
7917.10
7917.53
7920.79
7921.04
7924.30
7928.07
7933.22
7935.11
7948.95
7954.28
7955.83
7956.60
7957.72
7988.87
8000.03
8011.11
8018.22
8023.00
8023.00
8024.91
8028.47
8032.81
8038.29
8043.60
8054.57
8102.91
8111.94
8121.25
8126.88
8138.93
8165.04
8176.89
8180.96
8185.65
8186.36
8190.43
8195.40
8195.93
8219.37
8220.71
8234.69
8235.22
8272.91
8278.01
8278.19
8279.62
8282.67
8289.12
8308.34
8309.87
8316.43
8324.27
8335.80
8342.48
8343.20
8346.63
8350.25
8351.51
8364.80
8374.31
8379.03
8385.37
8386.55
8391.27
8406.63
8411.00
8420.47
8433.23
8440.35
8448.03
8450.95
8452.33
8452.97
8454.52
8467.80
8468.53
8473.11
8476.69
8478.25
8490.00
8515.66
8516.59
8531.25
8531.80
8552.69
8571.68
8591.74
8603.55
8605.51
8606.25
8611.56
8618.37
8618.93
8630.40
8637.04
8656.22
8661.93
8666.71
8668.21
8670.09
8676.56
8680.32
8683.23
8688.12
8707.60
8710.52
8710.99
8713.44
8713.91
8716.36
8727.50
8733.64
8734.77
8770.57
8804.23
8825.40
8827.89
8833.14
8834.57
8845.67
8851.89
8876.54
8877.41
8881.06
8883.94
8884.42
8892.59
8895.00
8895.96
8897.50
8900.87
8924.40
8954.87
9004.13
9025.20
9031.94
9035.46
9043.38
9047.39
9048.08
9082.11
9094.30
9116.67
9123.18
9138.69
9139.98
9140.37
9146.70
9150.66
9151.55
9184.09
9185.78
9195.03
9196.32
9240.41
9264.83
9268.14
9271.95
9278.68
9324.67
9366.33
9369.57
9369.57
9384.49
9391.70
9400.85
9417.44
9431.31
9454.91
9461.87
9471.09
9498.18
9499.00
9510.83
9521.64
9522.57
9528.24
9529.17
9541.86
9542.17
9544.75
9552.29
9557.77
9588.32
9604.31
9613.36
9620.85
9639.19
9642.42
9661.12
9668.54
9676.28
9695.36
9736.15
9765.69
9774.67
9808.68
9820.25
9822.06
9829.82
9831.42
9847.81
9869.47
9882.29
9883.36
9885.71
9915.60
9934.93
9935.47
9970.25
9991.41
10019.13
10088.75
10093.22
10105.68
10106.01
10109.51
10124.94
10136.23
10151.60
10163.47
10179.54
10181.85
10200.49
10223.47
10230.33
10239.41
10249.72
10257.48
10315.25
10354.05
10354.49
10366.49
10373.00
10391.76
10416.52
10424.41
10427.91
10436.94
10451.63
10452.31
10465.32
10466.00
10471.44
10495.03
10521.18
10527.33
10543.40
10567.27
10583.06
10597.85
10619.42
10646.23
10661.56
10675.76
10676.57
10683.39
10720.90
10726.82
10734.02
10749.59
10754.25
10755.41
10758.20
10764.61
10768.45
10819.25
10819.61
10851.96
10877.71
10906.35
10916.73
10919.69
10940.50
10945.95
10954.36
10966.22
10977.02
10983.68
11005.21
11008.54
11020.70
11034.18
11034.54
11036.33
11066.22
11072.81
11089.11
11104.00
11105.32
11110.25
11117.47
11127.33
11137.57
11142.39
11166.53
11166.65
11202.84
11212.17
11239.26
11287.64
11290.33
11311.24
11312.83
11324.09
11332.80
11365.34
11377.89
11389.59
11403.40
11403.52
11431.81
11464.39
11485.37
11510.25
11525.83
11532.07
11553.67
11565.81
11581.96
11634.96
11638.87
11641.89
11643.78
11646.30
11651.84
11661.56
11676.83
11690.11
11699.98
11750.09
11764.97
11768.15
11768.79
11771.34
11775.80
11777.83
11809.10
11816.89
11822.65
11858.52
11867.89
11898.49
11932.14
11941.44
11943.38
11946.61
11997.25
12007.25
12029.23
12059.72
12061.94
12079.97
12106.00
12150.36
12177.73
12186.56
12191.18
12206.76
12211.64
12260.50
12284.80
12292.91
12356.25
12379.53
12402.46
12403.13
12459.48
12517.32
12539.01
12596.39
12613.85
12617.94
12698.06
12699.02
12711.39
12737.41
12742.93
12751.48
12755.48
12789.48
12795.98
12819.26
12820.10
12828.70
12842.31
12845.92
12865.81
12875.42
12887.55
12903.03
12910.30
12929.31
12934.06
12945.26
12961.52
12974.43
12985.67
13000.01
13019.43
13057.80
13069.39
13117.84
13151.81
13168.47
13186.01
13201.85
13246.78
13261.55
13288.84
13320.08
13367.58
13371.34
13387.41
13393.64
13396.97
13406.54
13439.80
13493.71
13523.53
13577.63
13606.16
13651.87
13654.68
13694.33
13702.04
13745.55
13767.43
13778.90
13791.58
13845.85
13875.25
13895.53
13931.51
13952.48
13967.58
13967.58
13985.12
14066.62
14087.18
14100.75
14111.13
14136.95
14175.86
14181.08
14201.04
14257.85
14276.37
14283.48
14330.23
14435.89
14451.05
14455.27
14465.44
14502.59
14511.22
14556.82
14558.87
14603.36
14648.30
14660.99
14663.05
14764.78
14772.13
14782.84
14796.44
14812.62
14865.60
14915.23
14946.73
14971.01
14971.17
14997.60
15017.24
15019.84
15021.47
15031.71
15053.68
15078.30
15141.08
15149.76
15171.08
15177.00
15186.69
15194.41
15208.06
15208.89
15224.36
15292.55
15293.87
15360.54
15446.87
15532.17
15604.27
15655.00
15666.69
15689.93
15701.48
15712.87
15732.43
15760.03
15779.99
15782.38
15839.35
15922.51
15941.30
15941.82
15988.46
15997.11
16048.43
16061.80
16075.71
16126.76
16140.37
16148.93
16154.00
16214.24
16295.31
16352.19
16367.59
16381.40
16384.06
16436.26
16526.68
16549.40
16605.18
16613.99
16645.48
16657.73
16728.53
16762.41
16840.58
16846.96
16867.93
16901.00
16941.83
16942.19
16969.53
17002.61
17018.44
17024.88
17048.11
17050.14
17059.18
17066.57
17092.25
17134.10
17134.47
17176.42
17196.87
17210.09
17244.01
17244.76
17266.23
17276.32
17332.30
17350.50
17442.55
17472.39
17545.70
17548.17
17595.51
17631.72
17649.28
17684.84
17705.90
17750.78
17857.70
17936.51
18004.17
18056.06
18069.16
18176.61
18235.91
18275.01
18356.46
18370.37
18371.76
18467.82
18495.22
18608.83
18651.77
18655.80
18757.00
18779.75
18802.52
18951.41
19112.65
19170.02
19221.73
19281.30
19334.79
19398.49
19438.20
19493.17
19557.60
19580.68
19649.23
19696.48
19710.98
19711.62
19738.72
19853.31
19942.23
19978.94
20210.93
20298.15
20308.70
20322.11
20398.11
20408.92
20446.28
20446.50
20508.76
20561.19
20606.85
20632.73
20661.77
20690.41
20716.39
20716.39
20859.89
20888.80
20918.20
20940.39
20973.50
21009.61
21036.91
21387.13
21410.52
21491.29
21756.36
21827.33
21840.56
21869.65
22147.30
22254.43
22354.83
22428.96
22533.80
22582.86
22595.08
22667.07
22712.00
22812.23
22831.74
22994.87
23002.83
23055.66
23090.86
23108.35
23121.86
23150.65
23306.22
23339.78
23477.56
23523.84
23628.17
23663.99
23721.15
23875.13
23946.02
23997.11
24026.47
24368.65
24373.93
24491.83
24662.02
24678.03
24966.47
25258.56
25271.96
25407.95
25420.32
25460.23
25644.64
25927.54
26070.72
26116.18
26202.51
26400.86
26442.59
26837.18
26951.54
26999.99
27153.51
27362.61
27844.34
28003.26
28281.26
28644.34
29040.03
29186.51
30013.05
30365.17
33409.68
33708.51
34054.20
34962.94
37664.90
41852.26
