1.92
2.26
2.37
2.39
2.60
2.63
2.66
2.67
2.69
2.76
2.83
2.96
2.97
2.97
2.99
3.08
3.08
3.11
3.16
3.18
3.21
3.22
3.22
3.27
3.33
3.37
3.39
3.39
3.44
3.46
3.46
3.47
3.47
3.48
3.49
3.55
3.55
3.57
3.61
3.62
3.63
3.64
3.64
3.67
3.68
3.71
3.71
3.72
3.73
3.73
3.74
3.75
3.76
3.78
3.81
3.82
3.82
3.84
3.84
3.84
3.85
3.85
3.87
3.88
3.89
3.89
3.89
3.91
3.91
3.91
3.92
3.96
3.98
4.02
4.03
4.04
4.04
4.04
4.04
4.05
4.05
4.05
4.09
4.10
4.11
4.13
4.13
4.15
4.17
4.18
4.18
4.20
4.20
4.23
4.24
4.25
4.31
4.31
4.32
4.33
4.34
4.35
4.36
4.36
4.37
4.41
4.42
4.42
4.42
4.43
4.43
4.47
4.47
4.48
4.48
4.48
4.49
4.51
4.51
4.53
4.55
4.55
4.55
4.56
4.57
4.57
4.59
4.59
4.59
4.60
4.61
4.63
4.70
4.71
4.71
4.73
4.74
4.74
4.75
4.75
4.77
4.80
4.80
4.81
4.81
4.84
4.85
4.86
4.90
4.90
4.90
4.91
4.96
4.96
4.96
4.96
4.98
4.99
5.00
5.01
5.03
5.04
5.05
5.06
5.06
5.06
5.08
5.10
5.11
5.14
5.16
5.16
5.19
5.19
5.19
5.19
5.20
5.20
5.21
5.21
5.22
5.23
5.24
5.25
5.25
5.27
5.28
5.30
5.30
5.33
5.34
5.34
5.34
5.35
5.35
5.37
5.38
5.38
5.38
5.40
5.42
5.43
5.44
5.44
5.46
5.47
5.49
5.50
5.51
5.52
5.53
5.56
5.57
5.58
5.58
5.60
5.63
5.65
5.67
5.70
5.71
5.71
5.71
5.76
5.78
5.79
5.80
5.81
5.81
5.82
5.83
5.85
5.86
5.86
5.87
5.87
5.88
5.91
5.91
5.91
5.93
5.96
5.96
5.99
5.99
5.99
6.02
6.02
6.04
6.04
6.04
6.05
6.06
6.08
6.09
6.09
6.10
6.11
6.11
6.12
6.12
6.13
6.13
6.14
6.14
6.16
6.20
6.20
6.21
6.21
6.23
6.23
6.24
6.27
6.31
6.32
6.33
6.34
6.37
6.38
6.39
6.39
6.40
6.40
6.41
6.42
6.44
6.45
6.46
6.46
6.47
6.48
6.48
6.48
6.49
6.50
6.51
6.51
6.51
6.52
6.54
6.54
6.54
6.55
6.56
6.57
6.61
6.61
6.64
6.64
6.64
6.65
6.65
6.66
6.66
6.67
6.69
6.69
6.70
6.75
6.77
6.77
6.78
6.79
6.79
6.80
6.81
6.82
6.82
6.83
6.87
6.89
6.89
6.94
6.95
6.99
6.99
7.00
7.00
7.00
7.01
7.01
7.02
7.02
7.04
7.05
7.05
7.07
7.09
7.09
7.09
7.11
7.12
7.13
7.13
7.14
7.16
7.16
7.19
7.19
7.19
7.21
7.21
7.25
7.25
7.27
7.27
7.28
7.29
7.31
7.32
7.33
7.33
7.34
7.36
7.38
7.39
7.42
7.42
7.44
7.46
7.47
7.47
7.49
7.49
7.49
7.51
7.55
7.56
7.57
7.57
7.58
7.60
7.61
7.61
7.62
7.62
7.64
7.67
7.68
7.70
7.70
7.70
7.71
7.71
7.72
7.74
7.75
7.75
7.76
7.78
7.79
7.79
7.79
7.82
7.85
7.86
7.87
7.88
7.89
7.90
7.91
7.91
7.94
7.95
7.95
7.95
7.97
7.98
7.98
7.99
8.00
8.00
8.03
8.03
8.06
8.06
8.07
8.08
8.10
8.10
8.10
8.10
8.12
8.13
8.13
8.14
8.14
8.15
8.16
8.21
8.23
8.24
8.25
8.25
8.26
8.26
8.27
8.27
8.28
8.28
8.32
8.35
8.36
8.36
8.36
8.37
8.37
8.38
8.38
8.39
8.45
8.45
8.45
8.45
8.45
8.46
8.46
8.46
8.47
8.47
8.47
8.52
8.52
8.52
8.54
8.55
8.57
8.57
8.58
8.58
8.59
8.59
8.59
8.59
8.59
8.64
8.64
8.64
8.64
8.64
8.66
8.69
8.69
8.70
8.70
8.71
8.72
8.72
8.72
8.72
8.72
8.73
8.74
8.74
8.75
8.75
8.76
8.77
8.81
8.85
8.86
8.87
8.87
8.91
8.91
8.95
8.95
8.96
8.98
8.98
8.99
9.00
9.04
9.04
9.05
9.06
9.06
9.07
9.07
9.07
9.07
9.08
9.11
9.12
9.12
9.13
9.13
9.17
9.17
9.18
9.18
9.21
9.21
9.21
9.22
9.24
9.24
9.24
9.25
9.26
9.28
9.29
9.32
9.33
9.33
9.35
9.38
9.38
9.39
9.41
9.41
9.41
9.41
9.42
9.43
9.43
9.44
9.45
9.47
9.48
9.48
9.49
9.49
9.49
9.50
9.55
9.56
9.59
9.59
9.61
9.61
9.62
9.63
9.63
9.63
9.65
9.65
9.66
9.66
9.66
9.67
9.67
9.67
9.68
9.68
9.71
9.71
9.71
9.72
9.72
9.72
9.73
9.73
9.74
9.74
9.75
9.75
9.75
9.76
9.78
9.78
9.79
9.81
9.82
9.84
9.85
9.85
9.85
9.86
9.89
9.92
9.95
9.95
9.98
10.01
10.01
10.02
10.03
10.04
10.04
10.05
10.08
10.09
10.09
10.09
10.10
10.13
10.14
10.15
10.16
10.18
10.20
10.21
10.21
10.23
10.24
10.26
10.27
10.29
10.29
10.29
10.30
10.31
10.32
10.33
10.36
10.37
10.37
10.40
10.41
10.41
10.45
10.47
10.48
10.49
10.50
10.50
10.50
10.50
10.51
10.51
10.51
10.52
10.52
10.57
10.58
10.58
10.59
10.61
10.64
10.64
10.65
10.65
10.67
10.67
10.67
10.67
10.68
10.69
10.73
10.74
10.75
10.76
10.76
10.76
10.78
10.80
10.81
10.81
10.83
10.83
10.84
10.84
10.85
10.86
10.86
10.86
10.88
10.89
10.91
10.92
10.96
10.98
10.99
11.01
11.02
11.03
11.04
11.05
11.06
11.06
11.07
11.07
11.08
11.08
11.16
11.18
11.19
11.19
11.20
11.20
11.22
11.23
11.24
11.25
11.25
11.26
11.29
11.31
11.32
11.32
11.35
11.35
11.36
11.36
11.36
11.37
11.37
11.38
11.39
11.41
11.42
11.43
11.45
11.46
11.46
11.46
11.47
11.49
11.49
11.49
11.50
11.51
11.52
11.52
11.52
11.55
11.55
11.55
11.57
11.58
11.58
11.58
11.60
11.61
11.61
11.62
11.64
11.65
11.66
11.67
11.67
11.68
11.68
11.69
11.69
11.70
11.73
11.74
11.76
11.76
11.77
11.77
11.77
11.78
11.78
11.78
11.79
11.80
11.83
11.84
11.86
11.86
11.91
11.91
11.93
11.95
11.96
11.97
11.99
12.00
12.00
12.01
12.01
12.04
12.07
12.08
12.08
12.09
12.10
12.10
12.12
12.14
12.14
12.15
12.17
12.18
12.19
12.22
12.25
12.25
12.26
12.27
12.27
12.28
12.30
12.30
12.31
12.32
12.34
12.35
12.37
12.40
12.41
12.44
12.44
12.45
12.45
12.46
12.46
12.46
12.47
12.47
12.47
12.50
12.51
12.51
12.54
12.57
12.59
12.60
12.64
12.64
12.65
12.66
12.67
12.70
12.70
12.72
12.72
12.74
12.75
12.76
12.78
12.78
12.79
12.79
12.80
12.82
12.82
12.83
12.85
12.85
12.85
12.86
12.87
12.88
12.89
12.92
12.95
12.97
12.99
12.99
13.01
13.02
13.03
13.03
13.03
13.05
13.05
13.08
13.08
13.08
13.08
13.10
13.10
13.12
13.13
13.14
13.14
13.16
13.18
13.19
13.21
13.23
13.23
13.23
13.24
13.24
13.26
13.28
13.30
13.31
13.33
13.34
13.34
13.35
13.35
13.36
13.37
13.37
13.40
13.41
13.45
13.45
13.46
13.48
13.52
13.52
13.52
13.53
13.55
13.57
13.63
13.63
13.63
13.64
13.65
13.67
13.67
13.69
13.70
13.70
13.71
13.73
13.74
13.74
13.76
13.77
13.77
13.78
13.78
13.78
13.80
13.82
13.82
13.85
13.86
13.88
13.88
13.88
13.88
13.88
13.91
13.91
13.99
13.99
14.00
14.02
14.02
14.04
14.05
14.06
14.08
14.08
14.09
14.09
14.10
14.10
14.10
14.10
14.12
14.13
14.13
14.15
14.15
14.16
14.18
14.21
14.21
14.21
14.22
14.23
14.24
14.26
14.26
14.27
14.27
14.28
14.29
14.29
14.30
14.30
14.33
14.35
14.36
14.38
14.38
14.39
14.41
14.41
14.42
14.42
14.45
14.46
14.47
14.48
14.51
14.51
14.52
14.55
14.57
14.58
14.59
14.59
14.62
14.63
14.64
14.64
14.64
14.65
14.65
14.65
14.66
14.67
14.70
14.71
14.76
14.78
14.78
14.79
14.80
14.82
14.84
14.89
14.90
14.91
14.92
14.98
14.99
15.07
15.08
15.08
15.12
15.13
15.15
15.20
15.22
15.23
15.26
15.27
15.28
15.28
15.29
15.29
15.31
15.31
15.35
15.39
15.44
15.44
15.44
15.46
15.46
15.48
15.49
15.49
15.49
15.50
15.50
15.51
15.52
15.53
15.54
15.54
15.55
15.55
15.56
15.56
15.57
15.57
15.63
15.65
15.67
15.70
15.76
15.77
15.77
15.78
15.79
15.81
15.81
15.86
15.86
15.87
15.89
15.90
15.90
15.90
15.93
15.94
15.96
15.98
15.99
16.00
16.01
16.04
16.04
16.06
16.07
16.09
16.09
16.10
16.11
16.11
16.12
16.15
16.15
16.15
16.15
16.17
16.21
16.22
16.23
16.23
16.24
16.28
16.28
16.29
16.29
16.29
16.30
16.31
16.31
16.34
16.34
16.35
16.37
16.39
16.40
16.42
16.44
16.46
16.46
16.47
16.47
16.49
16.50
16.50
16.51
16.53
16.54
16.57
16.61
16.64
16.67
16.67
16.68
16.68
16.70
16.73
16.77
16.77
16.78
16.78
16.79
16.81
16.83
16.85
16.88
16.89
16.90
16.92
16.92
16.94
16.95
16.97
16.98
16.99
17.00
17.04
17.04
17.05
17.06
17.08
17.09
17.10
17.13
17.16
17.17
17.17
17.18
17.18
17.19
17.19
17.19
17.20
17.21
17.21
17.21
17.26
17.28
17.28
17.32
17.35
17.35
17.35
17.38
17.39
17.42
17.43
17.43
17.44
17.46
17.47
17.48
17.50
17.51
17.55
17.57
17.58
17.58
17.59
17.61
17.62
17.63
17.66
17.67
17.68
17.70
17.71
17.74
17.79
17.80
17.80
17.80
17.82
17.86
17.88
17.90
17.90
17.91
17.96
17.98
17.98
17.99
18.01
18.02
18.03
18.03
18.05
18.07
18.08
18.10
18.11
18.12
18.12
18.12
18.13
18.13
18.14
18.15
18.17
18.20
18.20
18.23
18.24
18.24
18.24
18.24
18.27
18.29
18.29
18.30
18.32
18.32
18.33
18.34
18.34
18.35
18.35
18.35
18.37
18.40
18.41
18.43
18.45
18.46
18.48
18.51
18.52
18.54
18.55
18.55
18.56
18.57
18.60
18.61
18.61
18.62
18.63
18.64
18.64
18.65
18.68
18.71
18.72
18.74
18.75
18.76
18.78
18.81
18.81
18.81
18.82
18.84
18.86
18.86
18.87
18.88
18.90
18.91
18.94
18.94
18.95
18.97
18.98
18.99
18.99
19.00
19.02
19.02
19.03
19.05
19.05
19.06
19.07
19.09
19.11
19.13
19.13
19.14
19.16
19.17
19.17
19.18
19.22
19.23
19.23
19.30
19.31
19.37
19.39
19.40
19.40
19.40
19.45
19.48
19.48
19.49
19.50
19.51
19.52
19.54
19.58
19.59
19.60
19.62
19.63
19.63
19.65
19.65
19.67
19.69
19.70
19.70
19.70
19.72
19.73
19.76
19.78
19.79
19.80
19.81
19.81
19.81
19.81
19.82
19.82
19.82
19.83
19.84
19.85
19.88
19.88
19.91
19.92
19.96
19.97
19.97
20.00
20.00
20.00
20.01
20.02
20.06
20.06
20.07
20.07
20.08
20.08
20.08
20.08
20.10
20.11
20.14
20.16
20.16
20.17
20.18
20.20
20.21
20.23
20.25
20.26
20.28
20.28
20.39
20.40
20.40
20.43
20.43
20.43
20.44
20.46
20.47
20.47
20.49
20.49
20.50
20.50
20.52
20.53
20.54
20.54
20.56
20.57
20.58
20.58
20.62
20.62
20.70
20.72
20.72
20.74
20.85
20.87
20.88
20.88
20.91
20.94
20.98
21.00
21.01
21.01
21.05
21.06
21.07
21.08
21.13
21.15
21.21
21.23
21.25
21.25
21.28
21.32
21.33
21.33
21.39
21.40
21.43
21.46
21.48
21.49
21.50
21.52
21.56
21.56
21.60
21.62
21.65
21.66
21.67
21.68
21.70
21.70
21.71
21.72
21.75
21.75
21.78
21.85
21.86
21.87
21.94
21.95
21.95
21.95
21.98
22.00
22.00
22.00
22.00
22.02
22.03
22.04
22.05
22.06
22.08
22.09
22.12
22.13
22.14
22.17
22.20
22.23
22.24
22.25
22.26
22.27
22.29
22.29
22.29
22.30
22.31
22.32
22.36
22.37
22.38
22.38
22.41
22.42
22.46
22.53
22.53
22.54
22.56
22.56
22.57
22.58
22.59
22.60
22.63
22.66
22.68
22.70
22.70
22.72
22.78
22.81
22.83
22.84
22.85
22.85
22.87
22.87
22.87
22.89
22.89
22.91
22.93
22.93
22.97
23.02
23.03
23.04
23.04
23.06
23.07
23.07
23.12
23.12
23.14
23.15
23.17
23.17
23.18
23.19
23.19
23.21
23.21
23.21
23.23
23.25
23.25
23.26
23.30
23.34
23.36
23.39
23.42
23.43
23.43
23.44
23.45
23.46
23.47
23.47
23.50
23.50
23.51
23.55
23.59
23.63
23.63
23.65
23.69
23.70
23.70
23.72
23.73
23.74
23.78
23.79
23.80
23.81
23.82
23.82
23.83
23.84
23.92
23.94
23.96
23.97
23.99
24.00
24.02
24.07
24.07
24.08
24.11
24.13
24.14
24.15
24.18
24.22
24.23
24.23
24.26
24.28
24.31
24.33
24.34
24.34
24.34
24.35
24.35
24.36
24.36
24.44
24.47
24.48
24.50
24.50
24.50
24.54
24.54
24.57
24.58
24.58
24.61
24.62
24.62
24.63
24.64
24.64
24.70
24.72
24.76
24.76
24.77
24.80
24.84
24.88
24.90
24.91
24.91
24.92
24.92
24.97
24.98
24.99
25.02
25.06
25.11
25.11
25.12
25.12
25.13
25.14
25.16
25.16
25.18
25.20
25.23
25.24
25.25
25.25
25.25
25.25
25.26
25.29
25.30
25.33
25.33
25.34
25.37
25.43
25.46
25.47
25.47
25.50
25.52
25.52
25.56
25.56
25.58
25.59
25.60
25.63
25.66
25.66
25.69
25.75
25.77
25.79
25.79
25.81
25.83
25.87
25.87
25.87
25.89
25.91
25.91
25.92
25.92
25.94
25.94
25.95
25.98
26.00
26.02
26.06
26.06
26.10
26.11
26.12
26.15
26.16
26.18
26.18
26.18
26.19
26.21
26.21
26.28
26.29
26.33
26.33
26.40
26.41
26.46
26.48
26.50
26.50
26.50
26.51
26.53
26.54
26.55
26.56
26.57
26.57
26.58
26.62
26.65
26.66
26.67
26.67
26.74
26.78
26.79
26.80
26.80
26.80
26.82
26.85
26.88
26.88
26.90
26.92
26.95
26.95
26.97
26.98
26.98
26.99
26.99
27.01
27.04
27.04
27.05
27.05
27.07
27.09
27.17
27.18
27.24
27.24
27.25
27.33
27.34
27.38
27.39
27.39
27.42
27.42
27.43
27.43
27.45
27.45
27.45
27.50
27.55
27.56
27.57
27.60
27.61
27.61
27.68
27.68
27.69
27.74
27.78
27.79
27.83
27.88
27.92
27.97
27.99
28.01
28.01
28.01
28.01
28.03
28.05
28.05
28.15
28.16
28.17
28.18
28.19
28.19
28.22
28.23
28.25
28.33
28.33
28.33
28.36
28.37
28.37
28.37
28.38
28.38
28.41
28.43
28.43
28.43
28.45
28.49
28.50
28.51
28.52
28.52
28.55
28.57
28.59
28.60
28.60
28.61
28.62
28.63
28.67
28.69
28.71
28.73
28.74
28.77
28.80
28.81
28.82
28.83
28.84
28.86
28.87
28.87
28.88
28.88
28.89
28.89
28.90
28.95
28.96
29.02
29.04
29.04
29.06
29.12
29.13
29.14
29.19
29.21
29.23
29.23
29.24
29.24
29.29
29.29
29.30
29.31
29.31
29.32
29.37
29.39
29.40
29.40
29.41
29.42
29.47
29.48
29.53
29.69
29.70
29.73
29.79
29.81
29.84
29.92
29.96
29.96
29.96
30.02
30.04
30.10
30.12
30.12
30.19
30.19
30.21
30.22
30.24
30.26
30.26
30.30
30.31
30.31
30.33
30.34
30.36
30.39
30.40
30.40
30.41
30.44
30.46
30.48
30.51
30.52
30.53
30.55
30.59
30.62
30.63
30.65
30.67
30.68
30.72
30.73
30.74
30.77
30.78
30.82
30.82
30.82
30.86
30.87
30.88
30.89
30.91
30.92
31.07
31.15
31.21
31.21
31.23
31.24
31.27
31.29
31.30
31.31
31.35
31.37
31.39
31.40
31.41
31.48
31.48
31.51
31.52
31.54
31.57
31.58
31.61
31.62
31.63
31.65
31.69
31.70
31.71
31.72
31.72
31.73
31.74
31.75
31.77
31.80
31.81
31.81
31.82
31.88
31.89
31.91
31.91
31.93
31.95
31.96
31.96
31.98
32.04
32.04
32.08
32.13
32.16
32.16
32.20
32.21
32.22
32.24
32.28
32.29
32.31
32.31
32.32
32.34
32.38
32.39
32.40
32.43
32.50
32.51
32.51
32.53
32.53
32.53
32.54
32.55
32.55
32.56
32.58
32.59
32.62
32.63
32.65
32.68
32.71
32.72
32.72
32.72
32.73
32.75
32.76
32.78
32.78
32.82
32.83
32.85
32.85
32.89
32.91
32.91
32.93
32.95
32.96
32.98
33.03
33.09
33.09
33.15
33.16
33.17
33.20
33.20
33.23
33.25
33.27
33.28
33.31
33.32
33.32
33.34
33.39
33.39
33.40
33.44
33.45
33.49
33.52
33.56
33.58
33.58
33.66
33.68
33.68
33.70
33.72
33.75
33.78
33.81
33.88
33.89
33.89
33.91
33.93
33.95
33.96
34.03
34.03
34.06
34.07
34.11
34.12
34.12
34.15
34.16
34.16
34.19
34.20
34.22
34.22
34.22
34.30
34.33
34.36
34.36
34.37
34.40
34.42
34.47
34.47
34.48
34.48
34.53
34.55
34.55
34.58
34.59
34.61
34.62
34.63
34.66
34.66
34.69
34.79
34.80
34.87
34.88
34.88
34.91
34.92
34.93
34.97
34.98
35.01
35.07
35.13
35.14
35.16
35.18
35.18
35.18
35.21
35.22
35.24
35.28
35.32
35.36
35.38
35.42
35.45
35.47
35.48
35.48
35.51
35.53
35.57
35.58
35.59
35.59
35.64
35.69
35.72
35.76
35.76
35.83
35.85
35.86
35.87
35.92
35.94
35.95
35.95
35.96
35.98
36.00
36.00
36.07
36.12
36.14
36.15
36.16
36.16
36.18
36.22
36.23
36.24
36.25
36.26
36.29
36.32
36.33
36.33
36.33
36.34
36.34
36.34
36.35
36.36
36.38
36.40
36.42
36.43
36.44
36.46
36.50
36.53
36.54
36.55
36.56
36.57
36.59
36.60
36.62
36.64
36.67
36.72
36.73
36.75
36.77
36.77
36.79
36.82
36.82
36.83
36.85
36.88
36.91
36.93
36.95
36.96
37.02
37.04
37.04
37.07
37.08
37.09
37.11
37.14
37.19
37.20
37.21
37.23
37.25
37.26
37.32
37.39
37.42
37.42
37.44
37.47
37.53
37.53
37.55
37.55
37.59
37.59
37.67
37.69
37.70
37.73
37.75
37.76
37.80
37.82
37.84
37.94
37.95
38.00
38.01
38.02
38.09
38.14
38.17
38.21
38.21
38.28
38.30
38.32
38.33
38.47
38.51
38.53
38.56
38.56
38.57
38.59
38.66
38.67
38.69
38.69
38.72
38.73
38.84
38.87
38.89
38.90
38.91
38.93
38.96
39.03
39.06
39.10
39.12
39.13
39.15
39.17
39.17
39.19
39.22
39.24
39.27
39.29
39.29
39.32
39.32
39.34
39.34
39.38
39.39
39.41
39.45
39.48
39.51
39.51
39.55
39.56
39.57
39.60
39.63
39.63
39.64
39.64
39.67
39.69
39.69
39.74
39.75
39.76
39.78
39.80
39.81
39.84
39.88
39.90
39.97
39.99
40.01
40.05
40.13
40.14
40.18
40.20
40.29
40.29
40.30
40.30
40.33
40.34
40.34
40.36
40.40
40.42
40.43
40.44
40.49
40.49
40.51
40.58
40.60
40.62
40.67
40.69
40.72
40.73
40.73
40.75
40.76
40.84
40.85
40.87
40.88
40.89
40.93
40.95
40.95
40.98
41.00
41.01
41.02
41.02
41.03
41.06
41.11
41.12
41.13
41.14
41.15
41.16
41.17
41.17
41.20
41.25
41.26
41.26
41.27
41.29
41.31
41.31
41.33
41.33
41.33
41.35
41.36
41.39
41.39
41.41
41.44
41.48
41.53
41.61
41.62
41.65
41.78
41.79
41.89
41.91
41.95
41.95
41.96
42.01
42.04
42.04
42.06
42.07
42.13
42.20
42.23
42.24
42.29
42.29
42.31
42.34
42.37
42.40
42.42
42.42
42.43
42.44
42.45
42.47
42.51
42.53
42.53
42.59
42.59
42.61
42.61
42.62
42.64
42.65
42.68
42.79
42.80
42.87
42.92
42.93
42.93
42.99
43.02
43.04
43.04
43.09
43.09
43.09
43.14
43.19
43.26
43.30
43.32
43.34
43.35
43.35
43.38
43.41
43.41
43.43
43.47
43.48
43.49
43.49
43.50
43.52
43.52
43.58
43.61
43.64
43.64
43.65
43.65
43.65
43.74
43.78
43.82
43.82
43.82
43.87
43.88
43.90
43.91
43.92
43.96
43.98
44.02
44.10
44.12
44.14
44.15
44.19
44.21
44.21
44.23
44.27
44.34
44.36
44.37
44.42
44.42
44.43
44.43
44.61
44.69
44.70
44.71
44.73
44.75
44.77
44.77
44.80
44.80
44.80
44.91
44.93
44.93
44.94
44.94
44.95
44.96
45.00
45.04
45.09
45.12
45.13
45.15
45.16
45.16
45.23
45.29
45.32
45.36
45.37
45.38
45.39
45.44
45.44
45.46
45.47
45.49
45.49
45.50
45.51
45.53
45.54
45.59
45.61
45.63
45.65
45.66
45.66
45.67
45.68
45.69
45.77
45.81
45.86
45.89
45.91
45.95
45.95
45.95
45.96
45.96
45.97
45.97
45.99
46.00
46.02
46.09
46.14
46.16
46.26
46.28
46.28
46.30
46.32
46.35
46.38
46.39
46.41
46.45
46.50
46.51
46.53
46.54
46.57
46.58
46.58
46.61
46.67
46.72
46.75
46.83
46.86
46.86
46.86
46.88
46.88
46.89
46.93
46.97
46.98
46.98
46.98
46.99
47.00
47.03
47.06
47.06
47.07
47.10
47.10
47.11
47.11
47.11
47.17
47.17
47.18
47.31
47.38
47.41
47.45
47.49
47.49
47.51
47.51
47.53
47.53
47.54
47.55
47.56
47.56
47.57
47.59
47.60
47.70
47.78
47.82
47.99
48.00
48.02
48.06
48.14
48.19
48.25
48.25
48.27
48.29
48.35
48.38
48.42
48.48
48.56
48.57
48.58
48.62
48.66
48.71
48.82
48.83
48.84
48.85
48.87
48.88
48.90
48.93
48.95
48.96
48.99
49.08
49.09
49.11
49.16
49.18
49.20
49.20
49.28
49.29
49.35
49.36
49.36
49.42
49.43
49.44
49.51
49.57
49.57
49.58
49.63
49.63
49.68
49.69
49.69
49.73
49.81
49.82
49.86
49.87
49.88
49.88
49.93
49.93
49.98
49.98
49.99
50.04
50.11
50.11
50.14
50.16
50.23
50.24
50.25
50.26
50.29
50.31
50.32
50.38
50.39
50.40
50.46
50.48
50.52
50.53
50.56
50.60
50.60
50.65
50.66
50.66
50.66
50.66
50.66
50.69
50.71
50.73
50.74
50.76
50.78
50.82
50.83
50.89
50.89
50.89
50.95
50.95
50.96
50.99
51.06
51.07
51.12
51.12
51.14
51.23
51.24
51.30
51.37
51.38
51.38
51.41
51.42
51.42
51.45
51.48
51.49
51.50
51.52
51.58
51.61
51.61
51.62
51.62
51.68
51.71
51.74
51.78
51.89
51.91
51.92
51.92
51.95
51.96
51.96
52.03
52.04
52.16
52.16
52.20
52.22
52.23
52.25
52.25
52.26
52.26
52.27
52.41
52.43
52.45
52.54
52.62
52.66
52.67
52.69
52.84
52.92
52.95
52.98
53.04
53.05
53.07
53.11
53.13
53.20
53.20
53.24
53.25
53.27
53.31
53.33
53.34
53.34
53.37
53.41
53.41
53.44
53.47
53.49
53.49
53.53
53.56
53.58
53.58
53.59
53.64
53.66
53.66
53.71
53.72
53.72
53.75
53.79
53.81
53.81
53.81
53.83
53.83
53.88
53.89
53.91
53.94
53.94
53.99
54.08
54.11
54.12
54.12
54.17
54.19
54.20
54.26
54.28
54.30
54.33
54.34
54.36
54.42
54.47
54.56
54.70
54.72
54.72
54.75
54.79
54.86
54.86
54.89
55.04
55.05
55.09
55.09
55.09
55.12
55.27
55.43
55.43
55.46
55.47
55.51
55.51
55.53
55.60
55.61
55.62
55.63
55.67
55.71
55.84
55.89
55.90
55.97
55.97
55.98
55.98
55.99
56.03
56.09
56.11
56.13
56.14
56.19
56.22
56.24
56.27
56.30
56.31
56.37
56.39
56.47
56.54
56.60
56.61
56.64
56.68
56.71
56.73
56.75
56.75
56.88
56.90
56.92
56.94
56.97
56.98
57.00
57.01
57.03
57.09
57.09
57.22
57.27
57.30
57.32
57.34
57.34
57.35
57.41
57.50
57.51
57.52
57.53
57.58
57.60
57.65
57.67
57.69
57.70
57.70
57.79
57.84
57.89
57.91
57.93
57.95
57.98
58.00
58.00
58.02
58.11
58.11
58.11
58.12
58.13
58.16
58.17
58.23
58.24
58.25
58.26
58.28
58.30
58.32
58.33
58.34
58.36
58.42
58.54
58.63
58.65
58.68
58.69
58.70
58.74
58.76
58.81
58.83
58.83
58.86
58.88
58.89
58.89
58.89
58.93
58.94
59.00
59.04
59.06
59.08
59.15
59.32
59.32
59.34
59.36
59.37
59.37
59.40
59.56
59.56
59.59
59.63
59.68
59.71
59.71
59.73
59.75
59.82
59.83
59.88
59.91
59.94
60.00
60.05
60.13
60.14
60.24
60.31
60.33
60.37
60.43
60.51
60.54
60.56
60.77
60.78
60.79
60.88
60.89
60.96
60.97
61.01
61.14
61.17
61.20
61.22
61.35
61.48
61.59
61.60
61.61
61.62
61.72
61.80
61.88
61.89
61.95
62.01
62.04
62.04
62.05
62.06
62.06
62.09
62.22
62.23
62.30
62.35
62.36
62.36
62.45
62.55
62.55
62.70
62.70
62.70
62.72
62.79
62.80
62.81
62.84
62.86
62.86
62.86
62.90
62.92
62.96
62.99
63.01
63.09
63.16
63.21
63.21
63.28
63.29
63.31
63.41
63.46
63.46
63.55
63.56
63.58
63.60
63.61
63.61
63.61
63.65
63.70
63.75
63.76
63.79
63.81
63.81
63.86
63.93
63.99
64.00
64.02
64.09
64.15
64.19
64.20
64.24
64.29
64.33
64.33
64.37
64.40
64.41
64.44
64.45
64.47
64.53
64.53
64.59
64.63
64.75
64.90
64.94
64.95
65.03
65.03
65.04
65.05
65.10
65.13
65.17
65.20
65.20
65.24
65.25
65.33
65.45
65.45
65.55
65.57
65.59
65.63
65.67
65.68
65.72
65.83
65.86
65.89
65.89
65.96
65.99
66.01
66.01
66.14
66.19
66.22
66.24
66.25
66.30
66.36
66.38
66.46
66.47
66.49
66.50
66.54
66.60
66.61
66.64
66.65
66.72
66.79
66.88
66.91
66.95
66.99
66.99
67.01
67.04
67.06
67.20
67.28
67.29
67.30
67.31
67.31
67.33
67.35
67.43
67.46
67.50
67.51
67.56
67.57
67.57
67.58
67.70
67.74
67.81
67.93
67.93
67.99
68.25
68.26
68.26
68.30
68.35
68.39
68.48
68.53
68.56
68.57
68.61
68.63
68.73
68.77
68.78
68.91
68.99
69.09
69.12
69.18
69.26
69.32
69.36
69.47
69.47
69.50
69.57
69.57
69.61
69.66
69.75
69.81
69.90
69.92
69.92
69.94
70.07
70.15
70.19
70.20
70.29
70.36
70.52
70.65
70.74
70.76
70.78
70.79
70.82
70.87
70.88
70.97
70.99
71.03
71.03
71.11
71.11
71.11
71.23
71.29
71.31
71.33
71.35
71.39
71.44
71.44
71.45
71.53
71.54
71.58
71.61
71.68
71.70
71.75
71.78
71.78
71.87
71.87
71.88
71.94
71.95
71.97
72.01
72.02
72.03
72.09
72.14
72.15
72.17
72.21
72.29
72.30
72.32
72.38
72.41
72.43
72.45
72.48
72.49
72.59
72.64
72.76
72.81
72.82
72.84
72.84
72.91
72.92
72.93
72.97
72.98
73.01
73.10
73.21
73.23
73.27
73.31
73.33
73.33
73.41
73.43
73.57
73.58
73.61
73.71
73.82
73.83
73.87
73.91
73.94
74.13
74.26
74.31
74.31
74.32
74.34
74.34
74.35
74.60
74.63
74.71
74.75
74.76
74.78
74.92
74.95
74.95
74.96
75.02
75.04
75.04
75.05
75.07
75.12
75.15
75.18
75.21
75.40
75.40
75.51
75.52
75.62
75.63
75.64
75.75
75.77
75.78
75.89
75.90
75.96
76.06
76.10
76.21
76.22
76.30
76.39
76.41
76.42
76.44
76.50
76.53
76.57
76.61
76.70
76.72
76.77
76.82
76.83
76.86
76.86
76.87
76.87
76.90
76.92
76.94
76.95
77.10
77.19
77.19
77.20
77.25
77.26
77.27
77.30
77.30
77.48
77.58
77.64
77.64
77.66
77.68
77.69
77.73
77.73
77.75
77.77
77.88
77.96
78.00
78.11
78.15
78.18
78.26
78.27
78.49
78.61
78.61
78.62
78.63
78.67
78.84
78.85
78.89
79.00
79.02
79.12
79.17
79.20
79.21
79.30
79.46
79.53
79.55
79.55
79.57
79.61
79.64
79.65
79.67
79.68
79.69
79.70
79.75
79.78
79.78
79.95
79.96
80.05
80.07
80.07
80.12
80.25
80.29
80.30
80.31
80.32
80.36
80.37
80.42
80.44
80.54
80.56
80.59
80.76
80.76
80.84
80.87
80.91
80.92
81.05
81.07
81.36
81.39
81.39
81.47
81.48
81.49
81.55
81.65
81.65
81.67
81.78
81.79
81.80
81.83
81.87
81.89
81.92
81.93
82.05
82.07
82.15
82.24
82.29
82.34
82.46
82.49
82.51
82.54
82.58
82.58
82.65
82.74
82.76
82.78
82.86
82.87
82.92
82.93
82.95
82.97
82.98
82.98
83.00
83.03
83.09
83.13
83.24
83.26
83.42
83.42
83.48
83.51
83.53
83.55
83.56
83.57
83.63
83.63
83.67
83.83
83.84
83.91
83.93
83.94
83.97
84.05
84.08
84.19
84.23
84.24
84.38
84.40
84.46
84.46
84.48
84.66
84.68
84.70
84.70
84.83
84.91
84.92
84.95
85.04
85.22
85.24
85.25
85.30
85.31
85.33
85.49
85.53
85.60
85.65
85.67
85.68
85.70
85.74
85.74
85.75
85.77
85.78
85.84
85.89
85.90
85.91
85.93
85.95
86.01
86.04
86.07
86.08
86.10
86.11
86.16
86.17
86.28
86.37
86.51
86.69
86.73
86.74
86.78
86.85
86.86
86.87
86.90
87.05
87.05
87.13
87.14
87.17
87.17
87.18
87.19
87.21
87.24
87.27
87.29
87.31
87.38
87.38
87.40
87.41
87.49
87.49
87.49
87.53
87.53
87.54
87.58
87.61
87.64
87.76
87.86
87.88
87.92
87.98
87.98
88.00
88.11
88.15
88.18
88.19
88.20
88.26
88.29
88.32
88.38
88.40
88.41
88.43
88.52
88.52
88.55
88.56
88.58
88.73
88.74
88.76
88.83
88.98
89.03
89.05
89.10
89.14
89.18
89.27
89.30
89.31
89.31
89.34
89.41
89.42
89.46
89.58
89.59
89.60
89.60
89.63
89.67
89.68
89.70
89.76
89.77
89.82
89.85
89.88
89.95
89.96
89.96
90.05
90.15
90.15
90.16
90.19
90.20
90.31
90.32
90.35
90.36
90.45
90.49
90.50
90.55
90.64
90.66
90.80
90.82
90.85
91.12
91.30
91.31
91.36
91.36
91.41
91.43
91.44
91.51
91.52
91.55
91.59
91.61
91.62
91.66
91.66
91.67
91.67
91.71
91.78
91.90
91.93
91.99
92.00
92.05
92.15
92.24
92.30
92.31
92.32
92.33
92.49
92.54
92.55
92.57
92.67
92.69
92.71
92.72
92.75
92.80
92.82
92.83
93.09
93.12
93.25
93.27
93.38
93.49
93.92
93.92
93.95
93.95
93.98
94.00
94.01
94.03
94.08
94.09
94.13
94.15
94.15
94.34
94.41
94.42
94.43
94.54
94.55
94.62
94.63
94.72
94.73
94.79
94.83
94.87
94.93
95.06
95.16
95.18
95.53
95.57
95.59
95.64
95.66
95.77
95.88
96.19
96.22
96.25
96.31
96.58
96.74
96.74
96.87
96.89
96.94
97.06
97.13
97.16
97.35
97.43
97.43
97.48
97.58
97.66
97.76
97.77
97.81
97.82
97.94
98.01
98.02
98.04
98.08
98.10
98.15
98.17
98.19
98.23
98.27
98.32
98.35
98.42
98.53
98.57
98.61
98.68
98.69
98.84
98.89
98.90
98.91
98.95
99.01
99.02
99.02
99.06
99.07
99.13
99.17
99.20
99.29
99.36
99.40
99.43
99.44
99.58
99.60
99.61
99.68
99.78
99.81
99.83
99.87
99.88
99.90
99.94
100.06
100.13
100.13
100.16
100.23
100.26
100.28
100.38
100.45
100.46
100.66
100.71
100.75
100.81
100.83
100.84
100.84
100.86
100.87
100.88
100.91
101.09
101.11
101.15
101.16
101.25
101.27
101.29
101.33
101.34
101.40
101.45
101.60
101.63
101.64
101.69
101.70
101.77
101.83
101.83
101.83
101.85
101.87
101.88
101.93
101.96
101.98
102.07
102.08
102.09
102.17
102.24
102.27
102.46
102.46
102.52
102.53
102.55
102.56
102.63
102.76
102.86
102.89
103.18
103.20
103.20
103.32
103.39
103.43
103.45
103.49
103.50
103.53
103.57
103.65
103.75
103.84
103.84
103.87
103.91
103.92
103.98
104.00
104.06
104.09
104.11
104.12
104.20
104.23
104.33
104.35
104.41
104.42
104.43
104.44
104.49
104.54
104.56
104.66
104.67
104.74
104.78
104.79
104.83
104.84
104.95
105.03
105.11
105.17
105.18
105.20
105.21
105.27
105.40
105.44
105.49
105.55
105.56
105.58
105.60
105.68
105.68
105.77
105.89
105.90
106.10
106.10
106.12
106.16
106.21
106.22
106.23
106.52
106.67
106.69
106.70
106.72
106.78
106.82
106.93
106.99
107.07
107.15
107.21
107.26
107.27
107.30
107.33
107.51
107.54
107.54
107.57
107.62
107.63
107.63
107.64
107.66
107.77
107.81
107.81
107.92
107.93
107.95
108.00
108.03
108.07
108.16
108.17
108.25
108.27
108.28
108.46
108.57
108.63
108.69
108.74
108.77
108.78
108.80
108.81
108.85
108.87
108.91
108.92
108.93
108.94
108.97
108.98
109.16
109.17
109.20
109.58
109.65
109.70
109.70
109.74
109.98
110.05
110.05
110.09
110.09
110.13
110.25
110.31
110.41
110.48
110.53
110.71
110.72
110.74
110.79
110.83
110.86
110.88
111.02
111.03
111.09
111.09
111.16
111.19
111.22
111.27
111.32
111.39
111.40
111.41
111.53
111.53
111.54
111.62
111.68
112.00
112.11
112.15
112.19
112.30
112.32
112.36
112.39
112.40
112.53
112.53
112.67
112.86
112.95
112.96
112.96
113.01
113.14
113.23
113.24
113.29
113.30
113.31
113.32
113.51
113.79
113.93
113.95
113.97
113.97
114.00
114.11
114.13
114.28
114.34
114.44
114.51
114.53
114.55
114.64
114.66
114.67
114.76
114.84
114.88
115.06
115.08
115.15
115.19
115.20
115.27
115.34
115.39
115.43
115.43
115.44
115.47
115.48
115.50
115.56
115.57
115.75
115.80
115.80
115.93
116.02
116.09
116.11
116.13
116.15
116.23
116.34
116.54
116.58
116.73
116.74
116.76
116.80
116.94
117.10
117.11
117.18
117.19
117.32
117.39
117.40
117.61
117.67
117.76
117.82
117.90
117.90
117.91
117.93
117.94
117.96
118.00
118.04
118.08
118.22
118.27
118.31
118.34
118.36
118.44
118.47
118.65
118.68
118.86
118.94
118.95
119.04
119.18
119.25
119.25
119.29
119.34
119.43
119.47
119.52
119.52
119.64
119.68
119.73
119.74
119.83
119.89
119.93
120.07
120.29
120.31
120.32
120.34
120.35
120.39
120.43
120.45
120.54
120.58
120.61
120.62
120.66
120.69
120.76
120.80
120.83
120.84
120.89
120.96
121.00
121.40
121.42
121.55
121.60
121.66
121.89
122.10
122.12
122.13
122.14
122.15
122.35
122.42
122.47
122.57
122.59
122.75
122.79
122.91
122.92
122.97
123.15
123.26
123.29
123.47
123.68
123.72
123.74
123.82
123.92
123.92
123.97
123.97
124.06
124.07
124.14
124.16
124.16
124.16
124.19
124.28
124.36
124.39
124.54
124.68
124.71
124.77
124.78
124.85
124.99
125.02
125.16
125.19
125.27
125.34
125.40
125.54
125.59
125.62
125.87
125.89
125.98
126.06
126.08
126.15
126.30
126.42
126.43
126.47
126.64
126.93
127.01
127.03
127.28
127.36
127.37
127.50
127.52
127.57
127.66
127.82
127.90
127.97
128.03
128.06
128.07
128.13
128.30
128.53
128.56
128.62
128.70
128.76
128.78
128.81
129.04
129.22
129.23
129.36
129.36
129.38
129.39
129.48
129.66
129.68
129.75
129.84
129.99
130.00
130.04
130.17
130.17
130.22
130.29
130.39
130.40
130.65
130.68
130.73
130.76
130.77
130.90
130.91
130.99
131.03
131.10
131.14
131.21
131.24
131.27
131.28
131.33
131.39
131.39
131.53
131.84
132.21
132.22
132.38
132.41
132.46
132.56
132.65
132.68
132.77
132.87
132.91
132.96
133.01
133.05
133.07
133.15
133.21
133.25
133.42
133.46
133.47
133.51
133.51
133.53
133.54
133.57
133.60
133.66
133.67
133.71
133.77
133.78
133.85
134.06
134.11
134.17
134.47
134.48
134.64
134.65
134.69
134.75
135.06
135.09
135.21
135.40
135.46
135.70
135.73
135.77
135.94
135.97
136.13
136.38
136.39
136.51
136.54
136.58
136.65
136.77
136.85
136.85
136.90
136.91
136.98
137.16
137.27
137.52
137.53
137.60
137.67
137.88
137.91
138.19
138.22
138.27
138.38
138.45
138.46
138.56
138.67
138.69
138.84
138.90
138.91
138.95
139.02
139.05
139.23
139.32
139.39
139.53
139.65
139.82
139.83
139.85
139.93
140.01
140.18
140.21
140.32
140.50
140.51
140.62
140.68
140.75
140.79
140.80
140.81
141.12
141.17
141.23
141.29
141.30
141.35
141.41
141.43
141.57
141.64
141.67
141.80
141.82
141.90
141.97
142.01
142.27
142.28
142.30
142.34
142.44
142.51
142.71
142.74
142.89
142.97
143.00
143.04
143.06
143.08
143.13
143.13
143.20
143.36
143.44
143.47
143.63
143.75
143.98
144.00
144.28
144.31
144.32
144.46
144.48
144.52
144.57
144.67
144.72
144.72
144.90
145.04
145.29
145.34
145.47
145.53
145.73
145.80
145.94
145.98
146.00
146.03
146.18
146.26
146.32
146.50
146.56
146.87
146.88
146.94
147.01
147.13
147.41
147.66
147.74
147.88
147.88
147.91
148.00
148.09
148.10
148.24
148.49
148.51
148.58
148.58
148.60
148.82
148.87
149.03
149.04
149.07
149.14
149.25
149.27
149.32
149.34
149.36
149.42
149.45
149.56
149.71
149.90
149.95
149.95
150.20
150.33
150.40
150.49
150.52
150.57
150.59
150.61
150.62
150.67
150.81
150.84
151.01
151.07
151.15
151.46
151.52
151.56
151.65
151.75
151.83
152.03
152.03
152.10
152.13
152.22
152.28
152.31
152.33
152.40
152.42
152.59
152.60
152.66
152.74
152.94
153.04
153.11
153.14
153.34
153.39
153.63
153.73
153.75
153.85
154.13
154.26
154.46
154.67
154.69
154.89
154.96
155.10
155.23
155.34
155.42
155.77
155.81
155.85
156.17
156.24
156.53
156.82
156.87
156.88
156.91
157.12
157.45
157.54
157.54
157.63
157.66
157.66
157.82
157.82
157.85
157.92
158.16
158.22
158.26
158.26
158.52
158.82
158.95
159.28
159.44
159.46
159.55
159.69
159.73
159.79
159.89
159.89
159.99
160.05
160.20
160.61
160.93
160.94
160.97
161.18
161.39
161.50
161.67
161.92
161.97
162.04
162.08
162.09
162.10
162.28
162.35
162.45
162.48
162.48
162.54
162.61
162.63
162.69
162.75
163.46
163.52
163.63
163.85
163.87
163.94
163.97
164.03
164.06
164.07
164.13
164.38
164.39
164.62
164.88
164.91
164.98
164.99
165.07
165.08
165.09
165.21
165.22
165.25
165.26
165.29
165.33
165.34
165.65
165.71
165.80
165.84
165.84
165.91
165.95
165.99
166.24
166.36
166.38
166.46
166.52
166.61
166.67
166.71
166.79
166.86
166.93
166.98
167.12
167.49
167.63
167.84
167.94
168.17
168.18
168.59
168.62
168.66
168.67
168.68
168.77
168.83
169.00
169.08
169.36
169.39
169.49
169.55
169.56
169.69
169.79
169.81
170.09
170.09
170.20
170.20
170.38
170.51
170.87
170.95
170.95
170.95
171.02
171.05
171.12
171.12
171.28
171.32
171.44
171.51
171.65
171.79
171.82
171.86
171.88
171.89
171.93
171.96
171.99
171.99
172.03
172.10
172.43
172.69
172.70
172.77
172.80
173.01
173.04
173.09
173.50
173.51
173.53
173.67
173.86
173.98
174.02
174.10
174.26
174.37
174.55
174.99
175.04
175.18
175.36
175.38
175.39
175.41
175.42
175.52
175.56
175.73
175.74
175.75
175.75
175.81
175.84
175.88
176.13
176.16
176.21
176.31
176.75
176.93
176.97
177.16
177.28
177.39
177.42
177.52
177.53
177.73
177.80
178.01
178.03
178.06
178.06
178.21
178.32
178.51
178.58
178.61
178.72
178.90
179.02
179.03
179.21
179.27
179.28
179.30
179.66
179.77
179.79
179.97
180.08
180.10
180.20
180.21
180.24
180.34
180.38
180.43
180.44
180.55
180.90
180.91
180.99
180.99
181.08
181.15
181.17
181.19
181.34
181.52
181.70
182.27
182.45
182.66
182.94
183.25
183.29
183.37
183.43
183.50
183.52
183.53
183.65
183.71
183.72
183.89
184.00
184.07
184.10
184.14
184.14
184.14
184.15
184.38
184.43
184.43
184.45
184.99
185.16
185.22
185.29
185.35
185.36
185.76
185.83
185.89
185.94
186.07
186.16
186.23
186.45
186.71
186.72
186.87
186.88
186.93
187.05
187.05
187.10
187.18
187.19
187.25
187.28
187.42
187.43
187.72
187.76
187.77
187.86
188.44
188.89
188.95
188.99
189.22
189.28
189.43
189.70
189.81
189.83
190.08
190.23
190.32
190.48
190.66
190.71
190.81
191.00
191.16
191.30
191.30
191.41
191.43
191.44
191.49
191.72
191.73
191.85
192.18
192.29
192.34
192.46
192.52
192.55
192.59
192.65
192.66
192.69
193.03
193.25
193.34
193.34
193.40
193.50
193.79
193.88
194.00
194.21
194.37
194.53
194.59
194.81
194.83
194.90
194.95
194.99
195.03
195.04
195.37
195.45
195.47
195.49
195.61
196.01
196.44
196.49
196.51
196.70
196.77
196.79
197.03
197.17
197.19
197.42
197.56
197.65
197.70
197.85
197.92
197.99
198.03
198.20
198.24
198.39
198.54
198.62
199.06
199.19
199.38
199.45
199.47
199.49
199.54
199.68
199.70
199.92
200.13
200.17
200.24
200.24
200.32
200.40
200.52
200.85
200.96
200.98
201.04
201.13
201.27
201.27
201.51
201.54
201.77
201.84
201.92
202.03
202.29
202.42
202.56
202.69
202.75
202.94
203.05
203.40
203.47
203.47
203.57
203.70
203.71
203.86
203.94
203.96
203.98
204.09
204.20
204.24
204.50
204.54
204.59
204.69
205.09
205.42
205.60
205.60
205.62
205.64
205.90
205.91
205.97
206.05
206.28
206.34
206.38
206.49
206.59
206.61
206.61
206.67
206.67
206.69
206.74
206.86
206.94
207.05
207.07
207.23
207.39
207.42
207.57
207.62
207.82
207.86
207.87
208.09
208.20
208.24
208.39
208.51
208.72
208.78
208.92
209.02
209.16
209.20
209.50
209.52
209.57
209.80
209.94
209.95
209.96
210.14
210.22
210.24
210.31
210.35
210.42
210.43
210.65
210.76
210.93
211.00
211.03
211.17
211.21
211.44
211.60
211.61
211.72
211.95
211.96
212.18
212.33
212.41
212.47
212.61
212.71
212.74
212.96
213.14
213.37
213.41
213.64
213.83
213.93
213.93
214.02
214.06
214.27
214.47
214.47
214.56
214.91
215.04
215.07
215.10
215.20
215.29
215.33
215.43
215.52
215.62
215.64
215.82
215.90
215.92
215.97
216.02
216.23
216.27
216.47
216.79
216.93
217.13
217.19
217.19
217.33
217.57
218.34
218.35
218.40
218.56
218.56
218.58
218.58
218.78
218.79
218.80
218.85
218.95
218.98
219.30
219.46
219.50
219.52
219.65
219.91
220.31
220.31
220.40
220.68
220.72
220.77
220.77
220.77
220.86
220.87
220.97
220.99
221.28
221.46
221.48
221.50
221.64
221.71
221.77
222.05
222.08
222.21
222.25
222.30
222.34
222.41
222.41
222.55
222.59
222.85
222.86
223.07
223.43
223.54
223.60
223.74
223.87
223.97
224.24
224.44
224.75
224.80
224.98
224.99
225.00
225.09
225.15
225.17
225.35
225.40
225.54
225.62
225.84
226.20
226.23
226.38
226.62
226.63
226.85
227.15
227.38
227.44
227.58
228.30
228.31
228.68
228.81
229.63
229.70
230.26
230.41
230.44
230.66
230.78
231.02
231.03
231.05
231.34
231.39
231.40
231.63
231.75
231.82
231.84
231.90
231.97
232.00
232.06
232.11
232.22
232.40
232.59
232.66
232.79
233.15
233.19
233.21
233.73
233.90
233.95
234.66
234.67
234.68
235.20
235.33
235.55
235.91
235.96
235.99
236.16
236.93
236.94
236.95
237.05
237.34
237.67
237.70
237.74
237.75
237.78
238.03
238.19
238.22
238.28
238.58
238.80
238.94
239.04
239.09
239.16
239.28
239.52
239.74
239.74
239.80
239.99
240.09
240.12
240.23
240.61
241.35
241.49
241.54
242.12
242.14
242.28
242.35
242.52
242.97
243.21
243.31
243.35
243.52
243.85
243.89
243.97
244.11
244.13
244.23
244.29
244.73
245.27
245.44
245.70
245.80
246.06
246.37
246.57
246.57
246.87
246.94
247.07
247.23
247.30
247.37
247.61
247.66
247.75
247.85
247.94
248.02
248.24
248.40
248.45
248.56
248.72
248.96
249.13
249.54
249.57
249.71
249.81
250.03
250.05
250.44
250.84
251.27
251.98
252.36
252.45
252.87
253.12
253.25
253.30
253.38
253.47
253.68
253.78
253.85
253.89
253.94
253.94
254.02
254.14
254.14
254.61
254.73
255.07
255.15
255.38
255.38
255.48
255.53
255.67
255.77
256.24
256.30
256.32
256.39
256.96
257.03
257.10
257.30
257.36
257.52
257.61
258.02
258.03
258.05
258.08
258.20
258.25
258.40
258.48
258.53
258.57
258.80
258.84
258.91
259.01
259.03
259.13
259.28
259.81
259.98
260.49
260.61
260.96
261.22
261.27
261.33
261.37
261.55
261.56
261.62
261.63
261.67
261.71
261.90
262.03
262.12
262.14
262.34
262.43
262.60
262.71
262.72
262.76
262.79
262.83
262.95
263.06
263.13
263.23
263.38
263.41
263.94
263.97
264.18
264.36
264.47
264.53
264.58
265.13
265.14
265.74
265.79
266.02
266.11
266.19
266.49
266.61
266.79
266.81
267.11
267.49
267.61
267.64
267.78
267.79
267.80
268.07
268.10
268.15
268.26
268.27
268.35
268.45
268.45
268.49
268.86
268.93
269.09
269.52
269.63
269.87
270.58
270.76
270.76
270.86
270.88
270.92
270.95
271.10
271.48
271.56
271.61
271.64
271.90
272.02
272.31
272.36
272.81
273.27
273.38
273.51
273.87
273.93
273.95
274.10
274.21
274.61
274.72
274.88
275.33
275.41
276.06
276.14
276.20
276.57
276.62
276.93
277.02
277.38
277.63
277.72
277.92
278.03
278.18
278.29
278.52
278.92
278.93
278.99
279.13
279.18
279.21
279.31
279.36
279.43
279.56
279.74
279.78
280.39
280.93
281.24
281.33
281.39
281.44
281.45
281.58
281.86
282.16
282.22
282.27
282.43
282.66
282.69
282.75
282.91
283.00
283.13
283.37
283.50
283.65
283.71
284.22
284.26
284.50
284.61
284.64
284.65
284.80
284.84
285.42
285.56
285.70
285.86
286.05
286.17
286.18
286.22
286.33
286.40
286.69
286.86
287.16
287.27
287.28
287.50
287.60
287.70
287.77
288.00
288.14
288.15
289.18
289.24
289.34
289.68
289.72
289.99
290.26
290.33
290.36
290.39
290.55
290.76
290.79
290.94
291.42
291.43
291.44
291.46
291.68
292.10
292.18
292.31
292.63
292.77
292.81
292.86
292.93
293.35
293.41
293.47
293.61
293.62
293.63
293.81
293.91
294.15
294.94
295.26
295.29
295.39
295.49
295.53
295.71
295.84
295.84
295.94
296.82
297.09
297.29
297.54
297.64
297.69
298.26
298.33
298.51
298.55
298.57
298.80
299.19
299.31
299.53
299.71
299.72
299.72
299.75
299.75
299.86
299.97
299.99
300.20
300.58
300.68
300.75
300.82
300.90
300.90
300.93
301.04
301.32
301.41
301.61
301.63
301.97
302.24
302.32
302.76
302.98
303.21
303.39
304.20
304.55
304.60
304.95
305.42
305.78
306.02
306.29
306.42
306.57
306.60
306.69
306.77
306.89
307.05
307.10
307.30
307.46
307.76
307.79
307.82
308.02
308.29
308.81
308.90
308.91
309.27
309.37
309.76
309.79
309.85
310.04
310.21
310.72
310.94
310.97
311.09
311.10
311.12
311.18
311.40
311.43
311.46
311.55
311.76
311.76
312.04
312.22
312.31
312.54
312.69
312.78
313.05
313.24
313.45
314.04
314.06
314.49
314.68
314.75
314.77
315.47
315.61
315.63
315.66
315.79
316.06
316.21
316.49
317.76
317.77
318.10
318.13
318.26
318.72
318.98
319.25
319.42
319.57
319.65
320.02
320.63
320.65
321.03
321.04
321.34
321.55
321.81
321.84
321.96
322.01
322.12
322.29
322.65
322.79
322.87
323.57
324.03
324.14
324.29
324.33
324.48
324.53
324.59
324.68
325.29
325.29
325.52
325.77
325.77
325.92
326.41
326.90
327.06
327.11
327.16
327.23
327.30
327.55
327.59
327.83
327.93
328.18
328.21
328.59
328.70
328.75
328.85
329.53
329.95
330.02
330.17
330.22
330.47
330.72
330.92
331.09
331.34
331.40
331.72
331.82
332.08
332.46
332.49
332.55
332.56
332.85
333.03
333.56
333.56
333.60
333.66
333.70
333.79
333.82
334.13
334.23
334.34
334.60
334.77
335.19
335.35
335.39
335.41
336.01
336.34
336.48
336.50
336.54
336.68
336.94
336.97
336.97
337.02
337.36
337.57
337.60
337.72
338.13
338.17
338.30
338.70
338.78
339.93
340.12
340.20
340.52
340.59
340.62
340.75
340.79
340.96
341.02
341.33
341.37
341.89
342.22
342.29
342.43
342.69
342.88
343.43
343.90
343.94
343.95
344.09
344.10
344.60
344.68
344.89
344.90
345.11
345.67
345.92
347.04
347.29
347.50
347.82
347.89
347.95
348.31
348.43
348.49
348.66
348.95
349.46
349.47
349.75
350.16
350.33
350.46
351.34
351.41
351.43
351.46
351.51
351.55
351.69
352.40
352.61
352.98
353.35
353.48
353.49
353.58
353.96
353.97
354.05
354.36
354.76
354.85
354.89
355.11
355.22
355.23
355.36
355.46
355.48
355.52
355.67
356.18
356.23
356.23
356.51
356.61
356.70
357.17
357.27
357.68
357.73
357.82
357.90
358.08
358.88
359.06
359.09
359.37
359.72
360.02
360.56
360.61
360.83
361.01
361.07
361.90
361.97
361.98
362.16
362.80
363.06
363.61
363.64
363.66
363.66
364.01
364.17
364.27
364.73
364.79
364.87
364.91
365.26
365.44
365.52
365.75
366.26
366.30
366.44
366.90
367.39
367.51
367.59
367.64
368.14
368.30
368.67
368.82
368.83
369.00
369.05
369.27
369.33
369.58
369.69
369.95
369.96
370.47
370.86
370.88
370.96
371.06
371.40
371.43
371.58
371.83
371.86
371.88
372.08
372.17
372.20
372.52
372.52
372.66
372.76
372.92
372.94
373.82
374.07
374.22
374.40
375.26
375.38
375.73
375.88
375.92
376.69
376.89
376.93
377.24
377.32
377.38
377.39
377.54
377.56
378.41
378.58
378.64
378.83
378.92
378.99
378.99
379.30
379.62
379.97
379.99
380.49
380.60
380.60
380.68
380.78
380.88
380.97
381.02
381.75
381.87
381.89
382.33
382.68
382.73
382.95
382.97
383.19
383.32
383.34
383.65
383.80
384.93
385.92
386.02
386.24
386.55
386.80
387.06
387.85
388.01
388.31
388.46
389.27
389.30
389.30
389.46
389.62
389.67
389.71
389.89
390.30
390.33
390.38
390.62
390.83
391.22
391.27
391.28
392.03
392.77
392.81
392.85
392.98
393.09
393.35
393.37
393.40
393.70
394.13
394.25
394.40
394.50
394.50
394.57
394.84
395.02
395.14
395.25
395.57
395.68
396.22
396.25
396.25
396.31
396.35
396.44
397.01
397.04
397.32
397.60
397.65
398.26
398.45
398.50
399.08
399.17
399.21
399.67
399.86
399.94
399.94
400.16
400.17
400.43
400.86
401.68
401.80
402.65
402.96
403.00
403.32
403.73
403.76
403.85
404.63
404.73
405.15
405.87
406.19
406.23
406.29
406.58
407.58
407.74
407.80
407.94
407.98
408.03
408.37
408.47
408.49
408.89
409.07
409.09
409.11
409.52
409.64
409.99
410.07
410.11
410.25
410.54
410.78
411.03
411.52
411.53
411.71
411.92
411.98
412.42
412.50
412.77
413.43
413.95
414.19
414.42
414.49
414.59
414.86
415.05
415.59
416.59
416.82
417.12
417.49
417.56
417.65
417.67
417.73
418.04
418.11
418.29
418.73
418.94
419.29
419.32
419.61
419.73
419.88
420.04
420.43
420.47
420.59
420.73
420.91
421.65
421.84
421.87
421.98
422.49
422.50
422.60
422.66
422.68
422.78
422.80
423.17
423.39
424.23
424.33
424.65
424.99
425.04
425.42
425.70
425.92
426.33
426.60
427.77
427.79
428.04
428.68
428.95
429.74
429.77
429.96
430.45
430.66
431.13
431.43
431.50
431.59
432.24
432.38
432.55
432.82
432.86
433.07
434.48
435.36
435.43
435.54
435.64
435.87
436.19
436.28
436.28
436.84
437.18
437.52
438.02
438.13
438.68
439.41
439.64
440.40
440.56
440.64
441.25
441.82
442.00
442.56
442.74
442.82
442.97
443.41
443.68
443.71
443.76
444.01
444.07
444.66
444.90
444.98
445.14
445.23
445.52
445.69
445.89
446.01
446.05
446.48
446.86
447.47
447.51
447.93
448.01
448.08
448.08
448.55
448.73
449.19
449.27
449.35
449.50
449.63
450.30
450.30
450.30
450.72
451.52
451.58
451.68
451.81
451.98
452.17
452.25
452.27
452.27
452.30
452.44
452.52
452.56
453.00
453.40
453.51
453.52
453.64
453.79
453.84
453.90
453.99
454.13
454.31
454.31
454.82
454.93
454.96
455.75
456.00
456.06
456.22
456.93
457.14
457.58
457.92
458.01
459.14
459.45
459.64
459.73
459.74
459.81
459.98
460.19
460.40
462.00
462.01
462.04
462.60
462.76
462.80
462.85
463.25
463.28
464.07
464.47
464.66
464.71
464.84
465.95
466.23
466.34
466.41
466.90
467.67
467.97
467.97
468.29
468.34
468.46
468.73
468.88
469.25
469.31
469.83
469.91
470.44
470.73
470.80
470.85
470.97
471.06
471.07
471.86
471.92
472.16
472.26
472.50
473.06
473.22
473.77
473.77
473.94
474.27
474.27
474.47
474.75
474.82
474.96
475.09
475.14
475.35
475.49
475.75
475.95
476.23
476.32
476.58
476.84
476.97
477.02
477.29
477.51
477.57
478.38
478.50
478.53
478.73
478.84
478.91
478.92
479.59
479.74
480.19
480.82
480.84
481.22
481.61
481.75
482.55
483.13
483.51
483.83
484.62
485.06
485.50
486.34
486.37
486.44
486.47
486.54
486.57
486.81
486.95
487.10
487.15
487.17
488.02
488.42
488.55
489.08
489.27
490.48
491.49
491.86
491.90
492.42
492.57
492.75
493.17
493.21
493.41
493.45
493.45
493.49
493.63
494.37
494.50
494.76
494.88
494.98
495.10
495.17
495.38
496.27
497.36
498.12
498.27
498.42
498.84
499.00
499.11
500.24
500.33
500.37
500.56
500.60
501.43
501.61
501.64
501.65
502.10
502.17
502.39
502.75
503.06
503.39
503.49
504.36
504.38
504.45
504.46
504.89
505.27
505.74
506.52
507.13
507.45
507.52
507.56
507.64
507.67
508.15
508.28
508.36
508.49
508.55
508.85
510.13
510.73
510.77
510.83
512.02
512.32
512.39
512.42
512.54
512.56
513.06
513.39
513.68
513.88
514.35
515.01
515.35
515.64
515.91
516.55
516.85
516.88
516.95
518.29
518.52
518.90
519.16
519.28
519.42
519.55
519.57
519.91
520.11
520.39
520.87
520.89
522.32
522.37
522.91
523.96
524.14
524.40
524.84
525.85
526.34
526.99
527.41
527.93
528.28
528.41
529.24
529.27
529.87
530.07
530.17
530.25
530.31
530.34
530.77
530.79
531.09
532.09
532.87
532.88
533.01
533.04
533.26
533.46
533.64
533.73
534.06
534.58
534.72
534.72
534.86
534.86
534.99
535.66
536.87
537.11
537.26
537.99
538.02
538.23
538.37
538.52
539.33
540.35
540.80
540.98
542.00
542.10
542.88
543.72
543.78
543.79
543.80
543.82
544.27
544.29
545.04
545.55
545.86
546.32
546.48
546.79
546.87
546.87
547.46
547.50
548.01
548.62
549.13
550.82
551.58
551.72
551.82
552.51
553.34
553.91
554.13
554.15
554.39
555.40
555.62
555.65
555.92
556.46
557.09
557.26
557.47
558.11
558.26
558.57
558.69
558.72
559.35
559.90
560.01
560.25
560.50
561.00
562.15
562.42
562.43
562.92
563.29
563.54
563.81
564.08
564.27
564.72
564.87
564.92
565.01
565.20
565.22
565.46
565.48
565.58
565.72
566.12
566.43
567.25
568.32
568.77
569.05
569.35
569.44
569.45
569.64
569.91
570.96
570.99
571.14
571.41
572.32
572.89
573.33
573.75
574.60
575.58
575.70
575.86
576.15
576.86
576.89
577.22
577.22
577.57
577.59
577.66
578.32
578.76
578.78
579.18
579.30
579.60
579.97
580.43
580.51
581.73
582.31
582.48
582.87
583.33
583.95
584.02
584.07
584.44
584.77
585.18
586.01
586.32
587.16
587.32
587.35
587.70
588.22
589.58
589.63
590.02
591.26
591.51
592.00
592.17
592.28
593.15
593.22
593.66
594.11
594.36
594.37
594.38
595.17
595.82
597.06
597.34
597.38
597.47
597.72
597.81
598.19
598.99
599.32
599.37
599.65
601.32
601.62
603.19
603.35
603.46
603.65
603.86
604.15
605.00
605.02
605.09
605.33
605.54
606.20
606.31
606.80
606.83
607.57
608.43
609.25
610.84
610.94
611.14
611.72
611.99
612.05
612.26
612.50
612.88
613.18
613.63
615.52
615.71
615.79
615.93
616.16
616.76
617.34
617.70
617.87
618.78
619.61
619.97
620.67
621.49
621.71
622.98
623.53
623.86
623.93
624.21
624.32
624.48
624.96
625.32
625.44
625.94
626.05
626.40
626.70
626.75
627.25
627.37
627.56
627.61
627.63
627.69
627.89
627.90
627.92
627.93
628.64
628.89
629.11
630.05
630.32
630.63
630.78
630.98
631.50
631.88
633.06
633.60
633.68
634.78
634.78
635.18
635.21
635.65
635.95
636.17
636.32
636.72
636.89
637.54
637.81
638.32
638.74
639.13
639.19
639.28
639.57
639.64
639.79
639.84
640.08
640.27
640.58
640.70
640.71
641.87
641.90
642.29
643.11
643.11
643.44
643.51
644.79
644.87
644.97
645.32
645.60
645.80
645.82
645.90
646.09
646.31
646.39
646.39
646.47
647.22
648.49
648.68
648.77
649.77
649.96
650.12
650.15
650.79
651.65
652.36
652.39
652.44
652.72
654.06
654.07
655.40
656.05
656.17
656.36
656.83
657.25
657.62
657.64
658.33
658.53
658.97
659.25
659.34
659.50
661.20
661.44
661.92
662.02
662.11
662.83
663.45
663.91
664.40
664.87
664.99
665.27
665.51
666.06
666.22
666.79
666.90
667.31
667.45
667.75
667.87
668.38
668.69
669.35
669.50
669.57
669.61
669.81
670.25
670.49
671.19
671.29
671.84
672.09
672.13
672.28
672.53
672.97
673.00
673.52
674.52
675.09
675.25
675.32
675.66
676.35
676.87
677.29
678.11
678.61
678.86
679.26
679.84
680.03
680.04
680.56
680.72
683.01
683.03
683.26
683.29
683.34
683.55
683.77
684.22
685.48
687.15
687.55
687.72
687.91
688.20
688.51
688.58
689.10
689.16
689.70
689.81
690.14
690.48
690.71
690.78
690.90
691.70
691.80
691.94
692.57
693.34
693.53
694.20
694.25
695.21
695.50
695.59
696.21
696.43
696.90
697.05
697.21
697.46
698.37
699.18
699.22
700.21
700.31
700.48
701.19
701.25
701.57
702.15
702.83
702.85
703.21
703.90
704.71
706.23
708.36
708.77
708.92
709.40
709.56
709.83
710.81
711.26
711.63
711.86
711.86
711.91
711.99
712.32
712.67
713.48
713.72
714.02
714.17
716.25
717.74
719.16
719.68
719.69
720.24
721.04
721.07
721.47
722.20
723.07
723.14
723.43
723.91
723.97
724.44
724.56
725.06
725.66
726.01
726.08
726.89
726.92
727.21
728.28
728.30
728.37
729.31
729.88
730.95
731.22
731.61
731.67
731.81
731.90
731.99
732.99
733.47
733.55
733.99
734.20
735.25
735.92
736.00
736.20
736.69
738.47
738.61
738.71
738.74
738.89
739.52
740.17
741.11
741.66
742.02
742.46
743.15
743.24
743.33
744.68
744.77
745.73
745.82
745.85
747.00
747.37
747.52
747.95
748.09
748.61
749.15
749.18
749.26
750.97
751.57
751.73
752.72
753.76
755.20
755.68
756.76
756.98
757.13
759.17
759.97
760.21
761.04
761.96
762.02
762.57
762.73
762.81
762.88
763.37
764.23
765.89
765.90
765.96
766.16
766.27
767.43
768.11
768.37
769.26
769.29
771.05
771.48
771.53
771.60
772.50
773.73
774.27
774.46
774.47
774.48
774.56
774.69
775.03
776.23
777.03
779.06
779.50
779.73
780.00
780.45
781.56
782.92
783.31
783.83
784.09
784.20
784.27
784.48
786.89
788.53
788.85
788.88
789.57
790.27
790.43
790.71
790.88
791.23
792.36
792.68
792.79
793.95
794.10
794.38
794.83
794.87
795.41
795.74
795.79
795.98
796.82
796.95
797.51
798.02
798.11
798.30
798.81
799.11
799.19
799.42
799.58
799.65
799.79
800.87
801.06
801.86
802.83
802.92
802.96
803.44
803.87
804.12
804.57
804.99
806.07
806.09
806.26
807.37
808.78
809.14
809.80
811.02
812.31
813.26
813.27
813.58
813.68
815.53
815.56
815.64
815.69
816.17
816.20
816.31
816.68
816.69
817.02
817.93
819.31
819.77
819.81
820.50
820.65
820.71
821.00
821.90
822.15
823.11
824.27
824.37
824.67
824.79
825.12
826.71
827.66
828.19
828.91
828.92
829.12
829.13
830.65
830.68
831.73
831.95
832.26
833.05
834.61
835.06
835.91
836.78
836.80
836.80
838.24
838.28
838.66
839.52
840.22
840.82
841.30
842.11
842.37
842.56
843.09
844.24
844.63
844.73
844.95
845.69
845.73
846.64
846.78
846.93
846.94
847.36
847.53
848.39
848.47
848.96
850.18
850.23
850.37
851.12
851.27
851.45
852.81
853.26
853.93
854.22
854.28
854.41
856.03
856.09
857.40
857.56
858.07
858.79
859.87
860.59
860.97
861.23
861.67
862.30
862.61
863.34
863.41
865.51
865.62
865.82
866.55
866.63
867.09
867.09
867.59
868.39
868.50
869.38
869.51
870.98
871.41
871.93
873.28
873.30
873.69
873.71
873.93
874.28
874.97
875.06
875.16
876.90
877.64
877.71
877.78
877.93
878.06
878.48
879.17
879.19
880.13
881.54
881.73
882.69
883.70
886.04
886.51
887.13
888.12
888.38
889.49
889.54
890.05
890.78
893.12
893.58
893.68
894.02
896.38
898.64
899.75
899.92
900.87
901.51
901.53
901.93
902.05
902.05
902.38
904.86
904.93
905.00
905.37
905.38
905.42
906.75
906.86
906.90
908.20
909.02
909.34
909.55
909.55
910.24
911.10
912.95
915.88
916.80
916.95
917.47
918.06
918.19
918.29
919.26
919.71
921.39
921.47
922.13
924.65
927.40
927.82
928.38
930.45
931.03
931.47
932.06
932.63
933.71
934.37
935.31
935.42
935.47
935.61
935.66
936.06
936.75
936.89
937.64
938.21
938.85
938.91
938.93
938.98
940.01
940.50
940.95
941.95
942.73
943.48
944.18
944.23
944.30
945.59
946.85
947.06
947.59
948.42
948.46
949.98
950.92
951.06
951.41
951.45
951.53
952.12
952.29
952.52
953.56
954.78
955.75
956.24
960.49
963.08
963.13
963.86
963.94
964.76
965.38
966.87
966.99
967.88
968.17
968.31
969.14
970.19
970.26
970.71
971.15
973.55
973.67
974.59
976.31
976.43
977.16
979.92
980.52
980.76
981.05
981.77
983.78
985.04
986.85
987.02
987.33
987.97
988.78
989.22
989.33
990.58
991.29
991.65
992.36
992.68
993.74
994.19
994.84
994.95
995.63
995.67
996.70
996.87
997.07
997.60
998.12
998.41
1000.10
1000.45
1001.60
1001.96
1002.90
1003.94
1004.58
1005.05
1005.27
1006.64
1007.22
1009.22
1010.28
1011.84
1012.05
1012.06
1014.44
1014.60
1015.70
1015.94
1016.66
1016.71
1018.03
1019.70
1019.91
1020.22
1021.40
1021.91
1022.01
1022.18
1022.29
1022.57
1023.34
1024.72
1024.79
1025.34
1025.87
1027.94
1028.12
1028.59
1028.83
1029.41
1029.88
1030.00
1030.35
1031.37
1033.18
1033.97
1034.09
1034.25
1034.62
1034.78
1035.20
1035.37
1036.32
1036.53
1036.71
1036.99
1037.69
1037.79
1038.00
1038.36
1039.45
1040.35
1040.39
1041.35
1042.49
1042.65
1042.79
1043.11
1043.96
1043.99
1045.34
1045.71
1047.04
1048.52
1048.62
1048.95
1049.79
1050.21
1050.76
1051.02
1051.15
1051.17
1051.51
1056.70
1056.71
1057.68
1057.78
1057.81
1058.19
1059.72
1061.77
1062.28
1063.23
1064.18
1065.61
1068.63
1069.70
1069.97
1070.30
1070.42
1070.78
1072.24
1072.39
1072.68
1073.39
1074.48
1074.50
1075.23
1076.78
1078.36
1078.92
1079.91
1080.55
1080.55
1080.70
1080.75
1081.43
1081.62
1081.83
1082.49
1082.59
1084.71
1085.46
1085.50
1085.88
1086.75
1087.34
1087.58
1087.75
1088.04
1088.25
1088.77
1088.87
1088.99
1089.11
1090.08
1091.03
1091.17
1092.59
1094.16
1095.61
1096.90
1099.67
1101.74
1102.52
1103.81
1103.88
1106.51
1108.13
1108.77
1108.91
1109.17
1109.54
1109.59
1110.22
1113.88
1114.77
1114.80
1117.75
1118.27
1118.41
1118.79
1119.03
1119.66
1121.13
1121.38
1121.49
1122.97
1123.97
1125.31
1126.47
1126.61
1126.64
1127.51
1127.87
1129.27
1132.06
1132.16
1132.42
1132.61
1133.42
1133.42
1133.59
1134.73
1135.67
1136.52
1137.93
1139.06
1139.55
1140.54
1140.67
1140.80
1141.31
1142.88
1142.92
1142.95
1145.39
1145.55
1145.68
1147.85
1148.88
1151.08
1151.71
1152.25
1154.18
1154.52
1156.06
1156.28
1157.21
1157.29
1157.70
1158.54
1158.89
1159.03
1159.08
1159.32
1159.65
1161.19
1163.60
1163.86
1163.91
1164.36
1165.39
1165.81
1166.34
1168.13
1168.17
1169.50
1170.41
1170.74
1173.07
1173.59
1175.37
1176.64
1176.78
1176.95
1180.00
1180.90
1183.00
1183.78
1185.94
1186.48
1186.71
1188.16
1189.74
1189.88
1190.06
1190.32
1191.02
1191.56
1191.85
1192.52
1192.64
1193.25
1193.44
1193.74
1194.80
1194.91
1196.89
1198.85
1200.43
1200.53
1201.17
1201.49
1202.70
1205.35
1205.38
1206.25
1206.35
1207.30
1207.51
1208.19
1209.61
1210.05
1211.12
1212.26
1212.72
1213.52
1213.59
1213.69
1214.15
1215.28
1215.75
1216.60
1216.82
1217.16
1217.48
1217.66
1217.82
1218.23
1218.68
1219.19
1221.53
1223.09
1223.43
1223.82
1224.96
1225.49
1225.90
1225.91
1226.31
1226.61
1227.11
1227.54
1229.38
1231.80
1231.84
1234.62
1235.49
1236.14
1237.02
1237.10
1237.36
1237.97
1241.18
1241.22
1243.40
1243.94
1244.27
1244.80
1244.92
1244.99
1245.88
1246.41
1246.63
1250.86
1250.87
1252.34
1252.43
1252.72
1252.77
1254.45
1255.85
1255.93
1256.35
1257.85
1259.82
1260.10
1260.16
1260.60
1262.64
1262.85
1263.30
1264.56
1265.73
1266.38
1268.32
1268.51
1268.61
1269.14
1269.17
1269.33
1269.61
1269.66
1270.57
1272.14
1272.23
1278.94
1279.07
1280.62
1281.38
1281.55
1282.66
1283.11
1283.50
1283.99
1284.89
1284.98
1285.98
1286.07
1286.23
1287.52
1287.95
1289.40
1291.12
1292.67
1293.95
1294.02
1294.59
1294.90
1296.95
1297.80
1299.04
1303.45
1305.27
1306.20
1306.33
1306.75
1307.56
1307.81
1308.97
1309.67
1311.21
1311.65
1311.74
1314.98
1316.46
1318.77
1319.31
1322.02
1322.45
1323.00
1323.15
1323.78
1324.13
1324.23
1324.60
1325.66
1326.05
1327.44
1327.53
1328.79
1329.11
1330.48
1331.47
1331.81
1333.75
1334.73
1334.83
1335.26
1335.28
1336.72
1339.75
1341.16
1341.19
1341.36
1346.57
1347.22
1351.24
1352.80
1352.82
1354.92
1354.98
1355.36
1355.69
1356.48
1358.45
1359.09
1359.51
1360.71
1362.76
1363.25
1366.20
1368.02
1368.17
1369.71
1370.27
1372.33
1372.39
1372.84
1373.60
1373.91
1373.95
1375.93
1376.27
1377.09
1378.54
1378.93
1379.85
1383.14
1384.77
1384.94
1385.21
1385.78
1387.46
1387.91
1388.69
1388.78
1390.15
1390.30
1391.85
1391.85
1391.88
1393.64
1394.17
1395.74
1396.54
1397.48
1397.81
1397.86
1398.81
1398.85
1398.87
1402.46
1403.74
1404.82
1405.76
1406.26
1410.77
1411.95
1412.79
1414.61
1415.02
1415.60
1417.52
1417.89
1418.85
1420.14
1421.07
1421.16
1422.07
1422.11
1422.22
1423.08
1423.53
1424.71
1426.20
1427.38
1430.32
1430.86
1435.51
1436.80
1437.54
1437.96
1438.61
1439.17
1439.33
1439.36
1439.95
1443.68
1446.10
1447.99
1450.86
1450.96
1451.19
1454.45
1459.30
1460.57
1461.40
1465.22
1465.51
1468.98
1469.62
1470.80
1473.90
1475.91
1477.64
1477.91
1479.19
1480.84
1480.97
1482.14
1482.71
1483.42
1484.01
1484.45
1484.75
1484.93
1487.42
1487.95
1488.81
1489.65
1490.02
1490.76
1493.74
1494.00
1494.05
1494.70
1497.58
1498.39
1499.31
1499.80
1500.56
1500.73
1502.24
1502.68
1503.73
1506.18
1507.02
1507.28
1507.64
1508.38
1509.05
1510.52
1514.66
1514.71
1514.85
1515.15
1517.25
1517.63
1518.91
1519.68
1520.34
1520.77
1521.11
1521.56
1523.95
1524.13
1527.15
1527.53
1527.99
1529.46
1530.80
1530.92
1532.49
1532.53
1532.59
1533.80
1535.58
1535.90
1536.66
1537.99
1538.11
1538.54
1542.06
1542.73
1546.10
1546.55
1546.77
1547.54
1549.10
1550.15
1551.56
1552.96
1555.23
1556.24
1557.13
1557.50
1557.87
1560.03
1560.93
1561.62
1561.70
1562.16
1563.01
1564.78
1565.75
1568.60
1568.85
1569.39
1569.60
1570.09
1572.59
1573.63
1574.68
1575.60
1577.65
1578.08
1579.15
1580.88
1583.60
1583.89
1585.52
1586.04
1586.23
1587.87
1588.63
1589.46
1590.28
1590.78
1590.94
1592.49
1596.90
1598.93
1599.74
1601.71
1602.15
1602.82
1604.00
1605.72
1607.13
1607.86
1608.16
1608.52
1609.15
1610.94
1610.98
1611.26
1612.44
1614.13
1616.63
1618.52
1619.79
1620.47
1620.57
1621.21
1621.40
1621.94
1622.73
1623.10
1623.26
1623.38
1623.44
1628.61
1629.22
1630.25
1632.03
1632.40
1633.67
1634.26
1636.68
1636.79
1637.90
1638.24
1639.89
1642.14
1642.25
1644.10
1646.50
1647.14
1647.22
1648.48
1650.82
1651.82
1652.00
1652.64
1654.97
1657.57
1659.24
1659.61
1661.25
1662.38
1662.87
1665.50
1665.60
1667.95
1668.07
1669.14
1669.99
1673.33
1674.09
1674.73
1674.93
1676.92
1678.87
1681.72
1683.32
1685.67
1687.15
1688.72
1692.73
1693.11
1693.13
1694.27
1694.36
1695.26
1695.29
1696.89
1697.24
1697.55
1698.45
1700.25
1700.90
1700.93
1701.14
1704.86
1707.89
1707.91
1708.72
1709.87
1712.03
1712.79
1715.70
1716.46
1718.06
1718.38
1718.69
1719.88
1723.52
1725.42
1725.59
1728.05
1729.59
1729.64
1730.21
1730.94
1733.49
1733.62
1735.29
1735.49
1737.37
1738.84
1742.08
1742.38
1742.70
1742.85
1744.89
1749.63
1750.39
1750.73
1751.96
1752.17
1752.82
1753.52
1754.37
1757.83
1758.73
1761.22
1761.73
1765.40
1769.93
1773.69
1775.65
1778.67
1780.19
1783.02
1784.20
1785.39
1786.96
1787.75
1789.55
1791.14
1791.80
1792.71
1794.75
1796.44
1797.70
1800.76
1800.95
1803.35
1804.80
1807.67
1807.71
1808.65
1809.65
1810.31
1810.61
1811.39
1811.53
1812.59
1813.17
1815.88
1817.16
1817.22
1817.40
1817.93
1819.17
1820.31
1820.53
1821.14
1822.08
1825.83
1827.55
1827.63
1828.26
1828.40
1829.83
1830.01
1830.98
1832.42
1832.78
1833.36
1834.57
1835.60
1836.49
1841.73
1841.79
1842.84
1843.46
1846.55
1846.81
1848.57
1851.06
1853.02
1853.10
1857.03
1857.13
1858.54
1863.25
1865.79
1869.88
1872.16
1875.55
1876.97
1880.39
1880.55
1880.57
1880.83
1883.48
1886.48
1891.83
1896.30
1906.24
1909.25
1915.52
1916.02
1917.76
1925.50
1933.07
1934.20
1937.60
1939.13
1940.11
1942.80
1943.12
1945.12
1945.18
1946.57
1948.17
1951.38
1952.56
1954.17
1955.01
1955.20
1957.19
1957.61
1957.64
1959.37
1960.69
1962.51
1964.51
1965.19
1965.91
1967.19
1972.50
1974.10
1974.25
1975.02
1977.35
1980.32
1981.22
1983.05
1983.33
1984.27
1985.77
1986.40
1988.35
1988.63
1989.28
1992.53
1994.30
2001.15
2009.48
2011.14
2012.73
2014.08
2017.02
2017.52
2017.70
2019.29
2022.09
2024.70
2024.81
2026.98
2028.88
2030.84
2031.04
2033.39
2033.87
2034.18
2035.13
2035.70
2037.88
2041.97
2042.05
2043.29
2044.24
2045.95
2046.70
2048.03
2050.87
2053.98
2057.73
2059.20
2061.75
2065.97
2066.73
2069.30
2070.78
2071.23
2078.64
2078.84
2079.22
2081.67
2084.60
2086.75
2087.54
2091.29
2093.53
2094.73
2094.82
2096.00
2096.07
2096.68
2098.59
2103.80
2108.54
2109.70
2114.91
2116.63
2117.13
2117.59
2121.81
2122.13
2122.75
2123.16
2123.23
2123.55
2123.72
2125.99
2128.75
2128.78
2130.69
2131.40
2132.65
2133.16
2136.60
2140.39
2146.14
2148.31
2148.33
2149.05
2152.42
2153.96
2154.33
2157.02
2159.33
2160.43
2165.79
2167.66
2167.87
2168.74
2172.05
2172.97
2175.37
2179.11
2179.63
2180.65
2183.20
2184.31
2184.47
2189.28
2190.10
2190.93
2191.36
2197.20
2199.84
2201.87
2202.60
2209.93
2213.16
2222.26
2223.32
2227.79
2228.66
2232.07
2233.37
2233.95
2234.82
2235.52
2235.62
2238.60
2241.75
2242.16
2242.47
2248.96
2255.15
2256.01
2256.03
2257.35
2261.45
2263.27
2263.41
2264.54
2270.70
2270.97
2274.24
2276.11
2276.43
2276.43
2280.65
2282.00
2284.47
2286.95
2287.17
2293.41
2296.94
2297.79
2298.31
2298.43
2300.37
2304.71
2305.85
2307.13
2307.88
2311.95
2312.35
2312.78
2312.80
2314.85
2322.23
2322.33
2323.44
2325.80
2328.09
2328.70
2329.88
2331.07
2335.79
2337.13
2343.20
2344.60
2345.13
2346.12
2348.76
2349.70
2351.18
2353.88
2354.05
2354.36
2357.19
2357.98
2363.19
2363.45
2363.88
2364.62
2368.13
2370.13
2370.36
2371.72
2372.31
2372.82
2376.34
2378.02
2379.53
2381.49
2381.98
2382.03
2382.78
2385.00
2389.03
2389.29
2390.16
2392.75
2393.22
2394.05
2397.47
2398.95
2402.01
2403.65
2404.59
2408.23
2414.86
2416.24
2418.10
2421.90
2421.90
2425.41
2427.30
2427.38
2427.75
2428.85
2428.88
2432.09
2434.56
2435.19
2436.64
2443.11
2443.40
2443.88
2445.23
2450.47
2451.11
2451.98
2451.98
2452.33
2452.67
2455.62
2455.83
2456.58
2465.95
2466.62
2468.27
2469.50
2472.31
2475.28
2476.86
2477.66
2478.68
2480.45
2480.53
2489.30
2491.10
2492.35
2493.45
2495.56
2497.23
2498.47
2503.51
2509.26
2510.91
2512.43
2514.07
2514.99
2516.30
2516.62
2517.85
2518.15
2522.49
2522.92
2524.56
2530.80
2531.89
2532.25
2533.65
2537.35
2538.15
2538.23
2538.34
2546.54
2552.91
2556.42
2565.40
2565.62
2566.06
2575.52
2579.81
2580.40
2585.88
2586.16
2590.81
2591.12
2593.11
2598.58
2600.58
2601.79
2601.93
2603.59
2603.62
2610.59
2611.63
2612.48
2614.32
2618.09
2623.76
2624.55
2632.14
2634.62
2636.22
2642.16
2643.08
2647.22
2648.57
2653.28
2653.85
2654.71
2657.12
2657.15
2659.60
2660.17
2660.23
2660.81
2662.59
2670.64
2671.48
2672.67
2677.38
2677.67
2688.18
2688.94
2689.26
2691.85
2693.10
2696.05
2698.47
2699.49
2700.95
2708.85
2710.94
2716.98
2720.96
2724.61
2728.80
2730.28
2736.75
2738.94
2739.63
2744.14
2750.56
2753.53
2756.51
2760.45
2760.63
2760.63
2770.45
2774.05
2779.18
2780.69
2784.51
2787.65
2797.47
2800.37
2811.76
2821.45
2822.18
2824.66
2825.21
2828.42
2828.94
2831.60
2838.01
2840.78
2842.38
2842.56
2843.89
2847.33
2852.64
2853.75
2853.87
2859.93
2860.77
2863.68
2864.02
2867.34
2868.30
2869.01
2872.68
2874.11
2874.76
2877.44
2877.62
2882.77
2885.23
2888.10
2890.39
2894.52
2895.83
2896.93
2901.95
2902.73
2903.39
2905.25
2907.35
2912.74
2914.50
2914.66
2915.23
2916.21
2916.30
2917.19
2920.12
2921.10
2924.26
2932.12
2936.44
2937.33
2937.90
2951.47
2951.73
2954.86
2955.21
2957.90
2962.19
2963.92
2967.20
2967.36
2968.77
2969.54
2971.02
2978.07
2983.23
2985.00
2985.78
2988.17
2992.12
2995.39
2995.61
2997.95
2998.21
2998.92
2999.77
3001.75
3003.99
3009.10
3009.29
3014.28
3024.44
3027.09
3027.48
3027.71
3037.36
3039.56
3040.38
3040.65
3041.50
3043.34
3049.11
3053.80
3057.27
3057.90
3065.98
3067.58
3071.63
3072.36
3077.02
3078.08
3083.15
3083.98
3084.28
3085.65
3094.51
3095.35
3097.73
3100.68
3101.02
3115.17
3116.86
3117.33
3117.77
3121.95
3124.39
3133.12
3135.53
3137.40
3139.33
3143.68
3148.99
3149.37
3154.69
3165.01
3166.97
3167.93
3171.46
3174.00
3180.53
3180.60
3186.14
3191.39
3193.01
3193.70
3193.94
3197.30
3207.62
3208.21
3209.43
3219.34
3221.15
3224.33
3229.67
3233.34
3255.17
3270.53
3270.81
3275.81
3276.20
3294.15
3295.00
3302.96
3303.78
3304.07
3307.65
3313.09
3328.65
3329.84
3330.59
3335.68
3336.83
3337.95
3338.35
3342.62
3353.56
3358.97
3362.49
3368.14
3369.78
3372.62
3375.33
3382.27
3384.87
3401.28
3407.99
3412.97
3419.47
3426.95
3431.93
3442.00
3443.72
3445.80
3449.53
3455.36
3461.95
3467.08
3469.19
3473.28
3482.31
3486.38
3488.34
3490.19
3491.06
3491.52
3496.09
3496.32
3498.66
3498.85
3503.25
3503.93
3505.71
3505.71
3507.00
3509.39
3509.81
3511.79
3513.99
3516.69
3519.16
3520.69
3521.26
3524.46
3529.50
3541.13
3542.47
3546.00
3546.99
3548.14
3564.54
3565.08
3566.81
3568.36
3572.30
3574.00
3575.39
3576.47
3578.33
3581.00
3583.17
3590.00
3591.95
3596.61
3600.47
3602.65
3602.81
3603.04
3606.28
3612.14
3613.50
3617.30
3620.98
3621.06
3628.20
3633.26
3634.44
3640.94
3647.92
3651.31
3652.54
3655.46
3657.40
3662.43
3665.76
3685.13
3686.52
3687.92
3692.51
3699.71
3707.00
3710.37
3712.10
3715.72
3723.36
3726.06
3726.30
3728.36
3729.53
3737.73
3740.93
3744.37
3753.98
3760.73
3764.48
3765.62
3766.07
3767.78
3777.45
3791.46
3793.59
3793.75
3799.22
3802.30
3802.38
3815.37
3815.86
3819.45
3829.59
3830.30
3837.35
3874.02
3876.28
3887.45
3893.14
3897.06
3906.98
3910.07
3928.30
3929.23
3934.34
3936.43
3941.28
3944.83
3955.47
3961.12
3964.38
3965.28
3975.38
3992.92
4003.52
4005.95
4011.02
4019.01
4019.67
4023.02
4039.02
4042.17
4046.37
4048.47
4051.72
4058.38
4058.82
4061.33
4061.37
4061.77
4061.81
4064.89
4068.45
4072.11
4074.62
4075.50
4085.74
4087.07
4088.44
4089.06
4094.99
4113.11
4114.00
4114.14
4119.75
4120.55
4137.21
4137.30
4141.92
4146.36
4148.24
4151.11
4163.71
4179.42
4181.32
4184.66
4184.89
4189.69
4190.51
4198.00
4200.91
4200.91
4201.00
4202.86
4217.67
4220.95
4224.38
4226.44
4232.16
4234.63
4239.53
4242.61
4245.09
4246.79
4257.46
4261.56
4270.80
4271.30
4273.75
4281.21
4282.78
4292.01
4295.96
4301.22
4301.68
4305.83
4308.02
4308.48
4321.18
4322.16
4323.61
4365.21
4369.89
4370.13
4383.10
4388.80
4388.84
4392.17
4396.40
4404.11
4404.40
4406.26
4412.56
4416.95
4419.77
4439.09
4444.13
4447.26
4454.72
4463.55
4470.22
4478.50
4486.36
4500.75
4501.77
4501.87
4502.36
4504.89
4508.45
4509.13
4513.87
4513.92
4522.52
4531.09
4536.68
4537.86
4544.05
4545.72
4553.50
4566.33
4579.44
4583.75
4589.86
4594.43
4599.95
4603.49
4613.46
4613.91
4617.80
4638.18
4641.50
4642.05
4642.95
4654.57
4661.98
4663.29
4666.27
4666.57
4672.94
4679.42
4688.54
4698.44
4701.59
4702.41
4704.04
4709.38
4713.00
4716.47
4726.48
4730.93
4732.83
4740.47
4742.98
4747.09
4754.75
4761.75
4776.30
4782.35
4791.98
4802.21
4818.24
4821.47
4821.63
4821.99
4830.71
4835.21
4836.20
4866.23
4886.28
4899.51
4908.85
4921.56
4930.89
4944.67
4946.71
4953.99
4954.96
4967.09
4973.92
4978.60
4982.80
4994.14
5001.17
5009.18
5030.37
5031.18
5031.51
5050.22
5053.06
5055.79
5068.44
5077.28
5080.58
5087.84
5094.84
5108.97
5112.01
5116.38
5119.65
5120.53
5133.46
5135.24
5143.19
5144.64
5152.43
5157.34
5158.68
5160.19
5161.19
5173.77
5174.50
5179.77
5185.21
5186.16
5205.72
5220.11
5227.17
5231.19
5238.04
5243.26
5260.53
5260.82
5263.10
5263.38
5276.78
5280.78
5290.79
5300.53
5312.87
5327.26
5328.36
5329.97
5335.40
5351.41
5362.89
5372.88
5374.56
5383.82
5388.71
5449.51
5457.66
5461.79
5504.69
5544.62
5547.92
5549.36
5554.28
5565.83
5579.46
5594.27
5614.83
5637.35
5665.66
5667.19
5667.44
5682.79
5692.57
5700.46
5733.81
5742.12
5754.56
5760.73
5766.84
5767.65
5768.90
5772.52
5791.10
5812.26
5821.76
5823.21
5842.96
5846.38
5856.89
5866.66
5873.58
5885.67
5889.11
5892.68
5907.61
5926.82
5975.24
5989.35
5993.37
5995.71
5997.39
6000.38
6007.46
6056.01
6062.31
6084.19
6087.15
6103.24
6103.57
6110.38
6115.27
6121.23
6131.04
6132.04
6140.27
6158.57
6166.37
6183.34
6200.82
6220.92
6231.90
6239.05
6277.71
6280.84
6298.67
6318.12
6336.33
6353.01
6368.15
6380.84
6396.74
6416.43
6430.54
6443.14
6471.72
6476.20
6485.04
6487.99
6490.51
6494.52
6494.94
6505.28
6541.34
6549.21
6568.44
6628.34
6676.92
6690.59
6739.70
6740.14
6742.26
6753.43
6755.84
6757.81
6769.23
6771.72
6797.78
6809.34
6812.88
6874.78
6875.37
6902.51
6921.88
6923.00
6933.94
6948.44
6968.16
6969.37
6972.01
6974.50
7001.49
7016.05
7017.80
7026.99
7037.95
7038.03
7059.38
7061.37
7070.01
7073.22
7091.92
7117.44
7142.59
7175.97
7211.93
7217.48
7231.00
7235.15
7299.23
7375.60
7397.90
7435.13
7440.69
7520.33
7528.71
7539.39
7631.31
7631.89
7651.07
7685.75
7708.82
7720.67
7730.71
7731.79
7736.06
7742.09
7758.69
7785.77
7792.60
7811.17
7813.11
7814.55
7853.46
7920.79
7955.31
7989.39
7992.84
8003.83
8035.94
8067.91
8244.22
8247.79
8315.26
8318.86
8326.79
8352.51
8378.03
8404.18
8408.00
8420.29
8422.29
8434.15
8438.71
8445.65
8455.80
8460.93
8470.54
8480.63
8486.14
8499.00
8516.77
8540.21
8598.53
8613.61
8636.57
8661.56
8704.49
8707.03
8733.64
8753.22
8770.19
8782.82
8797.94
8849.40
8850.07
8907.62
8925.95
8929.91
8953.51
8976.21
8992.93
9051.21
9077.20
9092.34
9112.03
9123.48
9141.26
9165.82
9176.84
9282.69
9369.17
9400.65
9484.83
9486.27
9495.51
9516.18
9523.91
9566.87
9687.60
9689.80
9722.88
9730.77
9767.80
9769.28
9806.77
9815.05
9816.32
9838.44
9914.42
9931.17
9944.72
9993.90
10028.24
10036.92
10064.33
10093.12
10120.02
10190.45
10205.34
10220.04
10360.10
10412.80
10475.86
10516.18
10708.04
10717.31
10827.45
10827.92
10915.67
10943.34
10994.50
11079.52
11134.20
11144.69
11150.60
11182.25
11189.75
11226.86
11254.47
11410.56
11484.75
11610.19
11823.67
11841.08
11890.38
11900.42
11933.04
11936.01
11967.95
12030.40
12049.81
12133.15
12143.79
12261.29
12296.23
12456.52
12524.09
12591.76
12848.28
12986.09
13252.08
13268.15
13612.05
13631.06
13640.21
13759.24
14210.57
14313.49
14327.13
14335.81
14441.36
14809.26
14887.98
14892.65
14912.48
14925.40
14995.00
15003.28
15114.07
15324.02
15800.15
15919.93
15982.41
16170.26
16312.25
16331.14
16400.03
16452.99
16493.09
16509.16
16540.63
16638.99
16833.47
16864.65
17203.02
17311.12
18089.31
18382.50
18653.18
18690.15
18748.28
18775.48
19062.87
20735.90
20932.69
21291.31
21468.97
21559.99
21963.79
23293.36
23522.57
23525.11
24803.58
24999.45
25123.64
25485.04
25744.44
25938.76
32485.02
34045.73
