14.08
14.36
15.91
16.34
16.62
18.20
18.85
18.87
20.59
20.65
21.42
21.75
23.90
24.51
24.75
25.86
26.90
27.43
28.18
28.69
29.73
29.85
29.95
30.04
30.27
30.38
30.60
30.62
31.04
31.42
31.54
32.16
32.48
32.68
32.83
33.36
33.87
34.37
34.50
35.06
35.40
35.83
36.02
36.19
37.11
37.16
37.22
37.98
38.18
38.22
38.25
38.28
38.35
38.82
38.83
39.05
39.08
39.18
39.46
39.54
39.64
39.86
39.88
40.24
40.40
40.48
40.91
40.99
41.11
41.61
41.80
41.83
41.86
42.11
42.27
42.99
43.18
43.28
43.73
43.76
43.83
43.90
44.08
44.22
44.25
44.53
45.37
45.47
45.60
45.65
45.69
45.80
45.83
45.85
46.18
46.19
46.33
46.37
46.58
46.58
46.59
46.75
46.86
47.42
47.77
47.88
48.12
48.16
48.17
48.17
48.26
48.57
48.58
48.59
48.87
48.94
48.99
49.31
49.55
49.81
49.86
49.90
50.00
50.26
50.65
50.68
51.10
51.64
51.83
51.85
52.50
52.51
52.96
52.99
53.08
53.50
53.71
53.84
53.91
54.11
54.19
54.27
54.38
54.43
54.53
54.64
54.87
55.12
55.35
55.40
55.85
55.88
55.90
56.32
56.56
57.21
57.37
57.42
57.80
58.03
58.19
58.32
58.40
58.65
58.74
59.23
59.65
59.89
59.91
60.52
60.55
60.88
61.05
61.11
61.12
61.13
61.18
61.26
61.38
61.60
61.62
61.69
61.74
61.84
61.86
62.01
62.63
62.69
62.70
62.75
63.22
63.28
63.78
63.97
63.99
64.02
64.06
64.08
64.10
64.25
64.28
64.57
64.67
64.73
65.09
65.48
65.63
65.72
65.77
65.83
65.90
66.19
66.28
66.49
66.57
66.69
66.78
66.85
66.87
67.02
67.03
67.07
67.07
67.14
67.26
67.30
67.32
67.32
67.52
67.66
67.73
67.77
67.83
67.84
68.05
68.50
68.54
68.85
69.30
69.35
69.78
69.95
70.25
70.26
70.28
70.34
70.66
70.67
70.71
71.04
71.10
71.50
71.76
71.79
72.04
72.21
72.34
72.37
72.67
73.37
73.71
73.82
74.10
74.17
74.41
74.49
74.55
74.58
74.72
74.83
74.92
75.11
75.21
75.59
75.65
75.70
75.80
75.93
75.95
76.01
76.11
76.78
76.78
77.00
77.08
77.55
77.80
77.98
78.28
78.31
78.47
78.81
79.06
79.37
79.56
79.65
79.70
79.77
79.77
79.82
79.89
79.90
80.11
80.22
80.35
80.37
80.41
80.46
80.52
80.53
80.63
80.65
80.67
80.97
80.99
81.13
81.17
81.25
81.31
81.34
81.58
81.95
82.05
82.05
82.07
82.66
82.72
82.88
82.88
83.29
83.34
83.42
83.88
84.01
84.03
84.07
84.09
84.29
84.62
84.78
84.89
84.93
85.02
85.03
85.07
85.14
85.15
85.50
85.67
85.90
85.99
86.03
86.67
86.84
86.84
86.93
87.02
87.08
87.10
87.23
87.33
87.40
87.41
87.42
87.59
87.78
87.87
88.00
88.01
88.12
88.23
88.24
88.37
88.46
88.57
88.99
89.33
89.36
89.45
89.71
90.26
90.46
90.61
90.70
90.81
90.86
90.93
90.94
90.97
91.05
91.06
91.10
91.13
91.73
91.73
91.86
91.88
92.29
92.59
92.61
92.65
92.83
92.86
92.99
93.01
93.12
93.16
93.34
93.48
93.53
93.56
93.56
93.57
93.58
93.62
93.76
93.87
93.89
94.20
94.22
94.60
94.68
95.31
95.44
95.45
95.50
95.54
95.58
95.69
95.93
95.99
96.01
96.03
96.06
96.15
96.23
96.27
96.40
96.58
96.70
96.84
96.86
97.11
97.14
97.29
97.33
97.39
97.43
97.67
97.82
98.23
98.26
98.34
98.41
98.51
98.59
98.65
98.74
98.85
98.88
99.03
99.07
99.31
99.38
99.46
99.71
100.12
100.16
100.27
100.30
100.33
100.34
100.49
100.51
101.04
101.06
101.11
101.20
101.34
101.42
101.49
101.58
101.74
101.84
101.94
102.03
102.07
102.39
102.63
102.75
102.80
102.89
102.91
103.05
103.61
103.68
103.86
103.95
104.24
104.31
104.44
104.46
104.65
104.65
104.94
105.00
105.24
105.32
105.49
105.53
105.83
106.05
106.08
106.10
106.16
106.42
106.46
106.61
106.94
107.04
107.30
107.60
107.65
107.82
107.83
107.93
108.42
108.42
108.44
108.58
108.75
108.92
108.98
109.06
109.15
109.18
109.31
109.33
109.33
109.40
109.47
109.52
109.72
109.73
109.83
109.87
110.10
110.11
110.12
110.16
110.17
110.58
110.70
110.85
111.06
111.75
111.78
111.90
112.08
112.39
112.46
112.65
112.67
112.81
112.83
113.02
113.22
113.34
113.63
113.64
113.88
113.91
113.97
113.99
114.43
114.44
114.57
114.58
114.65
114.66
114.75
114.84
115.07
115.07
115.28
115.50
115.56
115.79
116.01
116.26
116.33
116.34
116.50
116.52
116.58
116.59
117.09
117.12
117.21
117.39
117.69
117.86
118.02
118.09
118.36
118.85
118.93
119.16
119.23
119.47
119.69
119.71
119.73
120.04
120.12
120.17
120.22
120.30
120.31
120.54
120.57
120.62
120.62
120.81
120.88
120.98
121.05
121.11
121.39
121.45
121.46
121.72
122.40
122.59
122.69
122.88
123.38
123.51
123.64
123.72
123.90
123.93
123.93
124.33
124.34
124.41
124.48
124.56
124.68
124.74
124.74
124.76
125.30
125.80
125.88
125.91
125.95
125.95
126.29
126.40
126.49
126.57
126.58
126.60
126.71
126.87
126.93
126.97
126.99
127.00
127.01
127.06
127.31
127.44
127.55
127.82
128.28
128.35
128.38
128.52
128.85
128.98
129.22
129.24
129.28
129.54
129.57
129.65
130.01
130.04
130.06
130.14
130.56
130.63
130.74
130.84
130.92
131.16
131.30
131.40
131.52
131.67
131.85
132.11
132.40
132.61
132.74
132.76
133.02
133.12
133.15
133.18
133.26
133.29
133.29
133.38
133.63
133.94
134.07
134.38
134.52
134.53
134.53
134.64
134.64
134.68
134.78
134.80
135.00
135.41
135.50
135.65
135.81
135.89
135.93
135.95
136.05
136.16
136.24
136.27
136.38
136.39
136.55
136.82
136.93
136.98
137.17
137.49
137.52
137.55
137.65
137.69
137.70
137.72
138.03
138.06
138.38
138.40
138.43
138.67
138.82
138.83
138.84
138.98
139.04
139.04
139.06
139.22
139.35
139.40
139.46
139.80
140.13
140.24
140.37
140.55
141.01
141.45
141.47
141.77
142.02
142.02
142.10
142.15
142.19
142.26
142.56
142.58
142.76
142.76
142.92
143.00
143.01
143.05
143.10
143.19
143.30
143.41
143.48
143.70
144.13
144.23
144.30
144.37
144.40
144.55
144.62
144.69
145.01
145.06
145.11
145.29
145.42
145.47
145.49
145.95
146.01
146.20
146.32
146.57
146.65
146.86
147.08
147.23
147.35
147.38
147.45
147.62
147.92
147.94
148.01
148.21
148.25
148.29
148.36
148.39
148.88
149.66
149.68
149.99
150.15
150.26
150.33
150.45
150.58
150.66
150.74
150.87
151.02
151.27
151.37
151.45
151.52
151.59
151.72
151.89
151.94
152.10
152.41
152.46
152.46
152.52
152.61
153.05
153.08
153.23
153.52
153.71
153.81
153.81
154.20
154.50
154.62
154.90
154.93
155.10
155.32
155.63
155.80
155.81
156.40
156.43
156.45
156.54
156.59
156.62
156.68
156.84
157.07
157.08
157.12
157.39
157.40
157.50
157.61
157.62
157.85
158.15
159.33
159.40
159.43
159.51
159.77
159.97
160.46
160.51
160.99
161.00
161.01
161.03
161.25
161.30
161.34
161.75
161.76
162.06
162.13
162.17
162.18
162.58
162.63
162.63
162.66
162.80
162.85
162.88
163.49
163.52
163.59
163.62
163.74
163.89
164.03
164.05
164.28
164.31
164.87
164.97
165.07
165.18
165.54
165.65
165.84
165.86
165.92
166.00
166.27
166.29
166.38
166.52
167.71
167.73
167.75
167.98
168.44
168.79
168.84
168.85
168.92
169.02
169.16
169.34
169.36
169.49
169.51
169.52
169.55
169.72
169.81
169.93
169.99
170.11
170.20
170.40
170.69
170.97
171.00
171.12
171.18
171.32
171.53
171.64
171.73
172.00
172.16
172.18
172.24
172.28
172.49
172.54
172.60
172.62
173.04
173.06
173.35
173.44
173.52
173.71
173.72
173.90
174.00
174.15
174.71
174.78
174.86
175.05
175.08
175.11
175.32
175.48
175.64
175.88
175.90
176.00
176.20
176.34
176.72
176.85
176.85
177.17
177.25
177.37
177.47
177.47
177.62
177.80
177.83
178.00
178.12
178.38
178.41
178.41
179.19
179.28
179.38
179.58
179.62
179.65
179.75
180.15
180.18
180.71
180.91
181.30
181.52
181.70
181.83
181.89
181.91
181.97
182.21
182.32
182.36
182.38
182.42
182.55
182.66
182.81
182.83
182.90
183.27
183.54
183.62
183.78
183.88
183.95
184.15
184.32
184.35
184.36
184.42
184.50
184.57
184.71
184.87
184.90
185.05
185.36
185.44
185.62
185.70
185.78
186.43
186.60
186.60
186.61
186.61
187.20
187.23
187.25
187.36
187.55
187.66
187.69
188.20
188.21
188.26
188.75
188.88
189.07
189.38
189.58
189.58
189.61
189.70
190.25
190.52
190.65
190.73
190.75
190.87
190.91
191.36
191.36
191.59
191.72
192.06
192.12
192.21
192.24
192.57
192.60
192.95
193.08
193.12
193.13
193.17
193.21
193.27
193.28
193.60
193.71
193.88
193.90
193.99
194.01
194.12
194.14
194.22
194.66
195.01
195.05
195.13
195.26
195.28
195.29
195.36
195.58
195.87
195.93
196.00
196.02
196.10
196.36
196.39
196.43
196.97
197.65
197.82
197.90
198.03
198.17
198.24
198.58
198.60
198.72
198.78
198.98
198.98
198.99
199.01
199.46
199.74
199.76
199.82
200.24
200.24
200.58
200.94
200.99
201.16
201.26
201.39
201.42
202.23
202.29
202.53
202.89
203.00
203.00
203.15
203.27
203.35
203.44
203.51
204.03
204.07
204.58
204.62
204.66
204.74
205.35
205.73
205.96
206.28
206.58
206.76
206.87
206.92
206.93
207.11
207.19
207.25
207.54
207.83
207.90
207.92
208.06
208.76
209.03
209.21
209.24
209.26
209.44
209.57
209.64
209.77
209.78
209.92
210.14
210.24
210.27
210.52
211.01
211.87
211.91
212.05
212.14
212.48
212.49
212.63
212.64
212.89
213.01
213.10
213.21
213.50
213.54
213.57
213.58
213.59
213.72
214.21
214.42
214.73
214.99
215.25
215.39
215.46
215.47
215.69
216.24
216.40
216.54
216.75
216.81
216.92
217.06
217.28
217.52
217.55
219.04
219.13
219.16
219.31
219.45
219.46
219.88
220.04
220.08
220.12
220.16
220.39
220.59
220.70
220.76
220.81
220.98
221.30
221.46
221.46
221.57
221.71
221.73
221.84
221.85
221.98
222.01
222.13
222.41
222.49
222.74
222.76
222.81
222.85
222.88
222.93
223.05
223.43
223.79
223.82
224.09
224.16
224.22
224.25
224.26
224.28
224.72
224.75
224.78
224.86
224.98
225.10
225.49
225.72
225.82
225.89
226.02
226.04
226.23
226.31
226.38
226.45
226.50
226.68
227.05
227.24
227.62
227.63
228.00
228.05
228.09
228.32
228.34
228.52
228.58
228.70
228.93
229.04
229.11
229.41
229.54
229.59
229.73
229.80
229.81
229.81
229.82
229.95
229.96
230.11
230.38
231.37
231.59
231.76
231.83
231.85
231.88
232.13
232.19
232.31
232.41
232.41
232.84
232.87
232.91
233.15
233.57
233.66
233.83
234.03
234.06
234.14
234.24
234.26
234.59
234.64
234.82
234.89
234.99
235.07
236.07
236.58
236.59
237.23
237.38
237.56
237.85
237.86
238.03
238.04
238.29
238.36
238.39
238.41
238.69
238.70
239.01
239.05
239.45
239.48
239.72
239.96
240.12
240.27
240.32
240.81
240.96
240.98
241.04
241.20
241.27
241.73
241.76
241.85
242.15
242.21
242.23
242.41
242.59
242.75
242.78
242.79
242.82
242.83
243.13
243.26
243.58
243.86
244.00
244.30
244.53
244.58
245.30
245.43
245.45
245.68
245.73
245.95
246.01
246.06
246.08
246.08
246.31
246.50
246.59
246.94
247.03
247.03
247.25
247.33
247.34
247.83
248.18
248.21
248.22
248.31
248.41
248.66
248.86
248.89
249.27
249.57
249.62
249.68
249.75
249.97
250.24
250.35
250.66
250.71
250.81
250.98
251.45
251.51
251.75
252.05
252.12
252.33
252.61
252.70
253.05
253.07
253.20
253.56
253.73
253.78
253.80
253.82
253.85
253.90
254.03
254.14
254.17
254.26
254.33
254.50
254.70
254.90
254.95
255.09
255.35
255.45
255.78
255.82
255.84
255.98
255.99
256.09
256.15
256.16
256.27
256.28
256.55
256.60
256.66
256.84
257.04
257.12
257.16
257.50
257.73
257.90
257.93
258.09
258.20
258.55
259.00
259.27
259.44
259.56
259.73
259.86
259.96
259.97
260.15
260.21
260.56
260.58
260.89
261.10
261.15
261.87
262.18
262.30
262.38
262.40
262.51
262.71
262.82
262.83
262.90
263.64
263.75
264.35
264.52
264.69
264.77
264.82
265.15
265.17
265.20
265.48
265.59
265.60
265.79
265.95
265.97
266.16
266.26
266.34
266.48
266.49
266.65
266.75
267.60
267.64
267.78
267.86
267.94
268.00
268.01
268.02
268.09
268.41
268.94
269.16
269.49
269.93
269.95
270.04
270.04
270.54
270.54
270.55
271.22
271.24
271.49
271.61
271.79
271.80
271.99
272.16
272.21
272.23
272.34
272.47
272.49
272.79
273.05
273.19
273.26
273.76
273.76
274.20
274.74
274.96
275.95
276.02
276.11
276.16
276.43
276.57
276.65
276.70
276.77
277.51
277.56
277.79
278.36
278.43
278.44
278.49
278.57
278.65
278.73
279.12
279.14
279.22
279.32
280.09
280.30
280.43
280.52
280.79
281.03
281.08
281.28
281.80
281.98
282.56
282.56
282.58
282.60
282.71
282.76
282.86
283.10
283.10
283.23
283.31
283.32
283.32
283.43
283.64
283.66
283.82
283.99
284.02
284.26
284.36
284.45
284.55
284.65
284.85
284.87
285.01
285.15
285.22
285.48
285.51
285.52
285.61
285.69
285.92
285.98
286.14
286.15
286.17
286.30
286.66
287.55
287.80
287.93
288.19
288.39
288.68
288.74
288.83
288.92
288.96
289.06
289.06
289.26
289.28
289.38
289.52
289.72
289.84
290.15
290.45
290.49
290.66
290.70
290.82
291.42
291.43
291.47
291.52
291.82
291.88
291.89
292.27
292.76
292.94
293.26
293.34
293.60
293.94
294.17
295.47
295.62
295.77
295.86
296.14
296.16
296.18
296.18
296.21
296.23
296.24
296.29
296.41
296.45
296.54
296.54
296.83
297.46
297.69
297.92
298.36
298.45
298.49
298.51
298.72
299.04
299.22
299.44
299.52
299.54
299.93
299.99
300.29
300.39
300.70
300.74
300.75
300.93
301.13
301.20
301.34
301.37
301.65
301.69
302.02
302.15
302.32
302.34
302.70
302.81
302.96
303.27
303.69
303.69
303.73
304.49
305.02
305.15
305.19
305.23
305.36
305.41
305.88
306.04
306.18
306.53
306.65
306.65
306.94
307.25
308.16
308.37
308.55
308.95
309.28
309.35
309.37
309.50
309.52
309.65
309.72
309.75
309.78
310.25
310.26
310.33
310.38
310.53
310.63
310.66
310.78
310.92
310.98
311.20
311.47
311.63
311.67
311.77
311.92
312.23
312.49
312.60
313.26
313.32
313.36
313.59
313.77
313.99
314.29
314.38
314.50
314.56
314.67
314.84
315.03
315.57
316.12
316.62
316.99
317.00
317.04
317.13
317.22
317.23
317.60
317.61
317.83
317.94
318.44
318.75
318.87
318.90
319.74
319.75
320.11
320.15
320.17
320.21
320.41
320.41
320.54
320.59
320.76
320.91
321.01
321.01
321.42
321.50
321.53
321.91
322.04
322.06
322.13
322.24
322.30
322.63
323.25
323.28
323.28
323.40
323.43
323.57
323.74
323.95
324.03
324.13
325.05
325.14
325.30
325.65
325.99
326.12
326.43
326.54
326.55
326.69
327.24
327.26
327.29
327.59
327.69
327.72
327.81
327.94
328.23
328.49
328.52
328.70
328.96
328.97
329.21
329.59
330.75
330.82
331.04
331.29
331.36
331.37
332.00
332.31
332.47
332.60
332.79
332.84
332.98
333.06
333.10
333.24
333.33
333.52
333.73
333.79
333.87
333.97
334.05
334.31
334.37
334.55
334.66
334.80
334.83
335.02
335.05
335.05
335.12
335.46
335.79
336.28
336.79
336.91
336.96
337.00
337.19
337.29
337.38
337.41
338.17
338.35
338.54
338.65
338.89
338.97
339.81
339.93
340.32
340.45
340.55
340.70
340.71
340.75
340.96
341.18
341.24
341.54
341.77
342.01
342.89
343.01
343.01
343.56
343.58
343.60
343.65
343.81
344.54
344.94
344.95
345.13
345.27
345.63
345.64
345.79
345.91
345.98
346.41
346.58
346.73
346.79
347.11
347.60
348.01
348.25
348.44
348.50
348.69
348.80
348.89
349.04
349.44
349.70
349.94
350.15
350.32
350.32
350.49
350.81
350.86
351.01
351.14
351.15
351.34
351.70
352.38
352.56
352.61
352.72
352.84
353.22
353.61
353.75
353.98
354.24
354.43
354.54
354.66
354.69
354.77
354.82
354.89
355.27
356.43
356.66
356.75
356.79
356.80
356.86
357.02
357.07
357.50
357.55
357.62
357.63
357.67
358.11
358.23
358.25
358.28
358.52
358.71
358.90
359.29
359.45
359.65
359.78
359.89
360.61
361.04
361.11
361.66
361.81
362.12
362.40
362.54
362.68
363.24
363.26
363.38
363.44
363.73
364.47
364.72
364.86
365.17
365.39
365.81
366.76
366.90
366.94
366.95
366.98
367.48
368.25
368.57
368.99
369.16
369.40
369.59
369.71
370.39
370.57
370.66
370.75
371.16
371.66
371.94
372.15
372.25
372.62
372.90
373.05
373.28
374.28
374.38
374.59
374.78
374.89
375.64
375.82
375.85
376.01
376.15
376.27
376.47
376.75
376.76
376.76
377.54
377.67
378.83
378.84
378.86
379.21
379.33
379.54
379.86
379.97
380.00
380.01
381.08
381.26
381.77
382.22
382.60
382.90
383.09
383.10
383.25
383.31
383.58
383.80
384.07
384.19
384.23
384.29
384.41
384.47
385.06
385.33
385.72
385.83
386.35
386.42
386.84
387.68
387.87
387.97
388.06
388.20
388.34
388.38
388.40
388.80
389.09
389.14
389.16
389.32
389.56
389.73
389.96
390.06
390.20
390.22
390.48
390.51
390.60
390.82
390.93
391.00
391.11
391.14
391.48
392.00
392.16
392.43
392.53
392.73
392.99
393.37
393.37
394.03
394.10
394.32
394.35
394.51
394.54
394.54
394.63
394.65
394.75
394.75
394.78
395.32
395.45
395.59
395.89
395.94
396.16
396.22
396.34
396.40
396.70
396.74
396.79
397.02
397.07
397.14
397.36
398.06
398.42
398.62
398.92
399.12
399.31
399.35
399.61
399.76
399.78
400.36
401.07
401.21
401.39
401.92
402.01
402.12
402.16
402.35
403.06
403.59
403.73
403.99
404.08
404.28
404.65
404.96
405.43
405.78
406.05
406.56
406.60
406.86
406.96
407.03
407.62
407.96
408.00
408.01
408.31
408.49
408.71
408.88
409.08
409.33
409.39
409.60
410.18
410.32
410.33
410.52
410.72
410.73
411.15
411.48
411.53
411.69
412.07
412.08
412.71
412.81
413.05
413.58
413.82
413.83
414.12
414.18
414.60
414.64
414.71
415.36
416.15
416.28
416.82
417.06
417.35
417.55
417.68
417.78
417.91
418.02
419.11
419.43
419.64
419.91
420.02
420.02
420.30
420.33
420.64
420.77
420.88
421.11
421.29
421.30
421.39
421.46
421.50
421.84
421.85
421.91
422.18
422.61
422.85
423.13
423.24
423.56
423.67
423.79
423.86
423.97
424.06
424.18
424.29
424.37
424.84
424.86
425.08
425.14
425.60
425.71
425.91
426.10
426.18
426.63
426.66
427.55
427.73
428.30
428.43
428.51
429.10
429.19
429.26
429.26
429.27
429.31
429.73
429.76
429.78
429.87
429.95
430.05
430.37
430.71
431.21
431.42
432.11
432.13
432.14
432.18
432.32
432.43
432.83
432.99
433.70
433.72
433.87
433.90
434.07
434.23
434.37
434.86
435.09
435.11
435.27
435.56
435.77
435.85
435.97
436.54
436.63
436.77
437.04
437.11
437.24
437.68
437.88
437.93
437.95
438.14
438.23
438.49
439.05
439.08
439.20
439.58
440.22
440.40
440.41
441.12
441.58
441.71
442.33
442.71
442.87
443.12
443.54
443.82
443.83
444.15
444.40
444.47
444.53
444.73
444.77
445.14
445.82
446.49
446.87
447.07
447.10
447.27
447.54
447.79
448.67
448.71
448.72
448.83
449.05
449.08
449.16
450.24
450.33
450.34
450.53
450.72
450.95
451.10
451.42
451.79
452.01
452.33
452.44
452.47
452.71
453.20
453.55
453.78
453.80
453.91
454.13
454.22
454.65
454.74
454.85
455.37
455.40
455.58
456.06
456.30
456.79
456.83
457.04
457.18
457.66
457.95
458.28
458.40
458.47
458.59
458.67
458.76
458.83
458.88
459.07
459.50
459.95
460.07
460.13
460.16
460.47
460.53
460.61
460.61
460.66
460.79
460.97
461.25
462.03
462.47
463.38
463.48
463.74
464.17
464.18
464.25
464.33
464.72
464.73
464.78
465.22
465.32
465.73
466.05
466.18
466.39
466.48
466.59
467.06
467.13
467.55
467.61
468.32
468.44
468.58
468.64
468.79
469.36
469.51
469.63
470.01
470.35
470.39
470.40
470.61
470.70
471.24
471.45
471.50
471.73
471.76
471.77
471.85
471.91
472.47
472.64
472.76
473.24
473.79
474.06
474.06
474.13
474.14
474.27
475.20
475.30
475.69
476.99
477.49
477.52
477.95
478.04
478.36
478.50
478.64
478.72
478.75
478.82
479.06
479.13
479.34
479.64
480.20
480.33
480.56
480.90
481.86
482.56
482.69
482.86
483.76
483.90
484.02
484.20
484.25
484.39
484.50
484.56
484.81
485.23
485.42
485.43
485.71
485.88
486.50
486.56
487.01
487.43
487.78
488.67
488.86
489.53
489.75
489.95
490.19
490.21
490.29
490.43
490.50
490.51
490.63
491.29
491.48
491.57
491.62
491.72
491.76
491.79
492.62
492.84
492.86
493.01
493.20
493.44
494.03
494.11
494.60
494.64
495.17
495.23
495.26
495.64
496.20
496.23
496.49
497.29
497.91
498.15
498.98
499.20
499.37
499.38
499.62
499.67
499.88
500.30
500.95
501.06
501.17
501.24
501.32
501.37
501.76
501.84
502.24
502.38
502.54
502.54
502.85
502.94
503.00
503.13
503.13
503.14
503.24
504.11
504.29
504.31
504.45
504.70
504.72
505.14
505.36
505.70
506.10
506.52
506.76
506.81
507.12
508.22
508.24
508.56
508.86
508.89
508.96
508.99
509.12
509.70
510.11
510.14
510.39
510.66
510.92
511.29
511.57
512.31
513.29
513.52
514.21
514.90
515.43
515.92
516.69
516.84
517.41
517.64
517.64
518.26
518.28
518.57
519.11
519.41
519.47
519.65
520.03
520.40
520.50
520.66
520.74
521.53
521.69
521.87
522.31
522.41
522.92
522.94
523.30
523.38
523.58
523.80
524.13
524.26
524.57
524.58
524.77
524.98
525.27
525.65
525.82
525.83
525.90
526.64
526.65
526.68
527.32
527.74
528.26
528.55
528.77
528.83
529.33
529.45
529.75
530.11
530.18
530.87
530.89
531.26
531.71
531.89
532.07
532.11
532.22
532.23
532.26
532.89
533.31
533.46
534.20
534.21
534.55
534.67
535.12
535.45
535.45
535.54
536.03
536.28
536.44
536.83
536.97
537.94
538.01
538.06
538.15
538.41
538.50
538.51
538.76
538.96
539.01
539.09
539.11
539.39
539.53
540.16
540.22
540.26
540.30
540.38
540.63
540.90
541.11
541.43
541.72
541.99
542.58
542.62
542.74
542.77
543.32
543.50
543.84
543.86
543.87
543.93
544.01
544.13
545.25
545.27
545.78
546.27
546.40
546.41
546.57
546.64
547.64
547.66
547.72
548.04
548.31
548.64
549.05
549.37
549.42
549.52
549.63
549.66
549.91
550.04
550.20
550.26
551.80
551.95
552.12
552.78
553.13
553.19
553.30
553.75
553.88
553.90
554.05
554.30
554.41
554.78
555.87
556.80
556.95
557.23
557.81
558.75
559.02
559.88
560.06
560.47
561.07
561.09
561.53
562.30
563.21
563.48
563.60
563.97
564.41
564.54
564.98
565.69
567.27
567.30
567.53
568.60
569.06
569.14
569.91
569.98
570.04
570.11
570.32
570.48
570.58
570.60
570.72
570.82
571.42
572.26
572.47
572.98
573.12
573.30
573.44
573.63
574.06
574.24
574.83
575.45
575.50
575.51
575.93
576.49
576.77
577.15
577.29
577.32
577.57
578.41
578.46
578.89
578.89
578.98
579.26
579.36
579.36
579.47
579.56
579.92
580.14
580.25
580.39
580.76
580.81
580.97
581.30
581.47
581.65
581.83
581.85
582.51
582.75
583.23
583.51
584.36
584.54
584.79
585.32
585.38
585.51
585.56
585.65
586.09
586.13
586.31
586.33
587.06
587.32
588.19
588.35
588.76
588.79
589.16
589.32
589.44
589.74
590.26
590.48
590.54
590.64
590.76
590.85
590.96
591.10
591.12
591.39
591.52
591.94
592.09
592.13
592.19
592.54
592.59
592.60
592.82
593.17
593.49
593.53
594.11
594.51
594.52
595.06
595.51
595.82
595.97
596.12
597.28
597.96
598.06
598.15
598.24
599.16
599.20
599.28
599.99
600.08
600.80
600.97
601.37
601.93
602.46
602.79
602.83
603.34
603.74
604.02
604.20
604.36
604.96
605.75
605.86
606.48
606.95
608.02
608.13
608.27
608.53
609.28
610.24
610.78
610.80
611.47
611.84
612.47
613.39
613.40
614.24
614.74
614.91
615.23
616.22
616.24
616.31
616.77
617.77
617.77
618.08
618.15
618.36
618.37
618.77
619.01
619.09
619.20
619.27
619.53
619.64
619.65
619.93
620.52
621.02
621.04
621.19
621.42
621.42
621.43
621.50
622.60
622.98
623.02
623.05
623.07
623.14
623.85
624.35
624.85
625.45
626.16
626.62
626.97
627.14
627.30
627.60
627.65
627.92
628.00
628.08
628.82
629.16
629.69
630.38
630.62
630.87
631.14
632.28
632.34
633.14
633.39
633.45
633.67
633.73
633.74
633.75
633.99
634.12
634.67
634.67
635.53
636.03
636.16
636.56
636.83
637.13
637.16
637.33
637.58
637.96
638.05
638.10
638.41
638.73
638.81
639.06
639.13
639.34
639.48
639.59
640.11
640.25
640.27
640.70
640.93
640.97
641.52
641.52
641.61
641.61
641.65
642.61
643.19
643.77
644.42
644.68
644.85
645.15
645.50
646.11
646.70
647.79
647.84
647.88
648.21
648.47
649.01
649.08
649.48
650.14
650.17
650.91
651.88
652.18
652.25
652.76
653.37
653.62
653.77
654.03
654.10
654.19
654.27
654.28
654.78
655.20
655.29
655.76
656.98
657.27
657.98
658.27
658.41
658.58
658.76
659.76
660.29
660.38
660.75
661.16
661.20
661.25
661.90
662.39
663.25
663.91
664.14
664.22
664.42
664.77
664.88
665.49
665.53
666.25
666.31
666.35
666.40
666.77
666.94
667.11
667.30
668.00
668.01
668.09
668.11
668.53
668.55
669.06
670.97
672.09
672.20
672.39
672.55
672.55
672.87
673.11
673.85
674.81
675.11
675.18
676.28
677.23
678.16
678.80
679.64
679.97
681.02
681.37
681.54
681.87
682.30
682.64
682.69
682.89
682.92
683.20
683.26
683.88
684.25
684.65
684.89
685.01
685.27
685.47
685.89
685.98
686.25
686.43
686.50
686.59
686.64
686.67
686.79
686.97
687.68
687.90
688.10
688.26
688.52
688.69
688.82
688.97
689.08
689.26
689.84
689.91
690.11
690.62
690.76
690.77
691.22
692.15
692.23
692.25
692.27
692.28
693.83
694.20
694.31
694.69
695.03
696.13
696.17
696.47
697.18
697.31
697.95
698.31
698.49
699.35
699.62
699.65
699.66
699.66
700.13
700.45
701.29
701.75
701.91
702.58
703.04
703.75
704.70
704.77
705.05
705.37
705.69
705.74
706.42
706.99
707.49
707.58
707.82
707.94
708.10
708.12
708.16
708.31
708.88
709.05
709.40
709.43
709.92
710.06
710.26
710.34
710.53
710.93
711.66
712.25
713.00
713.17
713.31
713.37
713.54
713.88
713.92
714.20
714.37
714.46
714.46
714.50
714.56
714.67
715.05
715.16
715.86
715.98
716.27
716.52
716.69
717.31
717.31
718.65
718.99
719.62
719.72
719.90
719.91
721.76
721.78
721.94
721.98
722.82
723.06
723.25
723.40
723.49
724.61
724.77
725.00
725.03
725.46
725.53
726.41
726.92
727.22
727.26
728.03
728.13
728.24
729.55
730.03
730.50
731.66
731.75
732.43
732.86
733.15
733.99
734.24
734.71
735.21
735.31
735.71
735.87
736.13
736.62
736.85
737.07
737.59
737.84
738.08
738.44
738.67
738.95
739.06
739.16
739.66
739.71
739.74
740.56
740.62
740.76
741.57
742.10
742.42
742.47
742.63
742.67
742.96
743.81
744.11
744.86
744.96
745.14
745.35
745.52
745.68
745.69
746.30
746.66
747.24
747.25
747.71
747.71
748.28
749.15
749.33
749.64
750.11
750.16
750.19
750.40
750.50
750.70
750.84
750.94
751.43
751.43
751.96
752.35
752.37
752.77
752.84
752.95
753.19
753.72
753.81
753.92
753.94
753.98
754.28
754.57
754.59
754.80
755.05
755.10
755.49
756.04
756.60
756.60
757.35
757.58
757.80
757.94
757.94
758.10
759.25
759.45
759.61
759.73
759.94
759.95
760.36
760.55
760.56
760.98
761.02
761.05
761.05
761.28
761.68
761.74
761.81
762.24
762.41
762.69
762.90
762.97
763.24
763.33
763.79
763.89
764.41
764.54
765.00
765.05
765.19
765.42
765.72
765.86
765.88
765.90
765.95
766.21
766.26
766.56
766.58
766.65
766.73
767.88
770.64
770.81
771.13
772.84
772.95
773.02
773.25
774.13
774.54
774.73
775.82
775.99
776.75
776.95
777.20
777.50
777.92
777.93
777.98
778.39
778.46
778.48
778.69
778.83
778.94
778.97
779.19
779.80
780.76
780.93
781.75
781.81
781.90
782.74
782.85
784.41
784.97
785.16
785.25
785.31
785.32
785.46
785.50
785.90
786.77
787.08
787.21
788.00
788.07
789.35
789.55
789.73
789.93
790.35
790.77
792.54
793.12
793.23
793.54
794.06
794.19
794.44
794.65
794.76
794.99
795.67
795.73
795.83
796.09
796.90
796.98
797.23
797.82
798.43
798.44
798.92
799.96
800.03
800.33
801.00
801.22
801.32
801.56
801.84
802.51
803.23
803.50
804.39
805.24
806.07
806.44
807.70
807.86
808.24
808.46
808.68
808.73
808.90
810.27
810.30
810.58
810.60
810.67
811.00
811.97
813.01
813.03
813.37
813.63
813.65
814.13
814.56
814.66
815.26
815.56
815.96
816.01
816.16
816.67
817.03
817.03
817.77
818.63
819.60
819.81
819.88
820.01
820.41
820.61
821.28
822.72
823.11
823.14
824.20
826.32
827.42
827.57
828.08
830.13
830.14
830.18
830.76
830.97
831.17
831.68
831.92
832.09
832.31
832.96
833.46
833.78
834.08
834.55
834.66
834.67
834.85
835.40
836.10
836.49
836.79
836.97
837.12
837.65
838.03
838.87
839.02
839.06
839.64
839.80
840.07
840.23
840.67
840.68
840.73
840.83
841.55
841.67
842.15
842.16
842.32
842.44
842.67
842.87
844.40
844.52
844.55
844.86
845.64
846.03
846.75
847.67
848.15
848.24
848.43
848.46
848.63
848.93
849.11
849.42
851.02
851.58
851.64
851.92
852.09
852.16
852.32
852.49
852.79
853.40
853.49
853.83
853.90
854.32
854.53
855.00
855.09
855.11
856.05
856.23
856.27
856.52
856.67
856.91
857.00
857.08
857.25
858.17
858.19
860.44
861.17
861.99
862.19
862.39
862.53
862.55
863.27
863.68
864.06
864.62
865.19
865.82
866.20
866.22
867.07
867.41
867.51
867.77
867.87
868.07
868.25
868.60
869.49
869.54
870.36
870.56
871.68
872.01
872.03
872.03
872.19
872.24
872.97
873.35
873.63
873.77
873.87
874.14
874.21
874.43
874.70
874.72
874.92
875.01
875.15
875.20
875.62
875.95
876.39
876.61
876.65
877.61
877.61
877.83
877.91
877.93
877.96
878.26
878.32
879.51
879.94
879.99
880.60
881.35
881.89
882.37
882.68
882.83
882.92
883.34
883.59
883.86
884.05
884.50
885.35
885.47
886.12
886.44
886.64
886.71
887.15
887.52
887.56
887.71
887.76
888.05
888.07
888.50
888.53
888.62
890.13
890.73
890.93
891.31
891.59
891.61
891.79
892.12
892.42
893.62
894.08
894.51
894.76
894.81
895.22
895.53
895.87
896.78
897.23
897.73
898.79
898.85
899.05
899.34
899.56
899.75
899.81
900.43
901.38
902.14
902.87
903.43
903.43
903.80
903.99
904.97
905.38
905.70
906.39
906.42
907.04
907.67
909.16
909.40
909.97
910.03
910.37
910.67
910.73
911.01
911.47
912.02
912.33
913.16
913.44
914.37
914.99
915.03
915.12
915.32
916.94
917.07
917.18
918.15
918.50
918.61
918.92
919.35
919.45
919.72
920.08
920.11
920.18
920.29
920.80
921.02
921.22
922.24
923.30
923.43
924.40
924.80
924.84
925.31
925.52
926.32
926.47
926.67
926.80
927.46
927.55
927.62
927.86
928.50
928.82
929.81
930.55
931.16
931.60
931.68
931.88
933.54
934.41
934.75
935.07
935.40
935.54
936.60
936.76
936.96
937.33
938.67
939.02
939.62
939.99
940.35
940.35
940.85
940.89
941.02
941.31
941.47
941.61
941.78
942.51
942.56
943.56
943.87
945.34
945.36
946.77
946.84
947.64
947.64
948.44
948.88
949.44
949.87
950.73
951.24
951.71
952.35
952.63
952.85
952.95
953.02
953.30
953.50
953.70
953.81
954.25
955.66
956.48
956.68
956.81
957.76
958.58
958.64
959.19
959.47
959.92
962.00
962.71
962.89
963.10
963.64
963.71
964.29
964.84
966.15
967.21
967.46
967.94
968.33
968.83
970.11
970.25
970.54
970.59
970.70
970.77
970.92
970.92
971.68
973.07
974.15
974.36
975.26
975.96
976.24
976.64
976.74
977.45
977.59
978.00
980.69
981.59
981.85
981.90
982.41
982.64
983.01
983.22
983.27
983.63
984.71
985.03
985.18
985.36
986.82
987.43
987.62
988.57
989.45
989.57
990.07
990.11
990.24
990.48
991.75
991.82
992.70
993.21
993.39
993.60
994.25
994.59
994.74
994.90
995.01
995.87
997.55
997.70
997.89
998.01
998.31
998.36
998.67
998.99
1000.37
1000.85
1001.00
1001.85
1002.64
1002.71
1002.81
1003.11
1003.59
1003.69
1004.33
1004.83
1007.16
1007.34
1007.42
1007.65
1007.94
1008.07
1009.25
1009.60
1009.78
1009.96
1010.50
1010.61
1011.44
1011.68
1013.19
1013.97
1014.08
1014.45
1014.91
1015.33
1015.47
1015.61
1015.88
1016.09
1017.52
1019.05
1019.67
1020.08
1020.47
1021.38
1021.98
1022.47
1023.83
1023.85
1024.44
1024.55
1026.00
1026.23
1026.87
1027.39
1027.72
1027.82
1028.17
1028.43
1029.16
1029.79
1030.22
1031.51
1031.93
1032.32
1032.48
1032.69
1033.07
1033.21
1033.31
1034.38
1035.13
1035.25
1035.46
1035.57
1035.87
1036.51
1036.84
1037.09
1037.95
1038.77
1039.22
1040.79
1042.11
1042.74
1042.78
1045.12
1045.33
1045.77
1045.94
1046.10
1047.56
1048.30
1048.90
1049.71
1050.27
1050.32
1050.66
1051.33
1051.66
1051.69
1051.73
1051.77
1052.48
1053.18
1053.18
1053.34
1054.34
1054.80
1055.35
1055.69
1056.16
1056.54
1056.69
1057.33
1057.86
1058.58
1058.81
1058.85
1059.15
1059.17
1059.20
1060.12
1060.54
1061.19
1061.23
1061.36
1061.39
1061.47
1061.98
1062.24
1063.12
1063.13
1063.96
1064.62
1065.10
1065.85
1066.38
1066.64
1066.75
1066.80
1067.24
1068.28
1069.55
1069.57
1069.92
1070.42
1070.63
1070.91
1071.03
1071.73
1072.27
1072.29
1072.83
1072.91
1073.29
1073.46
1076.22
1076.75
1076.86
1077.87
1078.26
1078.57
1078.68
1079.22
1079.25
1080.46
1081.69
1083.20
1084.07
1084.11
1085.20
1085.44
1085.64
1085.84
1086.34
1086.46
1087.65
1087.95
1088.60
1088.72
1088.94
1089.03
1089.92
1090.89
1090.94
1091.76
1092.57
1092.82
1092.96
1093.03
1093.10
1093.99
1094.03
1094.12
1094.22
1094.26
1094.64
1094.77
1095.23
1095.69
1096.23
1096.24
1096.46
1097.29
1098.13
1099.10
1099.18
1100.83
1101.03
1101.30
1101.40
1101.48
1101.99
1102.03
1102.04
1102.10
1102.20
1103.17
1103.76
1104.49
1104.51
1104.82
1105.49
1105.59
1106.32
1106.59
1106.89
1106.93
1107.05
1107.50
1108.74
1108.94
1109.11
1109.12
1109.46
1109.76
1109.90
1109.91
1110.19
1112.22
1112.34
1113.03
1113.93
1114.21
1115.33
1115.75
1116.21
1116.27
1116.39
1118.11
1118.57
1118.91
1119.29
1119.66
1120.76
1120.96
1122.33
1122.61
1122.78
1123.48
1123.97
1126.04
1126.11
1126.26
1127.72
1127.93
1129.00
1129.04
1129.11
1129.32
1131.65
1131.99
1132.21
1133.20
1134.15
1134.21
1134.24
1134.33
1134.45
1134.45
1135.50
1136.27
1136.65
1137.19
1137.22
1137.23
1138.87
1139.19
1139.88
1141.40
1141.53
1141.59
1142.14
1142.26
1142.94
1143.08
1143.20
1143.62
1144.05
1144.24
1144.55
1145.02
1145.23
1146.43
1146.73
1147.50
1147.67
1147.75
1148.12
1148.48
1149.09
1150.40
1150.70
1151.46
1151.79
1152.37
1152.40
1153.53
1154.21
1154.85
1154.95
1155.74
1156.35
1156.58
1157.54
1157.70
1158.23
1159.63
1159.76
1160.26
1160.35
1160.52
1160.52
1160.81
1160.88
1162.56
1163.08
1163.35
1163.60
1164.56
1164.68
1164.76
1165.14
1165.24
1168.41
1168.44
1170.16
1170.76
1171.27
1172.18
1172.48
1173.24
1173.35
1174.29
1175.69
1175.89
1176.25
1176.73
1177.01
1177.71
1178.20
1178.59
1179.04
1180.14
1181.26
1181.56
1182.46
1183.48
1183.96
1184.64
1187.14
1187.31
1188.12
1188.29
1188.93
1189.01
1189.38
1189.74
1190.33
1190.64
1191.16
1191.76
1193.04
1193.65
1194.14
1194.32
1195.16
1196.13
1196.51
1197.09
1197.31
1197.88
1198.25
1198.60
1198.75
1198.80
1200.53
1201.04
1201.24
1201.25
1202.12
1202.48
1202.80
1204.10
1204.91
1206.32
1207.14
1208.87
1210.35
1210.65
1210.80
1210.90
1211.63
1212.13
1212.18
1212.38
1213.53
1213.56
1213.94
1214.75
1215.58
1215.75
1216.02
1217.33
1218.10
1218.26
1218.32
1218.33
1219.13
1219.86
1220.37
1220.55
1221.62
1222.90
1223.01
1223.31
1223.55
1225.43
1226.00
1226.28
1226.55
1226.75
1226.81
1231.52
1232.21
1232.31
1232.52
1233.43
1233.56
1233.66
1233.83
1233.83
1234.78
1234.80
1235.33
1235.35
1237.00
1238.07
1238.16
1238.39
1238.60
1238.89
1239.13
1239.77
1240.03
1240.70
1240.78
1241.09
1241.14
1241.26
1241.72
1241.81
1241.93
1242.00
1242.54
1244.06
1244.46
1244.62
1244.88
1246.20
1246.78
1248.28
1248.55
1249.25
1249.74
1251.41
1251.96
1252.06
1252.16
1253.38
1253.43
1253.52
1254.25
1255.40
1255.46
1255.82
1256.03
1256.08
1256.20
1256.29
1257.93
1259.16
1259.17
1259.24
1259.66
1259.80
1259.88
1260.12
1260.42
1260.83
1262.27
1262.89
1265.51
1266.55
1266.73
1266.86
1267.27
1267.65
1267.73
1267.89
1268.13
1268.88
1270.67
1270.79
1273.01
1273.74
1274.18
1274.56
1276.23
1276.25
1277.31
1277.59
1278.02
1278.33
1278.64
1279.19
1279.25
1279.62
1279.76
1279.80
1279.87
1280.45
1281.85
1282.23
1282.88
1283.35
1283.78
1286.12
1286.16
1286.16
1286.35
1286.42
1287.06
1288.37
1288.75
1288.93
1289.77
1291.04
1291.12
1291.37
1291.93
1292.13
1292.24
1293.23
1293.62
1294.24
1295.98
1296.81
1296.90
1296.95
1298.67
1299.73
1299.78
1299.94
1301.70
1301.70
1302.50
1303.19
1303.35
1303.46
1304.38
1305.04
1305.21
1305.34
1305.48
1306.37
1307.12
1307.23
1308.72
1309.20
1312.12
1312.46
1312.80
1313.85
1314.14
1314.36
1315.50
1316.63
1316.73
1316.98
1317.71
1317.72
1318.55
1318.57
1320.22
1321.58
1322.01
1322.02
1322.18
1322.30
1322.34
1322.44
1322.47
1323.15
1323.38
1323.51
1323.83
1323.93
1325.09
1326.98
1328.07
1328.09
1328.20
1328.65
1329.91
1329.91
1330.43
1331.22
1332.03
1333.62
1333.67
1334.41
1334.93
1335.74
1337.71
1337.72
1338.29
1338.98
1339.21
1339.50
1339.50
1339.58
1340.62
1343.12
1344.29
1344.43
1345.27
1346.86
1347.92
1348.14
1351.02
1351.06
1351.40
1351.40
1351.69
1351.70
1351.85
1353.72
1353.93
1353.93
1353.99
1354.02
1354.16
1355.95
1356.32
1356.69
1356.74
1356.88
1359.04
1361.55
1361.82
1362.05
1362.14
1362.53
1362.72
1362.82
1363.04
1363.41
1363.78
1364.16
1364.25
1364.75
1365.71
1366.02
1366.10
1368.01
1368.45
1368.46
1369.74
1370.15
1370.20
1370.23
1370.33
1370.88
1372.59
1372.85
1372.94
1373.02
1373.30
1374.56
1376.04
1377.21
1377.29
1377.32
1379.29
1381.05
1381.83
1382.50
1383.86
1384.10
1385.69
1386.36
1386.45
1386.77
1390.10
1390.28
1390.40
1390.92
1390.99
1391.43
1391.52
1392.54
1392.87
1393.75
1393.84
1394.58
1394.65
1395.91
1396.89
1397.02
1397.31
1397.93
1398.25
1399.66
1399.79
1400.76
1402.40
1402.93
1403.05
1403.07
1403.63
1404.27
1404.57
1405.45
1405.64
1406.18
1410.51
1411.32
1411.84
1412.57
1413.70
1414.85
1415.01
1415.30
1415.50
1415.73
1416.23
1416.80
1416.81
1417.96
1418.48
1419.68
1419.91
1420.20
1421.19
1423.10
1423.45
1423.48
1425.86
1426.07
1427.15
1427.26
1427.68
1427.94
1428.14
1428.33
1428.59
1428.70
1429.66
1430.40
1430.66
1430.88
1431.53
1432.02
1432.16
1432.52
1432.57
1433.05
1433.48
1434.57
1434.68
1435.45
1435.79
1436.14
1437.47
1437.92
1438.00
1438.90
1439.14
1439.95
1440.06
1440.17
1440.42
1441.90
1441.91
1443.18
1444.29
1445.60
1446.29
1446.32
1447.54
1447.57
1447.99
1448.43
1449.15
1450.14
1450.86
1451.62
1452.14
1452.81
1452.91
1453.36
1454.01
1455.42
1457.14
1457.24
1458.06
1458.17
1458.34
1458.36
1459.93
1461.28
1464.73
1465.55
1465.68
1466.19
1467.93
1471.00
1471.64
1471.67
1471.67
1472.37
1472.58
1473.81
1475.27
1476.93
1477.13
1477.73
1478.55
1478.58
1479.80
1481.08
1482.43
1482.47
1482.99
1485.33
1487.21
1488.39
1491.71
1492.05
1492.45
1492.60
1494.00
1494.42
1494.89
1496.22
1497.79
1497.90
1500.39
1500.86
1501.30
1501.60
1502.12
1502.21
1502.87
1502.95
1503.31
1503.34
1503.42
1504.56
1504.94
1506.13
1506.37
1506.44
1508.10
1511.32
1511.94
1512.51
1513.17
1514.26
1514.30
1515.17
1515.28
1516.07
1516.38
1516.63
1516.97
1517.74
1518.22
1518.68
1519.60
1519.65
1519.68
1520.24
1520.82
1521.44
1521.77
1521.89
1521.92
1522.64
1522.89
1523.90
1524.52
1525.79
1526.69
1527.23
1529.07
1529.33
1529.64
1529.81
1530.06
1531.07
1532.28
1532.31
1532.98
1533.17
1533.39
1534.60
1535.35
1536.01
1536.18
1536.91
1537.31
1537.38
1537.59
1538.46
1540.77
1540.86
1541.01
1541.12
1541.29
1542.36
1542.53
1542.53
1544.71
1546.87
1546.95
1547.39
1547.93
1548.63
1550.10
1550.56
1551.21
1552.07
1553.60
1554.22
1556.66
1557.08
1557.69
1558.13
1558.16
1560.12
1561.53
1562.65
1562.95
1563.36
1565.02
1565.39
1565.58
1568.29
1568.75
1568.92
1569.22
1569.58
1570.43
1571.14
1571.55
1572.66
1574.09
1574.72
1574.77
1575.25
1576.95
1577.84
1582.88
1583.48
1583.52
1584.91
1589.66
1591.69
1592.45
1592.59
1592.83
1593.71
1594.07
1594.19
1594.66
1595.81
1596.44
1596.45
1596.51
1596.66
1597.23
1597.58
1598.94
1599.10
1600.28
1602.81
1603.01
1603.31
1604.80
1604.84
1605.06
1605.22
1606.28
1609.06
1609.60
1610.47
1611.73
1613.14
1613.24
1614.50
1615.29
1615.72
1617.00
1617.72
1618.58
1621.40
1621.68
1622.31
1622.70
1622.82
1622.84
1623.37
1625.83
1625.93
1626.37
1627.20
1627.60
1627.87
1628.01
1628.20
1628.73
1629.35
1629.79
1630.02
1630.18
1630.25
1632.63
1633.83
1634.34
1634.38
1634.80
1637.16
1638.17
1638.52
1638.88
1639.30
1639.59
1640.08
1640.30
1641.93
1642.96
1643.12
1643.65
1646.66
1646.84
1647.48
1649.05
1649.94
1651.09
1651.16
1651.61
1651.75
1652.96
1653.36
1654.15
1655.56
1656.13
1656.47
1656.47
1657.46
1658.07
1659.13
1659.36
1659.77
1660.56
1661.19
1662.65
1662.97
1663.15
1664.85
1666.65
1667.05
1667.66
1667.88
1670.78
1671.29
1672.14
1672.81
1674.55
1674.77
1675.02
1675.80
1675.91
1676.83
1677.47
1678.07
1681.05
1681.50
1681.57
1682.72
1682.87
1684.29
1686.88
1687.21
1687.59
1688.47
1688.94
1688.94
1689.00
1689.11
1689.80
1689.82
1691.24
1691.83
1692.47
1692.49
1693.52
1694.34
1695.42
1695.90
1696.32
1697.55
1697.77
1697.97
1697.99
1698.07
1698.07
1698.14
1698.86
1699.66
1700.92
1700.95
1701.73
1704.60
1707.31
1707.41
1708.22
1709.62
1710.25
1712.35
1714.03
1714.03
1714.76
1715.31
1715.57
1716.37
1720.96
1722.72
1723.26
1723.95
1724.88
1726.24
1728.58
1729.18
1730.36
1730.69
1731.12
1731.33
1732.57
1734.74
1738.43
1738.58
1738.90
1739.01
1739.54
1741.63
1743.40
1744.32
1745.47
1745.61
1745.72
1745.72
1745.81
1746.99
1749.52
1750.35
1750.45
1750.50
1750.52
1751.04
1751.89
1752.21
1753.65
1757.15
1758.74
1764.02
1764.98
1765.70
1766.05
1766.95
1767.02
1767.25
1768.04
1768.25
1768.46
1769.09
1769.93
1770.08
1770.16
1770.70
1771.96
1773.94
1773.96
1774.71
1775.34
1775.57
1777.24
1778.63
1778.63
1779.13
1779.36
1781.98
1782.58
1784.22
1784.22
1785.20
1786.69
1788.74
1789.30
1790.40
1790.60
1793.12
1794.69
1795.45
1796.30
1796.32
1796.63
1796.93
1797.00
1797.18
1797.45
1797.86
1797.86
1798.83
1800.70
1800.74
1801.46
1801.54
1802.34
1803.16
1804.09
1804.58
1805.03
1806.44
1806.60
1806.73
1806.89
1807.06
1807.38
1807.69
1808.61
1808.94
1809.98
1810.06
1810.35
1811.02
1811.21
1811.27
1811.59
1812.63
1813.27
1814.88
1815.06
1815.35
1815.45
1815.81
1817.57
1818.77
1819.05
1819.09
1820.35
1820.72
1820.80
1821.12
1821.45
1822.36
1824.47
1824.55
1825.71
1827.81
1828.01
1829.55
1831.89
1833.06
1833.12
1835.38
1836.06
1837.53
1839.50
1841.13
1841.47
1841.55
1841.98
1842.98
1843.16
1843.76
1844.02
1844.14
1845.22
1846.33
1846.55
1847.37
1847.53
1848.95
1849.45
1849.73
1849.95
1850.37
1850.51
1851.14
1852.78
1852.82
1854.72
1855.23
1856.81
1857.62
1857.64
1858.92
1860.81
1862.91
1862.99
1863.05
1863.31
1864.56
1865.01
1866.18
1867.73
1869.45
1869.61
1870.16
1870.81
1871.05
1873.85
1875.96
1876.26
1877.09
1877.58
1878.98
1879.37
1880.71
1882.22
1882.63
1883.15
1883.64
1885.01
1885.56
1888.64
1889.81
1889.81
1890.89
1890.97
1892.00
1892.08
1892.82
1893.19
1893.29
1894.97
1895.97
1897.72
1897.84
1898.52
1898.79
1900.06
1900.12
1900.55
1900.72
1900.76
1903.11
1904.11
1904.18
1904.69
1906.46
1908.12
1909.77
1910.43
1910.51
1910.80
1911.17
1911.67
1912.97
1914.01
1914.28
1914.32
1914.44
1914.51
1920.71
1921.08
1921.92
1923.37
1923.81
1924.06
1925.16
1927.66
1928.04
1928.25
1928.29
1929.98
1930.98
1931.42
1931.96
1933.24
1933.26
1933.60
1934.03
1934.83
1935.27
1936.02
1936.59
1937.51
1938.35
1938.52
1938.67
1938.69
1943.45
1943.90
1944.59
1946.15
1946.59
1947.01
1947.43
1949.43
1949.52
1949.58
1949.67
1950.81
1952.01
1952.45
1952.62
1953.83
1954.21
1954.67
1956.01
1956.05
1957.89
1959.25
1960.58
1961.24
1961.75
1962.58
1963.00
1963.11
1963.83
1964.53
1965.62
1965.94
1965.98
1966.04
1966.45
1966.64
1967.06
1967.98
1969.58
1969.64
1970.15
1970.73
1970.77
1975.30
1975.40
1976.86
1978.70
1978.80
1979.15
1979.38
1980.24
1980.56
1981.59
1982.64
1982.68
1983.18
1984.06
1984.31
1986.85
1987.06
1987.43
1988.72
1989.43
1989.90
1990.27
1990.61
1990.64
1991.02
1991.84
1993.07
1993.70
1995.03
1995.23
1995.29
1996.03
1996.39
1997.04
1997.22
1998.40
1999.59
2001.35
2003.06
2003.19
2003.93
2004.12
2005.14
2006.57
2006.75
2007.35
2007.53
2008.46
2009.46
2009.98
2011.22
2011.22
2014.01
2015.38
2017.94
2021.76
2023.10
2023.73
2024.04
2024.15
2025.35
2025.57
2026.36
2027.68
2028.88
2029.78
2030.03
2030.20
2030.22
2031.74
2031.92
2032.99
2033.52
2034.82
2034.93
2037.44
2038.57
2039.01
2040.46
2042.10
2043.51
2043.76
2043.96
2045.59
2047.16
2048.09
2051.20
2051.73
2052.40
2053.00
2054.15
2054.53
2055.78
2057.98
2059.09
2059.61
2060.34
2060.65
2060.99
2062.17
2069.26
2070.60
2070.69
2072.32
2072.64
2073.29
2074.28
2075.31
2075.47
2075.92
2077.22
2078.03
2078.57
2079.31
2079.62
2080.59
2083.45
2083.72
2083.99
2084.02
2086.59
2087.83
2090.25
2090.68
2090.75
2091.86
2092.04
2094.37
2096.05
2096.71
2097.23
2097.77
2099.54
2101.13
2102.34
2105.12
2106.03
2107.65
2107.71
2110.27
2111.21
2112.62
2112.67
2112.74
2112.78
2112.81
2113.38
2113.42
2113.67
2114.52
2114.64
2114.75
2115.23
2115.78
2116.74
2116.86
2117.54
2118.18
2120.48
2120.66
2121.03
2122.43
2123.00
2123.72
2124.04
2124.54
2125.26
2126.11
2126.80
2127.60
2128.66
2129.05
2129.19
2129.93
2132.26
2132.88
2134.29
2136.44
2136.81
2137.27
2137.85
2138.08
2138.24
2138.52
2139.47
2140.56
2141.88
2142.32
2142.69
2143.43
2143.45
2144.08
2147.12
2148.21
2148.51
2152.31
2153.15
2153.26
2154.19
2154.24
2154.31
2154.61
2155.59
2156.06
2156.18
2159.61
2160.96
2163.12
2163.68
2164.19
2164.68
2165.27
2165.86
2166.21
2166.40
2166.75
2169.54
2170.45
2170.78
2171.63
2171.98
2173.27
2175.27
2176.00
2176.85
2179.33
2179.82
2180.62
2180.65
2180.86
2181.26
2181.76
2182.56
2183.53
2183.86
2184.50
2185.16
2185.82
2186.03
2186.51
2187.55
2187.64
2188.04
2188.64
2190.41
2192.07
2192.97
2196.08
2196.68
2199.58
2203.46
2204.87
2205.87
2208.52
2208.79
2209.84
2211.39
2212.35
2215.99
2216.11
2217.09
2217.74
2218.85
2219.42
2220.00
2220.12
2220.86
2221.95
2223.12
2223.75
2223.87
2225.10
2225.70
2225.94
2226.25
2226.30
2226.52
2227.48
2227.51
2228.08
2228.59
2229.14
2231.24
2231.78
2231.90
2234.34
2235.21
2236.01
2236.13
2236.71
2237.82
2240.07
2241.55
2241.67
2241.72
2242.45
2242.67
2245.80
2248.06
2248.43
2248.89
2249.84
2251.79
2253.83
2254.05
2254.59
2254.98
2256.05
2256.18
2257.71
2260.72
2261.36
2262.34
2262.83
2263.27
2263.98
2264.49
2266.65
2266.72
2266.92
2267.73
2268.32
2269.00
2272.32
2273.21
2273.25
2278.23
2279.12
2280.72
2281.39
2282.52
2283.88
2284.65
2284.87
2285.17
2285.69
2285.76
2288.80
2290.46
2292.32
2293.89
2295.03
2295.57
2297.26
2297.44
2298.06
2298.23
2300.02
2302.31
2302.39
2304.71
2304.91
2305.01
2306.75
2306.80
2307.75
2310.30
2311.50
2312.78
2313.28
2314.75
2319.72
2319.87
2320.92
2322.18
2325.72
2326.23
2327.81
2331.01
2332.28
2333.08
2333.11
2335.00
2336.19
2336.75
2338.62
2339.78
2340.97
2342.72
2343.41
2345.28
2345.66
2346.40
2346.93
2347.39
2348.51
2348.89
2349.96
2351.08
2351.64
2351.74
2352.27
2353.67
2353.98
2354.39
2354.46
2355.56
2355.58
2355.63
2356.40
2356.63
2356.70
2357.21
2357.85
2358.92
2360.17
2360.33
2361.22
2361.43
2362.14
2363.37
2365.21
2366.08
2366.21
2366.23
2367.90
2368.23
2371.10
2371.49
2371.51
2372.16
2372.95
2373.39
2374.52
2374.60
2377.29
2377.45
2378.25
2379.35
2379.64
2380.51
2380.54
2380.56
2382.81
2384.28
2385.88
2388.28
2390.48
2390.81
2390.84
2391.56
2391.87
2392.55
2392.93
2395.08
2397.78
2397.91
2399.86
2402.06
2403.05
2403.13
2403.13
2404.82
2405.45
2405.99
2406.02
2408.10
2409.22
2409.51
2410.63
2413.40
2415.98
2416.09
2417.81
2420.22
2421.35
2421.53
2423.26
2424.26
2427.43
2427.70
2431.40
2431.67
2434.67
2434.90
2436.27
2436.51
2440.47
2442.58
2443.67
2444.99
2445.12
2445.31
2447.05
2449.86
2450.13
2450.71
2453.20
2455.25
2458.62
2458.92
2459.50
2459.85
2462.94
2464.03
2465.36
2465.92
2466.54
2469.23
2470.14
2470.89
2475.71
2475.98
2480.32
2481.31
2485.48
2488.92
2489.89
2491.35
2492.61
2492.72
2493.94
2494.58
2494.88
2495.37
2495.50
2500.53
2502.13
2502.13
2503.10
2504.05
2507.74
2508.28
2509.01
2510.21
2511.48
2511.73
2513.44
2513.88
2515.89
2518.56
2518.97
2519.10
2519.13
2519.73
2520.06
2521.04
2524.07
2525.79
2527.02
2528.14
2528.77
2529.46
2530.08
2532.88
2533.92
2534.99
2535.35
2537.49
2538.15
2538.75
2539.19
2540.15
2540.21
2541.11
2545.79
2547.09
2548.24
2548.46
2549.40
2551.31
2552.16
2553.46
2554.15
2555.06
2556.11
2556.81
2557.75
2559.49
2559.66
2559.82
2562.48
2564.40
2565.51
2565.98
2569.12
2569.54
2572.18
2572.71
2576.10
2576.44
2576.55
2580.96
2581.32
2581.46
2583.64
2583.95
2584.20
2584.26
2585.71
2586.38
2587.08
2588.40
2589.69
2590.98
2592.27
2593.16
2593.30
2593.75
2599.91
2602.72
2607.68
2608.87
2608.90
2610.42
2610.42
2611.69
2611.72
2611.80
2612.12
2612.37
2616.81
2616.98
2617.26
2617.55
2618.60
2618.82
2620.83
2623.05
2625.92
2626.46
2626.80
2627.39
2630.12
2631.38
2633.68
2633.88
2635.02
2635.71
2636.39
2636.65
2637.76
2638.22
2640.36
2641.99
2642.30
2642.50
2642.62
2642.87
2644.48
2644.59
2645.25
2647.00
2647.48
2647.74
2651.75
2652.62
2652.70
2653.19
2654.02
2654.05
2655.83
2657.61
2659.54
2659.80
2660.49
2662.91
2664.55
2665.71
2666.40
2666.63
2670.67
2671.08
2671.13
2671.71
2676.37
2682.31
2683.04
2683.24
2684.17
2685.39
2686.44
2687.75
2687.83
2688.76
2688.82
2691.67
2691.85
2692.29
2696.51
2698.24
2698.99
2699.93
2701.45
2701.57
2707.80
2708.47
2708.59
2708.62
2710.00
2710.82
2714.55
2714.90
2717.45
2720.69
2720.81
2726.02
2726.82
2727.26
2727.41
2727.50
2727.79
2730.13
2732.37
2734.00
2734.30
2734.50
2734.50
2734.77
2737.02
2739.18
2739.33
2746.72
2746.90
2746.99
2749.46
2749.69
2750.62
2751.21
2754.22
2755.98
2756.19
2756.51
2759.86
2760.42
2761.08
2765.66
2766.19
2766.40
2766.91
2767.21
2767.24
2767.45
2769.49
2769.58
2769.64
2773.45
2774.20
2775.73
2776.93
2779.85
2780.33
2782.49
2782.64
2782.68
2783.13
2783.82
2784.15
2784.18
2784.45
2787.07
2787.13
2787.47
2790.57
2792.57
2792.66
2793.41
2793.66
2795.77
2798.89
2798.92
2799.13
2799.37
2802.13
2802.28
2802.44
2803.25
2803.56
2803.68
2805.71
2806.11
2806.11
2806.23
2808.81
2811.27
2812.09
2813.19
2813.86
2814.53
2814.83
2816.14
2817.82
2819.44
2819.74
2820.50
2821.42
2823.34
2823.44
2823.83
2831.48
2834.06
2835.28
2838.91
2839.49
2839.86
2840.50
2841.03
2841.09
2842.44
2843.82
2846.96
2847.52
2848.32
2848.44
2849.06
2849.55
2853.66
2854.68
2855.94
2857.98
2858.85
2859.56
2862.38
2863.49
2864.76
2865.82
2866.44
2868.79
2874.14
2875.48
2877.84
2878.46
2880.02
2881.92
2882.05
2882.77
2884.23
2884.73
2886.39
2888.98
2889.17
2889.45
2892.29
2895.02
2895.43
2897.27
2899.38
2900.35
2902.20
2902.95
2903.05
2905.63
2906.32
2909.65
2911.76
2911.92
2912.80
2913.72
2913.78
2914.28
2915.17
2916.33
2917.88
2918.29
2918.57
2922.02
2924.68
2929.08
2929.20
2930.82
2934.09
2934.41
2937.11
2938.41
2938.89
2939.20
2943.60
2944.68
2944.71
2945.03
2945.86
2947.33
2949.30
2949.94
2953.65
2954.19
2954.80
2956.43
2957.26
2960.40
2960.46
2961.61
2961.71
2961.84
2961.87
2962.42
2965.98
2967.04
2968.29
2968.54
2968.77
2969.64
2974.33
2975.94
2977.33
2978.07
2978.49
2978.52
2979.00
2979.29
2982.13
2984.65
2984.94
2985.23
2986.39
2988.01
2988.69
2989.30
2990.72
2991.15
2991.53
2993.87
2995.36
2998.47
2998.66
2999.21
3000.81
3001.97
3004.41
3008.71
3009.94
3011.93
3011.96
3014.31
3017.12
3017.28
3018.45
3023.00
3026.73
3028.27
3030.73
3031.12
3033.12
3034.30
3035.78
3036.96
3038.38
3039.89
3040.68
3041.04
3041.93
3043.67
3044.04
3044.50
3044.79
3045.42
3045.58
3045.82
3047.07
3049.90
3050.63
3050.99
3052.22
3055.06
3055.22
3055.52
3055.92
3056.71
3057.87
3058.86
3060.02
3060.09
3060.98
3061.54
3063.46
3066.68
3069.60
3071.23
3071.86
3073.29
3073.39
3073.42
3073.72
3081.05
3081.72
3083.38
3084.92
3085.59
3087.29
3088.63
3090.20
3093.04
3094.01
3095.48
3099.40
3101.42
3101.59
3102.32
3104.74
3105.25
3106.59
3108.84
3109.99
3111.64
3111.87
3111.91
3112.41
3113.25
3115.61
3117.20
3118.78
3119.56
3119.66
3121.18
3123.07
3126.32
3126.35
3126.96
3129.77
3133.70
3133.94
3135.77
3136.48
3138.48
3138.65
3138.86
3141.10
3141.64
3142.02
3143.14
3144.19
3146.27
3146.64
3146.71
3150.12
3150.77
3151.86
3152.23
3152.33
3154.04
3155.51
3157.18
3159.98
3160.87
3161.80
3163.37
3164.29
3164.94
3165.77
3167.86
3170.15
3172.21
3172.52
3173.28
3173.41
3173.65
3174.75
3175.13
3176.06
3176.30
3177.98
3180.43
3181.73
3183.73
3184.21
3188.25
3188.59
3190.59
3190.63
3193.39
3195.95
3196.40
3198.02
3198.99
3200.14
3200.66
3201.31
3202.18
3206.65
3207.73
3207.83
3208.35
3209.81
3214.12
3216.07
3216.17
3216.31
3216.31
3216.59
3216.87
3217.25
3217.67
3218.19
3218.44
3219.62
3220.49
3220.94
3221.43
3221.64
3222.58
3223.11
3223.87
3224.54
3224.85
3225.86
3226.59
3228.27
3234.56
3234.91
3234.91
3235.89
3237.40
3237.65
3239.54
3242.10
3243.78
3247.61
3250.98
3251.97
3254.96
3255.17
3257.25
3258.73
3259.05
3259.26
3259.61
3260.35
3262.37
3262.61
3270.57
3270.60
3271.52
3273.04
3274.53
3280.38
3281.13
3281.30
3285.64
3287.13
3287.67
3289.91
3290.34
3291.47
3292.72
3294.72
3294.72
3300.68
3301.32
3301.68
3302.18
3302.32
3306.43
3309.97
3310.65
3310.76
3312.55
3313.27
3313.95
3314.13
3314.42
3315.03
3316.43
3320.99
3322.42
3329.01
3329.37
3329.41
3331.60
3334.42
3336.87
3336.98
3337.34
3337.34
3337.77
3339.80
3341.13
3342.91
3346.23
3346.67
3347.39
3347.97
3350.76
3352.58
3353.08
3358.42
3358.64
3359.77
3364.50
3364.93
3365.48
3367.34
3370.11
3370.91
3371.02
3371.86
3373.10
3375.69
3377.85
3384.28
3386.96
3387.40
3387.98
3392.61
3393.45
3394.81
3396.39
3398.19
3398.23
3401.72
3402.35
3402.64
3404.34
3406.73
3408.94
3408.98
3412.56
3413.48
3413.63
3414.19
3416.51
3420.55
3421.77
3424.95
3425.21
3425.40
3429.40
3430.70
3431.63
3431.96
3433.75
3433.97
3436.31
3437.13
3437.31
3438.24
3438.65
3439.47
3443.12
3445.47
3450.02
3451.14
3451.89
3456.18
3457.68
3458.09
3458.69
3460.49
3465.06
3465.55
3467.50
3467.61
3467.65
3470.57
3472.19
3475.08
3482.69
3483.48
3484.38
3485.25
3485.48
3496.81
3497.68
3501.28
3501.39
3511.56
3512.24
3514.52
3514.67
3515.13
3515.36
3515.97
3516.20
3516.99
3518.10
3526.41
3528.47
3536.15
3536.80
3539.44
3540.25
3540.28
3540.28
3540.51
3540.55
3542.66
3544.50
3547.38
3547.84
3550.45
3550.72
3555.45
3556.10
3556.14
3559.99
3560.87
3561.76
3562.26
3563.26
3569.59
3571.14
3572.22
3572.34
3573.50
3575.86
3576.16
3576.24
3576.36
3577.52
3581.93
3583.25
3584.14
3587.64
3590.90
3595.37
3595.45
3596.77
3598.44
3599.50
3599.81
3606.04
3606.63
3606.86
3607.88
3608.78
3608.82
3609.91
3612.25
3615.93
3618.08
3618.63
3618.82
3619.88
3620.78
3621.53
3621.65
3624.86
3627.96
3628.35
3629.73
3630.87
3633.34
3634.44
3635.23
3638.81
3638.97
3640.27
3640.35
3641.57
3641.88
3642.35
3643.81
3644.21
3644.96
3645.35
3651.23
3652.10
3652.18
3652.66
3653.68
3654.39
3655.11
3656.02
3656.41
3656.73
3656.97
3657.84
3659.14
3661.80
3662.11
3662.39
3663.58
3663.70
3663.94
3668.97
3671.44
3672.83
3674.10
3674.14
3675.93
3680.62
3681.50
3681.54
3682.78
3684.77
3686.12
3687.00
3688.12
3688.76
3688.88
3690.75
3692.99
3694.27
3697.95
3699.75
3705.00
3706.04
3706.80
3709.57
3711.18
3711.82
3714.07
3714.79
3715.11
3717.00
3717.16
3719.17
3725.58
3726.06
3726.30
3726.30
3726.91
3727.76
3727.80
3727.92
3728.56
3732.40
3734.42
3735.43
3735.99
3740.97
3741.82
3742.34
3743.07
3744.33
3746.84
3750.86
3751.14
3751.22
3755.45
3755.97
3758.62
3759.10
3759.43
3764.68
3765.25
3766.11
3767.04
3767.62
3768.23
3768.31
3769.08
3776.68
3778.68
3785.06
3785.55
3789.32
3790.51
3793.59
3797.94
3801.64
3803.78
3804.57
3806.99
3807.37
3807.86
3808.02
3808.11
3809.26
3813.80
3814.21
3814.50
3817.10
3817.39
3818.26
3819.37
3820.24
3820.65
3821.15
3822.10
3822.60
3822.64
3826.69
3827.94
3830.26
3831.79
3831.96
3833.12
3833.24
3834.65
3834.65
3839.43
3839.76
3840.63
3842.09
3842.21
3842.67
3843.21
3845.29
3847.62
3847.91
3848.62
3849.53
3850.99
3858.96
3859.50
3862.17
3863.14
3865.31
3865.60
3868.45
3873.56
3875.11
3876.53
3878.72
3879.14
3883.46
3886.28
3888.25
3893.77
3895.79
3900.47
3901.36
3901.57
3903.77
3904.95
3906.68
3907.27
3909.77
3912.99
3913.66
3915.48
3919.21
3920.15
3924.82
3929.53
3929.66
3929.96
3931.02
3932.21
3933.28
3934.72
3936.13
3936.64
3936.85
3939.62
3939.75
3944.19
3945.55
3950.63
3951.70
3955.00
3956.58
3958.85
3961.25
3965.75
3965.97
3966.10
3966.52
3967.77
3967.94
3968.24
3969.40
3971.85
3978.99
3981.27
3984.20
3985.06
3985.45
3986.83
3987.74
3993.48
3995.69
3996.12
3996.33
3997.63
3999.88
4009.89
4013.49
4013.80
4013.84
4014.54
4016.49
4017.93
4018.49
4022.75
4023.71
4024.45
4025.28
4025.41
4026.28
4028.72
4029.29
4032.82
4033.96
4034.04
4035.96
4037.36
4037.45
4037.89
4038.76
4039.63
4041.38
4043.88
4045.98
4046.90
4047.29
4048.56
4049.96
4050.09
4052.37
4056.10
4060.14
4061.59
4064.14
4066.30
4068.54
4069.11
4075.59
4076.91
4078.68
4078.85
4078.85
4082.52
4084.51
4085.70
4088.04
4093.27
4095.53
4099.74
4099.83
4105.06
4106.22
4106.40
4107.46
4109.46
4111.87
4121.22
4122.65
4123.40
4123.94
4126.13
4126.39
4127.42
4130.46
4130.68
4131.58
4133.68
4135.11
4135.74
4137.44
4139.32
4141.78
4145.59
4147.66
4148.33
4149.36
4149.59
4154.66
4156.82
4159.07
4159.16
4165.33
4165.38
4165.65
4166.73
4169.61
4171.83
4175.08
4178.78
4179.10
4181.09
4181.13
4181.36
4182.45
4186.75
4186.93
4188.51
4192.60
4193.91
4195.00
4195.36
4196.36
4197.23
4197.54
4197.68
4198.32
4199.04
4201.27
4201.27
4206.50
4213.29
4214.47
4214.97
4218.58
4222.19
4222.78
4226.53
4226.80
4227.81
4228.04
4229.32
4232.02
4233.26
4239.81
4240.82
4245.41
4246.10
4247.29
4251.75
4252.44
4253.09
4253.55
4253.69
4254.24
4254.61
4255.16
4255.39
4256.26
4260.13
4262.81
4270.29
4270.89
4271.07
4271.12
4272.46
4277.64
4277.96
4281.90
4288.16
4291.73
4292.76
4292.85
4295.91
4299.50
4299.77
4302.01
4308.25
4308.62
4309.88
4310.16
4313.19
4313.89
4316.09
4316.56
4319.55
4323.80
4325.58
4326.56
4333.78
4335.00
4335.79
4336.03
4339.03
4345.28
4347.87
4349.47
4350.13
4350.31
4353.04
4354.22
4354.41
4356.30
4357.47
4358.13
4366.44
4366.91
4367.34
4368.71
4369.32
4369.37
4372.45
4374.01
4375.47
4380.87
4388.13
4389.18
4393.12
4394.17
4394.26
4394.40
4395.69
4395.93
4397.97
4400.97
4408.69
4409.26
4410.36
4411.55
4412.51
4417.24
4422.35
4422.79
4426.76
4427.14
4429.73
4430.64
4432.13
4432.41
4433.37
4433.37
4433.66
4433.71
4436.73
4438.27
4438.37
4439.04
4441.30
4441.34
4447.31
4448.27
4450.68
4451.98
4455.35
4457.71
4463.31
4463.75
4464.08
4464.42
4466.84
4469.54
4469.93
4472.83
4473.12
4474.96
4476.27
4477.43
4477.97
4478.40
4480.29
4484.03
4487.04
4488.20
4489.56
4493.50
4494.52
4498.02
4498.51
4499.09
4502.94
4506.45
4509.47
4509.77
4510.25
4514.21
4519.63
4519.78
4521.93
4529.08
4530.85
4533.25
4534.82
4536.00
4536.29
4537.86
4545.04
4548.68
4551.88
4554.04
4554.49
4554.78
4554.93
4555.57
4557.20
4557.79
4561.39
4563.51
4563.91
4564.16
4566.13
4567.76
4568.31
4569.99
4573.00
4579.44
4586.63
4588.67
4593.48
4596.92
4603.29
4603.68
4605.73
4613.81
4615.06
4615.31
4619.95
4626.15
4628.86
4630.61
4631.81
4633.87
4635.92
4639.09
4640.99
4642.30
4642.40
4643.91
4655.53
4656.38
4657.19
4660.37
4661.32
4661.98
4662.49
4664.00
4664.05
4669.50
4672.43
4673.70
4674.96
4676.02
4677.39
4678.30
4679.31
4684.23
4687.68
4688.13
4688.33
4688.69
4690.42
4690.42
4692.50
4695.14
4695.90
4698.90
4704.14
4704.75
4706.02
4708.41
4711.12
4712.59
4714.63
4716.47
4717.24
4718.26
4725.21
4728.17
4729.55
4730.06
4733.90
4736.98
4740.52
4741.13
4743.70
4753.56
4753.87
4760.41
4760.67
4760.82
4765.25
4765.87
4767.47
4769.89
4773.10
4773.92
4775.78
4776.14
4780.49
4781.42
4782.97
4783.07
4783.33
4784.88
4788.61
4790.84
4791.72
4792.03
4793.43
4793.75
4794.47
4796.29
4796.81
4798.26
4799.51
4800.29
4803.45
4804.13
4804.29
4805.64
4811.99
4822.88
4825.12
4826.22
4831.03
4834.01
4834.32
4840.65
4842.07
4844.69
4847.99
4848.41
4848.41
4850.20
4850.56
4851.72
4857.29
4858.02
4858.70
4859.97
4861.44
4865.75
4867.02
4879.78
4880.73
4881.31
4883.32
4883.48
4884.48
4885.01
4888.29
4889.13
4889.24
4900.15
4902.75
4904.02
4905.93
4906.46
4908.05
4911.03
4911.03
4911.35
4930.41
4930.68
4932.54
4932.92
4933.08
4933.88
4940.77
4940.77
4943.28
4949.44
4949.60
4952.01
4952.87
4953.99
4955.65
4956.40
4957.42
4961.98
4969.02
4970.26
4972.14
4979.09
4980.06
4983.88
4998.14
4999.22
5000.57
5009.45
5010.10
5010.59
5010.76
5011.03
5012.11
5019.55
5022.04
5023.08
5025.31
5025.36
5026.28
5026.56
5037.61
5039.79
5040.77
5041.59
5043.44
5043.72
5044.86
5045.63
5047.32
5049.01
5049.83
5051.04
5051.69
5052.24
5052.24
5052.40
5053.44
5054.26
5059.13
5060.55
5061.38
5062.42
5063.57
5065.26
5068.88
5071.79
5074.26
5075.36
5078.05
5078.49
5082.39
5082.67
5086.63
5087.12
5091.81
5097.37
5099.52
5101.90
5104.11
5107.64
5108.58
5114.11
5115.61
5116.66
5118.26
5119.04
5122.86
5125.63
5126.19
5126.47
5131.46
5135.96
5136.68
5138.57
5138.96
5140.24
5140.46
5141.46
5142.08
5142.80
5145.14
5158.63
5158.96
5159.30
5159.91
5163.99
5165.83
5170.30
5173.38
5174.11
5174.11
5176.13
5178.14
5178.76
5183.52
5183.52
5188.74
5193.12
5202.51
5205.22
5205.72
5206.17
5207.25
5210.40
5212.60
5217.85
5219.49
5224.57
5225.53
5228.19
5228.81
5230.91
5231.75
5237.59
5237.99
5238.44
5238.61
5245.24
5245.59
5246.04
5248.20
5252.80
5253.31
5257.92
5258.31
5260.08
5260.65
5260.70
5260.76
5261.10
5261.96
5269.53
5274.04
5278.95
5285.41
5288.55
5291.76
5293.82
5302.71
5303.97
5309.48
5314.42
5319.43
5319.60
5322.83
5328.53
5332.39
5338.98
5341.40
5342.56
5343.08
5344.64
5345.16
5347.47
5352.28
5354.25
5355.64
5362.65
5366.20
5374.97
5379.57
5381.60
5384.87
5387.49
5389.30
5389.47
5396.41
5399.63
5400.68
5401.96
5404.36
5404.77
5404.95
5414.60
5417.65
5421.23
5422.11
5424.10
5429.03
5432.32
5432.50
5434.03
5438.38
5439.26
5439.32
5440.03
5441.21
5444.03
5446.98
5449.04
5451.05
5456.12
5464.51
5464.69
5466.29
5467.17
5469.95
5471.79
5472.50
5477.65
5479.25
5482.10
5486.08
5487.62
5490.71
5492.73
5495.11
5496.95
5499.45
5501.47
5507.72
5508.62
5512.61
5516.37
5521.09
5525.51
5526.83
5533.05
5542.64
5553.68
5557.23
5558.73
5565.05
5572.40
5573.12
5574.09
5574.21
5586.65
5588.04
5596.27
5599.90
5603.66
5608.75
5612.40
5622.12
5624.43
5626.62
5640.71
5640.77
5645.16
5646.69
5649.20
5650.48
5651.33
5654.58
5655.74
5656.17
5656.29
5661.62
5663.09
5668.36
5668.67
5670.87
5674.00
5675.05
5676.64
5679.22
5679.47
5680.58
5683.34
5693.19
5694.48
5695.72
5697.69
5704.29
5706.76
5712.13
5720.48
5722.28
5722.53
5727.61
5731.57
5732.94
5733.00
5735.29
5741.88
5747.28
5751.89
5752.01
5754.50
5757.18
5758.92
5762.91
5769.90
5771.15
5774.02
5777.40
5777.65
5784.40
5795.24
5795.80
5796.37
5799.82
5803.08
5805.03
5807.42
5808.86
5809.81
5813.14
5813.89
5820.75
5822.39
5823.71
5824.79
5838.60
5841.38
5843.79
5844.48
5847.77
5848.09
5856.32
5857.27
5857.71
5860.12
5862.60
5862.85
5865.83
5866.21
5866.91
5867.61
5870.40
5880.45
5881.72
5882.04
5883.50
5883.88
5886.11
5892.23
5894.21
5897.59
5902.38
5913.69
5913.95
5919.13
5919.32
5927.91
5928.94
5935.93
5936.58
5938.44
5941.52
5941.97
5943.32
5945.70
5947.63
5949.44
5949.63
5961.62
5963.49
5972.46
5977.83
5977.83
5979.38
5981.32
5984.62
5984.82
5987.67
5990.97
5993.50
5995.77
5997.00
5998.17
5999.02
6001.16
6004.28
6013.70
6015.52
6016.18
6020.54
6025.62
6036.98
6039.79
6046.39
6051.17
6051.43
6057.13
6065.78
6071.37
6082.02
6082.21
6082.68
6083.86
6085.70
6086.43
6090.78
6091.83
6092.69
6092.75
6104.30
6109.06
6110.31
6113.09
6116.93
6118.19
6118.38
6118.38
6120.37
6123.35
6135.29
6135.29
6140.47
6141.27
6148.38
6149.51
6149.98
6150.24
6153.77
6154.24
6154.90
6156.04
6158.23
6158.90
6159.63
6160.17
6161.43
6167.30
6167.57
6170.24
6171.97
6173.98
6176.78
6179.33
6180.33
6181.00
6184.48
6185.75
6186.28
6188.16
6188.96
6191.57
6192.31
6192.64
6194.32
6201.96
6214.59
6214.66
6215.13
6216.81
6217.55
6218.36
6224.89
6231.16
6234.93
6236.15
6236.96
6237.63
6242.49
6244.05
6244.38
6248.30
6254.05
6259.88
6262.65
6262.99
6271.13
6273.03
6274.25
6277.24
6277.99
6278.87
6286.21
6287.64
6287.98
6288.12
6296.01
6301.26
6302.42
6303.92
6304.12
6304.26
6306.03
6306.72
6309.65
6315.12
6330.23
6330.44
6332.70
6336.88
6336.95
6337.70
6338.12
6341.68
6347.11
6350.47
6353.84
6355.83
6362.92
6364.85
6369.12
6372.70
6373.74
6378.50
6381.81
6383.26
6383.54
6395.15
6395.36
6401.17
6401.24
6404.64
6407.69
6409.08
6409.21
6411.92
6414.83
6414.97
6416.15
6424.35
6425.95
6426.85
6429.36
6430.47
6431.93
6445.24
6449.56
6450.61
6454.52
6455.77
6459.76
6469.97
6475.01
6478.73
6482.09
6483.42
6485.11
6485.18
6494.31
6498.95
6500.70
6508.38
6514.08
6515.84
6516.41
6519.23
6522.97
6526.29
6531.30
6541.91
6545.52
6548.57
6549.35
6557.29
6558.07
6558.28
6567.02
6576.97
6599.85
6602.64
6603.28
6606.50
6607.78
6610.36
6617.59
6618.88
6622.17
6625.11
6625.75
6627.55
6628.98
6636.44
6638.31
6642.41
6645.43
6647.58
6648.66
6658.60
6659.53
6663.14
6666.17
6670.06
6671.94
6673.60
6679.23
6681.26
6682.63
6684.87
6686.03
6696.53
6697.61
6698.92
6700.08
6708.64
6713.43
6716.70
6720.99
6727.32
6728.70
6730.38
6734.53
6735.55
6745.25
6746.78
6748.17
6750.36
6752.11
6752.70
6757.01
6764.40
6764.91
6764.98
6766.23
6766.59
6769.74
6775.38
6776.70
6777.80
6782.35
6784.11
6790.06
6791.38
6800.50
6807.35
6813.76
6814.87
6815.60
6826.90
6830.07
6831.48
6834.95
6835.62
6836.06
6837.84
6842.72
6850.05
6856.13
6862.29
6862.44
6863.48
6875.23
6877.46
6880.88
6887.96
6891.54
6895.12
6903.10
6905.72
6906.76
6912.07
6914.47
6919.03
6932.82
6933.72
6937.25
6943.40
6943.63
6948.14
6961.83
6963.79
6965.38
6969.14
6975.78
6977.60
6978.58
6983.71
6985.45
6988.78
6996.80
7000.58
7002.55
7014.46
7020.84
7023.72
7025.93
7029.12
7031.63
7033.08
7035.13
7038.33
7043.36
7043.51
7047.40
7047.63
7047.86
7051.06
7063.12
7063.28
7067.10
7079.96
7081.18
7086.47
7088.69
7089.08
7089.85
7099.52
7102.90
7103.90
7109.13
7110.74
7111.43
7115.90
7124.60
7128.46
7136.10
7136.10
7136.41
7137.87
7149.24
7159.45
7160.93
7164.57
7164.96
7169.84
7182.81
7183.51
7188.48
7189.88
7193.15
7197.51
7199.38
7204.13
7208.11
7208.35
7231.00
7253.64
7258.04
7265.74
7272.82
7276.52
7283.77
7289.36
7293.78
7294.26
7294.65
7297.02
7306.10
7315.44
7322.17
7322.72
7323.12
7325.42
7328.91
7329.38
7331.92
7337.63
7338.11
7340.49
7342.24
7343.03
7344.86
7350.19
7353.45
7366.91
7367.86
7373.13
7373.53
7375.36
7385.58
7389.10
7390.46
7397.74
7399.50
7399.74
7402.22
7406.39
7416.49
7419.22
7423.32
7431.35
7436.74
7438.91
7440.12
7444.95
7448.34
7456.40
7459.63
7462.70
7467.87
7480.89
7486.64
7489.96
7490.12
7493.60
7495.79
7499.93
7501.07
7511.54
7511.79
7515.93
7519.19
7521.22
7522.36
7522.44
7525.37
7529.12
7529.77
7532.95
7538.66
7555.97
7561.69
7564.31
7564.64
7568.24
7571.03
7572.09
7572.75
7573.98
7576.19
7576.68
7577.58
7584.64
7585.87
7586.11
7587.51
7587.59
7593.92
7594.82
7599.34
7612.67
7613.17
7614.24
7618.11
7619.02
7622.23
7622.32
7628.26
7636.02
7637.34
7644.20
7657.03
7661.09
7667.73
7670.38
7676.03
7680.51
7681.18
7682.84
7687.00
7692.91
7696.24
7706.24
7714.33
7715.08
7716.75
7717.83
7718.84
7719.34
7732.38
7736.98
7739.74
7741.17
7745.02
7750.47
7762.81
7763.23
7765.50
7767.76
7772.22
7779.88
7782.15
7784.76
7789.65
7793.19
7796.31
7812.86
7816.41
7817.43
7817.93
7823.69
7824.45
7824.70
7827.07
7827.84
7828.26
7828.60
7838.68
7850.82
7853.29
7857.79
7858.30
7860.94
7865.02
7865.11
7872.94
7876.09
7883.08
7886.58
7889.74
7890.42
7891.79
7892.56
7898.96
7900.24
7903.32
7903.75
7917.53
7920.70
7926.27
7942.84
7942.93
7944.82
7949.38
7950.49
7950.92
7960.22
7960.22
7966.17
7973.50
7979.11
7982.39
7982.99
7984.81
8000.98
8005.31
8007.21
8010.33
8014.41
8021.09
8022.48
8022.91
8026.30
8030.20
8030.47
8031.25
8036.46
8036.55
8036.64
8038.81
8046.47
8054.74
8077.70
8082.68
8084.78
8084.78
8087.75
8087.93
8103.78
8105.89
8107.38
8109.05
8110.98
8116.42
8120.37
8123.54
8128.99
8129.08
8134.97
8135.23
8138.76
8157.00
8165.75
8169.19
8170.78
8175.83
8186.71
8194.87
8195.22
8203.92
8210.93
8214.13
8215.37
8216.08
8217.60
8218.93
8221.95
8224.27
8224.45
8229.34
8231.03
8238.87
8250.38
8254.04
8270.76
8292.89
8293.79
8301.78
8308.25
8312.48
8314.54
8315.62
8317.69
8319.49
8319.58
8327.42
8333.82
8335.98
8345.64
8346.00
8346.99
8352.78
8357.84
8358.56
8363.81
8380.02
8387.28
8389.19
8396.72
8406.54
8420.56
8420.65
8422.02
8423.93
8424.66
8431.59
8432.41
8442.09
8457.54
8463.86
8467.06
8468.89
8471.92
8472.47
8474.85
8496.06
8503.42
8506.09
8512.07
8520.18
8527.37
8528.57
8528.67
8534.30
8543.90
8546.59
8547.70
8552.14
8557.97
8558.99
8566.86
8579.11
8580.68
8584.40
8585.61
8591.00
8596.11
8607.18
8610.35
8614.82
8619.58
8636.38
8637.22
8639.00
8644.14
8664.55
8666.43
8673.75
8678.25
8679.94
8686.43
8691.03
8703.36
8722.40
8723.16
8723.35
8736.48
8739.97
8741.87
8750.00
8751.80
8755.12
8761.85
8766.97
8768.58
8768.96
8772.75
8779.02
8780.73
8788.72
8811.09
8817.58
8818.82
8819.96
8825.21
8827.50
8830.75
8830.85
8836.39
8841.46
8842.32
8843.18
8868.86
8869.72
8870.01
8888.27
8890.86
8892.31
8899.81
8912.05
8913.98
8921.22
8931.84
8933.29
8933.87
8934.84
8936.38
8943.93
8953.51
8955.45
8963.11
8969.71
8972.91
8978.25
8987.19
8989.53
8990.31
8998.38
9002.18
9007.83
9009.39
9011.63
9014.17
9014.56
9017.49
9019.14
9025.88
9039.76
9041.03
9043.08
9046.31
9050.62
9052.97
9066.01
9071.41
9077.49
9080.34
9086.34
9095.29
9098.44
9106.12
9114.10
9115.19
9121.60
9129.10
9129.20
9130.19
9130.19
9136.61
9136.61
9141.76
9144.82
9153.83
9166.91
9172.57
9176.54
9176.64
9177.53
9188.66
9191.05
9193.53
9195.23
9199.50
9202.99
9226.42
9231.11
9237.81
9239.71
9260.62
9265.43
9279.08
9280.99
9283.40
9294.95
9306.33
9309.35
9312.77
9324.97
9325.58
9334.36
9337.80
9346.89
9348.61
9350.03
9356.20
9356.81
9359.04
9360.66
9364.71
9368.56
9368.66
9385.91
9392.31
9393.63
9398.21
9401.97
9406.95
9411.54
9420.20
9427.74
9438.46
9445.71
9455.63
9465.87
9475.40
9488.73
9491.40
9491.81
9508.77
9516.08
9528.86
9542.37
9546.40
9546.50
9546.50
9554.98
9561.39
9561.60
9565.42
9592.68
9598.39
9602.55
9603.38
9605.98
9611.49
9611.70
9622.62
9647.95
9660.07
9675.24
9676.28
9681.63
9696.20
9698.82
9699.03
9699.24
9701.23
9711.00
9732.14
9735.72
9736.36
9755.86
9767.27
9773.19
9775.31
9787.27
9810.70
9813.03
9827.27
9833.12
9834.93
9842.70
9845.36
9848.98
9862.42
9867.76
9877.59
9882.07
9890.74
9893.09
9899.63
9904.66
9905.41
9913.56
9916.67
9925.04
9927.30
9940.95
9956.77
9966.15
9973.49
9978.23
10005.26
10008.40
10016.42
10020.32
10026.94
10031.71
10056.49
10057.25
10067.81
10071.19
10077.40
10078.06
10078.38
10082.75
10082.75
10092.24
10120.78
10123.63
10139.85
10141.17
10148.31
10151.27
10159.29
10159.29
10181.19
10191.44
10196.95
10210.09
10213.19
10223.58
10224.13
10225.13
10230.00
10231.77
10234.98
10256.04
10257.26
10264.37
10281.26
10288.16
10296.18
10305.21
10305.32
10310.22
10318.71
10319.82
10321.50
10325.29
10342.63
10343.07
10357.86
10357.97
10358.64
10361.78
10367.72
10382.54
10393.56
10400.64
10408.30
10408.52
10414.94
10416.52
10437.84
10444.40
10448.01
10485.16
10494.69
10497.65
10498.33
10499.46
10512.08
10517.88
10523.80
10530.86
10532.91
10554.59
10558.25
10562.82
10563.73
10564.30
10599.57
10602.20
10602.78
10604.04
10610.93
10629.20
10640.13
10651.88
10656.26
10656.37
10656.95
10681.19
10686.39
10688.24
10699.35
10703.63
10711.86
10715.11
10716.15
10719.40
10721.48
10731.70
10738.90
10739.60
10750.17
10753.55
10759.95
10769.85
10781.63
10783.49
10786.53
10788.51
10792.48
10793.65
10799.72
10814.34
10815.16
10831.55
10831.67
10833.55
10833.66
10838.35
10843.51
10844.33
10844.57
10844.69
10845.16
10847.15
10856.31
10862.89
10867.59
10868.65
10873.94
10876.41
10882.42
10890.78
10893.26
10894.20
10901.39
10911.18
10929.14
10943.46
10954.36
10972.15
11000.92
11001.87
11004.49
11019.27
11028.21
11028.57
11028.69
11038.48
11040.63
11052.58
11059.16
11064.90
11094.16
11117.83
11127.58
11143.12
11143.48
11144.56
11145.77
11146.37
11162.06
11169.67
11204.17
11207.56
11220.43
11223.10
11247.41
11257.15
11263.49
11265.44
11265.80
11267.51
11274.82
11284.22
11306.34
11311.48
11314.17
11323.24
11325.07
11332.92
11337.83
11340.77
11340.89
11348.75
11355.38
11362.14
11384.41
11388.48
11409.32
11410.68
11414.14
11424.39
11425.75
11432.43
11474.44
11474.56
11485.50
11486.24
11490.34
11506.52
11516.61
11521.22
11523.09
11569.06
11573.19
11577.07
11593.24
11597.63
11598.51
11604.29
11607.68
11620.37
11621.12
11641.26
11654.11
11657.90
11666.73
11669.00
11671.53
11673.17
11675.95
11680.12
11693.65
11704.53
11712.90
11717.59
11733.82
11743.48
11758.10
11776.05
11778.47
11786.50
11786.89
11789.82
11791.22
11831.99
11833.27
11842.75
11850.31
11860.57
11878.17
11882.02
11884.59
11890.25
11890.38
11890.90
11892.31
11895.02
11905.06
11943.51
11944.41
11970.80
11988.04
11990.12
12000.63
12001.67
12017.00
12029.10
12031.96
12046.94
12060.12
12062.20
12076.83
12088.20
12097.62
12134.59
12167.59
12191.05
12199.49
12200.95
12214.95
12214.95
12216.14
12220.76
12237.57
12242.73
12244.72
12246.04
12247.50
12250.82
12254.66
12259.04
12268.06
12276.82
12278.42
12289.58
12297.43
12335.68
12346.09
12360.12
12376.85
12385.43
12420.85
12422.74
12433.36
12459.75
12468.12
12485.26
12490.80
12491.34
12492.15
12492.69
12505.00
12520.57
12525.99
12526.80
12540.09
12540.63
12560.73
12563.72
12573.38
12594.62
12604.98
12620.40
12623.27
12635.29
12648.83
12651.98
12653.90
12662.94
12693.39
12700.95
12702.87
12704.38
12723.64
12725.15
12727.91
12735.90
12736.86
12744.03
12751.48
12773.30
12778.14
12782.98
12783.39
12788.92
12794.18
12807.20
12816.49
12817.88
12832.31
12837.03
12840.92
12851.90
12857.46
12859.27
12861.92
12864.84
12895.78
12896.06
12899.41
12900.38
12945.40
12960.96
12963.21
12971.20
12986.93
13013.37
13019.71
13019.71
13019.99
13022.25
13025.63
13028.17
13038.60
13039.03
13042.41
13053.71
13055.83
13059.07
13064.30
13070.52
13085.38
13091.61
13120.40
13143.28
13144.27
13150.10
13181.30
13186.29
13190.57
13212.14
13215.72
13224.30
13255.81
13261.55
13266.86
13309.28
13315.32
13334.36
13335.08
13338.11
13366.13
13378.14
13382.05
13390.89
13399.15
13403.64
13424.40
13426.72
13434.57
13436.75
13440.67
13445.62
13446.06
13448.97
13449.11
13453.33
13462.36
13481.46
13487.00
13515.92
13537.73
13544.03
13569.85
13574.69
13577.48
13587.18
13588.65
13589.68
13594.83
13610.58
13622.51
13635.64
13638.59
13648.92
13670.05
13716.58
13717.91
13725.34
13726.67
13732.91
13736.78
13759.39
13763.11
13774.58
13788.15
13789.49
13793.67
13793.97
13798.30
13847.50
13853.95
13854.25
13858.14
13860.99
13866.39
13874.35
13890.42
13893.27
13918.25
13934.22
13936.33
13937.39
13940.56
13949.91
13977.26
13997.84
14020.27
14035.45
14041.53
14050.34
14051.71
14063.57
14070.42
14072.10
14093.73
14107.46
14118.46
14120.75
14134.97
14140.17
14154.25
14154.86
14166.66
14175.55
14195.97
14203.19
14206.26
14209.95
14212.56
14216.72
14228.41
14233.80
14237.50
14248.59
14249.21
14263.40
14267.57
14289.97
14301.73
14310.86
14311.17
14328.83
14341.55
14357.70
14360.18
14403.91
14416.38
14418.10
14427.31
14441.83
14486.43
14494.43
14499.92
14507.76
14514.04
14517.81
14523.78
14532.59
14542.97
14544.70
14544.86
14545.49
14549.74
14569.27
14584.25
14589.30
14619.96
14636.10
14641.33
14642.28
14642.60
14649.25
14686.39
14701.97
14704.83
14717.09
14743.07
14747.69
14751.84
14763.50
14769.73
14784.92
14798.04
14839.73
14840.05
14856.12
14876.38
14876.87
14899.42
14907.00
14932.34
14951.10
14953.36
14971.98
14972.63
14972.63
14989.16
15052.05
15107.37
15136.49
15158.78
15172.23
15182.58
15235.57
15245.96
15295.03
15314.24
15317.55
15325.51
15334.46
15346.42
15364.69
15375.33
15381.99
15390.31
15396.48
15409.14
15428.66
15434.50
15443.02
15457.07
15462.25
15463.26
15476.48
15492.90
15497.93
15502.79
15514.54
15516.55
15570.54
15599.03
15615.41
15624.20
15638.07
15647.89
15657.54
15668.73
15673.64
15687.05
15694.18
15717.29
15718.82
15740.43
15756.11
15767.02
15803.57
15812.98
15839.18
15842.26
15857.35
15865.25
15868.85
15870.06
15875.04
15876.41
15886.89
15887.24
15889.81
15913.04
15938.54
15950.27
15955.28
15958.73
15966.51
15971.17
15988.63
15989.84
15997.80
16009.06
16022.23
16060.41
16070.67
16073.10
16080.24
16088.76
16096.08
16098.69
16153.13
16186.72
16212.13
16225.64
16242.33
16256.75
16272.59
16287.38
16295.14
16325.67
16349.00
16352.54
16428.26
16462.61
16474.72
16490.95
16498.45
16500.59
16529.89
16542.96
16553.70
16568.75
16591.17
16598.36
16602.13
16618.66
16653.58
16654.30
16671.25
16707.00
16734.32
16738.49
16743.20
16749.72
16760.96
16762.95
16770.75
16798.36
16808.18
16821.09
16821.46
16829.28
16837.66
16869.94
16893.32
16906.30
16912.16
16916.00
16936.51
16982.02
17005.19
17007.76
17041.47
17043.31
17046.45
17054.01
17057.70
17108.16
17117.98
17137.81
17141.70
17176.60
17185.16
17195.57
17196.50
17207.67
17210.46
17230.03
17246.44
17269.41
17270.90
17273.89
17281.37
17315.99
17326.68
17365.15
17378.87
17380.00
17383.20
17392.79
17402.02
17414.45
17459.54
17462.75
17462.75
17471.44
17506.45
17544.19
17564.89
17566.60
17626.38
17636.68
17637.45
17639.74
17650.24
17666.48
17674.51
17681.77
17685.60
17704.94
17712.22
17725.26
17729.28
17729.48
17732.55
17736.00
17773.46
17774.23
17781.92
17798.48
17814.47
17837.23
17841.86
17844.56
17860.21
17864.65
17868.13
17875.48
17887.86
17901.61
17904.52
18001.25
18002.42
18018.20
18039.86
18093.22
18101.25
18103.40
18104.58
18104.58
18158.33
18165.01
18165.80
18230.18
18232.16
18241.43
18288.86
18300.34
18308.86
18312.62
18325.11
18358.65
18368.58
18372.95
18379.91
18382.50
18409.97
18414.15
18442.46
18445.86
18468.82
18475.62
18488.22
18494.02
18504.43
18510.43
18510.83
18513.84
18517.44
18609.44
18611.45
18642.28
18651.56
18652.78
18697.43
18715.65
18722.33
18746.86
18765.33
18776.50
18794.99
18878.15
18878.55
18917.81
18927.23
18939.52
18955.10
18960.44
18973.57
18991.85
18995.14
19057.51
19059.99
19060.81
19093.22
19101.28
19227.35
19271.71
19291.74
19305.31
19325.37
19359.07
19363.68
19365.56
19383.80
19390.93
19414.86
19419.91
19433.15
19445.98
19463.87
19487.68
19489.16
19514.48
19518.28
19518.70
19527.79
19529.05
19533.07
19541.31
19556.75
19559.50
19581.53
19646.04
19649.02
19654.33
19662.84
19738.08
19738.30
19742.14
19814.90
19817.47
19825.62
19952.80
19958.63
19959.93
20000.36
20046.50
20050.62
20056.92
20058.87
20065.38
20094.93
20174.66
20189.73
20239.60
20256.69
20269.62
20282.13
20384.87
20386.41
20393.03
20408.26
20436.32
20497.00
20498.77
20507.43
20588.80
20589.91
20599.27
20605.51
20620.68
20622.69
20632.28
20633.18
20635.18
20643.67
20647.91
20668.48
20686.38
20701.38
20706.53
20713.48
20758.57
20766.88
20783.29
20784.19
20812.55
20819.53
20831.47
20849.29
20854.02
20863.95
20883.60
20892.19
20904.17
20910.51
21017.57
21020.98
21026.67
21071.53
21081.80
21104.62
21114.67
21163.39
21176.21
21178.96
21185.15
21200.28
21213.59
21227.83
21254.49
21254.72
21255.64
21304.91
21347.37
21373.48
21459.45
21460.15
21510.83
21514.09
21613.01
21613.24
21619.79
21671.79
21688.21
21696.19
21722.49
21782.04
21791.00
21793.35
21807.51
21903.28
21914.42
21934.82
21965.69
21995.66
21998.28
22006.13
22036.39
22051.42
22055.71
22068.84
22111.63
22112.82
22155.45
22188.56
22198.40
22214.02
22283.59
22287.21
22289.62
22325.10
22346.85
22357.49
22365.47
22385.57
22409.07
22441.59
22559.17
22590.19
22600.46
22625.66
22643.29
22652.85
22656.53
22688.42
22709.05
22729.21
22736.58
22786.33
22795.70
22809.02
22820.13
22822.85
22827.54
22832.23
22871.05
22878.48
22917.37
22951.37
22951.87
22965.53
23022.50
23022.75
23059.15
23100.60
23238.23
23250.81
23295.88
23428.59
23478.32
23591.64
23613.35
23621.01
23630.21
23631.49
23679.35
23699.60
23756.60
23803.68
23829.97
23851.64
23872.81
23913.14
23915.46
23978.68
24022.31
24043.11
24117.37
24133.03
24182.69
24205.47
24206.25
24236.92
24298.88
24306.24
24332.29
24468.52
24469.32
24549.93
24603.65
24613.23
24627.35
24729.08
24730.96
24755.32
24775.95
24818.34
24834.73
24853.01
24883.95
24907.39
24908.46
25122.56
25135.61
25160.64
25221.42
25249.27
25337.39
25559.60
25654.63
25701.58
25773.71
25825.07
25836.81
25872.61
25930.35
25943.25
26031.26
26037.46
26112.79
26147.56
26253.59
26421.72
26427.43
26551.54
26573.95
26629.22
26721.29
26725.91
26731.12
26772.22
26861.88
26985.97
27011.97
27023.37
27049.41
27071.66
27121.80
27425.15
27457.81
27483.07
27501.81
27536.65
27545.59
27624.98
27641.72
27651.00
27662.07
27695.01
27696.51
27744.50
27792.27
27971.77
28022.35
28030.54
28141.46
28245.18
28369.83
28492.88
28528.35
28623.89
28635.35
28793.80
28898.67
28938.72
29197.56
29205.78
29309.61
29399.81
29414.45
29532.44
29533.40
29771.46
29999.09
30187.94
30587.42
30599.33
30601.32
30715.10
30719.42
30909.79
30962.01
31172.09
31447.51
31715.06
31837.11
31995.96
32113.19
32235.03
32405.33
33036.56
33053.00
33198.52
33279.80
33345.40
33664.77
33833.84
33958.90
34040.57
35541.93
36311.56
36830.30
37083.02
37104.29
38238.54
40965.63
41523.45
43623.99
