36.14
40.07
42.86
44.43
44.75
44.97
46.38
47.56
47.93
47.96
48.37
48.44
49.39
49.98
50.48
52.19
52.95
53.65
53.88
55.90
56.39
56.47
57.59
57.76
58.00
59.58
59.65
59.68
59.80
59.85
59.87
60.45
61.37
62.68
63.39
64.30
65.40
65.64
65.66
67.23
67.81
67.83
68.19
68.24
70.22
70.52
70.75
70.87
70.95
71.14
71.86
72.02
72.33
72.73
72.75
73.00
73.16
73.25
73.36
73.43
73.91
74.22
74.46
74.57
74.72
75.22
75.92
76.05
76.13
76.65
77.09
77.45
77.58
78.08
78.18
78.62
78.62
78.63
78.92
79.02
79.02
79.23
79.39
79.53
79.61
79.87
79.90
80.07
80.17
80.52
81.46
81.88
82.01
82.65
83.11
83.92
84.17
85.28
85.33
85.44
85.92
86.07
86.13
86.33
86.34
86.65
87.78
88.47
88.49
88.76
88.82
88.98
90.05
90.17
90.47
90.85
90.87
91.02
91.04
91.44
91.46
91.55
91.72
92.77
93.13
93.84
94.59
94.65
94.66
94.83
94.92
94.94
95.45
95.67
96.26
96.43
96.46
96.75
96.93
96.94
97.06
97.07
97.93
97.99
98.09
98.42
98.44
98.77
99.57
99.71
99.83
99.96
100.02
100.24
100.46
100.55
100.93
101.03
101.45
102.00
102.21
102.25
102.29
102.56
102.79
103.25
103.34
103.68
104.18
104.25
104.33
104.75
105.02
105.08
105.11
105.15
105.17
105.36
105.38
105.75
105.77
106.12
106.28
106.58
107.11
107.28
107.38
107.61
107.75
107.84
107.88
108.14
108.22
108.25
108.65
109.17
109.44
109.59
109.72
109.82
109.97
109.98
110.42
110.46
110.70
110.89
111.02
111.58
111.58
111.60
111.76
111.89
112.24
112.25
112.44
112.46
112.57
112.62
112.84
113.13
113.22
113.22
113.36
113.48
113.49
113.49
113.49
114.57
114.80
114.90
115.00
115.24
115.31
115.39
115.89
116.11
116.14
116.22
117.25
117.49
117.53
117.59
117.74
119.19
119.22
119.47
119.67
119.81
120.34
120.38
121.08
121.24
121.29
121.39
121.59
121.75
122.12
122.38
122.40
122.40
122.67
122.78
122.83
123.03
123.05
123.20
123.23
123.75
123.98
124.15
124.49
124.76
124.78
124.88
124.92
125.01
125.08
125.34
125.46
125.79
126.14
126.20
126.26
126.45
126.46
126.57
126.61
126.72
126.79
126.91
127.11
127.23
127.27
127.41
127.66
127.76
128.14
128.31
128.38
128.49
128.59
128.62
128.63
129.55
129.68
130.04
130.18
130.41
130.71
130.78
131.06
131.07
131.12
131.25
131.39
131.55
131.82
131.83
131.96
132.17
132.51
132.66
132.92
132.99
133.03
133.21
133.27
133.54
133.70
133.82
133.90
134.23
134.34
134.45
134.49
134.49
134.92
135.25
135.34
135.36
135.83
135.92
135.99
136.13
136.28
136.49
136.52
136.68
137.00
137.13
137.15
137.22
137.22
137.42
137.83
138.21
138.25
138.41
138.62
138.84
139.18
139.61
139.79
139.88
139.89
140.00
140.03
140.18
140.34
140.38
140.57
140.61
140.94
140.96
141.00
141.10
141.22
141.48
141.66
141.67
141.70
142.17
142.21
142.32
142.53
143.08
143.24
143.25
143.48
143.58
143.68
144.28
144.28
144.64
144.83
144.83
144.94
145.09
145.20
145.23
145.48
145.56
145.78
145.82
145.95
146.20
146.39
146.43
146.56
146.63
146.68
146.68
146.83
147.02
147.04
147.22
148.02
148.11
148.19
148.35
148.76
148.79
148.91
149.09
149.20
149.26
149.36
149.56
149.73
149.98
150.32
150.34
150.50
150.58
150.60
150.66
151.01
151.47
151.71
151.91
152.01
152.16
152.72
152.92
152.93
153.00
153.15
153.29
153.62
153.75
153.90
154.03
154.31
154.32
154.41
154.42
154.45
154.56
154.57
155.06
155.09
155.12
155.78
156.26
156.32
156.51
156.51
156.53
156.54
156.61
156.73
156.85
157.02
157.05
157.20
157.26
157.29
157.46
157.46
157.51
157.71
157.91
157.92
157.98
158.21
158.22
158.31
158.44
158.47
158.56
158.69
159.00
159.18
159.37
159.41
159.55
159.86
159.88
160.15
160.33
160.41
160.56
160.72
160.75
160.90
160.93
161.07
161.19
161.27
161.40
161.58
161.61
161.72
161.79
162.08
162.32
162.48
162.59
162.84
162.92
163.50
163.58
163.72
164.12
164.17
164.19
164.23
164.36
164.40
164.49
164.55
164.82
164.88
165.01
165.01
165.08
165.26
165.34
165.57
165.58
165.87
166.12
166.16
166.33
166.39
166.42
166.47
166.67
167.01
167.24
167.35
167.41
167.52
167.89
167.93
167.97
168.03
168.22
168.26
168.31
168.63
168.87
169.00
169.09
169.25
169.34
169.63
169.64
169.66
169.73
169.87
170.11
170.12
170.14
170.14
170.24
170.27
170.30
170.40
170.49
170.65
170.74
170.75
171.13
171.16
171.69
172.21
172.49
172.60
172.66
172.97
172.99
173.02
173.37
173.50
173.56
173.98
174.18
174.20
174.35
174.72
174.86
175.10
175.25
175.29
175.30
175.50
175.60
175.72
175.85
176.00
176.26
176.33
176.35
176.41
176.46
176.57
176.78
176.89
177.19
177.42
177.74
177.99
178.07
178.18
178.36
178.42
178.42
178.43
178.54
178.78
178.90
178.95
179.15
179.16
179.19
179.20
179.24
179.39
179.42
179.70
179.73
179.76
179.84
179.98
180.16
180.22
180.25
180.40
180.41
180.62
180.92
181.06
181.12
181.22
181.26
181.28
181.38
181.39
181.41
181.43
181.61
181.75
181.84
182.00
182.13
182.33
182.66
182.67
182.81
183.33
183.60
183.71
183.77
184.35
184.53
184.76
184.87
185.26
185.35
185.62
186.10
186.27
186.32
186.47
186.73
186.83
186.98
187.01
187.08
187.09
187.12
187.41
187.46
187.71
187.96
187.97
188.09
188.11
188.16
188.19
188.48
188.65
188.82
188.89
189.01
189.09
189.12
189.16
189.65
189.65
189.71
189.95
190.01
190.03
190.08
190.18
190.20
190.25
190.31
190.31
190.44
190.48
190.59
190.67
190.72
190.86
191.10
191.19
191.20
191.20
191.41
191.46
191.48
191.81
191.84
192.25
192.63
192.72
192.76
192.87
193.01
193.03
193.08
193.10
193.22
193.47
193.58
193.68
193.86
194.00
194.08
194.14
194.15
194.53
194.58
194.76
194.78
194.84
195.05
195.28
195.48
195.54
195.55
195.58
195.59
195.71
196.00
196.24
196.26
196.27
196.30
196.45
196.48
196.52
196.55
196.58
196.65
196.68
196.74
197.01
197.48
198.06
198.54
199.05
199.37
199.75
199.78
199.87
200.00
200.05
200.10
200.23
200.44
200.46
200.53
200.59
200.61
200.67
200.70
200.74
200.86
200.87
201.56
201.77
201.98
202.02
202.15
202.27
202.28
202.29
202.32
202.49
202.75
203.10
203.21
203.65
203.84
203.85
203.88
203.89
204.20
204.30
204.38
204.73
204.96
205.10
205.13
205.19
205.20
205.39
205.68
205.82
206.46
206.50
206.59
206.64
206.64
206.65
206.72
206.82
207.18
207.22
207.31
207.38
207.57
207.75
207.77
207.86
207.92
207.99
208.08
208.21
208.39
208.40
208.53
208.53
208.59
208.73
208.85
208.85
209.02
209.29
209.30
209.30
209.45
209.51
209.52
209.54
209.73
210.16
210.43
210.43
210.45
210.64
210.72
211.15
211.20
211.21
211.33
211.38
211.45
211.49
211.50
211.52
211.67
211.87
212.01
212.14
212.26
212.50
212.73
212.74
212.87
213.05
213.06
213.13
213.19
213.41
213.42
213.60
213.71
213.80
213.83
213.92
213.98
214.11
214.43
214.44
214.63
214.70
214.75
214.83
215.28
215.40
215.50
216.07
216.13
216.16
216.18
216.26
216.28
216.33
216.58
216.83
217.03
217.06
217.19
217.28
217.35
217.52
217.53
217.56
217.56
218.10
218.47
218.49
218.50
218.61
218.61
218.90
219.44
219.47
219.47
219.69
219.98
220.02
220.08
220.13
220.22
220.29
221.07
221.18
221.39
221.39
221.42
221.44
221.61
221.63
221.75
221.79
221.81
221.99
222.08
222.28
222.30
222.45
222.68
222.81
223.08
223.40
223.44
223.54
223.65
223.67
223.71
223.91
223.93
223.96
224.13
224.14
224.21
224.38
224.42
224.74
224.81
224.83
224.92
225.04
225.18
225.36
225.44
225.45
225.46
225.56
225.57
225.60
226.11
226.14
226.23
226.59
226.63
226.66
226.72
226.80
226.86
226.88
226.89
226.92
227.43
227.60
227.61
227.62
227.74
227.90
228.23
228.28
228.45
228.53
228.54
228.56
228.89
228.92
229.06
229.09
229.42
229.49
229.62
229.63
229.67
229.71
229.84
229.86
229.97
229.97
230.12
230.27
230.27
230.30
230.31
230.55
230.55
230.74
230.93
231.37
231.42
231.46
231.49
231.64
231.65
231.72
231.97
231.97
232.03
232.15
232.27
232.30
232.45
232.71
232.81
232.90
232.92
232.97
233.18
233.21
233.38
233.60
233.80
233.83
234.12
234.12
234.14
234.16
234.29
234.53
234.74
234.77
234.89
235.21
235.27
235.27
235.56
235.66
235.79
235.90
235.98
236.07
236.09
236.15
236.68
236.70
236.94
236.96
237.08
237.14
237.21
237.51
237.56
237.85
238.07
238.17
238.22
238.40
238.62
239.00
239.02
239.07
239.24
239.85
240.03
240.33
240.56
240.69
240.85
240.91
241.04
241.37
241.37
241.38
241.44
241.78
241.98
242.12
242.42
242.61
242.66
242.97
243.22
243.64
243.82
243.88
243.92
244.01
244.23
244.34
244.45
244.48
244.50
244.56
244.67
244.86
244.97
245.08
245.23
245.26
245.26
245.53
245.53
245.74
245.77
245.77
246.01
246.23
246.25
246.34
246.48
246.49
246.68
246.93
246.94
247.12
247.13
247.15
247.32
247.42
247.62
247.90
247.95
248.48
248.54
248.61
248.67
248.74
248.79
248.83
248.85
248.94
248.97
249.06
249.22
249.56
249.57
249.58
249.58
249.96
249.97
249.99
250.24
250.34
250.43
250.62
250.80
250.86
250.89
250.91
250.95
250.95
251.01
251.02
251.25
251.40
251.50
251.51
251.93
251.93
252.43
252.45
252.54
252.54
252.55
252.59
252.68
252.78
252.80
252.83
252.95
253.11
253.17
253.26
253.56
253.78
253.88
254.09
254.12
254.14
254.22
254.32
254.42
254.51
254.51
254.62
254.69
254.82
255.14
255.14
255.30
255.33
255.67
255.75
255.83
256.00
256.06
256.10
256.39
256.72
256.84
256.97
257.27
257.34
257.42
257.50
257.52
257.52
257.96
258.01
258.16
258.19
258.56
258.68
258.70
258.78
258.86
258.89
258.97
258.98
259.07
259.08
259.22
259.43
259.78
260.18
260.36
260.67
260.74
260.92
260.97
261.73
261.75
261.92
262.05
262.30
262.53
262.54
262.70
262.87
263.09
263.13
263.36
263.44
263.66
263.77
263.90
263.92
263.94
263.94
263.95
263.96
264.03
264.08
264.22
264.24
264.37
264.64
264.64
265.04
265.09
265.14
265.24
265.31
265.65
265.80
265.85
266.07
266.44
266.71
266.93
266.95
266.96
267.02
267.06
267.11
267.20
267.25
267.27
267.34
267.39
267.50
267.59
267.61
267.79
267.83
267.97
268.17
268.21
268.38
268.50
268.53
268.54
268.65
268.81
268.91
269.08
269.09
269.09
269.15
269.24
269.28
269.64
269.75
269.82
269.85
270.08
270.10
270.21
270.38
270.48
270.49
270.68
270.74
271.29
271.31
271.43
271.50
271.59
271.79
271.84
271.87
271.98
272.15
272.23
272.30
272.39
272.47
272.50
272.51
272.57
272.67
273.05
273.15
273.35
273.40
273.45
273.51
273.80
273.84
273.85
273.88
274.04
274.14
274.16
274.16
274.18
274.23
274.25
274.42
274.52
274.53
274.95
275.13
275.14
275.21
275.27
275.34
275.43
275.45
275.52
275.68
275.75
275.81
275.90
276.29
276.46
276.59
276.97
277.02
277.11
277.12
277.25
277.27
277.31
277.35
277.47
277.54
277.55
277.65
277.76
277.78
277.82
278.09
278.13
278.18
278.27
278.33
278.37
278.66
278.73
278.74
279.03
279.25
279.27
279.33
279.57
279.80
279.80
279.81
279.81
279.83
279.91
280.04
280.34
280.42
280.45
280.49
280.89
280.90
280.92
281.00
281.49
281.49
281.58
281.65
281.94
282.04
282.10
282.22
282.40
282.66
282.66
282.94
282.95
283.04
283.16
283.45
284.11
284.15
284.22
284.30
284.34
284.37
284.37
284.43
284.45
284.59
284.96
285.13
285.48
285.49
285.59
285.69
285.97
286.56
287.15
287.23
287.36
287.39
287.49
287.61
287.73
287.82
287.84
287.85
287.88
287.93
288.00
288.00
288.02
288.11
288.20
288.30
288.38
288.38
288.43
288.47
288.54
288.70
288.74
288.82
289.02
289.06
289.41
289.42
289.47
289.49
289.50
289.53
289.53
290.00
290.03
290.26
290.35
290.43
291.01
291.13
291.25
291.67
291.85
291.98
292.12
292.28
292.73
292.83
293.32
293.66
293.82
293.95
293.97
294.08
294.12
294.26
294.36
294.43
294.94
295.20
295.25
295.53
295.58
295.72
295.74
295.76
295.88
296.02
296.10
296.20
296.27
296.36
296.59
296.59
296.63
296.73
296.86
296.98
297.35
297.68
297.70
297.89
297.98
298.06
298.11
298.19
298.52
298.64
298.66
298.71
298.74
298.74
298.80
299.07
299.13
299.21
299.40
299.56
299.59
299.97
300.00
300.05
300.08
300.24
300.32
300.35
300.55
300.69
300.98
301.00
301.22
301.27
301.45
301.65
301.67
301.70
301.89
302.11
302.38
302.52
302.55
302.65
302.78
302.82
302.93
303.36
303.36
303.39
303.49
303.61
303.69
303.73
303.82
304.19
304.41
304.44
304.59
304.89
305.00
305.07
305.09
305.11
305.16
305.25
305.26
305.46
305.48
305.50
305.52
305.67
305.78
305.82
305.98
306.01
306.11
306.29
306.36
306.45
306.76
306.82
307.15
307.16
307.25
307.32
307.62
307.68
307.74
307.79
308.02
308.02
308.05
308.12
308.12
308.36
308.44
308.53
308.59
308.65
308.85
308.87
308.97
309.08
309.08
309.12
309.20
309.24
309.36
309.41
309.42
309.42
310.22
310.28
310.57
310.72
311.32
311.33
311.61
311.84
311.88
311.94
312.17
312.19
312.31
312.42
312.57
312.71
312.81
312.93
313.18
313.24
313.33
313.33
314.25
314.28
314.28
314.44
314.48
314.63
314.73
314.88
315.03
315.26
315.33
315.61
315.71
315.96
316.11
316.21
316.29
316.34
316.35
316.50
316.75
317.15
317.24
317.58
317.59
317.69
317.88
318.02
318.06
318.20
318.31
318.40
318.51
318.51
318.58
318.74
318.76
318.77
318.85
318.96
319.03
319.13
319.24
319.32
319.47
319.51
319.59
319.73
320.04
320.16
320.18
320.25
320.73
321.05
321.21
321.25
321.50
321.64
321.79
321.92
321.98
322.11
322.14
322.25
322.45
322.58
322.67
322.75
322.80
322.84
322.85
322.97
323.16
323.25
323.27
323.35
323.69
323.70
323.99
324.16
324.18
324.51
324.71
324.78
325.02
325.26
325.58
325.66
325.86
326.12
326.13
326.46
326.49
326.54
326.71
326.82
326.95
327.23
327.26
327.27
327.31
327.34
327.35
327.45
327.51
327.75
327.83
327.88
327.91
327.99
328.07
328.18
328.21
328.52
328.58
328.60
328.75
328.82
328.90
328.94
329.10
329.19
329.26
329.32
329.57
329.67
329.71
329.79
329.87
330.09
330.22
330.51
330.99
331.04
331.17
331.26
331.34
331.37
331.49
331.52
331.56
331.56
331.59
331.73
331.86
331.87
332.21
332.24
332.30
332.33
332.43
332.56
332.69
332.74
332.82
332.88
332.92
332.93
333.13
333.35
333.35
333.37
333.44
333.56
333.65
333.67
334.03
334.04
334.42
334.45
334.60
334.66
334.81
335.10
335.19
335.29
335.35
335.44
335.54
335.76
335.90
335.93
336.26
336.34
336.72
336.79
336.90
337.08
337.09
337.13
337.20
337.21
337.21
337.27
337.48
337.56
337.75
337.76
338.62
338.78
338.87
339.11
339.15
339.23
339.32
339.51
339.64
339.87
339.95
340.20
340.22
340.28
340.40
340.48
340.48
340.57
340.63
340.65
340.77
340.80
340.80
340.97
341.10
341.14
341.37
341.64
342.02
342.25
342.27
342.34
342.48
342.79
343.10
343.13
343.15
343.18
343.21
343.22
343.36
343.69
343.77
343.78
343.83
344.01
344.21
344.25
344.53
344.65
344.66
344.71
344.76
344.80
344.82
344.98
345.03
345.06
345.28
345.29
345.30
345.52
345.55
345.61
345.88
346.11
346.23
346.28
346.49
346.51
346.89
347.39
347.51
347.75
347.79
347.90
347.94
348.03
348.42
348.64
348.81
349.06
349.40
349.45
349.46
349.70
349.71
349.75
349.83
350.32
350.32
350.54
350.60
350.68
350.69
350.91
351.33
351.47
351.54
351.62
351.63
351.67
351.71
351.92
352.25
352.53
352.83
353.19
353.24
353.56
353.58
353.60
353.72
354.12
354.25
354.34
354.35
354.59
354.76
354.87
354.95
355.02
355.03
355.04
355.06
355.08
355.20
355.39
355.39
355.54
355.61
355.64
355.80
355.92
355.99
356.36
356.43
357.15
357.21
357.27
357.39
357.48
357.53
357.77
357.82
358.08
358.48
358.59
358.65
358.72
358.81
358.93
359.04
359.20
359.49
359.70
359.78
359.92
360.17
360.46
360.49
360.52
360.53
360.62
360.64
360.78
360.86
360.87
361.02
361.08
361.10
361.64
361.74
361.74
361.92
361.93
362.01
362.12
362.15
362.25
362.42
362.70
362.98
363.24
363.35
363.43
363.48
363.58
363.66
363.66
363.99
364.06
364.07
364.33
364.48
364.54
364.60
364.83
364.92
364.94
365.13
365.37
365.37
365.39
365.39
365.39
365.41
366.00
366.50
366.68
366.70
367.10
367.17
367.28
367.68
367.69
367.81
367.82
367.87
368.00
368.12
368.17
368.24
368.41
368.56
368.63
368.65
368.67
369.19
369.53
369.62
369.73
369.75
369.84
369.87
369.90
370.45
370.52
370.56
370.70
370.80
370.87
371.00
371.19
371.20
371.45
371.62
372.11
372.16
372.24
372.72
372.85
372.96
373.15
373.15
373.34
373.57
373.88
373.92
374.01
374.02
374.03
374.12
374.12
374.31
374.46
374.59
374.75
374.80
374.81
374.87
374.95
375.15
375.17
375.27
375.36
375.36
375.51
375.53
375.60
376.33
376.54
376.64
376.71
376.74
377.04
377.08
377.09
377.21
377.37
377.47
377.52
377.81
378.37
378.51
378.62
378.68
378.75
378.76
378.81
378.99
379.04
379.09
379.35
379.44
379.45
379.48
379.48
379.68
379.69
379.70
379.74
379.82
379.83
380.01
380.22
380.25
380.31
380.39
380.48
380.55
380.75
381.00
381.42
381.59
381.65
381.78
381.81
381.82
381.89
382.00
382.06
382.20
382.29
382.44
382.53
382.54
382.63
382.67
382.97
383.04
383.14
383.29
383.54
384.02
384.09
384.11
384.25
384.27
384.34
384.50
384.71
384.83
384.97
384.98
385.37
385.60
385.72
385.93
385.99
386.07
386.14
386.36
386.60
386.63
386.70
387.02
387.22
387.54
387.58
387.74
387.84
387.89
387.92
388.00
388.10
388.31
388.36
388.41
388.63
388.99
389.03
389.04
389.40
389.41
389.47
389.70
389.74
389.98
389.99
390.05
390.07
390.27
390.45
390.48
390.52
390.55
390.63
390.98
391.02
391.29
391.52
391.84
391.94
392.03
392.10
392.12
392.17
392.17
392.39
392.47
392.52
392.94
393.05
393.19
393.21
393.42
393.79
394.03
394.04
394.07
394.09
394.45
394.91
394.93
395.22
395.57
395.64
396.03
396.15
396.34
396.53
396.70
396.74
396.90
397.14
397.39
397.42
397.55
397.85
398.19
398.27
398.63
398.72
398.92
398.94
399.04
399.82
399.92
400.07
400.32
400.38
400.68
400.81
401.00
401.01
401.18
401.48
401.68
401.75
401.76
402.12
402.16
402.16
402.33
402.39
402.47
402.54
402.61
402.72
402.77
402.92
402.99
403.04
403.18
403.22
403.44
403.44
403.52
404.01
404.04
404.04
404.08
404.22
404.35
404.37
404.41
404.45
404.50
405.00
405.04
405.37
405.43
405.60
406.27
406.34
406.45
406.56
406.58
406.78
406.82
407.14
407.19
407.39
407.40
407.42
407.55
407.59
407.65
407.80
407.94
408.12
408.30
408.48
408.55
408.59
409.32
409.50
409.55
409.72
409.86
409.93
409.98
410.04
410.10
410.15
410.25
410.33
410.56
410.59
410.65
410.73
411.19
411.31
411.37
411.41
411.43
411.44
411.53
411.61
411.70
411.77
411.88
411.92
411.95
411.95
412.43
412.47
412.88
412.95
412.95
413.11
413.34
413.55
413.71
414.29
414.47
414.61
414.85
415.00
415.10
415.14
415.22
415.31
415.49
415.56
415.61
415.71
415.82
416.00
416.69
417.15
417.25
417.30
417.32
417.36
417.49
417.52
417.97
418.02
418.17
418.37
418.47
418.57
418.59
418.60
418.76
419.02
419.04
419.05
419.14
419.27
419.35
419.36
419.53
419.88
419.89
419.93
420.03
420.15
420.31
420.33
420.70
420.77
420.91
421.26
421.26
421.66
421.66
421.97
422.08
422.16
422.21
422.42
422.56
422.61
422.98
423.09
423.25
423.30
423.34
423.42
423.64
423.65
423.66
423.99
424.79
424.84
425.27
425.31
425.39
425.47
425.52
425.53
425.56
425.71
425.76
425.78
426.24
426.48
426.58
426.86
427.25
427.56
427.59
427.67
427.90
427.91
428.12
428.88
428.94
429.22
429.47
429.50
429.72
429.76
429.99
430.00
430.06
430.09
430.34
430.88
430.95
430.97
431.11
431.23
431.25
431.38
431.43
431.65
432.01
432.04
432.06
432.08
432.46
432.54
432.58
432.86
432.91
432.94
433.40
433.47
433.73
433.89
434.05
434.06
434.31
434.56
434.69
435.10
435.65
435.66
435.73
435.88
435.94
436.24
436.33
436.35
436.42
436.48
436.72
436.91
436.99
437.05
437.15
437.95
438.00
438.37
438.44
438.44
438.47
438.78
438.92
439.07
439.44
439.60
439.74
439.99
440.04
440.12
440.12
440.49
440.67
440.74
440.94
441.20
441.25
441.26
441.35
441.43
441.65
441.66
441.69
441.78
442.00
442.27
443.18
443.59
443.91
444.31
444.36
444.38
444.42
444.46
444.55
444.86
444.91
445.48
446.07
446.29
446.37
446.78
446.99
447.29
447.76
447.82
448.00
448.04
449.62
449.67
449.81
449.81
449.94
450.03
450.61
450.64
450.66
450.96
451.03
451.08
451.23
451.36
451.46
451.55
451.62
451.62
451.70
452.20
452.35
452.39
452.48
452.50
452.58
453.25
453.27
453.78
453.86
453.90
454.12
454.20
454.25
454.30
454.42
454.48
454.61
454.70
454.81
455.00
455.06
455.21
455.22
455.33
455.33
455.49
455.59
455.80
455.96
456.19
456.28
456.45
456.61
456.62
457.37
457.43
457.56
457.78
458.00
458.37
458.57
458.61
458.62
458.85
459.04
459.07
459.22
459.38
459.57
459.69
459.70
459.93
460.07
460.07
460.20
460.23
460.25
460.36
460.39
460.84
460.99
461.03
461.05
461.23
461.29
461.43
461.48
461.61
462.05
462.16
462.49
463.29
463.41
463.42
463.63
463.76
463.77
463.88
464.13
464.46
464.49
464.49
464.69
464.77
464.93
464.94
464.95
465.01
465.09
465.46
465.50
465.52
465.56
465.64
465.92
465.94
466.01
466.30
466.60
466.95
467.13
467.16
467.17
467.19
467.23
467.65
468.46
468.64
468.74
469.21
469.37
469.47
469.59
469.97
470.04
470.20
470.52
470.58
470.88
470.92
470.94
471.15
471.15
471.23
471.27
471.52
471.57
471.80
471.82
472.06
472.31
472.54
472.68
472.71
472.94
473.32
473.53
473.53
474.06
474.36
474.86
474.86
474.95
475.03
475.12
475.27
475.68
475.72
476.16
476.35
476.38
476.51
476.51
476.74
477.45
477.59
477.60
477.62
477.73
477.97
478.24
478.33
478.75
478.77
479.20
479.36
479.37
479.61
479.62
479.95
480.07
480.65
480.71
480.76
480.94
480.95
481.02
481.25
481.34
481.43
481.61
481.73
481.74
482.07
482.17
482.18
482.30
482.40
482.48
482.53
482.67
482.96
483.06
483.19
483.42
483.57
483.64
483.70
483.75
483.85
483.97
484.00
484.01
484.05
484.08
484.25
484.28
484.41
484.50
484.57
484.62
484.63
484.90
485.01
485.26
485.29
485.45
485.45
485.69
485.83
485.83
485.84
486.06
486.20
486.32
486.45
486.48
487.14
487.26
487.30
487.35
487.45
488.14
488.25
488.53
488.61
488.65
489.09
489.37
489.46
489.51
489.71
489.87
489.94
490.38
490.77
490.81
491.02
491.05
491.09
491.83
491.85
491.91
492.14
492.20
492.21
492.31
492.31
492.44
492.55
492.77
492.91
492.94
493.46
493.56
493.57
493.95
494.13
494.21
495.49
495.72
495.80
496.16
496.39
496.44
496.52
496.71
496.95
497.27
497.80
497.97
498.36
498.40
498.41
498.59
498.80
498.97
499.07
499.14
499.29
499.52
499.55
499.64
499.90
500.18
500.18
500.23
500.45
500.50
500.61
500.66
500.82
501.06
501.06
501.17
501.24
501.35
501.38
501.43
501.52
501.65
502.01
502.12
502.19
502.32
502.63
502.86
503.23
503.30
503.62
503.73
503.95
504.01
504.06
504.18
504.42
504.66
505.27
505.62
506.07
506.07
506.13
506.22
506.24
506.45
506.46
506.61
506.76
506.82
507.16
507.17
507.17
507.23
507.26
507.39
507.41
507.70
508.63
508.75
508.79
508.81
508.90
509.06
509.10
509.67
509.71
509.71
509.75
509.78
510.12
510.21
510.49
510.52
511.03
511.27
511.45
511.47
511.49
511.70
511.77
511.79
511.81
512.44
512.48
512.72
512.83
512.98
513.00
513.17
513.24
513.73
514.08
514.10
514.13
514.15
514.35
514.36
514.63
514.77
514.99
515.24
515.36
515.61
515.64
515.79
516.03
516.75
516.79
516.88
517.12
517.18
517.37
517.42
517.43
517.72
517.97
518.02
518.28
518.51
518.63
518.82
519.00
519.14
519.17
519.22
519.29
519.33
519.43
519.47
519.57
519.76
520.20
520.22
520.29
520.68
520.72
520.74
520.82
520.87
521.12
521.43
521.78
521.89
522.57
522.65
522.66
522.88
522.94
523.09
523.26
523.37
523.38
523.76
524.54
524.64
524.69
524.85
524.96
525.21
525.28
525.42
525.51
525.53
525.57
525.58
526.12
526.27
526.40
526.84
526.95
526.97
527.21
527.23
527.45
527.49
528.02
528.06
528.46
529.12
529.43
529.51
529.65
529.79
529.86
530.00
530.30
530.36
530.67
530.76
530.97
531.08
531.14
531.14
531.66
531.91
532.00
532.05
532.24
532.27
532.89
533.69
534.04
534.35
534.42
534.55
535.07
535.31
535.33
535.40
536.12
536.15
536.21
536.32
536.81
537.06
537.32
537.67
537.97
537.99
538.01
538.04
538.13
538.34
538.42
538.47
538.78
539.09
539.26
539.33
539.66
539.70
540.07
540.28
540.43
540.67
540.87
541.15
541.31
541.31
541.86
541.94
541.98
542.02
542.16
542.16
542.28
542.55
542.83
543.11
543.28
543.51
543.61
543.88
544.09
544.55
544.64
544.88
545.36
545.37
545.54
545.60
545.65
546.01
546.31
546.83
547.08
547.14
547.17
547.35
547.76
547.77
547.77
548.05
548.58
548.83
549.05
549.12
549.15
549.35
549.56
549.67
550.06
550.25
550.34
550.38
550.49
550.52
550.76
551.22
551.72
551.83
552.15
552.27
552.68
554.24
554.30
554.66
554.78
554.78
555.49
555.82
555.85
556.12
556.36
556.73
556.83
556.85
556.90
556.91
556.94
557.06
557.09
557.23
557.23
557.36
557.62
557.64
557.87
558.01
558.67
558.92
558.97
559.26
559.35
559.58
559.65
559.69
559.77
559.78
559.88
560.04
560.52
560.61
560.95
560.98
561.41
561.52
561.56
561.60
561.67
561.88
562.11
562.26
562.38
562.96
563.05
563.28
563.37
564.35
564.51
564.61
564.91
564.94
565.08
565.50
565.67
565.75
565.89
566.03
566.10
566.40
566.62
566.78
566.85
567.52
567.57
567.67
567.69
567.76
567.78
567.78
567.98
568.37
568.73
569.05
569.68
570.03
570.43
570.65
570.90
570.91
571.53
571.61
571.71
572.27
572.39
572.94
573.06
573.06
573.06
573.27
573.38
573.45
573.55
573.85
573.92
574.60
574.82
574.90
574.93
575.07
575.30
575.37
575.38
575.43
575.49
575.58
575.59
575.59
575.60
575.78
576.73
576.78
576.84
576.91
576.98
576.99
577.41
577.42
577.70
577.75
578.02
578.48
578.70
578.93
579.24
579.55
579.67
579.98
580.00
580.66
580.88
582.22
582.27
582.38
582.56
582.69
582.75
583.42
583.47
583.88
583.92
584.41
584.64
585.00
585.02
585.34
585.53
585.54
585.84
586.44
586.71
586.76
586.94
587.25
587.64
588.30
588.32
588.58
588.58
589.50
589.71
589.91
590.15
590.25
590.26
590.27
590.64
590.69
591.10
591.22
591.46
591.57
591.63
591.76
591.88
592.26
592.49
592.53
592.63
592.79
593.57
593.86
593.98
594.17
594.28
594.40
594.57
594.77
594.79
594.92
595.42
595.50
595.53
595.71
595.79
595.85
595.95
596.17
596.35
596.62
596.82
598.41
598.70
598.81
598.82
598.87
599.30
599.58
599.67
599.85
599.86
600.02
600.28
600.65
600.74
601.09
601.36
601.36
601.67
601.75
602.01
602.39
602.51
602.62
602.85
603.01
603.15
603.16
603.85
604.10
604.51
604.54
604.66
604.69
605.21
605.40
605.86
606.43
606.47
607.42
607.59
607.60
608.27
608.56
608.71
609.22
609.29
609.36
609.42
609.52
610.07
610.18
610.59
610.70
610.92
611.38
611.75
613.13
613.15
613.29
613.69
614.32
614.52
614.56
614.68
614.74
614.74
615.01
615.31
615.55
615.64
615.72
616.07
616.31
616.47
616.53
616.91
617.05
617.13
617.23
617.35
617.46
617.65
617.89
618.01
618.03
618.96
619.18
619.66
619.68
619.89
620.17
620.91
621.27
621.34
621.77
621.81
622.29
622.67
623.18
623.45
623.45
623.52
623.53
624.02
624.06
624.26
624.46
624.50
625.15
625.16
625.36
626.23
626.30
626.64
626.76
626.92
626.95
626.99
627.25
627.26
627.44
627.56
627.63
627.78
628.00
628.22
628.73
628.88
629.24
629.27
629.38
629.64
629.71
629.84
630.15
630.16
630.42
630.54
630.81
631.04
631.34
631.82
631.96
632.33
632.60
633.14
633.19
633.59
633.80
634.19
634.25
634.34
634.74
634.90
635.03
635.04
635.09
635.17
635.53
635.61
636.45
636.66
636.82
637.06
637.55
637.68
637.72
638.21
638.28
638.86
638.89
639.02
639.03
639.25
639.64
640.16
640.18
640.35
640.76
640.93
640.96
641.23
641.38
641.41
641.50
641.68
642.16
642.33
642.38
642.52
642.66
642.75
642.81
643.46
643.59
643.79
643.82
644.41
644.53
644.92
645.08
645.15
645.29
645.90
645.98
646.34
646.54
646.57
646.74
647.09
647.13
647.23
647.24
647.25
647.26
647.79
648.04
648.12
648.49
648.51
649.20
649.28
649.88
650.68
650.69
650.72
650.78
650.90
650.94
651.10
651.33
651.43
651.83
652.03
652.63
653.01
653.64
653.81
654.17
654.27
654.31
654.72
654.92
655.07
655.17
655.40
655.86
655.93
656.08
656.25
656.52
656.53
657.62
658.65
658.84
658.86
659.25
659.25
659.59
659.81
660.01
660.03
660.15
660.24
660.25
660.43
660.46
660.63
660.77
660.88
661.13
661.19
661.20
661.38
661.78
662.39
662.77
663.47
663.57
663.73
663.78
663.89
663.96
664.27
664.28
664.34
664.39
664.42
664.58
664.68
665.08
665.24
665.68
665.84
665.95
666.17
666.22
666.24
666.35
666.35
666.92
667.18
667.22
667.30
667.34
667.42
667.47
667.60
667.95
668.06
668.33
668.72
668.86
669.04
669.28
669.51
669.69
669.78
669.82
670.07
670.14
670.21
670.86
670.90
671.04
671.25
671.68
671.94
672.34
672.39
672.76
672.85
672.86
672.92
673.33
673.40
673.50
673.59
673.59
673.67
673.73
674.20
674.57
674.57
675.00
675.27
675.83
675.86
676.01
676.01
676.10
676.38
676.39
676.51
676.60
676.76
676.93
676.95
677.07
677.29
677.41
677.51
677.73
677.99
678.42
678.64
678.67
678.69
678.79
678.94
679.25
679.28
679.59
679.69
679.91
679.91
680.04
680.11
680.26
680.42
680.48
680.52
680.56
680.62
680.71
681.11
681.31
681.31
681.41
681.56
681.59
681.85
682.42
682.46
682.64
682.83
683.08
683.77
683.85
683.90
684.07
684.39
684.62
684.75
684.86
684.99
685.08
685.79
686.06
686.47
686.65
686.73
686.77
687.08
687.21
687.27
687.40
687.47
687.52
687.86
687.88
687.98
688.21
688.73
688.88
689.22
689.46
689.67
689.67
689.81
689.92
690.03
690.24
690.55
690.71
690.83
690.91
691.54
691.61
692.09
692.57
692.63
692.75
692.84
692.99
693.38
693.68
693.78
694.18
694.43
694.44
694.56
694.91
695.80
695.92
696.38
696.93
697.11
697.37
697.93
697.99
698.03
698.71
699.17
699.17
699.34
699.87
700.07
700.18
700.34
700.40
700.43
700.47
700.53
700.64
700.68
700.94
701.08
701.24
701.30
701.80
701.87
701.88
702.02
702.29
702.63
702.76
702.78
702.89
703.04
703.12
703.13
703.27
703.30
703.33
703.49
703.52
703.65
703.86
704.22
704.36
704.94
705.06
705.18
705.60
705.62
705.72
705.75
705.76
705.76
705.80
706.39
706.50
706.58
706.78
706.88
706.90
707.31
707.36
707.41
707.47
707.48
708.06
708.42
708.98
709.43
709.46
709.60
709.76
710.36
710.50
710.60
710.92
711.05
711.29
711.43
711.62
712.20
712.31
712.44
712.50
712.75
712.95
713.14
713.16
713.25
713.34
713.41
713.51
714.04
714.18
714.45
714.52
714.84
714.86
714.91
714.96
715.30
715.35
715.86
716.31
716.38
716.38
716.45
716.46
716.73
716.88
717.05
717.29
717.72
718.38
718.52
718.63
718.81
719.21
719.48
719.54
720.05
720.96
721.46
721.85
721.93
721.94
722.06
722.50
723.19
723.46
723.82
723.86
724.15
724.55
724.66
724.86
724.95
725.27
725.31
725.45
725.46
725.78
725.94
726.04
726.21
726.26
726.37
726.52
726.89
726.97
727.07
727.26
727.32
727.64
727.65
727.81
727.85
728.02
728.26
728.39
728.96
729.11
729.70
730.06
730.15
730.46
730.64
730.75
731.13
731.53
731.68
731.74
731.90
732.20
732.51
732.61
732.77
732.86
733.43
733.66
733.97
734.14
734.36
734.45
734.89
735.08
735.25
735.29
735.34
735.89
736.00
736.16
736.23
736.51
736.58
736.85
737.19
737.63
737.70
737.77
738.25
738.70
738.92
739.03
739.08
739.28
739.83
740.11
740.68
740.99
741.14
741.16
741.52
742.15
742.60
743.74
744.32
744.37
744.85
745.52
745.95
746.31
746.57
746.63
746.70
746.95
746.99
747.54
747.95
748.60
748.61
748.83
748.92
748.97
749.04
749.41
750.12
750.27
750.66
750.79
751.00
751.03
751.59
751.72
751.95
752.10
752.13
752.16
752.30
753.09
753.10
753.59
753.78
753.90
753.94
754.94
754.98
755.07
755.08
755.31
755.35
755.47
755.56
755.59
755.72
755.98
756.19
756.35
756.46
756.53
756.68
757.57
757.98
758.06
758.08
758.09
758.26
758.44
758.72
758.97
759.08
759.32
759.45
759.62
760.07
760.08
760.28
760.57
760.79
761.37
761.46
761.71
761.83
761.88
762.28
762.36
762.45
762.53
762.61
763.40
764.27
764.30
764.33
764.62
764.86
764.86
764.92
765.04
765.08
765.27
765.48
765.87
766.18
766.40
766.91
768.00
768.06
768.14
768.26
768.83
768.83
768.85
769.03
769.05
769.09
769.21
769.25
769.60
769.62
770.03
770.10
770.17
770.39
771.00
771.40
771.72
771.81
772.09
772.50
772.54
772.56
772.91
773.28
773.36
773.64
774.21
774.26
774.27
774.36
774.43
774.47
774.83
775.39
775.70
775.74
775.78
775.85
776.03
776.72
776.79
777.61
777.68
777.88
778.01
778.12
778.71
778.74
778.89
778.90
779.24
779.40
779.59
779.76
779.88
779.95
779.98
780.30
780.53
780.82
780.95
781.05
781.62
782.50
782.94
783.31
783.81
783.87
784.03
784.26
784.62
785.31
785.73
785.76
785.89
786.78
787.09
787.51
787.77
788.35
788.62
788.76
789.12
789.17
789.30
789.35
789.79
790.00
790.22
790.25
790.29
790.62
790.94
791.27
791.42
791.53
791.88
791.95
792.68
793.13
793.48
794.74
794.86
795.12
795.72
796.07
796.27
796.30
796.52
796.59
796.79
796.90
796.98
797.81
797.96
798.11
798.13
798.14
798.15
798.35
799.04
799.13
799.51
799.63
799.66
800.94
801.04
801.14
801.20
801.23
801.39
801.46
801.78
802.36
802.88
804.23
804.32
804.56
806.04
806.41
806.52
806.58
806.96
807.03
807.03
807.04
807.08
807.15
807.20
808.02
808.09
808.29
809.01
809.10
809.31
809.33
809.79
809.84
810.02
810.37
810.55
811.02
811.12
811.23
811.26
811.37
811.76
811.97
811.98
812.25
812.46
812.47
812.48
812.91
813.38
813.87
814.08
814.66
814.73
814.74
815.37
816.39
816.56
816.91
817.22
817.56
818.08
818.39
818.64
818.81
818.92
819.86
820.05
820.49
821.06
821.22
821.51
822.20
822.29
822.65
822.66
823.16
823.74
824.22
824.29
824.36
824.94
825.00
825.09
825.37
825.87
825.97
826.26
826.43
826.57
826.66
827.02
828.60
828.84
829.27
829.28
829.40
829.45
829.52
829.87
829.90
829.98
830.03
830.09
830.24
830.41
831.01
831.06
831.66
831.74
832.11
832.15
832.25
832.58
832.95
833.48
833.50
833.56
833.68
834.05
834.19
834.28
834.42
835.00
835.03
835.05
835.25
835.27
836.01
836.08
836.34
836.38
836.58
837.14
837.15
837.41
837.41
837.45
839.15
839.61
839.70
839.75
840.04
840.09
840.35
840.86
840.87
841.07
841.58
842.46
842.58
842.70
842.85
843.09
843.13
843.96
844.06
844.08
844.45
844.83
844.86
845.02
845.06
846.72
847.65
847.88
848.34
848.52
849.35
849.88
850.09
850.23
850.93
851.05
851.07
851.15
851.16
851.18
851.38
852.24
852.56
853.30
853.92
855.23
855.24
855.52
855.84
856.19
856.61
856.88
857.12
857.35
857.85
858.40
858.48
858.70
858.72
859.08
859.20
859.27
859.96
860.13
860.89
861.41
861.68
861.73
861.85
861.87
861.98
862.07
862.30
862.79
862.89
863.11
863.15
863.20
863.86
864.27
864.31
864.34
864.37
864.70
865.14
865.36
865.42
866.25
866.27
866.74
866.84
866.89
867.19
867.98
868.06
868.39
868.62
868.77
868.77
868.79
869.45
869.62
870.20
870.21
870.68
870.90
871.44
871.49
871.52
872.16
872.94
873.08
873.50
873.80
873.84
874.21
874.45
874.48
874.61
874.65
874.81
875.27
875.37
875.93
876.34
876.42
877.52
877.70
877.86
877.88
877.94
878.23
878.63
879.11
879.24
879.27
879.39
879.66
879.88
879.89
880.77
880.78
881.33
881.34
881.51
881.81
881.89
882.17
882.27
882.79
882.82
884.64
885.43
885.68
885.69
886.13
886.16
886.49
886.58
886.74
888.48
888.50
888.74
889.00
889.35
889.55
889.80
889.84
890.09
890.22
890.36
891.05
891.21
891.24
891.59
892.30
892.65
892.76
893.71
894.05
894.56
895.29
895.59
895.68
895.80
896.55
896.77
897.56
898.26
898.48
898.96
899.20
899.73
899.86
899.97
900.61
900.72
900.95
901.38
902.72
902.87
902.92
903.20
903.24
903.34
903.35
903.58
903.70
904.10
904.43
904.69
905.04
905.47
906.10
906.14
906.38
906.56
906.86
907.93
908.01
908.22
908.41
908.51
908.55
909.87
909.91
910.30
910.69
910.84
911.67
911.78
912.69
913.87
914.19
914.51
914.56
914.59
915.06
915.57
915.90
916.10
916.28
916.61
916.84
916.96
917.00
917.02
917.36
917.48
918.13
918.33
918.39
918.49
918.86
919.20
919.40
919.66
919.67
919.94
920.16
920.65
920.81
922.14
922.27
922.79
923.02
923.20
923.67
923.76
923.98
924.17
924.24
924.28
924.65
924.75
924.87
925.23
925.70
926.28
926.44
926.93
927.28
927.37
927.50
927.69
928.18
928.38
928.65
929.36
929.44
929.51
929.62
929.90
930.16
930.41
930.95
931.09
931.73
932.12
932.13
932.43
932.51
932.58
932.71
933.07
933.14
933.18
933.24
933.54
933.63
933.65
934.15
934.43
934.49
934.78
935.07
935.32
935.38
935.94
936.86
937.00
937.37
937.82
938.18
938.26
938.48
938.76
938.85
939.15
939.40
939.74
939.84
941.30
941.43
941.58
941.66
942.16
942.20
942.66
942.81
942.96
943.15
943.48
943.77
944.38
944.40
944.81
945.16
945.62
945.62
945.98
946.17
946.25
946.49
947.24
947.26
947.38
947.61
947.61
948.04
948.56
948.76
949.36
949.81
950.62
951.09
951.26
951.37
951.55
951.83
951.89
952.51
952.57
952.79
953.02
953.34
953.36
953.80
953.85
953.89
953.95
954.45
954.80
955.25
955.53
955.55
955.69
956.63
956.77
956.80
956.88
957.11
957.35
957.92
957.94
959.54
959.58
960.01
960.22
960.23
960.28
960.98
961.03
961.06
961.35
961.57
961.96
962.27
962.36
962.61
962.92
964.58
964.69
965.09
965.24
965.75
966.11
966.18
966.25
966.48
966.58
967.39
967.41
967.43
967.48
967.49
967.51
967.93
968.27
968.71
968.72
968.90
968.98
969.22
969.31
969.70
969.96
970.09
970.54
970.90
971.00
971.34
971.83
972.15
972.34
972.66
972.97
973.48
973.71
974.18
974.43
974.44
974.81
975.10
975.33
975.51
975.56
975.79
976.08
976.70
976.73
976.83
976.98
977.20
977.55
977.69
977.84
977.90
978.13
978.36
978.69
979.42
979.60
979.86
980.02
980.52
980.56
980.83
981.97
982.38
982.40
983.22
983.56
983.74
984.14
984.15
984.19
984.87
985.28
985.41
985.47
986.82
987.74
988.58
989.18
989.31
989.32
989.45
989.82
989.93
990.28
990.90
991.36
991.80
993.35
993.45
993.57
994.40
994.60
994.68
994.89
995.19
995.22
995.34
995.59
996.38
997.72
997.88
998.07
998.34
998.65
998.90
999.16
999.26
999.35
999.39
999.43
1000.18
1000.73
1000.78
1001.24
1001.41
1001.75
1002.64
1002.80
1003.04
1003.19
1003.59
1003.77
1003.99
1004.44
1004.65
1004.89
1005.13
1005.23
1005.58
1006.40
1007.93
1008.06
1008.08
1008.30
1008.86
1009.18
1009.47
1009.50
1009.60
1009.68
1010.35
1010.37
1010.38
1010.38
1010.47
1010.94
1012.73
1012.94
1013.61
1013.82
1014.06
1014.21
1015.36
1015.83
1016.03
1016.12
1016.39
1016.62
1016.84
1016.90
1016.93
1017.23
1017.38
1017.62
1017.96
1018.50
1018.69
1019.18
1020.39
1020.57
1020.58
1021.20
1021.24
1021.98
1022.23
1023.05
1023.44
1023.46
1023.66
1023.81
1024.00
1024.26
1024.30
1024.71
1025.42
1025.84
1026.55
1026.71
1026.85
1027.11
1027.12
1027.31
1027.42
1028.87
1029.68
1029.78
1029.97
1030.26
1032.10
1033.27
1033.67
1034.15
1034.29
1034.47
1034.64
1035.13
1035.60
1036.32
1036.78
1037.08
1037.25
1037.30
1037.62
1037.72
1038.20
1038.31
1038.51
1038.70
1038.89
1039.07
1039.69
1039.87
1040.57
1040.83
1040.94
1041.22
1041.28
1042.56
1042.96
1043.15
1043.71
1044.34
1044.39
1044.50
1044.54
1044.58
1044.67
1045.54
1045.75
1047.03
1047.49
1049.10
1049.12
1049.18
1049.75
1049.79
1050.44
1050.45
1050.69
1050.78
1051.16
1051.93
1052.05
1052.52
1052.66
1053.42
1053.57
1054.44
1054.67
1055.47
1055.63
1056.01
1057.02
1057.23
1057.37
1057.59
1058.04
1058.14
1058.36
1058.40
1058.67
1059.24
1059.95
1060.51
1061.09
1061.48
1061.73
1062.21
1062.29
1062.79
1062.79
1063.27
1063.67
1064.60
1064.77
1065.14
1065.68
1065.71
1066.24
1066.31
1066.87
1066.91
1067.01
1067.42
1067.76
1068.20
1068.65
1068.88
1068.94
1069.07
1070.02
1070.07
1070.10
1070.35
1070.73
1070.83
1071.20
1071.49
1072.20
1072.69
1073.00
1073.15
1073.85
1073.87
1074.62
1074.93
1075.15
1075.42
1075.45
1075.64
1076.51
1076.62
1076.74
1076.98
1077.32
1077.39
1077.64
1077.98
1078.02
1078.71
1079.00
1079.07
1079.22
1079.80
1080.01
1080.21
1080.32
1080.97
1081.87
1083.28
1083.44
1083.62
1083.68
1084.75
1085.09
1085.59
1086.03
1086.37
1086.52
1086.92
1087.50
1088.33
1088.57
1088.64
1088.73
1090.48
1090.84
1092.16
1093.12
1093.68
1093.74
1093.95
1094.38
1094.45
1095.05
1095.63
1096.13
1096.44
1096.62
1097.33
1097.35
1098.22
1098.30
1098.55
1099.77
1099.81
1100.05
1100.62
1100.67
1101.06
1101.08
1101.75
1102.22
1102.39
1102.82
1103.01
1104.28
1104.39
1105.43
1105.78
1106.05
1107.01
1107.23
1107.24
1108.00
1108.57
1108.76
1108.86
1109.07
1109.77
1110.31
1110.42
1110.54
1110.71
1110.97
1111.55
1111.63
1111.81
1111.95
1112.46
1113.01
1113.17
1114.03
1114.56
1115.61
1116.27
1116.31
1116.71
1117.18
1117.20
1117.46
1117.48
1118.41
1118.58
1119.04
1119.62
1119.85
1120.80
1121.37
1121.46
1122.34
1122.43
1122.79
1122.80
1123.23
1123.30
1123.48
1123.75
1124.02
1124.14
1124.44
1124.80
1125.15
1125.20
1125.39
1125.41
1126.37
1126.90
1126.98
1127.03
1128.00
1128.17
1128.39
1130.21
1130.26
1131.79
1131.95
1132.12
1132.55
1132.91
1132.93
1133.21
1133.43
1133.46
1134.40
1134.81
1134.88
1135.47
1135.51
1135.61
1136.17
1136.39
1136.57
1136.60
1137.51
1137.55
1137.77
1138.62
1138.88
1138.98
1139.94
1140.13
1140.46
1141.45
1142.13
1142.32
1142.66
1143.13
1143.32
1143.32
1143.35
1144.54
1144.93
1145.38
1145.39
1145.68
1146.00
1146.25
1146.40
1146.52
1147.46
1148.64
1148.66
1148.74
1148.81
1148.92
1148.94
1149.20
1151.23
1151.48
1151.79
1151.82
1152.09
1152.23
1152.74
1153.11
1153.29
1153.36
1153.40
1153.63
1153.78
1154.85
1154.99
1155.75
1156.09
1156.39
1156.41
1157.06
1157.09
1157.38
1157.49
1158.73
1159.60
1159.77
1160.74
1160.83
1160.94
1161.89
1162.23
1162.27
1162.36
1162.72
1162.91
1163.23
1163.98
1165.17
1165.73
1165.76
1165.78
1165.89
1166.44
1166.60
1166.63
1166.95
1167.87
1168.49
1168.54
1168.94
1169.03
1169.41
1170.14
1170.56
1170.74
1170.84
1171.22
1171.87
1172.55
1173.81
1173.82
1174.52
1174.62
1174.83
1175.23
1175.31
1175.54
1175.93
1176.57
1176.63
1176.68
1176.78
1176.86
1177.13
1177.38
1177.71
1177.78
1178.72
1179.12
1179.24
1179.82
1180.02
1180.19
1180.20
1180.46
1180.74
1181.57
1182.14
1182.14
1182.72
1183.17
1184.40
1185.05
1185.27
1185.87
1186.04
1186.71
1188.02
1188.85
1189.30
1189.92
1190.00
1190.38
1190.80
1190.95
1190.98
1192.38
1192.90
1194.36
1195.12
1195.50
1196.87
1196.89
1196.98
1197.10
1197.23
1197.80
1197.87
1198.36
1198.62
1199.27
1199.41
1200.16
1200.27
1200.63
1200.67
1200.72
1201.15
1201.99
1202.14
1202.25
1202.45
1203.36
1203.74
1204.15
1204.61
1204.95
1205.11
1205.37
1205.63
1206.31
1206.69
1209.31
1209.48
1210.48
1210.98
1211.08
1211.16
1211.66
1211.95
1212.35
1212.65
1213.20
1213.23
1213.57
1213.76
1214.47
1214.77
1215.49
1215.62
1216.28
1216.39
1216.52
1216.62
1216.73
1216.75
1217.60
1217.75
1218.02
1219.15
1219.26
1219.30
1222.27
1222.45
1222.61
1223.41
1223.84
1223.95
1224.37
1224.76
1224.94
1225.02
1225.13
1225.78
1225.91
1226.77
1227.23
1227.90
1227.92
1228.05
1228.31
1228.33
1228.78
1229.17
1229.38
1229.62
1229.82
1229.92
1229.95
1232.07
1232.08
1232.75
1233.54
1234.22
1234.58
1234.70
1234.95
1235.67
1236.22
1236.46
1236.77
1237.89
1238.20
1238.44
1238.68
1239.17
1239.34
1239.70
1239.99
1240.03
1240.08
1240.31
1241.31
1241.31
1241.50
1242.30
1243.26
1243.68
1243.91
1244.37
1244.58
1244.77
1245.63
1245.66
1247.56
1247.70
1248.18
1248.63
1249.06
1249.82
1250.56
1250.86
1251.24
1252.42
1252.48
1252.50
1252.62
1252.81
1252.86
1252.99
1253.03
1253.30
1253.53
1253.54
1254.37
1254.60
1254.71
1256.16
1257.28
1257.82
1258.04
1258.20
1258.23
1258.39
1258.45
1258.68
1258.69
1259.31
1259.84
1260.07
1260.18
1260.31
1260.45
1260.83
1261.46
1261.53
1261.53
1261.77
1262.53
1262.91
1264.17
1265.17
1265.78
1265.88
1265.89
1266.84
1266.96
1267.17
1267.75
1268.55
1269.21
1269.62
1269.62
1269.83
1269.87
1270.42
1270.96
1271.56
1271.92
1272.73
1274.38
1274.69
1274.71
1275.42
1275.69
1275.86
1276.12
1276.37
1276.99
1277.23
1277.67
1278.36
1279.08
1279.47
1280.38
1282.00
1282.71
1283.64
1283.64
1284.89
1285.10
1285.60
1286.13
1286.23
1287.69
1287.73
1287.76
1287.86
1288.02
1288.80
1289.01
1289.24
1289.47
1290.58
1291.00
1291.33
1291.96
1292.55
1292.70
1292.93
1293.64
1294.17
1294.66
1295.33
1295.35
1296.13
1296.58
1296.65
1297.63
1298.49
1298.73
1299.53
1299.64
1301.15
1301.88
1302.06
1302.92
1302.92
1303.46
1303.93
1304.07
1305.01
1305.51
1305.59
1306.55
1306.62
1307.16
1307.43
1307.56
1307.99
1308.91
1309.41
1310.02
1311.11
1311.11
1311.14
1311.47
1311.78
1312.53
1313.16
1313.36
1313.37
1314.17
1314.56
1314.71
1315.99
1316.61
1316.80
1317.31
1317.58
1317.67
1317.71
1317.87
1318.21
1318.32
1318.41
1318.54
1318.68
1318.92
1319.05
1319.65
1320.67
1320.71
1321.97
1322.01
1322.17
1322.25
1322.37
1322.65
1322.98
1323.15
1323.51
1324.16
1324.39
1324.67
1324.74
1325.03
1325.76
1327.15
1327.34
1327.73
1327.96
1328.27
1331.53
1331.90
1332.30
1333.33
1333.95
1333.99
1334.56
1334.99
1337.04
1337.48
1338.21
1338.26
1338.69
1339.52
1339.84
1339.95
1340.18
1340.98
1341.08
1341.13
1341.17
1341.72
1342.43
1342.64
1342.96
1343.89
1344.43
1344.45
1345.05
1345.52
1345.75
1346.23
1346.40
1346.54
1346.83
1346.94
1346.97
1347.69
1347.85
1349.13
1349.53
1349.98
1350.81
1351.07
1351.41
1351.94
1351.97
1352.64
1352.90
1354.06
1354.09
1354.22
1355.32
1355.51
1356.10
1357.24
1358.26
1358.27
1358.30
1358.71
1359.80
1359.92
1360.20
1360.60
1360.71
1360.74
1362.04
1362.35
1364.28
1365.34
1365.77
1365.98
1366.20
1366.39
1366.56
1367.06
1367.64
1367.74
1367.80
1368.04
1370.75
1370.79
1371.56
1372.19
1374.10
1374.97
1375.52
1375.74
1376.72
1377.21
1377.79
1379.70
1379.82
1381.00
1381.08
1381.69
1382.15
1382.45
1382.86
1384.09
1384.09
1384.77
1384.80
1384.97
1385.37
1385.64
1387.10
1387.70
1388.19
1388.84
1389.04
1389.53
1390.01
1390.18
1390.18
1390.21
1390.57
1391.05
1391.80
1392.27
1393.10
1393.28
1393.42
1393.42
1394.71
1395.26
1395.29
1395.83
1395.91
1396.33
1397.01
1397.02
1397.33
1398.11
1398.16
1398.43
1398.51
1398.96
1399.26
1399.28
1399.58
1399.81
1400.13
1402.64
1403.36
1403.72
1404.63
1406.35
1406.38
1406.38
1406.62
1406.90
1407.46
1408.96
1410.13
1410.59
1411.12
1411.70
1412.27
1415.54
1415.80
1416.41
1416.52
1416.72
1417.92
1417.95
1419.11
1419.67
1419.71
1419.97
1420.04
1420.20
1420.59
1420.94
1421.34
1422.02
1422.23
1422.54
1422.62
1422.96
1423.24
1424.34
1425.13
1425.24
1425.28
1425.36
1425.81
1425.95
1426.23
1426.98
1427.03
1429.15
1429.72
1429.95
1431.02
1431.08
1431.67
1433.53
1433.71
1434.12
1434.23
1434.33
1434.35
1435.65
1436.66
1437.04
1438.02
1438.11
1439.19
1439.45
1440.04
1440.23
1440.45
1442.10
1442.37
1442.54
1442.79
1442.91
1443.11
1443.63
1443.68
1443.74
1443.99
1444.50
1444.68
1445.61
1446.95
1446.95
1447.34
1447.84
1448.48
1448.70
1448.76
1449.06
1451.29
1451.41
1451.90
1452.31
1453.05
1453.39
1453.61
1454.65
1455.41
1455.55
1456.38
1456.76
1457.02
1457.11
1458.04
1460.63
1460.69
1460.90
1460.91
1461.04
1461.36
1461.39
1461.63
1461.99
1462.73
1463.13
1463.92
1465.39
1465.62
1466.12
1466.22
1466.60
1467.70
1467.79
1467.92
1467.98
1468.30
1469.09
1469.13
1469.16
1470.14
1470.37
1470.70
1471.53
1471.97
1473.22
1473.46
1473.57
1473.60
1474.64
1474.73
1475.13
1475.48
1475.74
1476.33
1476.76
1477.72
1477.75
1478.18
1478.52
1479.00
1479.17
1479.24
1479.43
1479.83
1479.97
1479.99
1480.21
1480.34
1480.87
1481.24
1481.50
1481.66
1481.91
1482.31
1482.76
1482.79
1482.88
1483.31
1483.49
1483.68
1483.81
1484.10
1484.58
1484.79
1485.22
1485.44
1485.54
1485.94
1486.71
1487.18
1488.37
1489.65
1490.45
1492.74
1493.02
1493.60
1494.25
1494.31
1494.46
1495.72
1495.80
1496.62
1496.75
1496.88
1497.14
1497.37
1497.60
1497.84
1498.11
1499.06
1499.20
1500.50
1502.19
1502.61
1502.74
1502.76
1503.82
1505.13
1505.77
1506.39
1507.79
1508.92
1509.11
1509.18
1509.93
1510.44
1510.88
1511.40
1512.30
1512.51
1512.58
1513.13
1513.46
1515.13
1515.17
1515.95
1516.30
1516.64
1516.79
1517.05
1517.17
1518.74
1520.50
1520.90
1521.92
1522.87
1523.19
1523.40
1524.47
1525.27
1525.56
1525.89
1525.91
1526.45
1527.41
1528.47
1528.57
1528.69
1528.88
1529.07
1530.85
1531.37
1531.37
1533.11
1537.34
1537.81
1537.83
1537.89
1538.28
1538.49
1538.69
1539.66
1539.84
1540.24
1540.32
1541.09
1542.74
1542.89
1543.24
1543.46
1544.28
1544.63
1544.76
1544.88
1545.03
1546.08
1546.20
1546.32
1546.99
1547.21
1549.47
1549.52
1549.85
1550.47
1551.43
1551.72
1552.34
1552.64
1553.95
1556.00
1556.79
1558.48
1560.15
1560.20
1560.50
1562.06
1562.29
1562.75
1562.95
1563.38
1563.90
1565.53
1566.05
1566.42
1567.73
1568.61
1569.87
1570.09
1570.18
1570.26
1570.80
1572.18
1573.29
1573.34
1573.54
1573.73
1574.21
1574.34
1574.36
1574.87
1575.65
1576.10
1576.46
1577.82
1578.37
1580.83
1580.85
1583.71
1584.32
1586.67
1587.36
1587.70
1588.39
1588.53
1588.89
1589.23
1589.27
1589.35
1589.99
1590.45
1590.95
1591.73
1593.50
1593.50
1593.93
1594.42
1595.61
1595.69
1596.32
1596.94
1597.11
1597.13
1597.68
1597.89
1597.94
1597.99
1598.48
1598.51
1599.70
1599.86
1600.93
1601.00
1601.56
1602.55
1603.83
1605.41
1605.81
1606.26
1606.26
1606.47
1607.39
1607.72
1607.96
1608.70
1608.71
1609.51
1609.95
1610.30
1610.68
1611.10
1612.46
1613.28
1614.22
1615.32
1616.09
1616.21
1616.30
1616.49
1616.77
1616.83
1617.07
1619.24
1620.86
1620.86
1621.56
1622.63
1623.38
1623.49
1623.68
1624.09
1624.35
1624.79
1625.18
1625.42
1626.05
1626.23
1626.30
1626.60
1627.11
1627.20
1627.90
1628.27
1629.03
1629.14
1629.47
1629.93
1631.02
1631.15
1631.45
1631.89
1632.40
1632.45
1632.61
1633.87
1636.91
1637.05
1638.40
1638.74
1639.21
1639.92
1641.54
1644.46
1645.26
1645.47
1645.51
1646.04
1646.11
1646.79
1646.98
1647.34
1647.41
1647.79
1648.05
1649.00
1651.48
1653.68
1654.40
1654.93
1654.99
1655.18
1655.22
1655.63
1655.65
1656.17
1656.20
1656.31
1656.63
1657.91
1659.59
1659.65
1662.42
1662.85
1663.41
1663.77
1663.89
1664.29
1664.74
1665.64
1666.14
1667.19
1668.31
1668.31
1668.72
1670.33
1670.40
1670.44
1671.38
1674.38
1674.57
1675.74
1676.22
1676.22
1676.43
1676.47
1677.79
1677.85
1678.12
1678.39
1678.48
1678.63
1679.83
1681.90
1682.07
1682.23
1682.96
1683.25
1683.89
1684.49
1685.40
1687.77
1688.01
1688.78
1688.89
1688.92
1689.89
1691.39
1691.94
1693.92
1693.99
1694.05
1694.07
1694.36
1694.40
1694.49
1695.83
1697.18
1697.61
1697.79
1698.18
1698.43
1698.78
1698.78
1699.41
1699.66
1699.70
1700.11
1701.87
1703.05
1703.05
1703.16
1704.60
1705.21
1707.48
1707.59
1707.72
1708.59
1709.13
1709.33
1709.35
1709.98
1710.70
1711.62
1711.83
1712.23
1712.83
1713.22
1714.20
1714.24
1714.26
1715.42
1715.59
1715.76
1715.78
1715.94
1716.32
1716.97
1717.82
1717.84
1718.08
1718.75
1719.44
1720.76
1721.34
1722.64
1723.00
1723.48
1724.04
1724.10
1724.95
1725.05
1726.06
1728.50
1731.07
1731.48
1732.47
1732.75
1732.87
1733.04
1734.03
1734.31
1734.84
1735.94
1736.39
1736.60
1737.77
1737.82
1738.84
1739.05
1739.10
1739.40
1740.36
1740.40
1740.82
1741.51
1742.15
1744.11
1744.40
1745.40
1745.42
1745.70
1746.27
1747.55
1749.67
1751.21
1751.55
1751.98
1752.67
1753.65
1754.20
1754.26
1754.92
1755.82
1756.50
1759.89
1760.23
1760.57
1760.99
1762.46
1762.84
1763.03
1763.11
1763.11
1763.51
1763.83
1764.08
1764.39
1765.17
1766.26
1767.56
1767.84
1768.80
1769.24
1769.72
1770.12
1770.12
1770.62
1770.75
1772.21
1772.65
1772.96
1773.73
1774.34
1774.44
1775.07
1775.09
1775.70
1775.93
1775.95
1776.70
1776.86
1777.17
1777.74
1779.30
1782.38
1782.65
1782.85
1783.93
1783.95
1785.20
1785.38
1785.38
1785.88
1785.97
1787.25
1788.28
1788.37
1790.71
1791.55
1792.13
1792.40
1792.91
1795.35
1796.44
1796.81
1797.61
1798.35
1799.22
1799.32
1800.10
1800.45
1802.51
1802.75
1804.02
1805.13
1808.37
1808.79
1809.39
1811.10
1811.35
1811.55
1815.43
1815.79
1816.95
1817.93
1818.32
1818.60
1821.33
1821.47
1822.56
1823.27
1823.35
1823.48
1823.96
1825.02
1825.44
1827.10
1829.25
1829.55
1829.59
1830.36
1830.70
1831.81
1831.95
1832.13
1833.36
1833.45
1833.77
1834.11
1834.21
1834.76
1835.40
1835.84
1835.96
1837.43
1839.24
1839.57
1839.77
1840.53
1843.34
1844.80
1844.96
1846.27
1847.65
1849.37
1849.45
1850.13
1853.38
1854.16
1854.96
1855.11
1856.09
1856.31
1856.47
1858.10
1858.54
1859.53
1859.61
1860.17
1860.94
1861.68
1861.80
1861.84
1862.49
1862.63
1864.56
1865.17
1865.27
1866.46
1867.61
1867.63
1867.69
1868.93
1869.15
1870.67
1872.55
1872.59
1872.61
1874.01
1874.84
1875.45
1875.83
1876.08
1876.63
1876.99
1878.80
1878.88
1879.04
1879.45
1880.30
1880.55
1880.98
1882.87
1883.58
1885.32
1885.40
1886.81
1887.56
1887.99
1888.46
1888.56
1889.09
1889.28
1889.83
1891.32
1892.45
1894.21
1894.39
1894.66
1896.14
1896.20
1896.34
1896.81
1896.84
1897.94
1899.53
1899.75
1899.81
1900.53
1900.88
1902.30
1902.78
1904.38
1904.46
1904.53
1904.84
1906.16
1906.38
1909.71
1909.79
1911.11
1911.90
1912.56
1913.64
1914.46
1914.86
1916.21
1916.29
1917.10
1917.37
1918.51
1921.31
1921.33
1921.69
1923.91
1924.33
1924.52
1924.72
1924.79
1925.35
1926.56
1927.43
1928.58
1929.46
1929.98
1930.06
1931.15
1931.63
1932.88
1932.97
1933.62
1936.36
1936.53
1936.59
1937.05
1937.49
1940.76
1940.97
1943.79
1944.55
1945.26
1945.83
1946.06
1947.75
1947.90
1949.31
1950.24
1950.89
1951.97
1954.17
1954.29
1956.77
1957.21
1958.50
1961.54
1961.86
1962.83
1963.32
1963.36
1963.36
1965.66
1965.76
1966.74
1966.85
1967.89
1968.30
1969.09
1970.36
1970.73
1971.20
1971.30
1972.75
1973.35
1973.82
1975.79
1976.60
1977.33
1977.41
1978.08
1979.72
1980.02
1980.82
1982.17
1983.37
1983.39
1985.22
1985.90
1987.67
1987.90
1989.21
1989.75
1990.10
1990.46
1992.83
1992.98
1993.09
1994.34
1994.82
1994.97
1995.79
1998.66
1998.71
1998.84
1999.81
2000.14
2001.20
2001.35
2002.26
2003.58
2004.27
2005.75
2008.53
2008.61
2009.11
2009.33
2009.35
2009.96
2012.29
2013.10
2013.40
2013.82
2015.12
2015.41
2015.47
2015.73
2017.52
2018.61
2019.01
2020.56
2022.18
2022.86
2022.88
2023.60
2025.40
2025.46
2025.66
2026.27
2026.36
2026.38
2027.19
2027.66
2027.70
2027.74
2027.79
2028.40
2028.71
2030.99
2032.99
2034.03
2034.31
2035.37
2035.59
2038.52
2038.76
2039.25
2039.60
2039.80
2039.82
2040.07
2040.57
2041.17
2041.26
2041.28
2041.79
2041.86
2043.40
2045.39
2045.64
2046.70
2047.59
2048.27
2049.09
2050.27
2051.22
2051.47
2051.75
2052.86
2052.91
2053.86
2055.06
2055.09
2055.73
2056.13
2056.91
2058.16
2059.03
2059.18
2061.19
2061.86
2062.97
2063.53
2063.73
2063.78
2064.85
2065.21
2067.78
2069.50
2069.64
2071.67
2073.20
2073.94
2074.34
2074.59
2077.80
2078.03
2079.56
2080.64
2081.70
2083.59
2084.08
2085.75
2085.89
2086.18
2088.40
2088.89
2089.26
2090.09
2092.40
2092.88
2092.97
2093.69
2095.21
2096.00
2096.43
2096.86
2097.59
2100.27
2100.79
2101.38
2103.09
2104.87
2105.02
2105.09
2106.48
2107.37
2108.33
2108.95
2110.04
2112.76
2113.65
2114.82
2117.13
2117.47
2117.61
2118.37
2119.63
2121.72
2122.45
2122.50
2123.21
2123.44
2124.45
2125.21
2125.67
2126.22
2127.03
2127.28
2127.67
2128.02
2128.85
2129.21
2130.23
2130.25
2130.53
2130.62
2131.91
2132.21
2133.11
2133.27
2137.71
2138.10
2138.52
2139.12
2139.84
2139.95
2140.95
2142.06
2143.85
2148.72
2149.28
2149.65
2149.79
2150.93
2154.29
2156.04
2158.72
2160.57
2162.79
2162.98
2163.89
2165.22
2165.27
2165.81
2166.54
2167.22
2168.65
2168.90
2169.77
2170.64
2171.98
2173.04
2173.06
2174.14
2174.94
2174.94
2175.18
2178.76
2178.81
2179.42
2179.92
2180.65
2180.79
2180.98
2181.73
2182.61
2183.86
2184.24
2184.52
2186.43
2186.60
2186.81
2186.86
2186.98
2187.67
2188.71
2189.01
2189.37
2189.75
2190.18
2191.27
2191.46
2192.83
2193.47
2193.54
2194.28
2195.06
2196.04
2197.39
2197.91
2199.41
2199.89
2199.96
2200.53
2201.10
2201.72
2201.87
2202.01
2202.91
2203.25
2204.32
2204.58
2205.04
2208.93
2210.00
2210.79
2212.71
2214.65
2216.78
2217.48
2218.15
2218.51
2219.69
2219.95
2221.49
2221.70
2225.05
2225.70
2226.66
2228.16
2228.59
2229.10
2230.28
2230.81
2231.22
2231.73
2232.86
2233.27
2235.35
2238.79
2239.71
2244.44
2246.21
2246.34
2246.99
2247.48
2247.77
2247.77
2247.77
2248.62
2250.03
2250.28
2250.47
2250.98
2251.37
2252.01
2253.35
2253.42
2254.61
2254.64
2254.88
2256.59
2256.69
2256.81
2257.67
2257.91
2258.84
2260.92
2261.16
2261.36
2261.53
2262.61
2262.65
2263.51
2264.71
2265.25
2265.69
2265.99
2266.01
2266.53
2266.87
2266.99
2268.02
2268.10
2269.27
2269.86
2270.28
2270.58
2270.70
2272.32
2272.64
2273.21
2273.38
2273.45
2273.55
2273.75
2275.64
2276.09
2277.51
2277.98
2278.18
2279.54
2282.35
2283.14
2283.24
2286.58
2288.51
2288.65
2289.57
2289.97
2290.04
2291.16
2291.18
2291.90
2291.95
2292.10
2293.22
2294.68
2295.85
2296.17
2296.49
2297.41
2300.15
2302.41
2302.91
2303.26
2303.91
2304.33
2304.48
2305.61
2307.78
2308.18
2308.75
2309.13
2311.13
2311.48
2312.85
2316.51
2317.84
2318.76
2319.37
2320.65
2322.93
2323.31
2324.01
2324.24
2324.37
2327.94
2327.97
2328.17
2328.62
2329.45
2331.32
2334.12
2335.31
2336.14
2336.57
2336.82
2337.51
2338.34
2342.09
2343.79
2344.62
2344.83
2349.60
2350.95
2351.02
2351.41
2352.07
2353.37
2353.70
2356.02
2357.95
2362.60
2364.14
2365.31
2366.11
2366.57
2369.64
2370.36
2370.59
2372.36
2372.64
2373.36
2373.70
2376.01
2376.81
2376.86
2377.42
2377.48
2377.78
2377.84
2378.50
2378.89
2380.38
2381.18
2381.62
2382.55
2382.68
2383.32
2383.86
2385.00
2385.26
2387.12
2389.60
2390.63
2391.48
2392.62
2393.06
2395.19
2396.95
2397.68
2398.56
2399.75
2399.91
2401.00
2403.60
2403.78
2403.91
2406.28
2406.96
2407.22
2408.28
2408.60
2410.29
2410.58
2410.63
2411.00
2412.43
2412.54
2414.08
2415.17
2415.41
2415.49
2416.09
2416.27
2418.91
2419.38
2421.11
2421.27
2422.24
2424.28
2424.34
2425.20
2426.96
2427.46
2427.72
2429.19
2431.93
2431.96
2433.48
2433.82
2439.04
2439.36
2439.62
2440.92
2443.09
2443.59
2443.59
2445.81
2446.87
2447.03
2447.24
2448.85
2449.70
2450.07
2452.17
2453.60
2454.53
2455.17
2456.20
2457.43
2457.99
2458.52
2458.52
2462.99
2463.15
2464.00
2464.38
2470.70
2472.50
2473.00
2473.59
2474.13
2474.64
2475.49
2476.86
2478.90
2481.21
2481.55
2482.09
2483.27
2483.81
2484.99
2485.24
2488.06
2489.19
2492.40
2494.61
2495.58
2497.56
2498.74
2499.04
2500.15
2501.56
2503.34
2503.72
2505.05
2506.35
2506.35
2507.28
2508.25
2509.34
2509.77
2510.29
2510.37
2511.24
2511.95
2514.56
2515.84
2516.95
2520.93
2522.95
2523.52
2523.55
2525.11
2526.47
2531.32
2532.88
2533.89
2534.41
2536.17
2536.25
2537.10
2537.49
2538.12
2538.42
2538.86
2539.46
2540.67
2540.76
2541.22
2541.69
2541.97
2542.19
2542.60
2543.42
2545.65
2546.65
2547.22
2547.44
2548.60
2551.86
2554.29
2555.28
2555.31
2556.00
2557.91
2558.69
2559.05
2559.52
2559.77
2561.01
2561.96
2562.93
2566.90
2567.95
2568.45
2569.67
2569.84
2570.23
2572.29
2573.40
2573.76
2574.57
2574.60
2577.69
2578.03
2579.62
2580.99
2582.13
2582.16
2588.40
2588.82
2589.74
2589.99
2590.25
2590.75
2591.37
2593.02
2593.87
2594.57
2594.65
2595.07
2596.31
2597.35
2597.46
2598.39
2598.70
2600.16
2601.65
2601.74
2602.10
2602.72
2603.03
2603.40
2603.51
2603.59
2604.16
2607.34
2607.65
2609.09
2609.54
2609.86
2611.41
2612.60
2613.81
2613.87
2614.63
2616.58
2617.63
2617.94
2620.52
2621.03
2621.52
2623.22
2623.98
2624.18
2624.24
2625.69
2628.73
2630.01
2630.24
2632.77
2633.03
2637.45
2638.50
2639.50
2642.87
2645.59
2645.91
2646.77
2647.60
2647.74
2650.61
2652.21
2652.30
2653.42
2653.65
2656.64
2658.42
2660.23
2662.51
2662.62
2662.68
2663.03
2664.87
2666.23
2669.29
2673.10
2674.17
2674.98
2676.66
2680.28
2683.71
2684.40
2685.30
2685.57
2685.68
2689.87
2690.42
2690.60
2691.03
2691.35
2691.59
2694.56
2695.58
2700.98
2701.54
2703.29
2707.80
2711.35
2711.67
2711.76
2713.05
2713.52
2715.07
2715.49
2715.66
2715.81
2717.31
2717.78
2718.40
2718.87
2720.16
2723.02
2724.37
2725.43
2727.47
2730.48
2732.17
2732.55
2734.27
2735.27
2736.40
2740.10
2740.31
2742.15
2745.17
2746.42
2746.72
2751.57
2752.91
2755.50
2764.97
2766.43
2766.76
2767.39
2767.75
2768.14
2768.62
2770.90
2774.95
2775.43
2778.64
2780.78
2781.05
2782.92
2783.91
2784.69
2789.16
2789.67
2791.06
2792.30
2795.86
2796.68
2798.22
2798.41
2799.40
2802.98
2803.56
2804.19
2805.35
2805.74
2805.95
2806.62
2807.02
2807.44
2809.39
2810.18
2810.18
2812.64
2819.71
2822.49
2826.43
2828.54
2835.41
2837.22
2838.63
2842.26
2845.02
2846.87
2848.63
2849.28
2850.29
2851.47
2852.82
2853.32
2853.69
2854.30
2855.82
2857.36
2861.82
2863.65
2864.45
2867.65
2872.09
2873.24
2873.33
2876.29
2877.16
2877.65
2878.18
2879.43
2879.46
2882.14
2882.36
2883.17
2883.58
2883.70
2883.98
2883.98
2884.11
2891.42
2891.86
2892.17
2893.26
2894.14
2895.58
2896.80
2897.27
2899.94
2907.04
2909.56
2910.53
2911.23
2915.45
2916.65
2918.32
2918.83
2919.90
2928.25
2933.39
2934.03
2936.50
2937.17
2937.36
2939.33
2941.21
2941.85
2941.88
2942.20
2943.15
2944.14
2944.33
2944.39
2944.39
2947.55
2947.64
2948.73
2949.62
2951.89
2954.64
2956.27
2960.81
2961.36
2962.54
2962.74
2964.88
2965.53
2966.26
2968.64
2969.83
2970.79
2975.55
2980.13
2981.36
2981.42
2981.52
2981.97
2982.48
2983.23
2984.81
2985.71
2986.78
2987.72
2990.63
2991.60
2995.97
2998.34
3004.44
3007.66
3008.61
3008.77
3012.65
3014.64
3015.75
3018.94
3020.41
3022.18
3022.64
3023.49
3023.95
3024.31
3026.40
3027.09
3029.51
3029.68
3031.22
3033.42
3036.44
3037.03
3041.70
3045.39
3045.95
3046.67
3047.79
3047.93
3047.99
3049.38
3051.32
3054.69
3056.61
3057.77
3059.95
3061.15
3061.38
3063.33
3065.06
3065.62
3067.61
3074.82
3076.98
3078.25
3079.78
3080.05
3080.82
3081.08
3081.88
3082.35
3084.42
3084.75
3084.78
3090.46
3090.56
3091.37
3092.57
3093.58
3094.88
3095.68
3095.75
3098.63
3100.31
3101.05
3101.48
3101.85
3102.26
3102.59
3105.35
3105.58
3105.62
3110.32
3110.49
3114.70
3118.01
3120.10
3122.06
3122.70
3125.74
3126.55
3128.82
3130.92
3137.91
3138.24
3140.93
3143.92
3144.26
3149.16
3152.13
3156.12
3157.63
3162.34
3162.65
3164.05
3164.40
3164.57
3165.29
3166.18
3166.66
3167.65
3167.86
3169.64
3170.50
3174.93
3175.20
3175.68
3176.64
3178.74
3179.12
3179.19
3181.25
3183.49
3183.90
3184.73
3185.04
3185.35
3186.35
3186.45
3189.39
3191.49
3194.15
3195.22
3198.23
3202.21
3202.94
3206.31
3208.39
3212.76
3213.77
3214.40
3216.66
3217.74
3222.86
3224.81
3226.28
3226.45
3227.12
3229.00
3235.23
3236.56
3238.17
3239.12
3241.01
3242.38
3244.06
3245.33
3245.36
3246.52
3247.26
3247.54
3247.96
3250.39
3250.49
3253.34
3254.75
3257.99
3259.65
3259.68
3260.39
3260.46
3260.53
3262.40
3264.63
3265.51
3265.51
3270.81
3274.00
3276.91
3277.22
3280.10
3281.87
3284.40
3284.61
3287.49
3287.84
3291.47
3292.47
3300.14
3301.21
3302.53
3306.11
3308.90
3315.03
3315.53
3316.21
3317.75
3318.15
3320.16
3321.17
3321.96
3322.68
3324.47
3325.23
3326.27
3326.31
3327.46
3327.86
3333.66
3333.66
3334.16
3336.91
3337.38
3338.60
3338.71
3338.78
3340.12
3341.71
3345.00
3345.47
3347.07
3347.68
3348.95
3350.47
3352.14
3352.54
3352.98
3353.23
3353.59
3355.33
3355.88
3357.70
3358.02
3360.38
3360.57
3362.86
3366.17
3368.39
3370.14
3370.22
3373.68
3378.87
3379.42
3384.06
3385.16
3385.16
3389.08
3389.27
3390.11
3390.22
3393.45
3393.97
3396.46
3398.19
3398.63
3399.26
3399.51
3401.65
3402.24
3407.47
3408.28
3413.00
3416.33
3417.96
3419.14
3420.06
3420.47
3421.06
3423.10
3423.58
3425.06
3427.51
3431.29
3435.90
3439.17
3441.45
3443.20
3443.23
3443.83
3444.09
3445.02
3446.48
3446.62
3448.94
3450.28
3452.56
3454.24
3454.61
3455.06
3455.21
3455.55
3461.84
3464.80
3467.20
3467.98
3469.79
3470.27
3470.39
3471.03
3472.23
3475.23
3476.36
3477.90
3478.47
3480.80
3481.63
3482.35
3482.91
3483.10
3483.14
3485.36
3486.19
3488.72
3490.34
3492.91
3493.59
3493.86
3495.60
3495.67
3498.62
3501.01
3502.53
3506.74
3507.61
3507.99
3510.99
3511.22
3514.14
3515.21
3517.68
3522.75
3526.86
3526.90
3527.44
3530.49
3534.39
3537.34
3539.67
3540.63
3540.90
3541.47
3541.51
3542.81
3549.30
3549.72
3549.99
3551.45
3552.18
3552.22
3553.33
3554.14
3555.87
3557.49
3560.14
3564.58
3568.97
3580.58
3582.09
3582.52
3584.73
3584.84
3589.46
3592.30
3592.41
3592.65
3595.84
3597.55
3601.99
3602.77
3604.44
3609.71
3616.48
3620.55
3620.86
3621.37
3622.15
3623.49
3626.19
3626.63
3628.47
3629.53
3630.75
3633.07
3634.25
3634.56
3635.54
3637.79
3644.52
3644.76
3646.46
3647.64
3648.59
3649.10
3651.51
3654.63
3655.94
3657.16
3659.18
3659.70
3668.26
3669.69
3670.72
3671.28
3671.87
3673.90
3674.14
3680.27
3681.66
3683.13
3684.17
3686.56
3689.20
3693.75
3693.79
3695.47
3698.95
3700.15
3702.23
3702.35
3706.76
3707.52
3708.33
3710.41
3711.26
3712.22
3715.59
3717.61
3718.49
3719.82
3725.90
3727.68
3732.72
3733.97
3734.70
3737.81
3739.63
3740.48
3744.45
3745.59
3746.44
3748.75
3756.46
3756.87
3757.03
3759.67
3759.96
3761.38
3765.66
3766.76
3768.15
3775.94
3777.66
3778.52
3786.62
3787.15
3791.00
3800.53
3801.07
3801.89
3805.59
3806.01
3806.21
3810.17
3810.87
3817.47
3820.36
3821.52
3821.89
3822.14
3822.56
3824.71
3825.82
3828.35
3834.94
3835.85
3836.81
3837.97
3838.10
3838.97
3840.21
3842.17
3843.33
3845.83
3845.95
3846.41
3849.70
3850.37
3851.41
3857.46
3858.08
3859.42
3863.18
3868.49
3870.33
3870.67
3871.42
3872.59
3873.10
3874.81
3877.21
3878.46
3880.10
3883.08
3886.99
3888.51
3889.14
3893.98
3894.57
3896.04
3898.49
3898.70
3900.39
3902.12
3906.26
3908.08
3909.01
3910.62
3911.08
3913.20
3917.05
3919.04
3922.65
3928.17
3930.94
3934.68
3934.72
3936.04
3936.72
3939.24
3940.86
3941.63
3949.05
3949.14
3954.91
3955.68
3956.58
3957.48
3958.85
3961.68
3961.81
3961.81
3962.49
3972.92
3973.66
3975.85
3991.15
3993.57
3996.08
3996.38
3999.41
4000.83
4002.44
4003.30
4008.46
4009.15
4011.11
4012.41
4012.58
4013.36
4013.41
4025.58
4027.50
4028.37
4029.51
4032.95
4036.79
4038.19
4040.68
4041.82
4045.19
4045.49
4046.11
4050.79
4052.77
4057.07
4059.53
4060.45
4060.84
4063.00
4070.26
4072.11
4075.15
4081.24
4081.55
4081.94
4082.03
4085.17
4089.02
4089.33
4089.37
4089.81
4089.81
4093.22
4097.17
4099.38
4100.49
4104.58
4105.95
4108.22
4112.71
4113.65
4114.76
4122.65
4124.92
4127.73
4128.49
4130.15
4130.91
4136.23
4138.56
4140.66
4141.65
4142.81
4143.04
4146.89
4151.97
4154.48
4158.94
4159.84
4159.97
4164.43
4165.65
4166.19
4166.55
4167.45
4171.24
4171.37
4172.19
4173.04
4173.32
4175.26
4176.07
4181.77
4186.39
4188.47
4188.83
4190.24
4190.55
4191.46
4201.22
4205.00
4206.14
4215.57
4220.08
4222.14
4222.32
4226.62
4227.58
4234.49
4240.50
4240.54
4241.28
4243.62
4249.36
4256.68
4260.64
4261.98
4262.16
4267.05
4274.68
4278.57
4280.56
4286.26
4287.28
4288.90
4289.46
4293.73
4298.70
4299.87
4300.38
4301.03
4304.99
4309.70
4319.92
4321.09
4321.32
4322.49
4323.75
4330.73
4332.60
4334.43
4335.00
4337.53
4340.82
4340.86
4344.25
4350.55
4351.58
4353.85
4354.08
4355.82
4356.20
4358.42
4361.01
4361.67
4364.03
4367.86
4368.43
4371.97
4373.20
4373.44
4374.76
4382.82
4383.20
4387.90
4393.88
4400.45
4403.83
4405.69
4410.50
4413.56
4418.29
4423.93
4424.60
4436.54
4442.21
4443.75
4446.49
4449.38
4451.11
4451.64
4454.24
4461.86
4462.06
4462.59
4463.99
4465.44
4468.48
4471.77
4472.35
4473.56
4478.31
4481.84
4482.48
4483.83
4486.55
4495.64
4498.02
4499.19
4499.34
4499.77
4512.60
4516.65
4518.36
4519.34
4526.09
4530.06
4531.97
4531.97
4533.54
4534.28
4535.80
4539.58
4542.72
4544.54
4545.18
4553.35
4554.04
4555.87
4556.16
4556.16
4556.61
4562.97
4569.94
4574.29
4575.83
4583.26
4583.46
4584.89
4585.59
4591.05
4597.06
4597.61
4600.15
4602.64
4606.28
4608.72
4609.62
4614.01
4625.80
4629.26
4630.31
4631.66
4635.17
4640.04
4641.19
4642.85
4642.85
4645.52
4646.72
4648.03
4651.20
4655.78
4656.23
4658.45
4658.60
4661.78
4662.28
4664.00
4667.94
4669.70
4675.42
4683.11
4688.03
4692.34
4692.45
4693.56
4699.61
4699.61
4702.00
4702.31
4704.49
4708.41
4712.03
4712.39
4712.85
4714.12
4715.35
4715.50
4719.48
4720.35
4720.56
4733.39
4740.41
4747.14
4749.50
4754.59
4757.32
4757.47
4761.03
4765.46
4766.18
4767.88
4773.46
4777.49
4777.85
4781.26
4782.97
4786.08
4790.12
4790.79
4795.25
4796.76
4805.07
4807.09
4807.67
4815.32
4818.81
4823.14
4826.85
4827.89
4831.81
4834.53
4835.32
4836.78
4840.13
4840.92
4852.87
4862.28
4863.60
4864.39
4864.91
4865.18
4867.39
4870.97
4872.45
4872.66
4875.40
4878.93
4879.25
4883.26
4888.50
4890.83
4897.50
4898.40
4904.18
4907.20
4908.16
4912.36
4918.21
4930.62
4931.21
4932.17
4932.38
4939.06
4942.27
4942.75
4952.17
4952.28
4955.49
4963.59
4964.02
4969.45
4974.19
4976.02
4989.60
4991.92
4996.14
4998.41
5007.88
5008.32
5011.24
5013.74
5014.77
5023.19
5025.31
5026.28
5028.57
5030.86
5032.49
5032.98
5033.47
5040.01
5045.19
5045.36
5046.28
5046.72
5058.58
5059.29
5059.57
5060.99
5065.32
5080.25
5080.58
5081.24
5083.11
5086.85
5088.23
5091.92
5093.84
5093.95
5097.15
5100.63
5108.36
5109.47
5118.43
5120.87
5121.36
5125.63
5130.29
5133.07
5135.24
5139.29
5140.74
5147.09
5147.20
5151.43
5151.54
5154.83
5168.57
5171.82
5175.51
5182.07
5182.46
5182.51
5183.36
5183.97
5194.19
5198.24
5199.36
5203.75
5215.82
5218.24
5219.09
5223.84
5224.01
5224.51
5232.38
5236.23
5236.57
5238.89
5239.01
5240.14
5240.71
5241.27
5243.77
5251.60
5255.47
5261.44
5264.69
5266.91
5276.44
5276.44
5282.04
5290.56
5290.67
5296.40
5299.44
5304.60
5304.83
5306.84
5309.60
5311.61
5312.76
5314.77
5319.60
5324.15
5325.71
5327.67
5330.55
5333.26
5334.18
5343.31
5344.99
5345.16
5346.03
5347.01
5350.77
5357.90
5362.54
5364.05
5367.59
5378.23
5386.96
5393.38
5399.92
5401.50
5402.20
5411.67
5415.01
5415.31
5416.13
5417.88
5419.12
5419.64
5421.11
5421.93
5426.92
5428.51
5435.26
5440.91
5441.44
5442.15
5447.22
5447.45
5456.54
5459.55
5463.33
5464.75
5465.81
5476.35
5487.62
5489.34
5490.89
5491.60
5497.84
5501.95
5504.21
5510.23
5513.93
5520.13
5532.81
5533.29
5535.15
5539.58
5550.68
5556.45
5556.57
5559.57
5561.02
5566.13
5567.88
5570.11
5570.65
5571.07
5572.58
5573.79
5574.33
5580.12
5584.29
5585.08
5586.89
5587.68
5589.67
5589.85
5590.76
5600.08
5600.20
5601.72
5604.81
5605.42
5606.75
5607.24
5609.60
5617.80
5626.20
5629.18
5631.25
5638.57
5641.01
5644.37
5644.80
5645.16
5645.28
5647.30
5648.34
5650.30
5650.60
5667.50
5671.18
5676.34
5676.52
5677.01
5677.50
5677.93
5679.78
5684.45
5687.96
5692.21
5697.44
5700.77
5708.43
5709.66
5712.38
5714.23
5720.54
5731.51
5744.61
5744.80
5753.01
5755.25
5762.41
5764.16
5766.97
5772.65
5773.59
5778.15
5789.47
5789.98
5790.29
5790.35
5794.74
5801.64
5804.84
5805.09
5808.93
5809.68
5812.38
5812.57
5814.59
5821.95
5827.50
5836.71
5837.59
5839.55
5839.62
5840.06
5840.56
5847.90
5849.54
5853.34
5860.25
5863.17
5870.66
5892.29
5900.91
5916.06
5918.81
5932.53
5933.11
5952.14
5953.11
5955.81
5960.65
5967.42
5969.36
5979.12
5988.90
5995.58
5996.55
5998.82
6001.35
6004.21
6005.57
6006.29
6007.07
6009.08
6015.72
6017.02
6021.39
6032.54
6033.52
6037.96
6043.45
6046.98
6047.96
6049.60
6055.88
6059.75
6064.34
6066.70
6068.08
6072.15
6075.18
6076.56
6078.99
6090.12
6094.80
6096.58
6099.08
6101.07
6107.54
6109.72
6112.17
6116.66
6117.72
6119.11
6119.58
6123.42
6124.54
6129.45
6132.17
6135.69
6140.73
6141.53
6151.51
6152.17
6153.70
6163.37
6168.37
6168.57
6171.17
6173.04
6173.11
6174.11
6180.66
6183.54
6185.21
6191.77
6192.98
6194.59
6196.53
6201.63
6201.76
6204.18
6205.32
6205.86
6211.43
6212.71
6213.99
6215.40
6229.13
6239.32
6241.07
6245.94
6248.91
6254.05
6263.20
6268.14
6276.70
6278.12
6286.89
6287.50
6291.31
6292.54
6297.65
6305.01
6309.65
6315.59
6321.47
6326.26
6330.51
6358.31
6359.96
6361.41
6366.50
6366.50
6366.85
6378.01
6381.54
6381.74
6385.26
6394.05
6413.65
6420.11
6429.43
6435.83
6436.87
6448.58
6450.61
6457.45
6459.69
6470.46
6473.89
6474.24
6478.59
6479.57
6497.47
6498.17
6509.43
6515.49
6515.56
6519.30
6532.93
6534.98
6541.06
6558.92
6561.12
6564.81
6569.43
6574.41
6575.26
6578.61
6579.25
6587.15
6589.79
6597.64
6597.78
6607.36
6610.36
6614.79
6627.40
6627.62
6630.56
6641.83
6650.89
6658.67
6661.05
6675.91
6681.33
6684.58
6685.31
6688.85
6691.10
6694.86
6695.44
6702.69
6704.87
6716.70
6721.50
6731.25
6732.85
6740.87
6758.76
6769.01
6785.73
6788.52
6792.85
6804.55
6807.50
6815.53
6822.61
6826.97
6829.19
6833.47
6841.68
6844.72
6851.91
6860.29
6870.39
6871.95
6872.85
6886.99
6899.22
6906.76
6910.05
6915.89
6916.11
6923.30
6929.37
6935.75
6936.05
6936.05
6941.60
6959.50
6960.48
6965.68
6965.83
6968.69
6969.45
6970.73
6971.94
6985.83
6996.27
7009.83
7016.20
7026.38
7041.76
7074.67
7076.59
7078.12
7082.64
7086.78
7101.28
7105.43
7109.43
7117.59
7120.83
7128.61
7141.43
7141.81
7141.97
7145.14
7146.68
7155.27
7158.29
7173.49
7179.08
7181.95
7183.74
7187.94
7199.85
7203.12
7217.16
7218.26
7221.93
7234.99
7256.78
7266.37
7279.51
7294.57
7306.81
7309.90
7320.11
7323.59
7325.42
7327.00
7331.21
7333.59
7333.74
7338.35
7350.19
7350.27
7351.46
7359.42
7366.03
7372.41
7375.36
7388.14
7394.94
7410.40
7413.52
7417.54
7419.38
7434.73
7436.34
7438.83
7445.36
7465.68
7470.21
7476.68
7483.40
7484.29
7485.02
7520.41
7526.92
7529.45
7541.27
7545.51
7550.98
7559.49
7561.45
7564.07
7567.83
7579.47
7583.32
7594.41
7598.68
7604.36
7607.16
7624.38
7627.76
7628.59
7630.98
7655.79
7658.44
7663.83
7668.72
7671.13
7697.99
7702.07
7703.57
7706.57
7719.84
7724.69
7737.23
7741.34
7747.62
7758.19
7763.31
7769.03
7775.50
7789.48
7797.49
7801.88
7802.30
7814.97
7824.45
7843.35
7855.50
7857.45
7875.49
7875.49
7882.06
7887.95
7902.98
7915.65
7937.60
7945.94
7946.71
7949.81
7963.06
7965.82
7973.58
7989.39
7991.63
7999.33
8007.99
8029.16
8033.85
8034.46
8057.62
8076.65
8080.67
8083.38
8086.53
8087.05
8106.06
8110.71
8131.45
8144.92
8145.36
8148.45
8150.92
8164.69
8168.57
8201.87
8236.38
8238.87
8244.67
8251.01
8259.76
8275.06
8279.09
8280.61
8300.97
8325.89
8342.84
8349.52
8352.96
8353.95
8377.76
8421.29
8423.75
8427.30
8439.99
8442.18
8459.19
8470.82
8491.93
8508.66
8512.72
8516.40
8526.73
8539.47
8547.79
8558.89
8565.19
8567.70
8585.70
8602.62
8614.17
8615.10
8624.15
8626.58
8656.78
8665.59
8692.16
8696.30
8699.22
8703.55
8725.71
8726.08
8727.88
8734.11
8736.76
8738.74
8749.25
8767.06
8776.55
8783.58
8785.86
8812.62
8827.79
8851.89
8865.12
8871.55
8917.45
8919.58
8924.40
8925.37
8925.66
8926.53
8933.68
8961.36
8964.76
8990.40
9002.57
9008.32
9010.56
9030.08
9042.50
9044.16
9044.75
9056.79
9071.90
9072.88
9073.47
9078.67
9104.84
9130.49
9133.95
9134.74
9137.50
9139.58
9145.22
9151.65
9184.49
9185.48
9202.19
9213.45
9218.04
9247.21
9248.51
9300.49
9317.61
9329.51
9330.73
9351.44
9352.46
9354.58
9359.85
9376.77
9392.92
9393.94
9405.53
9417.85
9438.46
9445.40
9449.39
9455.63
9491.40
9492.63
9511.14
9524.63
9525.15
9532.88
9539.69
9539.79
9541.96
9544.54
9553.22
9568.43
9584.38
9597.04
9599.12
9608.26
9612.42
9616.90
9646.39
9650.15
9659.34
9669.59
9675.76
9682.67
9687.18
9687.81
9720.67
9741.94
9747.11
9750.48
9766.00
9769.91
9784.72
9790.76
9795.95
9803.16
9814.73
9815.16
9831.42
9903.16
9911.31
9933.96
9937.62
9939.44
9942.03
9955.37
9957.74
9965.61
9980.72
9981.26
9983.09
9987.63
9996.82
9999.20
10034.10
10038.12
10038.88
10053.66
10059.97
10082.64
10089.62
10098.36
10099.12
10105.03
10112.03
10122.53
10122.53
10140.51
10146.11
10150.50
10151.82
10164.90
10204.13
10206.34
10259.04
10282.15
10287.38
10311.90
10331.89
10332.56
10335.58
10336.25
10341.28
10362.34
10366.15
10372.55
10397.72
10404.02
10417.42
10418.21
10418.89
10419.90
10444.74
10456.50
10497.76
10499.35
10503.67
10507.87
10519.59
10544.32
10554.93
10564.87
10564.99
10573.34
10589.59
10609.43
10628.74
10632.88
10661.56
10682.11
10685.70
10703.52
10713.13
10714.29
10720.44
10732.97
10749.24
10779.18
10793.65
10850.20
10867.59
10884.42
10897.97
10905.17
10956.61
10956.73
10990.33
10992.59
10999.97
11006.28
11008.90
11025.94
11037.16
11074.61
11076.76
11077.48
11081.32
11096.20
11099.32
11105.32
11136.01
11149.15
11149.75
11152.77
11165.57
11172.70
11173.18
11264.46
11267.87
11281.17
11310.01
11313.81
11315.89
11324.71
11357.84
11376.16
11384.17
11398.22
11400.81
11410.31
11427.48
11443.07
11448.27
11449.64
11454.59
11465.13
11498.30
11534.81
11541.18
11541.93
11562.05
11565.93
11573.19
11581.33
11586.10
11613.83
11615.84
11634.46
11648.06
11671.53
11675.95
11681.38
11682.90
11696.81
11701.62
11739.79
11753.27
11768.28
11772.36
11782.93
11809.22
11813.19
11823.16
11827.25
11845.44
11962.91
11975.08
11992.71
12008.68
12022.72
12043.56
12049.29
12092.78
12092.91
12107.18
12147.20
12153.51
12173.78
12175.23
12227.24
12249.22
12269.65
12273.50
12292.37
12299.03
12303.68
12318.60
12325.80
12328.74
12345.82
12346.76
12367.48
12386.36
12402.73
12428.65
12435.65
12443.86
12509.33
12512.17
12526.67
12526.80
12529.78
12542.26
12543.08
12555.02
12557.33
12561.00
12581.54
12587.40
12606.34
12611.25
12658.14
12670.47
12674.04
12684.33
12686.39
12745.41
12772.19
12797.64
12805.82
12842.73
12854.68
12857.74
12928.33
12948.35
12964.05
12965.17
12992.41
12997.19
13006.06
13008.03
13013.80
13027.60
13028.17
13079.15
13084.67
13090.06
13152.66
13156.22
13235.46
13243.48
13243.77
13252.37
13284.10
13297.47
13311.15
13322.53
13330.32
13364.98
13373.22
13397.99
13398.28
13417.14
13441.11
13443.58
13456.68
13469.21
13477.52
13509.78
13520.60
13527.04
13551.65
13592.48
13604.39
13608.96
13679.82
13692.26
13696.70
13750.75
13856.79
13860.24
13863.99
13874.35
13877.80
13881.40
13896.28
13920.96
13948.40
13967.43
13994.05
13999.66
14020.12
14046.39
14051.40
14076.21
14084.74
14090.84
14109.60
14129.31
14132.06
14145.06
14156.09
14159.46
14249.67
14257.38
14273.28
14283.48
14287.03
14295.69
14363.14
14402.35
14421.37
14442.77
14480.32
14486.59
14497.41
14501.80
14535.10
14559.81
14568.48
14607.47
14621.86
14633.73
14673.36
14726.33
14728.72
14772.29
14801.41
14843.91
14857.40
14908.13
14919.58
14968.42
14968.58
15080.42
15101.48
15144.84
15145.34
15186.36
15229.80
15230.13
15276.83
15297.84
15339.61
15375.33
15422.32
15426.16
15493.74
15496.42
15533.52
15571.21
15629.61
15664.49
15717.12
15722.05
15730.73
15744.01
15778.97
15872.63
15890.33
15895.15
15941.30
15951.31
15976.01
15980.85
16069.28
16078.84
16129.20
16145.61
16192.32
16194.95
16197.05
16201.79
16313.31
16316.49
16349.53
16437.15
16438.40
16450.85
16456.02
16481.14
16671.79
16705.01
16838.57
16906.49
16920.58
16927.35
16952.09
17035.02
17064.35
17211.77
17215.12
17267.72
17325.74
17463.51
17491.87
17580.10
17613.80
17645.84
17722.00
17731.97
17846.11
17911.49
17934.37
17981.20
18012.35
18091.46
18332.05
18480.22
18499.42
18531.27
18551.94
18589.91
18658.23
18745.84
18753.76
18810.45
18938.09
18977.27
18981.78
18983.02
18995.14
19018.99
19157.99
19482.62
19610.57
19763.94
19779.99
19832.70
19941.80
20001.44
20022.87
20029.81
20127.13
20132.80
20170.08
20189.73
20208.74
20337.28
20395.24
20432.57
20444.73
20516.97
20597.93
20630.94
20693.32
20721.32
20725.36
20808.04
20875.92
20885.86
20968.51
21014.61
21096.63
21275.89
21455.04
21522.00
21619.32
21733.31
21735.89
22067.17
22176.08
22399.38
22515.04
22741.01
22769.82
22855.47
22859.92
22978.21
23007.06
23032.97
23215.36
23222.65
23247.79
23296.64
23475.78
23555.93
23585.26
23612.32
23737.58
23817.34
24008.28
24308.09
24383.69
24401.11
24640.68
24886.64
24896.61
25067.44
25114.67
25197.15
25405.75
25514.01
25746.39
25868.42
26031.26
26145.02
26446.31
26643.91
26784.68
26913.08
27033.32
28003.56
28077.29
28097.65
28253.73
28329.34
28695.21
30188.27
30277.57
30382.91
30586.09
30710.11
30845.98
32353.48
32788.35
32900.65
33400.64
33570.56
34113.94
36134.41
36495.11
36968.04
38413.12
39020.10
43042.15
43898.14
