9.48
11.60
12.49
12.83
13.66
15.11
18.58
18.70
19.47
20.05
21.27
22.78
23.62
24.38
24.49
25.13
25.43
25.83
26.38
26.49
27.21
27.45
29.59
29.97
30.09
30.16
30.47
30.83
30.94
31.06
31.17
31.26
31.37
33.52
33.70
33.71
34.10
35.64
35.84
36.00
36.20
37.11
37.11
37.38
37.51
38.08
38.18
38.49
39.03
39.60
39.83
40.25
40.41
40.65
40.88
41.27
42.39
43.15
43.28
43.31
44.34
44.83
45.06
45.63
46.05
46.92
49.19
49.43
50.05
51.43
52.49
52.86
53.10
53.17
53.32
53.41
53.62
53.78
53.83
54.42
55.00
55.43
55.50
56.48
56.65
57.14
57.59
57.82
59.02
59.20
59.31
60.37
60.67
61.36
61.46
61.58
61.75
62.72
62.75
62.92
63.00
63.23
63.81
63.99
64.30
64.62
65.12
65.60
65.70
66.02
66.29
66.62
66.77
67.10
67.13
67.26
67.42
67.57
67.88
67.89
67.90
67.91
67.93
68.10
68.23
68.64
68.89
69.82
70.05
70.45
70.52
70.67
71.60
71.66
71.80
72.05
72.18
72.21
73.41
73.55
73.60
73.71
74.37
74.47
74.51
74.51
74.60
74.62
74.80
75.11
76.08
76.33
76.63
76.79
76.99
77.00
77.06
77.30
78.50
78.52
78.60
78.70
78.74
78.76
79.18
79.80
79.89
80.05
80.17
80.67
80.87
81.47
82.77
83.07
83.24
83.25
83.36
83.48
83.51
83.64
84.34
84.40
84.41
84.45
85.33
85.50
85.51
86.64
87.20
87.55
88.06
88.23
88.28
88.42
88.55
88.58
88.77
89.13
89.70
89.77
89.78
89.83
90.14
90.75
92.03
92.17
92.33
93.00
93.49
93.49
93.84
93.98
94.19
94.29
94.78
94.84
95.11
95.63
95.80
96.11
97.21
97.40
97.73
98.94
99.09
100.50
101.09
101.45
101.50
102.60
103.31
104.07
104.32
105.77
106.33
106.36
106.89
107.06
107.13
107.39
107.44
107.45
107.48
107.67
107.68
108.63
109.44
109.49
109.71
109.78
110.08
110.19
110.27
110.43
110.62
111.06
111.18
111.20
111.29
111.47
112.46
112.95
113.74
113.94
114.75
114.85
114.88
115.49
115.69
116.26
116.88
117.27
117.32
117.45
117.94
117.99
118.24
118.57
118.64
118.90
119.05
119.37
119.82
120.87
120.98
121.60
121.66
121.92
121.92
122.49
122.57
122.78
122.84
123.04
123.09
123.33
123.59
123.68
125.41
125.62
125.90
126.01
126.10
126.19
126.26
127.08
128.97
129.19
129.28
129.66
129.86
131.75
131.80
133.08
133.35
133.39
133.73
134.08
134.41
134.55
134.59
135.42
137.18
137.76
137.79
137.83
139.09
139.24
139.26
140.47
140.49
141.63
141.85
142.09
142.11
142.35
142.38
142.86
143.60
143.61
144.29
144.43
144.58
144.63
145.31
145.33
145.61
145.62
145.94
146.03
146.80
148.09
148.52
148.64
148.88
148.91
149.13
149.24
149.61
149.73
150.59
150.78
150.85
151.09
151.26
151.63
152.31
152.39
152.55
152.63
152.72
152.72
152.98
153.25
153.52
153.53
154.26
154.37
154.39
154.44
154.63
154.64
154.79
155.10
155.13
155.34
156.29
156.30
156.85
157.20
158.04
158.10
158.12
158.22
158.93
159.05
159.59
159.83
160.25
160.26
161.59
161.73
161.83
163.32
163.54
163.61
164.02
164.03
164.20
164.34
164.53
164.65
165.23
165.91
166.69
166.69
166.71
166.72
166.86
167.01
167.01
167.02
167.09
167.25
167.57
168.13
168.82
169.24
170.21
171.40
171.97
172.27
172.52
173.33
175.39
175.61
176.04
176.74
177.43
177.49
177.59
178.14
178.28
178.67
179.06
179.39
179.40
179.63
179.85
179.89
180.75
180.75
181.08
181.80
182.45
182.47
182.55
182.66
182.87
183.01
183.37
183.60
183.73
183.97
184.16
184.26
184.68
184.71
185.06
185.21
186.27
186.68
186.89
188.89
189.43
189.56
189.71
190.55
191.02
191.03
191.08
191.11
191.37
192.45
192.65
192.71
192.88
192.91
193.90
194.64
194.71
195.56
195.97
196.10
196.13
196.76
196.89
197.34
197.60
198.10
198.41
198.54
198.89
198.90
199.45
199.48
199.78
199.85
200.03
200.30
200.50
201.40
201.51
201.52
201.54
202.12
202.13
202.46
203.21
203.85
204.11
204.53
205.08
205.33
205.53
206.04
206.48
207.00
207.54
207.63
208.45
208.61
209.18
209.31
210.25
210.51
210.93
211.50
211.94
212.02
212.21
212.29
212.30
213.18
213.96
214.15
214.16
214.66
214.78
215.26
215.45
215.71
215.77
216.77
217.35
217.53
217.76
217.93
218.09
218.44
219.43
219.45
219.51
219.88
220.34
220.61
220.78
220.94
221.12
221.28
221.49
221.50
222.70
222.80
222.97
223.04
223.05
224.00
224.07
224.40
224.77
224.84
225.63
225.82
225.89
226.03
226.13
226.47
226.62
227.09
227.20
227.50
228.49
228.59
228.79
229.20
229.91
230.04
230.58
230.98
231.18
231.29
231.67
232.98
233.24
233.83
234.37
234.49
234.72
235.10
235.21
235.84
236.24
236.33
236.69
236.84
237.40
237.50
237.51
237.65
237.68
238.50
238.76
238.85
239.27
239.67
240.47
240.94
241.04
241.31
241.52
241.58
241.70
241.99
242.75
243.46
243.86
244.11
244.18
245.17
245.87
246.09
246.26
246.31
246.32
246.57
246.62
246.93
247.08
247.30
247.47
248.00
248.79
248.90
249.17
250.45
250.47
250.99
251.25
251.67
252.93
252.96
252.97
253.61
255.11
255.95
256.06
256.28
257.08
257.86
257.93
258.01
258.19
258.85
259.08
259.90
259.92
260.29
260.94
261.42
261.45
261.79
262.05
262.27
263.18
263.57
263.69
263.83
263.94
265.08
265.51
266.73
266.97
267.15
267.42
267.78
268.30
268.57
268.93
268.96
269.20
269.67
269.68
269.76
269.81
269.85
270.40
270.46
270.99
271.03
271.18
271.70
272.36
272.41
273.18
273.61
273.62
273.78
273.78
274.35
274.36
274.57
275.23
275.75
275.83
276.07
276.08
276.29
276.35
276.52
276.70
277.29
277.37
277.42
277.89
278.05
278.62
279.21
279.41
279.78
280.33
280.47
282.15
282.50
282.89
283.09
283.49
286.33
286.36
286.79
287.41
288.01
288.77
289.40
289.41
289.57
289.75
290.62
291.37
291.57
291.96
292.63
293.15
293.45
294.75
295.01
295.35
295.44
295.53
295.80
295.93
295.97
296.11
296.12
296.27
296.92
297.76
298.32
298.43
299.04
299.39
300.32
300.47
300.60
301.13
301.41
301.44
301.53
301.57
301.61
301.81
302.80
303.44
303.97
304.52
304.55
306.28
306.46
306.66
306.66
306.79
306.87
307.14
307.37
307.56
308.10
308.14
308.74
309.10
309.84
310.58
311.74
311.82
312.15
312.67
312.85
313.30
314.46
314.87
315.06
315.55
316.54
316.71
316.93
317.57
318.51
318.90
318.92
319.17
320.14
320.15
320.39
321.25
321.89
321.95
323.02
324.38
325.26
327.31
327.48
327.73
327.88
327.96
328.50
328.96
329.27
330.89
330.92
331.17
331.35
331.65
331.72
331.76
332.53
332.78
333.14
334.35
334.37
335.05
335.34
335.95
336.39
336.77
337.59
337.69
338.51
338.53
338.90
339.14
339.36
339.49
339.57
339.77
340.17
340.39
340.58
340.71
340.94
341.13
341.49
341.75
341.83
342.53
343.12
344.70
344.74
345.16
345.27
345.32
345.33
345.86
345.98
346.18
346.64
346.95
347.66
348.53
348.58
349.01
349.30
349.34
349.37
349.55
350.58
352.59
352.69
353.22
353.58
353.72
354.66
355.20
355.42
355.67
356.00
356.09
356.14
356.80
356.94
357.32
357.52
357.69
357.85
357.97
358.70
359.29
359.86
360.13
360.67
361.10
361.18
361.57
362.26
362.50
363.13
363.38
363.39
363.88
365.29
366.07
366.67
366.79
366.94
367.46
367.47
368.16
368.42
368.60
368.77
369.57
369.80
371.40
372.41
372.61
373.35
375.22
375.72
376.34
376.66
376.86
377.00
377.73
377.89
378.57
378.59
379.22
379.29
379.31
379.61
379.93
380.11
380.16
380.30
380.36
380.97
381.21
381.75
381.86
383.57
383.85
384.31
384.64
384.65
384.77
384.88
385.17
386.90
387.06
387.22
387.27
387.64
387.73
388.71
388.72
388.82
388.98
390.07
390.54
390.79
390.82
390.90
391.05
391.24
391.32
391.43
391.61
392.14
393.58
393.65
393.93
394.55
394.96
395.98
397.11
397.57
397.69
397.92
398.63
398.66
398.79
399.18
399.85
400.61
401.96
402.39
402.74
403.66
403.70
404.14
405.54
405.72
405.73
407.21
407.30
407.49
407.59
407.62
408.44
409.30
409.36
409.45
409.85
409.88
410.65
410.77
410.94
411.09
411.18
411.67
411.76
412.50
413.34
413.34
413.42
413.48
414.03
414.44
414.75
414.81
414.93
414.98
415.05
415.17
415.32
415.81
416.27
416.76
417.10
417.14
417.40
417.57
417.79
418.20
418.72
418.78
419.20
419.97
421.15
422.45
422.51
423.33
424.06
424.11
424.14
424.43
424.88
425.11
425.54
426.39
426.70
426.92
426.92
427.64
428.02
428.40
428.50
429.48
429.81
430.05
431.49
431.70
431.98
432.42
432.54
433.35
433.69
434.70
435.10
436.14
436.19
436.45
436.46
436.61
437.29
437.86
438.59
440.22
440.68
441.05
441.61
443.09
443.15
444.43
445.05
445.66
445.90
446.27
447.74
448.45
449.17
449.38
449.43
449.59
450.23
450.39
450.40
450.67
451.05
451.47
451.85
451.91
452.40
453.18
453.93
454.08
454.13
455.65
456.93
457.59
459.26
460.23
460.73
460.97
461.44
461.74
462.19
462.23
462.58
462.62
462.94
463.20
463.40
463.62
466.09
466.15
466.74
466.76
467.65
468.04
469.16
469.63
469.65
469.72
469.81
471.09
471.35
471.68
473.42
473.77
475.99
476.46
476.74
477.13
477.14
477.40
477.58
477.98
477.99
478.22
478.63
478.82
479.36
479.50
479.86
480.13
480.49
480.56
480.56
481.28
482.16
482.53
483.81
483.92
484.39
484.61
484.74
484.84
484.88
484.99
485.04
485.37
486.44
486.49
487.22
489.19
489.35
489.47
489.57
490.02
490.69
492.10
492.41
492.90
492.98
493.03
493.21
493.26
493.27
494.24
495.01
495.11
495.41
496.58
497.20
497.26
497.35
498.17
498.97
499.31
499.81
499.84
500.24
500.73
500.74
500.92
501.57
501.93
501.93
502.34
502.91
503.24
503.71
504.19
505.29
505.67
505.69
506.18
506.40
506.82
507.03
507.19
507.82
507.88
508.07
508.70
508.80
508.88
508.90
508.95
509.32
509.55
510.78
511.12
511.35
511.82
511.96
512.29
512.81
514.30
514.41
515.08
515.21
517.63
517.70
518.06
518.28
518.49
518.67
518.83
519.38
519.51
520.66
522.03
522.78
522.98
523.01
523.02
523.44
524.02
525.17
525.30
525.36
525.61
527.75
527.78
528.33
529.05
529.29
529.52
530.16
530.52
530.85
531.62
532.53
532.96
533.65
533.89
534.54
536.47
536.70
536.73
536.93
537.15
539.05
539.06
539.63
540.16
541.53
541.95
542.11
542.88
542.96
544.22
544.32
544.34
544.48
544.75
546.27
546.99
548.17
548.65
549.31
550.04
550.26
550.37
551.13
551.47
552.02
552.23
552.88
553.33
553.72
553.97
554.28
554.45
554.73
555.16
556.08
557.06
557.26
557.42
557.80
557.82
557.88
558.61
559.87
559.89
560.74
561.46
561.58
562.42
564.05
564.08
564.32
564.81
564.83
566.70
566.95
568.22
568.43
569.41
569.74
570.08
570.13
572.39
572.45
573.20
573.45
573.96
575.27
575.97
576.14
576.20
576.94
577.15
577.40
577.46
578.28
578.36
578.78
579.67
580.04
580.29
580.61
581.12
583.25
584.26
585.26
586.64
587.08
587.58
587.66
587.93
588.07
588.94
589.52
589.82
589.92
589.94
590.13
590.85
591.33
592.70
593.42
594.16
594.46
594.60
594.71
595.66
596.30
596.82
596.89
597.65
598.93
598.96
599.21
600.41
600.72
600.81
602.75
602.90
603.09
603.98
604.00
604.06
604.41
605.59
605.95
606.55
606.61
607.06
607.45
607.71
608.94
609.56
609.71
611.28
612.09
612.12
612.54
613.19
614.14
614.28
614.38
614.84
615.07
615.39
616.20
616.69
616.97
617.11
617.16
617.40
617.42
617.56
618.15
618.60
618.96
619.54
620.27
620.62
622.15
622.17
622.59
623.83
623.90
624.13
624.20
624.39
624.49
624.83
624.96
625.57
626.92
628.73
629.65
630.01
630.76
631.32
631.63
631.67
631.68
632.14
633.70
634.12
634.19
635.14
635.15
635.28
635.88
637.01
637.23
637.30
637.81
639.65
640.72
640.95
641.11
641.21
641.39
642.72
643.64
644.19
644.33
644.51
645.20
645.30
645.59
645.66
648.01
648.17
649.81
649.93
650.24
650.52
652.21
652.87
653.12
654.12
654.37
654.91
655.75
655.80
655.83
655.89
656.07
656.15
656.32
656.83
656.92
657.64
658.16
658.39
658.71
661.03
662.40
662.43
662.66
663.45
664.31
664.70
665.04
665.23
666.25
667.44
668.46
668.58
668.67
668.74
669.54
669.97
670.57
670.97
671.77
672.39
673.01
673.85
674.42
674.78
674.85
676.78
677.40
678.07
680.23
682.66
682.90
683.59
684.21
684.41
684.64
685.41
685.48
685.48
686.48
687.17
687.29
687.54
688.22
688.53
688.89
689.37
689.37
689.65
690.09
690.31
691.30
691.50
691.55
691.75
692.31
693.37
693.80
693.96
694.34
694.62
695.65
695.67
695.68
697.42
697.49
698.56
698.68
699.22
699.43
700.07
700.11
700.80
701.81
703.36
705.41
705.59
706.52
706.99
707.12
708.43
709.01
709.56
710.05
710.68
710.86
711.03
711.59
711.84
712.21
712.67
712.90
713.17
713.62
713.93
714.41
714.54
714.92
714.93
717.03
717.10
717.28
717.92
718.89
718.91
719.25
719.77
720.53
720.85
721.76
722.49
722.57
722.69
722.85
723.39
724.29
725.29
725.57
725.90
725.91
727.33
727.53
727.63
728.19
728.73
729.70
730.13
730.20
731.36
732.18
732.36
732.51
732.61
733.55
734.05
735.63
737.07
738.95
739.91
740.15
741.15
741.23
741.24
742.52
743.20
743.21
743.21
744.10
744.85
746.02
747.24
747.63
747.71
747.80
748.36
748.47
749.16
750.53
752.78
753.25
753.25
753.72
754.06
754.30
754.36
754.66
755.31
755.38
755.75
756.05
756.59
757.20
757.63
758.24
758.33
759.20
759.60
759.85
760.91
761.45
762.08
762.76
762.95
763.03
763.41
763.42
763.64
763.84
764.00
765.00
765.85
766.27
766.50
766.55
767.02
767.52
767.72
767.83
767.86
767.87
768.73
768.91
770.38
770.48
770.98
771.95
772.72
772.79
773.36
773.41
774.13
774.26
774.30
775.68
776.46
776.61
777.34
777.90
778.58
778.87
778.88
779.11
780.53
780.77
781.21
781.40
781.43
781.82
782.34
784.31
785.36
785.96
787.33
788.56
788.71
789.08
789.59
789.62
790.73
790.82
791.06
792.12
792.14
792.17
794.63
794.98
795.35
796.41
796.79
797.16
797.32
797.73
798.53
799.28
799.96
800.78
801.86
802.04
802.15
802.43
802.82
803.54
803.54
804.03
804.22
804.63
804.70
804.71
805.01
805.94
806.19
806.41
807.72
808.94
809.07
810.08
810.67
812.50
813.91
814.03
815.12
815.31
815.34
816.03
816.30
816.82
817.73
817.75
817.78
817.89
818.45
819.02
819.53
820.38
820.81
820.85
821.91
821.92
821.97
823.37
823.46
823.62
823.76
824.37
824.87
825.02
825.95
826.30
826.85
827.94
828.00
828.65
830.18
830.22
830.25
830.43
831.49
831.54
832.01
834.07
834.14
834.15
834.38
836.02
836.34
836.34
837.52
838.23
840.31
840.52
840.90
841.31
841.90
842.19
843.58
844.02
844.19
845.34
845.37
845.92
846.78
849.39
850.29
850.56
851.98
853.03
853.56
853.63
853.86
854.71
855.77
856.90
857.59
857.91
858.36
859.19
859.96
860.80
862.14
862.53
862.73
862.79
863.92
863.94
864.32
864.41
865.91
866.10
866.28
866.62
866.94
867.17
867.20
867.32
868.10
868.50
869.49
869.80
870.24
870.53
871.74
872.09
872.14
872.79
872.99
873.60
874.23
875.38
875.43
875.95
878.02
878.12
878.72
879.30
879.31
879.34
879.47
881.91
882.55
884.04
884.18
885.55
886.27
887.12
887.19
887.69
887.78
887.99
888.20
888.27
889.01
889.14
889.40
890.39
890.94
892.37
892.90
893.07
893.85
893.87
894.00
894.01
894.05
896.37
896.37
896.50
896.62
896.75
897.18
897.25
897.57
897.67
898.13
898.57
900.85
900.98
901.21
901.66
901.70
901.77
902.43
902.54
902.77
903.66
903.72
903.80
905.20
905.42
905.99
906.82
907.72
908.07
908.32
908.49
909.05
910.83
911.85
912.02
912.91
913.66
913.75
915.53
915.79
915.99
916.28
916.58
917.21
917.84
918.79
918.95
919.14
920.39
921.73
922.58
923.45
924.04
924.31
926.14
927.94
928.18
929.56
929.85
930.88
932.82
933.18
933.49
934.06
934.12
934.32
934.82
935.36
935.85
937.31
937.36
937.89
938.42
939.32
939.75
940.10
940.89
942.31
942.58
942.67
942.75
943.10
943.38
943.51
943.80
944.67
945.08
947.19
947.99
948.20
948.21
948.90
949.86
951.68
952.10
952.16
952.56
952.73
954.12
956.56
956.77
957.81
958.06
958.29
958.51
958.70
958.89
959.60
959.77
961.14
961.27
961.43
961.57
961.80
962.90
963.47
963.53
965.79
965.96
966.61
967.31
968.00
968.14
968.94
969.04
969.05
969.27
969.37
969.38
969.87
970.19
970.23
970.40
972.40
972.69
972.86
973.17
974.05
974.11
974.56
975.28
975.51
977.00
978.39
979.27
979.36
979.57
980.51
980.79
980.99
981.54
981.57
981.80
981.86
982.53
982.83
982.92
983.44
984.35
984.77
984.81
984.81
984.86
985.79
985.92
986.06
986.09
987.64
989.10
990.12
990.59
990.65
991.58
992.83
994.87
995.08
995.31
995.93
996.09
996.63
996.91
997.16
998.56
998.74
999.57
999.70
1000.54
1001.24
1001.79
1002.91
1003.28
1004.43
1005.78
1006.62
1007.15
1007.89
1008.06
1009.07
1009.60
1010.10
1011.82
1012.46
1013.34
1014.45
1014.95
1016.09
1016.85
1017.04
1018.06
1018.82
1019.05
1020.44
1021.62
1021.63
1021.66
1021.72
1021.88
1023.02
1023.93
1023.94
1024.79
1025.40
1025.93
1026.88
1026.99
1027.91
1028.32
1029.01
1029.20
1029.72
1031.15
1031.24
1031.36
1031.48
1031.67
1033.32
1034.84
1037.07
1037.32
1038.68
1038.81
1039.15
1040.15
1040.63
1041.05
1041.63
1044.44
1045.53
1046.23
1046.48
1047.04
1047.08
1047.51
1047.76
1048.16
1048.53
1049.70
1050.21
1050.65
1050.90
1051.85
1052.01
1053.32
1053.63
1054.94
1056.79
1058.95
1059.16
1060.30
1061.62
1062.86
1063.17
1064.85
1065.31
1065.38
1066.51
1068.70
1069.17
1069.32
1069.86
1069.87
1070.16
1070.57
1070.61
1071.88
1071.91
1073.11
1073.69
1074.63
1077.35
1078.04
1079.00
1079.91
1080.05
1080.15
1080.17
1080.97
1081.11
1081.71
1083.01
1084.91
1085.50
1085.60
1087.07
1087.13
1088.66
1089.26
1090.22
1091.72
1093.28
1093.61
1093.89
1095.40
1095.59
1096.34
1097.76
1097.97
1097.98
1098.04
1098.77
1099.68
1099.83
1100.89
1103.62
1105.64
1106.43
1107.11
1108.70
1109.42
1110.67
1111.85
1112.11
1113.33
1114.09
1114.16
1114.66
1114.93
1114.98
1115.40
1115.50
1115.81
1115.97
1116.47
1116.82
1116.96
1117.22
1117.36
1117.42
1117.45
1119.96
1120.76
1121.01
1123.39
1124.35
1125.26
1125.95
1129.50
1129.63
1130.21
1130.37
1130.48
1130.84
1131.25
1132.27
1132.92
1134.46
1134.61
1136.09
1136.95
1138.08
1138.66
1139.13
1140.11
1141.04
1141.33
1141.57
1141.88
1141.92
1142.13
1143.73
1143.75
1143.92
1144.59
1144.77
1145.26
1146.00
1147.30
1147.70
1148.56
1149.85
1150.26
1152.44
1152.79
1152.86
1153.16
1153.83
1155.35
1155.71
1156.56
1158.88
1160.31
1161.59
1162.33
1162.74
1162.98
1164.42
1165.19
1165.66
1165.92
1167.01
1167.40
1168.97
1169.74
1170.47
1171.69
1171.91
1172.44
1172.86
1173.17
1173.85
1174.30
1174.60
1175.94
1178.05
1178.43
1178.66
1178.75
1180.18
1180.37
1181.03
1181.74
1181.84
1182.37
1183.71
1184.36
1184.51
1184.78
1185.22
1185.41
1185.60
1186.18
1186.95
1187.09
1187.67
1188.76
1190.90
1190.98
1192.36
1194.64
1195.20
1195.44
1195.85
1196.80
1196.89
1197.05
1197.79
1198.00
1198.20
1198.35
1198.44
1198.49
1198.50
1199.41
1199.82
1200.06
1200.58
1201.02
1201.75
1204.87
1205.93
1207.26
1207.49
1207.61
1207.68
1208.97
1209.06
1209.40
1209.84
1210.57
1211.68
1211.77
1212.23
1212.40
1213.09
1213.56
1213.90
1217.78
1217.97
1219.06
1219.53
1220.18
1220.50
1220.96
1221.78
1222.19
1222.19
1225.29
1225.35
1225.50
1227.54
1227.73
1234.07
1236.05
1236.74
1237.33
1237.40
1237.45
1238.30
1238.42
1239.23
1239.74
1240.76
1240.95
1241.68
1242.47
1243.63
1243.99
1245.03
1245.98
1246.35
1246.43
1246.58
1247.08
1247.17
1247.60
1248.64
1249.64
1252.91
1253.01
1253.47
1253.54
1255.55
1255.66
1255.80
1255.99
1257.02
1257.54
1258.11
1258.64
1262.12
1262.85
1263.52
1266.10
1266.11
1267.80
1267.99
1267.99
1269.00
1269.21
1270.34
1270.82
1270.87
1271.77
1273.38
1273.72
1274.25
1274.85
1276.00
1278.90
1279.40
1281.55
1282.20
1282.42
1282.78
1283.75
1285.31
1285.46
1286.20
1286.77
1286.88
1287.73
1288.53
1288.68
1289.56
1289.64
1289.68
1290.56
1291.54
1292.23
1293.20
1293.30
1293.57
1293.60
1295.46
1296.96
1297.00
1297.61
1298.29
1298.41
1299.04
1299.17
1299.38
1301.46
1301.51
1302.32
1302.63
1302.74
1303.19
1304.24
1304.86
1305.15
1305.63
1305.69
1307.41
1307.94
1308.05
1309.51
1311.68
1312.32
1312.57
1312.94
1313.74
1314.95
1316.19
1316.39
1316.93
1317.34
1319.32
1321.75
1321.97
1322.64
1322.90
1323.01
1323.90
1325.66
1325.82
1326.21
1326.47
1326.55
1326.95
1327.83
1328.09
1328.46
1328.68
1329.15
1330.39
1330.50
1330.82
1330.98
1331.53
1331.86
1332.05
1334.58
1334.67
1334.96
1336.48
1339.26
1339.82
1340.30
1345.50
1347.19
1347.35
1347.43
1348.23
1348.37
1349.06
1349.50
1350.48
1350.69
1350.87
1352.57
1353.58
1356.48
1357.35
1358.52
1359.02
1360.61
1361.43
1361.88
1362.05
1362.30
1363.78
1364.72
1365.28
1365.45
1366.64
1367.07
1371.99
1372.14
1373.61
1373.73
1373.78
1374.41
1374.61
1375.07
1375.61
1376.60
1378.06
1378.23
1383.02
1383.40
1384.46
1386.50
1387.20
1387.62
1388.40
1388.57
1389.35
1389.97
1390.67
1391.58
1392.15
1392.41
1394.29
1395.18
1396.89
1396.93
1397.73
1397.96
1399.57
1400.57
1400.81
1401.48
1403.71
1404.94
1406.75
1406.76
1406.99
1407.26
1408.45
1409.43
1409.67
1409.82
1410.33
1411.23
1411.60
1411.69
1412.50
1412.77
1414.42
1416.05
1416.05
1416.31
1417.35
1417.43
1419.07
1419.36
1419.87
1420.24
1420.28
1421.50
1423.97
1424.78
1425.07
1425.90
1426.24
1427.89
1427.96
1428.81
1429.01
1429.05
1430.04
1430.34
1430.37
1430.79
1432.40
1432.66
1434.46
1435.30
1436.06
1436.51
1437.71
1438.87
1440.48
1442.18
1443.05
1446.38
1446.44
1447.09
1447.34
1448.34
1448.40
1450.35
1450.86
1451.40
1451.41
1451.73
1451.95
1452.14
1454.54
1455.74
1456.53
1457.82
1458.34
1462.12
1462.24
1462.31
1462.31
1463.92
1465.74
1467.58
1468.17
1468.74
1468.92
1471.78
1472.08
1473.73
1474.60
1474.76
1475.08
1476.47
1478.55
1478.58
1478.58
1479.56
1480.26
1480.50
1480.86
1482.75
1483.34
1483.77
1484.30
1484.61
1485.62
1485.81
1486.04
1488.69
1488.74
1489.05
1489.27
1489.68
1490.90
1493.65
1493.70
1493.94
1495.33
1498.21
1498.29
1498.47
1498.52
1499.57
1499.80
1500.42
1501.69
1503.00
1504.86
1505.62
1506.55
1507.17
1507.20
1507.45
1507.71
1508.26
1510.04
1510.26
1510.62
1511.20
1511.30
1512.05
1512.23
1512.25
1512.79
1514.54
1515.20
1515.58
1515.61
1516.22
1516.84
1517.10
1517.79
1518.86
1519.76
1521.74
1521.92
1522.08
1522.92
1524.41
1524.61
1525.61
1526.22
1526.75
1527.31
1528.34
1528.47
1529.08
1529.13
1529.53
1529.61
1529.66
1531.14
1531.96
1532.00
1533.19
1533.44
1536.16
1536.70
1537.41
1537.51
1538.48
1538.58
1538.99
1539.26
1539.27
1539.56
1539.84
1541.34
1544.23
1545.03
1545.78
1547.37
1549.30
1550.10
1550.49
1550.62
1553.71
1553.87
1554.02
1554.52
1554.96
1555.58
1555.60
1556.27
1558.23
1560.47
1561.26
1562.18
1563.12
1563.48
1563.51
1563.80
1564.22
1565.04
1565.29
1567.31
1568.68
1571.23
1572.52
1572.57
1574.00
1576.08
1577.55
1577.55
1578.78
1578.85
1579.19
1579.91
1580.20
1581.27
1581.41
1581.79
1582.32
1582.32
1582.33
1582.69
1582.78
1584.15
1584.58
1585.87
1586.17
1586.83
1590.04
1590.80
1590.90
1591.85
1592.02
1592.30
1593.62
1595.97
1596.13
1596.47
1597.13
1598.15
1599.29
1599.43
1599.89
1600.12
1600.74
1600.92
1602.44
1602.72
1603.79
1604.26
1604.80
1604.96
1606.02
1606.40
1606.49
1607.30
1607.58
1607.74
1610.63
1612.51
1612.70
1613.04
1614.87
1616.95
1617.19
1617.91
1618.07
1618.44
1618.93
1619.12
1621.80
1622.91
1623.05
1623.10
1623.59
1623.59
1625.37
1625.37
1626.14
1628.87
1629.08
1629.28
1629.72
1630.19
1631.92
1632.14
1632.37
1632.47
1632.82
1633.83
1634.01
1634.11
1634.24
1634.40
1635.16
1637.74
1638.38
1638.58
1639.96
1640.81
1642.46
1643.32
1643.46
1643.90
1644.92
1645.75
1646.16
1647.66
1648.23
1648.48
1648.52
1652.41
1652.66
1652.91
1653.95
1654.00
1655.61
1655.72
1657.21
1658.55
1658.63
1659.15
1659.22
1659.51
1659.77
1661.16
1664.97
1665.33
1666.07
1667.35
1668.45
1669.95
1673.03
1674.51
1675.44
1675.67
1677.25
1678.54
1678.54
1679.70
1680.30
1680.34
1682.39
1684.82
1685.00
1686.17
1686.18
1687.32
1687.59
1688.68
1688.85
1689.96
1690.51
1690.70
1692.67
1693.66
1693.88
1696.43
1698.14
1699.13
1699.81
1700.07
1701.49
1702.65
1703.81
1705.06
1705.23
1705.54
1705.60
1706.70
1708.09
1708.11
1709.13
1709.13
1709.61
1709.96
1710.09
1713.18
1713.38
1713.88
1713.90
1714.26
1714.59
1714.77
1715.24
1715.50
1715.52
1718.81
1720.41
1721.75
1725.91
1727.83
1731.29
1731.87
1732.19
1732.77
1733.07
1733.20
1734.59
1735.10
1735.89
1739.89
1739.91
1741.40
1742.13
1742.49
1742.76
1743.89
1744.04
1744.98
1746.34
1747.38
1748.33
1749.07
1749.12
1749.54
1749.63
1750.69
1750.94
1751.13
1751.51
1752.27
1752.74
1753.44
1753.84
1756.25
1759.24
1760.25
1760.40
1760.51
1760.61
1761.20
1761.39
1761.68
1762.21
1762.84
1763.62
1764.33
1764.35
1766.30
1768.51
1769.49
1770.43
1770.47
1770.97
1771.10
1771.43
1771.48
1772.00
1773.98
1774.40
1774.59
1775.65
1778.57
1778.93
1779.11
1780.86
1782.35
1784.12
1784.47
1784.99
1785.94
1787.11
1787.83
1789.80
1791.65
1792.28
1794.92
1795.76
1795.86
1796.26
1796.54
1796.65
1798.29
1798.52
1799.88
1800.80
1801.23
1801.56
1804.70
1807.32
1808.79
1813.45
1813.72
1818.01
1818.44
1820.11
1820.90
1821.22
1821.85
1822.06
1822.42
1822.54
1822.97
1823.94
1825.22
1826.39
1826.45
1827.55
1828.15
1828.21
1829.17
1832.09
1832.26
1833.49
1835.98
1836.37
1837.82
1838.12
1839.59
1839.91
1840.81
1841.21
1841.41
1843.20
1843.50
1845.38
1845.84
1846.47
1847.85
1848.69
1849.73
1852.46
1853.00
1854.16
1854.46
1855.39
1855.93
1859.06
1859.10
1860.05
1861.68
1863.66
1865.33
1866.26
1867.07
1868.82
1869.88
1870.14
1870.56
1870.71
1871.09
1872.91
1875.00
1876.48
1877.17
1877.44
1879.49
1882.40
1887.87
1889.91
1889.97
1890.71
1892.06
1893.88
1894.17
1895.42
1896.59
1896.96
1897.39
1898.29
1898.35
1899.44
1902.55
1904.14
1904.38
1904.90
1905.58
1906.51
1906.59
1907.31
1907.46
1908.28
1909.09
1911.28
1912.70
1913.06
1913.57
1914.09
1914.51
1914.67
1916.35
1917.30
1918.16
1918.92
1919.09
1921.42
1923.91
1925.79
1926.37
1927.43
1927.50
1927.81
1929.98
1930.27
1931.84
1933.68
1941.86
1942.09
1943.77
1945.81
1947.01
1947.18
1948.06
1951.50
1951.99
1952.14
1954.48
1956.53
1956.85
1959.63
1960.79
1961.11
1961.88
1963.15
1963.72
1964.00
1965.04
1966.08
1967.51
1969.36
1969.62
1970.07
1972.58
1973.05
1973.48
1973.56
1974.38
1976.00
1976.90
1980.32
1981.05
1981.10
1981.50
1984.33
1987.64
1987.90
1994.32
1994.58
1995.16
1995.23
1995.53
1996.01
1996.31
1996.72
1996.83
1997.65
1997.67
1997.91
1997.99
1998.10
1998.30
1998.49
2000.87
2000.96
2001.22
2002.86
2005.29
2005.49
2006.07
2006.36
2006.81
2008.31
2008.92
2009.42
2010.42
2010.64
2011.25
2011.64
2013.29
2017.30
2017.39
2018.29
2018.81
2020.12
2020.23
2020.47
2021.54
2022.64
2023.01
2023.01
2024.08
2024.85
2025.44
2025.73
2026.36
2026.54
2027.57
2030.05
2030.09
2031.78
2032.07
2033.41
2033.43
2033.76
2035.52
2036.05
2036.14
2036.58
2040.68
2041.79
2042.03
2043.18
2043.36
2045.15
2045.33
2046.19
2046.34
2047.10
2047.14
2047.23
2047.67
2048.89
2049.20
2051.02
2052.89
2052.98
2054.40
2055.35
2056.31
2056.38
2061.70
2062.26
2062.88
2063.31
2064.74
2065.83
2066.19
2069.28
2069.75
2070.64
2072.03
2072.48
2073.02
2074.55
2077.58
2079.33
2080.50
2083.68
2084.27
2084.83
2084.92
2086.21
2086.23
2087.18
2087.20
2087.54
2088.01
2089.84
2090.41
2090.82
2091.65
2095.73
2097.64
2098.66
2099.77
2100.79
2101.18
2101.47
2103.70
2103.82
2104.55
2107.26
2107.33
2107.87
2108.38
2108.99
2112.44
2113.56
2113.95
2116.47
2116.58
2116.70
2117.11
2117.41
2118.85
2120.91
2122.91
2125.07
2125.92
2125.97
2126.52
2129.05
2129.33
2130.04
2130.23
2132.03
2132.63
2133.02
2135.21
2135.21
2137.73
2138.36
2139.10
2140.58
2140.58
2141.02
2141.39
2142.87
2143.38
2145.47
2146.77
2148.49
2148.75
2149.79
2150.05
2150.70
2151.10
2151.61
2151.91
2153.70
2154.01
2154.31
2155.15
2155.83
2156.06
2157.20
2157.34
2158.14
2159.49
2160.87
2161.06
2161.90
2162.13
2167.87
2168.39
2168.79
2169.77
2170.10
2170.85
2170.90
2172.62
2172.64
2173.79
2173.96
2174.45
2175.30
2175.82
2176.80
2178.19
2180.84
2182.13
2183.03
2184.76
2186.88
2187.62
2188.07
2189.09
2189.75
2190.44
2190.72
2190.84
2192.19
2193.16
2193.33
2195.51
2196.01
2198.03
2198.53
2198.89
2200.51
2200.79
2200.82
2202.60
2203.01
2203.25
2203.82
2206.13
2206.90
2207.69
2208.16
2208.62
2208.74
2209.86
2210.70
2211.11
2211.46
2213.93
2215.97
2217.50
2218.41
2218.77
2219.28
2221.34
2221.44
2223.77
2224.33
2225.58
2226.66
2226.88
2227.51
2227.53
2230.16
2230.28
2233.22
2235.16
2236.61
2237.12
2237.14
2237.46
2237.94
2238.45
2239.83
2241.21
2241.94
2242.01
2242.47
2242.69
2243.11
2244.44
2244.88
2245.70
2246.94
2247.58
2248.48
2249.25
2249.50
2249.62
2253.49
2254.83
2257.54
2258.45
2259.35
2259.69
2263.05
2264.39
2264.83
2266.11
2268.12
2269.18
2273.11
2273.18
2273.35
2274.56
2274.95
2275.00
2275.37
2276.82
2277.44
2279.26
2280.05
2282.00
2282.05
2282.08
2282.10
2282.92
2285.31
2285.51
2285.93
2286.08
2286.45
2287.05
2288.21
2290.17
2290.88
2293.34
2293.49
2293.69
2295.40
2297.06
2297.06
2297.14
2297.93
2298.81
2299.43
2300.45
2301.94
2302.64
2306.50
2307.08
2307.58
2308.25
2310.05
2312.98
2313.10
2313.48
2313.50
2314.45
2315.08
2315.48
2318.19
2318.21
2318.29
2318.64
2318.69
2318.92
2318.99
2319.42
2319.64
2320.95
2321.68
2322.05
2323.39
2323.96
2324.06
2325.88
2327.18
2327.51
2328.52
2329.00
2329.12
2329.22
2330.16
2330.76
2331.65
2331.87
2332.12
2332.12
2333.41
2333.84
2334.90
2335.94
2337.78
2338.54
2339.05
2339.12
2339.45
2339.71
2342.80
2349.02
2349.50
2349.52
2349.55
2350.90
2353.24
2354.89
2355.74
2356.14
2356.78
2357.29
2359.13
2360.02
2360.10
2360.17
2360.48
2361.63
2361.99
2363.37
2364.70
2364.83
2365.13
2365.65
2366.54
2369.85
2370.54
2371.34
2371.54
2372.31
2372.85
2374.36
2375.57
2376.14
2379.30
2381.34
2382.60
2382.86
2383.19
2385.54
2386.31
2389.65
2389.65
2391.23
2392.08
2393.01
2394.49
2395.55
2397.88
2398.95
2399.00
2399.03
2400.17
2401.57
2402.58
2403.29
2404.80
2405.97
2406.59
2406.80
2407.53
2408.18
2408.34
2408.60
2408.96
2409.01
2409.17
2409.35
2409.95
2410.40
2410.68
2417.13
2417.97
2418.36
2422.89
2424.10
2424.15
2424.44
2428.17
2429.61
2430.27
2434.27
2434.69
2436.33
2437.67
2438.36
2438.65
2439.84
2443.46
2443.56
2445.33
2446.42
2446.89
2447.48
2448.51
2450.42
2450.82
2451.03
2451.51
2452.57
2452.59
2453.15
2456.63
2457.93
2458.92
2460.67
2462.88
2463.34
2463.84
2464.64
2464.83
2465.07
2466.14
2467.74
2467.85
2468.33
2468.57
2469.82
2470.70
2472.90
2474.02
2476.30
2477.26
2477.77
2478.34
2478.68
2479.92
2480.56
2481.45
2481.93
2481.96
2482.20
2484.13
2484.27
2485.80
2486.28
2487.76
2489.73
2490.03
2490.08
2491.16
2491.64
2492.05
2495.23
2495.88
2496.61
2497.20
2497.23
2498.23
2498.56
2499.07
2499.29
2502.21
2502.75
2504.48
2507.38
2507.55
2511.02
2511.13
2512.63
2514.20
2515.73
2516.73
2517.80
2519.46
2519.49
2519.76
2520.06
2522.27
2523.47
2524.10
2524.26
2525.35
2525.35
2525.46
2526.88
2526.94
2528.39
2528.58
2530.71
2531.43
2532.14
2532.63
2533.23
2534.44
2535.48
2536.31
2537.43
2538.69
2539.22
2540.01
2540.29
2540.87
2542.46
2542.60
2545.32
2545.57
2546.59
2547.28
2548.22
2549.02
2553.99
2555.17
2555.59
2558.47
2559.08
2559.68
2560.16
2560.63
2561.01
2562.18
2563.23
2564.29
2567.78
2568.56
2570.12
2571.23
2571.48
2572.65
2576.10
2577.64
2577.69
2578.06
2581.71
2582.36
2586.94
2589.80
2590.44
2590.61
2593.00
2594.34
2595.77
2596.17
2596.39
2599.29
2601.79
2602.72
2603.93
2604.86
2605.88
2606.53
2606.64
2609.32
2612.37
2614.32
2614.55
2616.53
2617.32
2617.58
2619.87
2620.24
2620.32
2621.32
2623.42
2623.79
2625.66
2630.69
2634.51
2636.16
2637.08
2637.48
2637.79
2639.33
2640.19
2640.27
2640.47
2640.59
2641.53
2644.82
2646.34
2649.06
2649.78
2650.81
2651.50
2654.42
2655.06
2657.47
2657.61
2657.70
2658.51
2659.02
2659.28
2661.33
2662.42
2663.05
2663.98
2665.10
2666.46
2669.60
2670.04
2676.95
2677.96
2678.89
2680.14
2681.15
2681.56
2683.30
2683.30
2686.29
2686.29
2687.63
2688.04
2688.09
2689.35
2691.59
2691.62
2691.79
2693.04
2693.07
2694.88
2696.66
2697.16
2698.09
2699.05
2699.93
2700.83
2702.24
2707.48
2709.94
2710.35
2710.94
2711.08
2711.35
2712.17
2712.26
2713.58
2713.72
2714.25
2716.13
2718.43
2718.66
2718.72
2721.28
2722.52
2724.70
2725.94
2726.58
2727.15
2727.79
2728.86
2729.51
2730.81
2735.75
2736.66
2736.96
2738.03
2741.05
2742.44
2743.84
2748.74
2751.48
2752.52
2753.35
2753.47
2754.19
2755.92
2759.71
2761.77
2761.83
2762.55
2762.67
2762.75
2763.83
2764.40
2764.91
2765.42
2765.60
2766.02
2766.22
2766.76
2767.00
2767.39
2769.64
2769.76
2769.97
2770.39
2771.83
2773.00
2773.54
2773.84
2774.32
2774.65
2774.71
2776.39
2781.08
2782.04
2782.98
2783.52
2784.48
2786.35
2789.04
2790.63
2793.44
2797.56
2800.80
2803.13
2803.35
2804.38
2805.01
2806.47
2808.69
2810.97
2811.91
2815.29
2815.38
2816.27
2816.72
2816.94
2818.86
2819.83
2821.11
2826.95
2827.59
2827.65
2834.88
2835.10
2837.68
2838.14
2838.29
2838.51
2838.66
2839.70
2841.30
2842.56
2843.30
2846.10
2847.61
2848.35
2849.65
2850.17
2852.55
2854.64
2855.26
2859.78
2860.30
2862.25
2862.75
2865.69
2865.72
2867.03
2868.67
2870.07
2873.92
2874.82
2875.63
2879.87
2880.99
2883.02
2883.33
2889.29
2892.04
2892.86
2893.98
2895.08
2895.11
2896.52
2902.04
2903.90
2904.12
2904.46
2904.62
2905.94
2906.44
2907.80
2909.34
2911.23
2912.55
2912.71
2912.86
2913.65
2913.81
2915.67
2916.37
2917.34
2917.50
2919.84
2920.66
2920.94
2922.75
2923.73
2924.42
2924.64
2925.94
2927.18
2928.19
2929.52
2930.03
2930.38
2930.47
2936.09
2936.92
2937.93
2939.14
2939.14
2941.40
2941.91
2942.99
2944.90
2948.35
2949.30
2949.34
2949.72
2949.88
2950.64
2950.80
2951.15
2951.47
2953.26
2953.81
2954.00
2954.67
2955.31
2956.01
2957.80
2957.87
2959.47
2960.46
2960.62
2961.23
2961.68
2964.76
2965.01
2966.91
2969.22
2969.83
2970.41
2970.50
2972.24
2973.11
2973.85
2977.16
2978.78
2978.81
2979.13
2982.58
2984.49
2984.91
2987.30
2991.02
2992.18
2992.73
2993.18
2993.70
2995.26
2997.14
2998.34
3000.48
3000.48
3001.88
3002.20
3002.36
3002.66
3003.44
3005.03
3005.55
3007.08
3007.66
3010.66
3014.28
3014.83
3016.72
3019.34
3021.10
3021.46
3023.59
3026.83
3027.35
3027.61
3028.20
3029.25
3030.86
3031.38
3033.15
3033.74
3034.34
3035.55
3037.13
3037.32
3039.30
3040.58
3042.75
3043.81
3047.04
3049.24
3049.67
3051.75
3052.45
3052.58
3056.91
3063.73
3067.64
3068.67
3074.69
3075.99
3076.55
3081.32
3085.02
3085.22
3086.42
3087.16
3091.37
3097.36
3097.53
3098.20
3100.31
3103.36
3104.81
3104.91
3105.18
3106.05
3108.17
3109.89
3110.90
3113.72
3115.21
3117.20
3117.26
3118.71
3119.63
3119.73
3120.10
3120.20
3120.37
3122.63
3133.63
3134.44
3135.50
3139.60
3139.84
3141.54
3143.24
3143.41
3143.58
3143.82
3144.40
3144.77
3145.86
3146.64
3147.05
3147.80
3147.97
3148.86
3150.05
3151.14
3152.81
3156.22
3158.00
3159.98
3163.99
3164.71
3164.88
3165.49
3166.86
3168.03
3168.20
3168.71
3169.13
3169.88
3169.95
3171.49
3172.08
3172.38
3172.45
3172.62
3173.45
3174.51
3176.30
3176.37
3179.67
3180.19
3182.66
3183.32
3185.21
3185.52
3190.59
3191.32
3193.60
3194.01
3195.95
3197.78
3197.99
3198.37
3198.65
3199.41
3200.48
3201.00
3205.23
3205.44
3209.92
3210.92
3212.35
3212.49
3212.49
3213.43
3213.67
3214.16
3218.09
3218.30
3220.77
3220.84
3220.94
3221.54
3221.68
3222.76
3224.36
3226.14
3226.21
3226.32
3227.43
3227.96
3228.52
3229.11
3230.58
3232.60
3233.34
3235.02
3235.44
3235.89
3236.17
3237.44
3238.94
3241.36
3242.59
3243.18
3244.55
3247.47
3249.26
3252.99
3254.36
3254.50
3254.68
3255.95
3259.54
3260.28
3260.50
3260.57
3261.06
3262.79
3265.19
3269.79
3271.03
3271.24
3275.31
3276.73
3278.08
3279.25
3282.05
3286.07
3286.39
3287.52
3288.09
3289.45
3289.91
3292.47
3292.58
3295.32
3295.93
3296.18
3297.89
3298.14
3300.07
3303.46
3304.89
3305.75
3307.36
3307.40
3309.33
3310.37
3311.87
3317.11
3321.92
3322.21
3322.24
3322.86
3322.93
3323.07
3323.29
3327.21
3327.35
3327.53
3327.71
3328.69
3328.94
3332.07
3332.22
3332.79
3334.52
3334.81
3335.10
3336.00
3337.05
3337.67
3338.28
3340.70
3341.31
3342.18
3345.44
3346.63
3356.42
3357.11
3357.44
3358.06
3359.69
3360.17
3361.48
3362.17
3362.60
3363.15
3363.77
3366.28
3366.50
3366.90
3367.01
3367.05
3370.65
3371.31
3372.44
3375.29
3375.91
3376.09
3377.01
3379.34
3380.26
3381.80
3381.87
3385.09
3385.79
3388.72
3389.12
3390.41
3393.49
3398.74
3399.40
3400.32
3402.27
3403.93
3404.63
3407.06
3407.06
3407.36
3407.36
3409.02
3409.09
3409.72
3410.38
3410.53
3411.16
3413.48
3415.11
3419.95
3421.54
3421.58
3421.84
3423.88
3425.77
3427.96
3428.36
3429.03
3430.03
3430.59
3431.04
3433.93
3434.75
3436.27
3437.31
3438.17
3443.16
3444.35
3445.73
3447.45
3447.74
3448.45
3448.64
3450.77
3452.15
3453.23
3453.94
3454.28
3455.10
3459.51
3462.85
3465.51
3467.91
3468.66
3468.85
3470.80
3472.64
3472.79
3479.07
3479.64
3480.73
3481.22
3484.87
3485.25
3485.70
3486.08
3487.25
3493.14
3493.22
3493.48
3493.67
3496.62
3499.80
3503.09
3504.16
3504.38
3504.76
3505.33
3506.32
3508.10
3510.49
3510.72
3512.55
3513.50
3515.93
3516.04
3517.79
3518.02
3519.55
3522.10
3523.13
3527.05
3528.28
3529.84
3530.26
3530.45
3530.68
3530.91
3533.40
3533.51
3533.85
3533.97
3535.96
3536.42
3536.53
3536.91
3537.07
3537.18
3540.21
3540.78
3543.85
3544.15
3549.45
3550.45
3551.41
3553.45
3553.91
3557.10
3560.22
3563.30
3563.46
3564.50
3565.04
3568.67
3570.29
3571.06
3575.43
3577.44
3579.15
3579.42
3583.25
3583.56
3583.87
3585.77
3588.22
3588.68
3592.26
3592.53
3593.66
3594.40
3594.44
3595.99
3596.96
3600.20
3600.35
3600.82
3600.98
3601.79
3603.78
3603.90
3606.67
3608.85
3608.89
3609.13
3609.60
3610.18
3610.46
3611.08
3611.39
3613.23
3614.32
3614.79
3615.30
3622.66
3622.78
3625.80
3627.29
3628.08
3628.39
3628.86
3630.43
3633.03
3636.76
3638.42
3640.58
3643.85
3644.48
3645.23
3648.59
3648.74
3654.28
3655.50
3657.80
3658.19
3664.17
3664.25
3666.39
3667.70
3667.82
3668.93
3669.25
3672.75
3672.95
3674.22
3675.45
3680.03
3682.22
3685.29
3687.88
3687.88
3688.40
3689.24
3689.91
3690.43
3690.43
3691.11
3691.19
3692.35
3697.55
3698.83
3699.75
3701.59
3704.64
3706.48
3707.24
3708.00
3708.57
3709.97
3710.01
3712.46
3713.06
3713.99
3717.04
3717.48
3717.73
3717.77
3718.65
3720.87
3722.15
3722.60
3722.92
3723.08
3723.72
3724.05
3724.33
3726.95
3728.72
3729.65
3729.93
3730.02
3730.90
3731.02
3732.68
3733.00
3733.77
3734.94
3735.22
3735.39
3735.47
3738.46
3739.15
3739.19
3744.17
3746.15
3747.29
3750.65
3752.40
3753.74
3757.23
3758.54
3759.27
3759.92
3760.16
3761.30
3762.32
3765.66
3767.62
3769.08
3770.59
3771.00
3772.22
3773.20
3773.78
3777.90
3778.27
3778.56
3779.62
3783.14
3790.06
3790.31
3791.09
3791.83
3794.37
3795.48
3795.64
3798.07
3799.05
3804.73
3806.05
3806.25
3809.88
3811.20
3811.32
3811.40
3813.05
3813.55
3815.61
3818.26
3818.92
3822.27
3823.55
3823.88
3824.46
3824.54
3825.82
3833.28
3834.69
3834.86
3835.90
3836.68
3837.52
3838.84
3840.09
3840.88
3841.59
3843.25
3843.71
3849.70
3851.03
3854.83
3855.54
3855.79
3856.12
3857.12
3858.92
3863.97
3866.36
3868.15
3868.49
3868.66
3869.24
3872.43
3873.05
3875.19
3875.23
3875.40
3877.21
3877.62
3879.43
3880.10
3882.45
3884.64
3887.03
3887.03
3889.31
3890.27
3890.61
3893.10
3896.51
3897.94
3898.83
3900.73
3900.90
3901.02
3901.53
3901.74
3902.29
3904.44
3905.20
3907.02
3909.94
3911.42
3913.45
3916.97
3919.21
3924.90
3925.83
3925.96
3926.81
3927.15
3929.28
3930.42
3932.89
3937.96
3938.34
3938.60
3938.98
3940.43
3940.73
3940.99
3945.68
3947.73
3948.16
3951.96
3952.90
3954.87
3956.62
3957.95
3959.06
3960.26
3960.91
3962.58
3962.71
3962.84
3963.78
3964.29
3968.67
3970.56
3970.56
3971.76
3972.49
3973.66
3977.83
3978.43
3978.60
3979.12
3984.33
3994.95
3996.16
4000.66
4001.66
4004.91
4005.51
4006.34
4013.97
4017.97
4018.06
4019.71
4020.27
4032.52
4033.82
4034.04
4034.96
4037.19
4037.84
4042.65
4042.69
4044.40
4045.23
4047.51
4048.60
4049.83
4050.40
4052.90
4055.27
4055.44
4055.93
4058.56
4059.26
4059.92
4061.02
4064.58
4064.76
4064.98
4066.34
4067.92
4070.83
4075.15
4078.02
4080.49
4081.50
4082.30
4085.48
4087.29
4087.78
4090.83
4091.19
4092.03
4093.75
4095.75
4096.81
4097.52
4098.72
4099.43
4099.52
4100.89
4101.91
4102.05
4104.84
4107.15
4107.51
4108.84
4109.60
4109.86
4110.35
4110.53
4112.09
4113.69
4114.05
4114.18
4114.94
4115.60
4118.23
4119.75
4122.96
4124.34
4125.86
4126.57
4129.43
4132.52
4132.74
4133.72
4134.57
4138.11
4138.51
4140.75
4144.34
4144.61
4151.47
4152.60
4153.45
4155.29
4155.34
4160.24
4160.51
4161.14
4161.41
4163.26
4164.43
4169.52
4170.65
4174.49
4175.98
4178.38
4178.38
4179.46
4181.86
4183.62
4187.11
4189.06
4189.10
4189.42
4192.78
4193.23
4193.37
4195.27
4195.45
4195.91
4200.81
4201.45
4202.04
4204.41
4209.55
4211.51
4215.25
4216.80
4217.21
4217.44
4219.54
4220.54
4222.32
4228.04
4229.64
4232.02
4232.93
4233.53
4233.67
4234.49
4235.59
4236.28
4236.37
4238.39
4238.57
4239.58
4240.45
4240.77
4241.14
4241.51
4242.10
4243.85
4247.57
4249.68
4251.71
4253.46
4256.77
4257.92
4258.57
4259.44
4259.54
4260.37
4261.33
4262.21
4263.09
4265.76
4270.66
4270.84
4271.07
4272.18
4273.38
4275.79
4276.07
4276.90
4278.20
4280.74
4281.34
4283.29
4284.40
4284.45
4284.68
4284.82
4288.34
4288.90
4292.48
4293.03
4293.68
4294.20
4295.59
4296.05
4296.33
4298.05
4301.87
4306.20
4307.74
4311.09
4311.75
4313.89
4314.22
4315.62
4315.85
4320.71
4321.42
4322.63
4324.83
4325.91
4326.00
4326.98
4327.36
4329.14
4330.87
4331.81
4335.18
4337.67
4337.90
4340.21
4340.49
4341.24
4341.90
4342.65
4342.69
4342.74
4343.21
4350.45
4351.96
4356.11
4356.67
4357.10
4357.29
4358.42
4362.76
4370.08
4370.41
4380.68
4382.58
4382.63
4382.96
4384.43
4385.05
4389.27
4389.79
4392.84
4394.88
4396.16
4399.59
4401.21
4401.83
4402.16
4406.59
4407.26
4410.36
4414.13
4415.18
4417.05
4418.34
4420.15
4422.26
4423.55
4424.65
4428.29
4428.53
4429.92
4430.16
4435.29
4437.21
4437.50
4440.29
4441.44
4441.49
4445.86
4447.69
4448.41
4452.89
4453.23
4453.86
4454.92
4457.09
4458.53
4463.84
4465.00
4465.68
4466.02
4469.25
4471.43
4472.54
4474.29
4475.06
4475.16
4475.55
4477.97
4478.50
4488.49
4500.36
4502.36
4503.52
4507.86
4510.64
4511.52
4513.52
4516.65
4516.94
4517.58
4520.56
4521.54
4522.86
4528.30
4528.35
4529.82
4530.45
4531.78
4532.32
4534.52
4538.21
4539.53
4544.10
4545.92
4548.28
4549.12
4550.45
4550.84
4554.24
4554.59
4554.83
4558.43
4560.65
4562.23
4569.49
4574.44
4574.74
4577.76
4579.04
4581.87
4582.37
4589.01
4591.15
4591.60
4592.84
4606.23
4606.28
4608.07
4608.77
4610.06
4613.76
4614.66
4617.30
4617.85
4618.25
4618.45
4623.15
4623.85
4624.65
4626.10
4628.26
4628.31
4629.91
4633.52
4634.67
4636.28
4641.04
4644.56
4645.62
4646.42
4647.12
4647.68
4648.43
4649.79
4651.35
4651.65
4653.97
4656.03
4657.49
4657.90
4659.76
4659.91
4660.11
4660.52
4661.83
4663.19
4665.92
4665.92
4668.14
4670.61
4670.72
4673.04
4673.50
4673.70
4674.20
4675.06
4677.54
4677.69
4678.76
4680.02
4683.26
4688.39
4688.74
4689.25
4691.94
4693.16
4697.63
4698.24
4698.49
4698.49
4699.10
4700.53
4702.71
4704.85
4705.31
4706.53
4708.36
4711.83
4714.69
4715.71
4716.22
4720.45
4732.73
4734.11
4734.26
4736.01
4736.93
4739.18
4739.18
4742.41
4746.42
4747.45
4751.45
4751.97
4755.26
4757.94
4762.62
4763.45
4768.50
4769.28
4770.67
4771.86
4773.51
4774.23
4777.54
4785.35
4791.72
4798.88
4801.58
4806.94
4807.20
4807.35
4808.81
4810.06
4814.95
4817.09
4817.82
4818.65
4823.25
4826.69
4826.95
4827.37
4828.57
4843.54
4843.85
4844.69
4847.26
4848.46
4849.83
4853.14
4853.35
4853.66
4854.66
4854.76
4854.82
4855.55
4856.08
4857.50
4857.65
4861.28
4862.33
4871.65
4873.29
4874.29
4876.03
4876.40
4877.51
4878.72
4883.63
4886.33
4886.96
4887.28
4891.25
4894.69
4895.01
4897.23
4897.87
4899.62
4901.69
4904.66
4906.04
4908.21
4909.33
4912.73
4913.16
4914.75
4915.02
4919.80
4924.81
4926.09
4929.24
4931.16
4932.65
4934.04
4936.44
4942.27
4942.75
4943.28
4945.37
4950.08
4950.56
4951.95
4956.19
4958.55
4960.59
4960.80
4966.82
4969.24
4970.74
4971.33
4971.98
4972.84
4974.19
4976.45
4977.90
4984.80
4985.72
4989.44
4991.60
4993.92
4994.52
4995.60
4996.57
4996.79
4998.41
5000.57
5000.79
5001.01
5003.82
5004.96
5006.47
5008.91
5010.76
5012.44
5013.09
5013.52
5014.77
5019.06
5020.25
5026.01
5027.43
5029.71
5034.72
5035.21
5035.92
5037.50
5037.77
5037.88
5047.27
5047.92
5055.46
5057.98
5059.62
5060.94
5063.13
5064.72
5066.74
5067.40
5069.32
5069.71
5073.60
5073.99
5074.04
5078.33
5081.79
5083.27
5083.49
5084.32
5084.98
5086.57
5090.21
5092.52
5093.51
5101.40
5102.23
5103.11
5103.39
5106.87
5108.53
5109.19
5110.96
5112.84
5113.67
5114.33
5116.49
5119.65
5122.42
5131.29
5134.68
5135.63
5136.01
5140.96
5141.13
5141.24
5141.35
5141.52
5142.46
5142.80
5144.97
5147.31
5147.36
5150.93
5154.78
5155.45
5156.00
5156.67
5156.90
5157.45
5160.86
5161.81
5162.70
5162.93
5166.95
5169.58
5173.66
5175.01
5178.76
5183.86
5185.77
5189.86
5191.89
5192.11
5193.40
5194.47
5197.84
5200.94
5201.28
5203.36
5206.40
5207.47
5209.67
5214.86
5215.59
5220.28
5220.39
5220.62
5220.90
5221.80
5225.70
5231.30
5238.04
5238.72
5241.95
5243.37
5243.71
5244.34
5247.57
5250.35
5251.66
5252.46
5252.85
5256.04
5259.39
5265.89
5266.97
5268.62
5277.69
5278.61
5279.98
5280.84
5282.38
5284.61
5286.90
5288.84
5292.16
5292.85
5293.48
5293.71
5293.71
5298.12
5299.04
5299.72
5300.70
5302.53
5303.80
5307.01
5313.96
5314.19
5316.03
5319.31
5319.49
5320.35
5321.21
5322.08
5323.34
5325.30
5325.53
5328.53
5328.99
5329.05
5331.07
5331.47
5338.57
5341.98
5343.02
5344.12
5345.39
5347.01
5347.24
5347.53
5349.85
5350.02
5354.42
5355.00
5356.22
5356.57
5361.26
5364.22
5364.86
5367.24
5370.20
5370.26
5370.26
5371.02
5371.66
5371.95
5373.98
5378.93
5379.68
5381.31
5383.76
5385.91
5389.64
5389.94
5391.28
5393.32
5398.52
5398.52
5403.37
5403.48
5407.05
5407.40
5407.69
5409.04
5411.91
5414.54
5415.60
5416.60
5419.29
5428.15
5430.50
5430.97
5431.15
5433.97
5434.44
5436.26
5436.62
5436.91
5440.68
5443.15
5444.92
5447.92
5450.16
5452.11
5452.82
5453.05
5457.13
5461.79
5462.32
5462.92
5467.82
5468.06
5468.89
5469.07
5471.79
5474.10
5478.25
5479.79
5480.02
5481.45
5483.70
5485.07
5485.36
5488.03
5488.75
5493.08
5497.19
5499.57
5499.92
5501.53
5501.71
5503.44
5505.16
5506.06
5512.97
5518.70
5519.30
5523.90
5525.51
5526.47
5526.59
5530.48
5530.60
5533.41
5536.04
5537.72
5540.06
5540.36
5540.42
5543.42
5546.96
5547.62
5548.94
5549.30
5550.38
5552.30
5554.46
5555.36
5559.93
5561.26
5564.75
5567.58
5572.28
5572.76
5572.82
5584.17
5584.71
5585.80
5588.46
5590.82
5592.27
5598.57
5600.75
5600.87
5601.48
5608.15
5612.09
5615.56
5624.43
5625.10
5626.14
5626.50
5632.47
5633.51
5633.81
5638.33
5639.67
5640.89
5642.35
5646.93
5648.03
5649.13
5650.66
5650.72
5651.40
5654.70
5656.05
5659.04
5662.17
5662.60
5665.85
5666.89
5667.62
5668.48
5671.92
5673.08
5676.40
5678.43
5680.21
5680.21
5681.25
5681.74
5686.91
5686.91
5692.08
5694.61
5695.59
5697.87
5699.79
5700.40
5700.83
5703.49
5703.92
5710.77
5712.69
5714.11
5714.54
5719.86
5721.91
5727.11
5730.83
5731.88
5732.01
5732.81
5733.56
5734.12
5736.47
5739.83
5739.95
5741.94
5742.25
5747.04
5753.13
5762.91
5763.79
5764.47
5770.96
5771.15
5774.77
5775.77
5776.40
5776.52
5780.21
5781.34
5782.03
5782.71
5786.34
5786.47
5789.35
5798.82
5799.00
5799.07
5799.25
5800.07
5800.20
5801.26
5801.51
5801.70
5801.89
5802.08
5802.14
5814.02
5814.90
5817.17
5818.11
5822.20
5823.65
5825.16
5825.29
5829.64
5835.83
5842.33
5842.71
5842.96
5847.58
5847.64
5849.16
5849.48
5850.30
5851.32
5851.89
5853.53
5855.24
5859.43
5859.93
5860.69
5861.39
5870.72
5879.05
5881.21
5882.93
5887.32
5889.23
5889.49
5890.44
5893.57
5895.10
5897.40
5898.03
5900.78
5901.86
5913.69
5914.14
5915.99
5918.68
5918.94
5919.39
5921.69
5926.63
5927.98
5930.73
5934.84
5938.05
5939.98
5940.05
5944.87
5946.15
5946.48
5947.96
5949.57
5951.75
5954.52
5955.04
5955.10
5957.30
5958.00
5959.55
5961.68
5961.68
5963.03
5963.62
5966.13
5966.91
5968.07
5969.10
5971.82
5972.14
5974.98
5977.63
5978.15
5979.83
5981.97
5982.03
5984.69
5986.50
5986.95
5988.25
5991.62
5997.65
5998.24
5998.56
5999.08
5999.86
6001.48
6001.61
6006.61
6008.37
6011.04
6011.88
6017.22
6017.93
6018.00
6019.69
6020.80
6020.93
6021.45
6022.95
6023.01
6023.21
6023.41
6024.64
6031.04
6033.45
6039.20
6039.46
6041.48
6042.79
6044.82
6048.35
6050.58
6053.26
6055.75
6057.13
6058.70
6063.29
6063.82
6064.14
6065.85
6068.28
6069.66
6078.40
6078.60
6079.12
6079.91
6081.82
6084.45
6084.52
6085.44
6087.22
6087.61
6087.68
6087.94
6088.47
6090.71
6095.59
6102.52
6106.41
6108.13
6112.10
6112.69
6116.93
6119.51
6122.23
6132.63
6134.16
6135.29
6139.67
6141.66
6152.51
6159.90
6164.97
6169.10
6169.17
6169.24
6170.44
6177.59
6179.59
6185.95
6194.72
6196.20
6198.34
6202.17
6204.05
6204.05
6206.46
6211.43
6211.50
6211.57
6219.64
6219.97
6220.18
6220.78
6221.46
6222.26
6223.54
6227.92
6228.12
6228.39
6228.53
6228.66
6232.44
6233.99
6236.75
6240.13
6246.01
6246.34
6252.84
6254.19
6255.20
6256.29
6256.69
6259.60
6263.94
6265.09
6265.43
6267.06
6268.96
6270.25
6272.28
6272.89
6276.02
6279.00
6280.57
6283.56
6284.17
6286.35
6288.18
6292.54
6294.99
6298.81
6300.78
6301.67
6302.69
6304.40
6310.54
6313.48
6313.48
6318.46
6321.40
6321.95
6321.95
6322.16
6325.78
6326.47
6331.67
6333.45
6333.80
6334.41
6335.72
6341.96
6344.29
6344.63
6346.62
6351.78
6352.12
6352.74
6355.83
6356.18
6357.48
6363.95
6366.91
6367.33
6372.98
6374.29
6376.29
6377.26
6377.81
6377.88
6379.95
6380.50
6383.33
6384.16
6385.06
6400.00
6400.48
6400.90
6401.38
6404.57
6406.93
6410.46
6410.67
6413.24
6414.56
6416.08
6424.49
6424.84
6429.15
6429.77
6430.47
6432.21
6432.28
6433.88
6437.15
6439.66
6440.36
6443.21
6451.65
6452.14
6453.54
6456.19
6458.92
6460.46
6461.23
6462.34
6469.62
6474.24
6476.76
6481.46
6483.21
6486.02
6488.20
6492.97
6493.89
6494.03
6495.36
6495.85
6500.00
6503.80
6504.71
6506.90
6508.87
6516.90
6526.64
6526.99
6529.32
6530.17
6532.64
6533.71
6534.27
6535.12
6540.57
6542.97
6546.37
6549.98
6550.84
6553.95
6557.08
6557.22
6557.36
6559.13
6559.84
6564.32
6566.23
6570.43
6571.21
6574.62
6575.05
6579.25
6584.09
6591.36
6594.93
6596.21
6601.00
6605.43
6607.71
6610.50
6610.72
6612.29
6613.94
6618.52
6620.74
6623.53
6624.75
6627.83
6629.63
6630.06
6641.54
6648.88
6651.47
6651.68
6656.29
6659.39
6660.25
6663.64
6665.73
6667.46
6671.07
6677.14
6679.96
6681.84
6685.02
6687.77
6692.04
6696.02
6699.79
6702.69
6702.76
6704.29
6705.74
6706.53
6707.26
6708.57
6709.51
6715.47
6715.83
6719.32
6720.99
6721.86
6723.54
6723.90
6727.61
6728.12
6728.85
6732.20
6733.07
6739.49
6743.21
6744.67
6745.69
6746.56
6747.44
6748.97
6754.16
6759.72
6761.10
6761.62
6765.42
6767.33
6770.04
6772.09
6772.31
6775.09
6776.48
6777.07
6780.23
6781.55
6793.30
6794.18
6797.19
6798.74
6799.10
6799.10
6807.05
6810.66
6815.01
6816.19
6817.45
6822.54
6823.50
6826.60
6827.12
6837.02
6837.17
6838.28
6840.43
6845.39
6847.46
6848.35
6848.94
6850.80
6855.47
6856.43
6859.70
6865.12
6868.09
6868.24
6872.55
6875.60
6879.99
6881.40
6881.85
6882.67
6882.74
6883.19
6884.16
6888.41
6892.28
6896.01
6899.15
6899.22
6903.85
6908.63
6910.43
6913.87
6915.21
6919.93
6921.73
6925.17
6932.44
6938.45
6939.20
6942.28
6945.13
6946.18
6948.21
6952.05
6953.78
6958.60
6958.75
6958.82
6959.35
6962.51
6962.74
6965.07
6965.60
6966.20
6968.09
6969.75
6974.27
6975.63
6990.29
6990.29
6992.11
6999.60
7000.74
7004.68
7004.75
7005.96
7008.31
7012.87
7014.16
7021.14
7021.29
7023.27
7024.10
7028.21
7032.77
7033.31
7039.32
7040.16
7042.60
7044.58
7045.72
7047.17
7051.67
7053.27
7053.58
7055.41
7055.79
7056.33
7057.32
7059.15
7062.74
7068.17
7073.83
7083.33
7085.17
7088.69
7089.00
7090.77
7094.68
7095.91
7099.82
7101.98
7102.13
7102.21
7103.97
7104.20
7110.28
7110.43
7111.05
7111.36
7113.82
7119.67
7122.14
7123.06
7127.53
7127.61
7128.30
7132.32
7134.01
7136.41
7137.95
7138.18
7141.27
7141.66
7146.07
7146.61
7147.53
7153.18
7153.57
7157.05
7170.70
7176.05
7182.73
7182.81
7187.32
7189.96
7193.23
7195.02
7197.12
7198.76
7203.04
7210.84
7211.47
7212.56
7214.74
7216.85
7217.40
7218.18
7218.49
7219.12
7222.09
7222.87
7223.88
7226.38
7226.78
7228.10
7229.43
7232.49
7233.58
7234.05
7234.99
7235.38
7237.34
7243.53
7243.68
7245.33
7247.76
7249.17
7255.21
7256.78
7260.16
7261.81
7264.48
7270.62
7272.66
7284.71
7287.63
7291.89
7292.12
7292.68
7295.04
7298.36
7303.89
7306.74
7306.89
7311.96
7314.09
7315.91
7316.55
7316.70
7319.71
7324.62
7324.94
7326.21
7329.94
7333.03
7334.78
7337.79
7339.78
7340.09
7341.37
7348.12
7353.45
7353.53
7356.55
7356.87
7360.29
7363.64
7369.78
7373.69
7376.40
7384.86
7390.22
7390.22
7394.06
7394.38
7396.70
7400.54
7401.58
7401.66
7407.27
7414.41
7414.97
7415.13
7415.21
7420.02
7423.56
7423.72
7423.88
7432.16
7439.32
7440.69
7442.38
7443.75
7443.99
7444.39
7444.95
7447.21
7456.56
7458.74
7461.97
7467.95
7471.26
7479.51
7479.59
7482.34
7487.53
7489.07
7497.74
7498.96
7502.04
7502.29
7503.02
7507.08
7507.40
7508.70
7509.84
7509.84
7510.98
7512.11
7514.23
7518.29
7522.44
7530.83
7532.71
7535.23
7540.29
7541.02
7542.17
7542.41
7546.17
7546.66
7547.72
7550.09
7550.98
7553.35
7555.40
7555.97
7562.10
7567.51
7570.78
7574.63
7575.70
7581.68
7587.26
7588.41
7591.45
7595.15
7595.56
7605.43
7605.76
7607.40
7614.16
7616.63
7617.45
7618.19
7625.20
7633.54
7633.87
7633.95
7636.18
7636.43
7638.83
7639.57
7645.03
7648.50
7649.08
7650.08
7653.72
7657.61
7657.78
7658.94
7660.02
7661.59
7661.92
7663.33
7664.24
7665.65
7667.56
7668.23
7670.55
7678.94
7684.09
7684.42
7687.91
7689.99
7693.07
7693.91
7695.82
7696.32
7696.49
7699.99
7703.65
7705.15
7715.75
7718.25
7719.59
7720.01
7721.18
7722.51
7723.93
7724.10
7725.10
7728.36
7728.78
7735.39
7737.32
7744.02
7744.35
7745.52
7746.61
7747.96
7750.89
7750.97
7753.66
7755.17
7755.42
7757.69
7774.15
7776.76
7787.88
7788.21
7794.03
7797.57
7798.84
7799.26
7800.86
7809.06
7811.68
7817.43
7824.11
7829.45
7830.04
7833.17
7834.11
7834.61
7836.40
7840.72
7842.84
7848.53
7854.99
7855.67
7859.41
7860.09
7861.11
7863.83
7868.17
7875.84
7876.43
7877.11
7880.35
7887.35
7888.29
7889.48
7908.80
7909.91
7910.51
7915.73
7922.93
7923.44
7923.70
7935.97
7941.81
7944.48
7950.58
7954.28
7958.67
7960.65
7969.96
7971.77
7972.12
7979.45
7982.73
7988.43
7990.25
7990.94
7994.14
7997.86
7999.07
8000.89
8004.27
8006.26
8007.13
8008.51
8011.29
8018.14
8024.12
8024.73
8024.99
8025.77
8026.47
8027.16
8029.07
8036.81
8037.33
8038.46
8041.77
8045.25
8056.40
8056.49
8060.32
8060.85
8062.85
8067.83
8068.70
8070.88
8071.49
8074.20
8081.28
8086.88
8087.14
8087.93
8088.28
8089.42
8097.12
8097.82
8097.91
8100.36
8108.26
8109.66
8110.01
8111.68
8112.03
8112.73
8118.44
8120.37
8123.01
8123.45
8123.98
8125.47
8130.04
8132.68
8133.03
8134.71
8135.85
8136.55
8141.13
8142.63
8143.95
8146.24
8146.95
8149.24
8151.89
8152.24
8160.98
8161.33
8161.51
8164.07
8164.42
8175.56
8182.99
8192.92
8196.02
8199.12
8202.58
8204.00
8204.18
8206.84
8215.46
8217.33
8221.06
8223.02
8224.62
8226.23
8227.12
8228.18
8230.23
8232.55
8236.02
8239.59
8244.14
8245.21
8246.63
8246.90
8249.94
8250.56
8252.08
8262.71
8263.87
8267.72
8275.06
8276.31
8278.01
8280.34
8280.70
8285.81
8291.01
8291.64
8295.49
8295.94
8298.91
8308.25
8311.40
8316.34
8318.14
8325.71
8327.15
8327.33
8342.03
8342.84
8344.01
8347.27
8354.04
8354.49
8354.95
8355.49
8355.58
8360.64
8361.19
8365.26
8371.87
8383.47
8388.10
8389.64
8391.36
8393.54
8400.99
8402.90
8407.00
8407.63
8407.63
8411.18
8412.46
8414.37
8419.47
8423.84
8425.94
8429.22
8429.86
8429.95
8431.32
8433.87
8433.96
8436.34
8438.80
8448.03
8448.12
8448.67
8449.13
8450.68
8451.69
8453.97
8454.06
8454.61
8455.53
8456.17
8462.94
8463.67
8464.96
8468.71
8470.09
8471.00
8471.92
8475.86
8480.54
8480.91
8489.08
8494.04
8495.69
8495.79
8498.45
8499.56
8502.50
8503.88
8511.43
8511.98
8527.10
8537.62
8537.62
8543.72
8545.75
8550.66
8551.30
8555.84
8563.25
8564.45
8572.52
8574.47
8578.36
8579.48
8581.52
8593.23
8595.37
8599.74
8601.32
8609.42
8612.40
8615.20
8616.22
8616.78
8617.62
8618.09
8630.12
8633.30
8638.72
8639.93
8641.99
8642.18
8650.69
8651.25
8652.38
8653.22
8659.12
8663.62
8668.49
8672.71
8676.56
8676.75
8680.04
8680.41
8684.64
8685.20
8694.79
8701.48
8701.66
8704.11
8704.87
8705.34
8709.11
8717.12
8717.97
8726.18
8727.50
8729.96
8735.63
8738.56
8738.93
8739.69
8758.53
8758.91
8762.04
8769.24
8770.76
8775.60
8781.49
8781.68
8783.30
8783.39
8785.86
8787.10
8788.05
8795.09
8798.71
8800.61
8802.42
8802.61
8803.18
8809.57
8821.30
8829.89
8830.56
8833.71
8833.71
8834.38
8842.89
8844.43
8845.48
8848.73
8849.21
8858.60
8860.71
8869.34
8871.07
8872.41
8872.41
8873.76
8873.95
8874.43
8880.67
8881.54
8883.27
8887.40
8888.07
8889.23
8889.42
8890.00
8892.69
8898.27
8898.56
8901.93
8902.32
8918.61
8919.77
8922.57
8924.31
8925.85
8928.46
8928.65
8930.00
8933.39
8934.84
8936.38
8939.96
8942.38
8945.19
8948.58
8948.67
8952.06
8967.18
8967.77
8967.86
8969.71
8975.82
8983.89
8985.15
8990.31
8990.79
8992.15
9001.01
9002.38
9004.71
9006.37
9021.88
9022.76
9029.20
9031.06
9032.43
9038.68
9045.04
9046.71
9051.01
9051.60
9054.64
9057.38
9060.52
9060.52
9062.77
9062.87
9068.17
9069.54
9069.93
9070.23
9072.39
9076.41
9078.38
9085.45
9086.14
9090.96
9091.84
9093.71
9096.96
9097.95
9100.60
9106.91
9107.40
9111.05
9111.74
9123.67
9124.27
9125.55
9126.34
9126.34
9136.12
9139.19
9140.17
9141.06
9145.02
9146.80
9154.72
9165.23
9166.72
9175.85
9178.92
9184.39
9186.08
9193.63
9195.23
9195.62
9202.39
9208.77
9214.45
9220.83
9221.93
9222.23
9223.42
9230.01
9233.51
9241.51
9241.71
9241.71
9245.51
9245.51
9245.71
9247.21
9253.41
9262.63
9265.53
9267.84
9267.84
9279.58
9282.09
9282.29
9287.72
9289.22
9290.43
9293.35
9301.70
9303.51
9303.71
9305.32
9307.03
9314.89
9317.91
9326.08
9329.21
9330.52
9332.74
9339.92
9344.57
9345.07
9347.09
9348.61
9355.80
9360.76
9368.26
9368.36
9369.78
9379.21
9389.46
9391.19
9392.92
9393.43
9395.46
9400.14
9404.31
9404.92
9413.57
9417.85
9420.30
9425.19
9426.31
9426.41
9428.96
9431.31
9432.54
9434.17
9435.09
9435.19
9435.80
9439.68
9444.08
9444.18
9444.59
9448.16
9455.83
9456.04
9457.88
9459.01
9459.62
9461.67
9466.79
9468.32
9471.50
9472.94
9472.94
9474.88
9479.70
9480.42
9480.93
9482.47
9484.83
9484.93
9490.99
9496.33
9497.26
9499.21
9504.86
9507.64
9507.64
9510.83
9512.89
9512.99
9513.40
9518.66
9519.07
9520.61
9525.76
9526.18
9527.62
9529.89
9530.71
9532.98
9534.12
9535.15
9535.97
9536.28
9541.44
9543.61
9546.50
9547.12
9547.64
9548.47
9551.77
9551.88
9552.70
9557.46
9560.35
9566.36
9567.49
9567.70
9573.71
9576.61
9576.92
9581.69
9582.93
9583.97
9586.98
9590.09
9593.10
9594.86
9602.24
9608.06
9608.99
9610.76
9612.63
9614.19
9616.69
9618.67
9625.43
9628.66
9634.29
9643.68
9657.35
9662.68
9670.63
9671.78
9676.28
9677.23
9680.47
9684.56
9685.50
9688.33
9697.04
9697.25
9700.18
9701.13
9703.12
9713.73
9717.31
9720.36
9724.46
9724.56
9725.83
9726.67
9730.46
9731.62
9732.78
9735.09
9735.20
9741.10
9745.21
9747.95
9748.06
9750.48
9750.80
9750.80
9753.44
9754.49
9755.13
9759.03
9759.45
9760.09
9765.05
9765.79
9775.52
9780.60
9781.44
9789.91
9792.88
9793.30
9793.41
9794.79
9796.27
9798.92
9802.42
9806.13
9808.04
9810.17
9813.14
9834.08
9836.10
9841.10
9844.94
9853.89
9855.81
9855.91
9859.22
9862.53
9864.98
9865.20
9866.69
9880.26
9881.86
9882.93
9886.25
9890.85
9892.34
9905.09
9906.91
9916.24
9917.64
9919.35
9922.25
9928.80
9931.38
9935.04
9935.36
9936.33
9941.27
9951.39
9963.99
9966.37
9969.71
9971.54
9982.23
9986.44
9988.17
9991.20
9991.52
9996.17
10000.82
10000.82
10010.78
10012.52
10013.82
10015.55
10017.18
10022.27
10026.07
10026.83
10031.93
10044.85
10045.72
10047.14
10047.57
10051.05
10053.44
10053.66
10061.50
10084.49
10092.90
10098.90
10106.78
10108.09
10111.04
10116.62
10122.10
10122.32
10122.97
10130.42
10130.53
10138.32
10142.60
10145.78
10147.65
10147.98
10161.27
10177.22
10180.09
10182.51
10183.83
10187.58
10190.01
10191.88
10192.21
10200.71
10202.47
10206.56
10207.77
10213.07
10214.18
10214.51
10214.95
10217.61
10222.03
10226.45
10232.43
10233.76
10238.52
10240.29
10246.39
10248.39
10249.83
10254.38
10270.59
10272.70
10272.70
10274.14
10284.93
10292.50
10302.20
10311.12
10317.14
10320.94
10330.55
10332.00
10334.57
10336.03
10344.53
10346.32
10347.89
10348.56
10350.69
10350.80
10351.69
10356.06
10356.51
10356.85
10360.99
10361.44
10363.24
10364.69
10370.86
10374.23
10380.86
10395.13
10400.76
10405.37
10407.28
10411.23
10423.85
10425.20
10427.80
10429.38
10434.12
10434.46
10435.70
10437.17
10438.86
10440.56
10447.79
10448.13
10449.03
10452.42
10453.89
10454.57
10455.93
10458.53
10459.32
10461.81
10465.10
10466.00
10468.61
10471.21
10474.39
10474.39
10477.56
10481.98
10486.97
10487.77
10488.45
10490.95
10494.92
10495.94
10497.76
10502.30
10502.64
10510.72
10516.40
10529.61
10530.18
10533.83
10536.45
10538.04
10538.39
10545.23
10545.46
10554.59
10574.94
10580.55
10593.15
10597.04
10606.68
10608.86
10610.35
10614.37
10621.72
10624.48
10624.60
10629.89
10630.69
10632.30
10637.13
10637.48
10638.86
10639.09
10641.97
10645.42
10647.27
10651.65
10655.56
10661.22
10668.37
10670.56
10670.68
10672.18
10673.57
10680.38
10685.58
10689.63
10690.32
10696.57
10700.74
10701.55
10701.78
10703.17
10705.60
10707.92
10719.16
10723.34
10728.91
10731.12
10739.36
10740.06
10741.92
10743.90
10745.29
10746.10
10759.48
10759.60
10763.33
10764.96
10765.07
10781.51
10789.21
10797.97
10799.49
10800.66
10802.41
10803.58
10805.45
10805.80
10813.05
10813.87
10814.46
10824.29
10824.87
10827.33
10831.79
10837.06
10847.97
10850.67
10853.37
10857.13
10857.60
10858.07
10869.00
10869.83
10881.24
10889.72
10891.49
10892.67
10902.69
10911.78
10913.78
10917.68
10922.41
10922.41
10922.76
10924.77
10929.26
10942.40
10945.71
10950.69
10968.00
10968.83
10969.78
10973.10
10974.17
10980.70
10992.24
10993.66
11008.66
11008.90
11016.88
11019.39
11021.53
11022.01
11025.71
11027.50
11032.51
11033.46
11035.61
11041.70
11041.82
11044.33
11050.07
11050.43
11057.84
11057.84
11060.00
11061.91
11067.30
11074.97
11075.21
11080.00
11083.84
11087.44
11088.15
11098.60
11102.32
11103.16
11111.09
11114.10
11120.96
11126.25
11128.54
11131.07
11135.77
11146.13
11149.99
11151.56
11152.77
11159.16
11163.27
11165.81
11166.77
11167.98
11169.07
11174.39
11177.29
11179.83
11184.06
11186.73
11198.60
11200.41
11206.59
11206.72
11208.29
11211.81
11213.14
11222.73
11224.80
11231.48
11240.11
11244.61
11245.46
11254.59
11262.88
11269.46
11275.31
11282.39
11290.33
11290.69
11303.04
11313.56
11316.99
11318.09
11339.05
11342.73
11343.47
11348.75
11356.49
11363.86
11369.52
11370.26
11377.52
11379.61
11380.60
11386.02
11390.45
11405.87
11408.58
11409.20
11412.53
11416.24
11425.26
11431.81
11441.34
11441.46
11457.44
11457.94
11465.51
11470.72
11471.46
11476.18
11476.30
11477.42
11478.91
11479.66
11480.90
11493.95
11501.29
11503.40
11503.90
11506.89
11512.37
11513.86
11514.36
11518.47
11519.10
11523.09
11527.45
11531.69
11532.69
11534.56
11535.31
11539.56
11540.30
11540.93
11542.68
11543.80
11548.92
11554.17
11567.31
11575.70
11577.32
11588.35
11589.10
11590.86
11595.38
11596.13
11600.02
11600.52
11604.41
11605.79
11613.58
11619.61
11620.12
11622.51
11623.39
11633.70
11633.83
11635.47
11642.39
11642.77
11643.15
11651.09
11658.40
11667.23
11667.74
11672.79
11688.71
11693.90
11703.14
11709.85
11716.95
11717.59
11717.84
11729.13
11735.48
11736.36
11739.92
11754.03
11758.35
11770.32
11775.29
11783.32
11790.71
11791.09
11796.07
11798.50
11801.31
11803.48
11805.01
11807.82
11813.19
11817.02
11820.73
11824.18
11829.69
11836.47
11841.85
11843.90
11849.03
11849.80
11851.34
11862.37
11874.57
11877.01
11878.81
11878.94
11884.59
11890.25
11899.01
11904.67
11911.50
11911.89
11913.43
11921.17
11924.91
11927.62
11935.88
11941.44
11946.48
11946.61
11952.43
11955.66
11959.02
11960.58
11965.24
11972.23
11973.26
11977.67
11991.41
11994.79
12012.58
12015.57
12016.87
12017.78
12026.76
12047.99
12051.12
12058.42
12067.03
12067.03
12068.86
12069.51
12077.74
12080.49
12080.88
12081.67
12086.90
12088.60
12089.90
12106.53
12108.89
12111.24
12111.77
12112.03
12116.75
12118.19
12119.24
12122.13
12123.18
12123.57
12123.96
12126.32
12129.60
12131.97
12137.48
12140.90
12141.68
12143.39
12143.92
12146.02
12154.04
12155.09
12170.36
12170.62
12171.15
12171.81
12184.32
12201.61
12204.91
12210.85
12210.98
12216.14
12220.63
12222.61
12230.02
12246.18
12249.75
12251.74
12252.14
12255.32
12258.11
12263.68
12264.34
12265.14
12268.86
12272.04
12272.97
12280.14
12290.51
12290.65
12293.17
12294.10
12301.42
12301.55
12302.89
12305.55
12312.74
12313.27
12324.20
12355.98
12356.78
12362.00
12363.20
12378.59
12382.88
12386.50
12394.68
12398.03
12399.77
12403.26
12413.60
12418.70
12420.45
12422.06
12423.27
12424.48
12427.17
12429.86
12432.55
12434.70
12441.03
12443.59
12447.49
12449.38
12450.59
12455.85
12455.85
12459.48
12466.90
12467.58
12477.02
12484.58
12484.99
12488.37
12493.23
12493.23
12493.91
12494.18
12501.62
12509.60
12516.50
12518.40
12520.30
12521.65
12524.50
12526.39
12533.04
12536.83
12540.90
12555.43
12558.56
12559.51
12573.24
12578.14
12578.27
12578.82
12600.21
12605.52
12608.11
12616.03
12616.58
12619.31
12620.67
12626.41
12634.33
12636.25
12639.26
12646.37
12649.24
12655.95
12657.05
12657.46
12666.23
12666.36
12668.01
12670.47
12674.86
12691.06
12691.06
12693.94
12696.82
12703.83
12703.97
12705.62
12710.98
12721.44
12721.71
12723.50
12725.15
12726.94
12730.66
12731.77
12732.73
12747.34
12753.41
12754.65
12758.10
12762.11
12765.28
12769.15
12770.53
12772.33
12772.88
12778.27
12780.07
12781.87
12783.39
12794.32
12805.54
12821.21
12821.76
12822.04
12828.84
12830.78
12836.47
12837.45
12837.59
12837.59
12838.14
12839.67
12846.06
12848.42
12850.37
12852.73
12855.24
12858.16
12858.58
12867.90
12872.50
12880.44
12888.10
12894.94
12901.78
12905.97
12917.56
12920.50
12923.85
12925.95
12926.93
12937.98
12940.08
12942.18
12942.18
12950.73
12952.13
12957.04
12960.12
12973.31
12979.77
12984.40
12985.24
12999.30
13001.55
13002.68
13006.62
13008.03
13008.17
13015.21
13015.49
13020.56
13035.92
13038.04
13044.25
13053.57
13054.41
13059.64
13060.63
13067.41
13071.09
13072.08
13072.50
13078.31
13088.50
13090.06
13102.81
13109.05
13110.18
13124.38
13133.04
13141.28
13143.70
13146.26
13146.83
13150.39
13151.95
13153.52
13158.22
13159.50
13169.47
13173.32
13174.88
13175.74
13182.30
13189.00
13206.28
13219.58
13223.58
13223.58
13224.01
13231.17
13235.89
13235.89
13236.75
13238.61
13239.33
13242.20
13244.63
13252.23
13265.71
13266.00
13267.01
13271.89
13285.10
13285.10
13285.25
13285.82
13287.69
13296.18
13313.88
13329.02
13333.78
13337.10
13338.40
13342.29
13347.78
13350.67
13356.88
13357.60
13363.10
13365.12
13369.46
13379.16
13383.50
13388.86
13392.77
13396.10
13405.96
13409.30
13414.52
13422.07
13424.40
13427.30
13427.88
13438.35
13440.97
13443.29
13444.75
13445.77
13462.80
13478.83
13485.10
13485.39
13501.02
13517.83
13521.34
13526.75
13527.92
13544.32
13548.43
13548.87
13550.04
13551.07
13551.21
13551.80
13553.12
13558.40
13569.55
13569.85
13576.60
13579.83
13582.33
13602.04
13602.92
13610.28
13618.24
13620.15
13627.97
13629.44
13651.14
13659.11
13659.85
13661.77
13669.76
13670.20
13674.34
13680.56
13685.00
13690.48
13693.00
13700.85
13705.45
13724.30
13725.93
13731.87
13738.11
13738.26
13765.64
13771.75
13771.90
13776.37
13778.16
13778.45
13780.09
13784.42
13784.57
13785.61
13787.85
13800.09
13806.96
13807.41
13810.10
13815.18
13816.22
13832.98
13837.47
13862.94
13866.69
13873.00
13879.00
13884.71
13888.46
13894.93
13897.33
13898.39
13899.29
13912.38
13917.65
13922.62
13926.84
13930.60
13931.06
13939.35
13947.65
13979.37
13983.91
13989.97
13990.12
14001.17
14006.93
14008.60
14012.99
14015.12
14017.69
14024.82
14026.80
14037.12
14043.35
14043.65
14043.80
14048.67
14049.43
14053.23
14057.03
14059.16
14066.92
14067.22
14071.94
14077.88
14078.04
14086.72
14089.46
14090.07
14096.02
14096.94
14115.25
14115.40
14131.60
14134.66
14139.71
14141.24
14144.30
14149.50
14152.41
14158.08
14159.30
14174.48
14179.39
14185.37
14187.98
14200.42
14203.03
14203.49
14204.57
14208.57
14215.49
14218.72
14221.33
14221.95
14223.03
14229.34
14229.80
14230.11
14230.57
14236.27
14248.90
14252.29
14259.54
14260.47
14262.63
14274.05
14280.39
14287.50
14292.44
14293.99
14298.17
14298.32
14298.63
14315.81
14324.65
14331.31
14342.64
14346.67
14351.17
14353.81
14361.58
14361.89
14363.29
14371.06
14382.26
14383.04
14383.51
14385.53
14389.11
14396.43
14396.59
14403.29
14404.38
14415.60
14422.47
14425.28
14442.92
14443.24
14443.86
14469.98
14473.12
14477.97
14479.07
14484.86
14488.63
14489.41
14490.82
14491.29
14492.08
14500.55
14509.18
14510.28
14512.47
14518.29
14519.38
14520.80
14522.21
14527.24
14531.64
14537.93
14551.78
14553.51
14555.09
14563.12
14570.22
14570.37
14574.95
14591.20
14597.04
14601.62
14601.78
14614.11
14614.90
14638.16
14638.95
14650.20
14656.86
14659.08
14662.26
14664.79
14669.71
14674.16
14676.70
14677.81
14679.56
14696.40
14707.86
14708.97
14722.82
14724.26
14726.17
14732.54
14733.98
14737.01
14748.01
14755.04
14756.63
14759.19
14760.94
14767.17
14775.01
14779.64
14780.60
14781.40
14784.28
14785.72
14791.96
14800.45
14802.37
14804.61
14816.63
14820.48
14823.04
14823.52
14828.18
14831.71
14839.41
14843.42
14843.91
14845.99
14857.89
14861.26
14861.91
14865.93
14877.35
14879.77
14881.21
14883.15
14896.20
14899.10
14900.87
14900.87
14903.29
14906.35
14907.32
14907.97
14908.93
14911.19
14914.10
14914.58
14921.04
14925.07
14938.48
14942.36
14943.82
14945.92
14953.04
14955.63
14962.26
14974.89
14976.35
14977.16
14977.33
15005.87
15012.21
15025.53
15031.39
15032.04
15037.89
15039.85
15042.45
15042.61
15050.59
15052.05
15052.87
15053.68
15067.37
15072.43
15074.71
15075.69
15078.13
15098.05
15103.77
15111.45
15112.60
15115.38
15119.30
15126.34
15127.65
15129.45
15130.10
15131.25
15135.02
15137.31
15146.32
15150.74
15159.27
15159.76
15166.16
15166.49
15170.26
15178.64
15183.89
15194.58
15200.82
15205.10
15207.08
15214.32
15215.80
15218.93
15225.02
15232.11
15239.52
15246.95
15247.11
15267.91
15275.02
15276.17
15279.81
15285.60
15299.50
15311.75
15315.89
15317.55
15317.72
15318.55
15325.51
15331.31
15334.63
15339.44
15345.25
15351.40
15358.38
15358.54
15359.21
15359.54
15361.20
15363.19
15378.83
15389.81
15396.64
15421.32
15427.83
15427.99
15447.37
15447.54
15457.57
15466.43
15468.61
15474.97
15476.65
15487.03
15491.72
15492.06
15497.59
15501.62
15504.80
15505.98
15513.03
15519.24
15523.77
15530.83
15534.69
15535.87
15541.25
15549.49
15552.35
15573.74
15575.09
15581.32
15594.48
15607.81
15612.88
15625.72
15630.46
15633.16
15633.33
15641.62
15645.18
15656.69
15671.10
15673.81
15681.45
15689.08
15692.82
15695.02
15708.96
15726.13
15739.07
15741.79
15748.95
15764.97
15766.68
15774.02
15782.04
15782.04
15785.97
15788.87
15790.07
15797.25
15798.27
15799.64
15803.91
15808.70
15824.10
15845.35
15846.72
15852.72
15853.24
15879.85
15880.71
15882.60
15883.80
15886.72
15888.96
15901.68
15931.82
15932.68
15933.03
15933.89
15967.89
15969.62
15977.57
15979.99
15991.75
15992.79
15993.48
16002.65
16023.79
16041.48
16044.61
16046.69
16046.86
16048.43
16049.30
16067.19
16069.80
16082.32
16089.63
16092.42
16100.60
16101.13
16108.62
16115.94
16121.35
16121.52
16123.79
16131.99
16137.75
16139.32
16147.53
16148.23
16151.90
16158.37
16159.42
16159.59
16161.34
16165.19
16174.81
16175.34
16177.09
16180.41
16184.44
16188.47
16188.47
16190.40
16190.92
16191.62
16211.08
16215.99
16245.14
16249.71
16254.81
16254.99
16256.57
16263.08
16264.31
16265.72
16266.95
16272.23
16284.39
16300.25
16309.95
16327.79
16328.32
16328.67
16332.56
16332.91
16341.22
16342.28
16343.52
16354.49
16365.28
16369.89
16391.69
16393.46
16403.93
16409.26
16414.94
16415.83
16423.11
16443.02
16448.18
16455.13
16459.76
16467.42
16468.66
16469.38
16473.83
16480.43
16490.59
16493.98
16501.66
16506.84
16507.73
16508.09
16512.38
16523.46
16527.21
16528.46
16530.43
16534.90
16538.66
16538.84
16539.02
16539.20
16551.73
16561.40
16578.79
16584.71
16589.56
16592.61
16611.11
16617.58
16629.27
16645.30
16652.68
16653.04
16660.61
16668.00
16674.14
16677.20
16705.92
16707.73
16708.99
16711.34
16715.32
16717.85
16718.94
16721.65
16727.44
16731.97
16737.76
16738.12
16746.82
16756.06
16762.95
16770.21
16782.37
16791.45
16793.63
16796.90
16812.72
16813.27
16835.84
16837.66
16838.94
16868.48
16869.03
16881.63
16886.38
16894.42
16900.08
16900.45
16926.80
16939.08
16946.04
16959.07
16980.36
16987.16
16989.55
16990.10
17009.79
17034.47
17048.29
17053.64
17062.50
17065.64
17074.88
17105.57
17119.83
17146.15
17150.23
17157.10
17164.71
17179.02
17181.44
17190.73
17193.15
17195.76
17196.13
17196.32
17200.41
17211.58
17217.35
17230.96
17232.26
17258.39
17278.56
17313.56
17333.24
17349.56
17355.57
17357.83
17359.33
17362.90
17363.65
17367.78
17370.23
17376.62
17378.12
17393.17
17396.56
17399.76
17401.83
17411.81
17415.39
17420.86
17441.41
17453.87
17460.67
17464.07
17467.29
17476.36
17480.90
17489.03
17495.66
17496.41
17497.55
17499.63
17509.48
17513.84
17517.06
17522.37
17526.16
17529.95
17538.30
17539.25
17542.67
17545.70
17545.70
17546.84
17548.74
17551.02
17562.99
17567.17
17568.31
17572.87
17582.57
17608.46
17611.32
17616.66
17621.80
17630.01
17650.43
17653.29
17655.39
17664.76
17668.39
17672.21
17672.79
17672.98
17673.74
17674.32
17695.36
17702.83
17706.85
17709.35
17720.65
17724.11
17747.33
17767.88
17770.96
17775.57
17793.09
17794.82
17798.86
17804.45
17816.78
17818.52
17826.61
17827.00
17832.02
17832.98
17837.81
17838.00
17839.35
17844.75
17857.70
17858.47
17859.24
17865.04
17871.81
17882.83
17911.30
17935.54
17943.11
17945.44
17945.83
17948.35
17950.29
17962.53
17969.92
18005.54
18021.91
18042.00
18063.68
18067.20
18072.48
18090.68
18090.68
18094.98
18109.48
18118.69
18134.77
18138.30
18158.92
18214.21
18252.09
18256.44
18272.44
18274.22
18285.10
18285.10
18285.10
18304.50
18316.58
18332.84
18344.15
18347.13
18360.24
18367.19
18373.35
18384.09
18395.03
18400.21
18408.77
18415.55
18425.31
18427.70
18431.29
18440.27
18452.04
18452.44
18480.02
18492.42
18499.02
18512.04
18514.84
18543.11
18561.58
18562.58
18565.99
18569.41
18580.66
18583.28
18586.90
18605.61
18606.82
18616.48
18618.90
18619.71
18625.35
18625.75
18631.60
18657.22
18663.48
18681.86
18696.62
18709.57
18715.44
18734.69
18738.34
18738.95
18746.25
18753.35
18757.81
18760.05
18766.54
18768.37
18770.40
18772.23
18791.54
18810.45
18847.12
18847.74
18851.00
18851.41
18873.65
18875.29
18884.89
18888.97
18894.90
18901.45
18913.92
18914.74
18923.95
18930.71
18950.59
18954.90
18968.44
18986.10
18991.23
18992.26
18992.88
19001.92
19004.39
19008.91
19015.50
19025.99
19035.87
19056.07
19058.54
19063.70
19070.10
19080.83
19092.39
19095.70
19097.14
19105.41
19112.44
19123.61
19124.23
19128.16
19150.74
19154.05
19155.09
19168.36
19175.20
19188.90
19193.26
19194.09
19205.52
19207.59
19217.99
19218.20
19228.18
19233.17
19253.79
19258.37
19258.37
19269.83
19270.46
19271.08
19331.23
19332.07
19334.79
19343.78
19357.18
19367.87
19403.73
19406.88
19408.77
19426.21
19427.05
19432.73
19441.77
19444.30
19452.29
19454.61
19464.08
19467.03
19479.67
19484.31
19484.31
19492.53
19494.64
19518.07
19528.42
19532.43
19535.39
19537.51
19543.43
19547.87
19553.16
19572.63
19591.27
19611.42
19623.31
19640.94
19648.80
19657.31
19663.05
19663.48
19664.97
19671.14
19671.35
19674.54
19684.34
19686.90
19692.43
19703.94
19709.70
19714.39
19721.86
19728.26
19735.73
19755.39
19756.67
19760.95
19765.01
19774.21
19784.48
19798.19
19842.58
19851.60
19869.00
19881.69
19885.35
19890.73
19937.27
19941.15
19944.39
19947.62
19947.84
19951.29
19980.02
19984.13
19990.40
19996.03
20017.89
20056.70
20073.20
20073.42
20083.41
20087.76
20098.19
20099.06
20109.94
20129.31
20145.65
20149.58
20153.28
20163.32
20165.93
20187.98
20188.20
20217.71
20217.93
20218.37
20231.28
20265.24
20271.82
20297.49
20297.71
20298.81
20312.65
20337.94
20347.41
20352.03
20352.47
20357.98
20389.06
20391.05
20393.69
20440.97
20450.92
20454.24
20463.32
20505.21
20509.20
20515.42
20583.01
20599.27
20613.54
20613.54
20637.42
20647.02
20649.26
20651.27
20668.25
20670.94
20678.54
20681.01
20682.80
20688.39
20689.96
20706.08
20711.24
20718.41
20736.80
20741.06
20749.59
20759.47
20801.29
20803.54
20818.85
20819.08
20831.25
20840.26
20845.68
20846.35
20859.21
20870.73
20871.63
20887.90
20898.75
20904.40
20907.34
20915.94
20920.01
20921.14
20929.30
20932.24
20943.34
20949.91
20952.86
20961.02
20984.17
20985.08
20989.62
20994.61
20996.66
21005.29
21008.93
21030.76
21031.67
21038.27
21040.55
21058.32
21059.68
21069.03
21119.92
21126.78
21137.98
21187.44
21204.64
21221.86
21229.67
21235.64
21256.10
21267.83
21267.83
21267.83
21301.45
21308.37
21344.60
21367.70
21387.13
21403.57
21434.85
21436.94
21439.49
21458.99
21459.22
21463.40
21467.81
21472.92
21494.77
21501.75
21505.94
21511.76
21530.85
21536.44
21582.63
21592.44
21601.55
21609.27
21613.01
21615.11
21619.32
21638.75
21649.29
21653.50
21668.03
21685.15
21692.66
21705.81
21713.09
21730.72
21749.07
21753.30
21758.95
21770.96
21774.73
21778.74
21824.97
21842.45
21855.22
21867.99
21905.41
21910.39
21912.05
21912.05
21917.50
21929.83
21930.31
21931.26
21935.77
21955.24
21974.49
21993.04
21996.13
22009.70
22019.95
22020.66
22020.90
22051.66
22069.56
22087.95
22097.51
22155.69
22157.61
22175.60
22186.64
22188.08
22192.40
22192.64
22216.90
22223.39
22239.51
22240.95
22266.24
22299.75
22312.06
22324.61
22328.00
22329.69
22342.98
22349.51
22370.56
22379.27
22380.97
22388.96
22395.26
22396.71
22431.15
22455.67
22462.48
22474.15
22495.31
22498.96
22503.83
22546.48
22564.54
22566.25
22568.94
22570.89
22574.31
22604.86
22620.03
22637.66
22655.79
22657.26
22676.39
22687.93
22690.87
22718.39
22729.21
22743.97
22751.60
22777.46
22783.62
22802.86
22805.82
22835.45
22836.19
22847.56
22865.61
22866.10
22882.69
22940.70
22945.16
22959.82
22974.97
22978.21
22993.87
22995.37
23014.53
23015.28
23015.53
23016.77
23018.02
23018.02
23020.26
23027.98
23030.48
23040.44
23055.41
23066.64
23075.62
23085.86
23103.35
23104.85
23112.60
23116.85
23124.61
23127.86
23143.63
23151.40
23155.41
23156.16
23173.20
23200.55
23208.08
23208.83
23210.59
23237.48
23271.69
23284.79
23287.56
23325.64
23343.31
23349.88
23354.94
23361.00
23377.94
23378.45
23380.72
23419.71
23434.67
23435.68
23484.17
23487.98
23494.59
23497.64
23508.83
23517.98
23519.00
23527.66
23547.52
23549.81
23557.20
23589.85
23592.66
23625.36
23630.21
23671.93
23690.89
23705.76
23710.12
23718.07
23732.19
23741.95
23772.80
23779.49
23781.80
23783.60
23785.40
23795.19
23818.11
23842.60
23848.54
23867.38
23880.82
23887.28
23892.70
23897.10
23921.16
23925.30
23950.68
23962.09
23976.09
23984.13
23991.66
24021.53
24028.29
24037.13
24044.15
24059.25
24061.07
24097.02
24136.69
24146.61
24162.82
24171.18
24179.55
24183.74
24185.05
24195.26
24195.52
24226.43
24246.62
24248.46
24249.77
24262.63
24264.47
24271.82
24271.82
24272.61
24299.15
24315.98
24323.61
24343.35
24344.93
24353.63
24367.86
24401.63
24427.79
24445.24
24460.85
24473.82
24520.20
24528.96
24533.20
24585.55
24595.66
24633.21
24664.15
24666.82
24669.76
24699.40
24715.98
24718.65
24730.15
24776.49
24782.39
24790.70
24792.58
24837.15
24843.06
24853.01
24860.27
24898.22
24902.27
24910.35
24910.89
24918.44
24931.11
24933.81
24939.75
24947.57
24954.05
24980.25
25010.82
25030.04
25032.74
25055.23
25055.23
25057.13
25072.32
25074.49
25121.74
25123.64
25131.53
25138.33
25148.12
25156.01
25212.14
25215.42
25227.70
25227.97
25245.17
25250.91
25265.94
25267.85
25289.19
25296.03
25310.27
25312.18
25312.46
25319.03
25322.87
25336.30
25344.25
25350.55
25356.86
25377.45
25390.91
25398.33
25404.92
25409.05
25412.07
25418.39
25421.42
25472.36
25477.32
25481.18
25499.38
25503.52
25546.60
25550.47
25562.64
25565.96
25573.70
25584.50
25586.44
25590.31
25595.02
25603.33
25632.71
25646.02
25675.18
25701.86
25703.81
25704.92
25765.62
25774.26
25775.94
25777.33
25786.82
25811.66
25829.26
25839.60
25905.95
25920.25
25921.09
25932.31
25940.17
25947.47
25964.04
25974.99
25996.92
25998.89
26008.18
26010.15
26012.12
26037.74
26038.59
26039.43
26054.93
26055.50
26073.83
26093.58
26099.79
26111.38
26155.20
26176.15
26176.15
26220.94
26223.21
26276.32
26280.59
26296.23
26309.32
26347.78
26360.89
26397.43
26399.71
26449.46
26474.66
26489.56
26498.16
26513.93
26517.95
26534.31
26557.86
26560.16
26587.18
26611.36
26632.10
26632.67
26653.72
26672.47
26681.99
26694.70
26699.90
26703.66
26718.68
26731.99
26738.35
26749.34
26763.24
26765.27
26775.12
26786.42
26795.98
26807.29
26831.09
26845.90
26856.94
26857.23
26868.56
26876.70
26934.34
26966.71
26977.51
26993.28
27013.44
27022.79
27035.37
27066.39
27087.78
27096.57
27135.88
27144.99
27153.51
27157.62
27175.26
27177.61
27189.37
27197.91
27207.62
27212.62
27241.20
27241.49
27244.74
27245.03
27266.56
27288.40
27289.87
27316.76
27320.90
27354.91
27378.60
27423.37
27429.90
27442.66
27461.97
27475.94
27480.10
27494.67
27510.74
27521.46
27525.03
27545.89
27602.57
27605.86
27608.25
27609.14
27611.53
27623.19
27626.18
27659.38
27703.40
27707.30
27740.30
27751.70
27753.51
27756.21
27794.68
27808.81
27867.55
27870.86
27873.88
27936.08
27968.14
27994.17
27999.02
28046.01
28051.17
28060.28
28162.78
28221.35
28235.40
28268.10
28281.57
28287.99
28352.65
28353.57
28367.99
28407.92
28437.44
28446.67
28468.54
28469.46
28529.90
28545.65
28554.60
28575.31
28577.17
28600.37
28613.37
28617.70
28664.49
28702.67
28721.93
28754.58
28785.39
28797.23
28853.99
28856.18
28860.24
28942.48
28951.25
28968.80
28969.11
28988.86
29001.10
29065.18
29086.89
29104.20
29117.75
29147.69
29173.88
29207.36
29210.83
29255.43
29353.09
29407.45
29414.45
29425.59
29463.50
29483.91
29484.55
29504.97
29506.89
29556.41
29586.49
29599.94
29644.81
29656.36
29689.11
29700.99
29713.21
29714.49
29739.90
29742.80
29753.10
29784.66
29843.37
29872.45
29888.29
29958.55
29962.76
29970.54
30004.61
30074.49
30074.49
30114.22
30168.68
30227.16
30303.79
30373.05
30376.67
30384.56
30400.34
30411.53
30416.46
30438.85
30472.79
30476.09
30492.91
30494.89
30512.71
30568.56
30602.64
30630.14
30663.96
30737.37
30739.03
30814.96
30816.29
30848.65
30868.68
30879.37
30883.05
30931.54
30946.60
31000.89
31004.58
31051.58
31071.75
31077.13
31088.90
31136.03
31142.43
31209.55
31266.34
31289.69
31293.75
31305.26
31328.31
31341.87
31363.58
31450.91
31497.91
31511.20
31541.56
31572.29
31580.49
31633.15
31684.19
31708.54
31710.94
31727.76
31853.31
31891.24
31959.29
31989.04
31991.46
32007.74
32049.32
32053.48
32124.31
32154.22
32170.92
32289.14
32318.15
32324.79
32355.23
32384.30
32414.10
32428.13
32429.18
32439.01
32472.72
32480.45
32569.13
32762.82
32943.04
32962.29
32963.00
32987.98
33002.97
33042.27
33104.18
33174.46
33208.22
33248.84
33256.40
33405.34
33433.54
33459.96
33464.31
33478.07
33479.52
33486.76
33495.82
33500.90
33525.55
33541.52
33564.03
33651.66
33716.17
33765.82
33795.06
33814.08
33922.18
33957.06
33960.37
34015.16
34096.23
34123.54
34139.79
34144.96
34164.18
34172.31
34213.75
34293.06
34337.61
34486.17
34761.89
34857.56
34975.05
35058.40
35138.15
35223.41
35232.56
35355.53
35450.52
35562.70
35569.24
35677.94
35708.45
35874.19
35967.86
36084.01
36144.19
36309.60
36675.62
36737.97
36878.55
36975.24
37028.49
37162.95
37205.59
37633.95
37795.54
38216.21
38268.34
38678.37
39131.72
39239.84
40122.52
40288.70
40331.88
40470.45
40649.06
42983.05
43017.01
44987.23
