35.35
36.08
37.76
40.38
40.42
43.74
45.46
45.67
46.25
46.31
46.71
47.26
49.87
51.84
51.86
52.12
52.89
53.73
53.87
54.15
54.86
54.92
55.73
57.59
57.85
58.86
63.16
63.55
64.30
65.64
66.31
66.75
67.47
69.54
69.57
70.18
72.02
73.30
73.73
73.76
74.98
75.03
75.08
75.63
76.20
76.50
76.54
77.45
77.68
77.74
77.84
78.56
79.08
79.58
80.08
81.22
81.73
82.74
83.78
83.92
84.21
84.57
85.20
85.23
85.91
86.13
88.33
88.46
88.77
88.88
89.13
90.03
90.73
91.19
91.64
93.05
93.49
93.82
94.54
95.01
95.08
96.23
97.41
97.80
100.90
102.51
103.24
104.43
104.71
105.38
107.08
107.59
107.86
108.00
108.19
108.33
108.87
108.94
109.10
109.60
109.69
109.82
109.98
110.14
110.25
111.96
112.04
112.21
112.69
112.79
113.37
113.39
113.57
114.23
114.44
115.49
115.80
116.91
117.06
117.36
117.42
117.46
117.47
117.74
119.61
119.91
119.93
120.47
120.53
121.04
121.21
121.23
121.26
121.27
121.35
121.51
121.68
122.27
123.14
123.33
124.51
124.85
125.66
126.02
126.24
126.30
126.52
127.41
127.46
128.07
128.24
128.25
128.27
129.48
130.05
130.23
130.52
131.31
131.39
132.21
132.44
133.05
133.37
133.38
133.75
134.93
135.03
135.33
135.56
136.23
136.76
137.20
138.08
138.14
138.25
138.36
138.78
138.83
138.92
139.33
139.34
139.35
139.39
139.57
139.83
139.94
140.03
140.13
140.32
140.32
140.65
141.69
141.93
142.20
142.32
142.40
142.52
142.54
142.75
142.83
142.84
143.73
144.12
144.33
144.49
144.52
144.66
144.99
145.22
145.40
145.44
145.53
146.41
146.83
147.46
148.52
148.93
149.36
149.59
149.98
150.51
150.56
151.32
151.50
151.53
151.57
152.35
152.42
153.65
153.79
154.77
155.30
155.38
156.59
156.92
157.09
157.17
157.41
157.51
157.59
157.89
158.49
159.49
159.68
160.59
162.28
162.71
162.90
162.99
163.26
163.92
164.43
165.06
165.18
165.33
165.98
166.04
166.58
167.30
167.44
167.47
168.36
168.37
168.61
168.77
169.16
170.32
170.81
170.92
171.39
171.73
172.03
172.03
172.05
172.18
173.49
173.67
173.89
174.25
175.19
175.61
176.59
176.89
176.97
177.99
178.06
178.29
178.48
178.56
178.58
178.83
180.64
180.84
181.39
182.04
182.10
182.24
182.71
183.44
183.51
183.52
183.84
184.00
184.47
184.91
185.56
185.86
185.99
186.93
186.97
187.23
187.26
187.60
188.59
189.15
189.29
189.58
189.59
189.92
190.09
190.18
191.23
192.05
192.09
192.76
192.92
193.48
193.60
193.88
194.46
195.62
196.13
196.24
196.28
197.00
197.34
197.96
198.44
198.59
198.79
199.44
199.87
200.02
200.42
200.56
200.79
201.30
201.30
201.32
202.92
203.39
203.73
204.31
204.58
204.58
204.72
204.84
204.84
204.84
206.04
206.21
206.39
206.50
206.69
206.70
206.95
207.82
207.83
207.85
208.00
208.31
208.46
208.57
209.39
209.42
209.51
209.58
210.37
210.45
210.71
211.29
211.56
211.77
211.85
211.92
212.23
212.56
212.65
212.88
213.38
213.83
213.92
214.17
214.23
214.59
214.68
214.82
215.16
215.29
215.90
215.91
216.07
216.12
216.31
216.43
216.51
216.59
216.84
217.82
218.48
218.72
218.75
219.04
219.07
219.14
219.25
219.72
219.91
220.55
220.56
220.70
220.73
221.20
221.20
221.28
221.58
221.66
222.12
222.13
222.40
222.70
222.89
223.01
223.39
223.47
224.14
224.68
225.22
225.76
226.86
227.04
227.26
227.33
227.35
228.28
228.39
228.74
230.05
230.20
230.39
230.86
231.30
231.98
232.16
232.39
232.53
232.67
233.05
234.73
235.08
235.19
235.84
236.75
236.97
237.16
237.26
237.66
238.34
238.36
238.42
238.87
239.37
239.53
239.91
240.00
240.20
240.41
240.60
240.85
241.38
242.10
242.18
242.23
243.48
244.08
244.12
244.33
244.44
244.90
245.04
245.37
245.45
245.88
246.24
246.36
246.43
246.52
246.59
246.82
246.95
247.55
247.61
247.64
247.68
247.90
247.90
248.41
248.97
249.11
249.38
249.83
250.47
250.70
250.98
251.24
251.86
251.99
252.17
252.18
252.19
252.50
252.52
252.59
252.80
252.82
253.06
253.09
253.13
253.35
253.39
253.55
253.72
254.15
254.38
254.54
254.81
255.47
256.45
256.46
257.02
257.06
257.46
258.00
258.13
258.22
258.31
258.37
258.64
258.84
258.90
259.09
259.22
259.53
260.01
260.26
260.49
260.72
260.90
261.03
261.06
261.62
262.31
263.84
263.98
264.28
264.40
264.46
264.69
265.48
265.49
265.58
265.60
265.81
266.57
266.59
267.05
267.13
267.61
267.62
267.69
267.79
267.88
268.23
268.31
268.35
268.79
269.00
269.43
269.52
269.66
270.08
270.66
271.11
271.15
271.27
271.42
271.51
271.69
271.89
272.63
272.78
272.88
272.95
273.16
273.24
273.31
273.45
274.16
274.42
275.09
275.31
275.48
275.84
275.90
276.43
276.44
276.85
277.06
277.32
277.39
277.45
278.72
279.18
279.40
279.82
280.56
280.90
281.66
281.66
281.81
281.86
281.88
282.42
283.13
283.46
283.74
283.81
283.92
284.12
284.34
284.50
284.62
284.98
285.23
285.26
285.41
285.78
285.80
286.00
286.23
286.31
286.38
286.52
286.96
287.26
287.37
287.57
287.63
287.73
287.80
287.96
287.98
288.12
288.18
288.88
289.69
290.01
290.56
290.63
290.77
291.40
291.52
291.60
291.98
292.06
292.34
292.56
292.75
292.87
293.22
293.38
293.57
293.80
294.38
294.62
294.70
295.14
295.43
295.48
295.58
295.80
296.09
296.22
296.24
296.37
296.59
297.00
297.08
297.21
297.61
297.66
297.69
297.73
297.91
298.18
299.09
299.62
299.90
299.98
299.99
301.03
301.11
301.35
301.45
301.76
301.92
302.17
302.91
303.19
303.30
303.68
304.87
304.90
305.01
305.84
307.49
307.54
307.63
308.39
308.47
308.48
309.34
309.44
309.51
310.16
310.29
310.58
310.59
310.87
311.29
311.78
311.88
312.09
312.30
312.34
312.50
312.56
312.66
313.53
313.89
314.04
314.25
314.34
314.58
315.21
315.74
316.64
316.97
317.13
317.44
318.43
319.25
319.38
319.65
319.67
319.71
319.85
320.52
320.67
320.86
321.26
321.57
322.03
322.05
322.68
323.13
323.24
323.92
324.00
324.13
324.26
324.38
324.65
324.69
324.76
324.98
324.99
325.05
325.11
325.53
325.55
325.80
325.81
325.84
325.86
326.62
326.77
327.05
327.10
327.14
327.60
327.65
327.77
328.29
328.31
328.47
328.53
328.73
329.05
329.38
329.39
329.44
329.77
329.85
329.87
330.12
330.29
330.42
330.69
330.79
330.97
331.07
331.56
331.71
331.74
331.86
332.84
333.33
333.53
333.77
333.89
333.97
334.17
334.54
334.57
334.61
334.64
334.97
335.08
335.14
335.58
336.30
336.32
336.38
336.51
336.92
337.37
337.66
338.01
338.36
338.83
338.89
339.10
339.16
339.25
339.30
339.55
339.95
340.03
340.10
340.35
341.14
341.20
341.35
341.56
341.79
341.82
341.87
342.13
342.39
342.43
342.57
342.62
342.80
343.70
343.81
343.88
344.33
344.83
344.94
344.99
345.31
345.64
345.67
346.15
346.27
346.52
346.83
346.88
346.99
347.14
347.48
347.58
347.67
347.85
348.53
348.71
349.41
349.46
349.62
349.90
350.02
350.27
350.38
350.54
350.54
350.64
350.81
350.82
351.10
351.25
351.32
351.57
352.38
352.59
353.20
353.32
354.45
354.87
355.35
355.72
356.09
356.16
356.53
356.82
357.34
357.36
357.47
357.56
358.50
358.73
359.16
359.19
359.52
359.61
359.64
359.82
360.03
360.86
360.88
361.31
361.41
361.55
362.05
362.14
362.32
362.64
362.69
362.80
363.03
363.18
363.40
363.88
364.02
364.07
365.31
365.97
366.04
366.30
366.38
368.01
368.16
368.56
368.77
368.81
369.73
370.12
370.47
370.66
371.03
371.09
371.40
371.55
371.91
372.35
372.36
372.69
372.70
373.04
373.11
373.37
373.76
374.08
374.98
375.12
375.19
375.25
375.29
375.75
376.06
376.26
376.34
376.37
376.72
377.42
377.65
377.78
378.12
378.36
379.45
379.48
379.67
379.92
380.58
380.76
380.82
381.17
381.77
381.82
381.90
382.41
382.44
382.78
383.63
383.92
384.29
384.46
384.77
385.15
385.30
386.02
386.03
386.77
387.79
387.82
388.07
388.09
388.75
388.82
389.00
389.14
390.41
390.85
391.12
391.67
391.97
392.18
392.61
392.83
393.28
393.93
394.17
394.31
394.39
394.57
394.61
394.78
395.04
395.09
395.57
395.71
396.08
396.35
396.36
396.40
397.26
397.39
397.86
397.98
398.47
398.54
398.70
399.27
399.77
400.12
400.71
400.90
401.60
402.54
402.56
403.28
403.56
403.72
403.72
404.15
404.47
404.52
404.78
404.78
405.29
405.46
405.96
406.02
406.05
406.35
406.60
406.70
406.82
406.89
407.23
407.36
407.58
407.88
408.04
408.06
408.25
408.30
408.40
408.70
408.86
409.07
409.13
409.40
409.48
409.93
410.73
412.06
412.09
412.16
412.26
412.80
413.07
413.10
413.59
414.48
414.55
414.75
414.85
414.86
414.88
415.57
416.35
416.48
416.76
416.78
417.38
417.45
417.49
417.55
417.61
418.03
418.70
419.11
419.15
419.41
419.42
419.86
419.98
420.20
420.71
420.73
420.75
420.83
421.11
421.25
422.15
422.51
422.71
422.82
422.96
423.08
423.43
423.71
424.05
424.31
424.54
424.56
424.74
425.06
425.06
425.12
425.16
426.96
427.13
427.33
428.18
428.26
428.35
428.50
429.37
429.47
429.67
429.85
430.04
430.11
430.75
430.93
431.04
431.22
432.11
432.14
432.66
432.92
433.11
433.30
433.40
433.80
433.89
434.10
434.38
434.86
434.93
435.45
435.47
435.79
435.89
436.03
436.27
436.35
436.73
436.77
437.00
437.13
437.13
437.35
437.46
437.52
437.60
438.20
438.53
438.60
438.74
438.74
439.24
440.70
440.78
441.58
441.60
441.70
441.99
442.11
442.83
442.87
443.78
443.87
444.23
444.28
444.53
444.79
445.86
445.90
445.97
446.01
446.05
447.21
447.22
447.43
447.54
447.65
447.91
448.34
448.51
448.56
448.82
448.93
449.25
449.29
449.39
449.42
449.42
449.61
449.96
450.11
450.13
450.13
450.30
450.37
450.65
451.61
451.66
451.93
451.95
453.10
453.33
453.55
454.18
454.28
455.24
456.34
456.51
456.86
457.05
457.14
457.19
457.59
457.67
458.04
458.08
458.30
458.57
458.80
459.22
459.22
459.33
460.10
460.24
460.37
460.65
461.20
461.52
461.83
461.84
462.00
462.13
462.46
462.46
462.69
462.77
462.81
462.91
462.95
463.42
464.08
464.12
465.57
466.05
466.06
467.66
467.69
467.97
468.26
468.38
469.07
469.13
469.73
469.79
470.06
470.06
470.14
470.61
470.96
471.09
471.28
471.41
471.56
471.76
471.79
471.95
472.10
472.22
472.90
473.01
473.02
474.25
474.35
474.44
474.81
475.12
475.29
475.68
476.21
476.26
476.26
476.26
477.01
478.32
478.73
478.73
479.05
479.09
479.39
479.88
480.17
481.66
481.73
482.58
482.73
482.77
482.97
483.42
483.58
483.80
483.83
484.17
484.55
484.60
484.80
485.12
485.74
486.09
486.16
486.42
486.60
486.95
488.01
488.27
488.33
488.35
488.37
488.58
488.72
488.77
488.83
488.93
488.98
489.48
489.52
490.02
491.56
491.61
491.68
492.23
492.41
492.54
492.79
493.97
494.07
494.42
494.51
494.57
494.72
494.91
495.41
495.62
496.01
497.56
497.99
498.43
499.22
499.43
500.02
500.23
500.33
500.62
501.82
502.17
502.57
502.94
503.36
503.86
503.98
504.63
504.90
505.52
505.65
505.72
505.95
507.07
507.10
507.41
508.08
508.47
508.88
508.89
510.03
510.44
510.63
510.63
511.17
511.33
511.44
511.97
512.02
512.03
512.10
512.84
512.99
513.02
513.38
513.60
514.37
514.48
515.70
515.72
515.88
516.03
516.03
516.26
517.20
517.67
517.99
518.55
518.65
518.80
519.19
519.24
519.30
519.39
519.60
519.77
519.90
519.95
520.85
520.97
521.22
522.00
522.42
522.60
522.61
522.73
522.75
522.96
522.98
523.34
523.42
523.67
523.94
524.02
524.03
524.22
524.23
524.24
524.25
524.54
524.86
524.89
525.19
525.45
527.18
527.50
527.97
527.98
528.06
528.37
528.39
528.52
528.73
528.74
528.90
528.92
528.93
529.32
530.09
530.28
530.77
530.88
530.99
531.07
531.20
531.40
532.12
532.30
532.43
532.45
532.64
533.34
533.50
534.25
534.29
534.33
534.66
535.80
535.95
536.30
536.48
536.50
536.89
537.00
537.07
537.17
537.55
537.67
537.69
537.87
538.72
538.94
539.07
540.49
540.54
541.14
541.15
541.67
542.17
542.41
542.68
542.78
543.15
543.28
543.28
543.91
544.12
544.25
544.51
545.11
545.65
545.85
546.14
546.15
546.57
547.40
547.53
547.60
547.66
548.01
548.07
548.20
548.54
548.74
548.79
549.13
549.42
549.57
549.89
550.56
550.97
551.06
551.19
551.22
551.78
551.81
552.48
552.62
553.28
553.33
553.58
553.78
553.95
554.12
554.82
554.86
554.99
555.14
555.44
555.49
555.78
556.53
556.68
556.68
557.34
557.91
557.95
558.05
558.15
558.51
558.63
559.49
559.72
559.85
559.86
560.36
560.89
561.16
561.28
561.39
561.59
562.23
562.57
562.73
562.85
562.98
563.43
564.33
564.34
564.51
564.52
564.54
564.98
565.22
565.62
565.87
565.97
566.21
566.25
567.00
567.02
567.19
567.59
567.68
567.79
567.90
569.09
569.44
569.58
569.69
569.74
570.30
570.34
570.47
571.10
571.24
571.82
571.88
572.00
572.01
572.50
572.53
572.65
572.66
572.69
573.33
573.91
573.99
574.17
574.20
574.28
574.48
574.57
574.93
575.18
575.86
576.01
576.06
577.22
577.76
577.77
578.21
578.46
578.61
578.83
579.00
579.28
579.47
579.84
579.99
580.58
580.74
581.40
581.81
581.83
583.54
583.62
583.88
584.36
585.06
585.10
585.46
585.53
585.74
585.74
586.68
587.23
587.40
587.41
587.57
587.67
587.95
587.98
588.05
588.31
588.62
589.14
589.41
589.93
590.04
590.46
590.67
590.77
590.77
590.81
590.89
591.04
591.88
591.96
592.07
592.44
592.48
592.59
592.87
592.90
593.40
593.44
593.65
594.18
594.27
595.42
595.68
595.72
596.16
596.20
596.28
596.40
596.68
596.77
597.37
597.92
598.39
598.47
598.63
598.96
599.05
599.55
599.59
599.68
599.90
600.30
600.45
600.92
601.22
601.31
601.74
601.83
601.84
601.85
602.26
602.81
603.77
603.90
603.94
604.60
604.60
604.71
604.92
605.20
605.20
605.27
605.42
605.66
605.76
606.59
607.92
608.05
608.36
609.38
609.61
609.70
610.16
610.32
610.45
610.65
610.76
610.81
611.19
611.54
611.74
612.17
612.23
612.84
612.85
613.75
613.76
613.94
614.44
614.58
614.66
614.82
614.96
615.03
616.21
616.97
617.09
617.68
617.88
617.95
618.04
618.43
618.63
618.91
619.11
619.97
620.42
620.62
621.32
621.67
622.28
622.32
622.53
623.67
623.93
623.96
624.40
624.85
625.44
625.82
626.70
626.85
626.93
626.96
627.40
627.48
627.57
627.79
627.80
628.01
628.14
628.22
628.61
628.65
629.05
629.47
630.64
630.81
631.02
631.03
631.18
631.30
631.37
631.81
631.84
631.93
631.97
632.01
632.10
632.21
632.67
633.10
633.29
633.32
634.17
634.37
634.87
635.08
635.25
635.30
636.65
636.69
637.51
637.79
637.87
638.32
638.43
638.46
638.54
638.63
638.75
639.26
639.35
639.44
639.58
639.70
639.71
640.50
640.59
640.81
641.15
641.42
641.95
642.39
642.65
643.08
643.16
643.59
643.73
643.79
643.84
645.65
645.84
646.13
646.18
646.20
646.22
646.32
647.01
647.40
647.48
648.02
648.59
648.78
649.04
649.05
649.10
650.12
650.43
650.55
650.67
650.83
650.91
651.20
651.26
651.34
651.41
652.11
652.34
652.60
652.71
653.30
653.57
653.77
653.98
654.43
654.64
654.92
655.31
655.44
655.62
655.63
655.97
657.12
657.87
657.92
658.42
658.56
658.58
658.75
658.76
658.91
659.15
659.25
659.74
659.83
660.05
660.40
660.41
661.09
661.13
661.88
662.39
662.65
663.05
663.38
663.54
663.61
664.04
664.67
665.01
665.55
665.58
666.08
666.14
666.22
666.29
666.31
666.43
666.43
666.69
666.84
666.90
667.17
668.08
669.50
669.52
671.35
671.83
671.99
672.34
672.42
672.71
672.85
672.97
673.34
674.04
674.08
675.06
675.06
675.32
675.58
675.86
676.24
676.55
676.93
677.74
678.01
678.31
678.56
678.77
678.83
679.34
679.79
680.05
680.92
681.95
682.01
682.07
682.23
682.69
683.63
683.86
684.28
685.63
685.92
686.20
686.38
686.58
686.90
687.04
687.47
688.06
688.32
688.35
688.50
688.66
688.76
688.84
689.00
689.01
689.14
689.24
689.86
690.52
690.53
690.76
690.96
691.10
691.66
692.12
692.51
692.79
692.83
694.18
694.82
694.89
694.89
695.00
695.04
696.07
696.36
696.76
697.58
697.61
697.67
698.01
698.10
698.69
698.83
699.26
699.46
700.10
700.17
700.24
700.41
700.43
700.54
700.60
700.91
701.02
701.51
701.66
701.78
702.00
702.10
702.12
702.25
702.41
702.66
702.83
702.92
703.15
703.96
704.17
704.18
704.34
704.37
704.64
704.99
705.07
705.12
705.26
705.35
705.54
706.26
706.58
706.78
706.78
707.06
707.36
707.65
708.55
708.61
708.75
709.34
709.77
710.02
710.11
710.22
710.35
710.66
710.78
711.51
711.56
712.24
712.33
712.69
712.88
713.03
713.31
713.48
714.33
714.35
714.53
714.55
714.72
715.17
715.44
715.86
716.41
716.44
716.76
717.28
717.28
717.88
717.90
717.90
718.41
718.48
718.51
718.72
719.01
719.08
719.44
719.57
720.17
720.20
720.25
720.73
721.47
721.60
721.63
722.59
723.01
723.21
723.39
723.52
723.57
724.10
725.27
725.36
725.39
725.45
725.67
726.19
726.55
726.61
726.92
726.97
727.05
727.48
727.88
727.88
727.89
728.08
728.25
728.37
729.52
729.86
730.34
730.55
731.13
731.26
731.47
731.49
732.51
732.61
732.66
732.79
733.19
733.57
734.70
735.07
735.37
735.44
736.37
736.45
737.01
737.05
737.24
737.42
738.36
738.40
738.45
738.99
739.51
739.60
739.63
740.11
740.34
740.47
740.52
740.56
740.57
740.78
740.84
741.36
741.38
741.59
741.79
741.85
742.06
743.41
744.25
744.47
744.53
745.19
745.66
745.74
746.34
746.84
746.86
746.86
747.18
747.49
748.49
748.84
749.33
749.68
749.83
750.07
750.18
750.26
750.44
750.45
750.66
751.53
752.55
752.57
753.71
754.78
755.43
755.59
755.84
756.51
756.93
758.12
758.49
758.55
758.61
758.72
758.77
759.00
759.32
759.82
759.86
759.92
760.41
760.51
761.45
761.56
762.24
762.61
762.77
763.08
764.24
764.38
764.76
765.05
765.46
765.51
765.65
765.92
765.97
766.13
766.77
767.18
767.25
767.72
767.77
768.09
768.48
768.82
769.00
769.10
769.26
769.43
769.58
769.90
769.90
770.15
770.50
770.54
770.92
771.27
771.37
771.37
771.72
771.97
771.99
772.37
772.61
772.87
773.13
773.49
773.95
774.21
774.27
774.41
774.67
774.81
774.90
775.45
775.60
775.77
776.15
776.24
776.32
776.39
776.50
776.66
776.92
777.01
778.30
778.45
778.61
779.55
779.58
780.06
781.09
781.54
781.75
781.76
781.86
781.95
782.01
782.77
783.43
783.46
783.75
783.79
784.11
785.11
785.20
785.36
785.99
786.01
786.18
786.52
786.59
786.65
786.93
787.99
788.20
788.65
788.77
788.81
789.05
789.38
790.02
790.65
790.65
790.67
790.68
791.04
791.14
791.23
791.66
792.53
792.80
793.05
794.09
794.30
794.32
794.34
794.44
794.87
795.46
795.52
795.75
796.23
796.48
796.79
797.01
797.09
797.79
797.94
797.96
798.02
798.82
799.13
799.27
799.48
800.39
800.73
801.33
801.38
801.39
802.09
802.17
802.44
803.42
804.30
804.36
805.43
805.62
805.96
806.65
807.09
807.71
807.77
807.86
808.40
808.47
808.87
808.94
809.03
809.10
809.86
810.07
810.73
810.78
810.80
810.91
811.30
811.37
811.59
811.62
811.99
812.39
812.67
812.73
812.77
813.11
813.16
813.64
814.18
814.27
814.55
814.72
815.30
815.55
816.07
816.19
816.23
816.85
817.29
818.13
818.62
818.66
818.70
819.25
819.70
820.30
820.46
820.89
821.19
821.24
821.61
821.66
821.84
821.97
822.02
822.20
822.74
822.95
823.61
824.29
824.59
825.16
825.25
825.55
825.61
826.56
827.04
827.12
827.65
827.96
828.77
829.29
829.52
829.61
830.39
830.76
830.93
831.68
831.90
833.27
833.31
833.38
833.40
833.45
833.87
834.34
834.53
834.74
836.17
836.34
836.55
836.60
836.88
837.26
837.63
837.86
838.12
838.13
838.14
838.42
839.01
839.86
839.99
840.40
841.00
842.59
843.14
843.16
843.63
843.66
843.68
844.51
844.87
845.02
845.25
845.45
845.69
845.76
845.90
846.32
846.33
846.66
846.69
847.00
847.36
847.53
848.11
848.80
849.06
849.53
849.77
849.96
851.28
851.28
851.31
851.40
851.41
851.42
851.44
851.57
852.39
852.45
852.66
852.79
853.23
853.84
854.06
854.09
854.18
854.20
854.21
854.22
854.25
854.45
854.58
855.52
855.88
855.89
856.55
856.84
856.96
857.46
857.69
857.70
857.73
857.81
857.81
857.93
858.11
858.50
859.26
859.57
859.92
860.33
860.36
860.63
861.06
861.32
861.61
861.85
862.23
862.53
862.72
863.00
863.10
863.30
863.36
864.06
864.09
864.18
864.40
864.77
864.96
864.97
865.18
865.18
865.21
865.85
865.94
866.07
866.85
866.97
867.99
868.23
868.94
869.16
869.43
869.68
870.28
870.78
871.09
871.18
871.24
871.36
871.39
871.53
872.18
872.50
872.62
872.99
873.25
873.48
873.77
874.03
874.16
874.28
874.37
874.98
875.02
875.56
875.70
875.98
876.20
877.15
877.20
877.26
877.34
877.35
877.53
877.96
878.22
878.91
878.99
879.19
879.24
879.40
879.47
880.01
880.14
880.23
880.50
880.59
880.88
881.02
881.64
881.93
882.64
883.35
883.46
883.96
883.98
884.72
885.18
885.45
886.03
886.14
886.17
886.27
886.32
886.65
886.80
886.98
887.20
887.20
887.51
887.51
887.75
887.80
888.02
889.63
889.85
890.18
890.26
890.65
890.76
891.56
891.62
891.73
892.36
892.42
892.80
892.87
893.04
893.55
894.34
894.78
894.79
895.58
895.75
897.32
897.40
897.92
898.22
898.27
899.17
899.20
899.21
899.82
900.21
900.56
900.59
900.83
901.21
901.21
901.64
901.74
902.29
902.38
902.70
902.77
905.73
905.84
905.95
906.29
906.42
906.51
906.54
906.62
907.42
907.96
908.05
908.20
908.60
909.32
909.62
909.69
909.74
910.65
910.70
911.12
911.81
911.90
912.25
912.60
913.09
913.43
913.66
913.84
913.97
914.68
914.83
915.18
915.63
915.68
915.72
916.02
916.04
916.19
916.21
916.41
917.63
917.81
918.04
918.26
918.95
918.98
919.20
919.39
919.46
919.48
919.67
920.33
920.62
920.70
920.96
921.04
921.20
921.52
922.08
922.12
922.42
922.52
924.38
925.25
925.28
925.37
925.54
925.85
926.02
926.08
926.45
926.45
926.50
926.72
927.25
927.41
927.47
927.76
928.34
928.69
929.37
930.67
931.47
931.82
931.94
932.57
932.68
933.05
933.06
933.16
933.51
933.59
933.82
933.82
934.23
934.51
934.68
934.75
935.86
936.48
936.61
936.62
936.83
936.89
937.38
938.13
938.31
938.85
938.90
938.92
939.00
939.33
939.71
939.75
939.80
939.98
940.06
940.20
940.64
940.97
941.38
941.40
941.63
941.78
942.37
943.47
943.87
943.97
944.44
944.47
945.09
945.86
945.86
946.35
946.70
948.00
948.05
948.26
948.26
948.61
948.78
949.00
949.07
949.38
949.40
949.41
949.76
950.25
950.62
950.88
951.13
951.18
951.31
951.58
951.76
952.49
953.13
953.48
953.57
953.66
953.69
954.24
954.30
955.59
955.97
956.29
956.61
957.09
957.70
957.91
958.09
958.19
958.89
959.32
959.75
959.94
960.28
960.50
960.60
960.88
961.32
961.89
962.42
962.53
962.68
963.48
963.62
964.23
964.52
964.61
965.14
966.09
966.12
967.02
967.30
967.55
967.99
968.01
968.36
968.55
970.30
971.02
971.04
971.38
972.45
972.96
973.54
973.71
973.92
973.95
974.11
974.27
974.37
974.66
974.72
974.75
975.50
976.03
976.14
976.36
976.43
976.45
976.61
976.69
976.78
976.83
977.55
977.58
977.78
978.44
978.71
978.73
978.91
978.97
979.38
979.74
979.81
979.92
980.44
980.48
981.68
981.73
982.00
984.04
984.12
984.72
985.30
985.54
985.91
985.96
985.97
986.05
987.02
987.06
987.36
987.50
987.55
987.64
987.82
988.06
988.35
988.56
988.63
988.63
989.56
989.64
989.89
990.00
990.67
990.91
992.96
993.22
993.60
993.65
993.71
993.90
994.39
995.34
995.58
995.59
995.80
995.99
996.03
996.49
997.41
997.48
997.53
997.69
997.83
998.07
998.75
999.42
999.84
1000.03
1000.51
1000.52
1000.77
1001.55
1001.66
1002.33
1002.35
1003.37
1003.81
1005.01
1005.30
1005.52
1005.73
1006.09
1006.15
1006.37
1006.73
1006.97
1007.95
1007.99
1008.22
1008.46
1008.59
1008.85
1009.02
1009.98
1010.51
1011.20
1011.38
1011.82
1012.15
1012.40
1012.44
1012.57
1012.74
1014.21
1015.01
1015.32
1015.36
1015.39
1015.40
1015.80
1016.11
1016.77
1016.93
1017.06
1017.97
1018.05
1018.46
1018.54
1018.59
1018.67
1018.70
1018.75
1018.76
1018.99
1019.87
1020.00
1020.28
1020.88
1021.57
1021.62
1021.77
1022.13
1022.13
1023.11
1023.26
1024.10
1024.68
1024.73
1024.89
1024.92
1025.36
1025.47
1025.92
1026.73
1026.93
1027.10
1027.39
1027.55
1028.12
1028.36
1029.19
1030.14
1030.39
1030.85
1031.00
1031.39
1032.11
1032.16
1032.68
1032.73
1032.95
1033.27
1033.60
1033.65
1033.78
1034.06
1034.91
1035.24
1035.39
1035.48
1036.08
1036.86
1036.92
1037.26
1037.42
1038.14
1040.13
1041.16
1041.17
1041.55
1041.84
1041.86
1041.99
1042.19
1042.23
1042.48
1042.74
1042.81
1043.60
1043.62
1043.70
1044.02
1044.63
1044.79
1044.93
1045.05
1045.46
1045.55
1046.02
1046.29
1046.68
1046.95
1047.23
1047.39
1047.74
1048.23
1048.60
1049.18
1049.37
1049.77
1049.84
1049.86
1050.07
1050.63
1050.67
1051.19
1052.17
1052.42
1052.67
1052.79
1053.94
1054.07
1054.18
1054.55
1055.26
1055.88
1056.59
1057.13
1057.47
1057.96
1058.37
1059.63
1059.93
1060.10
1061.04
1061.70
1062.28
1062.94
1063.33
1063.69
1063.89
1064.76
1064.77
1065.83
1066.58
1066.80
1066.97
1067.04
1067.37
1067.78
1067.94
1068.35
1068.35
1069.44
1070.07
1070.18
1070.20
1070.22
1070.30
1070.44
1070.64
1071.23
1071.34
1071.88
1071.91
1072.74
1073.97
1074.22
1074.41
1074.79
1075.12
1075.26
1075.39
1075.72
1075.82
1076.53
1076.70
1077.10
1077.95
1078.11
1078.80
1078.87
1080.08
1080.25
1080.31
1080.32
1080.40
1080.86
1080.88
1081.18
1081.27
1081.28
1081.32
1081.38
1081.83
1082.31
1082.39
1082.78
1082.97
1083.06
1083.16
1083.20
1083.31
1083.87
1084.05
1084.26
1085.12
1086.23
1086.53
1086.57
1086.79
1086.99
1087.52
1087.59
1087.72
1088.11
1088.30
1088.57
1088.66
1088.67
1088.73
1089.83
1089.84
1090.18
1090.24
1090.48
1091.54
1092.58
1093.35
1093.51
1093.51
1093.58
1094.27
1094.42
1095.53
1096.46
1096.94
1097.06
1097.25
1097.36
1097.47
1097.61
1097.73
1097.92
1098.13
1098.98
1098.98
1099.71
1099.98
1100.46
1100.67
1100.94
1101.21
1102.01
1102.51
1102.86
1102.91
1102.94
1103.40
1103.68
1104.21
1105.23
1107.94
1107.94
1108.01
1108.04
1109.55
1109.78
1109.83
1110.84
1110.90
1111.12
1111.37
1111.49
1112.04
1112.75
1113.23
1114.40
1114.72
1115.15
1115.62
1115.67
1115.72
1117.17
1117.80
1117.91
1117.91
1118.06
1118.67
1118.81
1119.76
1121.52
1121.83
1122.05
1122.07
1122.26
1122.49
1122.71
1122.92
1123.00
1123.19
1123.30
1123.37
1123.62
1123.65
1123.69
1124.27
1124.91
1124.94
1125.53
1126.09
1126.27
1126.36
1126.38
1126.97
1127.16
1127.61
1128.10
1128.10
1128.64
1128.98
1129.47
1129.61
1130.12
1130.71
1131.56
1131.71
1132.28
1133.04
1134.94
1135.23
1135.25
1137.40
1137.43
1138.95
1139.18
1139.69
1139.98
1140.38
1140.58
1140.68
1140.68
1141.71
1141.73
1142.35
1142.43
1142.66
1143.03
1143.14
1143.97
1144.03
1144.05
1144.14
1144.72
1144.74
1145.26
1145.32
1145.60
1145.95
1146.69
1146.84
1146.87
1147.48
1147.71
1147.72
1147.81
1147.94
1148.07
1148.35
1149.08
1149.51
1150.60
1150.70
1150.93
1151.51
1151.71
1152.34
1152.35
1152.94
1153.18
1153.43
1153.79
1154.56
1154.64
1154.80
1154.86
1154.96
1155.50
1155.76
1156.61
1157.66
1157.80
1159.13
1159.36
1159.46
1159.80
1160.03
1160.06
1160.93
1160.99
1161.27
1161.73
1161.84
1161.99
1162.01
1162.12
1162.79
1163.15
1163.31
1163.38
1163.78
1164.54
1164.69
1165.38
1165.43
1167.31
1167.69
1167.86
1167.91
1168.03
1168.21
1168.52
1168.65
1168.84
1168.84
1169.11
1169.35
1169.74
1170.47
1170.85
1172.68
1173.10
1173.21
1173.53
1173.96
1173.99
1174.39
1174.69
1174.88
1175.64
1175.88
1176.06
1176.24
1176.33
1177.20
1177.35
1177.57
1177.80
1178.38
1178.63
1178.87
1179.27
1179.28
1180.56
1180.57
1181.03
1181.29
1181.40
1181.42
1182.13
1182.21
1182.31
1182.39
1182.59
1182.99
1183.50
1183.53
1184.18
1184.32
1184.65
1184.74
1185.35
1185.42
1185.85
1185.91
1186.00
1186.12
1186.14
1186.23
1186.32
1186.68
1187.23
1187.68
1187.91
1188.24
1188.35
1188.39
1189.23
1189.38
1189.77
1191.08
1191.26
1191.45
1191.82
1191.93
1192.21
1192.65
1192.68
1192.82
1193.00
1193.53
1194.19
1194.33
1194.57
1195.26
1195.73
1195.75
1196.60
1196.84
1197.74
1198.46
1198.76
1198.82
1200.03
1200.24
1200.45
1200.71
1200.73
1200.75
1200.86
1201.64
1201.79
1202.33
1202.41
1202.70
1202.80
1202.80
1203.19
1203.20
1203.96
1204.39
1204.96
1205.22
1205.48
1205.93
1206.63
1206.70
1206.95
1208.02
1208.38
1208.48
1208.53
1208.61
1208.83
1208.85
1209.59
1209.61
1209.67
1209.94
1210.50
1211.12
1211.47
1211.64
1212.52
1213.40
1213.43
1213.61
1215.52
1216.36
1216.44
1216.60
1216.90
1217.75
1218.08
1219.60
1219.61
1220.25
1220.93
1221.36
1221.52
1221.91
1222.31
1222.73
1222.88
1223.29
1223.43
1223.43
1224.29
1224.36
1224.40
1224.41
1224.77
1225.90
1226.93
1227.77
1228.91
1229.55
1230.11
1230.96
1230.98
1231.43
1231.73
1232.24
1232.60
1232.99
1233.04
1233.22
1234.12
1235.19
1235.54
1235.98
1236.07
1237.47
1237.47
1238.20
1238.48
1239.50
1239.80
1240.00
1240.60
1240.67
1240.84
1240.91
1241.34
1241.50
1241.60
1241.66
1241.82
1242.86
1243.90
1244.07
1244.43
1244.62
1244.73
1245.11
1245.34
1245.62
1245.66
1246.36
1246.50
1246.94
1246.99
1247.51
1247.56
1248.07
1248.95
1248.95
1249.14
1249.63
1249.66
1251.21
1251.90
1252.28
1252.65
1253.00
1253.09
1253.71
1253.77
1253.81
1254.10
1254.10
1254.29
1254.37
1254.95
1255.24
1255.56
1255.58
1256.38
1257.70
1258.22
1258.45
1258.83
1259.16
1259.29
1259.37
1259.43
1259.59
1260.08
1260.11
1260.85
1261.05
1261.11
1261.49
1261.67
1261.90
1262.23
1262.43
1263.14
1263.32
1263.71
1264.49
1265.07
1265.95
1266.29
1266.36
1266.58
1266.60
1266.78
1269.66
1270.06
1270.74
1271.66
1271.96
1273.14
1273.20
1273.21
1273.61
1273.87
1274.18
1274.27
1274.76
1274.96
1275.17
1275.56
1275.60
1275.85
1276.03
1276.21
1276.27
1276.30
1276.63
1277.12
1277.53
1277.86
1278.08
1278.42
1278.43
1278.89
1278.89
1279.18
1279.25
1279.33
1279.51
1279.73
1280.34
1280.80
1282.31
1282.36
1282.68
1282.88
1283.53
1284.06
1284.31
1284.86
1285.49
1285.59
1285.63
1287.29
1287.45
1287.68
1287.95
1290.09
1290.24
1290.65
1290.72
1290.72
1291.00
1291.92
1292.35
1292.42
1292.56
1295.26
1295.45
1295.85
1295.88
1296.08
1297.45
1297.48
1297.70
1297.80
1298.00
1298.69
1298.72
1299.15
1299.35
1299.49
1299.76
1300.74
1300.77
1301.05
1301.11
1301.77
1301.94
1302.09
1302.49
1302.59
1302.73
1302.90
1302.92
1302.97
1303.21
1303.38
1303.50
1303.60
1303.84
1303.90
1304.32
1304.73
1305.07
1305.70
1306.13
1306.14
1306.28
1306.35
1306.37
1306.41
1307.20
1307.33
1307.81
1308.05
1308.08
1308.16
1308.28
1308.63
1309.76
1310.01
1310.25
1311.04
1311.40
1311.79
1311.89
1313.48
1313.53
1313.99
1314.35
1314.88
1314.95
1314.98
1315.16
1315.57
1316.80
1317.28
1317.72
1317.85
1317.88
1318.01
1318.04
1318.20
1318.67
1318.88
1318.91
1319.11
1319.18
1319.34
1319.69
1319.69
1319.85
1319.94
1320.12
1320.24
1320.29
1320.29
1320.42
1320.54
1321.52
1322.57
1322.74
1323.30
1323.51
1323.84
1324.06
1324.44
1324.50
1325.22
1325.37
1325.45
1325.48
1326.18
1326.38
1326.82
1326.87
1326.90
1327.43
1327.48
1327.73
1327.73
1327.76
1327.96
1328.32
1328.71
1328.82
1328.89
1328.94
1329.02
1329.07
1329.08
1329.14
1329.51
1329.71
1330.37
1330.46
1330.62
1330.84
1331.12
1332.81
1334.02
1334.14
1334.24
1334.50
1334.51
1334.53
1336.94
1337.00
1337.10
1337.43
1337.69
1337.94
1338.07
1338.08
1338.13
1338.26
1338.29
1339.08
1339.16
1339.26
1339.87
1339.98
1339.98
1340.36
1340.69
1341.30
1343.12
1343.83
1343.84
1344.15
1344.89
1345.82
1346.13
1346.42
1346.51
1346.58
1347.92
1348.30
1348.80
1349.02
1349.22
1349.25
1350.01
1350.75
1350.81
1350.99
1351.21
1352.26
1352.36
1353.53
1353.93
1354.18
1354.49
1355.28
1355.44
1355.56
1356.48
1357.04
1357.08
1357.24
1357.46
1358.37
1358.83
1359.49
1359.51
1359.62
1359.65
1359.86
1360.11
1360.45
1360.48
1360.57
1360.93
1361.04
1361.33
1362.41
1362.64
1362.66
1362.91
1364.16
1364.50
1364.81
1365.48
1365.54
1365.65
1366.14
1366.97
1367.58
1367.67
1368.35
1368.36
1368.73
1368.97
1369.07
1369.07
1369.19
1369.83
1369.89
1370.20
1370.33
1371.55
1371.65
1371.68
1372.75
1372.91
1372.94
1373.00
1373.12
1375.14
1375.29
1375.46
1375.56
1375.83
1375.90
1376.05
1376.30
1376.98
1377.11
1377.42
1377.56
1377.59
1377.59
1378.05
1378.11
1378.20
1378.33
1378.35
1378.38
1378.45
1378.67
1379.39
1380.03
1380.38
1380.44
1380.47
1380.93
1381.18
1381.89
1382.38
1383.46
1383.77
1383.80
1384.32
1384.43
1384.49
1384.76
1385.52
1385.93
1386.54
1386.80
1388.12
1388.16
1388.57
1388.66
1389.43
1390.03
1390.03
1390.27
1390.63
1390.78
1392.01
1392.92
1393.17
1393.40
1394.56
1394.95
1395.36
1395.68
1395.80
1395.94
1396.56
1396.84
1396.89
1396.99
1397.34
1397.49
1398.49
1398.82
1398.87
1398.90
1399.10
1399.44
1400.29
1400.82
1401.02
1401.67
1401.91
1402.35
1402.51
1402.84
1403.60
1403.69
1403.96
1404.15
1405.32
1405.99
1407.40
1407.86
1408.57
1408.96
1409.20
1409.32
1410.62
1410.88
1410.94
1411.27
1411.53
1411.87
1412.51
1413.00
1413.00
1413.58
1413.70
1413.74
1414.59
1416.68
1416.97
1417.03
1417.23
1417.33
1417.84
1417.89
1417.92
1418.72
1418.87
1419.30
1419.47
1419.62
1420.91
1421.56
1422.17
1422.25
1422.67
1423.28
1423.28
1423.45
1423.87
1423.88
1424.01
1424.14
1425.01
1425.12
1425.42
1426.27
1426.83
1427.01
1427.34
1427.55
1428.84
1428.90
1428.93
1429.80
1430.60
1431.05
1431.28
1431.48
1431.56
1431.90
1432.07
1432.69
1432.74
1433.25
1433.33
1433.47
1433.85
1433.88
1434.58
1437.57
1438.66
1438.78
1438.89
1439.08
1439.29
1439.36
1439.56
1440.37
1441.18
1441.30
1441.71
1441.80
1441.85
1442.16
1442.30
1444.54
1444.65
1444.79
1445.47
1447.70
1448.65
1448.76
1449.41
1449.84
1449.99
1450.49
1450.58
1451.26
1451.45
1452.20
1452.47
1452.59
1452.76
1452.92
1453.61
1454.42
1454.92
1455.50
1455.64
1455.82
1455.98
1456.64
1456.65
1457.61
1457.88
1458.55
1459.14
1459.59
1460.69
1461.44
1461.52
1461.63
1462.01
1462.07
1462.40
1463.08
1463.24
1463.70
1464.05
1464.86
1465.46
1466.33
1466.55
1466.63
1466.70
1467.01
1467.33
1468.55
1468.81
1469.30
1469.52
1469.57
1470.60
1470.75
1470.95
1471.11
1471.65
1472.15
1472.31
1472.34
1472.47
1472.74
1475.43
1475.50
1475.74
1476.10
1476.26
1478.04
1478.33
1479.03
1479.96
1480.36
1480.44
1481.24
1481.30
1481.34
1482.31
1482.55
1482.70
1483.85
1484.26
1484.27
1485.04
1485.19
1486.75
1486.97
1487.10
1487.20
1487.34
1487.57
1487.87
1487.97
1488.29
1488.69
1488.97
1489.34
1490.77
1490.98
1491.42
1491.73
1491.79
1491.79
1492.44
1492.45
1492.60
1492.76
1492.78
1493.15
1493.99
1494.76
1496.03
1496.27
1496.62
1497.14
1497.76
1497.77
1497.99
1500.26
1500.37
1500.47
1500.95
1501.23
1501.70
1501.80
1501.99
1502.29
1502.86
1503.29
1504.12
1506.21
1507.17
1508.48
1508.67
1509.16
1510.32
1510.96
1511.35
1512.01
1512.05
1512.43
1512.84
1513.61
1514.41
1514.71
1515.61
1516.46
1516.58
1517.22
1517.81
1518.30
1518.45
1518.58
1518.88
1519.89
1520.45
1520.50
1520.83
1520.83
1521.11
1521.98
1522.22
1522.92
1522.94
1523.32
1523.48
1523.50
1523.50
1523.86
1523.93
1525.20
1525.43
1526.44
1526.55
1526.87
1527.05
1527.21
1527.58
1527.66
1528.60
1528.83
1528.85
1529.36
1529.64
1530.09
1530.17
1530.44
1530.65
1531.12
1532.11
1532.18
1532.25
1532.26
1532.35
1532.58
1533.19
1533.47
1533.62
1533.74
1534.88
1535.12
1535.37
1535.83
1536.10
1536.13
1536.45
1536.51
1536.51
1536.65
1536.66
1536.81
1537.51
1537.93
1538.87
1538.97
1539.89
1539.94
1540.82
1541.87
1542.23
1542.98
1542.99
1543.39
1543.84
1544.41
1544.41
1545.00
1545.16
1545.43
1546.79
1547.09
1547.41
1547.52
1548.03
1548.16
1548.29
1548.46
1549.13
1550.12
1550.37
1551.20
1551.61
1552.12
1552.50
1553.03
1553.65
1553.70
1553.87
1555.25
1555.40
1556.36
1556.78
1556.83
1557.00
1557.69
1558.85
1559.17
1559.53
1559.58
1559.76
1559.90
1560.39
1561.91
1562.02
1562.28
1562.67
1562.77
1562.89
1562.95
1563.22
1563.26
1564.60
1564.88
1565.02
1565.36
1565.97
1566.07
1566.85
1567.68
1568.17
1568.53
1569.07
1569.60
1569.70
1570.06
1570.11
1570.21
1570.34
1571.06
1571.82
1572.81
1573.37
1573.70
1573.83
1574.12
1574.91
1575.02
1575.26
1575.72
1575.72
1576.51
1576.71
1577.46
1578.78
1579.21
1579.29
1579.97
1580.09
1580.71
1581.21
1581.53
1581.84
1582.33
1582.33
1582.52
1582.63
1582.64
1582.88
1582.97
1583.36
1585.52
1585.66
1586.67
1586.93
1587.19
1587.67
1588.01
1588.51
1588.53
1588.70
1588.80
1588.87
1588.96
1589.16
1589.59
1590.45
1592.12
1592.68
1592.71
1592.95
1593.14
1594.00
1594.83
1595.19
1595.19
1595.21
1595.33
1597.06
1597.66
1597.89
1598.75
1599.20
1599.79
1599.83
1599.91
1601.30
1602.70
1604.23
1604.47
1604.70
1604.82
1605.25
1606.14
1606.16
1606.97
1607.11
1608.76
1609.46
1609.55
1609.86
1610.85
1611.36
1611.53
1612.13
1612.77
1613.47
1613.80
1614.08
1614.12
1614.27
1614.41
1614.55
1615.06
1615.72
1615.97
1617.79
1618.35
1618.82
1618.93
1620.01
1623.93
1624.42
1624.77
1624.93
1625.83
1626.09
1627.09
1628.13
1629.12
1629.44
1631.46
1631.64
1632.21
1632.51
1633.12
1633.21
1633.25
1633.34
1633.67
1633.74
1633.96
1634.11
1634.27
1635.03
1635.07
1635.58
1636.47
1636.50
1637.80
1637.96
1638.03
1638.68
1639.32
1639.82
1640.12
1642.27
1642.68
1643.35
1643.74
1643.74
1643.83
1644.15
1644.47
1644.62
1645.99
1646.04
1647.34
1647.75
1649.57
1650.87
1651.84
1652.62
1653.36
1654.04
1655.43
1655.72
1656.01
1656.01
1656.03
1659.86
1659.97
1660.01
1660.94
1662.02
1662.45
1662.58
1663.01
1663.12
1663.41
1663.48
1663.59
1663.86
1663.93
1664.34
1664.36
1664.65
1666.25
1666.94
1667.01
1667.30
1667.35
1668.00
1668.07
1668.09
1668.43
1668.80
1669.08
1669.37
1670.31
1671.14
1671.74
1673.97
1674.38
1674.55
1674.55
1674.58
1674.64
1675.78
1675.80
1675.96
1676.34
1676.58
1677.54
1677.74
1677.78
1677.96
1677.98
1678.34
1678.57
1679.14
1679.74
1681.37
1681.65
1682.19
1682.30
1682.32
1682.58
1682.59
1683.43
1684.09
1685.14
1685.84
1686.33
1686.42
1686.53
1686.53
1687.06
1688.05
1688.26
1688.36
1689.05
1689.51
1689.71
1689.76
1689.95
1690.68
1690.97
1691.96
1692.54
1693.17
1693.19
1693.24
1693.42
1694.54
1694.76
1695.46
1696.03
1696.17
1696.36
1696.95
1697.00
1698.23
1698.80
1701.62
1701.82
1704.01
1704.86
1706.22
1706.80
1707.59
1708.61
1709.81
1709.87
1710.86
1711.70
1711.92
1712.11
1712.18
1713.37
1714.44
1714.53
1714.94
1715.00
1715.09
1715.18
1715.22
1715.83
1716.04
1716.11
1716.43
1716.85
1717.08
1717.10
1717.41
1717.47
1717.82
1718.53
1718.71
1718.79
1719.10
1719.55
1719.62
1719.83
1720.00
1720.11
1720.61
1721.45
1722.38
1724.19
1724.45
1724.73
1725.21
1725.25
1725.53
1725.68
1725.72
1729.20
1729.36
1729.48
1730.00
1731.22
1731.24
1731.52
1731.57
1731.76
1734.05
1734.44
1735.27
1736.28
1736.55
1736.58
1737.22
1737.24
1737.69
1737.75
1738.95
1738.99
1739.33
1739.54
1740.04
1740.66
1741.83
1741.83
1741.87
1742.72
1743.10
1743.94
1744.06
1745.00
1745.21
1745.63
1745.89
1746.59
1746.72
1746.78
1747.29
1748.21
1748.86
1750.33
1750.47
1750.79
1750.94
1751.83
1751.94
1751.96
1752.34
1753.63
1754.87
1754.96
1755.53
1757.03
1757.79
1758.59
1758.80
1758.88
1759.85
1760.42
1761.07
1762.55
1762.55
1762.57
1762.69
1764.25
1765.95
1766.49
1767.60
1767.84
1768.30
1768.38
1768.46
1770.29
1770.89
1771.18
1772.36
1774.49
1774.88
1775.26
1776.01
1776.20
1776.26
1776.32
1777.07
1777.20
1777.20
1777.42
1778.59
1778.99
1779.20
1779.57
1779.72
1780.32
1781.05
1781.11
1781.63
1782.02
1782.60
1782.90
1784.04
1784.10
1784.31
1784.99
1786.17
1786.48
1786.90
1787.13
1787.33
1787.69
1788.02
1788.41
1788.76
1789.46
1790.04
1790.25
1791.18
1791.76
1791.76
1791.86
1792.05
1792.25
1793.25
1793.86
1794.94
1795.04
1795.53
1795.80
1795.80
1795.90
1796.25
1796.63
1796.79
1796.91
1797.41
1797.51
1798.58
1798.62
1800.47
1801.54
1801.64
1802.34
1802.88
1803.24
1804.31
1804.39
1804.58
1805.44
1806.83
1807.79
1807.79
1807.98
1808.86
1808.92
1809.94
1810.80
1811.08
1811.39
1811.43
1811.86
1813.12
1813.17
1814.47
1814.67
1815.43
1815.55
1815.63
1815.79
1816.38
1817.22
1817.40
1817.67
1817.85
1818.44
1819.29
1820.09
1820.68
1821.43
1822.08
1822.24
1822.56
1824.90
1826.01
1826.64
1827.26
1827.35
1827.87
1828.23
1828.26
1828.32
1828.34
1828.64
1828.80
1829.41
1829.57
1829.83
1830.52
1830.58
1830.58
1831.41
1833.16
1836.02
1836.31
1836.43
1836.49
1836.61
1836.95
1838.78
1839.16
1839.38
1839.54
1839.77
1839.97
1840.09
1840.77
1841.07
1841.07
1842.82
1843.44
1843.76
1844.26
1844.72
1844.90
1845.36
1845.72
1846.35
1846.69
1846.91
1847.41
1848.41
1848.95
1849.69
1849.79
1849.81
1850.15
1850.19
1851.04
1851.62
1852.40
1854.36
1854.38
1854.44
1854.54
1854.82
1855.15
1858.64
1858.84
1859.29
1859.29
1861.80
1864.38
1864.40
1864.44
1864.74
1866.72
1867.01
1867.55
1867.71
1867.83
1868.02
1868.52
1868.58
1868.76
1869.84
1870.95
1871.86
1872.57
1872.87
1873.62
1874.15
1874.56
1874.58
1874.70
1874.78
1875.02
1875.51
1875.57
1875.73
1875.96
1875.96
1876.16
1876.26
1877.38
1877.52
1877.54
1878.96
1879.94
1883.56
1884.36
1884.62
1884.91
1885.64
1886.07
1886.81
1887.50
1887.70
1887.87
1888.83
1889.24
1889.26
1889.56
1890.30
1891.63
1891.90
1892.55
1893.10
1893.23
1895.13
1895.83
1896.01
1896.06
1897.31
1898.19
1899.20
1899.69
1901.50
1905.68
1906.22
1906.28
1906.46
1906.57
1907.00
1907.29
1907.33
1907.83
1910.14
1910.24
1910.62
1910.90
1910.95
1911.03
1912.50
1912.70
1913.39
1913.45
1913.49
1913.62
1913.66
1913.70
1913.76
1913.97
1916.10
1916.14
1916.50
1917.41
1918.26
1918.51
1918.67
1918.96
1918.99
1919.59
1919.88
1920.75
1921.98
1922.81
1922.81
1923.41
1923.79
1925.33
1925.56
1925.70
1925.79
1927.00
1927.39
1927.60
1927.79
1928.35
1928.39
1928.46
1930.42
1930.44
1931.71
1932.57
1932.76
1933.11
1933.45
1933.99
1934.64
1935.12
1935.40
1935.56
1935.67
1936.00
1936.25
1938.62
1939.11
1939.82
1939.95
1940.74
1940.76
1940.95
1941.56
1941.60
1941.79
1942.40
1942.44
1943.31
1943.62
1944.90
1944.97
1948.30
1948.72
1948.99
1949.50
1950.51
1951.46
1951.57
1952.39
1952.43
1953.55
1955.01
1956.22
1956.32
1957.30
1958.25
1958.76
1960.90
1962.24
1963.43
1964.89
1965.11
1967.72
1968.47
1969.60
1969.83
1970.96
1971.35
1971.67
1971.99
1972.63
1972.71
1973.05
1973.63
1975.06
1977.28
1977.31
1978.91
1979.79
1980.71
1981.50
1981.82
1983.65
1983.91
1984.46
1984.91
1984.91
1984.94
1985.37
1985.54
1985.97
1986.53
1986.72
1986.81
1986.91
1986.98
1987.28
1987.39
1990.40
1991.91
1992.40
1992.42
1992.47
1993.76
1993.76
1994.88
1995.88
1997.02
1997.02
1997.69
1998.08
1998.82
1999.05
1999.33
2002.34
2002.41
2002.67
2002.80
2002.97
2003.36
2003.51
2003.75
2004.12
2004.14
2004.32
2004.38
2004.97
2005.16
2005.49
2005.77
2006.90
2008.09
2009.05
2009.11
2009.16
2009.35
2010.35
2010.42
2012.73
2013.07
2013.07
2013.49
2014.29
2015.86
2015.93
2017.22
2017.57
2018.09
2018.24
2019.38
2020.12
2020.56
2021.61
2021.85
2022.53
2023.21
2023.36
2023.43
2023.64
2025.92
2027.02
2027.02
2028.07
2030.16
2030.33
2030.64
2031.10
2031.37
2031.61
2032.51
2033.08
2034.03
2034.42
2034.78
2035.66
2035.74
2035.94
2036.14
2037.09
2037.40
2038.06
2038.15
2040.55
2041.33
2041.88
2043.18
2043.23
2043.38
2044.73
2045.50
2045.99
2046.54
2047.98
2048.18
2048.89
2049.05
2049.18
2052.40
2054.24
2054.44
2055.15
2055.69
2056.60
2056.93
2057.25
2057.31
2057.47
2057.51
2057.91
2058.22
2059.47
2059.54
2059.96
2060.19
2061.72
2062.50
2063.20
2064.22
2064.80
2065.86
2066.32
2067.06
2067.62
2067.78
2067.85
2068.74
2068.87
2068.87
2073.29
2073.65
2073.74
2075.51
2077.78
2077.87
2077.87
2077.92
2078.41
2078.55
2080.50
2080.66
2081.00
2081.22
2081.67
2082.28
2084.24
2084.56
2084.83
2085.80
2085.93
2087.81
2088.01
2088.17
2088.46
2090.09
2090.52
2092.06
2092.11
2092.47
2092.60
2092.67
2094.10
2096.46
2097.18
2097.32
2097.93
2097.95
2098.32
2100.07
2100.13
2101.00
2102.11
2102.73
2102.98
2103.09
2103.18
2104.30
2104.57
2106.30
2108.31
2108.49
2109.88
2109.97
2111.48
2112.12
2115.02
2115.09
2115.57
2115.64
2116.58
2116.67
2117.11
2118.64
2118.83
2119.12
2119.72
2119.74
2120.89
2122.04
2122.06
2122.29
2123.58
2123.95
2124.45
2124.54
2125.58
2127.26
2128.48
2128.48
2128.68
2129.44
2129.84
2130.04
2131.80
2132.40
2133.53
2134.01
2134.33
2135.58
2137.13
2137.32
2137.78
2139.35
2139.49
2139.68
2140.05
2140.12
2140.65
2141.16
2141.53
2141.55
2141.67
2141.88
2142.94
2142.94
2143.13
2145.33
2145.59
2145.61
2146.49
2146.82
2147.52
2148.24
2148.40
2148.65
2149.17
2150.12
2150.40
2151.47
2151.86
2152.03
2153.01
2153.66
2155.17
2155.27
2156.29
2156.50
2156.74
2156.81
2159.07
2159.68
2159.87
2160.03
2160.17
2161.15
2161.29
2161.46
2162.70
2162.91
2163.98
2164.26
2164.33
2164.36
2165.27
2165.69
2165.90
2166.04
2167.73
2168.41
2168.83
2171.11
2171.77
2172.52
2172.90
2173.11
2173.13
2173.18
2175.49
2176.59
2176.66
2178.12
2179.99
2180.10
2180.39
2181.28
2182.37
2182.44
2182.46
2184.71
2184.78
2184.83
2185.49
2186.10
2186.77
2187.14
2187.90
2187.97
2188.04
2188.52
2189.84
2189.99
2190.44
2190.84
2191.65
2192.24
2192.26
2193.59
2194.33
2194.66
2195.25
2196.46
2197.11
2197.30
2197.46
2197.91
2198.60
2199.79
2200.89
2202.01
2202.91
2203.37
2203.80
2203.89
2204.89
2206.21
2206.64
2208.14
2212.40
2213.16
2214.91
2215.61
2216.25
2216.54
2216.66
2216.69
2216.83
2216.85
2217.05
2218.29
2218.37
2218.97
2220.43
2221.75
2223.51
2224.09
2225.46
2227.46
2227.84
2227.96
2229.46
2229.84
2230.33
2231.00
2231.32
2231.87
2232.09
2232.67
2232.81
2233.20
2233.35
2233.71
2233.78
2233.88
2234.67
2235.11
2235.57
2235.79
2235.79
2236.30
2237.34
2239.06
2242.47
2242.52
2242.98
2242.98
2243.30
2243.42
2243.98
2244.54
2245.07
2245.36
2245.58
2245.68
2246.43
2246.75
2246.80
2247.31
2247.96
2248.48
2250.13
2251.10
2251.74
2251.98
2252.18
2253.05
2253.08
2253.37
2254.00
2255.52
2255.61
2255.96
2256.20
2257.27
2258.33
2258.57
2258.72
2259.23
2259.94
2263.32
2263.39
2264.10
2264.34
2264.64
2265.28
2265.52
2269.45
2270.16
2270.23
2270.45
2270.65
2270.82
2271.07
2271.34
2271.44
2272.89
2273.11
2274.09
2274.34
2275.42
2275.49
2275.49
2277.17
2277.98
2278.40
2278.85
2280.10
2280.65
2280.89
2282.18
2282.79
2283.88
2283.93
2284.25
2285.81
2286.30
2288.16
2288.41
2289.32
2289.74
2291.18
2292.10
2293.86
2293.89
2295.40
2297.09
2298.31
2298.51
2298.53
2298.73
2298.93
2299.15
2300.32
2304.16
2305.36
2305.68
2309.03
2309.30
2310.35
2310.43
2312.65
2315.08
2316.98
2317.21
2318.11
2318.29
2319.62
2319.94
2319.97
2320.25
2321.68
2321.85
2322.30
2322.61
2323.13
2323.71
2324.89
2325.52
2325.70
2325.88
2326.83
2326.98
2327.89
2328.52
2330.08
2330.16
2331.57
2332.45
2332.98
2333.51
2333.69
2335.43
2335.86
2335.94
2335.96
2337.30
2337.51
2339.99
2346.12
2346.32
2346.53
2346.96
2347.06
2349.17
2349.22
2349.32
2349.32
2349.52
2350.01
2350.54
2350.85
2350.87
2351.15
2351.43
2353.01
2353.19
2355.53
2356.07
2357.88
2358.39
2360.76
2360.84
2362.58
2363.01
2363.06
2365.13
2365.21
2365.49
2368.39
2369.46
2370.05
2370.13
2370.90
2372.87
2373.62
2373.85
2374.54
2374.72
2374.72
2375.52
2376.27
2376.32
2376.93
2377.35
2378.66
2379.33
2380.82
2382.63
2383.89
2384.66
2384.66
2385.80
2386.11
2386.44
2386.55
2386.57
2387.04
2387.19
2387.66
2388.02
2390.66
2390.99
2391.07
2392.93
2393.56
2393.58
2397.99
2399.86
2400.06
2400.32
2400.82
2400.92
2401.03
2401.80
2401.91
2402.38
2402.45
2405.03
2405.32
2406.36
2407.11
2407.55
2407.74
2409.74
2411.70
2413.21
2413.63
2415.09
2415.43
2416.45
2418.89
2418.99
2419.80
2421.56
2421.79
2421.82
2423.10
2423.29
2423.58
2423.76
2424.34
2424.60
2425.36
2426.80
2427.12
2427.70
2430.82
2431.14
2432.24
2432.43
2432.53
2434.48
2435.17
2435.27
2436.38
2436.88
2437.80
2438.49
2438.81
2439.02
2440.02
2440.26
2440.73
2441.00
2441.39
2441.47
2442.77
2443.22
2443.77
2446.29
2446.42
2448.19
2448.54
2448.83
2449.07
2449.78
2449.86
2450.34
2450.44
2453.39
2454.00
2454.27
2454.29
2454.40
2455.51
2455.62
2455.70
2456.55
2457.21
2457.56
2457.59
2458.44
2459.66
2460.57
2460.91
2461.79
2461.98
2462.83
2463.26
2464.86
2465.58
2465.60
2468.38
2470.44
2470.57
2471.69
2471.72
2473.27
2473.65
2473.81
2473.89
2474.50
2474.66
2475.92
2476.38
2477.18
2477.29
2477.40
2477.88
2478.31
2478.39
2480.11
2480.62
2480.75
2481.93
2482.60
2482.95
2483.57
2485.96
2486.47
2488.17
2488.49
2489.03
2489.11
2489.54
2490.13
2490.78
2491.37
2491.94
2493.21
2493.56
2494.07
2494.10
2494.13
2495.21
2495.31
2496.26
2497.26
2498.99
2499.20
2499.23
2501.91
2502.48
2502.61
2502.86
2503.97
2504.86
2507.68
2507.79
2507.84
2508.03
2509.47
2509.75
2510.07
2512.14
2513.58
2513.71
2514.37
2515.10
2516.35
2516.38
2518.01
2518.42
2522.21
2525.11
2525.49
2525.57
2525.65
2526.53
2527.57
2529.73
2531.73
2532.25
2533.73
2535.84
2536.99
2537.18
2539.02
2539.41
2539.79
2541.66
2541.77
2542.19
2542.46
2542.49
2543.07
2543.75
2544.06
2545.68
2546.18
2546.89
2546.92
2547.28
2547.83
2549.10
2549.68
2549.84
2550.15
2551.69
2552.25
2553.29
2553.54
2553.82
2554.65
2555.53
2555.59
2555.59
2556.53
2556.92
2558.02
2558.44
2559.35
2559.74
2561.82
2562.21
2562.48
2563.48
2563.81
2564.12
2564.12
2564.12
2564.20
2564.29
2564.31
2564.56
2564.70
2564.81
2565.04
2565.37
2566.09
2566.20
2566.26
2567.12
2567.81
2568.01
2570.15
2570.93
2571.09
2571.76
2572.82
2573.12
2576.66
2577.83
2578.95
2580.01
2580.32
2580.96
2583.22
2583.67
2583.92
2584.70
2585.10
2585.74
2586.52
2586.97
2587.45
2588.85
2589.55
2590.19
2590.22
2590.28
2591.06
2591.51
2591.62
2592.04
2592.74
2594.06
2594.29
2598.02
2598.27
2598.64
2600.16
2600.69
2601.54
2601.74
2602.41
2603.28
2603.71
2604.13
2606.16
2607.03
2607.60
2608.16
2609.97
2610.11
2611.89
2612.54
2612.68
2614.38
2614.91
2614.94
2615.17
2615.57
2617.97
2619.45
2621.32
2622.14
2622.42
2623.47
2623.93
2624.18
2624.27
2625.46
2625.49
2625.52
2626.09
2626.20
2626.63
2628.27
2628.42
2629.44
2629.64
2630.89
2633.14
2633.85
2634.31
2635.36
2636.33
2636.93
2637.96
2638.53
2638.62
2638.90
2639.50
2639.67
2640.16
2640.27
2641.27
2643.56
2644.62
2647.97
2649.46
2650.09
2650.15
2650.98
2651.30
2651.35
2651.67
2651.84
2652.30
2652.67
2653.82
2654.08
2654.48
2654.74
2655.37
2655.77
2655.92
2656.89
2657.47
2659.43
2660.26
2660.63
2661.35
2663.17
2663.28
2663.34
2663.40
2664.29
2664.44
2664.70
2664.90
2665.22
2666.11
2666.66
2666.86
2667.84
2667.93
2669.23
2669.54
2670.53
2671.91
2672.32
2673.62
2673.74
2674.11
2674.26
2674.81
2674.86
2675.91
2676.52
2676.78
2676.80
2676.83
2677.30
2678.98
2681.36
2681.53
2681.82
2682.20
2682.46
2682.86
2683.91
2684.11
2684.66
2685.04
2685.28
2685.62
2685.91
2687.40
2688.82
2689.08
2689.61
2690.25
2693.74
2698.50
2699.43
2700.43
2700.60
2701.68
2702.06
2702.30
2702.82
2703.85
2703.88
2703.90
2704.14
2705.10
2705.69
2709.65
2710.41
2710.44
2711.87
2712.37
2716.04
2716.46
2717.34
2718.04
2718.43
2718.72
2718.87
2719.04
2719.63
2720.19
2720.66
2723.84
2724.05
2724.14
2724.55
2726.26
2726.67
2729.12
2729.42
2730.66
2731.16
2732.79
2738.06
2738.91
2740.52
2740.66
2740.69
2742.56
2742.62
2743.04
2743.30
2745.71
2746.39
2746.81
2748.35
2751.03
2751.18
2751.30
2752.85
2752.97
2753.12
2754.73
2754.76
2757.14
2757.86
2759.71
2759.83
2761.80
2761.92
2762.93
2763.56
2763.74
2764.67
2765.27
2765.48
2766.31
2766.94
2767.33
2767.75
2769.10
2769.91
2771.20
2771.29
2771.98
2772.55
2772.88
2774.20
2775.58
2776.24
2776.45
2776.54
2777.95
2780.12
2780.12
2780.24
2780.33
2781.59
2783.34
2783.85
2785.11
2785.60
2786.89
2787.32
2788.61
2788.61
2788.76
2788.82
2789.49
2790.12
2791.00
2791.09
2791.36
2791.57
2793.17
2793.57
2793.90
2794.20
2794.71
2796.04
2797.07
2798.31
2799.80
2799.89
2800.31
2800.59
2800.98
2801.37
2802.95
2803.74
2804.10
2805.29
2805.65
2805.99
2806.05
2810.06
2811.18
2811.76
2811.79
2811.85
2813.71
2817.42
2817.67
2817.94
2818.09
2818.61
2820.35
2820.38
2820.60
2821.27
2823.59
2824.17
2824.72
2824.81
2824.84
2826.31
2828.76
2828.79
2829.25
2829.98
2830.23
2830.50
2830.75
2831.85
2833.87
2834.36
2835.19
2835.34
2835.47
2836.97
2837.12
2837.65
2837.86
2839.89
2841.55
2841.58
2842.10
2842.78
2843.58
2843.61
2844.01
2844.87
2845.58
2845.86
2845.89
2846.29
2846.56
2846.66
2847.64
2847.83
2848.29
2848.91
2849.03
2850.54
2850.85
2851.65
2852.05
2855.66
2856.96
2857.05
2857.58
2857.95
2858.48
2859.31
2859.41
2860.12
2861.42
2861.57
2863.31
2864.55
2866.31
2866.47
2866.84
2867.27
2867.34
2868.76
2868.89
2869.29
2869.35
2869.97
2870.72
2871.22
2871.31
2872.71
2876.32
2876.53
2877.56
2877.62
2878.96
2880.68
2882.08
2884.39
2886.82
2887.85
2888.48
2889.70
2890.23
2890.45
2890.79
2893.14
2894.11
2894.92
2895.21
2896.15
2898.84
2899.00
2899.34
2899.72
2901.98
2902.73
2903.21
2903.46
2903.83
2904.65
2905.18
2905.91
2906.13
2906.19
2907.92
2911.32
2911.95
2912.30
2914.16
2914.31
2914.91
2914.91
2915.51
2916.11
2917.06
2917.09
2917.69
2917.98
2918.95
2919.33
2919.84
2920.15
2920.82
2922.65
2923.38
2925.78
2926.77
2926.89
2927.02
2928.13
2929.46
2930.95
2931.46
2931.93
2932.82
2933.11
2933.17
2934.41
2934.57
2935.84
2937.04
2937.27
2939.55
2941.27
2942.90
2943.57
2945.67
2948.98
2949.30
2949.65
2950.74
2952.14
2952.91
2953.45
2953.55
2954.38
2955.95
2957.61
2957.68
2957.74
2959.15
2959.72
2960.27
2961.36
2961.55
2964.34
2966.39
2966.59
2969.35
2973.17
2973.24
2975.33
2977.29
2977.45
2977.74
2979.07
2979.45
2979.48
2979.81
2981.00
2981.10
2981.13
2981.97
2982.55
2983.19
2985.87
2986.78
2988.59
2990.92
2991.08
2991.37
2994.16
2995.00
2995.32
2997.33
2997.85
2997.98
3003.05
3003.83
3003.99
3004.35
3007.99
3008.61
3009.06
3010.20
3010.95
3014.70
3015.88
3017.41
3021.13
3021.17
3021.43
3021.85
3022.54
3023.68
3024.44
3025.58
3029.25
3029.55
3030.01
3030.46
3031.15
3031.58
3032.79
3034.30
3034.76
3034.99
3035.35
3036.67
3036.77
3040.91
3041.60
3042.65
3043.87
3044.76
3045.98
3046.15
3047.86
3050.07
3050.76
3054.79
3057.07
3057.90
3058.36
3058.73
3058.86
3059.39
3060.05
3061.91
3062.11
3063.46
3063.90
3065.25
3065.72
3065.89
3068.27
3068.71
3069.00
3070.13
3071.63
3071.70
3071.80
3072.36
3073.19
3076.05
3076.52
3076.72
3077.85
3078.22
3081.15
3081.58
3083.48
3084.25
3084.65
3086.72
3086.75
3087.32
3087.66
3088.29
3089.70
3090.46
3091.00
3091.33
3091.84
3092.14
3093.74
3093.78
3094.75
3094.75
3096.46
3096.76
3097.73
3097.73
3098.37
3099.34
3099.51
3100.34
3100.85
3101.79
3103.00
3103.06
3103.63
3105.75
3107.67
3108.54
3108.78
3110.02
3110.32
3110.63
3110.63
3111.27
3112.44
3112.65
3112.85
3113.86
3114.67
3116.86
3117.70
3117.90
3118.14
3121.31
3122.12
3122.16
3123.14
3123.27
3123.31
3123.88
3125.13
3125.98
3125.98
3125.98
3126.28
3127.84
3128.92
3129.43
3130.17
3131.43
3131.50
3132.95
3132.95
3133.94
3134.41
3134.75
3134.78
3134.99
3135.12
3135.43
3135.46
3135.90
3136.31
3138.24
3138.72
3139.03
3140.96
3141.13
3141.20
3141.57
3144.23
3144.94
3147.29
3147.94
3148.24
3151.96
3152.30
3155.61
3157.49
3157.93
3159.44
3159.81
3161.93
3162.17
3163.16
3163.30
3163.37
3163.54
3164.19
3164.19
3165.15
3166.52
3167.75
3168.17
3168.51
3170.70
3172.04
3172.42
3174.72
3175.58
3176.75
3177.26
3178.57
3182.11
3184.15
3187.35
3187.45
3187.70
3188.25
3189.14
3189.18
3190.15
3190.21
3190.42
3190.84
3190.87
3191.08
3191.35
3192.42
3193.18
3193.98
3195.57
3196.92
3196.99
3197.89
3198.92
3199.96
3200.97
3201.83
3203.01
3203.60
3205.89
3206.24
3209.74
3210.64
3210.64
3211.34
3211.69
3215.34
3215.65
3217.50
3218.61
3220.21
3221.05
3221.26
3221.64
3222.02
3225.02
3225.44
3227.43
3229.21
3230.33
3230.65
3231.35
3231.42
3232.53
3232.78
3232.88
3233.51
3235.65
3235.75
3236.24
3237.51
3237.51
3238.94
3239.71
3242.27
3243.08
3244.48
3244.90
3247.43
3247.71
3248.59
3249.47
3251.97
3252.85
3253.03
3256.26
3256.72
3256.97
3257.74
3258.06
3258.34
3258.49
3258.77
3262.86
3263.74
3264.27
3265.44
3268.94
3273.18
3277.08
3277.40
3278.18
3278.96
3279.60
3281.16
3282.90
3284.68
3284.79
3285.00
3285.14
3286.21
3287.63
3288.91
3291.01
3291.01
3291.72
3292.04
3294.43
3295.18
3296.36
3299.21
3301.32
3301.35
3301.71
3304.86
3305.00
3306.75
3307.29
3307.43
3308.00
3308.90
3309.22
3309.37
3309.40
3311.55
3311.59
3312.30
3312.98
3314.53
3315.53
3315.85
3318.51
3319.77
3320.95
3322.28
3324.01
3324.51
3325.66
3325.73
3325.95
3326.56
3326.60
3327.14
3327.68
3327.71
3328.33
3328.69
3330.05
3330.38
3331.82
3332.54
3332.69
3333.88
3336.29
3337.92
3338.50
3338.68
3340.84
3340.84
3341.68
3342.22
3343.09
3343.56
3345.95
3347.36
3348.19
3349.10
3349.21
3349.46
3351.96
3352.14
3352.50
3353.99
3354.03
3354.54
3358.68
3358.93
3359.51
3360.75
3361.80
3362.20
3362.39
3365.22
3366.13
3367.56
3369.12
3369.60
3374.41
3375.00
3382.82
3384.69
3385.68
3386.45
3387.76
3388.17
3388.42
3392.24
3392.61
3395.80
3402.94
3403.19
3403.49
3403.67
3403.75
3403.82
3403.86
3403.93
3404.82
3405.70
3405.77
3407.06
3407.10
3407.51
3409.68
3410.46
3410.53
3411.05
3411.16
3412.56
3416.00
3416.33
3417.25
3417.62
3418.14
3418.62
3419.03
3421.36
3425.84
3425.88
3426.58
3427.14
3427.29
3428.88
3429.44
3429.66
3429.66
3432.37
3433.30
3433.75
3437.31
3438.77
3439.92
3440.25
3441.00
3442.97
3443.05
3443.53
3444.98
3448.00
3448.04
3448.27
3451.63
3452.19
3452.97
3454.69
3455.55
3457.61
3458.69
3459.51
3459.78
3460.49
3462.47
3462.77
3463.45
3464.08
3467.23
3467.27
3467.95
3467.95
3468.32
3469.22
3469.82
3473.02
3474.75
3477.23
3479.00
3479.00
3479.60
3483.70
3486.00
3486.19
3486.72
3487.36
3488.76
3490.50
3493.86
3495.03
3495.64
3496.96
3497.22
3497.64
3502.53
3502.68
3504.88
3507.04
3507.87
3508.18
3508.18
3509.43
3509.43
3510.91
3512.17
3512.77
3514.94
3516.80
3517.34
3517.95
3518.56
3518.90
3520.38
3521.26
3521.34
3521.98
3523.62
3527.13
3527.89
3528.81
3528.93
3530.07
3530.95
3531.45
3531.75
3533.70
3533.93
3534.85
3536.38
3536.53
3537.37
3538.90
3539.71
3539.86
3540.74
3542.43
3546.42
3546.72
3547.30
3549.64
3550.83
3551.79
3553.72
3555.37
3556.45
3556.52
3558.72
3560.49
3561.14
3563.03
3566.47
3567.66
3569.79
3571.45
3572.37
3573.84
3574.35
3576.24
3576.94
3577.71
3581.31
3582.01
3582.48
3582.90
3583.56
3583.72
3584.11
3584.80
3585.70
3587.09
3589.11
3590.82
3592.03
3595.76
3599.57
3599.57
3600.20
3603.31
3603.82
3604.52
3605.34
3608.23
3609.79
3610.92
3612.06
3613.23
3614.56
3615.73
3615.81
3616.05
3618.51
3623.57
3624.27
3624.98
3625.64
3625.68
3625.80
3626.55
3629.80
3630.47
3636.33
3636.92
3637.51
3637.59
3638.46
3640.70
3641.05
3641.45
3641.88
3641.92
3642.59
3643.18
3644.60
3645.11
3646.18
3647.32
3650.56
3653.72
3654.16
3655.23
3655.74
3656.33
3656.61
3657.01
3658.31
3659.54
3660.69
3664.17
3665.17
3665.68
3666.16
3667.23
3668.70
3671.20
3673.07
3674.58
3679.15
3679.39
3682.85
3683.45
3684.61
3686.60
3686.92
3687.16
3687.76
3688.12
3688.16
3688.48
3689.00
3692.63
3696.03
3697.19
3697.43
3699.35
3701.23
3704.44
3705.36
3705.84
3707.16
3712.46
3715.47
3715.88
3716.68
3716.84
3717.00
3718.53
3719.50
3720.42
3721.31
3725.01
3725.66
3726.14
3726.59
3726.71
3727.55
3729.25
3729.73
3729.81
3729.85
3732.48
3733.93
3735.31
3737.33
3741.13
3743.84
3743.88
3747.53
3748.22
3749.60
3749.88
3750.21
3751.43
3753.62
3753.82
3754.88
3754.92
3755.93
3757.80
3758.78
3759.39
3764.19
3764.97
3766.27
3768.27
3768.88
3770.23
3770.63
3771.37
3771.94
3773.33
3773.37
3773.53
3773.86
3774.47
3774.88
3775.00
3775.78
3776.19
3777.86
3779.99
3780.72
3783.34
3784.24
3787.15
3788.67
3790.68
3791.05
3792.85
3794.16
3797.00
3797.53
3798.31
3798.48
3798.85
3799.88
3802.63
3804.32
3804.44
3812.02
3814.17
3814.46
3814.87
3817.14
3817.55
3818.83
3820.82
3821.73
3822.14
3822.39
3825.16
3825.58
3826.07
3826.61
3828.18
3830.17
3833.41
3837.43
3838.01
3842.79
3843.37
3844.00
3844.29
3844.54
3844.87
3846.08
3846.33
3848.95
3851.16
3851.74
3853.70
3854.41
3855.04
3855.54
3860.04
3860.21
3861.30
3862.47
3864.26
3866.52
3867.61
3868.91
3870.37
3870.46
3870.46
3871.97
3872.05
3872.80
3873.47
3876.74
3878.34
3879.98
3880.73
3880.81
3881.36
3881.95
3883.42
3884.34
3886.32
3886.99
3887.50
3888.04
3893.01
3894.99
3895.03
3895.08
3898.32
3902.08
3902.29
3904.40
3906.98
3909.90
3910.02
3912.01
3912.48
3913.79
3914.26
3915.19
3915.53
3916.29
3916.33
3916.42
3919.09
3921.12
3922.14
3922.82
3924.56
3927.87
3929.02
3929.79
3933.70
3934.17
3936.64
3937.06
3938.22
3939.45
3940.05
3940.26
3942.48
3945.55
3945.72
3946.40
3949.99
3951.15
3953.03
3954.35
3954.65
3954.83
3955.38
3955.77
3961.64
3963.48
3964.68
3967.04
3967.34
3974.95
3977.35
3979.59
3979.81
3983.38
3983.60
3986.75
3987.57
3989.03
3989.38
3992.79
3993.83
3994.95
3996.77
3999.41
4001.66
4004.99
4009.15
4009.37
4013.88
4014.10
4014.19
4015.75
4017.19
4017.67
4019.71
4020.23
4020.80
4021.75
4023.10
4023.97
4027.37
4027.76
4028.42
4032.08
4032.60
4033.21
4034.61
4035.66
4036.44
4040.07
4043.00
4044.88
4046.85
4048.74
4049.30
4051.36
4054.30
4057.15
4057.68
4058.16
4058.21
4058.56
4060.45
4060.84
4061.46
4064.67
4065.68
4066.30
4067.70
4068.06
4068.23
4071.36
4074.49
4077.13
4078.10
4078.24
4079.83
4079.91
4083.45
4083.53
4084.20
4085.52
4085.88
4086.63
4091.58
4096.24
4097.08
4097.92
4099.16
4100.58
4100.67
4101.34
4104.09
4104.80
4104.98
4109.60
4114.45
4115.65
4116.14
4116.99
4118.28
4118.41
4122.82
4123.45
4123.67
4129.48
4129.74
4131.13
4132.16
4132.65
4133.10
4134.08
4135.83
4136.45
4137.39
4137.66
4138.51
4147.97
4147.97
4148.51
4149.14
4152.51
4153.05
4153.45
4155.61
4157.81
4158.13
4162.45
4165.92
4166.19
4166.32
4166.41
4167.58
4167.72
4167.86
4169.52
4170.02
4170.61
4171.55
4171.78
4172.82
4174.49
4175.30
4175.71
4178.69
4179.19
4183.53
4183.58
4188.33
4190.42
4191.23
4191.87
4192.73
4193.50
4196.32
4197.23
4197.27
4197.91
4200.41
4201.04
4201.18
4201.22
4202.22
4202.59
4203.22
4204.72
4205.45
4206.23
4206.86
4207.00
4207.00
4207.09
4207.32
4209.05
4209.46
4209.55
4213.61
4217.25
4220.27
4220.45
4220.91
4222.19
4226.07
4227.85
4227.95
4229.13
4229.68
4230.87
4231.88
4235.23
4235.96
4236.19
4237.61
4241.42
4243.53
4244.45
4247.89
4248.40
4250.19
4252.49
4254.47
4254.88
4256.91
4257.00
4258.15
4259.31
4262.44
4266.32
4267.01
4267.15
4268.12
4272.41
4275.84
4278.15
4278.94
4279.26
4280.74
4281.62
4284.17
4284.73
4287.60
4287.83
4292.20
4292.29
4293.45
4293.59
4293.68
4293.73
4296.29
4303.22
4303.92
4304.52
4304.80
4306.76
4307.41
4307.46
4308.06
4309.00
4311.05
4311.14
4312.49
4312.59
4313.52
4315.25
4315.34
4316.74
4322.12
4323.94
4326.09
4326.14
4327.22
4327.69
4329.00
4329.93
4330.82
4331.57
4331.71
4333.07
4333.45
4334.62
4337.06
4338.52
4338.56
4340.39
4341.19
4341.99
4343.45
4347.21
4350.22
4351.87
4354.46
4355.12
4356.39
4358.89
4363.14
4363.61
4367.15
4368.14
4370.32
4373.63
4376.28
4379.41
4382.58
4383.67
4384.38
4386.85
4386.99
4388.51
4396.26
4397.69
4398.73
4400.40
4404.73
4405.78
4407.69
4409.69
4412.51
4416.14
4416.62
4417.57
4418.29
4422.45
4424.60
4425.18
4425.37
4425.51
4433.47
4437.93
4438.27
4441.68
4449.23
4454.14
4454.24
4455.98
4456.60
4457.09
4457.91
4458.34
4458.92
4460.66
4462.59
4464.08
4465.10
4476.37
4477.77
4478.55
4480.05
4480.54
4481.65
4484.56
4485.73
4487.86
4488.83
4491.12
4491.60
4496.08
4497.19
4497.73
4499.87
4503.96
4505.18
4507.42
4508.84
4508.84
4509.96
4517.63
4518.46
4519.49
4521.49
4521.54
4521.64
4524.87
4525.80
4526.93
4527.95
4532.12
4534.87
4535.60
4535.75
4536.24
4540.37
4540.71
4541.55
4542.04
4544.49
4545.33
4545.58
4546.81
4547.40
4554.49
4556.36
4557.94
4558.43
4561.29
4562.13
4562.53
4563.76
4564.95
4565.98
4566.53
4567.42
4567.91
4571.22
4573.05
4574.49
4574.98
4575.73
4576.62
4578.45
4578.65
4579.49
4579.59
4581.08
4582.17
4584.45
4585.79
4586.13
4587.08
4587.47
4587.52
4588.37
4590.21
4591.35
4592.29
4592.94
4593.39
4593.83
4594.13
4594.83
4594.93
4595.13
4598.46
4600.15
4600.85
4600.90
4601.69
4602.99
4604.23
4605.98
4607.92
4610.01
4611.46
4612.06
4614.31
4615.06
4616.40
4618.10
4618.90
4622.90
4623.00
4623.15
4623.30
4624.85
4629.26
4630.26
4632.82
4634.82
4634.97
4636.28
4636.98
4638.78
4639.59
4639.84
4641.75
4641.95
4647.22
4651.00
4651.85
4652.15
4652.41
4654.57
4659.51
4659.86
4660.82
4660.92
4663.70
4664.00
4664.86
4665.56
4667.68
4671.02
4674.36
4675.47
4677.04
4677.34
4682.61
4686.05
4687.22
4688.13
4689.10
4691.38
4695.24
4697.47
4702.56
4702.81
4703.78
4703.88
4704.54
4705.72
4707.24
4708.67
4709.43
4710.91
4714.89
4715.09
4717.13
4717.34
4718.46
4718.51
4720.35
4720.76
4721.53
4721.73
4722.50
4723.42
4724.18
4725.15
4725.31
4727.76
4729.45
4729.91
4730.17
4732.47
4733.55
4733.60
4734.42
4734.88
4738.26
4740.31
4741.44
4743.08
4743.13
4743.70
4743.70
4746.52
4750.84
4752.69
4754.95
4755.47
4759.79
4762.88
4765.30
4766.95
4767.21
4767.37
4770.51
4772.79
4775.32
4776.25
4779.56
4780.43
4783.02
4783.28
4789.91
4790.74
4790.89
4792.14
4792.14
4792.50
4793.38
4794.06
4796.18
4798.62
4800.08
4802.10
4803.20
4807.46
4808.24
4811.73
4814.80
4815.27
4828.15
4829.98
4830.66
4831.29
4833.69
4835.05
4835.63
4835.79
4837.67
4837.88
4840.50
4843.96
4845.11
4846.16
4846.63
4847.10
4851.98
4852.56
4853.24
4858.18
4858.65
4858.65
4859.49
4861.18
4868.07
4869.76
4871.50
4874.19
4875.03
4876.35
4877.35
4878.51
4880.31
4882.16
4882.52
4883.48
4885.54
4886.33
4886.91
4887.33
4891.04
4900.20
4901.74
4905.67
4905.72
4907.10
4909.28
4915.18
4915.44
4921.77
4921.83
4925.88
4925.93
4934.36
4937.56
4939.27
4941.62
4943.60
4943.66
4944.24
4944.46
4949.17
4951.63
4952.06
4954.63
4957.69
4958.28
4959.03
4961.77
4965.37
4966.87
4969.72
4971.44
4971.66
4973.92
4975.85
4983.29
4984.26
4985.88
4986.15
4991.87
4998.14
4999.98
5000.57
5002.20
5003.77
5004.09
5005.23
5005.45
5007.07
5009.24
5011.51
5014.28
5015.20
5016.78
5025.58
5027.86
5028.24
5028.79
5030.58
5034.29
5034.45
5034.72
5036.41
5045.03
5047.92
5048.74
5051.69
5054.26
5056.34
5058.20
5060.28
5063.35
5069.82
5073.71
5074.15
5077.28
5079.04
5079.42
5079.92
5083.49
5088.72
5089.33
5090.76
5093.35
5094.28
5099.58
5099.74
5100.13
5102.45
5105.15
5106.70
5113.28
5115.99
5117.54
5119.59
5120.20
5125.36
5126.24
5127.13
5127.69
5130.35
5131.57
5135.18
5136.24
5136.35
5136.74
5140.24
5140.30
5142.85
5151.49
5151.49
5156.67
5157.62
5162.03
5162.81
5163.88
5165.72
5172.77
5174.28
5180.22
5180.38
5182.12
5186.55
5187.45
5190.54
5190.59
5192.28
5194.64
5198.24
5199.36
5200.88
5203.02
5203.25
5212.88
5213.84
5214.29
5216.55
5216.72
5217.06
5217.74
5218.58
5222.88
5223.84
5225.98
5226.89
5226.89
5230.91
5231.36
5234.87
5236.57
5237.93
5239.06
5239.69
5239.97
5241.05
5243.77
5244.00
5247.23
5249.62
5251.09
5254.39
5255.41
5257.06
5259.45
5261.33
5265.37
5266.23
5267.08
5267.65
5272.56
5273.13
5274.38
5277.98
5282.89
5286.38
5286.78
5288.33
5288.78
5289.30
5289.98
5296.40
5296.97
5303.40
5305.29
5306.84
5307.18
5309.37
5314.25
5317.36
5317.70
5320.98
5322.48
5322.88
5325.07
5333.14
5335.22
5338.63
5339.96
5340.82
5341.00
5342.73
5343.83
5347.13
5348.00
5352.92
5354.42
5355.75
5357.96
5362.48
5366.95
5368.23
5369.22
5369.45
5370.67
5372.41
5372.41
5372.76
5378.75
5383.18
5383.47
5392.62
5407.34
5408.40
5408.46
5410.85
5419.41
5420.99
5425.22
5429.62
5434.50
5435.09
5437.32
5442.44
5443.39
5443.97
5447.16
5448.92
5449.46
5449.63
5449.87
5451.22
5451.40
5451.64
5455.83
5462.15
5464.22
5465.75
5467.00
5468.47
5468.77
5470.66
5472.14
5473.57
5477.42
5477.65
5477.71
5477.89
5484.53
5484.71
5485.01
5489.99
5491.24
5491.30
5503.08
5505.28
5507.72
5510.35
5516.67
5520.43
5521.63
5525.45
5527.54
5534.01
5539.16
5540.54
5540.78
5543.24
5544.14
5544.74
5546.36
5549.54
5550.26
5553.98
5555.30
5555.97
5556.87
5558.85
5561.32
5562.58
5566.32
5571.50
5572.46
5577.29
5578.31
5580.79
5580.85
5582.00
5582.84
5588.82
5591.61
5591.67
5600.57
5600.69
5602.27
5604.51
5604.81
5607.66
5608.27
5609.18
5613.61
5616.59
5617.01
5618.53
5619.63
5623.95
5624.37
5626.02
5631.19
5632.53
5636.43
5639.61
5643.27
5651.15
5652.07
5652.25
5656.29
5661.00
5661.98
5663.82
5667.19
5669.46
5673.39
5674.31
5682.91
5685.13
5685.37
5687.96
5689.87
5690.23
5690.30
5691.28
5695.53
5696.58
5700.46
5701.14
5704.72
5705.28
5707.50
5709.72
5710.16
5710.53
5711.58
5712.63
5714.85
5717.20
5724.01
5725.56
5727.05
5730.27
5730.64
5730.64
5732.56
5738.83
5739.14
5740.76
5741.57
5751.08
5753.07
5755.68
5757.06
5760.86
5762.04
5763.47
5764.22
5764.53
5764.60
5765.66
5768.09
5770.09
5771.40
5776.83
5778.84
5779.34
5792.11
5792.61
5794.86
5799.63
5804.78
5806.16
5807.73
5818.68
5819.75
5819.87
5829.20
5829.26
5831.53
5832.80
5833.74
5838.60
5839.43
5844.29
5845.81
5847.71
5853.79
5856.26
5865.26
5866.15
5867.10
5869.39
5872.18
5877.27
5878.67
5880.19
5880.45
5883.63
5884.58
5887.51
5889.87
5890.83
5891.34
5896.25
5897.46
5897.97
5899.95
5905.89
5906.14
5910.81
5912.99
5921.24
5923.42
5929.26
5932.40
5936.77
5937.60
5938.70
5939.02
5940.75
5944.35
5948.99
5949.24
5954.65
5954.65
5956.78
5958.65
5961.68
5968.84
5969.75
5971.94
5974.66
5975.05
5975.95
5976.02
5976.60
5978.09
5983.46
5986.31
5989.09
5991.88
5996.29
5997.20
5998.30
6001.16
6001.42
6005.18
6007.98
6009.99
6011.04
6020.54
6023.73
6025.17
6030.38
6034.10
6034.95
6036.85
6038.74
6039.59
6040.31
6041.75
6042.92
6044.23
6045.28
6046.91
6048.88
6050.97
6053.00
6057.52
6059.55
6063.36
6064.47
6064.73
6070.05
6071.76
6074.45
6078.79
6079.78
6080.44
6082.35
6082.81
6083.07
6094.01
6103.11
6109.12
6109.65
6110.84
6111.04
6121.03
6121.56
6125.54
6130.84
6131.51
6140.67
6146.72
6147.32
6147.85
6150.18
6150.84
6155.57
6155.70
6156.77
6160.50
6166.37
6167.17
6168.57
6170.91
6172.71
6175.78
6179.46
6182.80
6185.61
6186.88
6189.23
6189.63
6191.24
6193.72
6196.73
6198.81
6205.05
6206.13
6209.48
6214.59
6215.53
6218.83
6220.04
6227.25
6228.53
6235.54
6237.70
6242.49
6244.52
6247.02
6249.12
6249.99
6251.96
6266.99
6268.55
6268.62
6272.96
6275.20
6282.20
6285.26
6287.09
6290.63
6292.88
6293.22
6294.24
6298.94
6299.90
6300.85
6301.26
6301.26
6307.67
6313.95
6321.81
6322.16
6322.64
6325.78
6330.92
6334.34
6335.92
6339.14
6344.36
6347.45
6347.59
6354.53
6355.15
6360.65
6361.06
6370.64
6378.64
6381.95
6382.29
6382.71
6394.32
6394.32
6397.30
6403.11
6406.30
6414.07
6420.25
6420.53
6423.03
6425.46
6429.01
6431.51
6432.56
6432.90
6438.06
6448.24
6448.37
6450.26
6453.96
6454.24
6455.36
6455.50
6465.70
6465.77
6467.87
6472.28
6473.33
6474.38
6477.67
6482.30
6489.04
6489.60
6490.30
6491.57
6493.25
6493.32
6495.22
6495.64
6496.27
6497.82
6503.24
6510.42
6510.70
6513.24
6515.91
6519.02
6519.37
6521.35
6529.68
6533.28
6536.25
6536.67
6536.82
6538.37
6541.42
6543.40
6544.74
6546.94
6555.30
6558.21
6560.69
6561.76
6563.04
6563.32
6568.58
6574.12
6575.48
6576.40
6584.73
6590.01
6590.29
6606.07
6608.50
6609.36
6614.08
6620.16
6620.45
6628.05
6630.13
6635.80
6636.16
6640.11
6642.26
6642.84
6651.83
6654.20
6654.35
6658.81
6659.39
6665.73
6669.48
6670.35
6673.31
6680.17
6682.99
6684.29
6685.89
6690.08
6692.11
6693.27
6695.22
6698.92
6699.86
6701.24
6703.41
6703.85
6706.53
6710.53
6714.81
6719.24
6719.39
6722.37
6725.72
6728.56
6729.58
6730.16
6732.56
6734.60
6735.48
6735.70
6737.44
6748.02
6751.89
6751.97
6752.11
6752.19
6755.77
6760.81
6761.40
6763.23
6768.94
6777.00
6783.53
6785.36
6785.58
6793.52
6798.15
6799.62
6800.21
6803.08
6803.23
6803.59
6805.95
6810.96
6812.06
6813.24
6813.76
6814.35
6814.87
6816.49
6817.30
6824.46
6827.78
6829.11
6843.46
6844.42
6844.65
6847.91
6853.69
6857.84
6861.03
6872.03
6873.89
6881.03
6883.71
6885.05
6889.67
6896.46
6899.37
6903.18
6903.25
6903.78
6910.05
6910.05
6910.88
6918.36
6919.63
6920.15
6920.75
6922.92
6923.37
6931.84
6933.19
6937.47
6945.51
6946.41
6947.01
6948.74
6959.88
6964.62
6966.81
6966.81
6967.18
6968.92
6973.07
6975.63
6975.71
6975.71
6981.67
6987.95
6989.23
6994.00
6994.07
6999.30
7001.42
7012.03
7012.26
7013.93
7015.52
7018.25
7022.28
7022.43
7024.56
7025.02
7025.40
7026.69
7027.37
7029.96
7036.35
7039.55
7040.62
7044.88
7046.03
7047.09
7053.50
7057.62
7059.69
7059.91
7075.74
7079.42
7079.80
7081.34
7084.40
7090.31
7106.74
7113.74
7118.44
7120.21
7123.68
7123.68
7124.22
7124.99
7128.00
7132.16
7133.47
7139.73
7141.51
7151.02
7151.17
7151.63
7152.87
7153.96
7156.67
7163.87
7169.92
7186.15
7187.63
7189.42
7190.12
7190.66
7190.82
7195.88
7198.68
7210.45
7210.69
7211.08
7212.32
7213.65
7214.59
7224.74
7225.45
7226.93
7228.81
7228.96
7229.90
7230.29
7231.78
7239.61
7241.10
7241.41
7244.31
7245.41
7246.51
7255.37
7256.94
7257.57
7261.73
7269.36
7271.25
7272.82
7273.13
7275.42
7278.72
7280.69
7287.94
7301.20
7303.65
7314.01
7320.98
7323.04
7325.97
7331.68
7336.68
7343.91
7348.44
7353.37
7355.28
7364.12
7366.59
7368.02
7370.02
7371.53
7373.61
7377.04
7383.74
7385.42
7385.82
7391.90
7392.46
7395.18
7401.74
7402.30
7403.58
7405.51
7414.25
7418.34
7422.03
7431.03
7438.03
7438.51
7440.69
7444.07
7447.05
7459.39
7462.29
7470.78
7484.85
7485.99
7486.31
7486.55
7488.26
7493.36
7499.61
7502.45
7505.94
7507.73
7507.81
7508.38
7508.38
7525.37
7530.02
7532.79
7535.56
7539.07
7539.31
7540.29
7541.10
7553.27
7556.38
7561.29
7561.94
7592.44
7592.60
7597.04
7600.90
7606.58
7606.91
7610.61
7612.92
7619.02
7628.01
7634.61
7637.34
7641.14
7641.31
7644.53
7647.35
7648.26
7648.42
7649.83
7655.46
7657.78
7670.30
7678.69
7683.17
7696.15
7712.16
7714.08
7714.16
7717.17
7728.61
7735.39
7737.23
7739.24
7740.50
7756.85
7758.27
7759.45
7760.46
7788.97
7791.59
7791.59
7793.86
7799.60
7816.92
7819.54
7820.47
7821.32
7823.52
7828.68
7828.94
7833.34
7836.06
7847.43
7854.05
7863.15
7864.60
7875.92
7875.92
7878.05
7879.33
7889.23
7891.45
7891.79
7892.47
7911.88
7929.19
7931.33
7935.80
7943.36
7945.33
7951.79
7954.45
7956.43
7957.12
7962.12
7967.98
7969.96
7973.32
7974.10
7978.41
7982.73
7984.37
7986.36
7991.37
7992.07
7994.05
7996.04
8012.33
8012.85
8015.79
8017.79
8018.57
8020.48
8027.16
8030.47
8031.77
8034.64
8037.85
8038.03
8041.33
8042.90
8048.04
8054.22
8055.00
8055.61
8073.50
8081.28
8093.01
8099.49
8100.72
8105.19
8117.91
8119.85
8119.93
8120.64
8121.51
8122.39
8125.38
8128.81
8128.90
8129.08
8138.40
8139.99
8143.42
8145.72
8166.10
8166.28
8167.07
8170.96
8174.76
8190.61
8193.62
8195.04
8212.00
8212.62
8213.24
8215.02
8219.02
8230.23
8236.91
8238.87
8240.57
8244.49
8246.81
8249.13
8251.01
8258.24
8266.02
8274.43
8277.56
8288.50
8289.48
8294.42
8301.87
8302.86
8310.14
8311.85
8313.20
8316.97
8327.87
8328.32
8329.22
8332.02
8340.86
8346.54
8346.54
8348.44
8349.88
8353.50
8354.49
8356.93
8361.19
8361.64
8362.63
8395.82
8405.27
8413.37
8414.46
8425.75
8427.21
8441.27
8463.12
8467.80
8470.82
8476.50
8488.71
8489.90
8491.19
8498.45
8504.89
8523.59
8528.85
8532.45
8540.02
8543.53
8546.22
8552.97
8560.38
8561.21
8561.49
8561.95
8565.38
8588.02
8592.95
8596.76
8617.99
8635.82
8638.81
8643.21
8654.62
8665.21
8667.84
8700.82
8703.83
8711.74
8715.89
8722.78
8734.11
8736.10
8747.26
8759.57
8761.75
8764.31
8768.10
8769.43
8771.71
8772.47
8772.75
8775.41
8776.55
8782.44
8785.29
8793.85
8794.42
8811.76
8817.10
8821.30
8826.45
8826.93
8828.65
8829.70
8831.80
8834.57
8840.50
8871.93
8875.29
8875.77
8879.42
8882.40
8885.77
8891.92
8903.38
8903.76
8905.21
8914.85
8922.86
8929.52
8929.81
8933.77
8934.16
8938.70
8940.74
8942.09
8946.54
8946.93
8950.61
8953.90
8957.78
8957.97
8964.27
8971.16
8973.30
8979.61
8996.44
8998.77
9004.52
9009.10
9013.39
9023.24
9033.11
9041.03
9051.60
9054.05
9064.34
9072.19
9072.39
9072.49
9079.75
9087.32
9097.65
9103.07
9104.64
9105.53
9130.19
9130.78
9143.14
9147.10
9152.45
9152.94
9157.89
9161.56
9163.84
9165.13
9176.74
9183.20
9204.68
9214.75
9218.24
9221.93
9224.52
9237.91
9243.11
9259.82
9279.68
9289.12
9292.14
9300.29
9302.00
9306.83
9328.20
9336.18
9338.40
9351.95
9356.20
9357.62
9374.54
9384.59
9385.50
9386.62
9388.14
9419.99
9423.87
9424.68
9428.76
9440.30
9444.38
9447.96
9467.09
9508.26
9529.78
9531.74
9535.35
9536.70
9537.52
9539.07
9548.57
9569.46
9576.09
9577.23
9587.60
9603.59
9612.53
9630.75
9635.44
9653.80
9662.79
9669.06
9684.56
9689.17
9691.16
9700.18
9724.88
9739.20
9740.57
9740.99
9746.47
9751.01
9757.24
9780.07
9817.60
9824.08
9826.53
9835.25
9846.21
9860.50
9869.15
9873.10
9886.89
9895.56
9915.60
9941.16
9943.64
9958.61
9968.85
9984.39
9993.04
10000.82
10003.31
10055.40
10067.59
10070.10
10072.71
10082.53
10084.06
10084.38
10114.65
10120.56
10124.18
10124.72
10128.34
10131.85
10145.01
10149.07
10151.05
10169.74
10171.83
10178.33
10184.60
10193.42
10200.71
10223.91
10256.04
10266.59
10273.48
10286.38
10302.86
10312.01
10317.92
10321.94
10349.57
10368.84
10375.47
10376.03
10384.11
10394.91
10403.34
10412.58
10425.09
10425.43
10441.35
10449.94
10456.72
10459.55
10489.81
10491.85
10501.96
10540.10
10551.51
10582.61
10583.29
10583.41
10588.56
10603.35
10626.21
10629.89
10631.38
10639.67
10647.04
10649.23
10668.95
10672.18
10678.19
10679.34
10679.57
10679.57
10688.47
10702.59
10703.05
10711.16
10724.27
10734.95
10746.92
10749.59
10755.76
10764.03
10764.72
10800.19
10802.18
10815.16
10830.50
10836.59
10841.05
10843.63
10854.31
10862.65
10885.48
10890.07
10902.81
10906.11
10907.64
10914.85
10927.61
10929.50
10931.98
10934.70
10945.36
10968.12
10969.42
11009.26
11033.22
11033.34
11035.49
11037.40
11038.24
11049.95
11065.86
11075.33
11082.52
11089.23
11091.51
11105.20
11105.44
11113.74
11119.75
11121.80
11143.12
11146.49
11146.61
11164.60
11166.65
11171.37
11196.17
11250.70
11282.02
11282.63
11308.79
11323.24
11340.16
11360.05
11361.16
11366.32
11373.70
11374.93
11379.24
11402.91
11412.90
11414.51
11436.64
11441.09
11474.07
11479.53
11494.20
11500.42
11507.14
11510.25
11527.20
11529.82
11546.30
11549.17
11551.30
11553.17
11561.43
11567.31
11569.69
11577.45
11577.82
11609.44
11619.49
11633.58
11636.35
11645.29
11646.05
11688.46
11697.82
11704.91
11742.84
11784.72
11807.18
11823.03
11841.72
11873.67
11883.05
11889.10
11904.54
11911.76
11928.91
11931.62
11964.20
11970.03
11978.19
11992.58
11996.35
11997.12
12001.02
12040.43
12044.73
12070.56
12075.13
12084.15
12097.23
12113.47
12172.73
12176.55
12200.55
12209.66
12229.36
12238.49
12241.28
12246.18
12247.24
12260.76
12270.85
12294.64
12305.95
12323.40
12341.68
12372.30
12372.70
12409.17
12434.97
12443.86
12446.95
12457.73
12479.86
12488.77
12491.21
12530.33
12535.61
12544.57
12584.26
12588.76
12593.94
12594.48
12594.89
12603.61
12608.52
12630.64
12667.73
12673.63
12695.72
12696.96
12698.61
12712.63
12743.76
12799.31
12809.00
12818.29
12825.65
12841.20
12853.99
12871.52
12928.61
12938.40
12950.45
12951.57
12959.14
12990.58
12996.91
13015.49
13016.19
13035.22
13043.40
13052.58
13068.55
13070.81
13109.05
13112.31
13144.98
13148.68
13158.36
13163.20
13170.04
13220.58
13247.64
13265.00
13270.16
13303.23
13307.26
13380.46
13383.35
13385.38
13387.41
13389.44
13395.96
13421.20
13434.42
13449.11
13462.80
13465.42
13478.10
13494.01
13519.43
13528.80
13539.05
13539.49
13541.54
13543.88
13559.43
13576.60
13606.46
13623.40
13675.23
13714.94
13717.62
13752.09
13754.62
13771.45
13818.91
13838.66
13846.15
13879.15
13885.31
13904.85
13909.52
13912.98
13934.37
13971.81
14009.05
14034.54
14037.12
14042.59
14043.20
14044.56
14048.52
14077.73
14098.61
14104.26
14105.17
14167.12
14183.68
14204.26
14247.98
14317.52
14322.63
14337.83
14349.62
14378.37
14390.05
14399.55
14405.78
14440.74
14447.61
14459.97
14465.44
14467.32
14490.35
14509.65
14537.93
14559.66
14576.52
14611.42
14626.13
14697.04
14718.04
14748.33
14842.62
14849.37
14873.65
14893.30
14984.13
14984.62
14988.84
15000.84
15050.10
15118.98
15127.48
15157.96
15179.95
15197.21
15214.48
15231.78
15234.25
15254.87
15292.21
15319.04
15341.43
15373.34
15376.00
15431.33
15435.34
15451.05
15469.78
15534.02
15544.95
15554.54
15620.65
15732.60
15740.26
15807.50
15891.71
15991.57
15994.17
15996.42
16003.86
16019.46
16040.09
16069.45
16071.19
16103.22
16137.75
16213.36
16227.05
16241.10
16253.93
16267.30
16297.25
16360.15
16390.09
16418.13
16419.91
16463.67
16484.17
16487.92
16490.77
16507.37
16563.91
16614.53
16661.33
16661.51
16679.37
16695.44
16772.39
16777.11
16785.46
16839.67
16861.00
16891.49
16939.08
16981.28
17008.13
17013.65
17016.97
17027.28
17031.70
17039.44
17045.71
17085.23
17102.61
17128.35
17193.15
17202.08
17212.70
17275.39
17276.13
17278.56
17297.64
17345.43
17400.51
17446.70
17451.98
17490.55
17540.39
17593.61
17601.22
17608.65
17716.24
17771.73
17785.00
17855.76
17971.28
18001.64
18010.80
18015.67
18053.72
18081.48
18114.57
18123.79
18156.37
18167.57
18194.12
18263.35
18489.42
18652.37
18652.57
18657.62
18669.94
18735.91
18750.31
18794.18
18808.62
18811.67
18843.66
18937.68
19012.41
19072.78
19149.08
19155.92
19258.58
19305.31
19339.81
19463.87
19504.77
19558.66
19642.85
19737.66
19760.52
19772.92
19915.06
19927.78
19965.98
20025.04
20118.64
20275.54
20370.54
20530.74
20550.52
20565.86
20572.99
20640.10
20816.38
20978.95
21164.07
21196.61
21505.71
21897.59
22111.15
22166.00
22183.04
22236.38
22312.30
22489.72
22523.56
22654.08
22726.75
22830.01
22904.73
22977.21
23016.03
23314.29
23368.58
23581.18
23809.35
23813.73
23829.71
23870.74
24064.19
24117.11
24170.40
24223.54
24229.05
24355.47
24414.57
24420.91
24502.70
24684.71
24777.56
24875.34
25036.27
25386.79
25452.52
25614.41
25738.59
26214.70
26656.60
26776.85
27697.41
27856.39
27955.43
28064.23
28432.52
28772.94
28803.77
29200.09
29250.68
29673.69
29804.97
30129.21
30400.34
30629.48
30724.74
31256.19
32273.77
33143.25
33310.78
33866.07
33918.14
34446.64
34616.27
35481.22
37830.31
38310.60
42212.45
44160.15
