6.77
9.26
10.01
10.48
11.53
12.66
12.76
14.41
16.18
17.13
17.50
17.70
18.59
18.73
18.93
20.02
20.55
21.38
21.47
22.41
22.74
22.82
23.12
23.17
23.17
23.27
23.47
23.67
24.20
24.51
24.99
25.16
25.50
25.58
25.81
27.63
27.72
27.72
28.13
28.53
28.74
30.13
30.87
31.74
32.08
32.11
32.70
32.86
32.95
33.05
33.05
33.19
34.23
34.26
34.53
34.79
34.94
34.97
35.11
35.17
35.27
35.30
36.00
36.29
36.34
36.82
37.46
37.51
38.55
39.17
39.33
39.35
40.15
40.62
41.53
41.79
41.86
42.10
42.25
42.72
43.13
43.24
43.48
43.57
43.72
44.22
44.45
44.83
44.88
45.01
45.31
45.85
46.17
46.32
46.43
46.52
46.86
48.14
48.21
48.36
48.91
48.91
49.32
49.49
49.59
49.81
49.86
49.97
50.39
50.56
50.69
51.10
51.12
51.21
51.46
51.56
51.58
51.67
51.71
51.95
52.57
52.91
53.59
53.61
53.79
54.29
54.41
54.82
54.99
55.06
55.24
55.28
55.99
56.07
56.33
56.69
56.69
57.24
58.01
58.07
58.20
58.74
58.95
59.01
59.07
59.52
59.58
59.68
60.04
60.40
60.59
61.23
61.66
61.82
61.95
62.27
62.93
63.14
63.18
63.21
63.80
64.08
64.30
65.14
65.34
65.86
65.98
66.11
66.48
66.78
66.96
67.00
67.05
67.07
67.09
67.12
67.43
67.59
67.96
68.32
68.40
69.22
70.99
71.06
71.11
71.89
72.26
72.72
73.06
73.19
73.50
73.60
74.37
74.83
74.90
75.24
75.58
75.63
75.73
75.82
76.18
77.00
77.12
77.91
77.94
77.94
77.97
78.14
78.21
78.56
79.38
80.63
80.63
81.25
81.30
81.46
81.48
81.76
81.86
82.45
82.49
82.82
83.07
83.48
83.63
83.73
84.44
84.58
85.03
85.38
85.79
85.82
86.17
86.47
87.22
87.80
89.56
89.58
90.40
90.43
90.62
90.77
90.90
91.15
91.16
91.17
91.44
92.63
92.72
92.75
92.77
93.17
93.28
93.32
93.39
93.47
93.74
93.97
94.10
94.18
94.33
94.65
95.52
95.75
95.85
95.93
96.59
97.09
97.30
97.44
97.74
98.69
98.74
99.65
100.29
100.78
100.98
101.11
101.15
101.54
101.90
101.97
102.09
102.24
102.26
102.33
102.64
102.69
102.77
102.90
102.90
103.06
103.23
103.51
103.59
103.86
104.42
104.47
104.69
105.09
105.30
105.67
105.86
106.01
106.57
106.82
107.28
107.63
107.65
107.79
108.07
108.17
108.26
108.33
108.46
108.61
108.95
108.97
109.61
109.81
109.86
110.21
110.79
111.17
111.47
112.58
112.67
113.75
113.95
114.50
114.72
115.23
115.56
115.75
116.24
116.32
116.34
116.54
116.68
117.31
117.98
117.98
118.04
118.39
118.53
118.57
118.85
119.02
119.16
119.87
120.15
120.53
120.63
120.77
121.33
121.96
122.05
122.28
122.90
123.06
123.19
124.25
125.00
125.31
125.91
126.74
126.89
127.34
127.53
127.89
128.00
128.10
128.14
128.38
128.98
129.53
130.62
130.63
130.70
131.12
131.15
131.38
131.41
131.43
131.45
131.56
131.99
132.36
132.39
133.23
133.26
133.37
133.38
133.93
133.94
134.64
134.95
135.53
135.76
135.78
136.02
136.13
136.67
136.69
136.88
137.49
137.50
137.74
138.88
138.90
139.62
139.67
140.45
140.82
140.87
141.14
141.48
142.37
142.39
142.48
142.48
142.76
142.85
143.25
143.66
143.79
144.11
144.18
144.26
144.74
144.96
145.54
145.63
145.79
145.85
145.86
145.91
147.22
147.37
147.71
147.85
147.87
148.30
148.66
149.60
149.94
150.54
150.60
150.86
151.16
151.21
151.35
152.49
153.03
153.05
153.40
153.59
153.79
153.80
153.85
153.94
154.21
154.30
154.94
154.96
155.49
155.97
156.15
156.25
156.36
156.98
157.54
157.95
158.67
158.78
158.78
159.29
159.82
159.93
160.23
160.93
161.05
161.11
161.21
161.40
161.45
161.48
161.52
161.71
161.79
162.48
162.56
162.80
163.20
163.30
163.71
163.79
164.17
164.28
164.68
164.74
165.17
165.79
165.92
166.24
166.66
167.41
167.41
167.42
168.40
168.52
168.83
168.90
169.20
169.34
169.55
169.67
169.81
169.88
170.07
170.34
170.63
171.12
171.21
171.86
172.25
172.28
173.04
173.22
174.28
175.46
175.62
175.83
176.57
176.58
176.67
176.88
177.32
178.17
178.48
178.71
179.30
179.34
179.50
179.76
179.84
179.88
180.22
180.25
180.43
180.83
180.99
181.00
181.97
182.21
182.29
182.42
182.44
182.62
182.99
183.22
183.27
184.28
184.94
185.08
185.14
185.45
186.15
187.22
187.29
187.54
187.59
187.91
188.06
188.38
188.49
188.60
188.62
188.83
189.44
189.49
189.70
190.02
190.18
190.40
190.48
190.53
191.18
191.28
191.51
191.87
192.18
192.46
192.54
193.08
193.12
193.42
193.44
193.65
194.07
195.16
195.88
196.27
196.36
196.37
196.46
196.48
196.74
196.81
196.86
196.86
197.58
198.04
198.24
198.70
198.78
199.00
199.22
200.05
200.62
200.72
200.80
201.37
201.69
202.08
202.28
202.66
202.74
202.79
202.87
203.05
203.23
204.18
204.72
205.21
205.29
205.51
206.15
206.33
206.87
207.27
207.43
207.47
207.49
208.27
208.37
208.75
209.01
209.36
209.36
209.40
209.63
210.03
210.14
211.62
211.65
211.69
212.16
212.72
212.81
213.34
213.55
213.64
213.94
214.08
214.37
214.37
214.50
214.50
214.56
214.85
215.45
215.89
215.92
216.14
217.32
218.50
218.56
219.09
219.54
220.29
220.48
220.81
220.98
221.47
222.22
222.22
222.25
223.21
223.35
223.50
223.94
224.03
224.25
224.27
224.59
224.94
225.14
225.83
226.31
226.36
226.37
226.73
226.86
227.22
227.64
227.90
227.91
227.96
228.01
228.47
228.81
230.59
231.33
231.49
231.49
232.35
232.70
233.24
233.61
233.65
233.66
234.12
234.83
234.98
235.75
235.93
236.05
236.44
236.53
236.59
237.21
237.68
237.69
237.97
238.08
238.37
238.93
239.18
239.47
239.47
240.38
241.38
241.66
241.97
242.63
242.80
243.27
243.30
243.40
243.49
243.67
243.74
243.84
243.88
243.98
244.32
244.57
245.94
246.29
246.35
246.36
246.41
247.09
247.13
247.86
248.11
248.38
248.47
250.14
250.62
250.70
250.78
250.91
250.94
251.12
251.22
251.45
251.60
251.92
252.30
252.66
252.67
252.92
253.05
253.77
255.12
255.85
256.47
257.38
257.53
258.27
258.81
258.84
259.03
259.54
259.71
259.88
261.26
262.11
262.18
262.72
263.17
263.67
264.44
265.34
265.38
265.92
266.64
266.97
267.04
267.05
267.28
267.47
267.93
268.10
268.38
268.45
268.56
268.64
269.26
269.34
269.79
271.28
271.49
272.00
272.57
272.70
272.80
273.08
273.77
274.17
274.43
274.65
274.76
275.26
275.45
275.57
275.70
276.38
276.71
276.81
277.46
277.67
278.64
278.87
279.40
279.42
279.48
279.99
280.19
280.31
280.37
280.49
280.66
280.78
281.52
282.44
282.71
283.60
283.61
284.24
284.43
285.59
286.01
286.22
286.35
286.91
287.20
287.70
288.37
288.47
288.88
290.55
290.75
291.70
291.72
292.60
292.67
292.74
292.81
292.86
293.25
293.48
293.50
293.60
293.84
294.23
294.49
294.59
294.62
294.86
295.07
295.28
295.41
295.95
296.07
296.54
296.72
296.87
297.17
297.94
298.62
298.70
298.81
298.97
299.05
299.30
299.49
299.98
300.86
300.90
301.12
301.22
301.31
301.74
301.81
302.59
302.72
302.85
302.98
303.45
303.87
304.44
304.60
304.94
305.27
305.38
305.44
306.27
306.48
306.51
306.93
307.15
307.44
307.51
307.68
307.77
308.11
308.83
309.15
309.25
309.34
309.92
311.06
311.14
311.28
311.76
312.79
313.07
313.30
313.40
314.00
314.51
315.59
315.69
316.70
316.79
317.01
317.48
318.76
319.05
319.36
319.39
319.41
319.54
320.79
321.03
321.06
321.33
321.42
321.88
322.20
322.90
323.32
325.18
325.33
325.95
326.80
327.59
327.68
327.88
327.93
328.14
328.34
328.68
329.47
330.24
330.70
330.72
331.15
331.59
331.75
332.07
333.12
333.38
333.67
334.76
334.84
334.84
335.35
335.60
335.63
335.90
335.90
336.24
336.36
336.77
337.47
337.87
337.90
338.00
340.34
341.11
341.17
342.48
342.55
343.12
343.15
345.12
345.45
345.88
345.96
345.99
346.40
349.57
350.27
350.41
351.17
351.55
351.63
351.88
351.97
352.12
352.14
352.19
352.83
353.12
353.89
354.03
355.29
356.32
356.83
356.93
356.93
356.98
357.65
357.70
358.37
358.87
358.93
359.10
359.11
359.83
359.95
359.99
360.38
360.55
361.21
361.25
361.75
362.16
362.59
362.86
363.17
363.30
363.33
363.43
363.76
363.96
364.35
366.81
367.13
367.50
367.75
367.84
368.23
368.67
369.01
370.01
370.06
370.26
370.32
372.12
372.58
372.76
373.07
373.70
374.29
374.43
374.47
374.83
375.07
375.21
375.65
376.19
376.54
377.23
377.76
377.80
378.25
378.57
379.28
379.72
380.59
381.19
381.27
381.39
382.02
382.17
382.74
383.57
383.99
384.22
384.31
384.37
385.25
385.75
386.11
386.39
386.63
387.28
388.04
388.20
388.68
389.41
389.44
389.87
390.86
391.58
392.15
392.43
392.45
392.66
392.88
393.03
393.06
393.13
393.47
393.79
393.83
394.68
394.91
395.42
395.93
396.20
396.58
396.65
396.89
397.19
397.39
398.79
398.86
399.21
399.47
400.00
400.09
400.19
400.38
400.82
400.88
401.95
401.97
402.46
403.59
403.60
404.60
405.42
405.62
405.67
407.02
407.61
407.84
408.06
408.25
408.44
409.55
409.55
409.99
410.03
410.57
410.86
411.12
411.36
411.73
412.10
412.73
412.80
414.11
414.54
414.55
414.68
415.25
415.51
415.52
415.57
415.71
415.77
415.83
416.20
417.22
417.86
418.04
418.06
418.32
418.93
419.08
419.29
419.50
419.65
420.07
420.73
421.15
421.27
421.45
421.96
423.08
423.47
424.14
424.59
424.84
425.78
426.38
426.66
427.25
427.42
427.62
427.72
428.03
428.13
428.43
428.52
428.56
429.11
429.29
429.54
431.11
431.11
431.17
431.19
431.32
431.82
432.05
433.00
434.30
434.54
435.95
436.10
436.16
436.17
436.22
436.33
436.56
436.58
436.61
436.86
438.69
439.01
439.09
439.32
439.46
439.47
439.74
439.80
439.82
440.01
440.13
440.13
440.25
441.23
441.28
441.76
441.85
441.91
442.23
442.61
442.99
443.86
444.23
444.23
444.60
445.48
445.89
446.58
447.01
447.65
448.11
448.35
448.81
449.31
449.42
449.49
449.55
450.13
450.18
450.40
450.67
450.72
451.66
451.73
452.40
452.82
453.73
454.52
455.36
455.80
456.38
456.83
458.52
459.53
459.94
460.35
460.62
462.60
463.08
463.81
463.98
464.09
465.25
465.76
465.78
466.13
466.26
468.15
468.67
469.44
469.52
469.77
469.86
470.14
470.39
470.68
471.18
471.95
472.45
472.46
472.74
472.81
472.95
473.35
473.38
473.41
474.23
474.36
474.38
474.77
475.06
475.26
475.82
475.98
475.99
476.43
477.26
477.46
477.94
477.94
478.63
478.65
479.09
479.96
480.28
480.34
480.52
480.62
481.01
481.23
482.36
482.88
483.04
483.15
483.18
483.27
483.29
483.53
483.84
484.91
485.02
485.44
485.68
485.82
486.25
486.62
486.70
486.90
488.51
488.92
488.94
488.97
489.86
490.04
491.35
492.04
493.46
493.80
494.16
494.23
494.33
494.80
495.21
496.37
497.19
497.97
498.68
498.88
499.06
499.38
499.81
500.70
501.37
501.38
501.43
502.29
502.59
503.36
503.42
504.04
504.86
505.30
505.46
505.99
506.22
506.78
507.08
507.13
507.35
507.73
507.73
508.78
509.00
509.09
509.72
509.82
510.07
510.57
510.86
511.08
511.35
511.97
512.33
512.46
512.52
512.57
513.08
513.12
513.21
513.94
514.32
514.47
514.48
514.57
514.93
515.30
516.18
516.77
516.88
517.22
517.74
517.85
517.85
518.41
518.42
519.21
519.34
519.38
519.85
520.77
521.13
521.31
521.48
521.93
522.12
522.56
522.69
523.56
523.81
524.14
524.36
524.39
524.63
525.12
526.04
526.60
527.35
528.05
528.82
529.23
530.94
531.43
531.63
531.88
532.83
532.88
532.94
533.15
533.25
533.67
534.09
534.22
534.81
535.10
535.19
535.30
535.46
535.55
535.64
538.40
538.69
539.12
539.46
539.48
539.83
540.18
541.25
541.41
541.63
542.95
543.71
543.91
544.19
544.58
545.30
545.81
546.56
547.39
547.70
547.99
548.15
549.07
550.90
550.95
551.15
551.91
552.06
552.14
553.13
555.20
555.28
555.56
555.77
556.19
556.45
556.67
556.73
556.86
556.97
557.80
558.10
558.28
558.60
559.36
559.37
560.82
561.13
561.15
561.52
561.61
561.94
562.06
563.49
563.51
563.62
563.75
563.86
566.31
567.74
567.85
567.95
569.43
569.58
569.88
570.59
570.91
570.93
572.34
572.81
573.22
573.28
573.46
574.20
575.25
576.00
576.23
576.54
576.61
576.71
576.78
576.94
577.02
577.49
578.18
578.63
578.74
579.80
581.53
582.52
582.54
583.45
583.49
583.94
584.52
585.74
585.84
586.60
587.11
587.18
587.27
587.38
587.82
588.79
589.62
589.64
589.82
590.08
590.27
590.57
590.64
591.45
593.30
594.55
594.84
594.97
595.13
595.14
595.45
595.95
596.05
596.28
597.06
597.53
597.68
598.71
598.98
599.39
600.12
602.12
602.14
602.57
602.74
602.92
603.02
603.32
604.00
604.76
605.15
605.20
606.10
606.73
606.80
607.19
608.05
608.26
608.32
608.86
609.69
610.03
610.20
610.47
610.49
610.60
611.50
612.44
612.47
612.62
614.24
614.37
614.56
616.84
617.45
618.07
618.99
619.50
619.72
620.02
620.12
621.06
621.21
621.42
621.85
622.67
622.69
623.15
624.05
625.02
625.75
625.77
626.33
626.62
627.21
628.75
630.31
630.49
630.55
630.91
630.99
632.69
633.75
634.13
635.24
635.75
636.21
636.40
637.30
638.47
638.57
639.84
640.14
640.17
640.61
641.29
642.03
642.14
642.47
643.57
643.68
645.34
645.83
645.91
645.91
646.05
647.15
648.87
649.62
649.64
652.18
652.23
652.47
652.89
652.91
653.40
654.32
654.32
654.63
654.85
656.46
657.24
657.62
658.01
658.33
659.21
659.43
659.76
660.22
660.73
661.21
662.04
662.16
662.54
662.97
663.23
663.65
663.96
664.01
664.60
665.15
665.27
665.39
665.71
665.81
666.05
666.49
667.28
667.32
667.34
667.85
668.52
668.94
669.47
670.16
670.45
670.55
670.69
670.90
671.86
671.88
672.41
672.55
673.03
673.05
673.38
673.80
673.83
674.30
675.32
675.43
675.46
675.71
675.80
676.09
678.68
679.16
679.75
680.52
681.86
681.96
682.32
682.83
684.16
684.31
684.82
685.43
687.09
687.56
687.77
687.94
688.83
689.51
689.64
690.24
690.32
691.18
692.23
693.79
694.52
695.46
695.74
696.20
696.41
697.11
698.31
698.56
699.69
699.74
700.04
702.42
702.51
703.18
703.50
705.43
705.71
705.73
705.94
706.64
708.65
709.80
710.07
710.68
712.06
712.15
712.31
712.72
713.30
713.35
713.49
714.06
714.83
714.92
715.11
716.31
716.56
716.83
717.40
718.26
718.60
719.46
720.40
720.50
721.13
722.71
723.20
723.58
723.68
723.94
724.50
726.18
726.37
727.47
727.87
728.62
728.67
728.81
729.70
730.26
730.78
730.85
730.97
731.79
732.09
732.86
733.60
733.90
734.53
734.55
735.52
735.52
735.75
736.24
736.84
736.93
737.01
737.77
738.16
738.24
738.87
738.91
739.59
741.55
742.10
742.36
742.38
746.19
746.38
748.27
748.34
748.40
748.44
748.45
748.81
750.47
751.17
751.81
752.01
752.05
752.19
752.40
753.81
754.07
754.39
755.45
755.83
755.98
756.07
756.46
756.51
757.84
760.01
760.16
760.50
761.07
761.12
761.29
761.78
762.23
762.24
763.14
764.01
764.16
764.38
765.58
766.55
767.08
767.29
768.55
769.25
769.52
769.65
770.09
770.20
770.26
771.05
771.40
771.55
772.37
772.92
772.97
773.28
773.65
773.81
774.05
774.62
774.79
776.92
777.25
778.29
779.03
779.48
780.14
781.82
782.04
782.26
782.53
782.93
783.06
783.31
783.45
783.66
784.42
784.65
784.94
787.61
787.76
788.24
788.46
789.06
789.15
789.33
789.64
789.85
790.60
790.65
790.84
791.60
791.79
791.92
792.22
792.24
792.47
793.06
795.28
796.45
796.78
797.40
797.86
797.91
797.99
798.29
798.93
800.63
800.66
802.29
802.83
804.10
804.63
805.35
805.80
805.89
806.05
807.20
807.29
807.30
807.64
807.80
807.98
807.98
808.89
809.84
809.99
810.04
810.68
810.73
811.87
812.04
812.13
812.97
813.04
813.04
813.16
813.20
813.51
813.62
813.76
815.29
815.77
816.85
818.25
819.43
819.63
820.10
821.15
821.64
822.31
823.19
823.52
823.63
824.45
825.04
825.20
825.30
826.54
827.48
828.42
828.55
829.85
830.21
833.66
833.81
833.98
834.10
835.38
835.45
836.30
836.40
836.62
838.63
838.81
839.56
840.71
841.07
841.15
841.17
841.44
841.77
841.90
843.16
844.33
845.18
845.54
845.82
846.77
847.37
847.66
848.36
848.56
849.48
850.21
850.25
850.26
850.55
850.71
851.40
851.61
852.32
852.36
852.48
852.55
852.90
853.91
854.13
854.96
855.73
856.14
856.41
856.87
857.51
857.66
857.93
858.51
859.28
862.13
862.61
863.65
863.72
864.44
864.67
865.72
866.15
866.55
867.20
867.58
868.07
868.77
870.00
870.38
870.44
872.06
872.07
872.41
872.51
873.28
874.67
875.50
875.55
875.81
875.90
875.92
876.59
877.03
879.56
879.87
880.49
881.51
881.88
883.31
883.41
884.01
884.64
884.68
886.15
887.41
888.37
890.69
892.41
893.59
893.65
894.45
894.81
896.20
896.31
897.35
897.69
898.42
898.48
898.57
898.66
898.88
898.96
899.32
899.66
901.40
901.86
902.43
902.64
903.17
903.57
904.35
904.54
904.83
906.35
906.66
906.95
907.45
908.07
908.86
909.53
909.62
910.19
910.49
911.14
912.24
912.71
913.15
914.50
914.66
914.72
915.51
916.42
916.48
916.73
917.80
918.41
918.81
919.07
919.10
919.24
920.44
920.66
921.02
921.50
921.95
923.19
923.65
925.76
926.21
926.51
926.52
926.59
927.01
927.76
928.28
928.35
929.08
929.22
929.23
929.53
930.80
932.86
932.99
933.49
933.67
933.99
934.21
934.33
934.58
936.59
937.02
937.23
937.84
938.25
938.36
938.80
938.99
939.83
940.69
941.30
942.26
942.79
942.90
943.82
945.86
945.90
946.07
947.28
948.43
949.11
950.10
950.88
951.62
952.27
952.74
953.67
954.07
954.20
954.46
954.68
954.73
954.74
954.94
955.71
955.83
955.98
956.68
957.74
959.24
959.59
959.96
960.15
960.31
961.34
961.54
961.85
962.35
962.39
963.67
963.97
964.02
965.76
967.39
967.95
968.44
969.26
969.93
971.66
971.67
971.77
971.88
972.67
972.73
973.43
973.45
973.47
973.83
975.89
975.97
976.21
976.70
978.37
978.80
979.44
979.65
980.96
982.73
984.18
985.41
986.08
986.76
987.72
989.24
989.44
990.10
990.29
990.68
991.72
992.23
992.34
993.05
993.39
993.98
994.40
994.96
995.26
996.65
996.69
996.71
997.00
997.97
998.06
998.14
998.31
998.87
999.03
999.81
1000.29
1000.40
1000.58
1001.80
1003.45
1003.47
1004.10
1005.52
1005.96
1006.09
1006.64
1006.68
1006.79
1006.96
1008.53
1011.43
1012.31
1012.97
1013.20
1013.47
1014.23
1015.35
1016.65
1017.06
1017.76
1018.10
1019.48
1020.35
1021.10
1021.30
1021.62
1023.36
1023.70
1023.88
1025.78
1026.59
1027.21
1027.80
1028.15
1028.30
1028.31
1028.78
1028.88
1028.91
1029.45
1030.43
1031.89
1032.51
1032.57
1034.12
1034.22
1034.39
1035.92
1038.34
1038.38
1039.05
1039.59
1041.61
1041.66
1041.67
1044.39
1044.73
1045.48
1046.55
1046.96
1048.83
1050.43
1051.52
1051.99
1052.42
1052.71
1052.91
1054.39
1055.74
1055.87
1056.84
1058.81
1060.95
1061.40
1062.10
1063.88
1067.29
1067.79
1068.59
1069.43
1069.76
1069.90
1070.05
1071.15
1071.63
1072.76
1073.01
1073.10
1073.58
1074.09
1074.36
1074.45
1074.58
1075.92
1076.01
1076.03
1077.35
1078.54
1079.29
1079.58
1081.98
1082.51
1082.93
1083.42
1085.11
1085.24
1085.77
1087.57
1087.58
1087.75
1088.50
1088.88
1089.11
1089.73
1089.92
1090.35
1090.58
1091.27
1091.40
1092.77
1093.45
1094.05
1094.96
1095.05
1095.51
1096.23
1096.28
1097.08
1097.31
1097.79
1098.46
1098.83
1099.34
1101.72
1101.90
1103.07
1103.07
1103.15
1103.88
1104.33
1105.35
1108.50
1108.71
1109.70
1110.02
1111.03
1111.65
1111.66
1112.30
1112.32
1112.73
1116.06
1116.27
1117.23
1117.98
1120.16
1120.30
1120.70
1121.49
1122.50
1122.54
1123.08
1124.27
1125.27
1126.42
1127.15
1128.44
1130.26
1130.32
1132.04
1132.48
1132.87
1133.39
1133.54
1133.69
1136.84
1136.87
1138.46
1138.56
1139.14
1139.79
1139.83
1139.89
1140.03
1141.06
1141.59
1142.42
1142.78
1143.09
1144.62
1144.86
1146.94
1147.36
1147.91
1148.00
1148.90
1149.49
1149.53
1150.34
1151.56
1151.64
1153.28
1154.01
1155.92
1155.95
1156.49
1156.90
1157.00
1157.01
1157.51
1157.65
1157.88
1157.95
1158.86
1159.46
1159.53
1159.87
1160.13
1160.86
1160.96
1161.18
1161.27
1161.45
1162.31
1162.81
1163.23
1163.67
1164.12
1164.15
1166.18
1166.68
1166.86
1168.10
1168.30
1170.09
1170.70
1170.79
1171.63
1171.84
1174.11
1174.30
1174.48
1175.07
1176.25
1176.33
1177.19
1177.49
1178.73
1179.09
1179.83
1179.97
1180.71
1181.80
1183.94
1184.86
1185.47
1185.54
1186.57
1188.03
1189.02
1189.08
1190.36
1190.66
1190.69
1190.75
1190.81
1190.89
1191.07
1191.62
1192.41
1192.94
1193.22
1193.44
1193.87
1194.20
1195.13
1195.77
1195.79
1197.09
1197.90
1198.02
1198.24
1200.46
1200.50
1200.53
1200.97
1201.27
1202.07
1202.11
1202.29
1202.54
1203.37
1204.92
1206.29
1206.36
1206.44
1206.96
1207.80
1209.56
1209.91
1210.29
1210.58
1212.81
1213.31
1213.52
1215.32
1216.40
1216.69
1217.27
1217.41
1218.77
1218.78
1219.55
1219.94
1220.91
1221.26
1222.30
1222.93
1223.00
1223.74
1224.56
1225.92
1226.54
1227.74
1228.12
1228.17
1228.23
1228.26
1228.34
1228.41
1228.69
1228.78
1229.44
1229.58
1229.86
1230.24
1231.06
1231.63
1233.32
1233.48
1233.52
1233.64
1234.36
1235.61
1235.83
1236.76
1237.30
1237.45
1238.00
1239.07
1239.13
1239.77
1240.64
1240.74
1240.99
1241.91
1242.08
1244.70
1245.08
1245.19
1245.84
1247.59
1247.71
1247.98
1248.16
1248.40
1251.63
1254.19
1255.27
1255.40
1255.81
1256.64
1257.85
1260.22
1260.25
1261.46
1261.58
1261.98
1262.62
1262.62
1264.80
1265.49
1266.04
1266.49
1266.59
1266.90
1267.86
1267.89
1268.58
1271.23
1271.31
1271.85
1272.08
1272.66
1272.85
1272.99
1273.01
1274.19
1274.26
1274.62
1275.29
1277.32
1277.45
1277.72
1278.40
1278.75
1281.01
1282.07
1282.75
1284.06
1285.38
1285.55
1285.80
1287.65
1287.93
1288.05
1288.67
1288.74
1289.36
1290.26
1290.41
1291.36
1292.14
1292.79
1294.46
1295.53
1295.88
1299.21
1299.54
1299.66
1300.23
1300.83
1301.37
1302.02
1302.06
1302.26
1304.09
1305.03
1305.41
1305.97
1305.99
1306.74
1306.78
1307.98
1309.11
1311.08
1311.10
1312.26
1313.23
1313.43
1313.85
1314.07
1314.69
1316.03
1316.39
1319.79
1322.75
1322.84
1326.58
1327.00
1327.23
1327.30
1327.79
1327.90
1328.82
1330.66
1331.09
1331.74
1331.89
1331.89
1332.25
1333.40
1333.80
1334.01
1335.32
1335.65
1336.04
1336.14
1336.22
1336.23
1336.97
1338.10
1338.95
1339.08
1339.98
1341.30
1341.46
1341.82
1341.93
1343.58
1343.77
1345.62
1345.88
1346.14
1346.65
1346.93
1347.15
1347.22
1348.15
1348.83
1348.84
1349.04
1350.74
1351.59
1352.90
1355.07
1355.32
1356.22
1357.24
1357.55
1358.15
1358.76
1359.62
1360.17
1360.45
1360.62
1361.88
1362.23
1364.21
1365.24
1365.64
1365.77
1367.75
1368.17
1368.61
1368.63
1369.26
1370.55
1371.70
1372.19
1372.25
1372.26
1372.50
1373.60
1374.33
1374.67
1375.14
1375.89
1376.13
1376.19
1376.59
1376.80
1376.96
1377.56
1378.09
1378.36
1378.94
1379.41
1381.51
1383.19
1384.09
1384.59
1385.18
1388.09
1391.44
1391.89
1392.00
1392.21
1392.24
1392.60
1393.58
1393.63
1394.12
1394.29
1395.03
1395.20
1396.09
1397.24
1397.39
1398.37
1398.39
1399.54
1400.76
1401.35
1401.82
1402.28
1402.35
1402.60
1403.28
1404.95
1407.05
1407.19
1407.43
1409.72
1410.34
1410.94
1411.53
1413.57
1413.61
1415.10
1415.59
1415.74
1417.93
1420.45
1421.57
1421.76
1423.13
1423.33
1424.41
1424.95
1424.96
1425.73
1425.93
1426.10
1426.13
1427.17
1428.16
1428.60
1428.93
1428.96
1430.77
1430.97
1431.70
1432.01
1433.12
1433.39
1436.54
1436.56
1437.57
1439.09
1439.62
1440.07
1440.71
1441.24
1441.57
1442.71
1442.85
1446.10
1446.77
1450.83
1450.97
1451.35
1451.37
1451.65
1452.50
1452.56
1452.86
1453.83
1454.73
1457.06
1457.22
1458.39
1458.53
1459.00
1459.33
1459.82
1461.85
1462.43
1463.90
1463.94
1464.49
1464.49
1464.60
1464.62
1464.67
1464.86
1465.68
1465.73
1466.31
1467.14
1467.93
1469.09
1469.68
1471.21
1471.93
1473.69
1474.59
1474.68
1474.68
1475.85
1477.78
1478.69
1479.64
1479.65
1479.73
1480.79
1482.60
1482.65
1483.69
1483.79
1483.95
1484.32
1484.56
1486.86
1487.45
1489.45
1490.61
1490.64
1490.92
1491.15
1491.26
1491.40
1494.33
1494.62
1496.19
1497.06
1497.66
1497.77
1499.33
1500.45
1500.60
1501.30
1502.17
1503.16
1503.88
1505.33
1505.51
1507.46
1508.38
1508.44
1508.97
1509.10
1510.96
1512.69
1512.91
1513.61
1514.53
1514.63
1514.67
1514.74
1516.38
1517.45
1517.77
1518.40
1518.76
1519.60
1519.98
1522.33
1522.43
1523.34
1523.63
1524.11
1524.23
1524.89
1525.38
1526.12
1526.17
1526.32
1526.37
1526.93
1526.97
1528.44
1528.62
1528.75
1528.88
1530.04
1530.61
1532.16
1532.28
1534.24
1534.30
1534.75
1534.80
1535.32
1536.83
1538.04
1538.72
1539.47
1541.07
1543.33
1544.38
1547.00
1547.49
1547.81
1547.96
1548.60
1549.42
1549.53
1551.46
1553.68
1554.40
1554.74
1554.99
1557.06
1558.51
1558.80
1559.37
1559.39
1559.85
1560.28
1560.76
1561.57
1562.08
1563.16
1563.88
1565.14
1566.10
1566.90
1567.65
1567.83
1568.32
1571.01
1571.79
1571.82
1573.27
1574.70
1574.77
1577.65
1578.23
1578.30
1578.85
1578.95
1582.28
1582.47
1582.99
1583.43
1583.93
1584.75
1585.97
1586.00
1586.29
1587.14
1590.54
1591.42
1592.04
1592.12
1592.33
1593.47
1594.38
1595.35
1595.42
1596.97
1597.39
1597.58
1598.20
1600.14
1601.11
1602.79
1603.05
1603.08
1603.67
1603.92
1604.04
1604.64
1605.32
1605.83
1607.13
1608.05
1609.22
1609.58
1610.77
1611.59
1611.81
1611.81
1612.46
1612.83
1614.00
1614.27
1614.43
1614.69
1614.78
1616.20
1617.91
1620.63
1621.24
1621.31
1621.94
1624.75
1625.54
1626.55
1626.79
1627.53
1627.99
1629.21
1629.67
1629.82
1630.41
1630.81
1631.45
1632.12
1632.35
1633.66
1633.88
1634.36
1634.43
1637.34
1637.87
1638.58
1638.72
1640.24
1640.94
1642.68
1643.14
1643.81
1644.88
1645.17
1645.93
1646.97
1648.00
1648.96
1649.32
1649.46
1650.32
1650.86
1651.09
1651.18
1651.27
1651.68
1652.23
1652.95
1654.27
1654.50
1654.75
1655.36
1655.67
1656.35
1658.39
1658.75
1658.97
1659.07
1659.74
1660.56
1660.60
1662.00
1662.40
1663.48
1664.23
1664.85
1666.50
1667.97
1668.18
1668.99
1669.97
1670.51
1671.80
1672.56
1672.61
1675.25
1675.35
1676.78
1678.59
1678.67
1679.01
1679.94
1680.32
1681.61
1682.39
1682.98
1683.74
1684.63
1685.22
1685.91
1686.15
1686.37
1686.68
1687.35
1687.81
1688.08
1688.14
1689.00
1689.27
1692.40
1692.91
1693.30
1693.83
1694.05
1695.28
1695.90
1695.99
1696.80
1698.78
1700.12
1701.25
1701.39
1702.08
1702.13
1702.22
1703.75
1704.34
1705.32
1705.80
1708.96
1710.07
1710.25
1710.61
1714.94
1716.89
1717.54
1718.01
1718.15
1719.40
1719.44
1719.59
1719.74
1720.55
1721.58
1721.99
1724.19
1724.24
1724.51
1724.75
1724.75
1725.18
1727.18
1728.13
1728.48
1728.50
1728.82
1729.21
1731.46
1731.46
1732.10
1732.29
1732.79
1733.88
1734.12
1735.31
1735.74
1736.00
1737.18
1737.35
1737.67
1739.33
1740.06
1740.91
1741.44
1741.49
1741.61
1741.83
1743.17
1743.34
1743.62
1744.98
1745.44
1746.23
1747.40
1749.97
1750.09
1750.75
1750.86
1751.15
1753.25
1753.39
1756.08
1756.82
1756.90
1757.03
1757.09
1757.43
1759.70
1759.91
1760.53
1760.93
1762.63
1762.88
1763.66
1763.91
1764.56
1765.47
1766.79
1767.27
1767.48
1768.63
1771.35
1772.17
1772.27
1772.44
1773.55
1775.15
1775.22
1776.20
1776.63
1777.20
1778.47
1778.59
1779.99
1780.49
1780.67
1783.81
1785.41
1785.41
1786.38
1787.75
1788.82
1789.63
1791.80
1792.34
1792.44
1792.46
1793.35
1793.58
1794.40
1796.23
1796.83
1796.91
1796.98
1798.64
1800.37
1800.82
1800.99
1802.57
1803.00
1803.28
1804.06
1804.23
1807.08
1810.04
1810.53
1810.82
1812.29
1813.12
1814.78
1815.16
1815.31
1815.37
1815.92
1816.20
1816.45
1816.57
1817.02
1817.55
1819.05
1820.37
1820.80
1823.62
1824.15
1824.19
1824.29
1825.50
1825.62
1826.23
1826.76
1827.55
1828.40
1829.53
1831.10
1831.67
1832.50
1833.20
1834.67
1838.66
1839.18
1842.46
1843.30
1844.60
1845.10
1845.46
1845.74
1846.19
1846.53
1846.71
1847.65
1848.21
1848.23
1849.79
1850.75
1851.62
1851.66
1851.86
1851.88
1852.00
1852.04
1852.80
1853.36
1853.74
1855.23
1857.25
1857.66
1858.24
1859.71
1860.17
1860.79
1861.84
1861.96
1864.42
1866.32
1868.28
1868.44
1869.43
1870.16
1871.56
1871.80
1872.59
1872.81
1874.74
1874.92
1875.00
1875.55
1878.13
1878.74
1878.88
1879.31
1879.88
1880.45
1880.92
1883.11
1883.46
1883.75
1884.62
1885.87
1886.11
1886.25
1886.30
1887.13
1889.48
1890.75
1891.61
1891.94
1892.20
1892.28
1893.60
1894.07
1894.99
1895.97
1896.73
1897.04
1897.39
1899.28
1899.48
1901.40
1901.48
1902.10
1904.30
1904.75
1907.15
1907.56
1908.26
1913.59
1913.74
1914.32
1915.17
1916.35
1918.51
1919.90
1920.77
1921.00
1921.04
1921.15
1921.60
1922.62
1922.87
1925.12
1925.14
1925.43
1926.08
1926.39
1926.39
1926.50
1926.81
1927.81
1928.29
1930.79
1931.50
1932.82
1933.28
1933.95
1934.12
1934.54
1936.13
1936.72
1937.93
1938.22
1938.41
1938.67
1945.54
1947.07
1949.69
1950.19
1950.72
1951.21
1951.71
1951.78
1952.43
1953.34
1953.62
1953.83
1953.87
1953.97
1954.36
1956.34
1956.47
1956.70
1958.48
1959.27
1959.63
1962.75
1963.77
1967.64
1967.83
1967.85
1969.34
1969.68
1970.02
1970.85
1974.76
1975.19
1975.51
1977.16
1977.31
1977.69
1979.00
1979.60
1980.22
1980.77
1981.05
1981.46
1982.23
1982.40
1982.85
1985.45
1986.63
1987.92
1990.85
1991.78
1992.86
1995.90
1996.52
1997.76
1997.95
1998.23
1998.53
2000.22
2003.95
2004.49
2005.64
2008.77
2010.18
2011.01
2011.99
2012.38
2013.60
2013.92
2015.97
2016.76
2016.85
2016.98
2017.28
2017.57
2017.61
2017.83
2019.01
2019.77
2019.97
2019.97
2022.24
2022.33
2022.44
2023.67
2025.02
2025.48
2027.48
2028.29
2028.38
2029.39
2029.61
2032.11
2032.47
2035.44
2039.91
2040.13
2041.57
2041.61
2043.76
2044.15
2044.75
2045.06
2045.86
2046.06
2048.05
2049.38
2049.40
2052.09
2053.46
2055.49
2057.04
2057.36
2057.89
2058.45
2060.32
2061.08
2062.42
2064.98
2065.99
2070.06
2070.73
2072.98
2073.67
2073.72
2077.51
2079.49
2080.82
2080.98
2081.47
2083.09
2084.83
2085.14
2085.57
2085.64
2090.43
2092.49
2093.24
2095.32
2097.55
2097.98
2098.48
2098.63
2100.38
2100.45
2101.70
2101.77
2102.07
2102.45
2102.54
2103.77
2104.68
2105.37
2105.62
2106.14
2106.55
2109.24
2109.72
2109.95
2110.45
2110.86
2111.75
2114.70
2115.41
2115.73
2115.78
2116.19
2116.54
2117.11
2117.63
2117.66
2117.82
2117.98
2120.43
2122.11
2122.73
2123.00
2124.40
2125.09
2127.21
2127.21
2128.02
2130.11
2130.25
2130.87
2131.04
2131.13
2131.77
2133.09
2133.43
2136.39
2137.43
2137.92
2138.89
2139.86
2140.74
2141.07
2141.60
2142.62
2142.92
2143.31
2144.08
2145.84
2146.47
2146.63
2151.12
2151.19
2151.45
2152.14
2152.82
2153.08
2153.82
2154.10
2155.08
2157.41
2158.44
2158.79
2158.98
2161.03
2161.22
2163.16
2163.72
2166.82
2167.61
2169.98
2170.76
2175.11
2177.23
2178.05
2178.31
2179.44
2180.10
2180.39
2181.52
2181.61
2181.99
2182.82
2183.05
2183.29
2185.28
2185.63
2185.65
2185.87
2186.10
2186.58
2187.69
2189.25
2189.92
2190.13
2190.25
2190.27
2190.84
2193.00
2195.16
2195.37
2195.40
2196.51
2196.77
2198.27
2198.60
2199.63
2200.70
2201.13
2201.18
2201.44
2201.65
2201.87
2202.08
2202.51
2203.30
2205.30
2207.40
2207.54
2208.24
2208.48
2208.67
2211.37
2213.33
2213.83
2214.05
2216.69
2218.08
2219.30
2220.17
2223.17
2225.53
2225.53
2225.55
2225.65
2225.87
2226.11
2227.96
2228.49
2229.75
2229.82
2229.82
2229.92
2230.06
2230.16
2230.18
2231.70
2232.93
2233.35
2233.78
2235.50
2236.13
2237.24
2238.26
2238.74
2240.70
2241.77
2241.87
2242.45
2243.37
2244.97
2245.87
2246.21
2247.11
2247.16
2248.18
2248.74
2249.28
2251.10
2251.15
2252.79
2253.13
2256.30
2258.18
2258.74
2260.82
2261.85
2262.24
2262.61
2263.36
2265.01
2265.23
2265.74
2266.08
2270.18
2271.34
2272.42
2272.47
2273.70
2274.31
2274.36
2274.53
2274.68
2274.76
2276.45
2277.19
2278.80
2281.26
2282.74
2283.71
2286.23
2287.44
2289.45
2290.17
2290.71
2290.88
2293.74
2294.13
2294.68
2294.93
2295.00
2296.47
2297.89
2298.73
2299.20
2300.22
2303.46
2311.13
2311.73
2312.48
2313.38
2314.35
2314.45
2314.83
2315.56
2316.53
2317.08
2319.67
2325.37
2326.93
2328.42
2329.20
2329.91
2330.46
2332.38
2332.45
2332.78
2332.86
2332.88
2333.56
2335.46
2336.62
2337.66
2337.78
2339.88
2341.33
2341.48
2341.81
2342.27
2342.49
2342.80
2342.87
2343.66
2343.66
2344.17
2344.95
2345.54
2345.59
2345.74
2346.25
2347.44
2347.62
2348.08
2348.43
2348.81
2348.86
2348.94
2349.52
2353.34
2353.65
2354.36
2355.68
2355.96
2356.76
2357.42
2357.85
2358.75
2358.75
2358.85
2360.97
2361.35
2361.68
2361.81
2362.17
2362.22
2363.47
2364.32
2372.77
2374.70
2374.70
2376.32
2378.07
2378.48
2379.48
2379.69
2380.15
2381.03
2382.11
2382.14
2382.50
2382.65
2383.37
2383.97
2384.64
2386.68
2388.67
2389.10
2389.42
2390.71
2390.94
2390.94
2392.08
2392.16
2392.96
2394.82
2396.59
2396.64
2396.85
2396.85
2397.26
2397.57
2398.87
2399.03
2400.90
2401.80
2404.59
2405.99
2406.54
2409.01
2409.14
2409.40
2411.07
2412.25
2412.95
2414.28
2416.77
2416.79
2416.79
2417.71
2417.89
2421.82
2422.82
2424.31
2424.86
2427.41
2430.40
2430.82
2431.64
2431.74
2432.09
2432.30
2432.43
2434.93
2435.12
2436.33
2436.85
2440.13
2442.29
2442.42
2443.11
2443.30
2443.98
2445.44
2445.70
2445.97
2447.13
2447.21
2447.56
2448.67
2449.44
2450.31
2450.60
2451.24
2452.35
2452.67
2454.64
2454.72
2454.88
2455.35
2455.70
2456.15
2456.42
2457.48
2458.49
2459.87
2462.35
2462.83
2467.50
2468.09
2469.10
2469.29
2469.98
2470.70
2471.96
2472.26
2472.76
2473.73
2476.51
2477.48
2477.61
2477.64
2477.69
2478.12
2479.35
2479.73
2480.05
2480.08
2480.72
2481.64
2482.55
2484.05
2484.43
2484.51
2487.79
2487.98
2488.55
2489.92
2489.95
2490.19
2491.91
2492.72
2493.18
2493.26
2499.37
2501.56
2501.67
2503.26
2503.26
2504.75
2506.38
2509.17
2510.37
2511.24
2514.47
2515.59
2516.00
2519.35
2522.73
2523.66
2525.85
2526.04
2527.10
2527.13
2529.43
2529.78
2530.30
2530.39
2531.84
2531.92
2532.82
2532.88
2533.84
2533.92
2536.88
2538.72
2539.66
2539.68
2540.18
2541.00
2541.09
2542.46
2542.79
2543.01
2543.62
2545.76
2546.54
2548.85
2550.62
2551.44
2552.22
2552.44
2553.02
2555.98
2558.66
2559.08
2559.55
2560.63
2562.79
2563.07
2567.84
2568.31
2568.67
2569.45
2570.04
2571.29
2576.22
2576.58
2577.81
2578.73
2579.54
2580.99
2582.66
2583.50
2585.85
2587.14
2587.17
2587.92
2588.68
2588.99
2589.46
2589.88
2589.88
2590.92
2591.14
2591.51
2593.92
2595.75
2596.93
2598.44
2598.56
2599.74
2602.38
2604.81
2604.83
2605.85
2606.44
2606.64
2607.54
2608.44
2608.64
2608.75
2609.57
2611.61
2618.17
2620.55
2623.42
2625.26
2625.97
2626.11
2626.23
2626.63
2626.94
2629.50
2629.95
2632.69
2634.31
2635.76
2636.59
2637.96
2641.16
2641.93
2642.30
2642.56
2646.17
2646.62
2647.31
2647.51
2648.80
2651.01
2652.10
2652.10
2652.56
2652.96
2653.96
2654.74
2654.85
2655.00
2655.80
2656.29
2657.73
2660.03
2660.89
2661.07
2661.33
2664.81
2665.24
2665.76
2666.17
2667.67
2667.87
2668.79
2672.55
2672.78
2673.65
2675.04
2677.47
2681.12
2681.94
2685.28
2686.12
2686.23
2687.22
2687.46
2687.92
2689.17
2689.49
2690.92
2691.21
2692.84
2694.44
2694.85
2695.17
2699.46
2699.87
2701.39
2704.17
2705.49
2708.30
2709.15
2709.21
2710.26
2710.41
2711.70
2713.84
2713.90
2719.04
2722.63
2723.40
2727.88
2728.59
2728.68
2731.22
2734.12
2734.30
2734.86
2736.99
2737.26
2738.03
2738.74
2739.30
2740.07
2740.63
2741.38
2743.48
2744.25
2744.40
2745.26
2745.62
2747.94
2748.21
2748.59
2749.10
2750.23
2751.18
2751.57
2752.34
2753.89
2754.04
2754.93
2756.75
2757.86
2758.24
2760.19
2761.68
2762.31
2763.98
2764.79
2764.88
2765.39
2765.60
2767.30
2767.30
2767.72
2768.95
2769.28
2773.03
2780.39
2780.63
2782.86
2783.43
2784.03
2784.33
2784.45
2784.78
2789.34
2791.33
2794.56
2795.68
2798.47
2799.25
2801.31
2801.74
2802.92
2804.32
2808.51
2808.57
2809.05
2810.36
2812.67
2814.32
2816.94
2817.82
2818.49
2819.96
2820.41
2820.47
2822.46
2822.76
2822.86
2824.05
2826.77
2828.73
2829.09
2829.12
2829.67
2830.13
2834.91
2835.93
2837.89
2839.03
2839.43
2839.49
2841.52
2842.32
2843.92
2844.78
2845.18
2847.55
2847.77
2848.29
2849.43
2849.55
2850.11
2850.11
2852.48
2852.48
2853.01
2853.16
2854.09
2857.46
2858.35
2859.13
2859.90
2860.30
2860.52
2860.92
2861.39
2861.51
2861.76
2863.55
2865.57
2865.94
2865.97
2866.84
2868.05
2868.98
2870.35
2870.41
2871.81
2872.24
2872.52
2872.89
2873.55
2875.41
2875.57
2878.59
2880.80
2881.39
2883.26
2885.32
2886.10
2887.04
2887.14
2888.10
2889.17
2889.70
2889.73
2892.48
2894.58
2896.74
2897.21
2897.34
2899.22
2899.53
2904.08
2904.59
2907.92
2909.62
2911.57
2914.06
2914.25
2915.01
2918.16
2919.24
2919.40
2920.69
2924.01
2924.90
2927.94
2929.84
2930.31
2930.57
2932.41
2932.85
2932.95
2933.42
2934.31
2936.12
2936.44
2938.31
2938.47
2939.55
2939.81
2940.13
2941.11
2941.72
2942.16
2943.06
2943.31
2943.34
2943.50
2944.23
2944.58
2945.32
2946.69
2947.20
2948.06
2949.49
2949.56
2949.85
2951.57
2951.57
2951.76
2953.33
2954.51
2958.03
2960.21
2960.27
2960.72
2961.04
2961.26
2962.00
2963.22
2963.70
2964.60
2965.05
2967.58
2969.06
2970.54
2972.56
2973.21
2974.07
2979.00
2981.29
2985.81
2988.10
2989.72
2989.92
2990.14
2993.77
2993.80
2994.64
2994.71
2995.94
2996.91
2997.53
2998.21
2998.60
3001.06
3002.62
3003.63
3007.08
3007.76
3008.12
3010.82
3011.05
3011.86
3011.90
3012.03
3012.91
3013.40
3013.46
3013.82
3014.31
3017.38
3017.41
3018.45
3018.94
3019.92
3022.15
3022.31
3027.88
3029.05
3029.09
3030.99
3031.22
3031.28
3034.53
3037.06
3037.32
3038.18
3041.40
3042.19
3042.92
3043.64
3044.76
3046.21
3046.54
3052.02
3052.02
3058.36
3058.73
3058.83
3059.22
3060.45
3060.48
3061.31
3061.38
3062.24
3062.27
3062.83
3063.13
3063.27
3064.62
3065.89
3066.35
3068.51
3069.93
3070.57
3071.10
3071.23
3073.82
3074.85
3075.59
3076.65
3077.08
3077.32
3079.55
3080.05
3080.88
3082.78
3083.98
3084.15
3084.48
3085.19
3085.92
3086.65
3086.82
3088.43
3088.93
3090.36
3090.73
3091.73
3091.97
3092.81
3096.29
3098.20
3098.80
3098.87
3098.97
3100.58
3101.02
3103.77
3104.84
3105.08
3105.11
3106.99
3107.90
3110.66
3111.77
3112.58
3114.03
3115.58
3118.38
3119.42
3119.76
3120.40
3122.43
3123.37
3126.69
3126.89
3132.65
3132.72
3134.27
3134.27
3136.92
3137.23
3137.33
3137.87
3138.82
3139.77
3139.91
3140.15
3140.72
3141.51
3141.95
3143.00
3143.27
3146.00
3146.13
3147.19
3148.41
3149.74
3149.85
3149.88
3150.97
3151.86
3153.73
3153.80
3157.11
3158.82
3161.52
3161.76
3162.14
3162.65
3162.79
3163.71
3164.74
3166.52
3167.27
3167.69
3168.85
3173.41
3175.17
3176.30
3176.57
3176.64
3178.47
3180.84
3180.84
3181.29
3183.90
3184.59
3185.94
3186.25
3187.97
3189.28
3193.05
3193.67
3195.91
3196.16
3198.09
3199.69
3200.10
3200.66
3205.47
3208.04
3209.19
3210.58
3215.27
3216.10
3216.21
3216.49
3217.25
3218.23
3219.52
3221.82
3221.82
3222.51
3222.76
3223.38
3224.29
3226.00
3227.75
3227.78
3230.05
3231.31
3234.04
3236.66
3237.58
3239.01
3240.62
3243.36
3245.29
3247.05
3247.68
3248.56
3253.31
3255.88
3256.69
3258.24
3259.12
3262.82
3263.35
3264.06
3265.16
3265.44
3266.60
3267.10
3269.54
3270.78
3272.23
3273.33
3274.50
3274.60
3274.78
3276.44
3278.32
3279.89
3280.20
3283.36
3284.29
3289.20
3291.37
3292.12
3293.54
3293.86
3295.75
3297.18
3297.96
3300.57
3300.57
3303.03
3303.71
3307.65
3308.54
3308.72
3309.37
3310.26
3315.46
3315.82
3319.84
3320.02
3320.20
3323.32
3323.83
3323.93
3326.02
3326.02
3326.88
3327.64
3328.61
3328.79
3328.90
3334.52
3337.09
3339.22
3342.54
3342.58
3343.30
3344.39
3344.79
3345.04
3345.62
3352.29
3352.29
3353.19
3355.30
3355.55
3357.99
3358.20
3361.33
3361.84
3364.50
3369.56
3372.26
3375.00
3375.07
3375.29
3376.24
3378.54
3379.64
3380.77
3383.37
3384.28
3384.47
3386.26
3386.78
3387.14
3387.54
3390.88
3391.98
3392.17
3394.19
3394.74
3396.83
3396.87
3399.11
3400.73
3405.59
3405.74
3407.99
3408.80
3409.13
3409.50
3411.45
3411.56
3411.93
3412.19
3412.45
3416.96
3418.95
3419.29
3423.03
3423.47
3424.58
3426.25
3426.51
3427.70
3427.99
3431.33
3431.41
3432.59
3435.57
3437.43
3439.51
3439.62
3441.26
3442.15
3442.38
3444.05
3444.54
3446.07
3446.44
3446.51
3446.85
3451.63
3452.45
3453.19
3454.05
3456.97
3458.62
3459.59
3460.56
3462.10
3463.22
3463.71
3463.93
3465.66
3466.52
3466.56
3468.81
3471.85
3472.26
3473.09
3473.32
3474.48
3474.90
3475.87
3477.04
3477.49
3478.77
3479.97
3480.50
3480.58
3482.31
3483.48
3485.93
3486.61
3490.04
3490.61
3494.73
3495.60
3495.79
3496.17
3500.37
3500.90
3502.19
3502.98
3503.51
3505.18
3505.33
3506.51
3509.92
3512.17
3512.43
3515.13
3516.96
3517.15
3517.45
3520.08
3520.99
3522.29
3524.80
3525.41
3525.72
3525.72
3525.87
3526.44
3527.93
3528.58
3529.27
3530.49
3530.57
3530.68
3536.00
3536.34
3536.88
3537.11
3537.14
3537.68
3538.79
3541.20
3541.78
3542.93
3544.81
3549.99
3550.79
3550.91
3551.49
3552.56
3558.29
3558.60
3561.72
3562.53
3562.88
3565.19
3565.50
3567.39
3567.70
3568.09
3568.36
3568.59
3569.79
3570.56
3571.06
3573.46
3574.73
3575.00
3576.09
3576.16
3576.51
3577.21
3577.98
3586.12
3586.24
3586.43
3586.78
3588.18
3588.37
3590.28
3594.67
3596.23
3597.94
3598.02
3599.14
3599.61
3600.43
3600.55
3600.59
3601.75
3602.42
3605.77
3610.30
3612.80
3614.44
3615.89
3619.18
3620.67
3621.84
3623.80
3624.62
3626.19
3627.17
3628.63
3628.90
3629.92
3635.82
3639.28
3639.91
3640.07
3640.82
3643.02
3643.10
3643.18
3646.46
3648.43
3649.53
3650.96
3653.92
3655.78
3656.02
3656.10
3657.28
3658.03
3658.47
3658.90
3659.58
3662.15
3666.55
3667.66
3668.18
3669.01
3670.76
3670.96
3671.08
3671.32
3671.79
3674.02
3675.89
3676.05
3677.56
3678.51
3679.63
3680.54
3680.94
3681.42
3681.46
3683.49
3683.65
3683.93
3686.80
3689.16
3689.95
3693.31
3693.99
3695.43
3696.47
3696.91
3697.15
3697.31
3698.11
3698.79
3698.95
3699.03
3700.99
3702.59
3705.60
3710.73
3713.51
3718.01
3718.01
3719.34
3720.18
3720.34
3722.36
3723.72
3724.41
3725.46
3725.66
3725.98
3726.51
3726.55
3727.03
3728.08
3728.40
3730.06
3731.15
3731.59
3732.36
3735.39
3737.21
3737.57
3737.65
3737.93
3739.27
3739.55
3739.84
3740.20
3741.82
3743.11
3747.37
3747.61
3748.99
3750.17
3750.53
3751.47
3752.60
3756.06
3756.91
3758.86
3759.76
3760.69
3761.87
3763.13
3764.27
3771.49
3771.65
3771.94
3772.59
3773.86
3774.31
3775.74
3778.96
3779.62
3780.64
3781.38
3782.24
3784.49
3784.90
3786.29
3786.29
3792.93
3794.04
3801.52
3801.56
3801.68
3802.47
3802.96
3803.74
3803.82
3803.99
3805.80
3807.41
3808.35
3809.92
3810.83
3811.82
3813.88
3814.99
3815.37
3817.80
3820.49
3821.19
3821.85
3828.18
3828.64
3829.47
3830.75
3831.04
3834.24
3835.69
3838.93
3840.96
3841.05
3844.00
3845.12
3846.66
3848.16
3849.33
3850.16
3852.03
3852.53
3853.58
3855.29
3857.87
3858.96
3859.21
3862.34
3862.43
3862.97
3864.77
3865.02
3866.06
3866.19
3866.98
3867.65
3871.84
3872.72
3873.39
3873.98
3874.98
3875.32
3875.99
3876.28
3879.68
3881.23
3881.99
3882.54
3885.65
3887.45
3889.52
3891.54
3892.00
3893.73
3896.00
3896.72
3897.10
3897.73
3898.07
3898.79
3904.91
3905.71
3909.09
3912.48
3912.73
3912.99
3915.70
3917.90
3922.61
3922.82
3923.88
3924.69
3925.11
3925.20
3926.00
3927.66
3928.77
3929.23
3932.38
3932.85
3933.66
3935.32
3936.72
3936.85
3937.66
3937.79
3938.30
3938.73
3939.20
3942.95
3944.01
3944.36
3946.19
3947.30
3948.92
3949.18
3953.76
3954.31
3956.71
3957.31
3957.99
3961.33
3967.55
3968.24
3971.85
3974.17
3974.34
3978.30
3978.95
3980.07
3981.49
3984.12
3986.66
3988.21
3991.71
3992.10
3994.69
3995.21
3996.29
3996.85
3998.06
4002.35
4002.91
4005.38
4007.46
4012.02
4013.32
4013.84
4018.84
4019.19
4019.40
4020.84
4021.71
4023.36
4025.28
4028.81
4031.03
4035.44
4039.55
4039.94
4039.98
4040.42
4040.42
4042.52
4044.93
4046.46
4047.51
4050.01
4050.53
4053.29
4053.69
4054.74
4056.54
4056.72
4057.73
4059.31
4061.55
4064.45
4065.11
4065.99
4066.38
4067.48
4067.70
4067.92
4068.23
4068.28
4073.61
4074.18
4076.25
4079.65
4082.12
4082.47
4083.53
4084.73
4085.83
4087.96
4087.96
4093.40
4093.49
4096.41
4097.88
4098.85
4099.12
4102.00
4103.38
4103.42
4104.09
4106.40
4108.17
4110.49
4110.71
4113.65
4114.89
4115.74
4117.92
4123.72
4125.14
4128.27
4129.74
4130.91
4131.53
4132.96
4136.05
4136.50
4138.38
4138.65
4138.69
4139.05
4139.90
4141.29
4144.52
4144.65
4144.65
4145.32
4146.67
4147.66
4148.69
4150.44
4151.65
4153.58
4156.42
4157.50
4158.22
4158.49
4161.14
4161.23
4162.99
4165.02
4165.24
4166.82
4167.67
4167.99
4173.13
4177.11
4177.16
4178.38
4182.67
4183.53
4183.89
4190.87
4194.27
4195.09
4195.23
4198.72
4199.68
4202.68
4205.59
4206.09
4207.73
4208.05
4210.01
4211.92
4212.74
4218.17
4218.21
4224.93
4225.11
4227.40
4228.40
4229.46
4231.01
4231.97
4233.07
4233.53
4235.50
4237.47
4238.11
4240.87
4241.55
4247.94
4248.49
4248.90
4251.85
4252.49
4252.49
4254.52
4255.80
4260.73
4261.93
4263.59
4265.76
4271.86
4274.08
4274.45
4275.56
4276.71
4276.76
4277.36
4277.55
4278.15
4278.70
4279.54
4280.88
4282.87
4285.33
4285.52
4287.83
4288.11
4290.02
4292.62
4292.66
4292.99
4293.82
4298.15
4298.75
4298.98
4299.08
4300.33
4300.66
4301.36
4302.85
4305.36
4305.87
4306.94
4307.69
4314.13
4314.87
4315.67
4315.90
4316.60
4317.82
4319.12
4320.81
4322.30
4323.24
4324.69
4325.63
4326.84
4327.03
4330.07
4331.62
4336.68
4339.31
4339.59
4340.67
4341.14
4342.37
4342.60
4343.87
4343.92
4344.72
4346.64
4350.60
4353.94
4356.34
4357.62
4357.85
4361.48
4361.96
4362.00
4362.29
4363.89
4363.99
4364.41
4365.12
4367.62
4371.55
4372.59
4372.92
4376.18
4378.13
4380.16
4383.48
4384.24
4387.47
4387.56
4388.04
4389.70
4389.79
4391.74
4392.22
4393.55
4393.69
4393.88
4394.21
4398.49
4401.40
4402.64
4402.88
4405.12
4405.16
4406.64
4406.83
4407.69
4414.23
4415.28
4417.14
4420.92
4421.78
4425.18
4425.66
4427.09
4427.81
4434.43
4434.43
4439.37
4441.20
4444.80
4445.38
4445.72
4452.12
4453.33
4455.11
4455.98
4458.87
4461.57
4464.28
4466.11
4467.66
4471.04
4472.74
4473.32
4478.40
4478.45
4478.60
4479.37
4486.02
4487.96
4489.46
4493.89
4494.47
4506.35
4509.08
4509.42
4512.01
4514.45
4515.19
4516.65
4516.80
4517.14
4518.51
4520.46
4521.93
4524.77
4528.25
4528.40
4530.60
4534.38
4534.72
4536.88
4537.67
4538.84
4539.38
4540.12
4540.22
4542.43
4543.27
4543.46
4543.76
4544.74
4546.51
4551.29
4551.43
4552.81
4553.06
4554.88
4555.72
4556.36
4557.69
4559.62
4563.46
4564.16
4566.77
4567.37
4567.61
4570.78
4571.03
4571.92
4572.86
4574.88
4575.83
4578.65
4581.23
4581.62
4586.43
4586.53
4586.88
4586.93
4590.35
4591.80
4592.74
4592.89
4592.94
4595.62
4596.97
4599.35
4599.60
4604.58
4606.03
4608.67
4610.71
4611.26
4612.51
4612.96
4617.85
4618.35
4619.60
4620.85
4621.20
4624.50
4625.90
4628.41
4629.16
4630.46
4631.56
4633.52
4643.56
4644.06
4645.31
4646.57
4649.74
4650.19
4658.45
4658.70
4664.05
4665.31
4665.61
4666.67
4669.15
4670.06
4671.22
4671.52
4671.68
4672.23
4674.91
4677.74
4678.50
4680.78
4681.59
4686.56
4688.74
4689.10
4689.65
4691.18
4693.72
4694.58
4696.10
4696.81
4703.27
4704.65
4704.85
4706.73
4707.09
4709.03
4710.76
4712.39
4713.87
4716.42
4716.78
4716.83
4721.01
4721.07
4721.12
4721.78
4724.18
4729.50
4730.01
4732.01
4733.70
4735.19
4736.16
4737.90
4738.11
4740.00
4740.52
4745.08
4749.40
4752.28
4752.53
4753.20
4754.18
4756.44
4761.49
4763.45
4763.96
4764.99
4765.41
4765.66
4766.59
4766.75
4769.95
4772.58
4775.63
4777.07
4777.13
4778.73
4779.56
4781.47
4781.83
4782.76
4785.71
4791.72
4791.93
4792.92
4795.09
4799.04
4800.96
4801.79
4802.62
4806.83
4807.15
4810.32
4810.37
4810.48
4813.55
4813.60
4817.30
4818.97
4822.36
4822.78
4823.09
4823.19
4824.03
4826.74
4828.21
4836.20
4837.62
4839.35
4840.44
4843.17
4843.27
4847.00
4851.04
4853.08
4853.29
4853.98
4854.55
4854.71
4854.82
4855.50
4858.97
4859.55
4868.60
4870.39
4872.13
4873.66
4878.04
4879.51
4880.25
4881.73
4881.84
4884.64
4889.93
4891.30
4894.27
4895.86
4896.01
4896.86
4898.66
4899.78
4901.42
4902.32
4903.60
4904.87
4906.67
4909.06
4914.22
4914.48
4914.91
4915.97
4920.39
4921.24
4922.20
4923.43
4923.43
4926.46
4926.73
4927.85
4928.70
4931.16
4934.52
4934.68
4941.89
4941.95
4948.47
4949.87
4955.38
4956.24
4956.83
4956.83
4958.12
4961.34
4961.72
4965.96
4969.51
4970.85
4977.25
4979.41
4979.46
4981.56
4989.17
4991.01
4992.84
4994.57
4997.38
5000.36
5004.04
5005.72
5005.93
5006.58
5006.74
5009.07
5009.40
5010.00
5010.92
5015.37
5015.64
5017.75
5019.33
5020.41
5021.28
5022.26
5023.08
5023.51
5027.05
5029.98
5030.86
5031.78
5033.96
5034.45
5035.48
5041.54
5045.68
5045.96
5049.18
5049.18
5050.93
5051.31
5052.68
5053.99
5057.11
5058.09
5060.17
5062.96
5064.22
5064.72
5067.95
5068.83
5071.08
5072.94
5073.11
5076.02
5077.01
5077.45
5078.05
5087.73
5089.00
5089.93
5091.69
5092.19
5092.91
5094.51
5096.55
5097.10
5097.92
5098.14
5098.25
5100.63
5103.50
5109.96
5110.96
5111.73
5115.72
5116.60
5116.93
5117.21
5117.27
5121.36
5121.64
5124.41
5127.63
5128.19
5131.18
5133.51
5136.96
5137.01
5138.74
5140.74
5140.80
5141.57
5146.86
5147.25
5147.64
5148.25
5148.81
5149.98
5157.34
5157.96
5159.07
5160.41
5162.76
5164.21
5164.43
5164.49
5164.77
5165.38
5167.23
5168.23
5168.96
5174.28
5176.74
5177.08
5179.66
5181.34
5183.80
5184.25
5188.18
5188.24
5188.41
5188.57
5189.13
5192.34
5193.01
5193.01
5193.07
5193.97
5194.47
5194.53
5198.35
5202.46
5204.65
5207.87
5210.68
5211.13
5212.60
5214.29
5215.65
5217.06
5219.88
5220.11
5224.06
5224.91
5226.15
5229.72
5232.09
5232.43
5233.11
5233.79
5236.34
5236.85
5239.63
5242.75
5243.60
5246.44
5247.17
5253.25
5253.65
5254.16
5254.84
5257.06
5260.25
5263.44
5265.89
5267.88
5270.50
5271.76
5275.75
5279.75
5279.98
5283.41
5288.73
5289.64
5291.99
5296.92
5297.72
5299.04
5300.24
5303.62
5303.80
5304.89
5305.29
5306.67
5306.84
5307.18
5309.02
5311.49
5311.61
5314.83
5314.83
5318.16
5319.31
5323.29
5325.99
5327.55
5329.68
5332.39
5332.97
5335.86
5339.26
5339.32
5339.44
5342.67
5343.14
5344.70
5346.61
5346.66
5350.31
5353.03
5354.83
5356.10
5357.15
5360.57
5367.65
5369.04
5369.27
5371.37
5371.77
5374.50
5376.37
5377.35
5379.80
5380.56
5382.88
5383.35
5383.76
5386.26
5387.37
5388.19
5393.96
5397.41
5400.09
5400.50
5401.44
5402.02
5404.59
5409.10
5414.66
5416.36
5416.95
5417.12
5419.88
5421.93
5421.99
5422.40
5422.46
5423.34
5425.69
5426.74
5427.68
5429.74
5431.03
5435.56
5436.26
5437.15
5437.38
5438.50
5439.97
5451.76
5453.88
5456.54
5458.13
5458.48
5460.91
5461.79
5463.57
5464.63
5465.75
5469.48
5470.66
5474.51
5474.69
5474.81
5475.22
5475.40
5479.67
5480.32
5480.91
5484.06
5487.32
5494.04
5494.15
5494.87
5495.94
5496.00
5496.23
5497.48
5498.02
5498.20
5501.59
5503.08
5507.49
5510.59
5510.76
5511.42
5512.67
5517.80
5527.54
5528.14
5529.70
5530.12
5530.66
5531.01
5533.23
5534.01
5534.07
5534.43
5536.10
5539.46
5543.24
5545.16
5551.64
5553.38
5554.16
5554.34
5554.70
5555.85
5556.57
5556.81
5561.44
5561.56
5561.92
5563.55
5566.92
5568.66
5573.00
5575.24
5576.56
5578.01
5578.31
5580.31
5582.84
5586.35
5588.82
5589.55
5592.27
5595.30
5595.48
5596.57
5598.08
5599.78
5599.84
5600.69
5601.36
5605.90
5607.48
5612.03
5614.46
5617.62
5619.75
5620.72
5622.06
5623.52
5624.07
5624.31
5629.18
5632.96
5634.30
5637.65
5639.55
5642.66
5645.22
5646.08
5646.45
5650.66
5655.00
5655.86
5658.43
5660.45
5662.11
5662.29
5664.31
5665.11
5665.66
5669.59
5670.44
5674.86
5674.93
5676.77
5678.49
5683.22
5684.33
5686.05
5686.42
5696.21
5700.34
5700.53
5703.80
5705.28
5708.49
5710.34
5711.39
5713.99
5717.70
5720.85
5724.01
5724.07
5725.62
5726.30
5726.99
5730.83
5732.19
5732.88
5733.62
5733.93
5733.99
5740.07
5741.69
5741.88
5742.87
5745.05
5745.98
5746.91
5748.47
5748.90
5749.52
5751.02
5751.08
5751.08
5757.24
5759.11
5760.79
5764.41
5766.53
5766.84
5767.53
5770.28
5773.96
5774.71
5775.33
5777.27
5778.52
5778.90
5779.21
5780.34
5783.53
5785.72
5790.66
5790.66
5796.24
5796.43
5800.01
5801.39
5804.78
5805.47
5805.78
5810.18
5811.00
5811.00
5811.06
5812.32
5817.67
5818.93
5819.12
5821.19
5821.89
5822.90
5824.60
5826.17
5829.77
5830.59
5833.55
5833.74
5834.88
5836.01
5836.01
5838.29
5840.82
5840.94
5842.02
5845.05
5847.14
5849.48
5850.62
5852.14
5854.10
5856.13
5859.43
5863.29
5864.75
5866.21
5870.85
5871.61
5871.61
5877.97
5879.37
5879.43
5880.57
5880.77
5881.53
5882.48
5883.12
5886.49
5889.23
5891.46
5892.42
5897.71
5907.10
5908.19
5908.83
5909.40
5911.71
5913.18
5914.20
5916.95
5918.36
5918.87
5919.39
5931.83
5932.72
5935.61
5935.93
5936.26
5942.04
5942.55
5944.55
5944.55
5948.02
5950.66
5951.69
5957.94
5961.16
5962.07
5964.13
5970.01
5972.07
5973.75
5975.31
5978.02
5982.94
5983.07
5987.47
5989.61
5991.30
5992.33
5994.73
5995.84
5997.91
5998.89
6005.70
6017.35
6021.91
6023.27
6025.69
6029.47
6029.80
6039.33
6041.03
6042.73
6045.54
6047.37
6050.12
6050.32
6051.63
6054.77
6058.83
6060.27
6061.45
6061.78
6065.00
6068.41
6069.20
6072.68
6073.01
6079.91
6080.64
6081.82
6086.30
6087.75
6088.14
6088.80
6092.62
6093.61
6093.74
6098.03
6098.89
6099.08
6105.56
6108.46
6108.86
6112.96
6117.46
6117.79
6119.11
6120.64
6124.01
6125.60
6126.73
6128.72
6129.18
6130.64
6132.37
6135.95
6138.81
6145.85
6147.85
6148.71
6151.31
6151.51
6151.64
6152.17
6153.44
6153.50
6157.23
6158.03
6161.30
6166.30
6169.10
6170.51
6170.71
6172.04
6173.51
6173.64
6174.98
6178.92
6180.13
6183.81
6186.22
6192.51
6194.65
6200.29
6202.37
6203.51
6204.58
6206.06
6206.53
6207.40
6209.75
6209.75
6210.63
6213.38
6213.79
6213.99
6218.09
6218.76
6221.52
6225.36
6226.91
6227.25
6230.08
6233.45
6234.80
6241.95
6248.10
6248.64
6249.45
6253.38
6256.29
6256.49
6257.17
6257.98
6258.18
6258.39
6262.38
6264.28
6271.13
6274.66
6274.66
6277.24
6277.71
6278.19
6279.62
6280.43
6280.84
6285.80
6285.87
6289.00
6290.22
6291.59
6293.56
6293.76
6294.17
6295.40
6296.56
6296.76
6297.37
6297.44
6300.85
6302.01
6307.06
6312.52
6316.69
6320.31
6321.47
6325.51
6327.84
6330.51
6336.13
6336.88
6337.98
6338.66
6340.93
6341.54
6343.67
6343.74
6346.21
6349.10
6353.01
6353.08
6354.18
6354.32
6355.15
6356.73
6357.35
6358.24
6368.84
6368.84
6374.22
6376.50
6378.98
6381.67
6384.50
6385.61
6386.23
6388.79
6393.35
6396.33
6396.67
6397.44
6399.44
6401.31
6401.38
6406.02
6406.16
6409.28
6412.47
6414.35
6414.42
6414.90
6414.97
6415.67
6415.67
6416.22
6417.61
6418.37
6420.74
6423.38
6425.95
6427.62
6428.38
6429.49
6430.61
6431.16
6431.72
6432.77
6437.08
6437.57
6437.78
6438.54
6438.54
6444.47
6447.54
6447.82
6448.79
6454.03
6454.24
6456.82
6458.92
6458.92
6459.34
6464.79
6464.86
6465.63
6470.60
6477.67
6482.65
6485.60
6486.30
6490.93
6491.08
6494.38
6501.55
6507.11
6508.87
6512.53
6521.27
6521.98
6522.12
6531.73
6535.12
6540.35
6551.47
6554.03
6555.94
6557.57
6558.64
6558.64
6560.27
6561.48
6570.21
6572.20
6574.55
6574.69
6575.48
6575.90
6580.53
6580.74
6581.60
6582.17
6583.66
6588.65
6589.15
6595.64
6598.35
6601.14
6604.64
6605.28
6607.28
6608.93
6612.65
6613.29
6618.09
6626.97
6634.08
6640.97
6641.90
6644.42
6646.43
6647.37
6647.87
6652.04
6656.94
6657.44
6658.89
6660.69
6661.19
6663.14
6666.17
6667.54
6668.26
6672.80
6674.47
6675.26
6677.07
6680.25
6681.26
6687.19
6689.21
6689.94
6690.44
6691.96
6694.35
6697.54
6698.27
6701.02
6701.09
6702.04
6706.10
6710.24
6710.60
6715.47
6718.81
6719.90
6722.81
6728.48
6735.62
6737.66
6740.51
6742.40
6753.06
6757.30
6758.55
6759.13
6761.03
6764.98
6769.89
6772.67
6772.89
6775.97
6776.34
6777.07
6786.54
6797.71
6801.83
6804.55
6809.04
6812.43
6813.17
6815.82
6817.37
6820.40
6825.94
6830.44
6831.25
6833.99
6834.58
6835.10
6835.62
6839.98
6840.65
6841.98
6844.28
6846.94
6848.50
6848.79
6852.43
6860.59
6860.88
6861.77
6867.49
6867.79
6868.31
6869.72
6873.52
6880.58
6881.85
6887.73
6888.63
6888.93
6889.67
6893.70
6894.67
6896.46
6897.06
6899.07
6901.16
6903.40
6904.60
6905.27
6905.64
6908.11
6908.56
6908.56
6909.53
6910.73
6915.96
6916.41
6919.93
6920.60
6926.82
6926.97
6930.72
6939.27
6939.50
6942.95
6943.03
6946.41
6950.54
6952.50
6953.55
6953.63
6954.76
6956.04
6957.69
6959.35
6960.78
6960.86
6962.89
6962.96
6966.73
6970.50
6984.24
6984.47
6987.49
6988.40
6988.93
6991.20
6993.16
6996.49
6999.52
7000.66
7000.81
7002.86
7006.49
7007.63
7009.15
7014.99
7016.13
7017.19
7017.42
7018.41
7018.79
7019.47
7021.29
7029.50
7031.18
7033.00
7033.84
7036.12
7036.35
7037.26
7040.46
7041.22
7044.12
7044.27
7045.42
7046.10
7049.76
7051.90
7052.51
7054.42
7055.64
7056.48
7056.86
7056.94
7062.97
7065.88
7067.33
7069.70
7070.31
7072.76
7073.75
7074.60
7078.88
7078.96
7080.80
7082.64
7084.09
7085.93
7086.78
7089.77
7091.30
7096.75
7098.98
7100.52
7104.67
7105.28
7106.13
7112.90
7114.51
7116.21
7116.90
7117.51
7117.67
7121.21
7122.06
7131.31
7133.01
7133.63
7135.25
7137.10
7139.03
7139.65
7140.58
7144.52
7146.37
7150.94
7152.95
7156.90
7161.31
7165.27
7165.58
7167.59
7167.83
7168.76
7170.70
7171.47
7175.20
7179.86
7180.32
7184.75
7185.84
7187.24
7191.21
7191.60
7192.69
7193.31
7194.24
7194.71
7197.28
7197.51
7200.86
7203.59
7204.68
7208.19
7209.20
7213.26
7214.51
7214.74
7215.29
7215.76
7217.48
7218.34
7219.58
7219.74
7221.69
7222.24
7223.65
7224.35
7226.93
7227.95
7229.36
7229.83
7233.74
7241.26
7249.09
7250.58
7251.76
7252.86
7256.94
7258.12
7261.50
7262.83
7266.21
7266.76
7275.42
7276.68
7282.03
7286.68
7288.97
7292.05
7293.86
7294.26
7296.15
7306.74
7308.08
7311.96
7316.31
7321.61
7323.28
7323.44
7328.59
7329.46
7331.68
7332.32
7344.78
7347.33
7348.36
7350.19
7351.54
7359.26
7360.45
7361.97
7362.13
7365.39
7365.63
7366.03
7369.06
7369.30
7370.97
7375.60
7376.16
7377.52
7378.39
7380.15
7385.34
7385.42
7388.86
7390.46
7395.42
7396.54
7396.62
7397.18
7401.10
7401.26
7401.34
7402.54
7407.67
7408.47
7411.36
7415.05
7417.86
7418.58
7418.58
7418.74
7420.75
7421.39
7424.92
7427.57
7428.30
7429.74
7430.31
7430.95
7436.34
7441.89
7442.70
7448.82
7449.95
7450.84
7451.56
7460.92
7470.45
7471.02
7473.93
7474.41
7477.16
7480.24
7482.59
7485.58
7486.15
7487.04
7487.77
7489.88
7490.36
7491.42
7492.39
7495.63
7501.72
7503.02
7503.58
7503.99
7507.16
7513.74
7518.62
7520.49
7522.77
7528.39
7530.02
7535.48
7535.56
7536.29
7536.37
7538.17
7539.55
7540.21
7545.27
7548.04
7549.43
7550.00
7551.39
7551.39
7551.47
7554.50
7556.62
7557.69
7562.84
7565.21
7569.72
7570.45
7581.36
7582.50
7583.32
7584.15
7586.11
7588.58
7591.21
7598.68
7599.75
7604.52
7606.83
7607.57
7612.18
7623.06
7624.63
7627.10
7627.60
7628.17
7629.33
7630.40
7630.65
7631.89
7633.21
7634.04
7634.94
7643.54
7648.42
7648.50
7649.00
7654.38
7654.63
7654.71
7665.90
7667.89
7668.89
7669.06
7669.47
7670.96
7671.38
7674.37
7674.45
7681.84
7682.68
7682.93
7683.92
7685.67
7690.58
7690.58
7690.74
7691.08
7699.07
7699.49
7701.65
7702.90
7704.32
7709.41
7710.74
7710.99
7713.83
7713.99
7714.91
7716.67
7717.75
7718.84
7719.17
7719.92
7720.93
7733.47
7733.88
7735.06
7739.58
7746.20
7748.04
7756.01
7759.95
7760.54
7766.00
7769.61
7770.88
7771.72
7775.75
7779.62
7788.21
7789.23
7792.18
7795.63
7796.14
7799.94
7802.05
7802.05
7803.57
7805.68
7806.02
7807.79
7822.08
7828.43
7831.39
7833.94
7839.45
7843.94
7844.54
7846.92
7851.16
7866.98
7867.66
7871.07
7874.64
7875.92
7878.82
7880.27
7880.27
7884.79
7884.96
7889.91
7894.01
7897.00
7900.67
7906.92
7918.30
7920.36
7922.41
7931.85
7932.11
7935.71
7952.39
7953.42
7960.14
7963.24
7964.10
7964.10
7970.05
7970.05
7979.54
7980.14
7980.23
7982.04
7984.46
7994.49
7994.57
8002.19
8006.78
8008.43
8009.81
8016.75
8027.25
8031.16
8033.16
8034.03
8045.25
8050.82
8051.61
8052.74
8055.53
8056.84
8057.53
8059.10
8061.89
8062.59
8069.75
8069.75
8070.18
8071.93
8072.98
8073.50
8075.08
8077.87
8079.53
8083.20
8087.05
8093.01
8094.76
8103.70
8105.36
8107.73
8108.61
8110.19
8113.08
8114.22
8114.75
8115.28
8115.37
8119.93
8121.87
8125.12
8127.84
8129.25
8131.36
8133.12
8134.09
8141.05
8142.90
8150.30
8153.48
8156.92
8157.98
8158.86
8158.86
8162.57
8163.63
8163.89
8165.57
8165.92
8168.57
8170.61
8177.68
8180.07
8183.35
8183.88
8187.60
8188.40
8190.61
8195.49
8196.82
8200.01
8201.70
8202.76
8206.67
8209.42
8209.95
8213.06
8213.33
8213.95
8215.20
8217.69
8220.26
8225.51
8232.64
8234.33
8234.33
8237.72
8237.98
8239.14
8240.21
8240.21
8241.73
8248.42
8252.08
8253.77
8256.01
8256.19
8262.62
8264.32
8265.39
8266.11
8267.72
8269.51
8275.15
8280.61
8285.99
8290.83
8294.42
8295.94
8302.77
8309.60
8316.16
8317.87
8318.77
8320.21
8320.84
8321.11
8322.02
8324.00
8328.95
8330.12
8332.65
8334.63
8336.70
8339.86
8341.67
8342.93
8343.56
8348.89
8351.51
8351.87
8355.13
8363.90
8363.90
8366.25
8368.88
8370.24
8377.30
8384.10
8385.47
8386.46
8386.65
8389.46
8389.91
8393.45
8394.63
8396.91
8397.45
8398.09
8401.63
8404.36
8404.45
8407.09
8410.27
8410.64
8411.18
8414.55
8418.74
8422.47
8423.93
8424.57
8425.03
8426.67
8429.68
8431.14
8431.32
8440.81
8443.19
8447.85
8448.21
8455.98
8459.19
8459.46
8461.66
8466.05
8466.60
8468.80
8473.84
8474.76
8475.95
8482.74
8487.33
8487.52
8492.94
8495.69
8512.35
8515.94
8520.73
8521.65
8534.02
8540.76
8541.04
8541.59
8546.59
8549.27
8551.21
8554.91
8556.39
8558.15
8562.69
8564.27
8571.50
8575.67
8578.46
8579.57
8580.50
8582.17
8583.56
8583.75
8584.40
8587.46
8596.39
8606.53
8608.39
8611.66
8617.81
8620.23
8624.90
8627.32
8631.15
8638.81
8646.11
8646.20
8646.48
8651.35
8652.56
8657.15
8659.78
8661.09
8663.34
8664.65
8670.46
8671.87
8671.96
8673.18
8673.56
8674.12
8678.35
8686.24
8688.21
8688.96
8691.97
8698.37
8702.42
8706.19
8713.06
8716.74
8720.61
8721.74
8722.50
8724.67
8725.52
8730.71
8735.63
8739.50
8741.77
8743.66
8743.76
8745.65
8747.07
8750.19
8750.38
8765.35
8766.21
8766.97
8770.29
8771.33
8773.13
8786.62
8786.62
8786.62
8788.24
8788.24
8788.43
8794.42
8794.71
8804.61
8813.00
8815.76
8823.87
8826.74
8832.66
8837.16
8840.02
8848.45
8851.89
8858.98
8861.95
8864.26
8868.57
8870.88
8872.60
8875.29
8876.54
8877.98
8886.53
8893.17
8893.56
8896.73
8900.30
8907.71
8913.79
8923.15
8931.74
8937.25
8941.41
8952.16
8953.42
8953.81
8970.48
8978.83
8984.67
8986.03
8987.29
8987.48
8990.89
8999.16
8999.75
9000.33
9001.79
9002.28
9003.35
9003.54
9010.46
9010.66
9012.51
9014.27
9016.61
9018.36
9019.53
9025.29
9026.08
9026.95
9029.69
9031.25
9034.87
9039.95
9044.75
9044.85
9045.73
9049.74
9052.19
9053.27
9054.15
9055.03
9059.24
9070.52
9071.21
9079.56
9083.19
9091.16
9097.55
9100.11
9102.67
9104.94
9105.53
9108.58
9108.88
9108.98
9110.65
9116.08
9121.60
9128.91
9133.55
9137.41
9138.20
9145.71
9162.45
9163.15
9166.91
9173.17
9173.66
9184.98
9190.55
9196.12
9199.21
9201.40
9206.18
9208.57
9210.56
9213.55
9215.94
9218.14
9221.73
9223.13
9226.02
9227.52
9229.11
9229.91
9230.01
9231.61
9233.51
9235.41
9239.71
9240.71
9240.91
9241.01
9253.21
9255.82
9261.22
9261.43
9261.53
9265.23
9265.74
9266.14
9271.15
9283.60
9285.31
9286.41
9288.82
9296.06
9296.97
9297.97
9307.03
9310.56
9311.36
9313.98
9318.32
9320.94
9324.97
9326.69
9329.21
9332.54
9332.95
9334.06
9344.06
9353.16
9354.68
9359.14
9361.67
9364.51
9365.82
9374.54
9378.70
9381.04
9392.61
9398.71
9399.53
9406.85
9406.85
9407.57
9408.68
9410.62
9410.82
9414.18
9415.71
9421.01
9422.13
9423.46
9426.92
9428.86
9430.09
9431.11
9432.33
9437.23
9440.70
9445.51
9450.21
9458.09
9458.80
9461.67
9461.77
9464.94
9466.79
9470.99
9472.01
9473.35
9473.55
9482.99
9485.24
9485.86
9486.06
9487.09
9488.94
9492.53
9495.82
9496.54
9498.08
9508.47
9509.80
9510.01
9511.14
9517.73
9519.58
9523.09
9524.42
9529.27
9531.33
9531.85
9533.09
9536.18
9537.52
9537.73
9537.83
9538.14
9539.59
9545.06
9545.68
9553.53
9556.22
9556.53
9564.60
9567.49
9575.68
9576.19
9583.76
9583.86
9586.04
9586.15
9593.41
9603.38
9605.04
9607.02
9610.66
9614.71
9627.31
9635.12
9643.47
9645.14
9652.65
9652.86
9653.80
9655.47
9662.06
9664.88
9670.21
9671.78
9672.83
9684.45
9688.02
9689.28
9695.67
9697.35
9698.19
9698.19
9699.77
9703.12
9714.36
9717.10
9722.46
9723.09
9726.46
9727.30
9728.56
9730.14
9731.93
9731.93
9736.57
9741.52
9741.73
9744.89
9752.07
9760.62
9762.62
9763.68
9765.79
9787.58
9789.81
9791.50
9794.57
9795.10
9797.12
9802.63
9804.01
9809.85
9815.47
9822.49
9826.53
9829.29
9829.82
9830.14
9832.69
9833.97
9836.10
9844.51
9847.92
9848.35
9856.34
9859.86
9875.34
9878.44
9880.15
9881.54
9883.36
9890.42
9900.91
9904.55
9904.77
9905.09
9910.24
9910.88
9913.45
9916.78
9917.96
9919.25
9920.96
9922.47
9924.61
9926.12
9927.19
9935.14
9938.69
9949.13
9949.34
9978.99
9987.85
9994.98
9995.31
9997.47
10000.28
10004.07
10004.50
10006.13
10010.68
10011.22
10013.93
10020.21
10023.90
10024.12
10024.44
10027.70
10032.80
10034.64
10036.16
10038.12
10040.18
10047.46
10049.75
10055.29
10057.03
10062.48
10065.63
10067.16
10072.61
10073.91
10075.77
10078.71
10078.82
10080.24
10089.73
10094.86
10101.96
10103.71
10104.37
10105.35
10112.24
10117.50
10122.97
10124.94
10128.34
10129.33
10129.98
10129.98
10131.85
10134.48
10138.43
10140.51
10147.43
10150.06
10151.05
10156.65
10157.42
10158.96
10167.76
10171.50
10171.61
10172.27
10172.93
10187.25
10189.01
10190.01
10192.43
10194.42
10194.86
10197.17
10199.27
10205.45
10211.53
10212.63
10213.52
10213.74
10216.39
10218.60
10219.04
10232.87
10236.53
10238.63
10241.85
10243.51
10253.38
10256.37
10257.82
10258.70
10263.14
10263.59
10270.92
10274.92
10277.26
10280.82
10288.94
10289.16
10289.72
10296.73
10303.20
10305.99
10306.32
10311.01
10313.57
10315.58
10317.48
10318.71
10322.28
10324.40
10325.74
10326.64
10333.01
10334.01
10339.38
10341.73
10342.40
10348.67
10348.78
10351.47
10358.08
10362.68
10363.01
10366.71
10378.50
10383.33
10390.63
10391.08
10397.04
10398.39
10402.89
10406.38
10408.75
10418.66
10422.72
10425.09
10425.54
10429.49
10431.64
10432.43
10433.33
10435.36
10438.52
10441.57
10446.77
10454.69
10457.85
10462.61
10463.85
10464.19
10466.91
10467.02
10473.14
10475.07
10476.77
10477.11
10477.45
10489.36
10495.49
10497.30
10497.30
10501.51
10501.96
10505.14
10505.94
10510.37
10516.86
10520.27
10530.98
10531.89
10533.03
10539.30
10541.12
10550.71
10553.68
10555.50
10555.73
10556.42
10557.45
10563.50
10570.48
10572.53
10577.00
10582.61
10588.56
10593.83
10601.17
10606.79
10609.66
10611.38
10614.14
10626.67
10633.22
10634.49
10637.48
10641.51
10647.73
10649.80
10651.99
10653.72
10659.25
10661.33
10663.41
10666.87
10671.60
10672.30
10681.77
10685.93
10686.05
10687.43
10692.29
10695.53
10697.15
10697.38
10699.12
10705.49
10708.61
10708.73
10713.83
10714.18
10715.80
10720.21
10721.72
10736.92
10742.73
10746.69
10747.97
10752.39
10759.48
10761.35
10773.00
10774.05
10778.36
10778.71
10779.29
10780.46
10780.93
10783.14
10787.46
10792.60
10794.35
10800.66
10816.09
10816.21
10816.44
10822.88
10824.76
10827.80
10829.21
10832.02
10837.65
10839.17
10841.28
10845.27
10848.32
10849.62
10852.79
10858.31
10859.83
10861.01
10866.18
10874.18
10876.18
10882.18
10882.65
10883.95
10884.65
10885.48
10890.78
10892.08
10893.84
10894.91
10896.67
10905.99
10919.69
10944.53
10944.65
10952.23
10956.73
10959.22
10968.71
10976.07
10983.91
10993.42
10996.99
10997.35
10997.71
10999.14
11001.87
11005.68
11007.59
11008.66
11011.76
11015.21
11028.45
11032.99
11038.60
11043.97
11048.75
11055.09
11060.60
11065.74
11084.08
11084.56
11087.08
11090.19
11092.71
11096.80
11099.20
11099.80
11100.04
11104.36
11104.60
11105.08
11105.32
11105.44
11109.29
11110.85
11111.57
11112.78
11113.38
11114.70
11122.88
11133.96
11140.95
11143.36
11143.96
11144.32
11146.01
11151.92
11156.27
11158.08
11159.04
11159.53
11162.79
11165.32
11166.05
11171.49
11172.45
11178.26
11185.76
11195.93
11196.66
11197.99
11200.78
11209.63
11210.23
11220.06
11220.06
11220.18
11224.19
11232.94
11233.55
11234.88
11235.49
11240.72
11242.91
11245.10
11261.90
11277.26
11278.61
11281.90
11282.27
11285.56
11287.76
11289.11
11289.47
11291.55
11291.67
11299.62
11301.33
11304.02
11305.85
11307.93
11308.79
11311.36
11319.44
11319.68
11320.30
11322.50
11334.88
11338.56
11344.70
11344.94
11348.99
11354.52
11355.38
11356.00
11356.12
11357.35
11371.36
11372.96
11374.81
11378.38
11378.38
11380.23
11382.44
11385.03
11387.12
11387.49
11391.81
11396.61
11409.69
11410.93
11420.81
11423.16
11434.90
11436.02
11438.49
11440.47
11442.21
11452.86
11463.64
11466.50
11466.99
11488.85
11489.72
11490.96
11493.70
11495.81
11498.30
11501.79
11505.52
11510.25
11512.24
11523.96
11528.07
11529.57
11532.44
11536.68
11538.68
11558.05
11560.30
11575.57
11583.71
11587.98
11594.87
11599.77
11600.40
11600.90
11601.90
11607.30
11611.57
11612.20
11613.71
11617.60
11618.11
11625.53
11637.86
11641.01
11641.38
11642.14
11646.17
11654.74
11656.26
11659.92
11663.95
11671.40
11674.18
11676.71
11682.65
11682.90
11683.91
11687.58
11687.58
11688.59
11696.94
11697.06
11704.53
11704.91
11705.55
11709.35
11712.39
11721.01
11726.72
11734.08
11747.93
11748.05
11748.31
11752.25
11753.52
11754.41
11761.66
11767.77
11769.04
11769.17
11770.70
11776.43
11776.69
11788.80
11792.63
11800.16
11802.84
11806.41
11806.41
11807.82
11809.86
11811.40
11814.72
11825.97
11829.17
11832.89
11849.80
11851.72
11853.77
11854.16
11854.67
11862.50
11866.99
11867.50
11871.61
11878.30
11881.89
11891.67
11891.93
11892.31
11896.17
11903.90
11904.54
11909.70
11912.53
11919.88
11932.53
11944.02
11951.78
11959.02
11962.13
11974.30
11978.58
11980.00
11984.15
11985.84
11988.43
11992.32
11993.88
12000.89
12001.02
12001.80
12005.18
12007.12
12010.24
12012.71
12012.97
12013.10
12014.53
12015.18
12023.37
12023.50
12026.89
12032.87
12045.90
12046.94
12050.20
12052.42
12064.29
12065.08
12068.73
12070.04
12071.60
12076.44
12083.37
12087.03
12087.81
12089.12
12092.91
12095.01
12096.97
12100.64
12102.08
12107.71
12114.13
12116.23
12117.67
12123.31
12124.62
12124.62
12130.00
12135.12
12137.35
12143.52
12143.79
12145.49
12151.80
12156.14
12159.17
12159.83
12165.75
12167.20
12174.44
12182.48
12193.03
12194.08
12194.74
12196.59
12203.19
12206.23
12209.93
12215.21
12217.46
12218.91
12221.82
12230.02
12240.48
12248.83
12249.49
12250.15
12251.21
12253.33
12253.86
12260.10
12271.25
12271.38
12273.10
12273.50
12275.23
12292.51
12293.44
12317.80
12317.80
12321.14
12321.94
12325.80
12335.54
12335.68
12339.15
12352.24
12356.51
12360.53
12364.27
12365.34
12370.96
12374.17
12375.78
12376.99
12378.19
12381.14
12385.96
12387.44
12396.55
12404.20
12406.62
12411.32
12414.54
12416.69
12419.51
12421.12
12424.21
12432.15
12434.84
12443.59
12447.09
12449.38
12449.51
12450.86
12460.97
12464.47
12467.58
12474.19
12480.80
12492.29
12493.50
12497.42
12499.32
12500.94
12510.55
12514.74
12521.65
12523.68
12528.83
12536.02
12543.48
12544.16
12545.93
12546.33
12551.49
12558.83
12562.77
12567.39
12572.02
12572.56
12577.59
12584.95
12585.63
12591.21
12594.21
12595.30
12595.71
12595.71
12596.39
12599.11
12599.93
12610.30
12614.39
12617.39
12625.86
12627.09
12635.97
12639.53
12642.54
12645.41
12655.95
12664.03
12676.37
12679.66
12680.49
12687.49
12693.53
12695.18
12700.81
12701.36
12701.91
12709.47
12713.04
12717.45
12719.10
12722.40
12732.32
12745.27
12746.65
12753.00
12753.41
12755.21
12765.70
12771.78
12783.53
12788.37
12794.60
12795.01
12805.54
12815.38
12825.65
12839.81
12841.34
12849.68
12861.78
12869.99
12870.96
12872.36
12878.90
12883.64
12884.20
12885.60
12891.17
12896.75
12909.32
12916.16
12917.14
12929.45
12935.46
12938.54
12939.24
12943.44
12944.84
12955.49
12956.33
12956.47
12971.06
12971.34
12973.73
12976.54
12979.35
12979.77
12982.01
12984.68
12993.96
12995.65
12997.05
12999.86
13005.21
13008.59
13057.80
13068.55
13070.38
13092.46
13099.41
13133.89
13134.18
13144.84
13161.63
13162.34
13162.77
13168.04
13173.74
13181.44
13185.86
13187.01
13189.72
13190.57
13203.28
13213.43
13220.72
13237.75
13244.49
13253.66
13254.38
13254.67
13257.68
13258.54
13262.84
13262.99
13269.88
13278.78
13281.80
13291.86
13293.88
13299.05
13300.64
13313.60
13313.88
13317.05
13319.50
13319.65
13323.39
13327.00
13332.34
13333.06
13337.82
13340.85
13356.16
13363.24
13364.25
13365.84
13366.13
13373.80
13378.00
13384.37
13386.69
13388.28
13397.26
13397.99
13398.13
13398.42
13413.07
13418.44
13423.82
13425.12
13425.85
13426.43
13428.17
13434.42
13435.88
13437.48
13440.53
13440.82
13441.26
13453.48
13454.64
13459.45
13460.32
13461.34
13466.59
13476.93
13482.77
13493.71
13495.61
13498.68
13507.44
13509.20
13517.83
13518.12
13523.53
13523.82
13530.56
13544.62
13545.35
13548.57
13562.95
13569.11
13574.40
13579.54
13579.98
13588.51
13589.24
13592.04
13603.22
13604.98
13617.21
13622.22
13644.05
13648.18
13652.32
13660.00
13680.56
13686.04
13687.22
13687.37
13713.46
13723.70
13730.24
13732.47
13733.95
13736.48
13738.41
13740.79
13742.72
13747.18
13791.73
13795.01
13799.49
13820.11
13820.11
13821.61
13828.04
13828.79
13829.23
13835.67
13847.05
13850.20
13850.80
13852.30
13853.50
13855.00
13863.84
13869.54
13869.99
13877.35
13877.80
13880.50
13892.82
13908.31
13910.42
13915.54
13935.88
13939.50
13950.51
13951.57
13951.57
13958.52
13960.18
13962.75
13967.28
13971.96
13978.62
13987.70
13989.36
13999.35
14000.72
14001.93
14003.44
14006.32
14008.14
14011.17
14012.84
14023.00
14024.07
14035.15
14036.97
14053.99
14064.94
14076.82
14097.55
14101.36
14116.63
14117.24
14117.85
14123.19
14124.88
14127.02
14136.19
14139.10
14139.40
14150.57
14164.67
14172.03
14177.55
14181.54
14185.53
14188.60
14205.34
14214.56
14219.79
14221.33
14221.79
14226.72
14244.12
14244.43
14246.13
14246.59
14250.60
14268.19
14278.84
14283.01
14313.80
14314.89
14316.12
14316.43
14318.45
14323.10
14325.11
14333.17
14333.33
14369.35
14370.13
14376.35
14382.89
14388.64
14395.50
14402.35
14418.57
14433.08
14434.33
14438.39
14439.33
14442.77
14444.96
14466.07
14468.57
14471.39
14472.49
14477.50
14491.29
14503.84
14516.71
14519.38
14553.67
14565.49
14572.27
14585.20
14601.94
14621.07
14622.65
14628.50
14632.94
14644.18
14668.13
14679.08
14688.45
14700.22
14708.33
14710.08
14717.25
14722.50
14723.14
14727.12
14731.27
14734.78
14744.98
14759.03
14760.15
14760.63
14771.49
14774.37
14780.12
14783.80
14785.72
14799.48
14813.26
14816.63
14824.65
14831.38
14832.35
14837.48
14850.81
14858.05
14858.21
14904.90
14923.14
14932.67
14947.86
14951.10
14951.42
14951.74
14952.39
14954.82
14956.27
14959.83
14959.83
14969.06
14973.60
14974.89
14984.46
14987.05
15002.30
15004.41
15007.50
15013.34
15014.64
15030.25
15030.74
15033.17
15035.61
15040.50
15045.05
15060.69
15068.35
15093.31
15112.11
15116.36
15127.16
15128.14
15135.83
15140.75
15145.50
15152.55
15154.02
15172.73
15173.38
15183.57
15193.26
15200.99
15202.80
15203.62
15209.38
15216.95
15217.94
15219.92
15221.89
15226.83
15228.81
15243.81
15243.98
15245.79
15256.19
15266.26
15274.85
15276.67
15284.61
15299.66
15301.81
15304.46
15304.46
15306.78
15315.40
15322.19
15335.46
15344.42
15352.73
15353.39
15359.87
15360.87
15380.82
15386.98
15402.47
15416.98
15425.82
15432.17
15432.33
15435.34
15439.68
15448.71
15449.88
15451.88
15454.06
15457.23
15470.79
15474.47
15475.47
15477.48
15489.54
15498.93
15515.88
15541.59
15544.61
15547.47
15549.49
15568.85
15594.48
15611.87
15633.33
15646.87
15647.38
15659.57
15665.17
15688.23
15690.44
15693.50
15700.97
15703.86
15708.79
15713.55
15715.93
15718.65
15719.33
15738.22
15742.65
15768.22
15772.14
15774.36
15803.23
15803.57
15811.10
15812.47
15815.20
15826.50
15834.55
15846.21
15850.15
15857.01
15862.85
15874.52
15879.85
15889.81
15891.71
15891.88
15898.07
15915.45
15917.86
15928.37
15946.82
15956.83
15966.16
15973.07
15980.16
15984.83
15993.13
16002.13
16003.52
16005.08
16009.58
16015.47
16017.20
16021.88
16028.82
16030.55
16034.20
16035.06
16035.93
16039.92
16046.86
16048.77
16054.16
16079.54
16083.02
16096.08
16126.76
16127.28
16141.07
16145.26
16154.87
16158.72
16170.44
16177.09
16189.52
16199.16
16201.26
16203.36
16214.24
16216.69
16220.20
16228.63
16235.13
16250.94
16252.53
16253.23
16254.99
16256.75
16265.72
16275.23
16278.04
16281.04
16283.68
16291.79
16302.19
16306.95
16308.90
16309.07
16355.37
16357.14
16358.20
16366.52
16374.49
16382.65
16393.99
16412.63
16424.71
16431.64
16436.44
16442.85
16462.61
16477.22
16477.93
16480.61
16485.78
16486.31
16487.20
16517.38
16517.56
16520.24
16520.24
16529.72
16529.89
16537.23
16550.83
16552.98
16559.07
16574.13
16576.46
16584.71
16599.07
16601.23
16603.39
16604.64
16605.90
16606.26
16607.34
16611.11
16622.44
16631.79
16638.63
16645.48
16665.66
16691.83
16692.55
16703.03
16706.64
16709.53
16712.61
16720.02
16761.87
16784.55
16786.55
16796.00
16799.99
16818.91
16819.64
16830.38
16831.47
16847.87
16848.05
16851.33
16858.99
16875.78
16875.96
16876.88
16887.11
16888.02
16913.62
16913.99
16928.82
16931.56
16938.71
16938.89
16944.21
16958.33
16970.45
16973.94
16980.36
16985.33
16998.56
17015.31
17025.07
17048.48
17059.18
17059.92
17117.24
17119.46
17137.99
17138.73
17142.44
17144.11
17154.50
17156.92
17163.04
17163.23
17165.09
17167.50
17168.06
17171.22
17176.23
17176.42
17181.25
17212.70
17213.44
17214.19
17219.40
17241.77
17247.93
17253.16
17255.02
17268.29
17276.88
17278.19
17291.47
17309.25
17332.49
17388.65
17392.98
17395.80
17396.93
17424.63
17453.68
17476.55
17494.52
17507.59
17516.68
17526.54
17530.14
17538.68
17560.14
17580.86
17582.38
17585.04
17587.71
17591.71
17595.51
17604.84
17624.47
17634.97
17643.94
17646.04
17648.52
17673.93
17674.12
17682.16
17723.72
17728.13
17739.26
17759.81
17762.12
17768.65
17773.84
17779.81
17784.04
17800.02
17815.43
17815.82
17821.99
17826.23
17839.74
17849.20
17864.07
17871.23
17899.67
17915.37
17932.43
17937.09
17949.32
17965.06
17978.87
17987.04
17993.85
18000.86
18010.99
18018.79
18019.57
18022.69
18024.64
18025.61
18037.12
18052.16
18052.94
18054.89
18101.44
18108.30
18114.57
18115.16
18119.67
18154.99
18156.37
18162.06
18173.47
18188.02
18193.34
18193.93
18201.41
18214.21
18242.02
18243.01
18245.58
18259.99
18276.60
18286.68
18289.26
18291.83
18295.79
18296.78
18298.76
18298.76
18298.96
18308.46
18322.93
18326.30
18339.99
18342.96
18349.51
18377.33
18381.11
18381.31
18400.21
18411.56
18418.93
18456.84
18465.43
18488.62
18495.02
18497.62
18513.64
18517.04
18530.67
18530.87
18538.90
18558.96
18563.58
18572.62
18580.87
18584.48
18587.90
18594.54
18620.31
18626.36
18641.68
18648.54
18661.05
18667.72
18679.23
18694.60
18694.80
18698.04
18709.78
18746.05
18765.33
18769.79
18780.97
18804.15
18845.90
18871.81
18880.19
18885.50
18886.52
18888.77
18897.97
18903.90
18907.38
18909.63
18915.56
18938.29
18938.70
18953.26
18959.82
18978.50
18983.43
18985.07
18989.79
18999.86
19009.32
19041.64
19046.79
19049.68
19050.92
19057.93
19077.11
19084.75
19104.38
19124.02
19154.88
19157.78
19167.73
19179.56
19201.36
19237.54
19268.17
19284.43
19293.62
19307.19
19319.10
19326.63
19336.67
19343.99
19347.13
19367.45
19367.87
19374.36
19376.46
19384.85
19389.67
19402.68
19421.80
19429.15
19437.77
19458.19
19476.30
19490.63
19511.73
19521.45
19543.85
19553.37
19567.34
19572.63
19574.75
19591.91
19597.64
19608.24
19609.73
19612.06
19612.70
19627.56
19649.87
19651.99
19653.27
19655.18
19655.40
19657.10
19659.01
19663.48
19667.95
19676.46
19682.42
19718.02
19726.55
19729.12
19729.54
19729.76
19746.84
19759.67
19770.79
19773.35
19785.12
19788.98
19793.69
19794.76
19794.97
19805.90
19820.91
19835.28
19886.85
19889.22
19893.52
19898.69
19908.17
19919.16
19923.04
19935.11
19946.55
19975.70
20002.52
20009.01
20061.47
20072.11
20111.24
20151.54
20154.81
20157.86
20158.30
20196.50
20208.96
20213.34
20242.88
20249.02
20253.62
20259.32
20272.91
20275.76
20283.88
20295.08
20300.35
20327.16
20341.02
20363.71
20374.95
20387.29
20387.96
20410.03
20410.69
20413.78
20416.65
20442.52
20481.92
20493.67
20499.44
20507.20
20513.42
20519.19
20527.85
20539.85
20564.08
20570.76
20573.21
20619.78
20623.80
20645.90
20657.97
20668.25
20678.32
20681.23
20698.91
20701.83
20705.41
20714.37
20719.53
20805.12
20818.40
20821.11
20824.04
20836.21
20838.46
20846.80
20853.80
20856.73
20873.44
20885.41
20905.53
20909.38
20920.47
20927.26
20953.31
20953.54
20955.13
20955.81
20958.75
20959.89
20967.60
20978.27
20992.34
20997.11
21007.34
21014.61
21045.79
21056.26
21059.68
21069.71
21073.36
21075.64
21082.94
21084.08
21084.53
21108.27
21112.84
21185.15
21186.75
21189.74
21191.34
21199.14
21200.97
21243.68
21260.24
21260.93
21272.43
21307.68
21356.15
21363.77
21371.63
21391.76
21428.59
21430.22
21446.69
21460.85
21477.34
21488.03
21488.03
21511.76
21522.00
21539.24
21550.90
21558.13
21565.82
21577.73
21578.43
21594.08
21595.95
21625.41
21680.46
21683.28
21692.90
21693.60
21705.34
21715.91
21718.73
21726.02
21735.42
21751.42
21759.42
21769.08
21779.68
21816.47
21897.35
21908.73
21944.08
21958.80
21965.46
21970.68
21989.47
21991.85
22025.67
22037.58
22040.45
22073.62
22098.71
22099.43
22145.15
22156.65
22208.97
22233.74
22240.71
22267.92
22289.38
22299.99
22308.68
22331.86
22338.63
22372.73
22396.95
22412.47
22420.71
22456.40
22463.21
22464.42
22473.42
22479.74
22492.88
22539.90
22550.14
22587.02
22589.95
22594.59
22599.73
22599.73
22610.24
22653.59
22660.21
22685.23
22690.63
22718.63
22725.76
22763.66
22764.89
22781.40
22793.73
22806.31
22817.66
22824.82
22838.91
22846.32
22863.14
22871.05
22899.28
22912.91
22947.40
22957.08
22967.02
22969.51
22970.25
22977.21
22990.64
22991.39
23015.03
23029.23
23039.20
23044.68
23098.10
23123.61
23125.11
23200.80
23225.66
23227.92
23233.20
23258.35
23266.91
23272.95
23289.33
23328.42
23337.25
23405.02
23408.06
23425.54
23438.73
23501.45
23506.79
23525.11
23526.38
23596.23
23598.02
23664.50
23666.55
23673.72
23730.14
23810.64
23821.72
23833.58
23866.09
23890.89
23918.05
23932.03
23967.27
23967.79
23974.27
23990.10
24013.74
24040.25
24040.77
24068.36
24089.72
24090.51
24113.72
24147.40
24158.63
24180.60
24185.05
24197.09
24218.04
24221.97
24227.21
24235.08
24240.59
24247.41
24262.89
24264.47
24274.44
24298.62
24327.29
24338.88
24356.26
24422.24
24430.43
24480.70
24595.93
24602.58
24617.49
24623.09
24634.81
24701.01
24726.68
24732.83
24747.28
24809.21
24810.29
24814.32
24831.50
24847.36
24879.10
24895.80
24896.61
24903.61
24913.32
24981.88
25032.74
25077.20
25089.42
25155.47
25211.87
25257.47
25258.01
25288.91
25314.37
25317.66
25319.58
25352.75
25386.24
25410.97
25520.08
25520.91
25529.19
25556.00
25632.71
25647.97
25699.64
25700.19
25704.08
25729.68
25735.81
25780.40
25793.51
25807.47
25827.03
25896.70
25914.64
25950.55
25966.28
25968.53
25974.15
25984.27
26010.43
26084.55
26110.81
26120.42
26163.69
26204.77
26212.15
26220.09
26243.65
26245.35
26260.12
26263.25
26322.13
26362.04
26398.28
26404.57
26429.44
26483.54
26504.18
26589.48
26595.81
26605.02
26736.90
26762.95
26797.72
26912.79
26972.55
26993.28
26994.44
27016.94
27018.40
27054.68
27060.53
27065.22
27121.21
27152.92
27214.68
27225.88
27338.34
27339.53
27354.62
27458.10
27465.83
27545.59
27559.00
27586.75
27614.82
27752.00
27794.37
27803.40
27822.06
27843.44
27853.98
27907.38
27985.99
28045.10
28069.69
28108.29
28229.29
28239.37
28293.81
28307.59
28333.94
28392.55
28395.32
28433.44
28458.99
28486.71
28559.86
28694.90
28703.91
28818.43
28877.42
28920.88
28941.54
29043.81
29097.91
29143.59
29171.35
29211.78
29305.17
29325.15
29393.45
29411.58
29417.63
29425.59
29445.65
29448.84
29482.00
29635.83
29678.51
29701.32
29730.90
29743.77
29955.31
29959.52
29986.44
30069.29
30133.12
30238.61
30378.31
30461.25
30757.00
30847.32
30938.90
30954.30
31051.25
31126.26
31237.93
31243.68
31391.08
31466.57
31511.54
31854.00
31866.75
31877.79
32094.78
32176.49
32299.27
32418.66
32511.39
32530.04
32561.03
32594.87
32624.15
32834.50
32936.98
33032.62
33236.61
33623.27
33963.31
35362.41
35378.49
35390.74
35648.23
36282.11
36658.16
37115.93
38053.64
38164.14
40602.91
40885.04
42882.71
