2.46
2.65
2.75
2.82
2.92
2.93
2.96
3.06
3.06
3.09
3.19
3.34
3.38
3.45
3.58
3.60
3.60
3.67
3.71
3.79
3.81
3.82
3.84
3.84
3.91
3.91
3.94
3.95
3.96
3.97
4.07
4.08
4.15
4.16
4.16
4.17
4.19
4.20
4.22
4.23
4.26
4.29
4.34
4.34
4.35
4.38
4.39
4.43
4.48
4.49
4.52
4.53
4.53
4.53
4.58
4.59
4.59
4.62
4.66
4.72
4.72
4.78
4.82
4.84
4.85
4.87
4.88
4.89
4.89
4.92
4.99
5.00
5.01
5.03
5.03
5.04
5.05
5.09
5.09
5.11
5.22
5.31
5.36
5.36
5.37
5.37
5.38
5.39
5.42
5.42
5.43
5.46
5.48
5.48
5.49
5.49
5.52
5.56
5.60
5.60
5.60
5.65
5.67
5.69
5.75
5.75
5.77
5.80
5.81
5.88
5.89
5.90
5.90
5.92
5.97
6.00
6.03
6.03
6.04
6.04
6.07
6.08
6.13
6.15
6.15
6.23
6.24
6.25
6.30
6.32
6.34
6.35
6.35
6.36
6.37
6.39
6.41
6.42
6.44
6.44
6.44
6.48
6.48
6.50
6.58
6.59
6.60
6.61
6.65
6.65
6.66
6.70
6.72
6.75
6.85
6.87
6.87
6.90
6.92
6.94
6.95
6.95
6.96
6.97
6.98
7.05
7.06
7.08
7.08
7.08
7.10
7.11
7.12
7.12
7.22
7.22
7.23
7.23
7.28
7.32
7.38
7.39
7.40
7.41
7.42
7.43
7.45
7.46
7.47
7.51
7.52
7.53
7.54
7.54
7.56
7.59
7.59
7.62
7.62
7.64
7.64
7.66
7.66
7.67
7.68
7.69
7.71
7.72
7.75
7.75
7.83
7.83
7.84
7.86
7.92
7.94
7.94
8.02
8.03
8.05
8.05
8.07
8.10
8.10
8.13
8.14
8.15
8.16
8.22
8.25
8.26
8.26
8.30
8.31
8.31
8.31
8.31
8.34
8.34
8.35
8.35
8.36
8.38
8.43
8.47
8.52
8.54
8.57
8.58
8.62
8.63
8.63
8.65
8.69
8.71
8.78
8.79
8.90
8.93
8.94
8.94
8.95
8.95
8.96
8.96
8.98
8.99
9.01
9.02
9.02
9.02
9.03
9.04
9.05
9.06
9.10
9.11
9.12
9.12
9.14
9.16
9.21
9.22
9.24
9.24
9.26
9.30
9.34
9.37
9.37
9.39
9.41
9.41
9.42
9.42
9.43
9.44
9.45
9.46
9.48
9.50
9.52
9.54
9.57
9.58
9.60
9.62
9.63
9.64
9.67
9.68
9.69
9.71
9.75
9.76
9.79
9.81
9.81
9.81
9.82
9.82
9.86
9.86
9.86
9.87
9.89
9.90
9.91
9.92
9.94
9.94
9.96
9.96
9.97
10.00
10.00
10.02
10.03
10.06
10.06
10.09
10.10
10.12
10.13
10.16
10.16
10.17
10.17
10.18
10.19
10.22
10.24
10.28
10.33
10.34
10.39
10.39
10.42
10.42
10.42
10.43
10.43
10.47
10.48
10.50
10.50
10.50
10.56
10.58
10.60
10.63
10.63
10.65
10.69
10.75
10.78
10.78
10.78
10.80
10.84
10.86
10.87
10.89
10.90
10.91
10.94
10.94
10.95
10.96
11.01
11.02
11.02
11.09
11.11
11.14
11.18
11.19
11.20
11.21
11.22
11.25
11.26
11.29
11.29
11.33
11.40
11.40
11.42
11.45
11.45
11.48
11.48
11.50
11.53
11.55
11.56
11.59
11.61
11.69
11.73
11.74
11.77
11.79
11.79
11.80
11.81
11.82
11.82
11.83
11.87
11.87
11.88
11.91
11.94
11.98
12.00
12.00
12.06
12.09
12.11
12.11
12.13
12.18
12.18
12.22
12.27
12.28
12.34
12.35
12.35
12.36
12.36
12.37
12.38
12.40
12.41
12.41
12.45
12.45
12.45
12.47
12.47
12.47
12.48
12.49
12.50
12.51
12.53
12.53
12.53
12.53
12.55
12.55
12.57
12.57
12.57
12.60
12.66
12.67
12.67
12.73
12.74
12.74
12.76
12.79
12.79
12.86
12.88
12.92
12.93
12.93
12.95
12.97
12.99
12.99
13.02
13.06
13.07
13.12
13.13
13.15
13.15
13.16
13.21
13.23
13.27
13.28
13.30
13.32
13.36
13.41
13.41
13.45
13.51
13.55
13.56
13.57
13.63
13.63
13.67
13.67
13.68
13.69
13.76
13.77
13.80
13.80
13.82
13.85
13.85
13.86
13.86
13.89
13.90
13.90
13.91
14.01
14.01
14.06
14.06
14.15
14.26
14.26
14.27
14.28
14.29
14.31
14.32
14.32
14.35
14.36
14.39
14.42
14.43
14.44
14.45
14.51
14.51
14.52
14.54
14.54
14.60
14.61
14.62
14.62
14.63
14.65
14.65
14.68
14.72
14.78
14.79
14.84
14.85
14.89
14.90
14.92
14.95
14.98
15.00
15.01
15.02
15.03
15.08
15.10
15.13
15.13
15.17
15.18
15.19
15.25
15.28
15.37
15.38
15.39
15.45
15.45
15.46
15.50
15.56
15.56
15.58
15.58
15.59
15.63
15.66
15.71
15.72
15.76
15.77
15.77
15.79
15.80
15.84
15.85
15.88
15.92
15.94
15.94
16.01
16.06
16.09
16.11
16.14
16.19
16.22
16.27
16.31
16.33
16.33
16.35
16.36
16.37
16.39
16.43
16.49
16.49
16.50
16.53
16.55
16.57
16.58
16.58
16.62
16.63
16.70
16.70
16.72
16.73
16.76
16.76
16.82
16.84
16.86
16.95
16.99
17.01
17.06
17.11
17.13
17.13
17.15
17.16
17.17
17.26
17.26
17.33
17.36
17.39
17.39
17.40
17.46
17.48
17.50
17.51
17.53
17.57
17.60
17.60
17.65
17.67
17.67
17.67
17.70
17.71
17.73
17.75
17.76
17.82
17.86
17.86
17.87
17.88
17.92
17.95
17.96
17.97
17.97
18.01
18.02
18.04
18.04
18.05
18.07
18.07
18.11
18.12
18.17
18.26
18.28
18.30
18.31
18.32
18.40
18.41
18.49
18.53
18.56
18.59
18.61
18.66
18.68
18.68
18.71
18.72
18.78
18.80
18.80
18.82
18.92
18.94
18.96
18.98
18.98
19.06
19.08
19.09
19.09
19.11
19.17
19.21
19.24
19.26
19.33
19.34
19.34
19.35
19.38
19.40
19.43
19.44
19.44
19.46
19.48
19.54
19.58
19.60
19.61
19.66
19.68
19.77
19.78
19.80
19.84
19.84
19.85
19.87
19.87
19.88
19.92
19.94
19.96
19.96
19.96
19.97
19.98
20.03
20.04
20.06
20.07
20.08
20.09
20.14
20.15
20.17
20.18
20.20
20.23
20.24
20.33
20.36
20.42
20.42
20.44
20.45
20.50
20.51
20.51
20.51
20.53
20.55
20.55
20.56
20.70
20.76
20.81
20.82
20.84
20.86
20.86
20.87
20.92
20.93
20.95
20.98
21.02
21.03
21.04
21.05
21.06
21.06
21.09
21.09
21.21
21.23
21.27
21.29
21.40
21.40
21.46
21.49
21.51
21.53
21.54
21.55
21.72
21.79
21.81
21.82
21.82
21.82
21.84
21.84
21.87
21.88
21.97
21.98
22.06
22.20
22.23
22.34
22.34
22.35
22.41
22.46
22.47
22.47
22.58
22.58
22.59
22.60
22.67
22.70
22.71
22.74
22.78
22.83
22.87
22.87
22.87
22.93
22.93
22.94
22.95
22.95
23.09
23.10
23.13
23.13
23.14
23.15
23.16
23.20
23.21
23.22
23.27
23.28
23.31
23.37
23.43
23.47
23.48
23.50
23.51
23.56
23.57
23.59
23.62
23.64
23.65
23.68
23.71
23.74
23.74
23.76
23.82
23.98
24.03
24.06
24.12
24.14
24.15
24.16
24.17
24.20
24.28
24.32
24.36
24.41
24.54
24.56
24.58
24.60
24.68
24.70
24.70
24.74
24.74
24.75
24.81
24.82
24.87
24.89
24.93
24.99
25.01
25.05
25.08
25.10
25.18
25.18
25.25
25.31
25.35
25.37
25.44
25.44
25.50
25.52
25.55
25.56
25.56
25.57
25.59
25.61
25.64
25.71
25.72
25.74
25.75
25.84
25.87
25.88
25.89
25.89
25.91
25.92
25.93
25.94
25.95
25.95
25.96
25.97
26.01
26.01
26.02
26.08
26.16
26.19
26.22
26.24
26.29
26.30
26.32
26.37
26.45
26.45
26.47
26.56
26.60
26.61
26.62
26.64
26.66
26.66
26.68
26.68
26.68
26.77
26.78
26.80
26.80
26.81
26.92
26.96
26.96
27.01
27.06
27.09
27.12
27.17
27.18
27.21
27.23
27.23
27.25
27.28
27.29
27.30
27.36
27.37
27.39
27.42
27.50
27.60
27.60
27.66
27.71
27.73
27.78
27.86
27.87
27.88
27.99
28.00
28.02
28.06
28.06
28.07
28.09
28.10
28.10
28.15
28.20
28.20
28.21
28.22
28.25
28.26
28.28
28.37
28.49
28.51
28.55
28.62
28.63
28.68
28.77
28.80
28.80
28.83
28.84
28.88
28.89
28.90
28.96
28.96
29.04
29.06
29.07
29.08
29.09
29.18
29.20
29.20
29.22
29.27
29.31
29.33
29.35
29.35
29.40
29.43
29.44
29.44
29.44
29.50
29.65
29.66
29.80
29.82
29.90
29.90
29.91
29.94
30.02
30.17
30.18
30.19
30.21
30.23
30.25
30.28
30.28
30.29
30.34
30.35
30.38
30.40
30.40
30.40
30.41
30.41
30.42
30.42
30.43
30.49
30.50
30.52
30.52
30.55
30.61
30.63
30.64
30.70
30.76
30.83
30.86
30.88
30.99
31.00
31.11
31.15
31.26
31.35
31.38
31.41
31.42
31.43
31.45
31.46
31.54
31.54
31.64
31.67
31.67
31.75
31.83
31.84
31.85
31.89
31.90
31.90
31.91
31.98
31.99
32.05
32.08
32.08
32.08
32.13
32.19
32.22
32.29
32.29
32.30
32.31
32.32
32.33
32.40
32.41
32.44
32.45
32.50
32.54
32.58
32.59
32.60
32.64
32.66
32.74
32.75
32.75
32.81
32.85
32.86
32.87
32.88
32.90
32.93
32.97
33.02
33.04
33.10
33.14
33.15
33.17
33.21
33.21
33.26
33.34
33.39
33.45
33.48
33.50
33.53
33.54
33.57
33.57
33.60
33.61
33.68
33.77
33.77
33.77
33.79
33.81
33.83
33.83
33.84
33.86
33.99
34.11
34.16
34.17
34.18
34.21
34.26
34.40
34.45
34.47
34.51
34.55
34.58
34.59
34.62
34.72
34.87
34.90
34.93
34.94
35.01
35.04
35.07
35.11
35.11
35.13
35.18
35.18
35.20
35.21
35.22
35.22
35.27
35.27
35.27
35.34
35.35
35.43
35.50
35.50
35.51
35.51
35.53
35.55
35.57
35.63
35.67
35.72
35.74
35.76
35.81
35.81
35.83
35.84
35.87
35.87
35.90
35.90
35.93
35.94
36.04
36.08
36.08
36.11
36.12
36.18
36.28
36.30
36.38
36.39
36.51
36.59
36.60
36.62
36.65
36.67
36.67
36.70
36.73
36.76
36.80
36.81
36.88
37.20
37.26
37.27
37.29
37.32
37.34
37.35
37.39
37.44
37.57
37.60
37.62
37.63
37.66
37.70
37.77
37.79
37.79
37.81
37.86
37.89
37.93
37.96
37.99
38.00
38.02
38.06
38.09
38.10
38.12
38.13
38.16
38.16
38.22
38.31
38.37
38.43
38.44
38.48
38.54
38.55
38.55
38.55
38.58
38.59
38.60
38.65
38.68
38.68
38.72
38.76
38.85
38.87
38.87
38.88
38.91
38.94
38.94
39.01
39.03
39.07
39.10
39.12
39.13
39.18
39.21
39.23
39.30
39.31
39.39
39.39
39.40
39.42
39.43
39.46
39.50
39.51
39.54
39.59
39.60
39.64
39.64
39.64
39.67
39.70
39.71
39.75
39.79
39.82
39.82
39.84
39.86
39.88
39.88
39.92
39.93
39.95
40.01
40.06
40.11
40.12
40.13
40.19
40.23
40.35
40.35
40.36
40.36
40.40
40.47
40.48
40.48
40.52
40.53
40.56
40.58
40.61
40.68
40.81
40.82
40.87
40.94
40.98
41.01
41.06
41.09
41.14
41.15
41.23
41.25
41.26
41.28
41.31
41.31
41.41
41.41
41.47
41.51
41.53
41.56
41.56
41.56
41.59
41.65
41.66
41.71
41.77
41.80
41.83
41.98
42.10
42.10
42.14
42.17
42.25
42.38
42.39
42.44
42.54
42.61
42.63
42.64
42.72
42.73
42.90
42.93
42.94
42.95
43.01
43.01
43.01
43.10
43.23
43.28
43.31
43.46
43.52
43.54
43.60
43.66
43.68
43.69
43.69
43.72
43.75
43.78
43.79
43.79
43.81
43.91
43.94
43.95
43.99
44.03
44.03
44.09
44.14
44.18
44.29
44.29
44.30
44.32
44.38
44.39
44.40
44.41
44.48
44.53
44.54
44.57
44.60
44.63
44.75
44.78
44.83
44.83
44.86
44.87
44.91
44.95
45.01
45.14
45.14
45.25
45.31
45.36
45.37
45.38
45.39
45.44
45.44
45.46
45.46
45.49
45.60
45.62
45.66
45.66
45.72
45.77
45.78
45.85
45.90
45.99
46.02
46.03
46.09
46.10
46.12
46.22
46.30
46.31
46.37
46.45
46.52
46.54
46.55
46.58
46.58
46.65
46.76
46.89
46.91
46.96
47.05
47.22
47.28
47.31
47.37
47.39
47.41
47.41
47.45
47.47
47.49
47.54
47.79
47.80
47.80
47.84
47.88
47.90
47.91
47.96
48.03
48.06
48.07
48.16
48.25
48.26
48.27
48.33
48.34
48.35
48.38
48.42
48.47
48.48
48.52
48.67
48.67
48.67
48.70
48.79
48.80
48.80
48.80
48.97
48.97
49.00
49.12
49.13
49.27
49.31
49.37
49.38
49.38
49.48
49.48
49.49
49.55
49.60
49.67
49.70
49.72
49.77
49.77
49.84
49.84
49.92
49.99
50.11
50.14
50.34
50.39
50.40
50.43
50.45
50.52
50.53
50.58
50.60
50.61
50.65
50.72
50.74
50.81
50.95
50.95
51.02
51.03
51.05
51.10
51.20
51.25
51.29
51.30
51.35
51.39
51.46
51.53
51.54
51.54
51.57
51.60
51.60
51.61
51.65
51.67
51.78
51.81
51.82
51.99
52.00
52.05
52.06
52.07
52.10
52.10
52.11
52.16
52.16
52.18
52.18
52.20
52.23
52.25
52.31
52.31
52.35
52.37
52.40
52.43
52.44
52.45
52.57
52.58
52.64
52.72
52.74
52.77
52.82
52.91
52.92
52.96
52.98
53.02
53.04
53.09
53.22
53.26
53.26
53.27
53.34
53.38
53.50
53.50
53.57
53.61
53.62
53.64
53.65
53.67
53.75
53.81
53.83
53.89
53.95
54.12
54.17
54.18
54.22
54.22
54.32
54.33
54.33
54.36
54.36
54.37
54.38
54.41
54.44
54.49
54.52
54.52
54.54
54.54
54.54
54.63
54.63
54.65
54.69
54.72
54.77
54.77
54.79
54.82
54.83
54.83
54.89
54.95
54.97
54.99
54.99
55.00
55.07
55.07
55.11
55.12
55.21
55.23
55.23
55.26
55.36
55.39
55.51
55.51
55.55
55.58
55.61
55.63
55.64
55.68
55.75
55.80
56.01
56.02
56.04
56.06
56.10
56.15
56.16
56.19
56.38
56.40
56.42
56.52
56.54
56.63
56.67
56.92
57.02
57.10
57.11
57.16
57.18
57.22
57.26
57.29
57.31
57.37
57.37
57.42
57.47
57.56
57.56
57.59
57.63
57.65
57.72
57.72
57.80
57.83
57.87
57.93
57.94
57.94
57.96
58.02
58.10
58.26
58.30
58.32
58.36
58.37
58.41
58.50
58.63
58.66
58.67
58.70
58.75
58.86
58.88
59.01
59.03
59.09
59.12
59.14
59.17
59.24
59.28
59.32
59.63
59.72
59.82
59.88
59.90
59.99
60.01
60.11
60.19
60.24
60.24
60.25
60.29
60.31
60.43
60.45
60.46
60.47
60.55
60.55
60.56
60.58
60.64
60.90
60.93
60.96
61.04
61.07
61.26
61.30
61.58
61.59
61.64
61.80
61.81
61.81
61.82
61.90
61.97
62.08
62.13
62.15
62.16
62.18
62.20
62.21
62.35
62.36
62.40
62.45
62.53
62.66
62.75
63.05
63.09
63.10
63.12
63.18
63.23
63.27
63.27
63.29
63.56
63.61
63.70
63.71
63.75
63.79
63.86
63.97
64.08
64.09
64.13
64.15
64.20
64.48
64.50
64.50
64.60
64.65
64.69
64.70
64.74
64.83
64.89
64.94
65.04
65.17
65.23
65.28
65.30
65.34
65.35
65.54
65.72
65.74
65.86
66.01
66.01
66.10
66.12
66.14
66.19
66.22
66.31
66.33
66.45
66.47
66.49
66.52
66.62
66.72
66.85
66.88
66.92
67.00
67.00
67.02
67.07
67.19
67.21
67.31
67.36
67.38
67.39
67.51
67.52
67.56
67.56
67.78
67.85
67.85
67.88
67.90
68.04
68.08
68.12
68.13
68.15
68.21
68.27
68.34
68.38
68.38
68.61
68.73
68.83
68.91
68.93
68.95
68.97
69.05
69.08
69.10
69.14
69.20
69.37
69.41
69.56
69.61
69.63
69.70
69.76
69.84
70.02
70.12
70.15
70.15
70.20
70.26
70.31
70.54
70.56
70.59
70.75
70.82
70.82
70.87
70.97
71.03
71.24
71.25
71.30
71.35
71.56
71.61
71.71
71.79
71.81
71.91
72.00
72.06
72.07
72.13
72.22
72.35
72.44
72.44
72.54
72.58
72.66
72.71
72.74
72.77
72.99
73.16
73.19
73.27
73.27
73.31
73.35
73.40
73.41
73.47
73.55
73.58
73.72
73.79
73.85
73.86
73.95
74.04
74.05
74.14
74.23
74.29
74.33
74.40
74.40
74.40
74.41
74.42
74.43
74.47
74.49
74.52
74.73
74.91
75.11
75.14
75.15
75.19
75.19
75.22
75.48
75.51
75.57
75.58
75.64
75.74
75.75
75.78
75.81
75.88
75.94
75.94
76.09
76.19
76.23
76.28
76.34
76.36
76.48
76.63
76.77
76.92
76.94
77.05
77.08
77.24
77.27
77.28
77.30
77.31
77.33
77.35
77.35
77.50
77.61
77.69
77.77
77.78
77.96
77.98
78.03
78.05
78.08
78.08
78.17
78.17
78.19
78.22
78.31
78.41
78.46
78.56
78.65
78.76
78.84
78.85
78.99
79.31
79.34
79.40
79.41
79.45
79.45
79.49
79.53
79.57
79.62
79.67
79.70
79.77
79.84
79.84
79.95
80.00
80.01
80.07
80.10
80.23
80.27
80.52
80.52
80.54
80.61
80.72
80.84
80.98
81.01
81.04
81.06
81.07
81.19
81.20
81.35
81.36
81.36
81.56
81.56
81.57
81.64
81.73
81.95
82.24
82.28
82.30
82.31
82.33
82.34
82.57
82.61
82.62
82.68
82.78
82.84
82.91
82.94
82.94
83.03
83.22
83.38
83.38
83.44
83.49
83.63
83.72
83.73
84.08
84.10
84.23
84.31
84.35
84.42
84.46
84.68
84.74
84.76
84.80
85.04
85.06
85.17
85.28
85.36
85.40
85.44
85.50
85.53
85.61
85.66
85.85
85.90
85.91
85.96
86.02
86.02
86.03
86.17
86.19
86.21
86.22
86.47
86.49
86.53
86.56
86.59
86.61
86.80
86.84
86.88
86.94
86.95
87.12
87.20
87.29
87.46
87.53
87.62
87.75
87.81
87.82
87.93
87.99
88.01
88.06
88.09
88.10
88.14
88.20
88.37
88.44
88.46
88.55
88.64
88.64
88.65
88.67
88.68
88.69
88.79
88.86
88.88
88.93
89.03
89.10
89.10
89.11
89.12
89.32
89.36
89.38
89.58
89.61
89.64
89.67
89.72
89.75
89.79
89.80
89.81
89.96
90.02
90.04
90.07
90.07
90.10
90.27
90.29
90.33
90.45
90.54
90.55
90.60
90.72
90.80
90.81
90.82
90.85
90.96
91.05
91.10
91.17
91.17
91.21
91.22
91.25
91.30
91.36
91.37
91.39
91.39
91.77
91.86
91.88
91.90
91.91
91.96
91.99
92.03
92.09
92.11
92.25
92.28
92.32
92.40
92.63
92.66
92.73
92.81
92.86
92.93
92.96
93.09
93.09
93.16
93.21
93.29
93.39
93.42
93.51
93.54
93.80
93.90
93.98
94.06
94.12
94.25
94.33
94.37
94.44
94.49
94.50
94.87
94.92
94.97
94.98
95.12
95.16
95.30
95.69
95.73
95.82
95.84
95.95
96.03
96.06
96.38
96.46
96.50
96.54
96.57
96.59
96.62
96.65
96.68
96.88
97.13
97.58
97.73
97.85
97.86
97.89
98.03
98.15
98.26
98.33
98.42
98.55
98.57
98.61
98.68
98.69
98.75
98.83
98.92
98.92
99.05
99.21
99.23
99.39
99.39
99.55
99.57
99.65
99.73
99.83
99.86
99.92
100.03
100.07
100.15
100.25
100.26
100.36
100.45
100.62
100.71
100.79
100.86
100.94
100.96
101.06
101.22
101.26
101.27
101.39
101.54
101.55
101.63
101.77
101.85
101.87
101.93
101.99
102.09
102.12
102.20
102.26
102.27
102.28
102.32
102.52
102.61
102.71
102.73
102.77
102.78
102.83
102.84
102.88
102.92
102.95
103.11
103.20
103.21
103.21
103.24
103.27
103.40
103.50
103.58
103.78
103.80
103.88
103.89
103.93
103.97
104.08
104.15
104.25
104.49
104.55
104.70
104.90
104.96
104.99
105.16
105.21
105.22
105.33
105.39
105.41
105.47
105.73
105.77
105.77
105.78
105.80
105.82
105.82
105.88
106.08
106.16
106.25
106.37
106.42
106.43
106.58
106.59
106.72
106.77
106.87
106.98
107.00
107.13
107.19
107.22
107.25
107.26
107.27
107.41
107.44
107.45
107.50
107.57
107.57
107.70
108.08
108.09
108.14
108.16
108.19
108.31
108.51
108.58
108.67
108.68
108.79
109.00
109.02
109.03
109.22
109.27
109.29
109.41
109.47
109.52
109.55
109.70
109.83
109.90
110.05
110.06
110.16
110.30
110.30
110.32
110.44
110.49
110.58
110.59
110.64
110.65
110.67
110.72
110.80
110.88
111.12
111.40
111.43
111.46
111.52
111.53
111.57
111.61
111.80
111.87
112.10
112.11
112.19
112.25
112.39
112.55
112.61
112.67
112.69
112.73
112.81
112.98
112.99
113.10
113.12
113.16
113.18
113.19
113.22
113.27
113.28
113.40
113.55
113.69
113.71
113.74
113.79
113.79
113.81
113.91
113.96
114.10
114.22
114.22
114.68
114.79
114.93
115.24
115.39
115.39
115.56
115.58
115.61
115.70
115.79
116.02
116.09
116.16
116.21
116.26
116.32
116.35
116.42
116.43
116.43
116.49
116.67
116.72
116.78
116.79
116.92
116.97
116.98
117.05
117.19
117.28
117.44
117.47
117.50
117.57
117.62
117.66
117.77
117.77
117.84
117.89
118.22
118.32
118.46
118.54
118.55
118.58
118.60
119.24
119.25
119.26
119.42
119.54
119.56
119.62
119.71
119.84
120.01
120.01
120.12
120.33
120.34
120.36
120.50
120.55
120.59
120.65
120.85
120.97
121.11
121.14
121.21
121.26
121.31
121.35
121.39
121.43
121.49
121.61
121.89
122.06
122.11
122.24
122.37
122.52
122.58
122.60
122.65
123.12
123.16
123.26
123.46
123.46
123.52
123.62
123.66
123.74
123.79
123.89
123.91
123.97
124.15
124.35
124.37
124.39
124.51
124.54
124.56
124.60
124.69
124.78
124.79
124.84
125.10
125.14
125.29
125.29
125.40
125.49
125.66
125.71
125.77
125.79
125.81
125.91
125.98
126.11
126.20
126.33
126.43
126.58
126.59
126.59
126.59
126.73
126.77
126.86
126.90
127.13
127.13
127.13
127.16
127.17
127.29
127.51
127.54
127.55
127.65
127.76
127.81
127.85
128.14
128.15
128.49
128.59
128.69
128.97
128.98
129.03
129.08
129.13
129.19
129.23
129.34
129.49
129.63
129.66
129.91
130.02
130.10
130.26
130.33
130.45
130.47
130.55
130.62
130.71
130.74
130.80
130.87
130.96
130.99
131.03
131.06
131.11
131.74
131.81
131.85
132.04
132.08
132.17
132.26
132.34
132.46
132.52
132.56
132.58
132.67
132.68
132.70
132.76
132.86
132.88
132.92
133.09
133.20
133.27
133.28
133.44
133.61
133.61
133.66
133.68
133.84
133.88
134.07
134.10
134.27
134.27
134.33
134.40
134.40
134.61
134.61
134.70
134.72
135.08
135.31
135.43
135.45
135.47
135.49
135.55
135.58
135.72
135.74
135.74
135.78
135.87
135.88
135.98
136.06
136.31
136.33
136.53
136.62
136.73
137.10
137.10
137.15
137.20
137.24
137.32
137.36
137.40
137.51
137.52
137.64
137.71
137.82
137.84
137.98
138.00
138.03
138.06
138.10
138.24
138.43
138.48
138.68
138.78
139.16
139.20
139.30
139.35
139.46
139.57
139.74
139.85
139.88
139.91
139.98
140.23
140.26
140.28
140.46
140.47
140.50
140.70
140.75
140.78
140.84
140.88
141.00
141.46
141.57
141.59
141.76
141.94
142.05
142.36
142.61
142.71
142.91
143.09
143.09
143.12
143.16
143.24
143.30
143.31
143.37
143.40
143.64
143.65
143.65
143.73
143.90
143.93
143.98
144.07
144.08
144.08
144.10
144.14
144.15
144.16
144.18
144.23
144.42
144.47
144.53
144.68
144.83
144.90
145.11
145.48
145.49
145.54
145.75
146.01
146.32
146.33
146.36
146.40
146.45
146.48
146.52
146.73
146.77
146.86
147.05
147.09
147.10
147.45
147.60
147.66
147.78
147.94
148.12
148.22
148.50
148.51
148.94
148.95
149.01
149.27
149.40
149.67
149.76
149.86
149.90
149.92
149.99
150.08
150.18
150.35
150.35
150.38
150.40
150.57
150.61
150.74
150.74
150.99
151.04
151.06
151.34
151.43
151.44
151.46
151.49
151.70
151.81
151.90
152.32
152.54
152.75
152.94
152.98
152.99
153.25
153.40
153.48
153.51
153.52
153.53
153.55
153.64
153.67
153.84
153.99
154.13
154.30
154.38
154.45
154.46
154.73
154.73
154.77
154.95
155.01
155.01
155.17
155.19
155.23
155.49
155.52
155.53
155.56
155.67
155.73
155.82
155.82
155.83
155.84
155.88
156.00
156.01
156.24
156.48
156.51
156.55
156.68
156.71
156.76
156.76
156.83
157.03
157.21
157.39
157.49
157.51
157.51
157.62
157.68
157.69
157.80
157.83
157.87
157.98
157.99
158.16
158.31
158.31
158.70
158.74
158.89
158.98
159.06
159.12
159.20
159.27
159.30
159.31
159.40
159.58
159.69
159.91
160.11
160.13
160.19
160.21
160.22
160.26
160.29
160.38
160.40
160.47
160.48
160.48
160.60
160.78
161.02
161.32
161.33
161.35
161.41
161.49
161.52
161.79
161.88
161.96
162.12
162.15
162.16
162.19
162.51
162.61
162.83
162.94
162.94
163.16
163.18
163.50
163.58
163.83
163.88
163.89
164.00
164.07
164.15
164.16
164.18
164.24
164.59
164.78
164.91
165.10
165.15
165.18
165.26
165.29
165.30
165.38
165.43
165.49
165.60
165.61
165.65
165.75
165.78
165.88
166.00
166.13
166.15
166.17
166.23
166.26
166.35
166.43
166.91
167.06
167.08
167.19
167.23
167.27
167.82
167.91
167.93
167.99
168.14
168.16
168.21
168.34
168.55
168.59
168.69
168.78
169.23
169.29
169.46
169.54
169.72
169.72
169.93
169.96
170.03
170.10
170.36
170.41
170.44
170.51
170.52
170.59
170.61
170.62
170.83
170.84
171.01
171.07
171.51
171.53
171.66
171.71
171.72
171.84
172.26
172.35
172.38
172.44
172.59
172.70
173.11
173.22
173.38
173.60
173.67
173.78
173.81
174.31
174.34
174.35
174.37
174.48
174.75
174.79
175.02
175.13
175.19
175.26
175.44
175.55
175.55
175.65
175.79
175.93
175.96
176.06
176.07
176.38
176.43
176.43
176.57
176.69
177.29
177.42
177.63
178.01
178.06
178.07
178.10
178.27
178.28
178.30
178.31
178.34
178.48
178.55
178.73
178.77
178.79
179.10
179.44
179.58
179.62
180.39
180.52
180.57
180.65
180.71
180.82
181.10
181.50
181.63
181.70
181.96
182.03
182.11
182.26
182.31
182.36
182.51
182.52
182.59
182.60
182.73
182.80
182.81
182.95
183.01
183.03
183.06
183.06
183.09
183.09
183.27
183.32
183.45
183.55
183.68
183.99
184.32
184.32
184.57
184.61
184.69
184.75
184.84
184.87
184.89
184.92
184.94
184.97
185.05
185.09
185.30
185.31
185.39
185.43
185.45
185.53
185.55
185.57
185.64
185.77
186.12
186.15
186.18
186.28
186.37
186.69
186.80
186.87
187.24
187.28
187.53
187.71
188.06
188.15
188.26
188.44
188.55
188.58
188.59
188.71
189.25
189.81
189.89
189.99
190.22
190.37
190.38
190.86
191.33
191.48
191.71
191.91
192.00
192.27
192.63
192.68
192.69
192.74
192.88
193.29
193.31
193.71
193.79
193.86
193.89
194.07
194.14
194.21
194.22
194.29
194.39
194.69
194.91
194.95
194.96
194.97
195.00
195.07
195.38
195.44
195.56
195.57
195.59
195.73
195.82
196.03
196.12
196.15
196.21
196.34
196.77
196.99
197.08
197.23
197.55
197.66
197.97
198.10
198.11
198.14
198.31
198.47
198.57
198.60
199.13
199.17
199.17
199.21
199.23
199.28
199.41
199.58
199.80
199.96
200.05
200.08
200.09
200.13
200.22
200.26
200.36
200.42
200.51
200.85
200.94
201.18
201.42
201.49
201.55
201.58
201.84
201.97
201.97
202.18
202.46
202.49
202.84
203.01
203.06
203.10
203.21
203.32
203.40
203.42
203.50
203.57
203.70
203.91
203.93
204.23
204.32
204.32
204.37
204.84
204.96
205.17
205.34
205.38
205.39
205.56
205.57
205.62
205.65
205.85
205.85
205.86
206.16
206.18
206.27
206.41
206.48
206.50
206.50
206.53
206.58
206.60
206.90
206.94
207.03
207.24
207.98
207.99
208.09
208.35
208.55
208.64
208.66
208.68
208.70
208.87
209.06
209.06
209.07
209.12
209.25
209.26
209.47
210.08
210.34
210.34
210.90
211.09
211.10
211.16
211.17
211.26
211.31
211.43
212.02
212.20
212.30
212.55
212.64
212.68
212.86
212.96
213.01
213.10
213.14
213.15
213.32
213.54
213.83
213.83
213.85
213.85
213.97
214.14
214.21
214.51
214.77
215.11
215.19
215.32
215.38
215.40
215.43
215.45
215.63
215.71
215.74
215.76
215.84
216.07
216.13
216.40
216.44
216.51
216.59
216.87
216.95
217.22
217.24
217.38
217.45
217.75
218.01
218.34
218.53
218.71
218.78
218.81
219.18
219.36
219.37
219.37
219.38
219.71
219.79
219.84
219.90
220.01
220.12
220.19
220.22
220.32
220.40
220.40
220.42
220.45
220.51
220.75
220.83
220.90
220.98
220.99
221.24
221.31
221.80
221.83
221.93
222.15
222.32
222.37
222.68
222.70
222.84
223.01
223.12
223.22
223.29
223.34
223.39
223.69
223.87
224.11
224.23
224.30
224.45
224.57
224.60
224.87
225.00
225.02
225.04
225.51
225.57
225.58
225.68
225.72
225.78
225.89
226.38
226.51
226.79
226.84
226.87
227.02
227.13
227.24
227.26
227.27
227.44
227.50
227.84
228.01
228.12
228.29
228.37
228.44
228.80
228.90
228.96
229.13
229.51
229.53
229.68
229.87
229.92
229.96
230.07
230.23
230.24
230.43
230.60
230.62
230.68
230.85
231.04
231.08
231.22
231.27
231.53
231.68
231.79
232.12
232.23
232.35
232.53
232.80
232.86
233.00
233.00
233.10
233.29
233.36
233.46
233.47
233.50
233.74
234.01
234.05
234.10
234.40
234.55
234.57
234.72
234.73
234.88
234.90
235.53
236.14
236.66
237.11
237.61
237.65
237.94
238.23
238.37
238.49
238.56
238.58
238.65
238.65
238.76
238.93
239.02
239.11
239.42
239.46
239.46
239.75
239.82
239.96
240.00
240.53
240.68
240.72
240.73
241.14
241.48
241.62
241.64
241.79
241.82
241.83
242.05
242.31
242.42
242.43
242.70
242.82
242.88
243.10
243.32
243.54
243.60
243.72
243.73
243.83
244.21
244.30
244.35
244.71
244.88
244.89
245.04
245.07
245.36
245.63
245.72
245.78
245.88
245.90
245.98
246.11
247.22
247.54
247.91
247.94
247.94
247.96
248.07
248.48
248.66
248.81
248.82
248.86
248.92
248.94
249.10
249.26
249.69
249.69
249.76
249.87
250.03
250.33
250.55
250.74
251.03
251.10
251.48
251.57
251.63
251.98
252.07
252.27
252.47
252.65
252.77
252.78
252.96
253.02
253.41
253.53
253.55
253.67
253.77
253.83
254.27
254.64
254.80
254.82
254.88
255.02
255.34
255.63
255.80
255.82
256.36
256.37
256.41
256.61
256.62
256.76
256.98
257.31
257.46
257.57
257.76
258.24
258.25
258.48
258.60
259.17
259.50
259.68
259.71
259.71
259.75
259.82
259.91
260.07
260.27
260.44
260.45
260.54
260.71
260.86
260.88
260.95
261.18
261.45
261.52
261.71
261.96
262.10
262.44
262.58
262.78
262.85
263.04
263.18
263.25
263.94
263.96
263.97
264.00
264.24
264.27
264.33
264.79
264.86
265.28
265.29
265.31
265.52
265.91
265.91
266.05
266.19
266.44
266.49
266.58
266.98
267.01
267.06
267.10
267.17
267.69
268.05
268.11
268.13
268.29
268.65
268.69
268.73
268.74
268.95
269.84
270.37
270.42
270.75
271.14
271.14
271.35
271.65
272.01
272.09
272.74
272.85
273.14
273.37
273.47
273.52
273.56
273.90
274.00
274.17
274.23
274.24
274.37
274.50
275.02
275.08
275.37
275.43
275.63
275.69
276.08
276.17
276.19
276.26
276.32
276.41
276.57
276.58
276.71
276.75
276.81
277.30
277.54
278.00
278.17
278.60
279.37
279.75
280.32
280.34
280.54
280.61
280.88
280.89
281.14
281.19
281.64
281.71
281.71
281.95
282.02
282.32
282.39
282.40
282.44
282.55
283.03
283.09
283.21
283.55
283.59
283.64
283.66
283.70
284.27
284.67
284.81
284.88
284.98
285.14
285.30
285.50
285.67
286.16
286.37
286.42
286.46
286.53
286.73
286.75
286.84
286.89
287.25
287.33
287.61
287.64
287.83
287.96
288.04
288.06
288.10
288.16
288.40
288.52
288.74
288.75
288.91
288.92
289.21
289.27
289.44
289.61
289.73
289.74
289.97
290.49
290.52
290.68
290.81
290.84
290.85
291.00
291.72
291.78
292.08
292.62
293.39
293.70
294.26
294.29
294.43
294.67
294.76
295.04
295.45
295.70
295.73
295.80
296.17
296.21
296.21
296.23
296.26
296.34
296.37
296.66
296.78
297.21
297.68
297.74
298.11
298.34
298.60
298.64
298.86
298.94
299.26
299.39
299.71
300.09
300.09
300.25
300.51
301.02
301.05
301.48
301.78
302.31
302.43
302.71
302.81
302.81
302.92
302.95
303.02
303.28
303.43
303.71
303.79
303.82
304.07
304.30
304.46
304.68
304.95
304.96
305.06
305.09
305.11
305.86
306.47
306.55
306.55
306.61
306.69
306.89
306.96
306.99
307.03
307.35
307.79
307.81
308.02
308.11
308.17
308.28
308.51
308.59
308.65
308.67
308.69
308.77
308.92
309.07
309.15
309.20
309.67
309.68
309.75
309.88
310.05
310.05
310.19
310.48
310.97
311.47
311.54
311.63
311.91
311.99
312.18
312.21
312.22
312.94
312.98
313.69
313.80
313.94
313.99
314.01
314.51
314.61
314.77
314.95
314.99
315.08
315.37
315.56
315.75
315.75
315.82
316.08
316.53
316.60
316.80
316.81
316.88
317.33
317.66
318.07
318.09
318.12
318.40
318.92
319.28
319.53
319.56
319.67
319.69
319.96
320.50
320.76
320.88
321.14
321.61
321.63
321.80
321.96
322.11
322.29
322.47
322.50
322.57
322.82
323.48
324.18
325.07
325.65
325.68
325.82
326.15
326.54
326.62
326.69
326.76
326.76
327.05
327.05
327.19
327.65
327.80
328.20
328.32
328.65
328.94
329.09
329.15
329.35
329.42
329.67
329.98
330.04
330.24
330.54
330.71
330.75
330.87
331.00
331.23
331.68
332.03
332.08
332.47
332.91
333.19
333.88
334.24
334.31
334.32
334.43
334.54
334.64
335.10
335.51
335.55
335.88
336.53
336.97
337.14
337.24
337.36
337.50
337.78
338.61
338.79
338.83
338.92
339.26
339.33
340.35
340.46
340.67
340.75
340.78
340.79
341.64
342.32
342.41
342.69
343.05
343.16
343.18
343.29
343.42
343.52
343.56
343.64
343.90
343.91
343.96
344.35
344.66
344.66
345.18
345.19
345.54
346.33
346.44
346.47
347.37
347.64
347.82
347.87
347.91
348.13
348.43
348.55
348.60
348.80
348.96
349.68
349.77
350.41
350.47
351.19
351.21
351.29
351.75
351.89
353.03
353.37
353.46
353.47
354.64
354.97
354.97
355.22
355.25
355.37
355.55
355.67
355.74
355.79
356.49
356.53
356.62
357.10
357.19
357.53
357.74
357.82
358.16
358.25
358.56
358.84
358.94
359.15
359.33
359.37
359.89
360.38
360.69
360.88
361.48
361.83
362.16
362.72
362.72
362.97
362.97
363.07
363.56
363.83
363.92
364.08
364.17
364.34
364.71
364.75
365.20
365.47
366.34
366.50
366.67
367.33
367.42
367.58
368.03
368.18
368.71
368.72
368.79
368.98
369.03
369.08
369.12
369.20
369.71
370.38
370.42
370.52
370.75
370.82
370.93
371.07
371.16
371.24
371.74
371.76
371.97
372.05
372.32
372.67
373.01
373.02
373.02
373.06
373.08
373.17
373.24
373.30
373.38
373.44
373.57
373.59
373.65
373.74
373.80
374.47
374.47
374.56
374.88
375.05
375.29
375.31
375.56
376.23
376.48
376.51
376.56
376.57
376.91
377.07
377.22
377.28
377.61
377.98
378.15
378.19
378.60
379.12
379.17
379.22
379.61
379.89
379.91
380.37
380.80
381.02
381.49
381.58
381.81
381.82
382.31
382.51
382.53
382.64
382.67
383.19
383.56
383.57
384.13
384.38
384.44
384.47
384.77
384.83
385.33
385.49
385.68
385.71
385.85
386.05
386.50
386.72
387.27
387.36
387.48
387.64
388.00
388.03
388.26
388.85
388.88
389.06
389.44
389.78
390.25
390.46
390.59
391.37
391.39
391.48
391.72
391.79
391.81
392.02
392.23
392.37
392.45
392.63
392.91
393.18
393.36
393.51
393.96
394.14
394.14
394.51
394.93
395.08
395.47
395.55
395.82
396.48
396.51
396.58
396.71
396.72
396.80
396.83
396.94
397.12
397.23
397.23
397.40
397.86
398.10
398.15
398.44
398.57
398.62
398.72
398.99
399.00
399.10
399.23
399.25
399.90
400.39
400.58
400.70
400.72
401.16
401.43
401.83
402.63
403.04
403.55
403.58
404.35
404.43
404.73
405.08
405.79
405.97
406.20
406.34
406.39
406.80
406.82
406.89
406.91
407.45
407.89
408.06
408.12
408.54
408.62
408.63
408.74
408.86
408.90
409.06
409.66
409.75
409.99
410.03
410.16
410.46
410.86
410.93
411.10
411.26
411.27
411.29
411.36
411.73
412.20
412.40
412.84
412.84
413.08
413.42
413.63
414.61
414.62
414.83
414.84
414.91
415.02
415.12
415.20
415.22
415.45
415.50
415.56
415.75
416.16
416.86
417.22
417.27
417.38
417.76
417.86
417.93
418.34
418.37
418.81
418.97
419.01
420.13
420.27
420.58
420.71
420.96
421.42
421.55
422.19
423.44
423.56
423.83
424.81
424.86
425.04
425.36
425.45
425.56
425.62
425.62
425.64
425.69
426.55
427.52
427.57
428.09
429.72
429.91
430.25
431.11
431.13
431.23
431.44
431.58
432.07
432.21
432.26
432.34
432.73
433.35
433.39
433.40
433.49
433.53
433.69
434.10
434.45
434.65
435.47
436.78
437.28
437.88
438.38
438.92
439.03
439.18
439.53
439.87
439.96
440.12
440.20
440.20
440.44
440.50
440.60
440.62
440.73
440.86
441.11
441.43
441.74
441.84
442.05
442.51
442.79
442.85
443.29
443.36
443.43
443.85
443.94
444.95
445.22
445.27
445.29
445.48
445.58
445.85
446.00
446.02
446.17
446.19
446.21
446.48
446.91
447.37
447.52
447.59
447.74
448.07
448.30
448.31
448.45
448.62
448.69
449.17
449.37
449.53
449.71
450.81
450.82
450.83
451.34
451.34
451.64
451.78
451.80
452.14
452.27
452.36
452.71
452.79
453.63
453.95
454.10
454.17
454.80
454.85
455.05
455.56
455.79
455.88
455.90
456.25
456.36
456.42
456.46
457.31
457.58
457.66
458.11
459.05
459.35
459.46
460.01
460.35
460.75
460.90
461.01
461.25
461.35
461.51
461.69
462.42
462.43
462.53
462.67
462.85
463.04
463.10
463.17
463.45
463.52
463.62
463.74
464.32
464.48
464.79
464.84
465.07
465.56
465.61
465.89
465.97
466.45
466.64
466.80
467.12
467.75
468.21
468.39
469.47
470.03
470.19
470.21
470.62
471.07
471.18
471.20
471.25
471.69
471.71
471.96
471.97
472.26
472.37
472.42
472.65
472.87
472.93
472.95
473.05
473.56
473.78
474.15
474.50
474.58
474.97
475.48
475.49
475.69
475.72
476.37
476.85
476.94
477.90
478.29
478.79
479.29
479.31
479.62
479.64
479.71
480.59
481.28
481.30
481.81
481.84
483.06
483.10
483.33
483.51
483.71
484.01
484.44
484.69
484.77
485.01
485.13
485.30
485.45
485.93
486.01
487.57
487.70
487.74
487.97
488.99
489.49
491.47
491.83
491.88
491.89
491.89
492.43
492.81
493.25
493.41
493.80
493.91
494.13
495.08
495.34
495.93
496.36
496.39
497.37
497.46
497.81
497.88
498.16
499.29
499.39
499.55
499.69
499.69
499.70
500.01
500.11
500.24
500.28
500.50
500.62
500.76
500.87
501.05
501.09
501.28
502.20
502.40
503.08
503.24
503.25
503.85
504.51
504.61
504.62
504.69
505.68
505.86
505.98
506.62
506.75
507.50
507.51
507.65
507.73
507.77
509.05
509.53
509.89
510.54
510.73
510.78
510.97
511.00
511.50
511.68
511.98
513.00
513.39
514.25
514.99
516.07
516.11
516.22
517.23
517.54
517.63
517.78
517.82
517.87
518.01
518.09
518.24
518.39
518.64
518.80
518.87
519.03
519.12
519.13
519.86
520.04
520.16
520.63
520.63
521.50
521.81
521.83
522.03
522.51
522.75
523.03
523.78
524.57
524.67
524.78
524.89
524.96
525.11
525.50
525.61
525.76
525.93
526.08
526.42
526.43
527.07
527.11
527.77
527.91
528.15
528.27
528.30
528.31
528.33
528.44
528.53
529.28
529.87
529.90
529.97
530.18
530.35
530.45
530.71
530.88
531.05
531.73
531.80
532.31
533.31
534.48
534.56
535.06
535.36
535.57
535.61
535.64
535.70
535.98
535.98
535.98
536.00
536.33
536.51
536.76
537.68
538.47
539.59
540.39
540.75
541.50
541.64
541.77
542.00
542.09
542.11
542.28
542.31
542.57
543.27
544.12
544.21
544.74
544.82
544.86
544.87
544.87
544.93
544.97
545.03
545.44
545.48
545.76
545.88
545.89
545.93
546.03
546.05
546.27
547.29
547.67
548.48
548.76
549.04
549.26
549.32
549.36
549.56
550.22
550.66
550.69
551.00
551.12
551.53
551.58
551.99
552.08
552.53
552.88
553.22
553.63
553.87
553.94
554.83
555.40
555.70
555.79
555.89
555.91
556.02
556.60
556.75
556.86
556.90
556.94
557.25
557.40
557.83
559.16
559.24
560.61
561.18
561.88
561.91
561.94
562.68
563.02
563.03
563.35
563.69
564.41
564.59
564.95
565.03
565.12
565.62
566.04
566.69
566.87
567.16
567.60
567.63
568.04
568.16
568.33
568.79
568.94
569.17
569.40
569.80
569.85
570.16
570.35
570.38
570.62
570.82
571.04
571.24
572.12
572.22
572.56
572.57
572.90
573.15
573.37
574.07
574.64
575.05
575.17
575.83
576.14
578.79
578.80
579.30
580.20
580.47
580.81
580.93
581.27
581.81
582.69
583.39
583.84
583.97
584.24
585.05
585.12
585.44
585.48
585.52
585.57
585.72
586.41
586.73
587.03
587.14
588.02
588.23
588.28
588.37
588.81
590.25
590.37
590.46
590.69
591.28
591.53
591.73
591.90
592.26
592.55
592.83
593.55
593.80
593.91
594.05
594.97
595.06
595.61
596.00
596.02
596.18
596.34
596.42
596.44
597.33
598.02
598.36
598.52
598.67
598.99
599.24
600.04
600.22
600.24
600.29
600.33
601.78
602.06
602.13
602.53
602.77
603.22
603.40
604.66
604.87
604.91
605.51
605.56
605.80
606.06
606.16
606.29
606.41
607.34
608.28
608.46
608.55
609.29
609.33
609.63
610.60
610.63
611.17
611.68
612.44
612.58
612.59
612.66
612.75
612.76
612.92
612.94
613.59
613.79
613.81
613.88
614.36
614.87
615.29
615.29
615.72
616.27
616.58
616.91
617.09
617.67
617.68
618.18
618.81
618.95
618.95
619.03
619.12
619.91
620.36
620.49
620.66
620.76
622.07
622.56
622.85
623.37
623.76
624.33
624.45
624.52
624.85
625.00
625.48
626.06
627.74
627.90
628.17
628.63
629.88
629.93
630.12
630.44
630.45
630.57
630.70
630.70
630.83
630.94
631.19
631.65
632.06
632.21
632.87
633.02
633.11
633.21
633.37
633.38
633.75
633.92
634.05
634.08
634.44
634.63
634.97
636.89
637.00
639.38
639.50
639.64
640.20
640.86
642.02
642.71
644.15
644.20
644.91
646.72
647.04
647.76
647.76
648.03
648.66
648.89
649.14
649.51
649.56
650.28
650.45
650.56
651.22
651.45
651.71
651.72
652.22
654.49
654.78
654.88
655.08
655.65
655.72
655.85
656.46
657.15
657.66
657.87
659.85
660.04
660.17
660.35
660.55
660.63
661.51
662.38
662.41
662.46
663.35
663.35
663.49
663.59
664.57
664.71
664.87
665.34
665.58
666.45
666.52
666.79
667.06
667.73
668.38
668.43
669.18
669.29
669.82
670.30
670.42
670.61
671.63
672.38
672.60
672.74
673.36
673.89
674.14
674.16
674.76
675.52
675.80
676.47
676.59
677.95
678.04
678.52
679.32
679.89
680.04
680.08
680.72
681.18
681.38
684.16
684.19
684.96
685.60
685.80
686.26
686.61
686.72
686.83
687.31
687.32
687.35
687.97
688.05
688.06
689.18
689.26
689.69
690.00
690.31
691.52
695.09
695.62
696.14
696.96
696.98
697.12
697.64
697.95
699.14
699.14
699.52
700.60
701.22
701.28
701.63
701.64
701.72
701.74
701.93
701.98
702.00
702.03
702.10
702.40
702.56
702.92
703.60
704.17
704.31
704.33
704.37
705.64
706.29
706.62
707.46
708.01
708.04
708.18
708.80
708.92
709.38
709.48
710.03
710.03
712.40
712.80
712.86
713.14
713.24
713.36
713.87
714.09
714.19
714.33
715.15
715.17
715.26
715.99
716.18
716.38
716.46
717.56
717.76
717.89
718.22
719.07
719.94
720.17
720.18
720.75
721.63
723.01
723.01
724.33
724.94
725.27
725.70
725.79
726.41
726.99
727.21
727.38
727.88
728.23
728.30
728.50
729.56
730.20
730.52
730.63
731.11
733.02
733.52
734.32
735.22
736.11
736.42
736.59
736.70
737.11
738.57
738.59
739.95
739.99
740.07
740.74
740.97
741.21
741.29
741.53
741.69
742.17
742.67
742.95
743.19
743.84
743.98
744.11
745.05
745.54
746.34
746.50
748.34
748.84
749.25
749.98
750.61
751.21
751.40
751.40
752.70
753.31
755.07
755.94
756.17
756.53
756.71
756.83
757.03
757.56
759.81
761.21
761.68
762.31
762.34
762.86
763.34
763.81
763.90
764.14
764.82
764.83
765.53
765.76
766.35
768.06
768.41
768.82
770.00
770.02
771.26
771.89
772.08
772.47
772.53
774.25
774.26
774.30
774.69
774.75
774.79
775.55
775.90
775.94
777.34
777.79
777.86
777.97
778.08
778.94
779.12
779.20
779.91
780.43
780.49
780.72
780.85
781.87
782.31
782.33
782.61
782.69
782.80
784.58
785.16
786.08
786.75
786.78
787.15
787.15
787.19
787.52
787.62
788.08
788.18
788.37
789.09
790.22
790.40
790.41
790.41
790.78
791.78
792.58
792.80
793.33
793.46
793.52
794.12
794.38
794.50
795.51
795.80
795.99
796.79
797.92
798.32
798.77
799.14
799.33
799.63
800.42
800.48
801.14
801.42
801.43
802.37
804.01
804.33
804.36
804.62
804.69
804.80
805.10
805.20
805.43
805.49
805.70
805.76
806.13
806.31
806.35
806.51
806.61
807.70
808.53
808.54
808.68
809.62
810.67
810.94
811.05
811.11
811.23
811.85
812.48
812.96
813.02
813.04
813.33
813.74
813.85
814.16
814.59
814.65
814.88
815.27
815.34
815.36
815.51
816.04
816.78
817.38
817.81
818.17
819.05
819.23
819.78
819.85
820.26
821.08
821.30
821.44
822.38
823.68
823.99
824.29
824.33
825.27
828.03
828.37
828.51
828.52
828.63
829.49
829.86
830.14
830.66
831.28
831.75
832.80
833.12
834.14
834.39
836.01
836.87
837.35
837.70
837.72
837.80
839.19
840.57
841.42
842.16
842.33
842.50
842.69
842.88
843.62
843.65
844.34
844.36
844.55
845.13
845.57
845.90
847.78
848.91
849.22
850.62
850.75
851.91
852.02
852.08
852.62
853.77
854.24
854.29
854.48
855.28
855.79
856.95
857.23
858.27
858.37
860.81
860.82
860.85
861.02
861.12
862.06
862.42
863.11
863.28
863.29
863.77
863.83
864.34
865.48
865.69
866.56
866.81
867.77
867.88
868.01
868.04
868.70
868.99
870.61
871.00
871.33
872.01
872.99
873.10
873.31
874.23
874.34
874.53
875.22
875.28
875.98
876.15
877.45
877.91
878.85
878.93
879.00
880.91
881.12
881.93
882.62
882.70
882.76
882.87
883.98
884.20
884.21
884.26
884.52
884.64
885.64
885.76
886.01
886.59
886.95
887.07
887.63
888.63
888.96
889.33
889.35
889.48
889.75
892.64
892.66
893.13
893.57
894.08
894.28
895.65
896.65
899.14
899.30
899.69
900.05
901.08
901.82
902.72
903.24
903.42
904.33
904.73
904.83
906.00
906.27
906.81
906.82
907.13
907.69
907.95
908.28
909.41
910.20
910.59
911.11
911.37
911.60
911.78
911.95
912.31
913.48
913.58
913.86
914.54
916.79
916.81
917.39
918.45
918.60
918.63
919.21
920.87
921.23
922.38
922.98
923.04
923.50
923.80
924.37
924.55
924.96
925.06
925.47
925.88
925.89
926.22
926.31
926.56
926.98
927.37
927.66
927.88
927.91
931.43
932.13
932.88
933.31
934.01
935.37
935.37
936.15
937.39
937.81
937.98
938.25
938.71
938.77
940.25
940.49
940.85
941.79
941.91
942.34
942.79
943.34
944.78
944.85
945.00
945.14
946.19
946.30
946.54
948.67
949.19
949.83
950.03
950.27
950.36
950.59
950.81
951.42
951.55
951.75
953.21
954.38
954.71
954.75
957.09
957.58
957.78
958.26
958.87
960.38
960.70
960.71
960.83
961.41
962.63
963.06
963.35
963.47
964.57
965.45
965.99
966.39
966.50
967.54
967.54
967.76
968.15
968.72
970.39
970.74
971.65
972.33
973.83
973.88
974.65
974.82
975.11
975.32
976.56
976.73
977.54
978.64
978.94
980.09
980.30
980.67
982.02
982.13
984.03
984.17
984.22
984.78
984.82
985.53
985.77
986.66
986.76
987.04
987.11
987.32
988.24
988.36
989.20
990.10
990.65
991.53
992.25
992.38
992.77
993.16
993.17
995.94
996.56
996.78
997.38
998.08
1000.08
1003.60
1004.81
1006.60
1006.77
1007.78
1007.81
1008.11
1008.64
1008.66
1009.11
1009.77
1010.56
1010.95
1011.72
1011.99
1012.29
1012.41
1012.48
1013.10
1013.95
1014.65
1014.89
1015.06
1015.72
1015.94
1016.05
1017.64
1017.87
1018.53
1019.08
1019.37
1019.44
1019.72
1021.51
1021.60
1021.62
1022.73
1023.12
1023.19
1023.38
1023.47
1023.57
1024.29
1025.00
1025.98
1027.20
1027.35
1028.12
1028.14
1028.26
1028.41
1028.58
1028.86
1029.00
1029.08
1029.58
1029.89
1030.23
1030.61
1030.71
1032.28
1034.18
1034.86
1034.95
1035.48
1036.42
1036.67
1037.45
1037.71
1039.29
1039.88
1040.09
1041.02
1041.31
1041.50
1042.58
1042.84
1043.15
1043.23
1043.54
1044.34
1044.41
1044.72
1046.08
1046.45
1046.48
1046.86
1047.11
1047.77
1048.08
1050.52
1051.08
1051.65
1051.85
1052.28
1052.65
1053.26
1053.61
1054.01
1054.54
1055.34
1055.91
1056.28
1056.59
1056.62
1057.20
1060.01
1060.57
1060.71
1060.95
1060.97
1061.74
1063.43
1064.55
1065.17
1065.48
1067.10
1068.39
1068.74
1068.76
1068.80
1070.05
1070.21
1070.27
1070.75
1072.16
1072.71
1072.76
1072.92
1073.97
1074.92
1076.15
1076.62
1077.39
1078.18
1078.34
1078.50
1079.02
1079.24
1079.56
1080.18
1082.25
1082.28
1082.93
1083.84
1084.85
1085.72
1086.00
1086.00
1086.80
1087.31
1087.95
1087.98
1089.25
1089.84
1089.96
1090.37
1090.85
1093.24
1094.66
1095.73
1095.94
1096.74
1097.85
1098.36
1098.51
1098.65
1099.22
1099.87
1100.11
1100.19
1100.35
1100.69
1100.80
1100.85
1100.94
1101.02
1107.30
1107.84
1109.42
1110.17
1110.46
1111.28
1111.31
1112.37
1114.03
1114.08
1114.14
1114.19
1114.44
1117.71
1118.09
1120.27
1120.34
1120.62
1120.69
1120.96
1121.61
1121.76
1122.51
1122.89
1123.54
1123.54
1124.33
1125.41
1125.86
1126.22
1126.32
1127.09
1127.56
1129.24
1130.64
1131.50
1131.67
1132.31
1132.80
1132.94
1134.98
1135.00
1135.26
1136.50
1139.24
1139.93
1140.69
1141.04
1141.29
1141.35
1141.94
1142.77
1142.88
1143.21
1143.40
1144.56
1145.13
1145.17
1145.19
1146.92
1148.17
1151.01
1151.36
1152.52
1152.59
1153.08
1153.15
1155.67
1155.96
1156.40
1156.43
1156.66
1156.96
1157.15
1157.34
1157.98
1158.65
1158.81
1159.60
1159.95
1160.51
1161.40
1161.93
1162.27
1162.75
1165.15
1165.96
1167.02
1167.44
1167.51
1169.03
1169.11
1169.18
1169.25
1169.70
1171.42
1172.13
1173.66
1175.84
1177.03
1177.57
1178.45
1179.78
1182.20
1183.14
1184.21
1184.41
1185.41
1185.56
1188.27
1189.20
1189.81
1190.73
1192.50
1193.82
1194.11
1194.60
1194.63
1196.44
1197.33
1197.44
1197.77
1198.18
1198.27
1199.88
1203.91
1204.35
1204.43
1204.75
1205.07
1205.18
1205.80
1205.93
1206.20
1207.38
1208.51
1208.91
1209.65
1209.69
1209.74
1209.80
1210.91
1212.17
1212.68
1212.71
1214.98
1215.00
1216.39
1217.06
1217.72
1218.40
1219.24
1219.28
1219.34
1220.29
1220.92
1221.11
1222.19
1222.51
1223.34
1224.03
1224.14
1224.51
1225.20
1225.98
1227.21
1227.34
1227.42
1227.73
1228.04
1232.67
1233.87
1234.07
1234.23
1234.40
1234.64
1235.69
1236.01
1236.61
1238.15
1238.18
1238.97
1239.03
1240.24
1240.99
1242.64
1242.99
1243.86
1244.27
1245.84
1246.77
1246.86
1247.62
1250.10
1250.68
1251.29
1252.84
1257.89
1258.19
1259.25
1259.39
1259.73
1261.26
1262.55
1263.87
1263.89
1265.30
1265.85
1268.33
1270.09
1272.80
1276.47
1276.50
1282.11
1283.21
1283.41
1284.13
1285.17
1285.85
1286.74
1288.69
1289.18
1289.52
1290.02
1291.26
1291.53
1292.70
1293.74
1295.00
1296.55
1297.91
1299.80
1299.84
1301.50
1301.94
1302.53
1304.14
1305.12
1306.44
1307.67
1308.05
1308.48
1313.38
1315.05
1315.49
1316.70
1317.34
1317.92
1319.52
1320.29
1320.44
1320.95
1321.12
1323.74
1324.92
1326.59
1327.44
1327.50
1328.96
1329.57
1331.37
1331.43
1334.82
1335.57
1335.60
1336.30
1336.80
1339.45
1339.94
1340.18
1340.95
1341.40
1342.40
1342.54
1342.74
1344.38
1345.81
1345.98
1346.90
1347.34
1347.41
1348.59
1349.42
1349.44
1349.51
1349.82
1350.77
1352.83
1354.60
1354.70
1355.41
1356.93
1357.90
1358.23
1358.39
1359.02
1359.29
1359.33
1360.70
1360.99
1361.61
1362.47
1362.73
1362.83
1363.01
1365.54
1369.49
1370.30
1370.69
1372.72
1373.55
1374.15
1374.62
1374.97
1374.98
1375.05
1375.32
1375.62
1375.89
1377.56
1378.39
1378.88
1379.60
1380.44
1383.56
1383.70
1383.95
1384.23
1386.09
1387.04
1387.70
1388.21
1388.75
1390.10
1391.67
1392.42
1392.44
1392.80
1392.96
1393.10
1394.19
1394.56
1394.74
1395.03
1395.44
1395.68
1396.83
1397.40
1399.08
1399.87
1402.05
1402.96
1404.12
1404.98
1405.16
1405.45
1406.17
1408.41
1408.53
1409.34
1409.69
1410.15
1410.57
1412.24
1413.25
1413.44
1413.54
1414.24
1417.81
1418.96
1419.05
1419.47
1419.54
1419.84
1421.36
1422.19
1423.39
1423.40
1425.02
1425.39
1426.35
1426.43
1426.53
1427.77
1431.22
1432.54
1432.57
1433.17
1434.58
1434.94
1436.82
1437.07
1439.22
1440.01
1440.17
1440.96
1441.20
1443.13
1443.16
1444.61
1445.24
1447.56
1448.61
1450.47
1451.59
1452.45
1452.54
1453.41
1453.82
1454.97
1458.29
1458.32
1458.77
1460.50
1462.73
1462.89
1463.87
1464.22
1465.44
1467.28
1467.89
1468.01
1468.76
1470.13
1470.59
1472.07
1472.21
1472.61
1472.79
1473.49
1474.08
1474.49
1476.65
1476.93
1477.00
1477.54
1478.37
1481.03
1481.11
1481.29
1483.37
1483.66
1486.97
1488.73
1488.98
1489.97
1492.08
1493.91
1495.59
1496.11
1496.51
1498.47
1499.07
1499.66
1501.08
1504.40
1504.56
1506.16
1506.58
1508.10
1508.93
1510.11
1510.34
1510.84
1511.25
1511.37
1512.12
1512.20
1513.53
1514.18
1514.61
1515.07
1515.77
1516.28
1516.95
1517.69
1517.77
1518.46
1519.52
1520.11
1520.57
1521.01
1521.74
1523.35
1524.54
1524.82
1526.72
1527.02
1529.08
1529.23
1529.60
1530.19
1530.24
1531.14
1531.33
1532.03
1532.68
1532.76
1534.20
1534.54
1538.41
1538.51
1538.54
1538.64
1541.79
1541.89
1543.53
1544.16
1546.70
1549.50
1551.08
1551.35
1551.83
1552.07
1553.24
1554.17
1554.47
1555.75
1556.32
1557.82
1560.22
1561.47
1563.58
1566.36
1569.50
1570.07
1570.63
1570.77
1572.56
1574.00
1574.65
1574.77
1575.43
1575.69
1577.16
1578.42
1578.44
1579.50
1579.91
1584.41
1585.40
1586.17
1586.43
1586.98
1588.91
1590.06
1590.30
1590.49
1592.18
1592.47
1592.54
1592.61
1594.47
1597.28
1597.97
1598.89
1601.26
1601.68
1602.53
1604.05
1605.36
1606.21
1606.28
1607.08
1609.08
1609.10
1610.79
1611.31
1613.33
1614.64
1614.85
1615.64
1615.90
1617.28
1618.10
1619.45
1619.66
1620.64
1621.52
1621.75
1621.98
1622.49
1624.03
1626.09
1626.97
1627.89
1627.97
1628.18
1629.97
1630.26
1631.29
1633.44
1634.73
1635.00
1635.51
1635.58
1635.74
1635.74
1637.50
1638.15
1638.88
1640.21
1643.03
1645.51
1646.09
1648.04
1648.59
1649.71
1649.78
1651.48
1652.32
1653.77
1654.00
1656.29
1656.71
1659.83
1661.19
1661.97
1662.83
1663.77
1664.58
1664.99
1665.31
1665.44
1666.27
1667.33
1668.40
1668.69
1672.56
1674.19
1676.61
1678.21
1678.70
1679.76
1680.25
1680.28
1681.59
1683.19
1683.83
1684.34
1685.09
1685.47
1686.88
1687.72
1688.06
1690.26
1691.37
1691.83
1693.22
1694.14
1695.00
1696.65
1697.17
1697.39
1697.46
1698.64
1698.75
1699.85
1700.95
1702.11
1702.59
1703.16
1703.25
1705.26
1705.65
1708.35
1709.03
1709.09
1709.77
1710.46
1710.99
1711.62
1712.49
1717.36
1717.52
1718.34
1719.07
1721.06
1721.69
1722.25
1722.44
1724.38
1724.95
1725.07
1725.79
1725.79
1726.17
1729.16
1729.42
1729.57
1729.79
1730.49
1730.69
1730.88
1730.94
1731.97
1733.30
1733.64
1734.52
1736.43
1737.62
1738.22
1740.57
1743.30
1743.40
1744.70
1745.29
1748.86
1751.15
1751.62
1752.76
1752.97
1753.96
1754.98
1755.06
1755.27
1756.39
1757.09
1758.23
1758.65
1758.93
1759.24
1760.95
1761.77
1763.78
1763.91
1764.02
1765.30
1765.61
1766.70
1770.66
1772.33
1773.38
1776.51
1776.99
1777.51
1782.56
1783.00
1784.12
1784.66
1785.72
1786.36
1787.50
1787.69
1790.42
1791.96
1794.90
1795.57
1795.72
1797.80
1797.90
1798.68
1799.51
1800.06
1800.94
1801.36
1801.77
1804.72
1804.88
1805.64
1806.17
1806.60
1808.49
1808.98
1809.84
1810.41
1810.49
1810.59
1812.39
1813.72
1813.88
1816.22
1818.83
1820.35
1821.81
1824.21
1824.83
1825.66
1827.79
1828.24
1830.09
1830.80
1831.27
1832.64
1832.82
1835.76
1836.23
1837.92
1839.00
1839.65
1843.74
1844.04
1844.26
1844.68
1844.72
1845.70
1845.72
1846.99
1846.99
1847.69
1848.27
1849.13
1849.69
1849.73
1852.18
1853.38
1853.96
1854.02
1854.18
1854.46
1854.50
1855.17
1858.40
1859.35
1860.05
1861.50
1865.53
1866.26
1869.37
1872.33
1875.57
1878.07
1878.43
1878.60
1878.84
1878.86
1880.53
1880.59
1880.94
1881.53
1882.03
1882.67
1887.21
1887.32
1888.17
1889.67
1891.08
1891.71
1891.85
1895.85
1898.42
1898.42
1898.52
1898.70
1899.03
1900.14
1901.93
1903.54
1904.24
1904.65
1905.87
1906.67
1908.16
1908.49
1908.82
1909.60
1909.60
1909.77
1914.49
1915.89
1916.64
1918.74
1920.42
1920.96
1923.77
1923.79
1923.81
1925.18
1927.29
1927.54
1927.83
1928.23
1929.02
1929.08
1929.81
1931.50
1935.25
1935.88
1936.46
1936.53
1936.69
1937.24
1937.99
1939.65
1942.76
1943.92
1944.15
1946.34
1946.88
1947.16
1948.23
1949.69
1952.37
1953.04
1953.53
1954.31
1955.46
1955.54
1955.56
1956.62
1956.62
1959.01
1961.73
1963.36
1964.77
1965.15
1966.19
1966.36
1968.64
1970.98
1972.58
1973.39
1973.52
1974.14
1975.17
1976.79
1979.15
1980.07
1980.54
1985.65
1986.12
1988.91
1991.11
1991.43
1992.92
1993.01
1993.98
1994.34
1994.39
1997.30
1997.69
1999.33
2001.20
2001.74
2001.98
2002.00
2002.19
2002.30
2003.45
2004.36
2006.05
2006.79
2008.38
2008.57
2009.72
2009.85
2010.27
2011.05
2018.96
2019.31
2021.02
2021.39
2022.33
2022.53
2022.64
2022.90
2025.70
2026.10
2026.69
2028.12
2029.26
2029.83
2030.40
2031.04
2031.39
2031.45
2031.67
2032.86
2033.17
2034.42
2034.56
2034.58
2036.74
2037.79
2038.08
2041.46
2045.97
2046.15
2047.01
2047.41
2047.87
2049.07
2049.29
2049.87
2050.13
2050.56
2050.69
2051.51
2052.18
2052.22
2052.38
2052.53
2054.35
2057.09
2057.85
2059.81
2061.43
2061.84
2064.78
2065.74
2068.87
2069.05
2071.00
2071.05
2071.61
2071.94
2073.36
2073.78
2075.78
2075.89
2077.47
2081.04
2081.94
2087.83
2088.69
2092.44
2092.63
2092.67
2092.76
2094.28
2095.25
2097.79
2098.63
2098.95
2107.69
2108.10
2108.88
2110.16
2112.53
2112.65
2114.22
2116.28
2117.45
2119.10
2119.58
2120.73
2121.28
2121.44
2122.11
2126.04
2126.18
2126.41
2129.44
2129.81
2130.07
2133.60
2135.58
2135.88
2136.88
2139.75
2140.25
2140.86
2146.03
2146.12
2146.42
2152.49
2153.24
2153.52
2153.82
2154.61
2155.59
2156.36
2156.39
2158.23
2160.50
2161.27
2162.46
2162.60
2162.84
2164.73
2164.76
2165.20
2166.25
2166.44
2170.83
2170.99
2171.18
2172.64
2173.11
2174.00
2174.78
2185.35
2185.54
2185.58
2187.03
2187.22
2187.64
2187.90
2188.59
2188.78
2190.60
2190.82
2192.78
2193.85
2194.33
2194.90
2195.06
2200.91
2203.18
2204.25
2204.39
2204.80
2205.20
2206.76
2207.40
2210.41
2210.53
2210.60
2211.56
2213.67
2214.24
2214.98
2216.25
2219.23
2219.78
2222.81
2223.12
2229.19
2229.48
2230.33
2234.51
2236.66
2237.05
2237.19
2238.28
2238.57
2240.80
2246.58
2248.28
2249.23
2250.11
2251.88
2252.30
2252.88
2253.66
2253.69
2254.00
2255.39
2256.01
2257.84
2258.57
2258.59
2258.62
2258.79
2261.28
2262.61
2265.05
2269.45
2272.12
2273.65
2276.95
2277.61
2278.20
2279.68
2280.70
2280.70
2282.62
2284.03
2284.67
2286.06
2286.40
2286.45
2286.95
2288.09
2289.27
2290.88
2291.85
2291.88
2294.46
2295.87
2297.66
2298.18
2301.79
2302.12
2302.36
2304.38
2305.03
2310.78
2311.43
2315.76
2316.38
2317.59
2318.79
2321.10
2321.35
2322.58
2324.24
2324.34
2326.03
2326.98
2327.89
2331.09
2333.64
2336.17
2338.67
2339.00
2340.47
2342.34
2342.44
2343.58
2344.90
2349.19
2349.35
2349.45
2350.24
2350.24
2352.40
2353.93
2356.07
2356.09
2356.60
2357.09
2357.32
2358.21
2361.86
2362.93
2365.31
2366.06
2367.49
2367.64
2368.41
2370.08
2372.87
2373.21
2373.70
2376.27
2376.70
2378.43
2378.63
2379.20
2382.60
2382.78
2387.45
2389.29
2389.31
2391.38
2394.67
2395.16
2395.16
2395.99
2398.33
2401.13
2401.67
2402.82
2403.34
2405.81
2408.13
2408.62
2409.12
2409.61
2410.16
2410.97
2411.41
2414.42
2416.09
2416.19
2416.98
2417.53
2418.89
2419.28
2420.48
2420.51
2422.63
2424.18
2424.36
2425.28
2425.78
2425.91
2426.12
2426.46
2426.54
2427.04
2430.32
2432.40
2433.90
2434.35
2436.54
2436.88
2436.96
2439.86
2444.51
2445.62
2446.71
2446.79
2447.29
2448.85
2452.89
2454.13
2458.04
2458.62
2460.38
2463.12
2467.21
2467.31
2468.11
2470.17
2470.54
2471.45
2471.85
2472.68
2474.96
2475.47
2475.95
2479.25
2479.73
2481.23
2486.88
2487.85
2488.41
2491.24
2492.83
2494.21
2498.42
2499.99
2501.10
2501.26
2506.35
2508.22
2509.88
2509.91
2511.05
2512.98
2513.66
2517.17
2521.78
2527.35
2527.54
2529.92
2532.28
2534.11
2534.58
2537.40
2538.72
2539.38
2543.09
2543.42
2543.78
2546.12
2546.20
2547.28
2549.46
2551.36
2553.54
2554.90
2555.67
2555.67
2559.32
2560.18
2561.46
2562.90
2564.04
2564.45
2565.48
2567.53
2568.20
2572.07
2573.43
2573.43
2574.49
2575.77
2579.68
2581.15
2582.27
2584.06
2584.14
2588.62
2590.08
2591.00
2591.65
2592.04
2592.32
2599.06
2600.02
2600.16
2601.57
2605.37
2605.57
2606.61
2612.14
2612.48
2613.59
2613.78
2613.95
2617.63
2618.45
2619.30
2620.64
2623.98
2626.26
2626.57
2627.19
2627.34
2628.90
2629.61
2633.11
2637.25
2638.87
2639.93
2643.02
2643.59
2644.53
2645.19
2647.25
2647.51
2651.44
2652.93
2655.86
2656.72
2658.33
2658.59
2660.03
2662.88
2666.08
2666.28
2667.00
2670.27
2672.84
2673.10
2675.04
2675.68
2676.40
2676.46
2678.51
2680.72
2683.53
2683.59
2683.82
2685.97
2686.99
2688.73
2690.34
2690.95
2691.15
2693.07
2693.31
2695.17
2697.04
2697.74
2698.38
2703.14
2703.32
2704.69
2706.86
2707.04
2708.50
2708.71
2708.85
2710.82
2711.14
2713.72
2714.90
2716.98
2717.90
2718.51
2720.16
2721.01
2721.69
2724.05
2726.70
2726.76
2726.94
2727.71
2728.06
2729.74
2729.86
2731.49
2731.93
2733.08
2733.76
2735.45
2736.25
2740.72
2740.87
2743.04
2745.03
2749.93
2751.54
2755.59
2756.04
2756.75
2759.32
2760.45
2762.25
2764.76
2766.02
2769.22
2770.36
2771.59
2772.82
2773.78
2776.84
2777.47
2777.74
2779.88
2780.78
2781.89
2786.11
2787.89
2790.00
2791.15
2792.02
2794.65
2796.26
2796.53
2798.38
2798.41
2803.25
2806.26
2807.75
2808.23
2811.70
2815.90
2818.31
2819.31
2822.76
2824.23
2825.21
2831.60
2832.95
2834.52
2841.24
2841.64
2845.61
2846.04
2847.92
2851.47
2854.09
2854.30
2854.55
2854.89
2855.45
2860.21
2866.44
2866.81
2870.38
2872.46
2874.95
2877.06
2879.65
2879.74
2880.89
2885.57
2885.57
2887.60
2888.17
2889.01
2895.33
2898.03
2898.94
2901.42
2905.06
2907.39
2907.67
2910.53
2911.01
2911.57
2913.37
2913.78
2917.31
2919.14
2919.74
2920.09
2922.68
2924.11
2924.77
2927.27
2928.41
2928.54
2930.92
2931.55
2932.53
2934.15
2935.33
2938.12
2939.65
2941.30
2941.97
2942.07
2942.42
2942.55
2942.67
2943.63
2944.11
2944.84
2946.75
2947.29
2947.52
2952.21
2955.47
2960.30
2960.75
2961.61
2965.05
2968.77
2970.31
2970.54
2976.78
2978.23
2978.55
2979.13
2980.16
2983.61
2984.32
2986.81
2987.26
2987.30
2988.46
2988.69
2990.50
2996.98
3004.77
3007.86
3008.05
3011.05
3019.53
3020.64
3020.97
3021.33
3021.40
3025.62
3029.19
3031.55
3032.43
3032.83
3037.36
3043.64
3046.51
3048.16
3051.19
3052.64
3059.19
3060.25
3061.15
3065.95
3066.75
3068.81
3072.53
3072.86
3073.52
3073.96
3074.65
3076.82
3078.18
3079.32
3079.95
3081.15
3083.68
3084.78
3085.55
3088.19
3091.03
3092.40
3092.94
3094.31
3094.65
3097.02
3099.61
3099.61
3100.81
3100.91
3102.32
3105.25
3106.09
3110.26
3111.43
3112.31
3118.85
3126.15
3128.51
3128.96
3129.33
3132.24
3132.61
3133.43
3136.85
3136.89
3140.01
3149.10
3149.81
3152.20
3152.95
3155.92
3161.11
3163.44
3163.92
3170.29
3172.69
3177.98
3184.42
3186.70
3187.59
3194.46
3204.33
3211.76
3212.31
3215.09
3216.00
3216.63
3217.98
3224.33
3225.65
3226.25
3226.98
3227.43
3231.52
3234.84
3235.09
3236.77
3237.26
3241.57
3242.27
3242.45
3245.75
3246.66
3249.19
3250.98
3252.81
3253.20
3253.41
3257.04
3257.50
3261.91
3274.89
3275.81
3276.69
3281.66
3296.75
3297.82
3299.93
3300.25
3301.21
3305.25
3307.79
3310.48
3312.02
3314.06
3318.04
3318.80
3318.98
3319.01
3330.92
3331.78
3333.62
3334.13
3337.59
3340.09
3344.24
3345.00
3347.57
3347.97
3349.68
3349.71
3352.00
3353.56
3356.68
3357.70
3359.80
3364.57
3365.70
3365.73
3368.10
3372.30
3375.07
3376.57
3379.86
3382.71
3383.66
3384.54
3384.98
3390.81
3399.59
3399.96
3402.05
3403.64
3405.18
3407.84
3413.78
3414.04
3414.37
3418.03
3418.55
3421.51
3423.91
3425.88
3425.99
3428.25
3430.29
3436.42
3438.10
3444.31
3446.03
3446.44
3449.72
3453.61
3456.30
3456.93
3459.44
3459.89
3460.08
3462.40
3463.75
3465.47
3467.31
3467.87
3470.01
3470.09
3470.72
3471.29
3471.93
3473.35
3477.90
3477.94
3478.21
3478.73
3479.18
3480.43
3482.65
3484.61
3485.14
3485.33
3489.17
3489.40
3489.89
3491.18
3494.65
3494.77
3503.63
3505.71
3506.32
3509.92
3518.48
3520.50
3520.54
3521.68
3523.13
3529.69
3530.80
3536.68
3541.82
3542.58
3546.03
3549.53
3552.22
3554.98
3557.68
3560.87
3563.46
3564.54
3566.43
3566.85
3569.40
3569.55
3572.37
3573.19
3574.50
3578.18
3583.49
3583.60
3587.83
3588.92
3590.78
3592.06
3592.38
3592.96
3594.28
3596.11
3597.31
3598.21
3600.16
3601.60
3603.51
3604.76
3607.60
3614.48
3624.31
3628.94
3630.24
3634.56
3638.93
3641.25
3642.20
3644.48
3647.28
3648.94
3650.60
3651.39
3653.29
3657.24
3665.28
3667.78
3669.41
3672.31
3676.01
3676.25
3677.16
3678.28
3680.58
3681.14
3681.22
3685.09
3686.80
3690.55
3692.47
3695.59
3703.55
3705.40
3708.17
3708.25
3708.61
3708.77
3712.38
3713.75
3716.08
3720.58
3720.82
3723.89
3724.49
3726.71
3728.68
3731.19
3735.39
3742.67
3744.09
3746.07
3752.81
3754.51
3756.30
3758.45
3758.45
3761.87
3762.52
3768.10
3771.08
3776.19
3776.39
3776.88
3777.86
3778.64
3781.17
3792.52
3792.81
3794.99
3797.78
3799.14
3804.07
3805.68
3810.91
3813.26
3817.60
3819.00
3820.78
3823.51
3826.78
3828.02
3830.13
3830.21
3831.04
3834.15
3835.15
3835.69
3837.35
3838.97
3838.97
3843.96
3845.00
3848.62
3851.20
3852.53
3857.66
3857.91
3861.67
3867.40
3867.65
3867.69
3868.87
3870.21
3876.66
3879.39
3879.89
3882.91
3886.07
3887.24
3888.76
3890.11
3893.01
3893.98
3898.53
3898.62
3900.14
3903.26
3904.10
3905.16
3911.72
3914.34
3914.55
3915.48
3917.48
3917.86
3918.15
3918.15
3921.33
3921.63
3921.97
3924.14
3924.90
3925.66
3930.47
3935.15
3935.40
3938.26
3940.82
3941.54
3944.48
3945.42
3946.79
3947.17
3947.98
3948.45
3950.59
3950.72
3957.05
3957.35
3957.95
3958.38
3959.06
3959.71
3960.69
3962.96
3967.60
3969.23
3974.90
3975.55
3981.32
3982.18
3984.25
3984.50
3986.27
3987.01
3989.25
3992.75
3993.22
3993.48
3997.24
4013.49
4014.02
4014.67
4015.58
4018.84
4020.80
4021.80
4023.23
4027.59
4029.64
4030.03
4033.17
4033.65
4037.62
4038.80
4045.89
4049.09
4050.01
4053.47
4054.87
4055.62
4055.79
4056.80
4060.93
4068.50
4068.89
4075.28
4075.41
4077.05
4080.80
4085.04
4086.19
4088.40
4089.15
4090.34
4094.37
4100.94
4104.00
4104.31
4106.75
4110.93
4111.11
4112.09
4112.27
4119.17
4119.66
4126.26
4139.09
4139.63
4140.12
4140.26
4142.19
4143.04
4144.07
4147.39
4151.07
4152.64
4154.89
4156.64
4158.89
4166.05
4166.28
4167.86
4168.89
4168.98
4170.29
4170.70
4179.33
4183.62
4184.21
4195.27
4196.86
4197.72
4199.54
4201.27
4206.82
4207.27
4208.23
4208.41
4211.69
4212.42
4216.02
4217.57
4219.67
4221.96
4225.57
4225.66
4226.07
4226.66
4227.72
4230.14
4232.39
4233.71
4235.23
4238.98
4241.42
4249.50
4250.79
4255.11
4260.41
4264.24
4267.75
4268.12
4273.52
4273.57
4274.63
4278.33
4279.17
4284.17
4286.12
4289.27
4294.33
4294.75
4301.50
4302.10
4304.06
4304.80
4305.87
4306.48
4318.14
4319.59
4323.29
4323.29
4326.19
4326.94
4327.78
4332.46
4334.67
4337.76
4338.00
4341.43
4342.46
4348.81
4352.20
4355.31
4356.96
4361.48
4363.18
4363.65
4364.36
4371.12
4373.86
4376.75
4378.98
4380.73
4380.83
4382.25
4384.72
4386.66
4389.13
4393.07
4393.50
4399.54
4404.92
4404.97
4405.12
4405.16
4405.54
4407.93
4408.55
4412.65
4413.46
4413.46
4413.56
4414.13
4417.52
4420.25
4422.74
4426.71
4431.12
4431.93
4432.13
4440.29
4441.15
4443.36
4448.80
4449.71
4455.64
4457.42
4458.97
4461.57
4466.35
4476.76
4477.00
4478.74
4483.93
4484.03
4488.78
4489.08
4490.87
4491.46
4491.70
4496.61
4499.77
4500.26
4500.89
4505.18
4509.23
4510.35
4511.47
4515.67
4515.77
4518.70
4526.24
4526.97
4530.45
4530.94
4532.91
4533.64
4535.06
4537.86
4545.48
4547.35
4550.84
4552.22
4553.45
4554.88
4556.21
4556.21
4567.66
4569.79
4571.12
4571.52
4572.71
4587.47
4589.36
4590.30
4591.15
4595.17
4603.14
4603.68
4606.92
4608.97
4611.06
4613.11
4614.61
4615.60
4622.50
4626.45
4636.28
4637.08
4644.71
4645.92
4647.33
4649.99
4651.00
4652.56
4653.11
4656.54
4658.35
4659.41
4660.42
4663.29
4668.04
4668.59
4672.74
4676.94
4676.99
4681.14
4688.33
4699.86
4701.03
4702.00
4705.97
4710.91
4713.05
4713.46
4714.12
4715.76
4717.08
4725.67
4726.28
4732.98
4739.90
4742.57
4746.57
4747.19
4748.68
4749.71
4749.86
4750.58
4752.48
4754.08
4759.17
4764.07
4770.57
4783.28
4783.69
4785.56
4791.10
4792.66
4795.09
4802.00
4803.20
4815.53
4819.54
4822.88
4822.93
4824.50
4830.40
4835.42
4836.83
4847.00
4851.61
4853.24
4853.24
4854.13
4863.60
4867.18
4870.71
4872.71
4874.77
4877.46
4879.04
4886.38
4888.13
4890.14
4893.31
4896.65
4897.82
4903.97
4904.02
4904.23
4905.67
4912.41
4914.96
4922.04
4922.47
4927.96
4929.82
4930.78
4932.60
4932.70
4935.37
4943.98
4944.14
4944.89
4950.51
4961.66
4969.13
4971.33
4973.22
4973.81
4974.78
4976.29
4981.35
4981.56
4983.24
4983.29
4985.34
4986.80
4987.39
4994.41
5000.63
5004.74
5012.00
5015.80
5016.13
5016.89
5021.45
5021.83
5023.89
5027.86
5047.21
5050.05
5053.44
5064.61
5065.76
5066.85
5076.35
5081.24
5084.81
5088.12
5089.27
5089.33
5092.74
5096.49
5096.55
5098.25
5102.67
5104.66
5105.76
5106.92
5111.51
5112.23
5115.99
5125.47
5129.96
5131.85
5141.35
5142.97
5143.30
5149.81
5153.38
5160.80
5166.73
5172.77
5173.33
5174.00
5179.49
5185.15
5190.15
5191.66
5195.60
5199.48
5207.19
5208.43
5210.06
5211.36
5218.64
5219.77
5224.97
5225.93
5232.21
5232.49
5236.29
5238.61
5239.86
5240.93
5241.50
5244.17
5247.23
5248.37
5249.96
5258.14
5264.75
5265.37
5267.54
5269.59
5271.36
5272.61
5272.96
5279.58
5282.66
5286.38
5290.84
5293.36
5296.00
5310.40
5313.22
5319.43
5319.66
5327.78
5328.18
5335.45
5339.90
5344.24
5346.14
5356.57
5356.91
5357.26
5359.17
5359.46
5364.28
5368.58
5369.27
5369.56
5370.20
5372.00
5376.37
5382.30
5383.53
5390.05
5390.05
5390.17
5396.82
5397.58
5398.69
5399.22
5399.80
5406.29
5407.52
5411.21
5422.40
5426.10
5428.98
5437.79
5441.38
5446.74
5450.05
5457.48
5466.34
5466.82
5467.11
5477.30
5481.45
5484.41
5486.79
5496.00
5500.64
5500.93
5507.84
5510.17
5511.90
5519.18
5519.54
5521.81
5523.00
5527.31
5531.19
5533.23
5537.66
5539.82
5557.59
5564.51
5568.60
5568.85
5572.94
5579.46
5582.54
5583.75
5584.41
5585.08
5587.13
5591.18
5592.45
5598.93
5600.51
5604.75
5622.79
5628.21
5630.46
5656.05
5666.46
5667.62
5672.90
5673.45
5674.56
5676.95
5677.69
5683.40
5686.05
5687.46
5692.82
5696.70
5697.75
5699.66
5702.38
5703.49
5704.10
5711.21
5711.89
5715.10
5716.09
5716.65
5721.91
5722.40
5725.87
5742.31
5742.81
5756.37
5763.23
5779.52
5791.54
5794.05
5794.24
5797.37
5801.70
5802.64
5805.22
5816.98
5820.06
5828.76
5829.01
5831.41
5843.28
5844.29
5850.94
5852.20
5853.60
5855.56
5860.82
5863.17
5867.48
5876.76
5877.58
5892.29
5903.21
5911.77
5915.61
5918.43
5919.19
5922.53
5926.89
5927.46
5927.53
5927.85
5929.58
5931.95
5932.85
5933.11
5937.09
5944.61
5949.11
5954.46
5958.91
5964.58
5967.88
5977.76
5978.86
5980.87
5988.77
5997.65
6004.08
6009.67
6010.25
6028.10
6031.36
6036.85
6047.44
6056.08
6074.06
6074.72
6077.35
6091.11
6096.91
6098.89
6100.87
6107.08
6112.83
6116.40
6121.83
6124.01
6125.34
6134.82
6134.89
6151.17
6152.64
6152.91
6153.97
6160.50
6162.77
6165.70
6170.91
6176.12
6178.52
6183.20
6186.82
6189.83
6192.44
6196.20
6198.28
6199.15
6201.03
6206.66
6218.56
6222.33
6233.99
6240.87
6248.44
6251.01
6251.01
6263.26
6272.01
6278.67
6289.68
6300.85
6305.08
6309.45
6312.04
6314.30
6327.36
6328.32
6340.17
6347.45
6356.31
6357.96
6360.99
6366.50
6367.40
6368.84
6371.46
6374.98
6379.33
6386.79
6394.74
6401.11
6412.06
6413.45
6414.35
6415.32
6415.53
6420.81
6431.44
6434.64
6436.52
6437.64
6448.93
6460.81
6467.10
6471.93
6485.74
6512.46
6515.63
6520.57
6527.06
6531.94
6538.02
6540.92
6549.06
6550.48
6567.09
6571.00
6573.06
6576.61
6596.43
6597.21
6604.85
6605.21
6605.64
6609.71
6615.80
6618.73
6619.31
6620.67
6624.03
6626.26
6629.63
6632.85
6647.94
6650.25
6654.28
6655.86
6658.31
6685.09
6687.55
6691.60
6693.63
6700.88
6705.01
6708.28
6710.45
6714.16
6714.52
6715.17
6720.99
6732.13
6737.23
6738.39
6739.19
6739.41
6740.00
6743.94
6752.92
6758.03
6763.52
6770.18
6787.57
6788.45
6792.71
6793.96
6795.28
6798.88
6802.93
6806.02
6826.23
6831.55
6833.84
6842.72
6844.13
6845.46
6845.91
6846.20
6851.83
6868.76
6884.90
6895.27
6901.09
6927.72
6945.66
6957.24
6960.33
6963.79
6967.26
6974.95
6996.87
7005.28
7025.55
7031.56
7033.38
7034.22
7044.20
7053.58
7059.30
7060.37
7063.35
7069.78
7073.37
7076.66
7079.11
7086.70
7088.16
7097.60
7098.52
7103.67
7116.74
7124.99
7136.72
7137.03
7137.41
7137.64
7139.96
7151.33
7151.48
7153.41
7156.20
7156.67
7157.13
7158.83
7161.24
7168.52
7178.61
7179.93
7181.88
7187.47
7190.90
7194.40
7217.16
7227.01
7231.47
7241.02
7244.31
7259.06
7262.83
7266.76
7269.04
7272.19
7279.59
7281.64
7281.64
7284.00
7284.63
7287.87
7290.23
7292.91
7294.65
7316.94
7318.52
7324.39
7331.05
7337.55
7351.30
7351.86
7359.66
7381.75
7382.15
7382.47
7382.55
7383.43
7389.42
7401.02
7402.70
7412.72
7416.09
7416.49
7432.48
7442.70
7451.24
7451.40
7451.88
7454.22
7456.24
7459.14
7467.62
7470.86
7475.38
7476.35
7488.01
7490.77
7492.55
7505.21
7512.03
7517.32
7524.56
7536.13
7538.41
7540.53
7563.41
7568.65
7579.55
7580.54
7585.05
7589.23
7593.26
7597.29
7597.61
7598.44
7624.05
7624.05
7645.77
7651.48
7665.65
7679.10
7694.32
7696.49
7713.66
7713.83
7714.41
7719.34
7726.86
7737.90
7742.76
7748.54
7754.16
7755.67
7755.84
7765.75
7775.92
7778.45
7779.88
7781.73
7784.68
7793.61
7801.03
7804.16
7804.16
7804.92
7818.53
7824.79
7835.21
7843.44
7844.37
7847.00
7849.29
7852.27
7855.67
7870.21
7878.65
7879.59
7887.01
7901.36
7901.53
7907.86
7915.90
7925.24
7927.99
7929.88
7938.63
7959.88
7970.56
7986.19
8006.95
8009.64
8015.27
8015.53
8033.07
8042.29
8055.44
8063.90
8065.03
8073.85
8083.12
8094.58
8094.93
8107.91
8115.98
8119.93
8120.46
8120.81
8129.78
8139.90
8149.07
8153.48
8161.95
8163.89
8164.33
8173.53
8176.71
8181.13
8181.84
8199.92
8201.34
8202.85
8202.94
8203.21
8204.71
8235.31
8236.20
8236.65
8242.62
8243.69
8252.79
8276.85
8293.07
8295.76
8336.89
8341.85
8346.99
8362.36
8389.82
8398.00
8402.90
8413.73
8427.12
8451.69
8454.52
8464.22
8479.90
8483.84
8484.03
8486.60
8487.79
8496.43
8497.53
8498.64
8503.42
8503.69
8505.99
8520.36
8546.22
8556.58
8567.60
8573.72
8579.94
8586.44
8591.92
8609.70
8620.14
8621.07
8623.96
8629.00
8646.39
8663.15
8665.49
8669.99
8672.71
8672.90
8676.75
8696.11
8698.18
8710.61
8712.97
8713.63
8717.31
8723.91
8728.63
8728.73
8732.70
8741.39
8743.85
8744.70
8746.97
8752.28
8753.89
8762.22
8780.92
8782.16
8782.82
8786.53
8815.29
8856.39
8858.70
8879.81
8889.42
8889.61
8889.90
8892.59
8896.06
8898.08
8905.98
8919.96
8924.79
8931.26
8935.03
8956.42
8959.33
8995.27
9003.35
9008.90
9012.61
9022.46
9034.77
9040.05
9058.46
9059.73
9061.20
9063.16
9068.36
9068.95
9069.64
9082.21
9104.74
9116.86
9125.45
9134.74
9139.98
9147.10
9155.12
9160.47
9162.35
9172.57
9174.75
9183.20
9190.65
9211.16
9213.75
9217.94
9224.82
9233.71
9247.11
9251.71
9285.31
9287.31
9329.92
9352.76
9356.40
9363.29
9376.77
9382.15
9384.89
9396.68
9401.56
9402.07
9405.33
9408.07
9417.75
9421.21
9423.36
9462.49
9463.31
9468.43
9474.47
9493.56
9495.31
9514.64
9523.60
9536.90
9542.89
9559.84
9560.66
9570.60
9592.79
9606.91
9608.68
9669.69
9676.28
9679.74
9682.15
9690.11
9713.84
9720.04
9759.67
9759.88
9769.49
9773.40
9782.40
9784.72
9802.00
9802.63
9806.98
9829.61
9837.70
9845.04
9865.62
9866.90
9898.45
9905.09
9908.52
9910.02
9911.09
9918.60
9942.46
9944.39
9962.70
9972.08
9975.75
10003.75
10007.43
10017.29
10018.91
10020.00
10024.12
10039.75
10042.90
10045.51
10049.20
10055.40
10057.58
10059.10
10064.33
10066.61
10070.10
10081.22
10085.47
10092.68
10098.47
10103.82
10128.56
10144.13
10149.51
10171.17
10182.18
10201.70
10212.74
10231.43
10240.85
10258.48
10259.15
10259.92
10273.37
10285.93
10289.72
10293.39
10303.76
10317.92
10337.26
10345.65
10358.86
10367.50
10401.54
10409.09
10420.35
10421.71
10423.17
10435.13
10435.36
10438.75
10446.21
10449.94
10456.61
10460.91
10464.42
10498.55
10507.99
10515.95
10534.40
10570.36
10587.42
10613.57
10618.39
10626.67
10654.76
10658.56
10660.87
10677.49
10682.11
10692.29
10697.27
10722.30
10739.71
10742.50
10746.34
10757.16
10773.81
10812.82
10839.88
10854.08
10854.66
10869.24
10888.07
10892.78
10903.28
10908.71
10915.44
10921.11
10930.21
10932.34
10936.48
10943.82
10962.07
10968.83
10974.41
10976.67
10978.92
10980.23
10999.97
11047.44
11050.55
11069.34
11070.29
11071.73
11073.53
11087.67
11094.28
11132.99
11159.16
11159.29
11185.64
11187.09
11208.90
11213.39
11238.29
11261.17
11268.97
11279.58
11282.88
11288.37
11293.38
11295.70
11298.39
11301.57
11301.57
11367.92
11386.38
11388.23
11392.05
11404.63
11416.36
11421.43
11421.67
11430.45
11457.44
11480.90
11507.01
11509.75
11522.21
11528.20
11551.67
11602.28
11621.00
11621.63
11635.84
11656.13
11661.81
11662.82
11663.83
11684.42
11685.81
11686.19
11687.83
11717.33
11728.87
11770.45
11803.35
11805.90
11808.33
11811.52
11811.91
11825.21
11832.50
11835.96
11857.24
11886.65
11940.92
11948.68
11964.72
11992.58
12000.50
12003.49
12008.94
12031.18
12031.44
12036.26
12040.56
12098.02
12104.56
12122.91
12175.63
12177.34
12200.55
12216.66
12231.08
12245.25
12266.33
12267.26
12274.43
12282.40
12285.86
12364.67
12385.83
12404.34
12565.22
12571.47
12583.04
12590.39
12592.57
12597.07
12605.66
12617.53
12618.08
12636.25
12657.87
12672.39
12677.61
12681.58
12682.82
12727.08
12735.90
12741.14
12758.66
12769.43
12820.23
12825.37
12834.39
12845.64
12899.27
12902.48
12910.44
12952.69
12973.45
12974.71
13002.68
13006.06
13010.84
13018.30
13063.17
13065.58
13073.35
13157.08
13170.04
13204.57
13205.28
13213.43
13241.19
13282.66
13303.37
13366.28
13374.81
13377.42
13429.63
13429.77
13438.78
13462.65
13487.29
13491.38
13493.86
13518.70
13521.04
13523.09
13558.69
13567.64
13586.74
13623.25
13650.25
13656.01
13657.93
13665.03
13670.35
13674.20
13694.18
13744.80
13747.93
13776.81
13814.73
13830.73
13855.59
13865.19
13871.19
13888.31
13910.27
13949.31
13955.35
13962.90
13984.82
14096.94
14133.44
14186.45
14211.80
14244.12
14249.52
14292.29
14331.93
14348.53
14358.78
14359.72
14361.58
14365.00
14374.80
14406.40
14434.33
14508.71
14509.02
14531.49
14542.18
14542.81
14556.51
14558.55
14635.63
14647.83
14677.97
14684.01
14689.89
14738.76
14745.78
14763.50
14827.85
14839.25
14840.21
14905.06
14912.32
14938.48
14967.77
15003.76
15017.24
15021.47
15173.71
15181.27
15195.56
15211.35
15228.32
15229.80
15287.09
15336.29
15363.36
15365.85
15370.34
15382.99
15417.31
15421.32
15505.31
15518.57
15529.65
15614.91
15618.29
15645.86
15659.23
15678.39
15696.89
15724.77
15756.11
15766.51
15789.73
15821.54
15823.42
15833.52
15834.89
15863.36
15868.00
15872.12
15879.16
15943.03
15981.20
15997.63
16025.35
16080.76
16099.56
16139.85
16194.95
16215.64
16234.78
16242.68
16262.73
16298.31
16351.12
16387.08
16427.55
16481.85
16495.95
16535.80
16593.51
16599.43
16614.53
16642.23
16661.69
16669.09
16695.08
16699.59
16766.94
16797.27
16808.36
16810.72
16837.66
16891.31
16894.23
16932.11
17028.38
17066.01
17069.52
17112.24
17189.62
17192.78
17235.43
17247.93
17270.34
17402.58
17424.25
17458.22
17505.12
17518.39
17520.09
17530.14
17576.29
17610.18
17618.56
17655.20
17660.36
17666.09
17706.28
17876.64
17900.06
17923.90
17935.54
17968.17
17989.57
18001.25
18056.26
18063.29
18091.46
18120.45
18135.16
18167.37
18172.88
18179.96
18226.24
18325.70
18388.47
18586.50
18591.93
18617.69
18991.44
19030.52
19255.45
19332.27
19349.23
19409.19
19605.69
19649.87
19700.75
19749.19
19769.72
19775.49
19866.42
19888.14
20049.76
20140.42
20204.81
20216.62
20229.09
20306.94
20315.51
20349.61
20541.18
20543.85
20545.63
20650.82
20678.10
20723.34
20800.84
20836.66
20867.11
20867.34
20873.44
20899.43
20902.59
20937.90
21060.59
21124.95
21164.99
21273.58
21318.05
21388.98
21392.69
21395.93
21429.52
21535.98
21641.56
21726.96
21822.38
21936.00
21979.01
22022.81
22100.15
22112.34
22386.54
22410.77
22537.95
22566.98
22841.87
23096.85
23122.61
23154.65
23169.69
23188.75
23228.68
23275.22
23324.13
23334.22
23357.21
23414.90
23624.33
23668.34
23679.61
23687.55
23736.56
24008.02
24051.44
24340.98
24368.92
24408.50
24436.24
24500.84
24528.69
24545.95
24660.15
24728.28
24968.10
25144.31
25151.39
25196.60
25395.03
25665.73
25890.26
26032.39
26061.42
26222.36
26394.29
26679.11
26863.33
27132.07
27229.12
27306.42
27402.31
27572.43
27763.72
27767.62
27948.77
28180.46
28736.54
28894.30
29148.01
29546.50
29579.13
29686.22
29905.44
30729.06
33329.88
33534.26
33664.04
34314.96
35362.03
38579.31
43275.64
