7.40
13.39
13.71
14.07
14.35
18.11
18.89
21.31
21.77
22.11
23.78
24.34
24.54
24.55
24.63
24.85
25.32
25.49
25.88
27.22
27.32
27.62
27.65
27.80
28.11
28.75
28.90
29.15
29.45
29.55
29.74
29.79
30.08
30.40
30.43
30.60
31.37
31.43
31.66
32.35
32.67
32.94
33.16
33.51
33.65
33.70
34.01
34.42
34.85
34.97
35.17
35.24
35.48
35.82
36.06
36.66
36.87
36.89
36.95
37.03
37.09
37.30
37.33
37.38
37.40
37.57
37.60
37.65
37.80
37.99
38.34
38.42
38.61
39.07
39.17
39.27
39.33
39.64
39.77
40.20
40.47
40.60
40.77
41.00
41.47
41.72
41.99
42.03
42.04
42.65
43.23
43.35
43.62
43.67
43.91
44.38
44.65
44.75
45.01
45.12
45.33
45.42
45.42
45.43
45.56
46.26
46.43
47.01
47.17
47.28
47.35
47.36
47.79
47.91
47.99
48.01
48.86
49.04
49.18
49.33
49.41
49.57
49.73
49.85
50.14
50.52
50.75
50.78
50.79
50.83
51.00
51.03
51.16
51.24
51.43
51.55
51.60
51.61
51.75
52.17
52.36
52.71
52.93
53.28
53.44
53.50
53.63
53.68
54.10
54.43
54.50
55.01
55.42
55.55
55.61
55.62
55.73
56.02
56.04
56.74
56.95
57.22
57.89
58.03
58.08
58.12
58.13
58.56
58.74
58.92
59.17
59.37
59.80
59.98
60.34
60.43
60.47
60.78
60.91
61.61
61.78
61.98
62.26
62.46
62.58
62.79
63.07
63.18
63.56
63.59
63.82
63.85
64.19
64.24
64.38
64.42
64.44
64.69
64.87
64.97
65.06
65.12
65.34
65.43
65.79
65.81
65.83
65.91
66.04
66.18
66.30
66.65
66.90
66.91
67.05
67.10
67.61
67.82
67.87
68.64
68.66
68.80
69.21
69.37
69.74
69.95
70.20
70.38
70.73
70.78
70.92
71.06
71.19
71.25
71.38
71.63
71.72
71.77
71.93
72.05
72.33
72.40
72.55
72.70
72.78
73.01
73.23
73.25
73.30
73.60
73.63
73.71
73.71
73.77
74.20
74.96
75.17
75.39
75.48
75.61
75.72
76.06
76.13
76.45
76.69
76.80
76.82
77.24
77.44
77.62
77.63
77.66
77.86
77.93
77.99
78.17
78.28
78.60
78.72
78.77
78.78
78.82
78.92
79.57
80.05
80.24
80.44
80.48
80.64
81.14
81.16
81.33
81.65
81.87
82.00
82.01
82.21
82.88
82.99
83.32
83.40
83.47
83.51
83.53
83.94
84.39
84.42
84.69
85.29
85.56
85.65
85.76
85.77
85.81
85.85
86.02
86.47
87.04
87.06
87.15
87.53
87.59
87.79
88.11
88.22
88.25
88.29
88.61
88.78
89.06
89.30
89.31
89.46
89.47
89.70
89.78
89.82
90.08
90.14
90.34
90.47
90.70
90.76
90.84
90.86
90.90
91.10
91.11
91.80
91.92
91.97
92.05
92.16
92.49
92.81
92.88
93.09
93.38
93.50
93.60
93.73
93.86
94.12
94.29
94.54
95.00
95.05
95.07
95.56
95.60
95.67
95.83
96.13
96.76
96.86
96.89
97.05
97.38
97.86
97.90
97.95
97.95
98.23
98.42
98.51
98.52
98.77
98.93
99.18
99.31
99.40
99.72
99.80
99.82
99.96
100.19
101.54
101.71
101.99
102.25
102.33
102.57
102.59
102.89
103.01
103.17
103.21
103.50
103.72
104.28
104.32
104.37
105.05
105.10
105.34
105.43
105.43
105.82
105.99
106.02
106.02
106.19
106.35
106.40
106.50
106.55
106.69
106.82
106.88
106.99
107.07
107.08
107.15
107.18
107.20
107.25
107.73
107.92
108.12
108.38
108.39
108.55
108.80
109.13
109.40
109.74
109.84
110.06
110.29
110.42
110.44
110.53
110.72
110.72
111.24
111.45
111.52
111.86
111.91
112.17
112.28
112.32
112.38
112.61
112.73
112.82
112.86
113.41
113.72
114.38
114.52
114.64
114.75
114.85
114.92
114.95
115.18
115.31
115.41
115.49
115.61
115.76
115.76
115.92
116.30
116.88
116.91
117.10
117.23
117.33
117.78
118.20
118.41
118.95
118.97
119.15
119.36
119.53
119.56
119.60
119.94
120.11
120.25
120.43
120.50
120.63
120.75
120.97
121.09
121.15
121.33
121.41
121.44
121.49
121.52
121.57
121.61
122.10
122.19
122.21
122.39
122.47
122.50
122.94
123.11
123.18
123.21
123.23
123.48
123.51
123.63
123.81
124.03
124.17
124.49
124.60
124.69
124.74
124.81
124.99
125.01
125.24
125.69
126.67
127.00
127.07
127.08
127.17
127.32
127.41
127.72
127.88
127.95
128.07
128.07
128.44
128.61
128.91
129.74
129.95
129.97
130.07
130.35
130.59
130.63
130.99
131.11
131.35
131.52
131.82
131.84
132.03
132.13
132.29
132.38
132.67
132.68
133.08
133.14
133.30
133.39
133.40
134.06
134.15
134.17
134.32
134.40
134.60
134.80
135.07
135.13
135.39
135.60
135.80
135.88
135.93
136.00
136.37
136.64
136.75
136.87
137.02
137.12
137.32
137.56
137.63
137.69
137.82
137.84
138.69
138.70
138.80
138.91
139.14
139.40
139.50
140.12
140.56
140.58
140.60
140.64
140.67
140.74
140.89
141.51
141.68
141.85
141.87
141.89
141.98
142.02
142.05
142.08
142.15
142.50
142.66
142.68
142.83
142.99
143.23
143.32
143.73
143.73
143.74
143.82
143.85
144.14
144.15
144.15
144.30
144.30
144.41
144.75
145.51
145.64
145.64
145.79
145.82
146.18
146.30
146.34
146.39
146.49
146.50
146.59
146.62
146.68
146.70
146.70
146.93
146.95
147.17
147.33
147.67
147.74
148.10
148.21
148.42
148.64
148.76
148.79
149.20
149.38
149.51
149.73
149.95
150.03
150.34
150.43
150.51
150.74
150.78
150.87
150.87
151.00
151.46
151.78
151.82
151.91
152.16
152.16
152.17
152.28
152.38
152.44
152.48
152.50
152.74
153.05
153.05
153.12
153.28
153.30
153.35
153.44
153.44
153.51
153.77
153.92
154.17
154.20
154.33
154.41
154.48
154.72
154.84
154.88
155.32
155.49
155.49
155.49
155.74
156.26
156.38
156.52
156.64
156.81
156.89
157.22
157.48
157.52
157.75
157.97
158.05
158.11
158.30
158.35
158.60
159.00
159.25
159.44
159.53
160.20
161.14
161.33
161.48
161.73
161.84
161.88
162.01
162.06
162.15
162.28
162.38
162.47
162.47
162.59
163.06
163.17
163.19
163.59
163.61
163.64
163.95
163.98
164.66
164.84
164.92
164.98
165.02
165.18
165.24
165.42
165.49
166.07
166.28
166.29
166.38
166.39
166.40
166.41
166.62
166.69
166.78
166.82
167.19
167.22
167.43
167.84
167.95
167.99
168.07
168.33
168.48
168.59
168.78
168.79
169.04
169.09
169.09
169.19
169.41
169.58
170.02
170.11
170.11
170.27
170.31
170.44
170.84
170.86
170.98
170.99
171.03
171.25
171.28
171.41
171.52
171.59
172.59
172.63
172.68
172.85
173.43
173.56
173.62
173.62
173.96
173.96
174.01
174.02
174.08
174.44
174.44
174.96
175.24
175.32
175.36
175.61
175.86
175.94
176.20
176.35
176.55
176.62
176.65
176.71
176.91
177.18
177.18
177.65
177.71
177.89
177.98
178.01
178.03
178.05
178.09
178.23
178.28
178.44
178.49
178.59
178.70
178.80
178.82
179.13
179.31
179.61
179.74
179.89
179.89
180.22
180.22
180.32
180.33
180.57
180.68
180.80
180.95
181.13
181.22
181.34
181.53
181.75
181.93
181.99
182.21
182.38
182.43
182.45
182.61
183.10
183.36
183.52
183.53
183.66
183.69
183.71
184.31
184.48
184.79
184.81
184.98
185.30
185.33
185.33
185.51
185.62
185.82
185.98
186.09
186.35
186.40
186.66
186.80
186.99
188.13
188.17
188.36
188.40
188.43
188.97
189.35
189.43
189.55
189.89
190.09
190.15
190.16
190.22
190.36
190.66
190.88
190.98
191.16
191.18
191.24
191.24
191.57
191.69
192.48
192.49
192.52
192.54
192.60
192.66
192.88
192.94
192.99
193.06
193.07
193.42
193.99
194.01
194.07
194.08
194.10
194.10
194.43
194.49
194.74
194.74
194.76
194.91
194.94
195.00
195.34
195.63
195.63
195.75
196.35
196.73
196.99
197.34
197.50
198.18
198.22
198.24
198.25
198.66
198.73
198.89
199.03
199.06
199.06
199.42
199.44
199.68
199.69
199.82
199.87
199.91
200.05
200.07
200.16
200.55
200.86
200.92
200.99
201.30
201.37
201.82
202.14
202.25
202.32
202.40
202.56
202.78
202.80
203.49
203.90
204.16
204.20
205.00
205.06
205.33
205.57
205.62
205.99
206.11
206.26
206.29
206.48
206.71
206.79
206.93
206.98
207.32
207.39
207.46
207.52
207.91
208.11
208.50
208.54
208.68
208.85
209.05
209.14
209.18
209.24
209.32
209.44
209.63
209.94
209.95
209.96
210.05
210.05
210.17
210.26
210.42
210.59
211.46
211.56
211.84
211.86
212.15
212.41
212.49
212.50
213.00
213.25
213.34
213.50
213.52
213.75
214.26
214.27
214.32
214.50
214.86
214.96
215.09
215.16
215.29
215.46
215.50
215.68
216.43
216.96
217.13
217.31
217.39
217.45
217.51
217.56
217.58
217.59
217.67
217.79
217.87
218.05
218.06
218.41
218.45
218.60
218.89
219.06
219.61
219.77
219.91
219.98
220.55
220.61
220.72
220.76
221.04
221.07
221.19
221.21
221.27
221.61
221.63
221.67
221.76
221.79
221.92
221.98
222.03
222.19
222.26
222.29
222.44
222.56
222.77
223.07
223.11
223.19
223.23
223.23
223.31
223.62
223.80
223.92
223.97
224.32
224.96
225.08
225.20
225.32
225.34
225.59
225.61
225.75
225.78
225.79
225.90
226.09
226.22
226.51
226.93
227.06
227.23
227.42
227.50
227.87
227.92
228.14
228.29
228.41
228.92
228.99
229.16
229.29
229.37
229.40
229.60
229.72
230.12
230.33
230.46
230.53
231.01
231.34
231.35
231.38
231.42
231.56
231.93
232.78
232.98
233.31
233.37
233.62
233.86
233.88
233.95
234.12
234.18
234.21
234.66
234.86
235.09
235.56
235.85
236.03
236.06
236.09
236.20
236.66
236.72
236.80
236.97
237.10
237.21
237.43
237.60
237.71
237.84
237.93
237.98
238.26
238.80
238.85
239.12
239.31
239.58
240.58
240.79
240.82
241.30
241.35
241.36
241.61
241.62
241.80
241.90
242.11
242.24
242.29
242.43
242.71
242.72
243.23
243.26
243.36
243.40
243.53
243.85
244.01
244.10
244.10
244.77
244.86
244.87
244.97
245.36
245.50
245.64
245.70
246.00
246.78
247.35
247.55
247.63
247.79
247.98
248.01
248.07
248.21
248.33
248.34
248.41
248.57
248.67
248.72
249.28
249.55
249.79
249.89
249.90
250.23
250.23
250.61
250.78
251.31
252.08
252.38
252.79
252.93
253.17
253.50
253.96
254.26
254.37
254.63
254.68
254.71
254.78
255.18
255.36
255.40
255.46
255.88
255.90
256.17
256.54
256.71
256.72
256.96
256.99
257.12
257.39
257.58
257.80
258.22
258.93
258.96
259.01
259.02
259.05
259.19
259.60
259.78
260.16
260.23
260.33
260.35
260.41
260.49
260.96
260.99
261.01
261.43
261.56
261.62
261.67
262.57
262.58
262.63
262.75
262.90
263.32
263.37
263.52
263.83
264.03
264.10
264.23
264.26
264.68
264.78
265.02
265.04
265.07
265.18
265.38
265.43
265.50
265.58
265.81
265.99
266.07
266.11
266.15
266.45
266.76
266.82
266.92
266.98
267.09
267.17
267.47
268.07
268.14
268.14
268.33
268.36
268.49
268.66
268.73
268.74
268.77
268.81
268.89
269.01
269.13
269.94
270.16
270.39
270.61
271.10
271.21
271.37
271.89
271.94
272.02
272.17
272.29
272.35
272.43
273.06
273.28
274.15
274.31
274.34
274.61
274.96
275.10
275.19
275.24
275.27
275.73
276.27
276.41
276.43
276.45
276.93
277.24
277.50
277.69
277.82
277.85
278.15
278.72
278.91
278.96
279.03
279.10
279.18
279.26
279.35
279.39
279.45
279.51
279.74
279.85
279.93
280.18
280.58
280.91
280.97
281.59
281.98
282.48
282.48
282.80
282.87
283.40
283.78
283.87
283.98
284.07
284.13
284.18
284.28
284.29
284.40
284.49
284.53
285.13
285.17
285.22
285.53
285.55
285.68
285.95
286.18
286.24
286.33
286.45
286.54
286.86
287.01
287.07
287.10
287.41
287.52
287.80
287.98
288.11
288.75
288.97
289.10
289.16
289.40
289.45
289.55
289.86
289.94
290.07
290.16
290.19
290.60
290.71
291.08
291.30
291.33
291.54
291.59
292.10
292.17
292.97
293.01
293.13
293.31
293.60
293.76
293.82
294.09
294.13
294.28
294.75
294.96
295.72
295.77
296.18
296.32
296.37
296.50
296.85
296.87
296.98
297.29
297.38
297.46
297.79
297.84
297.98
298.04
298.15
298.28
298.47
298.68
298.85
299.37
299.55
299.72
299.77
299.78
300.56
300.69
300.70
301.02
301.22
301.48
301.57
301.73
302.09
302.20
302.77
303.33
303.42
304.04
304.14
304.24
304.54
305.18
305.28
305.37
305.63
305.84
305.95
306.25
306.65
306.76
306.77
307.24
307.41
308.26
308.32
308.36
308.45
308.62
308.76
309.38
309.76
309.81
309.96
310.08
310.31
310.61
310.63
310.90
311.10
311.36
311.44
312.16
312.64
312.84
313.24
313.26
313.39
313.55
314.10
314.55
314.68
314.70
314.73
314.87
315.06
315.56
315.57
315.75
315.76
315.80
316.46
316.66
317.30
317.86
317.97
318.39
318.86
319.00
319.03
319.03
319.12
319.57
319.79
319.79
319.91
320.01
320.11
320.25
320.38
320.90
320.97
320.98
321.03
321.41
322.21
322.24
322.39
322.69
322.90
323.03
323.22
323.80
323.86
323.86
324.22
324.59
325.02
325.06
325.22
325.67
325.72
326.00
326.01
326.02
326.08
326.93
327.25
327.30
327.33
327.49
328.03
328.05
328.14
328.38
328.48
328.51
328.87
329.51
329.63
329.66
330.01
330.12
330.17
330.32
330.53
330.58
330.67
330.67
332.37
332.51
332.56
333.47
333.64
333.93
334.04
334.08
334.18
334.40
334.51
334.56
334.77
334.80
334.93
335.12
335.69
335.78
335.80
335.91
335.95
336.18
336.31
336.34
336.35
336.44
336.65
336.91
337.26
337.94
337.97
338.16
338.23
338.27
338.30
338.30
338.43
338.43
338.52
338.62
338.65
338.67
338.94
338.98
339.05
339.09
339.63
339.72
340.28
340.30
340.62
340.84
341.03
341.11
341.12
341.64
342.35
342.48
343.06
343.21
343.64
343.76
343.87
344.04
344.11
344.21
344.38
344.44
344.44
344.63
344.75
344.92
345.09
345.16
345.33
345.51
345.78
345.93
346.01
346.14
346.45
346.88
346.90
347.16
347.21
347.35
347.37
347.39
347.46
347.47
347.60
347.65
347.86
347.93
348.04
348.06
348.23
348.32
348.35
348.41
348.79
349.12
349.54
349.56
349.86
349.94
350.11
350.50
350.56
350.68
351.14
351.15
351.24
351.26
351.32
351.48
351.64
351.73
352.49
352.65
352.78
352.80
352.97
353.10
353.67
353.74
353.84
354.00
354.33
354.79
354.98
355.04
355.34
355.52
356.10
356.56
356.80
357.07
357.33
357.37
357.40
357.40
357.62
357.81
357.83
359.08
359.43
359.52
359.52
360.97
361.08
361.26
361.92
361.96
362.32
362.86
362.92
363.87
363.88
364.64
364.67
364.77
365.05
365.13
365.20
365.24
365.50
365.65
365.67
365.85
365.86
365.96
366.07
366.19
366.30
366.36
366.43
366.55
366.67
366.83
367.14
367.27
367.31
367.48
368.09
368.32
368.42
368.56
369.03
369.19
369.24
369.95
369.96
370.04
370.45
370.49
370.66
370.96
371.34
371.73
372.25
372.25
372.55
372.55
372.60
372.78
373.13
373.31
373.39
373.95
373.98
374.15
374.94
375.15
375.35
375.57
375.65
376.33
376.60
376.67
377.09
377.14
377.27
377.39
377.70
377.92
377.92
378.30
378.31
378.86
379.02
379.02
379.16
379.18
379.24
379.35
379.49
379.52
379.88
379.94
380.16
380.20
380.52
380.57
380.77
381.02
381.16
381.49
381.50
381.77
381.82
381.98
382.12
382.39
382.47
382.47
382.54
382.82
382.96
383.00
383.26
383.33
383.36
383.50
383.58
383.58
383.86
383.91
384.31
384.43
384.54
384.84
384.87
384.89
385.53
385.68
385.78
385.89
386.03
386.07
386.25
386.47
386.60
386.83
387.04
387.07
387.58
387.60
387.70
387.88
388.30
388.33
388.38
389.03
389.48
389.54
389.62
389.85
389.87
390.20
390.22
390.73
390.76
390.90
391.39
391.46
391.86
392.02
392.20
392.22
392.71
392.95
393.41
393.58
393.71
393.79
393.84
393.98
394.05
394.12
394.14
394.22
394.26
394.86
394.89
394.92
395.10
395.40
395.53
395.92
395.94
396.05
396.58
396.61
396.62
396.81
396.89
396.89
396.92
397.05
397.09
397.12
397.40
397.42
397.46
398.25
398.45
398.56
398.65
398.92
399.67
400.06
400.31
400.32
400.48
400.59
400.94
401.15
401.16
401.33
401.34
401.37
401.58
401.60
401.67
401.78
401.99
402.26
402.40
402.42
402.47
402.58
402.72
403.17
403.62
403.96
404.22
404.53
404.84
405.16
405.26
405.67
405.81
406.29
406.98
406.99
407.29
407.41
407.92
408.13
408.14
408.47
408.59
408.68
408.83
409.07
409.17
409.47
410.18
410.31
410.38
410.58
410.69
410.87
411.13
411.27
411.49
411.59
412.09
412.84
412.97
413.12
413.21
413.57
413.58
414.02
414.03
414.12
414.19
414.20
414.36
414.75
415.21
416.54
416.60
416.91
417.16
417.33
417.54
418.17
418.74
418.80
419.53
419.54
419.95
420.08
420.38
420.52
420.72
420.78
420.84
421.11
421.49
421.52
421.54
421.56
421.56
421.80
422.14
422.20
422.61
422.66
422.67
422.71
423.00
423.04
423.04
423.13
423.14
423.15
423.25
423.67
423.68
423.91
424.72
425.26
425.37
425.51
425.67
426.02
426.03
426.05
426.21
426.25
426.31
426.41
426.44
426.78
426.79
427.05
427.28
427.72
427.80
428.23
428.49
428.52
428.65
428.82
429.08
429.14
429.30
429.45
429.72
429.78
430.25
430.52
430.81
431.01
431.02
431.35
431.48
431.60
431.64
431.85
432.13
432.18
432.28
432.40
432.49
433.37
434.39
434.78
435.04
435.33
435.92
436.44
436.51
436.77
436.84
437.25
437.43
437.83
437.86
437.94
438.00
438.45
438.46
438.61
438.69
439.58
439.62
439.96
440.00
440.12
440.48
440.61
440.69
440.97
441.12
441.34
441.78
442.17
442.18
442.20
442.45
442.88
443.18
443.34
443.70
444.77
445.02
445.10
445.58
445.83
445.93
446.10
446.39
446.59
446.62
446.90
447.28
447.37
447.48
447.77
447.87
447.92
448.24
448.30
448.64
448.73
448.84
449.04
449.24
449.33
449.94
450.92
451.07
451.16
451.27
451.31
451.37
451.48
451.52
452.06
452.20
452.29
452.39
452.59
452.82
453.29
453.30
453.62
453.68
454.12
454.54
454.58
454.90
454.97
455.16
455.34
455.48
455.71
455.76
455.89
456.20
456.65
456.84
457.25
457.33
457.37
457.38
457.42
457.55
457.69
458.20
458.24
458.68
459.30
459.58
459.62
459.89
459.89
460.02
460.34
460.59
460.67
460.72
460.77
460.95
462.11
462.40
462.64
462.69
463.24
463.39
463.43
463.49
463.56
463.70
463.90
464.20
464.35
464.43
464.79
465.03
465.11
465.28
465.66
466.02
466.25
466.39
466.43
466.54
466.94
467.37
467.42
468.00
468.16
468.25
468.31
468.66
468.82
468.89
468.90
469.07
469.51
470.10
470.77
470.94
471.02
471.24
471.43
471.46
471.73
471.74
471.88
472.47
472.54
472.63
472.80
472.82
472.96
473.17
473.57
473.78
474.28
474.37
474.77
475.46
475.55
475.88
476.66
476.92
477.19
477.75
477.87
477.96
478.63
478.96
479.30
479.37
479.46
479.74
479.77
480.24
481.28
481.30
481.40
481.55
481.68
481.69
481.86
482.30
482.34
482.39
482.60
482.84
483.26
483.56
484.05
484.47
484.70
484.73
485.48
485.48
485.63
485.72
485.85
485.87
487.00
487.01
487.21
487.35
487.85
487.93
488.07
488.09
488.35
488.49
489.38
489.42
489.85
490.86
491.12
491.16
491.83
492.01
492.41
492.55
492.58
492.62
492.91
493.18
493.26
493.49
493.61
493.73
494.03
494.26
494.38
494.55
494.98
495.04
495.22
495.35
495.40
495.98
496.19
496.66
497.71
497.83
498.13
498.29
498.31
498.94
498.98
499.01
499.22
499.35
499.84
500.00
500.01
500.07
500.18
500.94
501.03
501.12
501.31
501.75
501.76
501.87
501.88
502.18
502.21
502.27
502.57
502.77
502.81
503.43
503.60
503.97
504.12
505.05
505.07
505.41
505.60
505.74
505.80
506.06
506.25
506.34
506.61
506.77
506.94
507.29
507.85
508.08
508.15
508.41
508.42
508.66
509.30
509.54
509.54
510.00
510.44
510.57
510.63
511.20
511.23
511.71
512.28
512.30
512.31
512.62
512.63
513.60
513.69
513.87
514.09
514.43
514.48
515.04
515.21
515.60
516.01
516.30
516.42
516.56
516.59
516.80
516.82
516.93
516.95
517.13
517.22
517.36
517.61
517.76
518.23
518.29
518.34
518.35
518.60
518.91
519.01
519.09
519.24
519.29
519.31
519.37
519.73
520.18
520.48
520.54
520.62
520.83
521.17
521.25
521.60
521.64
521.75
521.84
521.88
521.97
522.07
522.55
522.95
523.46
523.65
523.73
524.10
524.19
524.53
524.57
524.67
524.82
525.22
525.57
526.15
526.72
526.73
526.92
527.60
527.74
527.88
528.21
528.35
528.45
528.58
528.76
528.85
528.94
529.69
529.99
530.10
530.26
530.73
531.01
531.05
531.45
532.07
532.12
532.16
532.21
532.59
532.71
532.79
533.34
533.54
533.75
533.79
534.29
534.75
534.85
535.14
535.28
535.94
536.02
536.04
536.04
536.07
536.33
536.66
536.83
536.90
537.14
537.81
537.88
538.01
538.17
538.17
538.42
538.49
539.14
539.44
539.46
539.73
539.80
539.87
540.12
540.21
540.22
540.26
540.78
540.87
541.16
541.38
541.76
541.91
542.40
542.77
542.93
543.23
543.25
543.33
543.53
543.68
543.93
544.17
544.23
544.31
544.50
544.77
545.01
545.25
545.52
545.70
546.01
546.53
547.22
547.51
548.37
548.82
549.32
549.98
550.81
551.21
551.28
551.36
551.38
551.58
551.66
551.71
552.02
552.05
552.08
552.38
553.09
553.63
553.78
553.90
554.64
554.69
554.72
555.66
555.68
555.81
556.35
556.41
557.48
557.49
557.64
557.75
558.15
558.19
558.66
558.99
559.49
560.08
560.99
561.41
561.47
561.53
561.53
561.54
562.42
562.72
563.09
563.54
563.93
563.96
564.01
564.26
564.61
564.70
564.76
564.81
564.85
564.93
565.19
565.83
565.92
566.13
566.46
566.83
567.33
567.34
567.39
568.06
568.13
568.43
568.49
568.84
568.92
569.00
569.08
569.24
569.58
570.05
570.11
570.13
570.15
570.25
570.70
571.20
571.60
571.72
571.84
572.10
572.25
572.26
572.40
572.60
572.72
573.17
573.25
573.32
574.41
574.47
575.67
575.83
576.28
576.33
576.65
576.77
576.86
576.97
577.10
577.63
577.85
577.85
578.49
578.68
579.06
579.30
579.43
579.54
579.69
580.09
580.12
580.48
580.61
581.08
581.08
581.94
582.89
583.62
583.79
584.50
584.64
584.67
584.83
585.39
586.36
586.71
586.72
587.11
587.13
587.45
588.14
588.26
588.39
588.41
588.77
589.63
589.74
589.94
590.00
590.38
590.61
591.15
591.17
591.28
591.69
591.74
592.01
592.08
592.10
592.20
592.77
592.87
593.92
594.32
594.45
594.53
594.66
595.30
595.39
596.15
596.24
596.43
596.51
596.53
596.54
596.78
597.09
597.10
597.54
597.72
598.35
598.46
598.73
599.28
599.59
599.67
599.68
600.05
600.22
601.10
601.33
601.36
601.41
601.48
601.84
601.88
601.93
602.28
602.31
602.31
602.33
602.44
602.53
602.92
602.92
603.24
603.56
603.76
603.87
603.89
604.41
604.88
605.07
605.87
606.00
606.33
606.35
606.46
606.55
606.88
607.02
607.63
607.64
607.98
608.01
608.23
608.32
608.41
608.75
609.04
609.41
609.77
609.77
609.87
610.18
610.32
610.57
611.37
611.62
611.76
612.13
612.21
612.39
612.87
613.12
613.21
613.32
613.73
613.74
613.94
614.19
614.91
614.91
615.19
615.35
616.11
616.26
616.60
616.73
617.24
617.48
618.05
618.08
618.41
618.67
619.20
619.24
619.95
620.12
620.16
620.30
620.33
621.11
621.14
621.76
622.00
622.48
622.86
623.29
623.42
623.50
624.20
624.32
624.46
624.95
625.41
625.73
625.98
626.34
626.42
627.15
627.23
627.75
628.03
628.39
628.77
629.37
629.54
629.88
630.23
630.92
631.00
631.56
631.81
632.17
632.24
632.54
632.69
632.74
632.76
632.84
633.07
633.17
633.40
633.53
634.02
634.07
634.34
634.39
634.87
634.90
635.47
635.48
635.57
635.60
635.79
636.06
636.49
637.97
638.35
638.38
638.43
638.43
638.60
638.62
638.72
638.83
639.46
639.50
639.60
639.93
640.13
640.25
640.50
640.90
641.66
641.85
641.96
642.13
642.29
642.56
642.95
643.49
643.53
643.76
643.96
644.12
644.15
644.52
645.07
645.15
645.39
645.50
645.81
646.34
646.41
646.45
646.56
646.61
646.88
646.97
647.22
647.52
647.72
648.34
648.37
648.41
648.76
648.85
649.23
649.27
649.55
649.61
649.72
650.33
650.45
650.86
650.97
651.24
651.37
651.40
651.44
651.91
652.07
652.35
652.38
652.58
652.80
652.92
653.08
653.23
653.57
653.73
654.11
654.30
654.49
654.92
655.14
656.13
657.00
657.33
657.46
658.09
658.33
658.38
658.83
658.84
659.76
661.51
661.76
661.77
661.91
662.12
662.14
662.19
662.34
662.49
662.96
663.18
663.49
663.98
664.37
664.53
664.53
664.91
664.96
665.46
665.60
665.66
666.74
667.22
667.27
667.53
667.69
667.78
667.90
668.09
668.25
668.82
668.90
669.46
669.62
669.68
669.95
670.16
670.79
671.27
672.06
672.10
672.10
672.47
672.67
672.80
673.01
673.56
673.84
674.27
674.33
674.84
675.23
675.71
675.83
676.04
676.10
676.47
676.82
677.03
677.04
677.46
677.68
678.16
678.28
679.69
679.75
679.94
680.00
680.12
680.40
681.19
682.10
682.49
682.82
682.83
682.89
683.14
683.37
684.74
685.14
685.48
685.80
686.04
686.17
686.48
687.10
687.69
688.09
688.26
688.33
688.55
688.71
689.08
689.33
690.06
690.29
690.80
690.94
691.38
691.41
691.74
692.21
692.31
692.57
692.71
692.84
692.91
693.80
693.86
694.16
694.97
695.79
696.13
696.14
697.02
697.02
697.08
697.38
697.41
697.42
697.91
698.14
698.51
698.75
699.07
699.10
699.12
699.15
699.26
699.42
701.40
701.62
701.85
702.00
702.22
702.42
702.68
702.95
704.19
704.45
704.70
704.77
704.97
705.26
705.51
705.67
706.03
706.40
706.76
706.84
707.01
707.10
707.30
707.73
707.76
708.02
708.05
708.45
709.04
709.07
709.26
709.40
709.63
709.83
709.85
709.93
710.10
711.32
711.32
711.56
711.90
712.00
712.20
712.58
712.64
713.04
713.19
713.23
713.54
713.65
713.68
713.99
715.06
716.06
716.32
716.38
716.59
716.92
717.18
717.24
717.27
717.42
717.65
717.80
718.21
718.93
719.09
719.66
719.86
719.86
720.24
720.39
720.47
720.62
720.88
721.00
721.03
721.35
721.40
721.96
722.07
722.74
722.87
723.39
723.43
723.43
723.81
723.84
724.42
725.17
725.52
725.52
725.75
726.05
726.74
726.75
727.48
727.56
728.11
728.48
729.11
729.29
729.33
729.74
729.86
731.47
731.52
731.86
732.35
732.40
732.65
732.90
733.54
733.79
733.93
733.97
734.26
734.89
735.24
735.48
735.49
735.99
736.74
736.89
737.52
737.83
738.67
738.79
738.99
739.13
739.63
740.23
740.52
740.70
740.78
740.98
741.69
742.09
742.20
742.22
742.85
743.09
744.69
745.06
746.18
746.62
747.02
748.10
748.92
749.00
749.56
749.56
749.71
750.51
751.25
751.47
752.36
752.45
752.53
752.62
752.65
752.97
753.07
753.37
753.68
753.85
754.27
754.30
754.61
754.99
755.11
755.71
756.44
756.48
756.62
756.67
756.80
757.46
757.51
757.75
757.97
758.03
758.64
758.71
759.46
759.48
760.06
760.10
760.14
760.39
760.75
760.79
760.93
761.09
761.19
763.09
763.10
763.52
763.61
763.79
764.09
764.53
765.33
765.55
765.95
765.97
766.65
766.70
767.77
768.21
768.26
769.40
769.48
769.62
769.66
769.75
770.00
771.35
771.81
771.90
772.85
773.51
773.74
773.78
774.63
774.93
775.14
775.47
775.96
776.10
776.58
777.08
777.37
777.97
779.19
779.37
779.64
780.04
780.16
780.18
780.18
780.89
780.95
782.01
782.26
782.37
782.53
783.28
783.43
783.95
784.00
784.02
784.22
785.95
786.10
786.16
786.64
786.65
787.48
787.56
787.72
787.89
787.94
787.98
787.99
788.94
789.29
789.50
789.66
790.13
790.30
790.56
790.71
790.93
791.24
791.31
791.81
792.16
792.28
792.57
792.68
793.07
794.30
794.73
794.81
794.83
794.91
795.44
796.02
796.31
796.65
797.02
797.40
797.61
797.62
797.94
798.05
798.30
798.47
798.70
798.90
799.09
800.09
800.11
800.27
800.91
801.24
801.33
801.48
801.66
801.67
801.84
803.00
803.03
803.43
803.46
803.90
804.02
804.57
804.92
805.23
805.32
805.64
806.00
806.37
806.82
807.00
807.15
807.20
807.70
807.95
808.04
808.25
808.26
808.64
808.65
808.67
809.31
809.38
809.98
809.99
810.79
811.15
811.53
811.62
812.83
812.94
813.12
813.50
813.98
814.62
815.03
815.03
815.71
815.75
816.27
816.27
816.50
816.97
817.23
817.77
817.82
818.14
818.15
818.33
819.08
819.31
819.32
819.62
819.81
819.84
820.73
821.31
821.75
821.80
821.98
822.14
822.41
823.31
823.64
823.67
825.09
825.29
825.52
826.23
826.80
827.07
827.62
827.66
827.73
828.07
828.07
828.42
829.35
829.54
829.67
830.38
830.59
830.64
830.85
831.06
831.26
831.47
831.64
831.75
832.92
834.28
834.52
835.32
835.99
836.02
836.90
837.55
837.81
838.06
838.69
839.21
839.88
839.92
840.40
840.44
840.65
841.08
841.33
841.38
842.64
843.79
843.85
844.41
845.19
845.27
846.01
846.07
846.61
846.77
846.98
847.00
847.83
848.11
848.33
848.45
849.30
849.68
850.19
850.45
850.62
851.02
851.44
852.11
853.09
853.69
853.82
853.89
854.46
855.15
855.40
855.51
855.66
855.94
856.07
856.44
858.12
858.81
859.61
861.12
861.25
861.37
861.67
861.92
862.54
863.18
863.19
864.37
864.75
865.36
865.80
865.88
866.39
866.76
866.97
867.16
868.32
869.08
869.36
869.56
869.60
870.17
870.34
870.67
871.27
871.41
871.43
871.86
872.13
872.73
873.12
873.80
873.96
874.10
874.28
874.79
876.04
876.09
876.19
877.22
877.48
877.99
878.02
878.03
878.22
878.50
878.62
878.82
880.10
880.30
880.58
880.76
880.94
881.36
882.47
883.01
883.25
883.77
884.03
884.15
884.37
884.43
885.67
887.52
887.55
887.69
888.19
888.35
888.37
888.51
889.35
889.44
890.97
891.51
891.53
891.74
891.82
891.99
892.43
892.54
893.23
893.56
894.42
895.47
895.62
895.66
895.71
895.85
895.98
896.83
896.85
897.33
897.51
898.13
898.91
899.05
899.52
899.81
899.86
900.37
900.47
900.61
900.93
901.85
902.41
904.04
904.19
904.77
904.85
904.98
905.69
905.92
906.14
906.26
906.38
908.73
908.74
908.92
909.14
909.39
909.66
909.72
909.74
910.24
910.29
910.80
911.82
912.27
912.59
913.00
913.06
913.71
913.72
914.26
914.70
914.80
914.94
915.03
915.05
915.12
915.31
915.49
915.97
916.14
916.72
917.04
917.12
917.14
918.57
918.99
920.04
920.68
920.72
922.07
922.57
923.31
923.39
923.79
923.92
924.07
924.51
924.80
924.81
924.89
925.34
925.42
925.44
925.75
925.78
925.85
926.43
927.42
927.73
928.51
928.97
929.69
929.83
929.90
930.15
930.17
930.92
930.96
931.22
931.32
931.59
931.80
931.84
931.98
932.24
932.36
932.57
933.41
933.86
934.27
935.24
935.56
936.00
936.03
936.10
936.29
936.42
936.92
937.39
937.39
937.45
937.89
938.46
938.50
938.62
938.66
938.81
940.24
940.83
942.17
942.75
943.40
943.42
943.62
944.31
945.76
945.79
946.37
946.92
947.09
947.28
947.28
947.66
948.24
948.93
949.22
949.56
950.19
950.21
950.93
951.20
951.79
952.39
952.82
953.03
953.26
953.28
954.17
954.44
955.43
956.50
956.54
956.95
957.19
958.14
958.48
958.75
959.49
959.71
960.00
960.44
960.58
960.66
960.91
961.00
961.02
961.32
961.66
961.78
961.78
962.12
962.31
962.76
962.78
962.85
963.04
963.12
964.07
964.60
964.72
964.97
965.20
965.44
965.44
965.54
965.65
965.91
965.97
966.55
966.94
967.89
968.32
968.66
969.45
969.67
969.88
970.20
970.21
970.73
970.92
971.44
971.51
971.68
971.95
972.20
972.56
973.34
973.49
973.64
974.03
974.08
974.61
974.62
975.20
975.55
975.72
975.94
976.30
976.61
976.84
977.03
977.53
979.26
981.41
981.77
981.81
981.96
982.16
982.55
983.22
983.25
983.41
983.58
985.12
985.42
985.52
985.57
985.62
985.93
986.07
986.68
986.78
987.21
987.91
988.19
988.73
988.78
988.99
989.23
989.43
989.97
990.77
992.04
992.30
992.34
993.21
994.30
994.83
994.92
994.96
995.17
995.39
996.31
996.43
996.51
997.27
997.47
997.51
998.67
999.04
999.15
999.56
1000.27
1000.89
1001.04
1001.33
1001.68
1003.10
1003.62
1003.68
1003.75
1004.02
1004.58
1004.95
1005.09
1005.11
1005.20
1005.50
1005.70
1005.89
1006.30
1006.60
1007.23
1007.69
1008.07
1008.22
1008.83
1008.96
1009.77
1010.03
1011.41
1011.62
1011.88
1011.92
1012.24
1012.31
1012.98
1013.42
1014.00
1014.09
1014.29
1014.31
1014.40
1014.60
1014.90
1014.97
1015.03
1015.23
1015.43
1015.55
1016.01
1016.39
1016.76
1016.88
1017.00
1017.75
1017.86
1017.95
1018.51
1018.78
1018.79
1018.79
1019.04
1019.49
1019.55
1019.56
1019.75
1020.00
1020.13
1020.39
1020.56
1020.93
1021.16
1021.71
1022.42
1022.44
1022.59
1023.11
1023.54
1023.65
1024.59
1025.10
1025.71
1026.70
1027.03
1027.62
1027.84
1028.18
1028.79
1029.22
1031.14
1031.40
1031.72
1032.48
1034.36
1034.74
1035.32
1036.82
1037.41
1037.79
1039.17
1039.22
1040.12
1040.53
1041.30
1041.87
1042.26
1042.35
1042.79
1043.08
1043.17
1043.71
1044.01
1044.07
1044.11
1044.46
1045.70
1045.76
1045.94
1046.00
1046.58
1047.09
1047.59
1048.42
1048.56
1048.59
1049.75
1049.98
1050.02
1050.41
1050.52
1050.58
1050.93
1053.02
1054.10
1054.46
1055.51
1055.66
1057.31
1057.51
1058.00
1058.02
1058.82
1058.92
1059.42
1059.81
1059.87
1060.19
1060.26
1060.34
1061.73
1061.75
1062.12
1062.45
1062.83
1062.94
1063.46
1063.92
1065.30
1065.37
1065.72
1065.75
1065.92
1066.94
1067.88
1068.17
1069.03
1069.04
1069.04
1069.29
1070.15
1070.54
1071.26
1071.64
1071.99
1073.04
1073.48
1073.85
1075.18
1075.47
1076.01
1076.25
1076.28
1077.62
1077.71
1077.73
1078.61
1079.25
1080.39
1080.40
1082.00
1082.62
1083.55
1083.70
1083.81
1084.39
1084.98
1085.19
1085.33
1085.37
1086.17
1086.54
1089.57
1089.80
1091.50
1094.27
1094.32
1095.73
1095.88
1096.19
1096.46
1096.55
1096.85
1097.08
1097.14
1097.42
1098.51
1098.74
1099.11
1099.84
1099.96
1100.36
1100.49
1100.54
1101.89
1102.17
1103.02
1103.03
1103.15
1104.75
1106.32
1106.41
1106.52
1107.32
1108.35
1108.63
1109.31
1109.46
1109.60
1109.79
1110.48
1110.78
1110.79
1110.79
1110.83
1111.37
1111.53
1113.20
1113.50
1113.74
1113.75
1116.25
1116.49
1116.59
1117.40
1117.54
1117.91
1118.17
1118.34
1118.87
1118.90
1119.14
1119.39
1119.75
1120.24
1120.55
1121.32
1121.58
1122.00
1122.34
1123.22
1123.47
1123.52
1124.47
1124.68
1125.00
1126.65
1127.08
1127.08
1127.17
1127.34
1127.58
1129.59
1130.42
1130.48
1130.75
1131.14
1131.38
1131.72
1131.87
1132.47
1132.47
1133.13
1133.27
1134.01
1134.04
1134.16
1134.45
1135.94
1136.04
1136.07
1137.92
1137.99
1138.01
1138.10
1138.47
1138.51
1139.18
1139.36
1139.46
1139.78
1140.00
1140.35
1140.71
1141.75
1141.83
1142.76
1143.52
1143.83
1143.88
1144.20
1144.35
1145.24
1145.91
1146.00
1146.14
1146.45
1147.72
1147.86
1148.18
1148.95
1149.33
1149.65
1150.36
1151.29
1152.20
1152.23
1152.28
1152.50
1152.83
1152.86
1152.98
1153.18
1153.39
1153.40
1153.48
1154.29
1154.52
1154.64
1155.56
1155.76
1156.85
1158.73
1159.78
1160.29
1160.66
1160.79
1162.66
1162.76
1162.77
1163.24
1163.33
1163.57
1163.58
1163.84
1163.91
1164.32
1164.37
1165.43
1165.89
1166.00
1167.64
1167.80
1168.25
1168.36
1168.79
1168.98
1169.59
1169.73
1171.26
1171.50
1171.53
1171.98
1172.60
1173.25
1174.33
1175.49
1176.14
1176.33
1176.68
1177.36
1178.12
1178.35
1179.21
1180.36
1180.59
1180.71
1181.93
1182.09
1182.27
1182.36
1182.64
1183.07
1183.16
1183.22
1183.22
1183.32
1183.41
1183.46
1183.51
1183.65
1184.83
1186.13
1186.26
1186.73
1187.35
1187.40
1187.49
1188.47
1188.57
1188.65
1188.93
1188.98
1189.12
1189.15
1189.59
1189.72
1189.90
1190.41
1190.86
1190.91
1191.69
1192.29
1192.45
1193.48
1193.57
1193.74
1195.48
1195.57
1195.92
1196.05
1196.05
1196.75
1197.28
1197.49
1197.76
1198.58
1198.80
1199.06
1199.88
1200.80
1201.81
1202.29
1202.51
1203.06
1203.36
1203.91
1204.43
1204.49
1204.55
1205.33
1205.37
1205.77
1205.84
1206.15
1206.46
1208.12
1208.19
1208.46
1208.65
1209.33
1209.85
1209.89
1210.05
1211.01
1211.15
1211.16
1211.50
1211.55
1212.13
1213.19
1213.89
1214.60
1215.12
1215.23
1215.40
1216.89
1217.04
1217.11
1218.26
1218.35
1218.45
1218.73
1219.68
1219.73
1220.46
1222.30
1222.68
1223.24
1223.33
1224.72
1225.25
1225.82
1225.94
1226.07
1226.34
1227.68
1227.93
1228.30
1228.83
1228.85
1231.91
1232.03
1232.44
1232.48
1233.03
1234.26
1234.44
1234.56
1234.82
1235.93
1236.26
1237.18
1237.43
1238.24
1238.64
1238.78
1239.62
1240.12
1240.23
1240.83
1241.84
1242.36
1242.81
1242.95
1243.80
1244.22
1244.22
1244.47
1244.66
1244.92
1245.50
1245.98
1246.29
1246.33
1246.82
1246.97
1247.05
1247.45
1247.47
1247.90
1247.95
1249.14
1249.26
1249.47
1250.30
1250.89
1250.93
1251.71
1252.38
1252.89
1254.21
1254.25
1254.52
1254.71
1255.43
1255.61
1255.93
1256.05
1256.65
1256.96
1257.29
1258.05
1258.11
1258.49
1259.32
1259.70
1260.06
1262.05
1262.81
1263.14
1263.18
1263.43
1264.00
1264.04
1264.63
1265.77
1266.34
1266.53
1266.78
1267.11
1267.58
1267.95
1268.10
1268.52
1268.98
1269.66
1270.08
1270.41
1271.18
1271.86
1273.82
1274.05
1277.05
1277.39
1277.59
1277.70
1277.81
1277.99
1278.02
1278.46
1278.47
1279.97
1280.98
1281.62
1281.77
1282.88
1282.99
1283.00
1283.59
1283.93
1284.17
1284.28
1284.48
1284.54
1285.17
1285.52
1286.51
1287.49
1287.77
1290.14
1290.14
1293.02
1293.06
1293.67
1293.88
1294.11
1294.21
1294.55
1295.18
1296.76
1297.07
1298.43
1298.83
1299.36
1299.90
1300.09
1300.18
1300.57
1300.98
1301.47
1302.28
1302.32
1303.14
1303.25
1303.35
1305.00
1305.05
1305.27
1305.97
1306.24
1306.47
1306.58
1310.25
1310.26
1310.52
1310.63
1312.22
1312.29
1313.64
1313.80
1314.19
1314.24
1314.52
1314.72
1315.05
1315.92
1316.37
1317.74
1318.07
1319.09
1319.31
1319.31
1319.58
1320.54
1320.82
1321.81
1321.92
1321.98
1322.07
1322.11
1322.80
1323.10
1323.41
1324.86
1325.06
1326.64
1326.72
1327.15
1327.61
1328.49
1329.25
1329.40
1330.12
1330.52
1331.41
1332.10
1332.38
1332.67
1332.95
1333.43
1333.96
1334.30
1334.92
1335.09
1335.77
1336.20
1336.61
1337.04
1337.39
1337.56
1338.26
1338.84
1338.94
1338.95
1339.73
1340.50
1341.34
1341.68
1341.79
1341.95
1342.06
1342.70
1343.25
1343.99
1344.57
1344.85
1345.27
1345.57
1346.86
1347.06
1347.28
1347.43
1347.70
1349.26
1349.28
1349.51
1350.67
1350.91
1352.71
1352.95
1353.83
1353.99
1354.29
1355.06
1355.25
1355.92
1356.52
1357.11
1357.98
1358.58
1358.96
1359.09
1359.12
1359.61
1359.82
1360.08
1360.15
1360.17
1360.23
1360.37
1360.42
1360.49
1360.62
1360.74
1361.15
1362.29
1362.86
1363.12
1363.25
1363.90
1364.77
1365.21
1366.48
1367.06
1368.26
1368.27
1368.86
1368.89
1369.04
1369.69
1369.84
1370.05
1370.61
1371.15
1371.16
1371.55
1371.77
1372.39
1373.21
1373.39
1373.45
1373.86
1374.99
1375.28
1376.20
1376.35
1376.50
1377.65
1378.57
1378.84
1378.88
1380.26
1380.27
1380.54
1380.72
1381.99
1382.02
1382.47
1382.74
1383.73
1384.03
1384.83
1384.86
1385.33
1386.35
1386.72
1388.04
1389.01
1389.28
1389.71
1390.84
1392.27
1393.07
1393.60
1393.88
1394.03
1394.20
1395.59
1397.96
1398.69
1400.31
1400.85
1401.55
1401.87
1402.42
1402.89
1403.81
1403.92
1404.01
1404.12
1404.78
1405.07
1405.27
1405.97
1406.21
1406.29
1406.66
1406.82
1407.28
1408.09
1408.93
1410.27
1410.50
1411.35
1411.92
1413.06
1413.52
1414.58
1416.09
1416.17
1417.53
1417.79
1418.44
1418.50
1418.99
1418.99
1419.07
1419.73
1419.90
1420.33
1420.70
1420.94
1421.02
1421.20
1421.31
1421.85
1421.87
1422.05
1422.19
1422.39
1422.79
1423.20
1423.25
1424.62
1424.71
1424.75
1424.95
1425.22
1425.53
1426.27
1426.67
1426.81
1427.38
1428.48
1428.76
1428.84
1428.85
1429.18
1429.32
1429.55
1429.66
1431.13
1431.99
1432.21
1432.41
1432.57
1432.60
1432.61
1432.94
1433.31
1434.29
1434.63
1435.58
1435.59
1435.95
1436.40
1437.44
1437.99
1438.17
1438.45
1441.12
1441.51
1441.85
1442.13
1442.93
1443.02
1443.80
1444.15
1444.47
1444.79
1445.49
1447.82
1448.39
1448.40
1448.75
1449.22
1450.22
1450.22
1450.80
1452.09
1452.12
1452.51
1452.67
1453.44
1453.44
1453.96
1454.53
1454.62
1455.50
1456.46
1456.73
1457.58
1457.65
1457.82
1457.98
1458.18
1458.81
1459.46
1459.76
1460.05
1460.19
1460.72
1460.77
1461.06
1462.80
1462.83
1463.02
1463.48
1463.62
1464.03
1464.27
1464.82
1464.86
1465.89
1466.95
1467.12
1467.31
1467.50
1467.65
1468.39
1468.43
1468.55
1468.78
1468.97
1469.01
1469.36
1469.44
1470.94
1471.21
1471.75
1472.12
1472.28
1473.44
1473.68
1474.43
1474.84
1474.89
1475.16
1475.26
1477.32
1478.37
1478.57
1478.73
1479.81
1480.95
1482.09
1483.89
1485.40
1485.54
1486.25
1486.34
1486.78
1487.87
1488.26
1488.39
1488.49
1489.15
1489.47
1489.69
1490.44
1490.94
1491.24
1492.53
1493.28
1493.32
1493.86
1493.89
1494.21
1496.30
1496.49
1498.10
1498.21
1498.23
1500.78
1500.86
1501.20
1501.21
1501.78
1501.80
1504.73
1504.92
1505.43
1505.62
1506.00
1506.98
1507.04
1507.25
1507.53
1507.95
1508.12
1508.46
1510.62
1510.71
1511.17
1511.38
1511.63
1512.76
1513.13
1514.20
1515.92
1516.79
1517.59
1517.66
1520.60
1521.24
1521.77
1521.98
1522.02
1522.50
1522.73
1523.78
1524.54
1524.80
1525.28
1526.37
1526.78
1526.78
1527.35
1528.14
1528.52
1528.88
1529.03
1529.76
1530.19
1530.74
1530.74
1531.37
1532.10
1532.59
1533.36
1533.72
1534.22
1535.43
1536.56
1538.76
1539.42
1539.99
1540.34
1540.59
1540.67
1540.71
1541.59
1542.11
1542.16
1542.26
1542.53
1543.43
1543.61
1544.56
1545.15
1545.21
1545.58
1546.74
1546.79
1547.49
1548.01
1548.91
1549.13
1549.40
1549.43
1549.65
1550.74
1551.09
1551.25
1552.77
1552.91
1553.40
1553.48
1553.51
1554.34
1555.35
1555.90
1556.41
1556.46
1557.97
1558.65
1558.83
1558.83
1560.10
1560.55
1560.57
1560.69
1561.20
1562.01
1562.90
1563.22
1563.87
1564.12
1565.73
1567.12
1567.41
1567.46
1568.38
1568.73
1569.46
1570.14
1570.51
1571.30
1572.32
1572.49
1572.74
1573.25
1573.34
1574.77
1574.80
1575.23
1575.28
1575.74
1576.52
1577.53
1581.21
1581.21
1582.13
1582.20
1582.30
1582.80
1583.88
1584.94
1585.28
1585.37
1585.37
1585.66
1585.87
1586.40
1586.60
1586.66
1587.15
1589.71
1589.87
1590.13
1590.94
1591.90
1592.50
1593.26
1593.36
1593.81
1594.69
1595.76
1595.99
1596.35
1596.63
1596.90
1597.20
1598.11
1598.72
1600.07
1600.15
1600.29
1602.56
1603.38
1603.43
1604.54
1605.53
1605.63
1606.12
1606.17
1606.75
1606.99
1607.20
1607.79
1608.12
1608.38
1609.77
1610.21
1610.94
1611.06
1611.12
1611.19
1612.95
1613.93
1614.15
1614.61
1614.90
1615.52
1616.27
1616.51
1616.65
1617.18
1617.74
1617.81
1618.03
1618.10
1618.58
1619.65
1620.71
1620.75
1622.47
1622.84
1622.91
1623.42
1623.79
1625.09
1625.14
1626.81
1628.22
1628.54
1629.37
1629.89
1630.97
1631.82
1632.88
1633.88
1634.91
1634.95
1636.06
1636.31
1636.57
1637.25
1637.60
1638.13
1638.97
1639.16
1640.42
1640.58
1642.23
1642.29
1644.60
1645.13
1646.56
1646.89
1647.54
1647.57
1648.43
1649.64
1650.66
1650.89
1652.59
1653.79
1653.79
1653.88
1654.31
1654.36
1654.86
1654.93
1655.04
1655.17
1655.81
1655.85
1656.08
1656.15
1656.28
1656.80
1657.14
1657.67
1659.70
1660.12
1660.60
1660.74
1662.06
1662.34
1664.68
1665.03
1667.50
1667.60
1669.46
1669.72
1670.35
1671.89
1672.30
1673.10
1673.37
1673.73
1673.95
1674.66
1674.82
1675.24
1676.45
1677.38
1677.59
1677.78
1678.52
1678.92
1680.28
1680.63
1681.16
1681.28
1681.83
1683.19
1683.27
1684.93
1685.87
1685.93
1688.06
1689.21
1690.55
1690.99
1692.58
1692.73
1693.57
1693.99
1694.08
1694.62
1695.04
1695.86
1697.48
1697.86
1697.88
1698.89
1700.46
1700.62
1700.99
1701.60
1701.65
1702.68
1703.42
1704.36
1704.38
1705.38
1705.45
1705.52
1706.19
1706.96
1707.04
1707.26
1707.79
1707.85
1708.79
1709.29
1710.55
1710.99
1711.01
1711.14
1711.85
1711.92
1711.94
1713.27
1713.81
1713.81
1714.37
1714.81
1715.22
1715.50
1715.65
1715.81
1715.94
1716.37
1716.80
1717.26
1717.39
1718.02
1718.43
1718.68
1718.81
1719.01
1719.27
1719.53
1719.70
1720.96
1721.28
1721.50
1721.54
1721.67
1722.03
1722.19
1722.23
1722.31
1722.88
1722.90
1723.16
1723.54
1723.91
1724.13
1724.24
1725.53
1726.50
1726.71
1727.36
1729.03
1729.40
1729.42
1730.54
1730.77
1731.14
1731.16
1731.70
1732.62
1733.56
1734.37
1735.91
1736.53
1737.48
1738.24
1739.05
1739.59
1739.93
1740.14
1740.83
1740.97
1741.63
1741.96
1743.32
1743.38
1743.40
1744.28
1746.06
1748.69
1749.26
1749.94
1750.64
1751.05
1752.65
1755.34
1756.71
1756.92
1757.28
1758.23
1759.24
1760.69
1760.86
1761.51
1761.87
1761.92
1762.31
1762.38
1763.41
1765.32
1765.34
1765.51
1765.72
1765.72
1766.56
1767.86
1768.02
1769.13
1769.24
1769.83
1770.10
1771.10
1771.60
1772.10
1772.12
1774.82
1774.99
1775.70
1775.72
1775.72
1776.11
1776.51
1776.74
1776.99
1778.01
1779.74
1779.97
1780.09
1780.53
1780.88
1781.40
1782.17
1784.97
1785.34
1785.38
1785.68
1785.70
1785.74
1786.19
1786.38
1786.48
1786.50
1788.64
1789.30
1790.39
1791.12
1791.26
1791.26
1791.66
1791.86
1793.00
1793.10
1793.70
1795.82
1796.09
1796.34
1797.74
1797.98
1799.47
1799.53
1800.08
1800.92
1802.57
1803.76
1804.88
1805.23
1806.36
1806.48
1807.12
1807.81
1807.81
1808.04
1808.57
1808.92
1809.20
1809.88
1809.88
1811.74
1812.25
1812.41
1812.66
1814.00
1814.35
1815.73
1817.04
1817.06
1818.66
1819.15
1820.01
1821.53
1822.48
1822.68
1822.87
1822.87
1823.68
1825.28
1825.36
1826.25
1827.24
1828.26
1828.48
1828.64
1830.11
1830.22
1830.64
1831.02
1832.11
1833.12
1833.40
1833.55
1833.69
1834.01
1834.31
1834.37
1834.51
1834.76
1834.82
1835.82
1836.83
1838.78
1838.84
1839.08
1839.59
1840.79
1841.65
1842.44
1843.90
1843.92
1844.56
1844.66
1846.11
1846.43
1846.73
1847.11
1847.21
1847.85
1848.01
1848.43
1848.49
1848.53
1849.41
1849.45
1850.05
1850.17
1850.88
1850.90
1851.42
1852.20
1853.48
1853.88
1854.00
1854.54
1855.43
1856.47
1857.11
1857.23
1859.10
1860.11
1860.53
1861.04
1861.58
1863.43
1864.66
1864.72
1866.90
1867.11
1867.13
1867.43
1868.00
1869.39
1869.76
1871.44
1875.02
1875.61
1876.06
1876.08
1876.93
1877.64
1878.17
1878.78
1879.12
1880.22
1880.45
1881.18
1882.48
1882.71
1883.05
1883.30
1883.30
1883.97
1885.87
1885.97
1886.21
1886.54
1887.50
1889.22
1890.87
1890.97
1891.63
1891.88
1892.02
1893.23
1893.72
1895.99
1896.32
1896.67
1898.15
1899.28
1899.67
1900.14
1901.60
1901.66
1901.75
1903.19
1904.11
1904.61
1904.96
1905.76
1906.09
1906.24
1908.40
1908.49
1909.42
1910.43
1910.76
1911.69
1912.56
1913.08
1913.62
1914.03
1914.30
1914.49
1914.53
1915.46
1915.54
1916.14
1918.55
1919.07
1919.61
1920.44
1921.62
1922.31
1922.85
1924.45
1924.70
1924.72
1924.75
1925.72
1927.12
1927.54
1928.85
1928.91
1929.02
1929.27
1929.65
1929.92
1930.56
1930.56
1930.94
1932.30
1932.42
1933.28
1934.01
1934.18
1934.45
1936.61
1938.10
1940.03
1940.85
1942.00
1942.34
1942.89
1943.08
1943.24
1943.87
1945.39
1945.98
1948.57
1948.72
1949.24
1949.54
1949.73
1949.75
1949.79
1949.84
1950.26
1950.26
1950.68
1951.35
1951.38
1952.12
1952.16
1952.56
1954.80
1954.93
1955.33
1955.56
1955.86
1956.03
1957.72
1958.31
1960.52
1961.13
1961.26
1963.09
1963.60
1964.83
1966.17
1966.36
1966.91
1969.83
1970.58
1970.71
1973.42
1974.23
1974.61
1975.06
1977.07
1978.63
1979.15
1979.30
1979.62
1979.96
1981.31
1981.50
1981.63
1981.95
1982.62
1983.30
1983.37
1984.14
1986.31
1989.30
1989.71
1990.79
1991.54
1991.99
1993.63
1993.89
1994.58
1994.67
1995.31
1995.44
1995.53
1996.22
1996.33
1996.46
1996.61
1997.63
1999.83
1999.85
2000.35
2001.33
2002.26
2002.45
2003.71
2003.86
2004.25
2004.27
2005.14
2005.38
2009.46
2009.48
2012.38
2012.57
2012.60
2012.86
2012.90
2013.12
2014.43
2015.43
2017.33
2018.16
2019.25
2020.21
2020.30
2020.32
2021.08
2022.44
2023.47
2024.15
2025.09
2025.53
2026.23
2027.72
2028.38
2029.32
2029.81
2029.83
2030.58
2031.30
2032.38
2033.17
2033.48
2033.98
2034.14
2034.16
2034.25
2034.45
2034.62
2036.30
2037.38
2038.04
2039.69
2040.07
2040.27
2040.40
2041.35
2041.37
2041.55
2043.84
2046.83
2048.32
2049.36
2049.87
2049.96
2050.00
2050.62
2051.13
2052.42
2054.09
2054.35
2054.55
2055.51
2056.62
2056.62
2057.60
2058.11
2058.49
2060.65
2061.39
2061.55
2062.75
2063.22
2063.44
2063.49
2064.92
2065.39
2066.53
2067.17
2070.22
2071.32
2072.17
2072.24
2072.46
2073.60
2073.72
2073.74
2073.78
2073.85
2075.15
2075.24
2075.49
2075.62
2076.19
2076.72
2077.15
2077.22
2078.50
2078.82
2080.77
2081.25
2082.06
2084.69
2085.91
2087.56
2087.94
2088.51
2089.26
2089.50
2091.22
2092.38
2092.44
2094.14
2094.62
2094.71
2097.05
2098.82
2098.82
2099.79
2102.86
2104.32
2104.48
2105.34
2105.94
2107.01
2107.19
2108.26
2108.81
2109.49
2111.39
2111.41
2113.29
2113.51
2113.77
2115.46
2116.28
2116.38
2116.72
2118.73
2118.83
2118.99
2119.10
2119.88
2120.13
2121.99
2121.99
2122.06
2123.21
2124.04
2125.81
2126.18
2126.27
2127.28
2127.58
2130.46
2130.55
2131.04
2132.05
2132.37
2132.72
2132.79
2133.20
2135.24
2135.86
2137.32
2138.26
2138.91
2140.09
2141.78
2141.95
2143.06
2144.64
2144.73
2144.80
2146.14
2146.63
2146.82
2148.75
2148.86
2150.54
2150.56
2150.72
2151.07
2151.59
2152.03
2153.01
2153.03
2153.36
2153.63
2154.15
2155.15
2155.38
2156.76
2157.69
2159.40
2160.05
2160.43
2160.54
2161.46
2161.97
2162.09
2163.63
2164.47
2165.13
2165.62
2165.95
2167.26
2168.27
2170.03
2172.85
2177.39
2177.93
2178.50
2179.14
2179.18
2179.70
2179.96
2180.39
2180.67
2181.38
2182.20
2182.61
2183.43
2183.43
2184.80
2187.97
2188.19
2189.32
2189.56
2191.88
2195.99
2196.75
2198.63
2200.65
2201.99
2202.13
2203.06
2205.51
2206.61
2211.37
2212.54
2213.16
2214.84
2217.24
2217.55
2217.72
2220.48
2220.65
2222.11
2222.55
2223.77
2224.28
2224.40
2224.52
2224.66
2225.24
2226.04
2227.10
2227.79
2228.73
2231.22
2231.70
2231.78
2232.91
2233.10
2233.56
2235.81
2235.84
2236.05
2236.71
2237.09
2237.60
2238.01
2240.00
2240.22
2241.07
2242.16
2242.30
2243.37
2244.05
2246.04
2248.72
2250.13
2251.32
2252.01
2252.05
2253.57
2254.74
2256.96
2257.49
2260.79
2261.11
2262.36
2263.05
2263.98
2264.86
2265.45
2268.39
2272.32
2273.11
2273.21
2273.33
2275.22
2275.30
2277.24
2278.38
2279.19
2280.42
2281.14
2281.51
2281.78
2281.93
2282.18
2282.97
2283.76
2284.03
2285.14
2286.40
2287.49
2287.71
2288.56
2289.47
2289.50
2289.77
2291.13
2291.16
2292.10
2293.74
2293.79
2293.84
2294.56
2295.87
2296.02
2299.48
2299.65
2300.32
2300.92
2301.07
2301.74
2302.29
2304.88
2305.06
2305.93
2308.40
2308.93
2310.00
2310.25
2312.70
2315.05
2315.56
2316.46
2317.99
2319.84
2320.27
2320.97
2321.15
2322.08
2322.18
2322.86
2322.91
2323.08
2323.69
2323.89
2324.99
2325.17
2327.79
2328.32
2328.37
2329.55
2330.66
2331.85
2332.23
2332.78
2333.69
2334.30
2335.94
2336.77
2337.03
2337.63
2337.66
2339.58
2341.48
2343.86
2345.94
2347.09
2347.36
2347.87
2348.00
2348.74
2348.91
2349.86
2352.27
2354.08
2355.25
2355.94
2359.33
2359.61
2361.94
2362.53
2363.47
2363.85
2364.80
2365.54
2365.75
2366.23
2367.36
2367.41
2369.77
2370.00
2371.16
2373.11
2373.26
2373.83
2374.31
2374.39
2375.08
2375.21
2375.83
2376.55
2377.63
2378.12
2379.77
2380.90
2383.35
2383.40
2385.13
2386.00
2386.11
2388.05
2388.43
2389.36
2390.19
2390.27
2390.76
2391.64
2392.29
2392.31
2393.01
2394.28
2394.38
2394.88
2397.78
2398.61
2398.69
2400.43
2402.22
2404.48
2404.69
2404.85
2405.11
2405.13
2406.83
2408.34
2408.60
2409.46
2410.11
2415.12
2415.25
2415.30
2415.72
2416.45
2416.51
2420.77
2423.71
2424.65
2425.28
2426.28
2427.14
2428.85
2430.01
2430.11
2431.30
2431.46
2431.67
2432.64
2432.69
2434.06
2434.32
2434.93
2437.33
2441.02
2441.08
2442.32
2443.06
2443.11
2444.12
2446.23
2448.01
2452.73
2453.39
2454.64
2454.88
2458.57
2458.62
2458.78
2459.05
2459.72
2460.17
2462.03
2462.19
2463.84
2464.00
2466.03
2466.75
2467.34
2467.58
2469.21
2470.36
2471.96
2473.41
2475.63
2476.24
2476.51
2477.53
2478.79
2479.25
2483.41
2483.76
2484.40
2485.24
2486.42
2488.36
2490.03
2491.16
2491.59
2492.21
2493.59
2494.69
2495.02
2495.04
2495.39
2495.88
2496.15
2496.37
2499.45
2500.23
2501.91
2502.21
2502.56
2502.59
2503.56
2503.91
2504.05
2507.19
2508.98
2509.56
2511.67
2511.70
2515.05
2515.07
2515.18
2516.57
2516.82
2517.90
2517.93
2518.04
2518.29
2520.06
2520.49
2522.10
2522.57
2523.00
2523.44
2523.50
2525.74
2526.36
2527.43
2528.20
2528.22
2528.91
2531.56
2532.91
2533.02
2534.17
2534.72
2534.74
2537.21
2538.17
2538.23
2539.41
2540.07
2541.50
2542.16
2543.31
2543.51
2543.56
2545.96
2546.32
2546.81
2549.82
2549.95
2550.18
2550.29
2550.56
2551.44
2551.97
2552.52
2552.77
2553.16
2553.29
2553.54
2554.18
2556.00
2556.67
2556.70
2560.18
2562.57
2563.15
2564.54
2564.81
2567.17
2567.26
2567.67
2569.09
2569.23
2569.37
2571.34
2571.87
2572.51
2574.13
2574.32
2574.32
2574.49
2576.89
2577.39
2579.48
2580.40
2580.57
2582.10
2582.58
2583.95
2584.14
2586.10
2587.05
2588.31
2589.32
2589.46
2590.16
2590.58
2591.93
2592.57
2592.69
2593.05
2593.08
2593.14
2593.28
2595.16
2597.07
2597.52
2598.25
2601.06
2603.03
2603.79
2605.62
2607.09
2608.05
2608.33
2608.39
2608.81
2608.87
2609.21
2609.74
2611.97
2615.96
2616.73
2617.38
2618.34
2619.33
2623.90
2625.18
2625.21
2626.46
2627.22
2628.45
2628.67
2628.76
2629.24
2629.64
2630.10
2630.69
2630.75
2631.63
2631.72
2632.74
2633.08
2633.34
2633.94
2635.99
2636.31
2637.62
2639.16
2639.19
2640.67
2642.99
2643.42
2644.51
2647.91
2648.77
2650.58
2654.88
2656.12
2656.78
2657.50
2659.94
2661.35
2661.56
2662.48
2665.42
2665.97
2667.84
2667.96
2668.01
2670.27
2671.16
2671.83
2671.89
2674.14
2675.15
2675.70
2676.23
2677.01
2677.50
2681.65
2682.72
2683.76
2685.04
2685.59
2686.26
2686.44
2689.90
2690.07
2690.42
2690.63
2690.74
2692.26
2692.40
2693.13
2693.60
2693.80
2693.95
2694.71
2697.59
2699.17
2700.78
2701.65
2702.03
2702.21
2702.65
2704.34
2704.81
2711.79
2712.11
2712.46
2712.84
2713.72
2714.46
2715.49
2717.07
2719.01
2723.19
2723.37
2724.93
2726.50
2726.61
2729.60
2730.33
2730.57
2731.93
2732.40
2732.46
2732.85
2733.11
2733.14
2733.70
2734.86
2735.66
2736.52
2738.20
2738.94
2739.12
2739.15
2739.51
2740.07
2740.93
2741.23
2741.73
2743.45
2744.58
2746.42
2749.01
2751.57
2755.59
2755.92
2756.31
2756.54
2756.99
2757.71
2758.42
2759.14
2759.17
2759.50
2760.87
2761.05
2762.07
2762.87
2764.91
2765.39
2767.09
2767.66
2768.35
2769.55
2770.00
2770.48
2771.77
2773.15
2774.02
2775.16
2776.54
2777.71
2778.28
2778.82
2780.48
2780.57
2782.40
2782.92
2783.10
2783.31
2783.82
2784.84
2784.93
2786.65
2790.03
2790.09
2792.45
2793.41
2793.47
2793.63
2794.59
2794.65
2795.71
2795.98
2798.50
2798.95
2801.37
2801.40
2803.13
2806.32
2810.18
2810.54
2812.52
2814.41
2815.17
2816.39
2816.69
2817.85
2818.43
2818.55
2818.77
2819.19
2823.28
2823.44
2825.18
2825.45
2825.51
2826.00
2826.43
2826.46
2826.46
2826.77
2827.90
2831.63
2833.17
2833.53
2834.36
2837.86
2840.29
2843.98
2846.35
2847.83
2849.46
2850.23
2850.85
2852.33
2854.12
2855.11
2855.97
2856.31
2859.53
2859.71
2859.84
2859.96
2860.36
2860.67
2863.83
2863.86
2865.88
2867.43
2868.83
2871.15
2871.93
2872.77
2873.89
2874.42
2875.04
2875.20
2877.53
2877.87
2878.12
2878.50
2881.52
2881.92
2882.05
2885.45
2888.51
2889.60
2889.98
2890.17
2891.76
2892.83
2893.67
2894.02
2894.61
2894.67
2894.77
2895.24
2896.62
2897.09
2898.87
2899.22
2902.77
2903.43
2904.43
2905.94
2907.07
2908.39
2909.24
2910.38
2911.60
2912.96
2913.81
2914.66
2915.83
2916.46
2919.49
2919.93
2922.24
2924.01
2924.07
2924.80
2926.20
2928.29
2929.20
2930.92
2931.11
2931.11
2931.68
2932.69
2933.42
2933.52
2934.03
2934.06
2934.82
2935.07
2936.92
2937.46
2937.84
2938.47
2938.89
2940.03
2940.13
2941.65
2941.69
2944.01
2944.33
2945.03
2948.41
2948.47
2948.76
2948.92
2949.53
2949.69
2950.84
2951.12
2952.24
2952.37
2952.43
2953.65
2955.28
2955.37
2955.72
2957.26
2958.92
2960.43
2960.59
2960.81
2961.77
2961.77
2962.74
2962.96
2965.17
2965.94
2967.81
2969.38
2970.60
2973.14
2974.07
2975.72
2977.94
2978.07
2978.10
2978.36
2978.87
2979.52
2979.71
2983.97
2985.52
2985.65
2985.68
2986.10
2987.75
2987.91
2990.60
2994.06
2998.53
2998.89
3000.68
3001.39
3007.89
3009.68
3009.71
3010.76
3011.38
3012.65
3015.03
3016.20
3017.18
3019.79
3020.41
3021.30
3021.89
3023.32
3025.06
3026.01
3026.20
3027.35
3029.35
3030.27
3032.53
3034.63
3034.89
3036.77
3037.06
3037.59
3038.18
3040.61
3040.68
3040.81
3041.30
3041.30
3041.57
3044.46
3044.56
3045.95
3047.63
3050.00
3050.33
3050.89
3051.69
3057.07
3058.07
3058.17
3058.23
3058.76
3059.75
3062.87
3063.50
3064.49
3066.02
3067.81
3074.99
3075.39
3075.79
3076.25
3076.78
3076.95
3077.65
3082.85
3083.15
3086.02
3086.62
3087.42
3087.86
3088.46
3089.19
3090.43
3090.53
3090.80
3092.14
3099.84
3101.18
3101.89
3104.84
3107.33
3108.34
3108.37
3108.41
3109.21
3110.12
3112.75
3115.81
3115.81
3116.22
3116.52
3118.07
3119.86
3120.10
3120.74
3121.45
3123.68
3123.71
3128.28
3128.41
3129.97
3130.04
3133.46
3134.44
3135.67
3136.89
3137.40
3141.17
3142.02
3142.83
3143.04
3143.21
3145.38
3146.34
3147.09
3147.87
3148.11
3149.20
3150.08
3150.53
3153.25
3156.02
3156.53
3157.01
3159.20
3159.23
3160.19
3160.22
3162.00
3164.71
3167.10
3172.21
3175.82
3176.47
3177.95
3178.05
3178.22
3179.43
3181.63
3181.84
3181.94
3182.29
3185.70
3189.21
3189.28
3190.15
3190.84
3193.56
3193.94
3195.19
3197.96
3198.37
3199.41
3199.41
3200.62
3202.73
3203.84
3204.68
3205.44
3205.44
3206.24
3206.72
3206.72
3207.66
3207.87
3208.01
3209.53
3209.71
3209.88
3210.92
3211.86
3211.97
3212.38
3214.26
3215.09
3215.34
3215.65
3215.76
3215.83
3216.00
3217.18
3217.50
3217.77
3219.45
3220.35
3221.64
3224.50
3225.30
3227.82
3228.97
3229.88
3229.98
3230.16
3230.26
3231.28
3234.49
3236.91
3237.58
3237.86
3239.05
3240.20
3242.10
3242.62
3248.00
3248.28
3248.38
3251.93
3255.56
3258.73
3261.13
3262.79
3262.82
3263.99
3266.92
3267.13
3267.21
3270.32
3271.38
3271.49
3271.98
3272.12
3273.40
3275.77
3276.05
3276.69
3277.83
3278.25
3278.89
3280.88
3281.09
3281.59
3288.16
3288.95
3290.37
3290.44
3290.48
3290.87
3291.47
3295.22
3297.82
3299.25
3301.89
3303.32
3303.78
3305.86
3306.32
3307.54
3307.79
3308.65
3308.83
3310.37
3317.93
3318.69
3321.02
3321.09
3321.24
3323.40
3323.75
3324.40
3326.06
3326.92
3328.07
3330.34
3330.81
3334.42
3335.14
3337.02
3337.09
3337.52
3337.99
3339.00
3343.38
3343.85
3343.88
3344.46
3344.90
3346.02
3348.19
3349.35
3349.39
3350.40
3351.38
3351.92
3352.25
3352.36
3355.30
3356.10
3356.35
3356.50
3356.53
3356.64
3361.00
3361.18
3364.68
3365.11
3365.33
3365.70
3370.25
3373.50
3375.00
3375.87
3378.58
3378.94
3381.36
3382.89
3382.97
3387.18
3389.12
3390.85
3394.04
3394.48
3395.73
3395.73
3397.68
3398.30
3400.58
3401.46
3401.87
3402.24
3404.19
3404.52
3404.67
3404.93
3406.07
3408.02
3408.43
3408.65
3409.50
3416.59
3416.70
3420.43
3420.55
3421.10
3424.47
3427.58
3428.36
3431.00
3431.89
3435.46
3435.57
3436.76
3437.80
3438.91
3439.10
3440.66
3443.31
3444.35
3445.17
3445.32
3445.51
3446.25
3448.04
3448.34
3450.21
3450.95
3453.34
3457.08
3458.84
3460.41
3461.54
3465.17
3468.62
3469.64
3470.50
3472.41
3473.47
3474.48
3474.82
3477.60
3479.52
3480.69
3481.56
3481.82
3482.20
3482.84
3482.88
3483.29
3484.19
3486.27
3487.36
3488.23
3488.76
3490.50
3491.33
3494.27
3496.39
3496.92
3498.89
3499.31
3501.09
3501.65
3502.53
3505.18
3505.94
3506.36
3506.51
3506.77
3507.46
3507.84
3508.33
3509.73
3510.11
3510.53
3510.72
3512.89
3513.15
3513.65
3514.52
3515.28
3515.51
3516.04
3516.77
3517.07
3520.80
3523.43
3524.04
3527.70
3527.86
3529.77
3529.96
3530.61
3530.95
3534.27
3535.46
3537.26
3541.28
3547.34
3547.72
3547.80
3549.30
3549.45
3551.18
3551.29
3553.45
3553.75
3556.29
3558.60
3559.22
3560.22
3561.03
3562.92
3563.92
3567.08
3567.28
3569.28
3570.48
3570.94
3571.56
3571.87
3572.10
3572.95
3573.15
3575.66
3577.71
3578.56
3579.38
3579.38
3580.93
3581.00
3582.83
3586.55
3590.59
3591.36
3592.96
3593.27
3593.27
3593.35
3593.50
3594.90
3595.25
3595.84
3600.74
3602.03
3603.12
3603.16
3603.39
3603.51
3606.47
3607.49
3609.56
3611.08
3612.64
3613.15
3614.48
3616.05
3616.91
3618.20
3618.67
3620.90
3621.33
3621.53
3621.61
3621.80
3622.66
3624.59
3627.84
3628.04
3628.74
3631.34
3632.20
3632.87
3633.66
3633.89
3634.68
3634.72
3637.47
3640.07
3642.08
3642.99
3644.21
3644.29
3648.07
3649.30
3649.81
3657.56
3657.60
3657.84
3657.99
3659.22
3661.88
3663.54
3663.78
3664.65
3666.08
3669.81
3669.85
3670.13
3673.22
3677.32
3679.63
3679.99
3682.26
3683.37
3684.17
3684.41
3684.89
3685.01
3685.76
3687.32
3687.32
3687.96
3689.40
3689.48
3691.27
3693.39
3693.79
3693.99
3696.67
3697.27
3699.79
3702.83
3704.11
3704.36
3706.16
3708.61
3709.05
3710.57
3710.69
3712.82
3713.91
3714.55
3715.23
3715.88
3717.36
3722.31
3722.88
3723.52
3724.93
3726.02
3727.68
3727.80
3728.36
3729.61
3733.57
3735.99
3736.80
3740.89
3743.44
3747.81
3751.79
3752.44
3752.85
3755.45
3755.73
3758.98
3758.98
3761.30
3762.28
3765.50
3768.27
3768.59
3769.98
3770.10
3771.04
3771.69
3772.84
3773.94
3776.63
3777.37
3780.19
3780.36
3783.92
3786.70
3787.48
3788.79
3789.45
3793.75
3795.31
3795.68
3796.05
3796.09
3798.68
3800.00
3800.90
3801.48
3802.34
3805.06
3806.83
3809.96
3812.15
3812.56
3816.07
3816.89
3818.09
3818.50
3821.81
3822.84
3824.83
3826.11
3827.60
3828.02
3828.35
3830.75
3834.69
3835.73
3836.19
3839.26
3839.92
3840.21
3843.17
3844.83
3846.45
3847.16
3847.74
3849.62
3852.41
3854.49
3855.58
3856.33
3856.50
3856.91
3862.55
3866.94
3867.07
3867.49
3868.03
3868.91
3869.91
3872.64
3872.80
3876.32
3879.47
3881.02
3881.11
3881.70
3882.96
3883.21
3883.25
3885.31
3886.15
3886.82
3887.24
3887.54
3891.58
3894.15
3894.99
3896.76
3897.56
3902.96
3908.88
3909.77
3910.87
3913.03
3913.03
3914.76
3914.93
3915.65
3923.24
3924.22
3927.92
3933.28
3935.74
3936.43
3936.47
3936.51
3940.01
3941.54
3941.84
3943.54
3943.84
3944.57
3948.88
3953.24
3954.23
3954.35
3956.49
3957.44
3960.61
3961.81
3962.32
3965.19
3966.95
3967.81
3968.41
3971.21
3971.72
3974.69
3975.12
3976.45
3977.10
3978.86
3979.64
3982.74
3982.82
3983.86
3985.15
3985.71
3988.39
3990.03
3991.02
3991.67
3995.51
3998.06
3999.62
4003.61
4008.07
4010.20
4010.46
4014.45
4015.10
4017.14
4017.27
4024.93
4026.11
4035.48
4036.84
4040.90
4046.76
4049.92
4051.45
4057.29
4057.77
4059.92
4064.71
4066.74
4068.14
4069.60
4070.39
4071.05
4074.36
4076.30
4080.58
4080.71
4082.08
4083.58
4083.84
4084.02
4087.78
4094.33
4094.37
4094.86
4095.13
4097.52
4102.89
4104.26
4107.20
4108.31
4108.89
4109.33
4112.89
4114.80
4116.14
4118.10
4118.72
4119.57
4125.59
4125.95
4127.15
4127.47
4127.73
4128.23
4133.59
4133.99
4139.86
4140.93
4141.60
4146.45
4147.07
4147.25
4148.82
4149.90
4152.82
4155.11
4155.16
4156.73
4157.72
4158.08
4161.73
4165.29
4167.58
4172.50
4176.61
4176.84
4180.27
4181.27
4184.48
4187.16
4187.65
4190.55
4192.14
4192.14
4192.78
4193.05
4194.32
4195.14
4196.63
4198.09
4200.09
4202.68
4209.19
4209.23
4209.50
4211.05
4212.92
4214.75
4216.34
4220.18
4222.00
4222.64
4226.07
4226.76
4229.59
4231.19
4239.95
4242.06
4243.71
4243.99
4244.31
4246.60
4247.85
4250.01
4252.17
4252.90
4260.73
4263.36
4266.41
4266.50
4271.63
4279.12
4279.58
4282.60
4287.83
4289.41
4290.57
4292.20
4296.10
4296.15
4299.63
4300.84
4302.19
4302.61
4306.76
4312.17
4314.64
4318.94
4318.94
4320.85
4321.37
4321.74
4323.99
4324.17
4324.69
4325.25
4328.20
4332.14
4334.20
4335.28
4341.38
4341.71
4342.79
4344.90
4345.19
4346.93
4347.21
4348.43
4355.87
4358.37
4358.46
4359.83
4364.46
4366.11
4366.20
4366.72
4371.07
4373.44
4375.95
4382.39
4383.77
4388.99
4391.74
4395.55
4400.49
4400.92
4401.16
4403.78
4408.69
4409.88
4410.74
4412.84
4412.84
4414.42
4414.71
4415.14
4417.24
4428.39
4429.39
4431.26
4431.41
4434.86
4436.11
4437.12
4437.16
4438.08
4439.76
4440.72
4440.86
4451.74
4462.92
4463.84
4464.86
4465.05
4466.02
4466.79
4473.71
4473.90
4475.79
4475.84
4476.03
4476.95
4479.61
4480.83
4482.04
4482.48
4482.81
4483.74
4489.51
4497.10
4498.56
4506.11
4509.33
4509.38
4510.99
4513.04
4513.09
4514.89
4514.99
4518.41
4518.95
4520.51
4523.69
4525.06
4525.70
4526.93
4533.74
4534.18
4540.32
4543.95
4544.64
4545.04
4547.35
4555.62
4558.73
4562.58
4563.32
4564.55
4566.33
4568.80
4580.53
4582.76
4584.80
4590.06
4592.89
4599.50
4601.10
4603.68
4610.86
4619.85
4622.40
4623.05
4624.75
4625.65
4625.95
4628.41
4628.91
4632.31
4633.27
4635.42
4636.38
4637.98
4640.69
4641.19
4641.60
4643.35
4643.40
4643.40
4643.91
4647.27
4647.38
4647.78
4648.58
4649.14
4649.29
4650.09
4651.60
4652.05
4654.32
4654.37
4655.38
4657.29
4657.49
4659.11
4660.57
4661.32
4662.79
4663.04
4665.31
4667.33
4667.53
4668.29
4683.62
4688.64
4689.30
4693.26
4697.73
4698.03
4698.49
4702.87
4705.46
4707.70
4709.18
4711.17
4711.93
4713.05
4714.33
4718.00
4719.69
4720.04
4720.91
4727.46
4730.06
4732.06
4734.57
4734.72
4736.31
4737.08
4744.67
4744.67
4749.19
4756.96
4759.43
4762.67
4763.29
4766.44
4769.95
4769.95
4771.39
4772.84
4776.56
4778.26
4786.02
4788.41
4790.22
4791.52
4794.42
4796.55
4800.18
4800.65
4800.86
4802.62
4804.08
4808.97
4809.80
4813.50
4814.38
4815.89
4816.78
4818.03
4818.65
4819.23
4823.61
4824.18
4824.81
4825.49
4827.94
4829.46
4834.74
4834.95
4835.58
4839.24
4841.54
4842.65
4845.79
4846.47
4848.10
4849.67
4850.14
4853.40
4854.55
4855.97
4856.97
4862.23
4863.44
4866.86
4867.70
4868.76
4869.39
4869.65
4874.45
4874.77
4877.93
4880.47
4885.22
4887.55
4888.34
4891.62
4891.62
4894.64
4897.13
4902.38
4906.83
4906.89
4907.36
4909.17
4910.39
4911.35
4911.61
4920.60
4920.98
4924.76
4928.44
4928.60
4930.52
4932.54
4934.09
4936.39
4936.55
4936.76
4940.23
4943.12
4945.69
4952.70
4955.71
4956.78
4958.71
4961.50
4967.84
4972.19
4973.22
4973.27
4978.17
4978.82
4979.09
4981.35
4984.37
4986.15
4986.58
4989.60
4991.17
5006.85
5012.87
5013.63
5014.99
5016.13
5016.61
5019.38
5023.84
5026.77
5029.06
5030.26
5037.45
5038.81
5040.01
5044.26
5046.12
5048.09
5048.90
5051.53
5051.58
5055.14
5057.93
5058.42
5060.94
5061.16
5061.70
5065.76
5065.87
5069.10
5072.01
5075.63
5080.14
5085.25
5087.18
5089.88
5091.86
5094.40
5101.79
5101.90
5107.53
5112.95
5115.33
5117.21
5121.03
5131.96
5134.90
5145.08
5148.03
5153.49
5167.90
5171.98
5176.18
5177.92
5178.31
5180.83
5194.08
5194.64
5198.63
5199.42
5203.92
5205.16
5207.08
5211.36
5212.09
5213.00
5214.18
5215.93
5218.75
5224.91
5225.53
5227.91
5236.80
5239.12
5241.22
5246.44
5248.08
5254.33
5256.38
5257.74
5258.66
5259.34
5263.66
5268.96
5270.22
5270.62
5275.92
5276.21
5280.89
5283.06
5287.41
5293.59
5295.43
5301.85
5302.19
5306.61
5311.89
5311.89
5312.99
5318.05
5318.97
5320.64
5322.77
5323.23
5324.78
5325.94
5326.40
5327.03
5334.24
5335.57
5336.15
5340.42
5342.91
5347.76
5349.27
5349.73
5353.78
5356.97
5360.22
5361.26
5361.61
5362.48
5363.06
5366.43
5373.75
5375.38
5379.57
5379.74
5381.31
5382.83
5383.64
5388.65
5388.77
5388.95
5396.24
5397.93
5399.04
5400.15
5401.73
5405.88
5408.22
5408.86
5409.98
5416.83
5418.47
5419.17
5420.99
5421.40
5421.58
5427.45
5429.80
5434.44
5434.97
5437.38
5440.62
5442.38
5443.68
5445.80
5448.28
5450.40
5451.52
5454.41
5473.15
5474.93
5478.30
5478.72
5481.57
5483.58
5486.13
5487.92
5488.87
5491.42
5491.90
5491.95
5499.15
5508.68
5512.37
5513.33
5516.19
5516.43
5517.45
5517.80
5520.79
5521.81
5524.38
5528.86
5536.10
5536.22
5539.10
5541.26
5546.48
5547.20
5549.60
5554.04
5555.73
5557.41
5558.01
5562.10
5563.24
5563.55
5568.66
5571.32
5572.46
5576.80
5576.86
5589.19
5590.34
5593.36
5593.91
5598.08
5607.60
5608.82
5610.39
5614.28
5615.50
5617.99
5618.41
5618.84
5619.57
5620.24
5621.15
5623.95
5629.43
5632.59
5639.00
5639.67
5642.54
5643.27
5651.46
5651.82
5656.05
5657.02
5658.25
5659.90
5662.17
5666.70
5667.01
5669.03
5670.87
5672.78
5674.50
5675.60
5679.22
5679.78
5689.13
5689.62
5692.88
5701.20
5701.33
5704.66
5704.84
5707.62
5710.96
5711.08
5711.52
5715.72
5715.84
5721.10
5722.71
5727.17
5732.38
5732.56
5737.65
5739.58
5741.50
5752.14
5754.00
5757.43
5759.36
5759.55
5759.61
5762.91
5763.66
5768.59
5777.58
5777.96
5779.09
5783.46
5789.04
5791.42
5792.17
5795.49
5796.93
5797.50
5801.14
5802.08
5802.52
5803.15
5804.40
5805.22
5806.73
5807.42
5807.73
5811.50
5813.14
5824.22
5824.41
5824.79
5824.85
5833.05
5835.95
5837.59
5839.55
5839.62
5850.68
5851.57
5854.93
5855.50
5857.97
5858.03
5859.11
5859.68
5863.23
5864.18
5868.12
5872.25
5874.15
5879.87
5881.91
5883.95
5887.00
5888.98
5899.69
5902.18
5904.48
5907.49
5909.47
5910.30
5912.35
5912.79
5915.42
5915.74
5915.93
5916.06
5916.25
5919.00
5921.24
5921.89
5922.91
5925.73
5927.40
5935.36
5936.00
5936.06
5938.44
5940.56
5940.62
5944.22
5945.25
5945.38
5947.89
5948.02
5950.02
5954.20
5954.72
5959.62
5968.59
5970.39
5990.58
5990.78
5999.53
6005.05
6015.78
6015.92
6017.48
6018.98
6021.84
6022.56
6023.99
6027.12
6027.45
6032.93
6037.37
6043.25
6043.90
6046.91
6053.46
6053.72
6054.44
6058.11
6059.68
6061.91
6062.70
6064.73
6071.17
6073.40
6073.99
6079.12
6081.03
6082.48
6091.50
6096.12
6098.03
6100.40
6110.05
6111.31
6111.50
6112.63
6114.55
6114.74
6118.98
6119.25
6122.36
6122.36
6127.39
6137.48
6146.45
6148.31
6150.58
6154.90
6157.10
6162.70
6171.84
6174.38
6179.12
6179.59
6183.67
6183.81
6184.14
6185.14
6185.28
6185.35
6189.56
6192.98
6197.40
6204.25
6204.78
6205.59
6211.37
6220.78
6230.89
6246.28
6246.28
6249.12
6249.79
6249.79
6251.82
6252.16
6254.66
6260.42
6262.59
6267.47
6269.77
6274.86
6277.58
6279.75
6282.67
6282.95
6286.62
6287.37
6296.35
6299.01
6299.69
6301.74
6315.66
6321.20
6322.84
6323.66
6327.97
6328.32
6330.44
6331.33
6331.47
6332.49
6334.28
6336.47
6339.01
6339.90
6345.80
6346.56
6355.49
6358.79
6364.02
6366.64
6367.67
6368.50
6369.53
6377.67
6383.88
6386.85
6394.53
6401.52
6405.75
6405.89
6409.28
6412.06
6412.54
6415.94
6422.89
6426.43
6428.03
6429.43
6431.44
6433.39
6433.74
6440.91
6444.47
6446.70
6446.84
6447.19
6449.56
6450.40
6455.64
6459.62
6465.35
6465.42
6469.76
6471.37
6476.55
6478.17
6482.51
6494.52
6495.50
6495.78
6497.75
6501.83
6510.42
6513.66
6514.72
6517.25
6517.82
6520.29
6528.33
6532.50
6533.56
6534.34
6534.98
6537.38
6546.23
6551.97
6554.17
6555.80
6562.97
6563.39
6564.46
6565.31
6585.52
6587.87
6591.08
6592.15
6597.64
6599.71
6611.15
6612.79
6634.43
6636.16
6643.56
6644.63
6646.86
6664.22
6667.10
6670.71
6672.66
6678.51
6678.51
6680.25
6690.95
6691.89
6699.06
6699.79
6709.36
6710.24
6713.07
6718.30
6727.47
6728.48
6732.56
6733.36
6739.92
6742.48
6744.15
6750.43
6751.31
6753.14
6761.47
6762.28
6766.15
6766.52
6767.69
6776.85
6782.35
6783.53
6788.01
6789.84
6793.30
6793.59
6798.81
6799.55
6804.55
6804.62
6808.16
6808.82
6809.78
6813.76
6819.81
6825.64
6843.17
6843.39
6856.43
6859.40
6861.48
6861.92
6866.75
6867.87
6872.99
6877.46
6880.36
6880.88
6883.64
6885.05
6889.08
6894.89
6904.60
6908.63
6914.62
6915.14
6923.60
6925.10
6928.10
6932.82
6937.62
6938.00
6941.08
6946.26
6950.54
6962.06
6962.29
6963.57
6965.83
6967.26
6967.64
6970.35
6974.80
6980.31
6983.11
6983.11
6987.34
6997.10
6999.22
7000.74
7009.68
7015.37
7028.89
7031.33
7033.15
7036.43
7037.49
7039.17
7039.93
7048.77
7049.69
7051.06
7052.13
7053.50
7054.57
7055.71
7071.99
7072.45
7076.20
7077.28
7092.91
7093.84
7099.75
7118.52
7118.98
7120.21
7122.21
7135.09
7144.75
7149.47
7154.03
7158.22
7164.72
7178.30
7178.38
7184.29
7186.38
7189.65
7197.36
7200.94
7204.84
7205.30
7211.23
7212.95
7213.49
7216.46
7216.85
7217.09
7223.65
7225.99
7228.57
7229.20
7229.28
7230.06
7236.63
7245.25
7247.76
7247.92
7253.41
7259.53
7259.53
7262.44
7263.38
7271.01
7272.82
7278.33
7287.94
7288.65
7291.34
7298.36
7298.76
7305.23
7316.86
7317.97
7318.52
7322.96
7328.67
7329.94
7336.68
7338.43
7353.21
7361.25
7371.13
7371.13
7373.37
7375.68
7380.31
7382.95
7390.06
7392.38
7396.30
7402.62
7403.66
7413.68
7420.18
7423.16
7424.12
7424.84
7433.28
7436.90
7437.47
7438.19
7438.59
7442.05
7444.07
7451.88
7456.72
7458.10
7459.06
7459.47
7461.16
7476.76
7480.89
7485.66
7489.39
7495.55
7496.61
7498.47
7503.26
7503.42
7505.70
7520.57
7522.44
7523.50
7523.83
7529.69
7536.13
7544.70
7544.94
7552.54
7553.03
7557.36
7558.01
7569.63
7579.80
7580.70
7583.82
7589.40
7590.14
7591.37
7592.11
7596.30
7598.44
7607.90
7615.39
7620.42
7622.89
7627.51
7643.38
7643.87
7648.67
7651.15
7652.89
7658.61
7670.96
7683.51
7684.34
7695.24
7700.74
7711.66
7712.24
7714.91
7720.84
7726.36
7727.86
7736.40
7738.15
7743.35
7747.37
7750.97
7753.41
7766.42
7771.72
7772.39
7781.31
7782.57
7789.56
7798.59
7803.57
7813.62
7815.56
7819.79
7820.98
7832.16
7832.83
7846.58
7846.92
7857.96
7861.36
7865.02
7867.15
7878.56
7878.56
7881.21
7885.21
7885.21
7890.68
7891.70
7907.60
7911.45
7912.14
7913.76
7917.87
7918.22
7933.57
7936.14
7940.35
7943.19
7950.15
7957.38
7957.72
7961.86
7963.24
7978.16
7982.30
7991.37
7997.08
8011.72
8013.37
8025.34
8041.16
8042.29
8042.38
8060.32
8061.37
8061.72
8093.36
8096.33
8101.77
8101.85
8101.85
8115.72
8128.20
8128.72
8132.59
8133.83
8135.23
8168.40
8188.04
8200.72
8201.79
8203.47
8205.07
8208.71
8213.33
8222.04
8223.11
8224.53
8225.25
8229.61
8243.42
8243.78
8247.44
8247.61
8247.79
8258.87
8291.64
8294.87
8310.41
8316.88
8320.39
8320.84
8324.81
8331.66
8333.46
8341.58
8345.37
8347.45
8353.59
8356.03
8363.09
8378.75
8385.19
8392.55
8393.91
8400.36
8407.27
8410.91
8416.10
8434.60
8434.69
8435.97
8451.59
8458.18
8462.39
8472.93
8478.06
8484.30
8496.15
8496.25
8497.62
8500.01
8502.31
8505.90
8510.32
8517.41
8522.02
8533.00
8536.79
8557.78
8558.89
8562.32
8568.25
8568.81
8572.52
8573.17
8585.61
8588.21
8592.48
8595.55
8608.67
8610.63
8618.93
8624.99
8636.48
8643.21
8645.92
8650.88
8653.22
8657.34
8657.81
8663.34
8665.77
8670.74
8683.04
8684.17
8684.55
8688.40
8688.78
8690.37
8704.30
8704.58
8707.79
8709.01
8711.18
8713.91
8719.57
8729.48
8733.07
8739.60
8742.72
8743.19
8745.18
8745.27
8748.49
8771.52
8789.10
8795.18
8796.23
8799.66
8809.47
8812.33
8812.43
8821.87
8832.28
8835.63
8848.64
8859.46
8868.38
8875.87
8877.79
8880.00
8880.67
8881.25
8884.80
8886.82
8897.60
8900.68
8907.33
8912.34
8914.17
8921.22
8934.35
8936.77
8945.19
8949.64
8981.56
8984.76
8987.29
8990.31
8992.74
8996.73
8997.41
8998.09
9021.49
9026.17
9027.93
9034.28
9034.87
9041.62
9045.53
9056.60
9057.09
9079.85
9083.39
9086.93
9099.91
9102.77
9104.74
9117.56
9118.34
9125.75
9131.38
9134.84
9135.13
9135.73
9136.02
9137.50
9147.20
9152.25
9158.19
9158.39
9175.15
9177.43
9183.00
9189.36
9191.05
9194.93
9199.11
9222.03
9243.51
9249.91
9255.21
9257.52
9257.52
9258.92
9259.12
9263.93
9267.84
9270.85
9271.25
9272.66
9278.17
9283.50
9286.61
9286.91
9289.22
9292.24
9304.01
9307.84
9321.64
9328.20
9331.13
9331.94
9337.59
9339.01
9347.70
9357.21
9360.76
9366.03
9368.86
9377.38
9385.40
9389.67
9404.41
9406.65
9419.18
9428.35
9441.22
9448.78
9455.02
9471.60
9475.19
9493.76
9524.73
9524.84
9526.28
9529.37
9539.28
9544.33
9550.95
9571.12
9575.26
9585.73
9596.63
9609.41
9613.36
9620.02
9623.45
9630.33
9634.91
9644.20
9649.52
9653.17
9663.73
9665.40
9668.33
9676.49
9679.01
9690.01
9692.84
9699.56
9699.87
9700.81
9713.94
9722.78
9723.62
9747.32
9747.42
9758.19
9759.14
9761.04
9764.52
9773.30
9776.47
9789.28
9794.57
9799.45
9802.10
9805.39
9811.33
9814.41
9815.79
9822.91
9828.76
9836.74
9841.00
9841.74
9849.41
9872.24
9872.78
9876.52
9888.49
9891.49
9905.09
9905.73
9932.35
9934.93
9939.01
9939.01
9942.67
9961.30
9962.70
9971.87
9984.61
9994.12
9998.66
10000.07
10000.61
10009.48
10012.73
10018.59
10026.39
10036.81
10040.07
10042.03
10045.40
10049.75
10071.73
10081.33
10081.66
10091.80
10092.13
10100.43
10115.53
10119.69
10134.48
10135.03
10136.67
10137.44
10151.16
10172.38
10174.91
10175.13
10188.02
10194.09
10196.73
10201.26
10219.60
10225.46
10234.65
10238.63
10247.17
10248.05
10249.61
10263.59
10264.03
10270.03
10288.49
10298.85
10310.78
10315.47
10321.05
10327.19
10331.89
10333.45
10344.64
10357.41
10366.94
10379.73
10385.01
10389.62
10390.18
10390.97
10398.73
10406.61
10406.95
10421.93
10438.52
10480.96
10497.19
10520.04
10523.57
10533.37
10560.76
10574.48
10587.19
10601.63
10608.29
10610.81
10612.42
10612.76
10614.37
10625.06
10626.21
10633.45
10657.52
10673.33
10679.57
10700.62
10753.08
10753.90
10756.46
10759.72
10761.81
10772.65
10786.18
10792.36
10845.39
10856.54
10890.31
10891.96
10899.98
10905.64
10911.42
10914.96
10920.28
10922.05
10951.04
10954.24
10985.46
10997.71
11001.28
11002.71
11013.07
11017.12
11023.08
11032.87
11038.48
11047.68
11050.55
11056.77
11068.98
11072.33
11077.12
11095.24
11117.59
11134.56
11142.27
11162.06
11167.14
11177.53
11178.02
11206.72
11208.17
11215.81
11221.40
11230.63
11233.18
11296.32
11311.85
11339.67
11340.16
11350.10
11360.30
11399.57
11411.67
11414.76
11432.06
11441.34
11441.59
11449.51
11453.48
11453.97
11462.03
11462.40
11466.75
11531.94
11569.43
11585.84
11605.92
11621.88
11658.15
11658.28
11670.14
11689.22
11689.47
11695.67
11700.23
11704.28
11711.37
11714.92
11715.94
11721.64
11741.70
11747.67
11749.45
11789.05
11809.10
11826.49
11829.17
11831.61
11848.26
11850.70
11858.14
11858.65
11860.83
11860.96
11873.41
11878.04
11892.70
11893.34
11922.72
11924.78
11943.51
11944.02
11951.52
11957.86
11958.25
11965.88
11966.14
11986.36
12015.31
12026.50
12041.60
12072.52
12077.22
12084.67
12090.95
12098.41
12107.18
12142.21
12148.91
12152.33
12154.43
12154.70
12161.27
12162.33
12181.55
12188.67
12202.66
12220.63
12238.89
12287.06
12289.18
12297.30
12343.29
12357.18
12360.39
12360.79
12373.24
12374.31
12378.59
12381.27
12392.53
12392.66
12393.87
12414.81
12446.55
12476.08
12479.86
12481.07
12498.37
12505.95
12509.06
12521.24
12547.28
12556.52
12588.62
12609.62
12616.71
12630.64
12636.79
12640.90
12661.02
12673.90
12684.47
12713.04
12729.84
12731.63
12733.56
12776.61
12783.53
12791.14
12801.11
12820.10
12852.04
12914.35
12926.23
12964.75
12988.76
13016.61
13020.70
13043.96
13115.72
13119.55
13126.36
13128.21
13134.60
13144.27
13173.60
13192.00
13205.42
13207.14
13211.00
13230.88
13232.03
13249.65
13250.22
13312.59
13320.22
13339.41
13348.07
13366.13
13367.72
13372.50
13372.64
13385.38
13398.28
13402.63
13416.70
13421.78
13444.75
13468.19
13489.33
13502.91
13526.60
13538.02
13550.33
13552.97
13565.59
13567.06
13576.16
13577.92
13583.36
13614.55
13628.11
13646.41
13659.56
13697.74
13712.12
13720.14
13734.84
13744.36
13768.77
13773.68
13779.05
13781.59
13809.95
13812.93
13823.25
13869.54
13893.88
13909.52
13923.22
13925.33
13926.54
13932.87
13956.55
13964.71
13988.00
14026.64
14045.02
14053.84
14066.16
14103.95
14107.31
14107.77
14140.78
14143.84
14149.96
14153.18
14185.99
14191.21
14191.97
14196.27
14201.80
14211.80
14230.88
14235.50
14262.78
14275.44
14276.22
14293.99
14295.07
14344.19
14359.41
14392.85
14404.07
14422.47
14470.14
14491.29
14604.15
14610.00
14617.90
14648.62
14705.63
14708.02
14747.69
14778.04
14795.96
14796.44
14812.14
14845.67
14892.49
14907.64
14911.84
14935.41
14983.81
15046.84
15094.62
15152.22
15155.01
15169.12
15189.15
15195.23
15205.60
15285.60
15293.54
15309.93
15392.31
15401.14
15403.64
15438.01
15464.59
15485.86
15565.99
15624.20
15638.07
15674.83
15691.46
15707.26
15732.94
15772.31
15791.27
15798.96
15806.65
15914.42
15920.45
15926.48
15963.91
15989.15
15990.36
16010.79
16017.55
16044.61
16048.95
16051.03
16063.19
16089.28
16150.50
16169.74
16185.67
16203.19
16212.66
16227.58
16245.85
16299.72
16347.06
16352.72
16373.78
16398.07
16406.24
16421.87
16436.26
16457.08
16518.45
16530.43
16544.03
16551.01
16579.51
16592.97
16608.06
16661.33
16671.07
16682.80
16689.30
16726.18
16791.09
16797.63
16823.28
16841.31
16851.70
16867.75
16921.67
16926.80
16951.36
16954.11
16956.68
17014.76
17016.41
17049.22
17077.28
17079.68
17126.50
17164.34
17192.97
17208.97
17332.11
17373.61
17377.18
17420.86
17428.21
17465.58
17505.12
17507.21
17566.98
17574.96
17578.77
17638.02
17663.99
17694.98
17711.45
17726.79
17744.64
17782.31
17805.41
17843.79
17876.25
17922.93
17943.50
17956.90
17982.37
17986.65
18029.51
18046.49
18077.37
18105.36
18157.94
18164.62
18179.37
18274.22
18346.53
18396.03
18442.07
18461.03
18515.64
18525.06
18541.90
18562.78
18562.98
18603.60
18650.96
18744.42
18757.41
18757.81
18788.28
18836.52
18837.34
18855.49
18913.11
18970.08
18977.68
19040.61
19105.62
19131.06
19147.01
19152.81
19166.49
19177.07
19206.35
19228.80
19273.80
19291.32
19297.58
19299.25
19308.03
19317.22
19423.27
19455.24
19551.25
19591.27
19602.09
19602.72
19616.94
19640.30
19696.70
19696.91
19767.15
19861.26
19876.10
19912.91
19942.45
19952.16
19987.16
20005.12
20023.52
20056.48
20057.78
20083.84
20155.68
20186.02
20193.66
20267.21
20291.57
20370.98
20431.46
20468.63
20480.82
20485.47
20626.48
20677.43
20694.88
20721.77
20726.93
20833.95
20870.05
20876.82
20882.70
20922.50
20966.47
20976.45
20992.34
20997.80
21028.26
21032.36
21054.44
21084.76
21108.50
21116.50
21325.44
21336.28
21387.36
21411.21
21421.41
21585.67
21663.81
21702.99
21775.20
21881.96
21994.47
22057.62
22076.96
22084.85
22096.32
22165.04
22201.28
22220.75
22245.53
22257.08
22288.17
22409.56
22494.83
22618.07
22731.42
22764.65
22825.32
22870.31
22892.84
22940.94
22965.03
23011.55
23031.97
23050.92
23116.35
23121.36
23186.99
23225.66
23269.93
23272.70
23361.76
23389.58
23543.44
23543.95
23579.90
23649.91
23800.34
23830.23
24167.26
24178.24
24206.25
24212.80
24229.31
24310.19
24364.43
24373.40
24692.45
24768.98
24810.56
24871.57
24942.44
25119.29
25133.16
25138.05
25159.82
25226.06
25250.91
25254.74
25311.09
25362.63
25408.77
25461.06
25494.69
25506.55
25510.42
25544.94
25643.25
25685.46
25712.43
25835.97
26026.48
26045.07
26074.96
26185.22
26233.14
26244.78
26304.20
26580.86
26740.08
26870.60
26871.76
26946.88
27035.95
27165.85
27168.79
27188.49
27245.03
27327.40
27510.74
27573.62
27605.26
27616.91
27745.10
27812.12
27955.13
27989.02
28043.89
28077.89
28191.74
28342.22
28500.90
29052.29
29357.22
29571.45
30066.68
30071.24
30303.79
30307.73
30485.65
30573.85
30610.26
30765.99
30929.20
31020.35
31280.89
31296.80
32290.88
33404.26
33760.70
34545.55
34609.15
35507.72
36344.58
36572.98
36624.06
38198.43
39806.87
40955.00
42997.93
45864.53
