35.75
42.24
45.61
47.13
47.97
48.25
48.43
49.97
51.93
53.08
53.08
54.65
55.39
55.80
56.18
56.23
56.39
56.57
57.12
57.21
58.84
60.83
60.98
61.63
62.14
62.48
63.10
63.10
63.34
63.82
64.44
64.45
65.71
65.85
66.06
67.01
67.62
68.09
68.68
69.45
69.53
70.02
74.65
75.07
76.03
76.40
76.61
77.00
78.71
79.19
80.46
80.96
81.36
83.39
83.64
83.65
83.90
85.90
85.91
86.50
86.74
87.14
87.15
87.21
88.38
88.55
88.80
89.19
89.78
90.36
92.41
93.41
93.52
93.53
93.85
93.90
94.23
95.01
95.24
96.01
96.97
97.29
97.42
97.61
101.47
101.50
101.91
102.44
102.93
103.12
103.31
103.71
103.85
103.91
104.25
106.51
106.64
106.84
107.21
107.45
107.64
107.91
108.20
108.78
109.09
109.54
110.03
110.39
110.52
110.61
110.75
111.11
111.86
112.03
112.58
113.52
115.71
115.79
116.07
116.26
116.80
117.59
117.93
118.17
118.67
118.72
118.88
119.13
119.38
119.99
120.05
120.10
120.17
120.23
120.70
121.46
121.69
121.76
121.95
122.09
122.21
122.39
122.79
122.99
123.10
123.10
123.50
123.59
124.59
124.65
124.82
125.65
125.74
125.77
125.77
126.24
126.46
126.52
126.83
127.00
127.13
128.67
128.80
129.18
129.19
129.54
131.20
131.24
131.83
131.98
132.05
132.27
133.37
133.43
134.37
134.62
134.71
134.84
135.45
136.63
136.64
136.89
137.34
137.34
137.42
138.03
138.32
138.55
138.66
139.20
139.41
139.61
140.36
140.58
141.07
141.33
141.63
141.70
141.73
142.21
142.40
142.96
143.70
143.93
144.08
144.25
144.43
145.03
145.27
145.53
145.57
145.77
146.01
146.13
146.38
146.95
147.06
147.96
148.16
148.39
148.76
149.47
149.76
149.79
150.03
150.65
150.65
151.38
151.73
151.93
152.23
152.26
152.29
152.40
152.51
152.75
152.81
154.60
155.08
156.24
156.63
157.46
157.47
157.60
157.83
158.19
158.60
158.83
158.87
159.58
159.71
160.04
160.46
161.04
161.36
161.61
161.63
161.80
162.07
162.14
162.55
162.85
162.86
164.39
164.76
164.85
165.21
165.71
166.20
166.27
166.28
166.52
166.75
166.79
166.88
167.18
167.23
167.24
167.40
168.14
168.18
168.27
168.48
168.48
168.82
168.97
169.05
169.22
169.26
169.29
169.37
169.54
169.54
169.87
170.28
170.90
171.05
171.27
171.86
172.15
172.52
172.54
172.77
173.05
173.39
173.52
174.08
174.10
174.14
174.83
174.87
175.45
175.77
175.89
177.70
178.48
179.12
179.72
179.96
180.67
181.47
181.52
182.16
182.24
182.28
182.92
183.11
183.33
183.36
184.01
184.56
184.71
184.83
185.15
185.37
185.38
187.01
187.16
187.63
187.64
187.68
188.02
188.80
189.01
189.32
189.60
189.90
190.05
190.22
190.26
190.45
190.45
190.65
190.72
190.76
191.23
191.25
191.72
192.10
192.29
192.47
192.77
193.19
193.54
193.64
194.16
194.24
194.85
194.99
195.33
195.56
195.79
195.85
196.22
196.70
197.19
197.59
197.90
198.13
198.38
198.85
198.91
198.95
199.09
199.31
199.53
199.55
199.64
200.63
200.78
200.81
200.91
201.08
201.25
201.34
201.42
201.69
201.70
202.32
202.70
202.79
202.91
203.41
203.43
203.78
203.87
203.93
204.09
204.30
204.39
204.59
204.89
205.06
205.28
206.15
206.67
207.21
207.29
207.58
207.92
208.52
208.55
208.71
209.05
209.17
209.17
209.56
209.76
211.13
212.04
213.17
213.81
214.04
214.35
214.53
214.76
214.80
215.01
215.04
215.15
215.50
215.75
216.07
216.54
216.58
216.71
217.00
217.28
217.69
218.00
218.02
218.04
218.26
218.28
218.34
219.28
219.35
219.46
219.57
219.61
219.63
219.75
219.75
219.85
220.01
220.61
220.97
221.08
221.14
222.28
222.41
222.56
222.92
223.17
223.44
223.88
223.93
224.16
224.19
224.69
224.72
225.02
225.18
225.53
225.54
225.59
225.70
225.78
226.59
226.75
226.79
226.85
226.88
226.93
227.21
227.61
227.62
227.66
228.06
228.35
228.57
228.68
228.75
229.03
229.04
229.07
229.21
229.49
229.71
229.72
230.07
230.48
230.91
231.01
231.39
231.45
231.62
231.89
231.96
232.21
232.76
232.78
233.57
233.78
234.16
234.51
234.66
234.98
235.43
236.24
236.27
236.53
236.73
236.93
237.50
237.75
238.04
238.50
239.20
239.46
239.62
239.69
239.70
239.99
240.20
240.33
240.36
240.94
241.86
242.43
242.47
242.55
242.65
242.68
243.04
243.29
243.29
243.31
243.55
243.61
243.65
243.82
244.01
244.19
244.88
244.95
245.12
245.20
245.27
245.27
245.28
245.34
246.10
246.34
246.42
246.59
246.72
247.33
247.92
247.94
248.02
248.25
249.53
249.90
250.51
250.72
250.96
251.20
251.24
251.47
251.68
251.76
252.35
252.53
252.86
253.59
253.77
254.01
254.03
254.47
254.64
255.37
255.80
255.90
256.09
256.10
256.36
256.61
256.75
256.91
257.98
258.23
258.45
258.49
258.51
258.75
258.97
259.27
259.57
259.63
259.92
260.15
260.30
260.76
260.99
261.26
261.27
261.30
261.40
261.79
261.98
261.98
262.07
262.12
262.12
262.65
262.71
262.90
263.39
263.43
263.46
263.48
263.88
263.89
264.01
264.04
264.57
264.71
264.76
265.27
265.36
265.45
266.26
266.29
266.43
266.52
266.68
266.68
266.96
267.05
267.07
267.12
267.70
267.71
267.79
267.86
268.19
268.20
268.33
268.65
268.90
269.18
269.60
269.83
270.01
270.16
270.19
270.22
270.25
270.56
271.18
271.38
271.41
272.01
272.02
272.05
272.21
272.24
272.33
272.74
273.40
273.40
273.90
273.93
274.04
274.45
274.56
274.63
275.97
275.98
276.13
276.15
276.45
276.61
276.84
276.89
276.99
279.24
279.29
279.88
279.96
280.12
280.24
280.57
281.12
281.19
281.52
281.55
281.69
281.71
282.26
282.29
283.02
283.15
283.43
283.91
284.20
284.46
285.22
285.58
285.88
286.02
286.09
286.15
286.43
286.92
286.97
287.19
288.50
288.70
288.73
289.11
289.11
289.23
289.36
289.37
289.49
289.56
289.60
290.03
290.16
290.66
291.19
291.47
292.01
292.61
293.05
293.37
293.79
294.56
294.57
294.77
295.12
295.43
295.96
296.22
296.37
296.80
296.87
297.82
298.21
298.22
298.24
298.46
298.70
298.89
299.31
299.53
299.59
299.69
299.74
299.84
300.59
300.64
300.67
300.79
300.91
300.92
301.30
301.70
301.91
302.02
302.35
302.65
302.83
302.90
302.96
303.05
303.24
303.42
303.45
303.56
303.79
304.79
304.79
304.79
305.06
305.35
305.65
305.69
305.86
305.87
306.04
306.37
306.74
306.89
306.97
306.99
307.20
307.33
307.71
307.72
308.03
308.42
308.79
309.00
309.11
309.59
309.61
310.06
310.27
310.64
311.02
311.24
311.40
311.58
311.66
311.82
311.99
312.09
312.31
312.38
312.93
312.99
313.18
313.30
313.35
313.44
313.49
313.53
313.70
313.75
314.03
314.08
314.18
314.50
314.89
315.15
315.36
315.48
315.72
316.51
316.96
317.64
318.03
318.54
318.89
319.39
319.98
320.02
320.63
320.67
320.79
320.82
320.93
321.15
321.18
321.59
321.65
321.80
322.19
322.37
322.41
322.48
322.70
323.14
323.29
323.52
323.53
323.93
324.42
324.65
325.48
325.66
325.86
325.98
326.06
326.42
326.80
327.10
327.15
327.17
327.18
327.36
327.45
327.98
328.45
328.45
328.52
328.58
328.85
329.05
329.42
329.44
329.49
329.62
329.62
329.87
330.47
330.55
330.58
331.12
331.30
331.45
331.55
332.51
332.55
333.40
334.15
334.46
334.76
334.92
335.10
335.22
335.47
335.52
335.73
335.92
336.00
336.02
336.06
336.09
336.14
336.37
336.44
336.53
336.98
337.00
337.01
337.02
337.51
337.60
337.84
337.90
338.39
338.50
338.58
338.82
338.86
339.05
339.10
339.25
340.22
340.22
340.60
341.02
341.22
341.52
342.02
342.04
342.40
342.53
342.69
342.90
343.25
343.34
343.45
343.88
344.03
344.15
344.16
344.18
344.20
344.56
344.77
345.11
345.14
345.42
345.43
346.60
346.69
347.05
347.07
347.32
347.54
347.64
347.75
347.76
347.93
348.34
348.64
348.73
349.46
349.64
350.07
350.21
350.34
350.71
350.95
351.01
351.86
351.95
352.15
352.59
353.26
353.73
354.33
354.36
354.37
354.44
354.66
354.73
355.65
356.17
356.71
356.71
356.94
357.46
357.49
357.61
357.67
357.83
358.60
358.66
358.85
358.91
359.01
359.11
359.13
359.15
359.69
360.23
360.28
360.70
360.88
360.99
361.22
361.37
361.60
361.61
361.68
362.00
362.01
362.24
363.25
363.52
363.57
363.97
364.21
364.82
365.32
365.32
365.72
366.17
366.43
366.94
367.03
367.06
367.27
367.36
367.58
367.63
367.72
367.95
368.26
368.41
368.52
368.58
368.77
369.16
369.43
369.68
369.84
369.90
369.96
370.33
370.51
370.55
370.57
370.57
371.61
371.65
371.65
371.91
371.96
372.00
372.31
372.38
372.53
372.83
373.23
373.27
373.44
373.87
373.91
373.95
374.23
374.81
375.01
375.20
375.26
375.45
376.39
377.05
377.18
377.99
378.22
378.27
378.33
378.89
378.94
378.98
379.21
379.48
380.06
380.39
380.77
381.26
381.34
381.37
381.37
381.54
381.74
381.84
381.89
382.42
382.43
382.44
383.29
383.38
383.44
383.88
383.89
384.06
384.10
384.64
384.99
385.02
385.26
385.61
386.09
386.09
386.29
386.33
386.63
386.72
386.94
387.14
387.43
387.45
387.94
388.02
388.55
388.58
388.66
388.76
388.94
389.07
389.22
389.38
389.50
390.51
390.89
391.06
391.25
391.34
391.36
391.45
391.60
391.90
392.32
392.54
392.55
392.99
393.10
393.18
393.25
393.77
394.14
394.35
394.43
394.84
395.19
395.96
396.04
396.04
396.06
396.14
396.26
396.29
396.82
396.95
397.20
397.54
397.73
398.16
398.22
398.51
398.72
398.98
399.08
399.24
399.40
399.48
399.83
399.93
400.03
401.07
401.38
401.43
402.14
402.18
402.23
402.37
402.71
402.76
403.25
403.81
404.28
404.53
404.72
405.22
405.36
405.42
405.66
406.06
406.40
406.49
406.55
406.59
406.71
407.04
407.17
407.66
407.75
407.84
408.00
408.05
408.26
408.90
409.27
409.61
409.70
409.94
410.05
410.07
410.15
410.47
410.56
410.93
411.16
411.31
411.67
411.93
411.96
412.04
412.07
412.36
412.41
412.44
412.54
412.69
413.50
413.63
414.54
414.74
415.59
415.67
415.68
415.70
415.78
415.91
415.91
416.20
416.72
416.95
416.96
416.98
417.18
417.96
417.97
418.31
418.57
418.59
418.75
418.78
419.32
419.37
419.38
419.79
420.08
420.45
420.67
420.80
421.16
421.16
421.16
421.39
421.47
421.54
421.70
421.96
422.17
422.19
422.36
422.53
422.53
422.83
422.89
423.36
423.58
423.76
423.87
423.98
424.02
424.19
424.23
424.72
424.87
425.16
425.62
425.68
425.75
426.24
426.29
426.39
426.43
426.49
426.99
427.12
427.55
427.56
427.58
427.79
427.92
428.01
429.39
429.48
429.72
430.37
430.53
430.81
430.89
431.10
431.30
431.97
432.11
432.24
432.43
432.78
432.92
433.21
433.21
433.32
433.53
433.58
434.00
434.01
434.19
434.37
434.45
434.78
434.85
434.97
435.13
435.15
435.43
435.57
436.07
436.14
436.24
437.58
437.87
437.94
438.16
438.22
438.68
438.70
438.74
439.24
439.72
440.67
440.78
441.37
441.39
441.43
441.48
441.99
442.31
442.80
443.85
443.94
444.23
444.42
444.52
444.56
445.07
445.19
445.34
445.39
445.77
446.31
446.36
446.39
447.21
447.21
447.24
447.29
448.09
448.15
448.35
448.38
448.67
449.02
449.06
449.34
449.68
449.86
449.89
449.93
449.94
450.73
451.43
451.65
451.70
451.74
452.26
452.30
452.66
452.75
453.15
453.25
453.66
455.29
455.31
455.50
455.57
456.87
457.43
457.50
457.95
458.24
458.28
458.69
458.77
458.91
459.28
459.32
459.33
459.43
459.44
459.97
460.75
460.77
460.87
461.22
461.31
461.71
461.97
462.06
462.09
462.28
462.40
462.42
462.46
462.51
462.71
462.79
462.91
463.91
464.38
464.55
465.19
465.23
465.79
466.01
466.25
466.33
466.50
466.54
467.42
467.65
468.13
468.53
468.81
469.03
469.07
469.10
469.16
469.90
470.14
470.21
470.59
470.69
470.99
471.10
471.14
471.40
471.50
471.58
471.59
472.10
472.28
472.42
472.49
472.53
472.91
472.99
473.17
473.32
473.36
473.37
473.40
473.71
473.91
474.51
474.59
474.72
474.80
474.88
475.18
475.30
475.36
475.38
475.57
475.67
476.25
476.28
476.50
476.60
476.72
477.02
477.05
477.23
477.68
477.72
478.28
478.33
478.46
478.62
478.65
478.89
479.01
479.17
479.17
479.40
480.48
480.60
480.67
480.68
480.93
480.94
481.20
481.58
481.59
482.17
482.37
482.77
482.93
483.59
483.64
483.87
483.95
484.08
484.29
484.56
484.65
484.76
484.84
485.22
485.76
486.26
486.58
486.66
486.84
486.94
487.24
487.43
487.66
487.86
488.00
488.17
488.88
489.04
489.26
489.46
489.47
489.53
489.54
489.81
489.85
489.86
490.55
490.81
490.86
491.23
491.80
492.05
492.21
492.55
492.57
492.67
492.72
492.97
493.12
493.15
493.41
493.44
493.54
494.19
494.19
494.34
494.42
494.56
494.70
494.80
495.02
495.58
495.61
495.63
495.79
496.05
496.52
497.02
497.09
498.37
498.53
498.94
499.06
499.27
499.41
499.89
500.15
500.43
500.46
500.84
502.18
502.70
502.91
503.17
503.41
503.52
504.35
504.55
504.71
504.75
505.87
505.91
505.94
506.04
506.14
506.88
507.11
507.21
507.57
508.38
508.41
508.50
508.99
509.07
509.38
509.55
509.59
510.11
510.13
510.14
510.17
510.43
510.65
511.04
511.15
511.54
512.07
512.54
512.75
513.82
513.92
515.90
516.03
516.15
517.26
517.41
517.60
517.85
518.00
518.38
518.52
518.77
519.06
519.39
519.42
519.62
519.69
519.80
520.24
520.41
520.73
520.83
520.86
520.94
521.93
521.96
522.06
522.47
522.56
522.75
522.77
522.87
523.24
523.44
523.47
523.52
523.99
524.23
524.31
524.48
524.74
524.97
525.61
525.78
526.63
526.71
526.72
526.79
526.89
527.48
527.93
528.71
528.72
528.75
528.88
528.97
529.76
529.76
530.00
530.17
530.45
530.64
530.85
531.11
531.15
531.59
532.11
532.12
532.12
532.19
532.21
532.34
532.93
534.13
534.45
534.57
535.34
535.35
535.37
535.69
536.08
536.43
536.47
536.59
537.20
537.51
537.66
539.06
539.57
539.73
539.98
540.19
540.58
540.76
540.87
540.93
541.33
541.38
541.81
541.83
542.18
542.40
542.63
542.87
543.10
543.11
543.22
543.61
543.76
543.83
543.95
544.01
544.15
544.36
544.88
546.19
546.31
546.57
546.66
546.93
547.02
547.12
547.45
547.74
547.91
548.36
548.47
548.49
548.85
548.91
549.14
549.63
550.17
550.22
550.26
550.30
550.30
550.81
551.27
551.63
551.96
552.02
552.04
552.15
552.39
552.62
552.93
553.32
553.45
553.57
554.21
554.30
554.35
555.43
555.71
555.82
556.09
556.57
557.18
557.86
558.11
558.27
558.35
558.58
559.30
559.35
559.41
559.42
560.10
560.44
560.60
560.84
560.93
561.47
561.59
561.60
561.86
561.88
561.98
562.29
562.43
562.44
562.54
562.68
562.75
563.17
563.29
563.48
564.07
564.24
564.80
564.97
564.98
564.98
565.11
565.27
565.30
565.40
565.67
566.31
566.53
566.71
566.84
566.93
567.35
567.50
567.98
568.23
568.33
568.94
569.33
569.78
569.85
569.91
570.06
570.15
570.29
570.55
570.91
571.13
571.14
571.43
571.59
571.68
573.02
573.10
573.66
573.70
573.86
574.09
574.77
574.84
574.96
575.20
575.25
575.42
575.55
575.55
575.62
575.79
576.22
576.27
576.37
576.44
576.61
576.63
576.68
576.88
577.15
577.33
577.47
577.51
578.05
578.63
578.84
578.89
579.17
579.89
580.39
580.63
581.36
581.48
581.56
581.71
581.99
582.32
582.67
582.68
583.81
583.86
584.00
584.38
584.50
584.72
584.88
585.02
585.40
585.71
586.38
586.47
586.63
586.84
587.53
587.79
587.82
587.85
588.83
588.84
589.05
589.06
589.30
589.55
589.79
590.40
591.01
591.07
591.42
591.73
591.79
591.96
592.22
592.55
592.84
594.27
594.41
594.59
594.99
595.04
595.17
595.93
596.63
596.85
597.52
597.58
597.68
597.69
597.75
597.81
597.90
597.91
598.23
598.26
598.73
598.81
599.04
599.13
599.50
599.52
599.73
599.85
599.94
601.13
601.24
601.31
601.35
601.76
602.45
602.66
602.89
603.01
603.50
603.73
604.22
604.28
604.64
604.87
604.98
605.03
605.83
605.97
606.23
606.49
606.49
606.75
606.77
606.93
607.05
607.09
607.22
607.29
607.82
607.84
608.03
608.17
608.26
608.51
608.63
608.82
609.15
609.23
609.38
609.43
610.49
610.69
610.98
611.00
611.20
611.88
611.94
612.52
612.84
613.02
613.14
613.23
613.39
613.41
613.59
613.64
614.12
614.18
614.41
614.78
614.80
614.84
615.30
615.81
616.03
616.19
616.22
616.87
617.17
617.35
617.43
617.50
617.70
617.80
617.94
618.03
618.12
618.24
618.58
618.79
618.90
619.16
619.21
619.64
620.18
620.60
620.62
622.48
622.57
622.69
622.71
622.84
622.90
623.36
623.52
624.45
624.64
624.94
625.19
625.29
625.36
626.57
626.97
627.08
628.22
628.33
628.45
628.58
628.65
628.93
629.10
629.56
629.59
629.59
629.84
630.05
630.08
630.35
630.63
630.93
631.04
631.22
632.46
632.47
633.16
633.49
633.78
633.81
633.89
634.05
634.62
634.83
635.00
635.01
635.09
635.24
635.49
635.64
635.88
636.43
636.53
636.62
636.64
637.22
637.31
637.39
637.45
637.69
638.54
638.71
638.90
639.93
640.28
640.41
640.86
640.97
641.16
641.80
642.17
642.25
642.26
642.47
642.59
642.78
642.88
643.42
643.50
643.78
643.91
643.96
644.00
644.06
644.88
645.08
645.24
645.77
645.83
645.96
646.78
646.82
646.88
646.96
647.57
648.07
648.46
648.54
648.77
649.34
649.48
649.97
650.07
650.18
650.39
650.42
650.93
651.02
651.08
651.22
651.67
652.05
652.87
653.04
653.37
653.42
654.00
654.08
654.10
654.53
654.72
655.07
655.35
655.66
655.80
656.48
656.75
656.93
656.94
657.05
657.05
657.08
657.17
657.27
657.27
657.34
657.94
657.96
658.07
658.19
658.32
658.40
658.51
658.61
658.78
658.93
659.28
659.35
659.35
659.76
660.21
660.30
660.55
660.70
660.74
660.78
661.30
662.01
662.31
662.33
662.41
663.76
663.77
663.92
664.22
664.22
664.50
664.97
665.11
665.32
665.37
665.55
665.65
666.87
668.03
668.13
668.32
668.35
668.94
669.08
669.18
669.56
669.96
670.03
671.27
671.28
671.37
672.26
672.83
673.22
673.56
673.58
673.60
673.68
673.99
674.16
674.20
674.28
674.57
674.68
674.69
674.78
675.19
675.19
676.21
676.22
676.36
678.21
678.46
678.55
678.87
678.95
679.13
679.50
679.82
680.03
680.67
680.92
681.14
681.53
682.06
682.29
682.35
682.39
682.49
682.65
682.78
683.34
683.40
684.40
684.64
684.81
684.86
684.90
684.93
685.57
685.64
685.74
685.80
686.20
686.63
686.78
687.67
687.70
687.88
688.09
688.36
688.95
689.49
690.43
692.02
692.42
692.62
692.65
692.69
692.75
692.85
693.23
694.37
694.59
695.26
695.88
696.17
697.34
698.06
698.50
698.55
698.75
699.06
699.18
699.65
699.71
700.12
700.12
700.24
700.38
700.72
701.01
701.41
701.44
701.47
702.05
702.17
702.51
702.96
702.96
703.01
703.24
703.28
703.46
704.23
704.68
705.02
705.15
705.32
705.58
705.93
706.27
706.29
706.88
707.13
707.27
707.28
707.66
708.00
708.01
708.28
708.33
708.51
709.68
710.01
710.06
711.22
711.28
712.05
712.13
712.14
712.46
712.70
713.86
714.04
714.24
714.41
714.77
715.41
715.42
715.56
715.66
716.45
716.78
717.04
717.24
717.48
717.55
717.55
718.26
718.30
719.15
719.22
719.32
719.73
719.89
720.57
720.82
721.33
721.68
721.81
721.85
721.92
722.18
722.48
722.65
723.15
724.23
725.58
726.54
726.62
727.34
727.36
727.49
727.60
727.64
727.91
728.13
728.23
728.26
728.26
728.26
728.39
728.74
728.97
729.76
730.12
730.24
730.54
731.52
731.61
731.87
732.15
733.47
733.55
733.59
733.61
733.74
733.74
734.03
734.12
734.23
734.98
735.18
735.22
735.27
735.30
735.32
735.47
735.60
735.73
735.87
735.95
736.19
736.27
737.49
737.88
737.99
738.12
738.20
738.23
738.24
738.83
739.91
739.93
740.03
740.09
740.15
740.19
741.08
741.34
742.43
742.74
743.14
743.24
743.97
744.63
744.63
744.74
745.02
745.11
745.32
745.67
746.06
746.36
746.62
746.65
746.73
746.75
746.94
747.27
747.54
747.86
747.87
747.88
748.25
748.87
749.25
749.57
749.58
749.63
749.78
749.85
749.93
750.80
751.04
751.23
751.36
751.73
751.96
752.40
752.81
752.84
752.96
753.01
753.05
753.59
753.62
753.67
754.43
755.31
755.35
756.14
756.15
756.44
756.48
756.63
756.84
756.84
757.04
757.94
758.59
759.19
759.59
759.86
760.46
761.07
761.27
761.78
761.93
762.07
762.15
762.57
763.25
763.95
764.17
764.78
764.89
764.97
765.77
766.60
766.60
766.78
767.24
767.25
767.52
767.65
767.86
767.89
768.05
768.63
768.66
769.08
769.10
769.20
769.79
769.85
769.90
770.24
771.22
771.27
771.52
771.68
771.81
771.81
772.04
772.26
772.34
772.41
772.44
772.50
772.83
773.33
773.49
773.57
773.74
773.75
774.04
774.11
774.76
774.89
775.04
775.40
775.66
775.77
776.14
776.50
776.87
776.88
777.14
777.24
777.24
777.28
777.44
778.24
778.25
778.34
778.56
778.83
779.21
779.33
780.02
780.19
780.32
780.44
780.78
781.05
781.06
781.07
781.08
781.09
781.66
781.74
781.80
782.55
782.62
783.76
784.40
784.71
784.76
784.78
785.04
785.18
785.29
785.35
785.35
785.50
785.54
785.81
785.84
786.02
786.40
786.57
787.05
787.62
787.62
787.68
787.91
788.19
788.21
788.36
788.73
789.43
789.70
789.84
790.30
790.80
791.37
791.72
791.92
792.02
792.08
792.43
793.01
793.49
794.74
794.76
795.11
795.61
796.08
796.42
796.49
796.68
796.75
797.59
797.79
797.92
798.18
798.62
798.95
799.27
799.42
799.59
799.72
800.35
801.03
801.14
801.33
801.73
801.87
803.39
803.59
803.65
803.67
803.76
804.29
804.36
804.75
805.30
805.92
806.07
806.34
806.53
807.28
807.28
807.77
807.79
807.89
808.26
808.42
808.58
808.70
808.87
808.91
809.00
809.44
809.46
809.51
809.55
809.95
810.02
810.52
810.58
810.63
811.29
811.30
812.17
812.31
812.67
813.42
813.53
814.18
814.40
815.01
815.41
815.67
815.73
815.94
815.98
816.27
816.31
816.63
817.17
817.38
817.50
817.60
817.80
817.90
818.04
818.05
818.06
818.69
818.70
819.07
819.57
819.86
819.96
820.61
821.78
821.88
822.38
822.86
822.90
823.42
823.70
824.00
824.32
824.49
824.86
825.28
825.49
825.90
825.96
826.02
826.46
826.99
827.11
827.22
827.74
827.92
828.03
828.30
828.53
829.28
829.70
829.72
829.99
830.11
830.66
830.76
831.19
831.20
831.96
832.47
832.72
833.61
833.65
833.97
834.15
834.21
834.78
834.81
834.98
835.00
835.29
835.90
836.01
836.47
836.53
836.95
837.03
837.10
837.24
837.26
837.40
837.60
838.61
838.99
839.30
839.39
840.17
840.50
840.77
841.00
841.10
841.20
841.30
841.53
841.60
841.61
841.76
841.80
841.85
842.31
842.53
842.54
842.71
843.67
843.76
844.30
844.89
844.94
845.53
846.34
847.33
847.87
848.00
848.00
848.06
848.35
848.80
848.87
849.58
849.59
849.66
849.73
850.54
850.83
850.98
851.03
851.24
851.50
851.62
851.65
851.73
851.85
852.42
852.74
853.15
853.39
853.59
854.58
854.72
854.78
855.09
855.24
855.92
856.56
856.72
857.12
857.17
857.67
857.93
857.95
858.00
858.03
858.42
858.47
859.05
859.35
859.86
860.44
860.67
860.72
860.82
861.03
861.24
861.24
861.47
861.60
862.66
863.03
863.06
863.27
863.59
863.68
863.96
864.59
864.89
865.36
865.51
865.65
866.06
866.07
866.10
867.23
867.27
867.39
867.45
867.63
867.64
867.93
868.15
868.28
868.97
869.03
869.13
869.45
869.70
870.07
870.50
870.62
872.37
872.41
873.28
873.32
873.37
873.73
874.16
874.16
874.55
874.78
875.05
875.06
875.20
875.22
875.28
876.16
876.66
877.01
877.13
877.14
877.23
877.51
877.63
877.63
877.77
877.91
878.12
878.43
878.66
879.09
879.12
879.38
879.54
879.86
880.25
880.25
880.32
880.70
880.76
880.92
880.98
881.24
881.49
882.24
882.48
882.76
882.93
883.10
883.53
883.72
884.14
884.42
884.46
884.68
884.90
885.16
885.89
886.35
886.66
886.75
887.09
887.10
887.57
887.99
888.76
888.82
889.78
890.02
890.12
890.37
890.46
891.26
891.49
891.99
892.19
892.99
893.33
893.63
893.68
893.74
894.49
894.66
894.67
894.75
895.14
895.40
895.42
895.53
895.76
895.81
895.96
896.68
897.23
897.50
897.80
898.14
898.29
898.44
898.59
899.81
900.10
900.21
900.56
900.64
900.78
901.06
901.25
901.49
902.75
902.93
903.06
903.80
904.04
904.17
904.63
904.75
905.22
905.75
906.93
907.08
907.28
907.39
907.46
907.67
907.74
908.38
908.64
909.28
909.41
909.70
909.98
910.04
910.35
910.39
911.01
911.09
911.32
911.40
911.89
912.10
912.79
913.34
913.99
914.56
916.53
916.68
916.85
917.72
918.11
918.24
918.31
918.55
918.87
919.19
919.43
920.25
920.38
920.52
920.75
920.76
920.78
920.88
921.25
921.75
921.97
922.69
922.85
922.96
923.18
923.40
923.72
924.05
924.08
924.20
924.30
924.45
924.45
924.65
924.76
924.87
925.05
925.08
925.91
926.08
928.30
928.51
928.78
929.00
929.55
929.75
929.88
930.67
931.23
931.42
931.45
931.46
931.94
933.49
933.55
933.57
933.84
933.86
934.01
934.24
934.27
934.38
934.42
935.67
935.73
936.07
936.31
936.51
936.79
937.07
937.10
937.65
937.92
938.03
938.17
938.28
938.32
938.66
938.71
939.10
939.38
939.40
939.59
939.84
940.13
940.51
940.58
940.81
940.87
941.01
941.74
942.31
943.14
943.50
943.85
943.97
944.35
944.55
944.57
944.57
945.73
946.25
946.53
947.21
947.26
947.40
947.53
948.04
948.21
948.34
948.58
948.84
949.20
949.21
949.36
949.67
949.74
950.20
950.25
950.79
951.09
951.94
951.96
952.71
953.07
953.37
953.43
954.26
954.63
954.94
954.99
955.44
955.44
955.50
956.23
956.55
956.87
957.35
957.40
958.19
958.55
958.75
958.94
959.10
959.42
959.86
960.26
960.29
960.68
960.72
960.86
960.88
960.92
961.30
961.43
961.53
961.78
962.31
962.98
964.10
964.42
964.99
965.24
965.46
965.88
965.97
965.99
966.11
966.49
966.72
966.77
967.21
967.97
968.60
968.78
969.49
969.56
969.88
970.34
970.51
970.81
971.50
972.21
972.72
972.95
973.12
973.97
974.22
974.25
974.46
974.96
974.97
975.29
975.39
975.47
975.69
976.53
976.59
976.65
976.91
976.99
977.36
977.36
977.89
978.11
978.82
979.09
979.22
979.56
979.61
979.70
980.11
980.13
980.58
980.59
981.61
981.74
981.84
982.50
982.69
982.71
983.03
983.11
983.30
983.40
983.48
984.14
984.48
984.53
984.59
984.83
985.89
986.22
986.30
986.30
986.36
986.63
986.86
986.87
987.27
987.48
987.51
988.30
989.35
989.64
989.87
990.08
990.97
991.17
991.59
991.95
992.38
993.19
993.33
993.56
995.01
995.05
995.46
995.58
995.79
995.90
996.17
996.27
996.40
996.90
997.66
998.02
998.13
998.52
999.03
999.04
999.12
999.61
1000.11
1000.77
1000.86
1001.06
1001.51
1002.02
1002.97
1003.08
1003.51
1003.60
1003.71
1004.02
1004.06
1004.21
1004.29
1004.49
1004.57
1004.82
1004.94
1005.07
1005.33
1005.46
1005.64
1005.82
1006.34
1006.38
1006.45
1006.93
1007.19
1007.46
1007.59
1007.68
1007.72
1007.82
1007.92
1008.00
1008.96
1009.35
1009.53
1009.73
1009.77
1010.04
1010.26
1010.68
1010.94
1010.94
1010.99
1011.13
1011.23
1011.43
1011.94
1013.03
1013.11
1013.19
1013.82
1014.01
1014.06
1014.38
1015.16
1015.64
1015.98
1016.13
1016.31
1016.63
1016.65
1018.44
1018.60
1018.72
1018.73
1018.82
1019.40
1019.88
1019.92
1020.58
1021.39
1022.66
1022.74
1022.93
1023.06
1023.09
1023.38
1023.86
1024.15
1024.35
1024.48
1024.67
1024.96
1025.88
1026.14
1026.18
1026.59
1026.65
1026.80
1026.81
1026.90
1027.08
1027.27
1027.53
1027.62
1027.82
1028.30
1028.61
1028.74
1028.98
1029.09
1029.61
1030.37
1030.88
1030.95
1031.04
1031.36
1031.43
1031.52
1031.82
1031.98
1032.03
1032.42
1032.86
1033.13
1033.45
1033.92
1034.12
1034.47
1035.00
1035.27
1036.33
1036.41
1036.68
1036.69
1036.88
1037.24
1037.60
1038.51
1038.69
1038.72
1039.42
1039.64
1039.99
1040.36
1040.41
1040.72
1041.67
1042.25
1042.62
1042.63
1042.80
1043.07
1043.41
1044.04
1044.50
1045.22
1046.08
1046.11
1046.12
1046.22
1046.39
1046.52
1046.58
1047.18
1047.18
1047.56
1047.66
1048.40
1048.73
1049.09
1050.32
1050.71
1050.96
1051.00
1051.07
1051.45
1051.62
1053.14
1053.22
1053.77
1053.82
1053.88
1053.95
1053.95
1054.03
1054.48
1054.53
1055.81
1055.89
1056.27
1057.79
1058.31
1058.85
1059.41
1060.66
1061.09
1061.62
1062.06
1062.14
1062.19
1062.82
1062.82
1062.95
1063.09
1063.10
1063.31
1063.72
1064.09
1065.13
1065.18
1065.34
1065.54
1065.70
1065.77
1065.98
1066.12
1066.43
1067.05
1067.93
1067.95
1068.00
1068.02
1068.04
1068.55
1069.02
1069.39
1070.03
1070.05
1070.35
1070.47
1071.02
1071.02
1071.31
1071.42
1071.87
1072.07
1072.36
1072.65
1072.76
1072.76
1073.46
1073.83
1074.22
1074.29
1074.54
1075.35
1075.42
1075.71
1077.21
1077.63
1077.89
1079.09
1079.18
1079.57
1079.58
1080.01
1080.53
1080.58
1080.97
1081.39
1081.98
1082.15
1082.25
1082.45
1082.54
1082.89
1083.02
1083.08
1083.22
1083.22
1083.42
1084.16
1084.32
1084.45
1084.71
1084.91
1085.18
1085.29
1085.50
1085.67
1086.03
1086.13
1086.44
1086.59
1086.65
1086.68
1087.73
1087.73
1088.19
1088.35
1088.64
1088.72
1089.21
1089.51
1089.60
1089.99
1090.10
1090.37
1090.39
1090.85
1090.97
1091.14
1091.60
1091.63
1091.81
1091.87
1091.89
1091.92
1092.09
1092.14
1092.29
1092.84
1093.35
1093.76
1094.31
1094.98
1095.59
1095.63
1095.83
1096.25
1096.66
1096.77
1097.06
1097.63
1097.76
1098.95
1098.96
1099.06
1099.08
1099.17
1099.68
1100.60
1100.79
1101.19
1101.33
1102.06
1102.53
1102.63
1102.71
1103.40
1103.56
1103.96
1104.02
1104.08
1104.11
1105.90
1105.92
1106.11
1106.47
1106.93
1107.07
1107.42
1107.56
1107.73
1108.04
1108.43
1108.85
1109.36
1109.54
1109.94
1110.19
1110.84
1110.85
1111.54
1111.68
1112.17
1112.46
1112.80
1112.81
1112.84
1112.89
1113.10
1113.85
1114.32
1114.67
1115.37
1115.40
1115.56
1115.81
1116.12
1116.21
1116.25
1116.41
1116.54
1116.85
1117.36
1117.39
1117.49
1117.81
1118.84
1119.19
1119.49
1119.67
1119.98
1120.19
1120.22
1120.58
1120.59
1120.81
1121.76
1121.77
1121.93
1122.09
1122.47
1122.66
1123.26
1124.38
1124.49
1124.55
1125.02
1125.27
1125.39
1125.39
1125.87
1125.93
1127.14
1128.47
1128.54
1128.72
1128.86
1129.17
1129.61
1130.69
1131.46
1131.47
1131.53
1133.50
1134.15
1134.72
1135.78
1135.88
1135.98
1136.59
1137.29
1137.78
1138.31
1139.02
1139.04
1139.11
1139.29
1139.92
1140.82
1140.94
1141.06
1141.08
1141.11
1141.29
1142.15
1142.31
1142.43
1142.99
1143.03
1143.15
1143.57
1143.57
1144.45
1144.92
1145.31
1145.65
1146.01
1146.48
1146.52
1146.58
1146.61
1146.79
1146.91
1147.10
1147.20
1147.20
1147.46
1147.65
1148.06
1148.84
1149.63
1149.95
1150.09
1150.31
1150.43
1150.62
1150.77
1151.17
1151.73
1152.45
1152.83
1153.31
1153.86
1154.44
1154.48
1154.72
1154.84
1154.91
1154.92
1155.40
1155.86
1156.28
1156.41
1156.64
1157.33
1157.33
1158.10
1158.12
1158.19
1158.20
1158.54
1160.30
1160.64
1161.39
1162.17
1162.84
1163.62
1163.73
1163.92
1164.26
1164.40
1165.08
1165.24
1165.90
1166.29
1166.58
1168.50
1169.50
1170.22
1170.35
1170.89
1171.15
1171.32
1171.77
1173.83
1173.83
1174.18
1174.28
1174.36
1175.49
1176.11
1176.44
1176.73
1176.87
1177.08
1178.05
1178.63
1178.89
1179.19
1179.36
1179.41
1179.67
1179.97
1180.57
1180.93
1181.02
1181.20
1181.39
1182.04
1182.14
1182.44
1183.26
1183.39
1183.48
1183.54
1184.76
1184.80
1185.10
1185.26
1185.54
1185.82
1186.30
1186.95
1187.04
1187.12
1187.21
1187.46
1187.50
1187.52
1187.91
1188.04
1189.78
1190.23
1190.24
1190.33
1190.94
1191.09
1191.57
1192.09
1192.34
1192.68
1192.68
1193.12
1193.39
1193.40
1194.07
1194.32
1194.62
1195.11
1196.30
1196.63
1196.83
1196.92
1197.14
1197.63
1197.87
1198.59
1198.72
1198.95
1199.03
1199.15
1199.43
1199.88
1200.14
1200.25
1202.20
1202.20
1203.15
1204.45
1204.56
1204.57
1205.18
1205.35
1205.37
1205.63
1206.29
1207.12
1207.16
1207.64
1207.81
1207.83
1208.06
1208.28
1208.84
1209.50
1209.78
1209.91
1209.94
1210.11
1210.46
1210.48
1210.57
1210.58
1211.04
1211.15
1211.56
1211.63
1211.67
1211.71
1211.93
1212.13
1212.38
1212.52
1212.55
1212.99
1213.36
1213.51
1213.91
1215.02
1215.19
1215.32
1215.37
1215.57
1216.83
1217.54
1217.58
1217.61
1218.24
1218.56
1218.91
1218.93
1219.39
1220.08
1220.16
1220.27
1220.41
1220.50
1220.59
1220.64
1220.97
1221.24
1221.24
1223.24
1223.54
1224.25
1224.59
1224.76
1224.86
1225.10
1225.25
1225.30
1226.57
1227.11
1227.34
1227.37
1227.80
1228.02
1228.30
1228.42
1229.03
1229.66
1229.75
1229.82
1229.98
1230.60
1230.84
1231.77
1233.02
1233.28
1233.98
1233.99
1234.90
1235.81
1236.68
1238.01
1239.10
1239.29
1239.54
1240.12
1240.35
1240.64
1240.80
1242.77
1243.03
1243.07
1243.91
1244.88
1245.88
1246.04
1246.60
1246.75
1247.29
1247.63
1247.89
1247.90
1248.63
1248.72
1249.52
1249.74
1249.97
1250.20
1250.74
1251.10
1251.18
1251.20
1252.35
1252.40
1252.82
1253.72
1254.04
1254.18
1254.64
1255.55
1255.59
1255.62
1255.81
1256.77
1257.20
1258.11
1258.18
1258.79
1258.92
1259.21
1260.52
1260.53
1260.82
1261.82
1262.16
1262.69
1263.37
1263.70
1263.78
1264.21
1265.18
1265.71
1266.01
1266.37
1266.55
1266.80
1266.95
1266.96
1267.27
1267.70
1267.82
1267.99
1268.04
1268.07
1268.22
1268.24
1268.37
1268.41
1269.09
1269.42
1269.70
1270.69
1271.49
1271.90
1272.36
1272.54
1273.20
1273.39
1273.69
1274.27
1274.31
1274.41
1275.74
1276.19
1276.21
1276.40
1277.77
1278.35
1279.36
1279.52
1279.86
1280.01
1280.89
1280.99
1281.24
1281.64
1282.03
1282.25
1282.34
1282.63
1282.79
1283.91
1283.98
1284.78
1285.50
1285.70
1286.02
1286.38
1286.91
1288.05
1289.57
1289.74
1290.09
1290.27
1293.15
1293.37
1293.61
1293.83
1294.02
1295.08
1295.12
1295.31
1295.31
1295.33
1295.87
1296.22
1296.99
1296.99
1297.25
1297.34
1297.47
1298.21
1300.75
1300.84
1300.95
1301.02
1302.08
1302.37
1303.63
1304.14
1304.57
1304.80
1305.35
1305.49
1306.01
1306.16
1306.28
1306.50
1307.02
1307.36
1307.67
1309.16
1310.36
1310.74
1310.76
1310.81
1311.55
1311.92
1311.98
1312.55
1312.74
1312.80
1313.33
1313.48
1313.95
1314.15
1314.76
1315.10
1315.23
1315.26
1315.62
1315.82
1315.92
1316.33
1316.76
1317.34
1317.44
1317.81
1319.77
1320.39
1320.61
1320.67
1321.18
1321.25
1321.52
1321.79
1321.98
1322.14
1322.51
1323.30
1323.33
1323.41
1324.34
1324.56
1324.90
1325.02
1326.06
1326.15
1326.24
1326.41
1326.82
1326.95
1327.04
1328.13
1328.17
1328.19
1328.30
1328.69
1329.25
1329.66
1329.67
1329.76
1329.86
1330.17
1330.35
1330.89
1331.41
1331.54
1331.58
1332.15
1332.69
1333.82
1333.98
1333.99
1334.25
1334.30
1334.82
1335.36
1335.67
1335.67
1335.68
1335.91
1336.81
1337.17
1337.50
1337.58
1337.62
1338.78
1338.94
1338.97
1339.00
1339.02
1339.26
1339.88
1341.07
1341.56
1341.81
1341.93
1342.74
1343.10
1343.48
1343.51
1343.70
1343.73
1344.98
1345.33
1345.34
1345.91
1346.97
1347.12
1347.72
1347.83
1348.10
1348.13
1348.53
1350.14
1350.34
1350.43
1350.48
1350.86
1351.64
1351.85
1351.92
1352.19
1352.41
1352.57
1352.92
1353.44
1353.61
1353.65
1354.34
1354.46
1355.45
1355.45
1356.11
1356.14
1356.76
1357.05
1357.35
1357.35
1357.55
1358.90
1359.21
1359.95
1360.49
1360.99
1361.51
1361.80
1362.05
1362.11
1362.23
1362.61
1363.54
1363.57
1363.62
1363.88
1364.03
1364.25
1365.92
1365.98
1366.56
1366.78
1366.93
1367.25
1367.65
1367.72
1368.15
1368.79
1369.10
1369.21
1369.55
1369.92
1370.03
1370.41
1370.79
1371.06
1371.16
1372.35
1372.36
1372.36
1372.71
1372.74
1372.93
1373.60
1373.63
1374.83
1374.83
1374.86
1375.23
1375.38
1375.55
1375.74
1378.48
1378.61
1379.27
1379.47
1379.60
1379.76
1379.82
1380.00
1380.02
1380.20
1380.38
1381.09
1381.63
1381.77
1381.78
1381.81
1382.39
1382.59
1382.89
1383.77
1383.79
1383.97
1384.61
1385.21
1385.57
1385.72
1385.91
1385.91
1386.80
1387.43
1387.55
1388.21
1390.00
1390.07
1390.78
1391.94
1392.03
1392.54
1392.60
1392.98
1393.19
1393.37
1393.79
1393.91
1394.05
1394.17
1395.05
1395.32
1395.33
1395.50
1395.75
1396.65
1396.77
1396.89
1398.02
1398.31
1398.69
1398.84
1398.91
1399.14
1399.78
1402.31
1402.90
1403.14
1403.24
1403.48
1404.75
1405.01
1406.06
1406.11
1406.75
1406.90
1407.01
1408.21
1408.93
1409.03
1409.69
1410.30
1410.89
1411.05
1411.35
1411.64
1412.30
1412.74
1413.98
1413.98
1415.05
1415.05
1415.27
1415.97
1416.45
1417.58
1417.63
1418.09
1418.62
1418.73
1419.91
1420.56
1420.96
1421.11
1421.16
1422.48
1422.50
1422.82
1423.42
1424.01
1424.10
1424.27
1424.58
1424.96
1425.21
1425.22
1426.06
1426.38
1427.32
1428.43
1428.50
1429.21
1429.78
1429.89
1430.63
1430.72
1431.10
1431.25
1432.46
1432.52
1433.45
1434.32
1434.57
1435.45
1435.73
1436.15
1437.01
1437.02
1437.69
1438.05
1442.40
1442.60
1442.83
1443.07
1445.52
1446.15
1446.35
1446.38
1446.41
1446.51
1447.13
1447.15
1447.73
1448.12
1448.29
1449.70
1449.73
1450.61
1450.77
1451.63
1451.93
1452.36
1452.64
1452.97
1453.22
1453.52
1453.93
1454.26
1454.46
1454.64
1455.31
1456.01
1456.40
1456.46
1456.76
1458.48
1459.18
1460.41
1460.49
1460.55
1461.55
1461.61
1461.72
1461.88
1461.89
1463.27
1463.29
1463.67
1464.35
1464.49
1464.51
1464.95
1465.92
1466.06
1466.44
1467.01
1467.14
1468.09
1468.60
1468.87
1468.92
1468.98
1469.38
1469.75
1470.06
1470.35
1470.40
1471.56
1471.75
1471.86
1472.21
1472.75
1473.18
1473.53
1473.57
1473.89
1474.40
1475.16
1475.37
1476.14
1476.26
1476.62
1476.63
1476.90
1477.03
1477.24
1477.65
1478.12
1478.63
1478.95
1479.30
1479.62
1479.69
1479.80
1480.28
1480.50
1481.19
1482.79
1482.84
1482.92
1482.94
1483.34
1484.64
1485.89
1486.01
1486.65
1487.47
1488.13
1488.61
1489.47
1490.03
1490.11
1492.36
1492.60
1493.41
1493.86
1494.07
1494.17
1494.76
1495.86
1495.93
1496.35
1496.92
1497.43
1497.74
1497.79
1498.42
1498.62
1498.70
1499.10
1501.73
1502.45
1502.58
1503.34
1503.86
1505.04
1505.35
1505.43
1505.90
1506.75
1506.94
1507.20
1507.45
1507.74
1507.84
1508.90
1509.34
1509.83
1510.11
1510.14
1510.24
1510.34
1510.57
1511.40
1511.43
1511.92
1511.99
1512.07
1515.23
1515.51
1515.92
1516.12
1517.13
1517.33
1517.38
1519.17
1519.32
1519.35
1519.65
1519.78
1521.16
1521.70
1522.10
1522.64
1523.01
1523.25
1524.33
1524.57
1526.44
1526.52
1526.82
1527.20
1527.43
1527.45
1527.48
1529.17
1531.73
1531.85
1532.30
1532.33
1532.63
1533.09
1533.27
1533.34
1534.93
1535.58
1536.15
1536.55
1537.26
1537.88
1538.29
1538.91
1539.12
1539.24
1539.36
1539.99
1540.52
1542.09
1542.12
1542.19
1542.29
1545.11
1546.24
1547.57
1547.78
1548.03
1548.11
1548.18
1548.41
1548.66
1548.85
1549.03
1550.17
1550.39
1550.76
1550.76
1551.25
1551.38
1551.60
1551.82
1551.87
1552.69
1553.09
1554.64
1554.94
1555.45
1555.75
1555.99
1556.34
1556.73
1557.55
1558.23
1558.34
1558.66
1558.72
1559.19
1559.36
1559.53
1559.91
1559.96
1560.10
1560.45
1560.79
1561.64
1562.13
1562.77
1562.89
1563.66
1563.82
1566.66
1567.32
1568.95
1569.14
1569.84
1569.84
1569.87
1572.33
1572.42
1572.52
1572.56
1573.01
1573.08
1573.41
1573.51
1573.73
1574.55
1575.40
1576.34
1577.82
1577.96
1578.97
1579.50
1579.75
1579.91
1580.09
1580.25
1580.66
1581.67
1582.68
1583.23
1584.68
1584.79
1585.40
1586.11
1586.14
1586.88
1587.82
1587.84
1587.91
1588.80
1590.23
1590.73
1591.09
1591.31
1591.92
1592.18
1592.69
1593.04
1593.26
1593.69
1593.76
1593.90
1594.33
1594.85
1595.52
1596.04
1596.13
1597.02
1597.09
1597.49
1597.63
1598.94
1599.12
1599.67
1600.54
1600.81
1600.88
1601.19
1602.15
1602.77
1602.93
1603.79
1604.19
1604.58
1605.22
1605.74
1605.93
1606.21
1607.11
1607.56
1608.21
1608.23
1609.37
1610.77
1610.85
1611.52
1612.02
1613.45
1614.07
1614.59
1614.61
1614.85
1615.71
1615.90
1616.48
1616.53
1617.11
1617.44
1618.03
1618.12
1618.17
1618.45
1619.07
1620.24
1621.12
1621.14
1622.05
1622.17
1624.31
1624.54
1625.02
1627.11
1627.13
1630.16
1630.92
1631.13
1632.03
1632.82
1633.28
1633.53
1634.95
1635.55
1636.65
1636.80
1637.00
1637.11
1637.21
1638.24
1638.77
1639.39
1639.39
1640.49
1641.02
1641.40
1641.49
1641.49
1641.75
1641.90
1641.93
1641.97
1643.00
1643.19
1643.26
1643.37
1643.83
1644.06
1645.52
1645.54
1645.83
1645.90
1646.06
1646.13
1647.06
1647.13
1647.18
1647.34
1647.91
1648.16
1648.53
1648.70
1649.23
1650.50
1650.71
1651.28
1651.39
1651.68
1652.32
1652.45
1652.48
1652.84
1653.11
1655.38
1655.42
1655.76
1656.29
1657.93
1657.93
1658.39
1658.54
1658.55
1658.59
1658.68
1659.43
1659.92
1659.97
1660.94
1661.46
1661.82
1662.87
1663.10
1663.12
1663.93
1663.96
1664.32
1664.36
1664.81
1664.97
1665.01
1665.03
1665.66
1665.91
1666.61
1666.74
1666.77
1667.46
1667.48
1667.68
1667.84
1668.13
1668.92
1669.01
1669.93
1670.39
1670.57
1670.77
1671.43
1671.51
1672.48
1672.86
1672.99
1673.73
1674.96
1675.38
1676.51
1676.69
1677.07
1677.94
1679.52
1679.59
1679.86
1680.03
1680.08
1680.72
1681.12
1681.61
1681.72
1682.17
1682.99
1683.23
1683.98
1685.58
1686.73
1688.74
1689.43
1691.43
1691.43
1692.01
1692.76
1693.90
1694.16
1694.65
1694.76
1695.09
1695.20
1695.46
1696.03
1696.43
1696.67
1696.71
1696.73
1696.82
1697.07
1697.13
1697.33
1697.74
1700.49
1701.03
1701.91
1702.83
1703.46
1703.72
1704.12
1704.25
1704.99
1705.54
1705.69
1706.17
1706.52
1708.37
1708.40
1708.77
1709.11
1709.40
1709.79
1710.31
1710.44
1710.79
1711.09
1711.38
1711.48
1711.49
1712.18
1712.48
1712.92
1714.11
1714.87
1715.57
1715.61
1715.81
1716.33
1717.21
1717.58
1719.33
1719.53
1721.24
1721.43
1722.51
1722.62
1724.95
1726.11
1727.10
1727.66
1728.54
1728.71
1730.22
1730.43
1730.75
1731.42
1732.55
1732.92
1733.00
1733.09
1733.43
1733.73
1734.46
1734.55
1735.08
1736.68
1736.71
1737.30
1738.18
1738.71
1739.03
1739.46
1739.50
1741.46
1742.64
1743.17
1743.19
1743.68
1744.11
1744.36
1744.42
1745.12
1745.68
1745.80
1745.80
1746.49
1747.00
1747.55
1748.20
1748.63
1750.11
1750.22
1751.62
1752.74
1753.20
1754.28
1755.49
1755.65
1756.75
1757.20
1757.39
1757.72
1758.67
1759.47
1760.63
1760.69
1761.47
1762.13
1762.29
1763.16
1763.26
1763.58
1763.74
1763.98
1764.75
1765.91
1765.99
1766.30
1768.02
1768.15
1768.69
1769.91
1771.12
1771.29
1772.00
1772.15
1772.35
1772.52
1773.25
1773.65
1773.78
1774.42
1776.36
1776.86
1777.34
1777.70
1777.76
1777.80
1777.84
1778.01
1778.68
1778.76
1779.13
1779.82
1780.05
1780.23
1780.63
1781.13
1781.44
1781.92
1782.48
1783.58
1783.73
1784.27
1784.54
1784.66
1785.67
1786.03
1786.05
1786.77
1787.08
1787.60
1788.02
1788.37
1788.82
1789.11
1789.46
1789.51
1790.19
1790.70
1791.82
1791.92
1792.38
1793.04
1793.95
1794.09
1794.32
1795.24
1795.70
1795.90
1796.05
1797.16
1797.39
1797.39
1797.49
1797.61
1798.19
1798.75
1799.49
1800.02
1801.15
1801.66
1802.24
1802.73
1803.37
1803.53
1804.04
1804.06
1806.01
1806.28
1806.67
1806.69
1806.93
1807.18
1808.22
1808.36
1810.20
1811.21
1811.41
1811.47
1811.86
1812.14
1812.49
1812.84
1813.59
1813.74
1813.82
1814.33
1815.14
1815.26
1815.86
1816.67
1817.65
1818.66
1819.03
1820.82
1820.88
1821.12
1821.41
1821.73
1822.91
1823.54
1823.78
1824.77
1825.28
1825.97
1826.01
1826.52
1827.43
1827.99
1828.70
1830.09
1830.26
1830.28
1830.78
1832.58
1832.64
1833.32
1835.96
1838.04
1840.07
1840.23
1840.93
1841.23
1841.45
1841.65
1842.26
1843.80
1844.78
1845.06
1846.47
1847.13
1847.71
1848.05
1849.91
1850.55
1852.46
1854.48
1854.72
1856.11
1856.25
1856.27
1856.57
1857.25
1858.46
1858.86
1859.39
1860.59
1862.39
1863.41
1864.60
1865.29
1865.45
1866.18
1867.89
1867.94
1868.20
1868.42
1868.60
1868.89
1869.41
1870.61
1871.56
1872.59
1873.10
1873.93
1874.19
1874.21
1875.35
1875.45
1875.47
1877.42
1877.46
1877.54
1879.06
1879.06
1879.17
1880.28
1880.28
1880.85
1880.94
1882.56
1883.07
1886.15
1886.42
1886.79
1887.21
1888.85
1889.24
1889.28
1890.20
1890.97
1891.73
1891.90
1891.96
1892.47
1892.49
1893.21
1893.62
1893.72
1894.13
1894.74
1894.93
1895.05
1895.73
1897.74
1899.07
1900.02
1900.06
1900.27
1902.98
1904.07
1905.76
1906.18
1906.30
1906.42
1906.94
1907.68
1907.79
1907.99
1908.24
1908.63
1908.67
1910.18
1911.15
1911.15
1911.90
1912.00
1912.04
1912.52
1913.01
1913.24
1913.66
1914.28
1914.73
1915.89
1917.06
1917.35
1918.36
1918.55
1918.74
1919.15
1919.98
1920.09
1920.65
1921.31
1922.27
1922.60
1923.14
1923.48
1924.77
1925.31
1926.25
1927.18
1927.35
1927.66
1929.52
1931.38
1931.73
1931.82
1933.87
1933.87
1934.58
1934.96
1935.23
1935.25
1935.94
1937.32
1937.60
1939.80
1939.90
1939.97
1940.34
1941.35
1941.71
1942.59
1942.63
1942.74
1943.31
1943.98
1944.27
1945.09
1945.56
1946.04
1946.27
1946.34
1946.55
1947.79
1947.87
1949.10
1949.71
1950.00
1950.22
1952.03
1953.62
1953.74
1953.74
1954.21
1954.44
1954.46
1954.95
1955.03
1955.22
1955.31
1955.48
1955.67
1956.32
1956.53
1957.06
1957.13
1957.36
1957.66
1959.12
1959.42
1959.65
1960.14
1961.05
1961.09
1961.71
1961.71
1962.30
1963.04
1963.04
1963.38
1963.70
1963.85
1964.11
1965.38
1965.70
1966.79
1967.77
1967.85
1969.19
1970.34
1970.41
1970.75
1970.77
1971.45
1971.73
1971.99
1972.67
1973.10
1973.27
1973.35
1974.29
1975.94
1977.22
1977.31
1977.43
1977.90
1978.44
1978.89
1979.02
1980.56
1982.21
1982.77
1983.76
1984.53
1984.59
1984.94
1985.19
1985.22
1985.32
1986.59
1987.79
1987.84
1988.81
1989.41
1989.58
1989.88
1990.05
1992.34
1992.38
1992.70
1993.20
1994.02
1994.06
1994.49
1995.92
1996.11
1996.96
1997.80
1997.91
1998.06
1998.15
1998.32
2000.07
2000.22
2000.46
2000.70
2001.13
2001.17
2002.45
2004.84
2005.99
2006.42
2007.35
2008.55
2009.79
2010.94
2011.92
2014.40
2014.40
2015.06
2015.60
2015.62
2015.69
2015.69
2016.43
2017.28
2017.33
2017.96
2019.25
2019.29
2019.42
2019.84
2020.32
2020.34
2020.80
2023.62
2023.69
2023.86
2023.97
2024.08
2024.45
2024.54
2024.54
2025.02
2026.45
2027.30
2028.73
2028.82
2028.86
2029.85
2029.94
2030.20
2031.85
2032.27
2032.62
2033.15
2034.40
2034.45
2035.72
2035.97
2038.43
2038.79
2038.90
2039.63
2040.99
2042.12
2042.58
2043.38
2043.51
2044.02
2044.44
2045.48
2046.90
2048.67
2049.80
2050.25
2050.45
2051.02
2051.67
2051.87
2054.98
2055.58
2055.64
2058.11
2058.40
2060.01
2062.97
2065.81
2066.79
2067.04
2067.04
2067.33
2067.55
2067.62
2068.29
2069.64
2070.06
2070.80
2071.29
2074.01
2075.67
2075.80
2076.10
2076.34
2076.59
2082.71
2084.04
2084.54
2085.91
2088.98
2089.03
2089.03
2089.59
2089.84
2090.07
2092.42
2093.03
2093.19
2093.71
2094.39
2095.75
2096.27
2097.57
2097.70
2097.91
2097.93
2098.48
2098.79
2101.91
2101.93
2102.00
2102.02
2102.38
2102.93
2103.39
2103.52
2104.48
2105.71
2105.98
2107.26
2107.40
2107.58
2107.87
2107.92
2108.74
2108.99
2109.72
2109.74
2109.88
2110.00
2110.75
2111.85
2113.33
2113.38
2113.49
2114.06
2115.23
2115.41
2116.33
2116.86
2116.95
2119.26
2119.38
2119.93
2122.11
2122.36
2122.36
2123.16
2123.51
2124.47
2125.26
2125.46
2125.51
2125.81
2126.31
2126.61
2126.61
2127.42
2127.53
2127.60
2127.63
2129.38
2129.49
2130.23
2130.37
2130.48
2130.90
2130.99
2131.36
2131.77
2132.51
2132.63
2133.23
2133.69
2135.49
2136.37
2136.51
2136.60
2136.95
2137.92
2138.06
2139.10
2141.37
2141.71
2141.95
2143.31
2144.96
2145.22
2145.54
2146.05
2146.49
2146.70
2146.89
2147.52
2149.33
2149.42
2149.70
2149.84
2150.10
2150.54
2151.14
2152.89
2152.94
2153.73
2154.05
2154.61
2154.92
2155.22
2156.36
2156.62
2157.02
2157.53
2158.44
2161.01
2161.03
2164.24
2164.47
2164.90
2165.29
2166.51
2166.89
2167.45
2168.67
2169.94
2171.84
2172.17
2174.26
2174.45
2175.86
2176.47
2177.70
2178.19
2180.74
2181.38
2181.85
2182.02
2184.24
2184.31
2184.73
2186.77
2186.88
2188.47
2188.71
2189.30
2190.29
2191.17
2191.79
2192.74
2193.02
2193.83
2194.16
2194.30
2194.35
2194.49
2195.23
2195.85
2196.77
2197.34
2197.53
2198.08
2198.72
2198.87
2199.72
2199.94
2200.60
2201.10
2201.20
2201.27
2201.99
2202.20
2202.65
2202.89
2202.99
2203.22
2203.30
2203.80
2204.82
2206.06
2206.42
2207.07
2208.48
2208.62
2209.48
2209.48
2210.96
2210.99
2211.87
2213.07
2213.91
2215.20
2215.82
2216.61
2216.73
2218.01
2222.35
2224.45
2224.45
2224.62
2224.81
2225.24
2227.14
2228.13
2228.40
2229.12
2229.89
2229.94
2230.57
2230.95
2230.98
2233.42
2233.59
2234.12
2234.38
2234.41
2235.42
2235.42
2235.71
2238.30
2238.67
2238.67
2238.98
2239.59
2240.75
2240.75
2240.92
2241.19
2243.20
2244.54
2245.05
2245.75
2246.63
2246.68
2247.89
2248.06
2248.11
2248.11
2248.26
2248.26
2250.81
2251.25
2251.49
2252.05
2253.18
2253.42
2253.76
2254.13
2254.54
2254.93
2255.00
2255.52
2257.08
2258.23
2258.33
2259.01
2260.23
2260.92
2261.09
2262.92
2263.12
2263.56
2263.56
2263.63
2263.71
2263.88
2264.86
2265.13
2265.59
2266.89
2267.04
2268.27
2268.44
2268.44
2268.59
2269.57
2270.21
2272.15
2272.66
2272.76
2272.89
2272.96
2273.40
2276.68
2278.03
2278.55
2278.57
2279.68
2280.50
2280.67
2281.16
2281.19
2281.95
2281.98
2282.10
2283.16
2283.16
2284.82
2284.82
2285.36
2286.70
2286.80
2287.32
2288.13
2288.21
2288.63
2288.75
2288.83
2289.30
2289.72
2290.44
2290.91
2291.33
2291.80
2292.22
2292.30
2293.22
2293.64
2294.53
2295.00
2295.28
2295.60
2296.69
2297.02
2298.03
2298.16
2298.28
2299.70
2300.00
2301.69
2301.74
2302.34
2304.58
2304.81
2304.93
2307.55
2307.93
2308.25
2309.25
2309.35
2310.58
2311.43
2312.48
2316.16
2317.51
2318.04
2318.11
2318.21
2318.34
2319.54
2321.22
2321.60
2323.96
2324.22
2325.27
2325.47
2326.03
2326.78
2326.93
2326.98
2327.71
2328.32
2328.37
2328.75
2329.50
2330.64
2330.74
2331.32
2332.65
2334.37
2334.40
2336.82
2337.23
2337.68
2338.26
2339.12
2339.93
2341.10
2346.22
2346.68
2347.90
2348.03
2348.53
2349.22
2349.80
2350.01
2350.85
2351.10
2352.02
2352.98
2354.61
2354.69
2355.15
2356.19
2356.42
2356.93
2357.19
2357.24
2357.90
2358.39
2358.46
2358.49
2360.20
2360.25
2360.66
2361.48
2361.66
2361.76
2362.58
2362.88
2364.85
2366.21
2366.34
2369.54
2369.54
2370.33
2370.95
2371.39
2371.44
2371.54
2373.83
2373.98
2377.17
2377.19
2377.24
2379.46
2379.46
2379.53
2379.66
2379.95
2381.10
2381.54
2382.60
2384.56
2385.62
2389.42
2389.96
2391.20
2391.67
2391.87
2392.11
2392.67
2393.76
2394.31
2394.72
2395.60
2396.02
2397.21
2397.96
2398.77
2399.08
2399.18
2399.34
2399.54
2399.73
2400.04
2400.69
2401.41
2402.04
2402.64
2403.34
2404.85
2405.29
2405.58
2406.17
2406.17
2407.01
2407.24
2409.90
2409.98
2410.19
2411.60
2411.65
2412.30
2413.63
2413.87
2414.23
2415.33
2416.64
2417.06
2417.92
2418.99
2419.62
2419.99
2420.48
2420.72
2422.03
2422.50
2425.49
2425.94
2426.02
2426.07
2426.25
2428.51
2430.56
2431.17
2433.40
2433.43
2435.62
2436.70
2437.67
2440.94
2441.90
2442.71
2442.77
2443.98
2444.14
2445.09
2445.25
2446.74
2447.03
2447.66
2447.74
2448.27
2448.62
2449.68
2449.78
2450.18
2452.12
2452.38
2452.54
2452.89
2456.10
2456.39
2458.33
2459.18
2459.29
2459.85
2462.08
2463.20
2464.91
2465.55
2466.06
2467.77
2468.01
2468.49
2470.65
2471.11
2474.42
2476.49
2477.99
2478.74
2480.40
2480.72
2481.31
2481.64
2482.23
2484.11
2484.43
2486.12
2487.58
2488.30
2488.92
2489.84
2491.19
2492.29
2493.69
2495.29
2495.77
2496.69
2498.07
2498.20
2499.07
2502.34
2502.83
2504.37
2506.65
2508.20
2509.12
2509.69
2510.18
2511.84
2513.25
2513.30
2513.96
2514.99
2515.70
2515.97
2516.33
2516.52
2517.52
2518.01
2518.45
2519.57
2522.68
2523.93
2523.99
2524.21
2528.50
2529.02
2530.11
2530.25
2530.80
2531.10
2531.92
2533.56
2534.00
2534.88
2534.99
2536.69
2537.51
2537.76
2537.98
2538.56
2538.72
2539.41
2540.32
2541.75
2542.32
2543.56
2546.04
2546.70
2546.81
2548.60
2548.77
2548.77
2549.57
2550.98
2551.72
2551.94
2553.27
2553.71
2553.96
2556.14
2556.50
2556.56
2557.66
2557.97
2559.24
2560.24
2560.76
2561.60
2562.12
2562.34
2563.34
2566.73
2568.26
2568.78
2569.34
2569.87
2570.31
2571.34
2571.98
2572.46
2573.18
2574.04
2574.85
2575.05
2575.10
2576.13
2577.44
2578.42
2578.42
2579.65
2580.26
2582.64
2584.14
2584.14
2585.12
2586.24
2586.33
2587.14
2587.59
2589.27
2589.60
2589.77
2590.75
2590.78
2591.03
2592.71
2594.96
2597.01
2598.87
2600.33
2600.86
2602.10
2602.72
2602.86
2602.86
2603.28
2603.40
2603.40
2604.33
2604.72
2605.76
2606.41
2606.95
2609.26
2609.60
2609.74
2611.01
2611.30
2611.55
2612.00
2613.75
2614.26
2614.32
2615.93
2617.35
2618.28
2619.05
2619.81
2620.04
2620.55
2621.43
2622.37
2622.51
2623.81
2624.55
2624.98
2625.21
2625.38
2627.48
2629.27
2629.47
2629.55
2629.58
2630.58
2630.64
2632.12
2633.83
2634.71
2635.22
2635.59
2637.50
2638.02
2638.96
2639.25
2639.70
2640.25
2642.62
2643.73
2646.22
2647.74
2647.83
2648.31
2649.03
2649.26
2651.75
2652.50
2653.59
2654.34
2656.32
2656.98
2659.20
2659.20
2659.31
2659.31
2659.37
2660.35
2660.78
2661.35
2661.87
2662.07
2662.56
2664.75
2665.01
2667.15
2667.75
2667.84
2668.59
2668.97
2669.29
2670.12
2670.47
2670.50
2670.82
2671.25
2672.90
2673.16
2673.24
2673.88
2673.97
2674.32
2675.21
2675.53
2675.62
2676.37
2677.15
2677.99
2678.49
2680.54
2681.01
2681.27
2684.43
2684.93
2685.74
2686.76
2687.86
2687.89
2690.63
2693.98
2694.85
2695.49
2695.73
2696.89
2697.39
2698.18
2698.61
2700.63
2700.86
2701.01
2701.36
2701.83
2702.44
2703.93
2705.75
2705.98
2706.69
2706.80
2707.89
2708.33
2708.56
2708.59
2710.44
2710.47
2711.35
2711.76
2713.40
2714.25
2714.60
2716.01
2716.51
2716.63
2717.07
2717.10
2718.07
2718.19
2718.90
2720.57
2720.57
2720.63
2721.43
2721.63
2721.84
2721.87
2721.93
2722.93
2724.17
2724.17
2725.43
2725.43
2725.88
2726.38
2728.12
2728.71
2728.80
2730.39
2730.48
2732.08
2732.82
2734.33
2736.07
2736.16
2737.91
2738.35
2738.62
2739.24
2739.60
2739.92
2740.19
2740.28
2740.40
2741.32
2741.76
2743.27
2743.39
2744.34
2744.43
2746.21
2748.32
2749.69
2750.68
2755.26
2759.86
2763.11
2763.56
2764.43
2765.60
2765.72
2767.45
2768.53
2768.68
2770.84
2770.93
2770.96
2773.57
2777.11
2777.32
2777.47
2777.50
2778.49
2779.12
2779.58
2780.18
2783.28
2784.12
2786.71
2786.92
2786.95
2788.94
2790.51
2791.18
2791.21
2792.57
2793.44
2794.38
2799.31
2801.34
2801.83
2802.28
2804.41
2805.11
2805.32
2806.50
2807.50
2807.53
2807.69
2808.35
2809.02
2811.18
2811.85
2812.31
2813.34
2815.90
2816.11
2816.51
2816.84
2817.09
2818.64
2819.41
2819.53
2820.17
2820.32
2821.88
2822.03
2822.37
2823.07
2823.59
2827.41
2827.56
2827.72
2827.99
2830.69
2831.21
2832.31
2833.11
2833.23
2834.33
2836.02
2836.66
2837.68
2838.94
2839.70
2840.47
2840.99
2841.43
2843.89
2846.19
2846.19
2846.63
2847.58
2847.67
2847.80
2848.26
2848.50
2848.84
2848.97
2849.43
2849.65
2850.63
2850.69
2851.74
2853.59
2855.32
2857.02
2859.87
2859.87
2863.65
2863.96
2867.03
2868.11
2868.36
2870.10
2870.22
2870.75
2871.43
2871.75
2874.08
2874.42
2874.73
2876.38
2879.46
2879.59
2880.30
2881.58
2882.55
2882.73
2882.77
2884.45
2885.23
2885.64
2887.04
2887.45
2888.54
2888.85
2890.17
2890.35
2891.57
2891.89
2892.70
2893.08
2893.86
2894.14
2894.33
2894.39
2895.90
2896.49
2898.53
2899.00
2899.63
2899.94
2900.32
2900.60
2900.85
2901.10
2902.55
2902.55
2903.33
2904.71
2905.63
2905.63
2906.82
2907.13
2908.80
2909.34
2909.37
2909.40
2909.81
2910.06
2912.17
2913.02
2913.78
2913.81
2913.97
2914.63
2915.67
2915.73
2915.89
2916.24
2916.90
2917.25
2918.10
2919.02
2920.09
2921.77
2922.02
2922.15
2924.49
2926.29
2926.39
2929.58
2931.20
2935.87
2939.36
2940.00
2940.35
2942.80
2943.21
2943.95
2945.67
2946.08
2947.23
2947.29
2947.39
2948.54
2948.60
2948.98
2951.31
2951.57
2952.08
2953.84
2954.25
2955.82
2957.20
2957.64
2957.71
2959.34
2960.21
2960.56
2961.29
2961.39
2962.22
2965.30
2965.59
2966.10
2966.81
2966.91
2968.51
2968.58
2969.19
2969.73
2973.14
2973.72
2974.17
2974.49
2975.01
2976.17
2978.32
2978.65
2979.36
2980.48
2980.58
2980.68
2980.87
2981.81
2982.90
2983.00
2987.33
2988.04
2988.78
2990.82
2990.95
2991.18
2991.21
2992.21
2992.41
2995.29
2997.85
2998.99
3000.12
3000.35
3000.84
3006.72
3006.85
3007.18
3008.12
3008.48
3010.76
3013.66
3014.31
3014.77
3017.90
3018.10
3018.19
3019.37
3019.37
3019.50
3019.79
3019.86
3020.35
3020.81
3021.49
3022.25
3022.87
3023.91
3026.24
3027.84
3028.24
3030.73
3033.25
3034.80
3037.79
3038.18
3039.76
3040.28
3040.65
3040.68
3040.84
3041.07
3041.27
3042.72
3046.28
3047.23
3048.95
3050.40
3050.76
3052.78
3052.81
3053.27
3055.55
3055.62
3057.21
3057.93
3058.26
3058.83
3059.49
3059.92
3060.38
3061.77
3063.66
3064.06
3065.49
3066.81
3067.78
3068.17
3070.23
3070.43
3070.90
3071.13
3071.86
3075.49
3076.15
3076.92
3077.32
3078.15
3081.82
3082.08
3082.58
3085.35
3086.22
3087.76
3088.59
3089.39
3090.93
3090.97
3091.50
3092.37
3093.74
3095.05
3096.15
3096.56
3097.09
3101.15
3102.16
3102.56
3104.74
3105.85
3106.86
3108.30
3109.15
3109.21
3113.79
3113.82
3115.54
3115.88
3116.49
3116.49
3116.82
3117.23
3117.57
3117.97
3118.51
3118.78
3120.37
3121.11
3123.14
3123.61
3123.85
3123.88
3124.19
3124.52
3124.76
3128.75
3130.34
3135.02
3135.73
3139.37
3140.01
3141.57
3142.59
3142.97
3143.55
3146.61
3146.98
3147.94
3147.97
3148.21
3151.86
3155.23
3156.84
3158.96
3161.42
3161.62
3161.66
3162.04
3164.94
3168.65
3169.47
3169.61
3170.12
3173.11
3175.30
3175.61
3176.64
3177.09
3178.36
3178.91
3179.64
3181.46
3181.77
3181.91
3184.25
3184.32
3185.28
3185.28
3185.45
3187.59
3187.66
3188.28
3189.94
3191.35
3193.70
3194.95
3195.19
3198.68
3200.86
3202.01
3202.11
3203.29
3204.78
3205.75
3205.85
3207.66
3207.80
3208.70
3209.01
3209.43
3210.23
3212.73
3213.08
3213.15
3213.46
3213.53
3213.56
3216.42
3217.36
3217.63
3217.88
3218.30
3219.27
3221.95
3224.78
3225.83
3226.32
3226.91
3229.00
3231.17
3231.94
3232.33
3232.43
3234.18
3234.98
3235.09
3236.03
3236.28
3236.28
3236.63
3236.84
3237.72
3239.68
3240.24
3240.55
3241.15
3242.10
3242.62
3242.69
3243.43
3244.52
3245.75
3246.06
3246.24
3246.38
3246.80
3248.38
3249.58
3250.28
3250.67
3250.81
3251.09
3252.92
3253.66
3258.45
3258.70
3258.77
3259.65
3263.35
3264.87
3265.44
3265.97
3267.49
3267.66
3267.66
3267.77
3269.82
3271.52
3273.29
3274.67
3274.96
3276.91
3277.05
3277.58
3277.83
3280.10
3281.20
3281.41
3281.70
3282.69
3282.83
3285.21
3286.28
3286.92
3287.70
3288.73
3289.45
3290.26
3291.83
3292.90
3292.94
3293.04
3293.29
3293.97
3294.29
3297.03
3297.82
3299.03
3300.25
3302.14
3304.14
3305.89
3306.54
3308.04
3310.62
3311.05
3311.94
3312.73
3312.95
3313.49
3315.64
3317.43
3317.68
3319.51
3321.31
3323.90
3324.26
3325.09
3325.99
3329.05
3329.48
3329.66
3329.66
3329.69
3330.56
3331.64
3332.25
3332.29
3332.76
3333.26
3333.77
3333.91
3334.81
3342.40
3342.54
3344.24
3347.90
3349.24
3349.60
3349.78
3350.73
3352.32
3352.79
3355.37
3356.32
3356.53
3358.42
3359.59
3359.84
3361.11
3361.29
3362.86
3363.40
3364.42
3366.83
3367.08
3367.45
3367.70
3368.07
3369.05
3369.45
3369.49
3371.57
3375.33
3375.33
3377.88
3378.91
3381.03
3382.01
3383.15
3384.36
3384.50
3384.87
3384.98
3385.53
3386.41
3388.46
3389.71
3391.43
3392.42
3392.57
3392.64
3393.71
3394.22
3394.48
3394.70
3396.17
3396.35
3397.42
3398.19
3398.85
3402.75
3403.12
3406.14
3406.73
3407.47
3409.61
3409.90
3413.15
3414.15
3415.74
3416.77
3417.36
3419.62
3420.32
3426.06
3428.73
3432.30
3432.33
3433.37
3433.71
3436.68
3437.09
3437.24
3437.80
3437.80
3441.59
3443.94
3446.40
3448.30
3449.20
3450.02
3450.54
3451.14
3453.34
3453.98
3455.25
3455.96
3456.48
3458.95
3460.15
3460.94
3461.31
3463.41
3465.96
3467.61
3468.40
3469.86
3471.10
3471.59
3474.18
3475.76
3475.84
3476.55
3477.87
3478.06
3478.06
3478.47
3479.11
3479.37
3482.08
3482.72
3484.61
3484.65
3485.82
3485.93
3488.16
3489.85
3491.52
3495.41
3496.20
3498.81
3506.51
3509.96
3510.08
3510.15
3510.91
3513.00
3513.15
3515.02
3516.04
3517.98
3518.94
3519.96
3521.87
3522.17
3523.77
3523.93
3525.45
3525.80
3526.83
3527.05
3527.17
3528.47
3528.93
3529.19
3529.57
3530.87
3531.06
3532.82
3534.50
3535.88
3536.46
3540.59
3542.77
3544.61
3544.65
3544.69
3545.31
3547.22
3547.26
3548.03
3548.38
3550.22
3550.41
3550.56
3550.56
3550.76
3552.41
3553.41
3554.10
3555.60
3556.83
3557.91
3558.83
3559.33
3561.76
3562.61
3564.04
3564.27
3564.27
3564.31
3564.61
3564.85
3566.31
3566.89
3567.35
3567.66
3568.55
3568.59
3569.52
3569.63
3570.98
3571.79
3573.42
3579.53
3581.12
3581.20
3582.05
3583.52
3583.91
3584.14
3586.47
3586.51
3587.56
3587.83
3590.94
3592.34
3592.45
3594.44
3595.87
3599.34
3600.20
3602.46
3604.52
3605.15
3605.42
3606.36
3607.41
3607.96
3608.31
3608.89
3609.13
3611.86
3613.54
3613.78
3614.76
3618.39
3618.51
3622.31
3622.43
3624.35
3629.29
3629.41
3631.42
3631.69
3631.89
3631.97
3633.26
3633.38
3635.86
3635.94
3637.75
3637.86
3637.98
3640.46
3642.16
3643.89
3644.01
3644.40
3644.64
3645.04
3645.59
3646.69
3649.42
3649.49
3649.69
3651.75
3652.18
3652.26
3652.58
3654.79
3655.34
3656.49
3658.59
3659.58
3662.47
3662.83
3664.21
3664.45
3665.52
3666.47
3669.13
3669.45
3670.05
3670.96
3672.47
3672.67
3674.81
3675.61
3675.97
3677.48
3680.39
3681.22
3681.90
3683.97
3688.48
3691.31
3691.91
3692.91
3693.27
3694.19
3697.15
3698.23
3701.59
3701.91
3702.23
3703.19
3704.48
3709.57
3709.57
3709.77
3710.21
3710.85
3710.93
3712.78
3713.59
3714.43
3715.72
3717.93
3723.00
3723.08
3724.13
3724.57
3728.97
3730.50
3731.02
3735.67
3735.67
3735.99
3736.44
3736.44
3737.93
3746.03
3746.44
3752.12
3753.54
3754.11
3754.92
3755.00
3755.93
3756.50
3758.45
3759.02
3760.45
3764.31
3766.84
3768.68
3769.41
3770.76
3774.10
3775.16
3775.90
3776.47
3777.21
3779.70
3781.71
3784.98
3789.20
3791.33
3792.85
3793.30
3795.31
3795.68
3796.67
3796.92
3797.94
3797.94
3797.94
3798.68
3799.34
3800.82
3801.48
3802.96
3803.78
3804.03
3804.65
3806.99
3807.49
3812.11
3812.35
3813.22
3816.23
3816.27
3816.32
3816.36
3818.01
3818.34
3818.83
3819.45
3819.45
3820.03
3820.53
3820.78
3820.98
3821.85
3822.76
3824.58
3825.37
3830.46
3831.17
3832.49
3833.24
3835.81
3837.76
3838.43
3843.71
3844.08
3849.03
3860.38
3865.69
3870.04
3871.59
3873.43
3874.61
3875.02
3877.37
3877.58
3877.88
3882.66
3887.24
3891.24
3892.21
3892.97
3893.52
3894.32
3896.17
3901.66
3901.78
3902.25
3904.15
3904.74
3905.92
3906.26
3907.40
3907.44
3908.08
3908.84
3912.01
3912.05
3913.66
3914.51
3916.54
3916.59
3927.02
3927.02
3930.30
3930.60
3932.30
3932.93
3934.98
3936.89
3941.80
3942.22
3942.48
3945.68
3949.22
3951.28
3953.37
3953.54
3953.80
3957.48
3966.05
3966.65
3972.06
3972.15
3974.43
3977.74
3978.00
3979.76
3979.85
3982.39
3982.65
3982.69
3993.31
3994.78
3995.73
3996.68
3996.77
3999.54
3999.97
4000.05
4000.31
4001.70
4002.13
4005.21
4006.86
4008.59
4009.89
4011.50
4012.80
4020.23
4021.84
4022.88
4023.36
4025.19
4030.33
4030.95
4032.56
4032.95
4033.17
4034.74
4039.42
4041.08
4049.35
4052.77
4056.89
4058.30
4059.17
4059.26
4061.77
4063.79
4064.71
4064.80
4068.28
4068.41
4068.45
4070.52
4070.79
4073.25
4073.25
4074.22
4075.10
4076.07
4076.25
4077.57
4077.84
4078.46
4080.35
4081.77
4084.37
4090.88
4095.13
4097.79
4099.87
4105.69
4107.24
4108.80
4108.84
4110.44
4110.62
4111.55
4116.99
4118.41
4119.52
4121.98
4123.32
4123.40
4126.89
4127.82
4132.16
4138.02
4141.74
4142.23
4143.40
4145.19
4145.19
4145.77
4145.82
4146.67
4147.52
4148.33
4149.41
4149.45
4150.35
4153.58
4157.18
4162.45
4164.65
4167.00
4167.31
4168.80
4169.21
4174.08
4174.72
4175.71
4182.13
4183.85
4183.99
4184.35
4187.02
4190.01
4192.01
4194.59
4195.82
4197.72
4200.50
4203.95
4205.82
4207.41
4209.23
4210.83
4211.65
4211.87
4214.43
4214.84
4215.79
4220.59
4220.95
4221.87
4222.64
4223.24
4225.52
4227.76
4230.10
4232.93
4234.22
4234.35
4235.36
4237.10
4237.98
4241.60
4242.79
4245.87
4246.79
4248.99
4250.88
4252.58
4255.25
4256.49
4258.15
4258.94
4262.53
4262.58
4264.24
4265.07
4267.79
4267.93
4271.07
4273.43
4276.53
4276.81
4277.83
4279.77
4280.19
4281.76
4281.95
4282.46
4284.73
4287.42
4287.42
4289.37
4290.02
4291.78
4295.73
4296.01
4296.94
4297.31
4299.03
4303.96
4304.48
4310.07
4310.44
4313.19
4316.51
4318.89
4319.17
4322.91
4323.01
4326.89
4327.69
4328.43
4329.93
4330.35
4331.90
4332.98
4335.37
4337.01
4338.42
4339.45
4349.56
4352.76
4352.81
4353.47
4353.56
4354.03
4354.36
4355.02
4358.37
4359.31
4359.83
4364.65
4365.54
4365.78
4368.19
4369.18
4373.86
4375.33
4380.97
4382.39
4382.49
4384.29
4384.72
4386.19
4389.32
4391.79
4391.93
4394.12
4394.31
4394.69
4396.54
4397.59
4397.73
4398.02
4398.83
4399.16
4399.45
4402.30
4405.31
4410.17
4411.46
4412.99
4414.56
4415.71
4416.57
4419.25
4420.97
4427.81
4428.44
4430.21
4432.46
4433.85
4436.97
4438.32
4438.99
4441.25
4441.39
4442.45
4442.59
4443.41
4444.42
4446.58
4447.40
4447.88
4448.32
4449.23
4449.66
4450.96
4451.30
4453.95
4458.68
4458.87
4461.96
4463.41
4463.60
4464.86
4465.77
4468.96
4470.17
4471.43
4472.16
4472.21
4472.64
4473.17
4473.27
4475.93
4477.24
4479.71
4480.29
4488.25
4491.02
4491.80
4495.64
4500.89
4502.31
4510.69
4511.38
4513.28
4515.09
4515.14
4515.53
4520.81
4523.06
4523.60
4523.65
4524.23
4524.67
4528.00
4531.43
4532.71
4533.69
4534.72
4535.16
4535.26
4536.83
4537.71
4540.46
4541.69
4542.97
4550.01
4552.57
4555.08
4558.88
4561.05
4562.03
4572.86
4573.99
4574.69
4575.08
4577.76
4580.68
4581.47
4581.52
4581.62
4584.05
4585.39
4587.33
4587.87
4591.84
4592.39
4593.58
4597.21
4598.41
4600.85
4601.74
4603.73
4603.83
4606.92
4607.32
4608.07
4609.17
4612.51
4613.06
4613.71
4615.90
4617.35
4619.10
4619.25
4621.50
4622.05
4627.26
4628.81
4629.26
4630.81
4639.49
4640.74
4642.75
4645.16
4649.84
4649.89
4650.54
4651.15
4651.90
4652.10
4653.97
4656.28
4656.89
4657.80
4659.51
4661.53
4661.78
4661.98
4663.85
4667.08
4667.99
4672.38
4675.92
4676.13
4678.10
4679.92
4684.84
4689.81
4694.73
4696.81
4696.92
4699.46
4700.42
4700.53
4702.25
4703.17
4703.58
4703.68
4706.94
4710.10
4712.65
4712.70
4713.00
4714.23
4715.40
4715.81
4716.06
4717.44
4718.61
4719.43
4719.99
4727.30
4729.96
4731.40
4735.19
4735.29
4737.39
4740.93
4741.75
4744.62
4746.78
4748.68
4751.30
4753.41
4756.29
4760.15
4767.52
4767.73
4770.88
4774.18
4775.11
4775.42
4782.14
4782.92
4787.22
4787.84
4789.91
4790.17
4790.38
4799.20
4801.48
4802.31
4802.42
4803.61
4804.39
4805.27
4806.83
4808.03
4811.05
4816.52
4817.04
4819.54
4820.17
4821.16
4822.78
4824.45
4827.21
4833.38
4833.90
4834.32
4842.28
4848.73
4852.40
4853.19
4853.50
4854.76
4855.18
4860.70
4862.18
4863.49
4864.28
4864.33
4865.18
4867.81
4871.71
4871.97
4873.29
4885.75
4887.55
4888.39
4888.66
4889.77
4890.14
4890.46
4892.25
4893.42
4894.64
4899.14
4899.46
4903.17
4904.98
4907.42
4911.14
4913.63
4914.27
4926.30
4929.77
4932.81
4933.93
4934.04
4934.89
4937.40
4938.79
4938.79
4939.38
4943.98
4945.53
4947.94
4949.22
4956.78
4960.10
4962.57
4965.85
4966.60
4972.57
4974.40
4974.78
4976.66
4977.09
4977.90
4982.86
4987.28
4989.49
4996.68
5000.57
5004.25
5004.74
5004.74
5006.58
5010.27
5011.89
5014.12
5014.44
5016.02
5016.99
5022.15
5024.65
5026.99
5027.26
5028.35
5031.89
5033.52
5034.61
5036.74
5037.50
5043.12
5046.06
5051.75
5051.80
5056.01
5058.15
5060.23
5061.21
5064.33
5064.94
5070.20
5072.01
5074.26
5081.02
5084.98
5087.62
5089.77
5092.41
5096.05
5100.02
5101.34
5103.50
5103.77
5106.98
5107.09
5110.07
5111.73
5112.95
5114.00
5114.55
5119.70
5120.64
5129.13
5129.41
5129.96
5133.85
5134.01
5135.96
5136.90
5137.40
5138.02
5138.79
5139.41
5144.91
5145.41
5150.04
5150.37
5151.10
5151.60
5154.00
5157.12
5160.30
5163.60
5170.47
5171.87
5173.38
5175.57
5175.68
5181.67
5184.08
5186.33
5188.35
5189.64
5190.76
5193.63
5194.36
5200.60
5202.46
5206.91
5206.96
5212.09
5212.77
5213.00
5217.57
5218.86
5219.82
5220.11
5220.50
5220.90
5221.29
5222.54
5224.63
5226.10
5226.15
5230.51
5233.28
5240.65
5243.66
5244.11
5244.28
5248.82
5251.89
5257.18
5257.52
5258.37
5266.29
5275.07
5275.30
5278.09
5281.75
5283.98
5285.58
5286.95
5288.15
5288.50
5289.87
5292.96
5293.02
5298.52
5298.98
5304.49
5306.72
5308.33
5311.89
5315.46
5315.69
5315.75
5316.78
5317.64
5319.03
5319.89
5322.31
5322.54
5323.29
5328.24
5334.36
5337.76
5338.69
5338.86
5340.71
5340.77
5347.42
5348.23
5348.46
5349.15
5353.44
5358.65
5362.54
5370.20
5371.19
5374.16
5375.38
5376.77
5381.02
5386.21
5386.26
5388.42
5390.87
5391.34
5395.60
5395.65
5400.74
5403.02
5404.42
5409.10
5409.68
5410.39
5418.71
5419.12
5423.46
5428.74
5429.62
5433.85
5434.73
5435.09
5437.26
5439.21
5439.79
5441.56
5442.62
5447.45
5451.64
5452.40
5458.31
5460.14
5464.22
5471.85
5478.01
5479.49
5480.32
5481.39
5485.48
5487.44
5493.80
5494.04
5494.63
5495.05
5497.01
5498.85
5506.23
5511.84
5517.09
5518.34
5522.16
5525.99
5528.44
5530.24
5532.87
5534.67
5535.44
5537.36
5537.84
5538.20
5538.68
5544.56
5548.64
5549.06
5554.34
5558.13
5565.29
5577.71
5580.00
5584.41
5586.16
5587.92
5590.94
5592.70
5593.48
5593.66
5593.85
5594.57
5596.57
5596.81
5598.57
5604.21
5608.03
5608.45
5611.49
5613.31
5617.32
5622.91
5623.22
5629.55
5630.64
5632.53
5636.56
5636.74
5636.80
5637.35
5639.24
5644.49
5644.73
5645.22
5645.28
5650.72
5655.00
5659.11
5659.53
5664.19
5665.29
5666.03
5666.64
5669.52
5673.08
5675.91
5679.16
5681.68
5684.33
5685.80
5686.60
5687.16
5687.16
5688.45
5688.82
5693.93
5694.05
5695.78
5699.29
5701.76
5707.99
5714.11
5714.92
5716.03
5720.92
5722.65
5723.27
5728.41
5730.39
5731.32
5733.50
5739.27
5742.50
5751.26
5752.57
5759.92
5762.79
5762.85
5766.09
5771.09
5771.71
5775.83
5776.33
5776.83
5789.10
5789.79
5794.74
5796.24
5801.33
5802.46
5805.41
5805.53
5807.54
5810.25
5810.62
5812.95
5813.39
5815.84
5819.24
5822.71
5823.40
5826.24
5826.42
5826.61
5829.96
5834.56
5835.57
5837.66
5840.31
5841.95
5848.47
5850.49
5851.70
5854.74
5855.31
5856.45
5860.95
5865.32
5865.90
5883.06
5884.33
5884.46
5887.13
5890.38
5891.59
5891.85
5894.21
5895.86
5899.50
5901.10
5904.74
5907.55
5909.40
5909.60
5909.66
5912.73
5915.23
5915.87
5920.92
5922.01
5922.14
5925.22
5925.80
5926.31
5926.69
5927.59
5931.95
5933.62
5933.75
5933.94
5935.23
5941.72
5945.32
5945.90
5948.73
5949.69
5951.82
5956.26
5957.81
5959.75
5964.58
5966.39
5966.84
5973.82
5978.93
5980.03
5983.85
5996.22
6000.12
6000.77
6001.22
6001.35
6003.56
6010.58
6014.87
6019.76
6023.27
6026.14
6026.66
6029.99
6032.73
6032.99
6034.63
6035.60
6037.50
6039.59
6046.19
6048.94
6050.12
6052.15
6070.91
6092.56
6094.27
6102.06
6103.05
6106.08
6112.63
6116.86
6116.99
6119.38
6119.97
6120.83
6123.55
6125.07
6136.35
6141.93
6142.53
6144.06
6148.58
6157.83
6159.77
6165.17
6167.24
6176.45
6177.79
6178.46
6179.19
6179.53
6179.99
6183.74
6184.27
6184.94
6190.17
6192.71
6194.92
6195.46
6196.06
6202.97
6206.87
6210.83
6212.17
6214.06
6215.00
6220.58
6220.65
6228.39
6230.35
6241.35
6245.87
6248.78
6248.91
6250.87
6254.59
6261.23
6264.28
6273.16
6275.13
6284.24
6285.33
6290.91
6292.74
6298.06
6303.58
6305.76
6306.99
6317.37
6317.99
6319.35
6319.35
6325.78
6331.26
6335.72
6336.26
6341.61
6347.52
6347.79
6348.96
6350.47
6352.88
6355.83
6357.21
6359.27
6363.88
6377.05
6377.95
6378.98
6378.98
6389.48
6390.17
6392.25
6394.11
6395.01
6400.62
6406.72
6409.77
6422.47
6422.89
6425.32
6426.85
6428.24
6429.77
6432.14
6432.35
6432.70
6438.27
6441.82
6445.03
6447.89
6448.79
6450.05
6453.40
6461.37
6462.62
6463.25
6466.82
6472.77
6473.40
6484.27
6489.46
6489.53
6495.64
6497.89
6497.96
6506.97
6508.73
6508.94
6509.08
6510.21
6513.31
6513.59
6517.89
6520.85
6521.13
6526.07
6526.15
6528.69
6537.95
6544.25
6545.38
6549.70
6553.46
6560.69
6563.04
6563.89
6568.22
6569.50
6569.57
6573.27
6574.20
6574.98
6575.19
6581.38
6581.60
6582.59
6587.65
6591.08
6597.28
6601.00
6602.28
6603.85
6611.86
6615.51
6616.37
6619.73
6619.81
6635.44
6635.94
6637.31
6641.40
6642.69
6647.80
6650.03
6650.75
6651.25
6652.26
6652.48
6658.52
6661.34
6670.71
6673.38
6678.58
6680.90
6684.87
6686.97
6692.25
6695.15
6695.80
6698.77
6703.78
6706.61
6707.19
6708.20
6714.74
6715.17
6717.35
6720.55
6722.30
6722.30
6722.52
6730.23
6731.03
6731.76
6732.56
6740.65
6747.22
6747.51
6748.61
6751.24
6757.30
6759.35
6760.08
6761.03
6761.25
6762.93
6765.06
6770.48
6773.55
6780.52
6784.77
6786.83
6791.75
6793.88
6795.87
6801.68
6803.67
6805.88
6817.00
6827.26
6829.92
6832.22
6837.47
6848.72
6850.28
6850.28
6853.84
6866.83
6870.24
6870.24
6881.48
6883.56
6885.20
6885.50
6885.72
6892.36
6901.46
6909.16
6910.80
6918.81
6921.13
6926.37
6929.07
6931.24
6932.22
6933.04
6937.32
6938.22
6946.48
6954.46
6962.96
6971.11
6972.77
6974.20
6976.24
6978.80
6979.48
6991.88
6995.13
6996.12
6996.80
6997.55
6999.83
7001.57
7001.80
7011.04
7022.89
7023.19
7028.97
7029.20
7030.87
7039.55
7040.69
7044.96
7046.41
7051.29
7052.28
7054.34
7062.44
7065.19
7072.38
7072.84
7073.37
7076.59
7077.28
7092.07
7099.06
7100.98
7108.90
7112.74
7113.05
7119.67
7123.29
7124.76
7127.69
7128.77
7133.01
7133.09
7133.17
7140.11
7141.04
7143.21
7143.28
7145.91
7148.23
7149.55
7164.03
7164.26
7179.55
7182.58
7188.25
7199.54
7201.02
7201.02
7209.20
7219.90
7225.05
7233.58
7237.65
7238.51
7239.45
7248.70
7259.69
7262.05
7263.15
7265.58
7269.04
7269.52
7271.32
7283.45
7289.05
7289.52
7289.84
7294.73
7297.65
7299.78
7305.94
7306.02
7317.42
7326.84
7333.43
7333.74
7338.11
7339.86
7346.69
7347.64
7355.12
7359.34
7362.05
7377.28
7381.83
7389.90
7394.70
7401.74
7402.46
7402.94
7411.28
7415.37
7426.53
7428.06
7442.54
7442.94
7446.08
7452.37
7452.37
7454.22
7458.42
7476.11
7480.08
7491.25
7494.58
7498.07
7499.85
7499.85
7510.49
7514.80
7516.02
7516.42
7517.56
7518.13
7536.62
7540.62
7546.41
7552.21
7552.70
7554.50
7558.59
7559.16
7561.37
7568.90
7569.72
7570.13
7572.09
7573.08
7576.76
7579.80
7580.13
7581.44
7583.90
7584.88
7589.56
7591.78
7592.19
7594.33
7597.86
7600.99
7614.65
7615.39
7634.86
7635.94
7641.64
7643.13
7646.35
7647.35
7648.26
7648.50
7654.71
7668.72
7669.39
7669.89
7671.46
7672.54
7680.18
7680.76
7692.16
7697.40
7700.24
7702.24
7711.91
7714.50
7719.51
7719.76
7721.51
7731.96
7735.73
7736.23
7743.35
7746.87
7751.73
7762.56
7779.88
7783.08
7789.23
7791.00
7802.89
7808.72
7817.59
7817.85
7822.33
7832.67
7837.84
7846.75
7847.17
7855.84
7859.58
7862.72
7862.89
7864.77
7867.23
7867.74
7872.09
7879.16
7881.04
7889.23
7889.23
7897.08
7898.88
7915.82
7923.10
7936.40
7943.19
7946.28
7948.26
7963.41
7970.48
7972.29
7975.14
7983.86
7986.02
7996.74
7999.42
8006.78
8007.47
8009.47
8014.93
8019.78
8020.13
8025.51
8035.16
8067.04
8067.48
8068.35
8070.10
8071.67
8071.76
8074.11
8076.04
8078.66
8080.06
8081.11
8083.73
8086.97
8094.41
8104.49
8114.75
8117.21
8125.29
8132.15
8133.12
8140.69
8142.54
8146.51
8147.74
8151.36
8159.48
8163.01
8168.84
8176.80
8178.39
8181.13
8185.74
8194.95
8202.50
8206.05
8209.07
8214.31
8217.42
8229.34
8240.84
8250.20
8251.45
8254.49
8255.11
8260.12
8269.95
8270.58
8271.12
8280.79
8286.34
8290.56
8301.06
8304.48
8309.06
8311.58
8330.93
8331.66
8332.83
8332.83
8333.46
8354.13
8354.31
8355.13
8359.01
8360.73
8365.17
8372.23
8374.86
8376.67
8377.58
8379.39
8379.66
8385.10
8405.09
8415.82
8430.13
8433.78
8457.36
8457.45
8457.81
8469.72
8469.81
8476.41
8481.55
8483.38
8487.42
8498.18
8504.15
8513.64
8517.69
8523.41
8524.97
8528.48
8536.79
8537.25
8550.56
8550.84
8557.60
8566.03
8594.06
8596.02
8599.36
8606.07
8609.98
8618.27
8619.30
8633.02
8637.97
8639.56
8644.05
8644.14
8657.71
8662.68
8665.87
8673.47
8699.22
8702.61
8703.55
8707.13
8710.71
8712.31
8718.82
8729.67
8731.66
8733.92
8753.98
8802.90
8804.71
8807.09
8815.95
8818.63
8819.29
8830.46
8835.34
8838.40
8841.55
8843.66
8844.43
8849.98
8857.64
8861.00
8863.30
8867.61
8872.89
8873.18
8882.50
8883.07
8893.27
8894.23
8903.96
8906.94
8911.57
8913.11
8921.99
8924.02
8933.68
8935.42
8937.54
8937.64
8946.06
8947.03
8951.77
8957.10
8961.07
8965.63
8985.25
8985.83
8992.45
9000.62
9004.03
9006.95
9007.83
9011.24
9018.85
9033.89
9039.07
9044.36
9054.05
9064.44
9079.16
9081.82
9093.12
9097.55
9101.59
9104.94
9123.08
9149.67
9150.17
9165.23
9180.31
9187.57
9191.74
9200.10
9207.27
9214.15
9217.84
9219.03
9221.83
9224.12
9238.31
9264.93
9265.63
9298.58
9299.78
9301.29
9302.90
9313.68
9314.89
9322.25
9343.15
9352.86
9360.25
9367.85
9373.43
9387.43
9394.34
9406.75
9407.67
9408.58
9411.13
9411.64
9442.75
9443.26
9450.00
9455.63
9459.62
9467.40
9491.51
9503.32
9516.18
9541.55
9543.61
9550.02
9553.32
9564.18
9569.25
9579.30
9582.83
9590.09
9600.37
9609.82
9612.42
9629.81
9629.91
9655.89
9661.64
9664.46
9668.44
9684.14
9694.94
9696.51
9703.96
9718.99
9723.72
9733.62
9736.57
9742.05
9757.98
9759.88
9768.75
9770.97
9779.11
9783.98
9786.84
9791.18
9817.81
9820.68
9827.38
9832.69
9837.06
9846.85
9848.56
9851.01
9858.90
9868.18
9877.26
9880.90
9884.96
9885.50
9893.42
9894.38
9902.84
9906.16
9917.31
9929.56
9930.74
9936.11
9947.19
9960.22
9962.27
9990.44
10002.88
10019.78
10046.59
10061.17
10071.30
10078.49
10085.36
10086.46
10089.08
10092.46
10095.63
10105.03
10124.51
10140.95
10147.76
10149.62
10154.35
10176.78
10180.09
10188.68
10192.76
10213.41
10222.47
10241.18
10250.94
10251.05
10251.94
10252.93
10267.70
10282.04
10285.38
10289.72
10310.45
10315.69
10316.14
10325.29
10327.19
10359.31
10366.94
10371.09
10372.88
10404.36
10417.42
10432.88
10434.01
10440.22
10454.23
10456.04
10470.76
10473.71
10476.43
10479.37
10491.29
10510.03
10529.95
10534.05
10547.06
10561.22
10566.93
10599.11
10599.80
10607.83
10608.86
10619.88
10620.00
10641.62
10646.92
10654.30
10656.14
10669.06
10674.60
10684.54
10709.19
10732.51
10746.22
10747.73
10759.83
10764.26
10770.78
10775.56
10791.66
10800.19
10802.53
10814.69
10837.77
10839.99
10840.93
10843.28
10844.33
10853.37
10858.54
10892.08
10916.26
10925.48
10932.81
10939.91
10972.39
10973.46
10977.02
10980.23
10992.00
11007.23
11016.41
11022.61
11026.30
11039.19
11050.31
11052.10
11055.69
11083.12
11111.09
11120.71
11124.69
11145.17
11152.16
11154.94
11171.37
11177.29
11182.25
11224.43
11228.56
11230.87
11240.72
11246.31
11259.95
11271.29
11283.49
11300.23
11303.77
11317.48
11319.32
11319.56
11321.89
11332.18
11336.84
11341.51
11354.77
11370.50
11387.37
11387.62
11407.22
11426.12
11433.05
11442.83
11453.73
11470.10
11474.56
11488.73
11491.71
11507.64
11511.25
11515.48
11520.09
11528.95
11540.06
11544.55
11552.92
11566.56
11576.95
11588.35
11605.67
11610.69
11612.07
11612.83
11647.43
11665.22
11674.81
11681.89
11687.58
11718.98
11726.72
11745.89
11751.49
11766.24
11768.15
11772.36
11776.69
11801.82
11825.08
11830.84
11834.55
11838.26
11844.29
11848.00
11856.60
11883.05
11934.72
11941.18
11942.08
11942.47
11959.93
11964.20
11969.64
11973.78
11983.11
11988.04
12016.61
12024.29
12031.57
12039.91
12063.90
12064.94
12076.70
12081.93
12088.20
12109.02
12111.38
12139.32
12175.89
12233.60
12236.77
12241.14
12264.08
12284.00
12313.41
12329.27
12330.74
12347.03
12360.66
12370.16
12377.25
12455.17
12475.67
12498.51
12517.72
12520.43
12521.92
12547.28
12556.65
12607.02
12612.48
12644.45
12650.61
12673.49
12675.69
12687.90
12704.24
12709.88
12712.36
12728.74
12772.19
12873.75
12880.72
12881.00
12908.48
12912.81
12918.96
12921.20
12925.11
12938.40
12945.40
12947.09
12964.89
12969.10
12974.29
12993.26
13010.56
13011.54
13029.58
13037.33
13044.81
13048.91
13053.71
13060.77
13061.76
13172.60
13224.15
13229.59
13251.94
13278.78
13302.51
13312.44
13317.92
13320.51
13324.84
13351.54
13367.58
13375.10
13399.44
13405.96
13433.99
13442.57
13452.02
13455.37
13458.57
13561.92
13567.20
13567.64
13576.46
13582.04
13585.27
13586.15
13586.89
13596.45
13612.20
13628.70
13632.98
13644.64
13648.63
13654.09
13663.40
13667.39
13680.41
13695.52
13736.03
13743.02
13745.55
13792.18
13803.22
13843.91
13868.79
13880.80
13918.25
13921.26
13971.36
13992.09
14002.84
14005.41
14034.69
14041.68
14096.48
14142.00
14155.63
14166.81
14183.38
14205.80
14227.80
14267.72
14276.06
14388.96
14411.86
14426.21
14428.55
14430.27
14431.21
14449.96
14472.65
14477.03
14477.81
14487.69
14519.86
14533.69
14593.25
14607.15
14674.79
14681.62
14694.81
14698.47
14753.12
14757.75
14781.08
14795.16
14808.45
14815.99
14830.26
14836.20
14836.68
14878.64
14882.34
14937.35
14944.63
14968.25
14969.87
15004.25
15004.41
15008.96
15021.47
15139.77
15158.45
15241.01
15242.99
15248.27
15259.82
15271.05
15277.99
15323.52
15325.67
15326.17
15349.90
15363.19
15370.34
15432.33
15447.54
15494.41
15516.22
15532.34
15556.90
15580.48
15595.15
15599.71
15609.16
15619.64
15621.50
15621.67
15680.94
15744.01
15786.31
15790.07
15825.64
15850.66
15856.50
15857.01
15900.65
15923.89
15984.65
15988.11
16035.06
16036.80
16066.32
16069.97
16075.36
16085.80
16097.12
16104.26
16123.62
16127.98
16133.39
16216.69
16223.01
16277.52
16308.01
16320.90
16420.27
16464.74
16472.05
16556.74
16566.60
16675.22
16699.77
16743.92
16767.13
16805.99
16810.54
16857.71
16880.90
16901.55
16910.51
16914.35
16918.56
17002.79
17029.31
17045.34
17075.43
17130.58
17175.12
17190.55
17322.93
17426.70
17539.82
17551.40
17610.37
17617.99
17719.50
17766.15
17790.20
17806.18
17829.70
17895.99
17957.67
17958.65
18005.92
18094.79
18150.28
18154.40
18183.30
18219.14
18248.14
18332.64
18346.53
18363.22
18391.85
18423.72
18432.69
18468.02
18512.44
18586.29
18649.14
18755.78
18809.23
18892.24
18929.48
19005.01
19028.05
19046.18
19071.13
19116.37
19209.05
19253.16
19269.83
19281.10
19378.98
19426.84
19460.92
19513.63
19543.00
19549.35
19558.45
19605.69
19616.30
19660.50
19844.72
19895.68
19907.09
19918.08
20090.15
20154.16
20235.66
20349.83
20499.00
20619.12
20698.24
20708.77
20774.98
20882.70
20928.62
20950.37
20991.43
21039.87
21084.31
21113.75
21132.04
21201.20
21222.32
21354.53
21445.76
21567.46
21576.33
21592.44
21611.14
21836.55
21901.85
22227.48
22274.67
22339.11
22436.73
22450.33
22553.56
22638.40
22819.89
22881.70
22891.35
22934.24
22995.37
23087.11
23440.50
23482.13
23656.31
23895.29
24038.17
24068.36
24139.56
24218.83
24266.30
24305.19
24429.64
24513.57
24994.31
25095.39
25166.36
25241.90
25303.97
25394.75
25510.69
25513.18
25523.12
25729.68
25886.06
25941.01
25942.13
26144.45
26251.03
26311.60
26555.85
27294.60
27341.30
27853.08
28015.69
28497.81
28715.71
28738.09
29140.75
29787.24
29942.02
30280.19
30313.30
31027.07
31032.10
31565.80
31888.48
32041.35
32439.36
32657.70
34606.53
35018.59
35139.29
35428.67
35770.32
36143.41
38333.41
38877.24
43197.98
44191.70
