5.47
8.21
9.31
9.90
9.94
10.31
10.37
11.45
12.63
13.62
13.95
14.24
14.33
14.44
14.50
14.55
15.15
15.33
16.02
16.66
16.82
18.26
18.62
18.63
18.76
18.88
19.59
20.13
20.69
20.71
21.28
21.50
21.64
21.75
21.81
21.88
22.10
22.21
22.51
22.92
23.03
24.22
25.00
25.94
27.22
28.45
28.64
28.65
28.87
29.00
29.10
29.67
29.76
29.86
30.22
30.70
30.72
31.06
31.47
32.09
32.27
33.30
33.42
33.67
33.92
34.23
34.30
34.36
34.56
34.62
35.50
35.91
36.08
36.57
37.01
37.39
37.94
37.98
38.20
38.20
38.28
38.43
38.93
39.32
39.56
39.94
40.15
40.21
40.78
40.94
41.16
42.56
42.72
42.81
43.60
43.66
44.07
44.47
44.70
45.02
45.05
45.20
45.62
45.62
46.29
46.64
46.68
47.18
47.48
47.77
48.01
48.63
48.63
48.89
49.42
49.58
49.61
49.82
50.10
50.12
50.17
50.34
50.57
50.62
51.16
51.21
51.41
52.19
52.40
52.58
53.03
53.06
53.15
53.55
53.94
55.05
55.72
55.90
56.14
56.31
56.68
56.74
56.93
57.26
57.47
57.49
57.61
57.79
57.80
58.01
58.13
58.54
58.95
58.98
59.98
60.41
60.54
60.72
62.77
63.30
64.02
64.34
64.75
64.86
64.92
65.17
67.09
67.16
68.87
69.03
69.39
69.96
70.23
70.53
70.67
71.92
73.32
73.48
74.18
74.18
74.48
74.63
74.87
75.24
75.37
75.62
75.81
75.93
76.02
76.73
78.14
78.40
78.43
78.58
78.94
78.99
79.83
79.83
80.02
80.72
80.92
81.18
81.62
82.14
82.77
83.21
83.36
83.97
84.13
84.28
84.34
85.19
85.32
85.63
85.74
85.88
85.97
86.06
86.08
86.21
87.31
87.44
87.60
87.87
88.38
88.68
88.76
89.59
89.64
89.96
91.43
91.55
92.43
92.98
93.14
93.40
93.99
94.02
94.49
94.57
94.61
94.74
94.75
94.86
95.57
95.71
96.24
97.03
97.31
98.44
99.02
99.31
99.31
99.46
99.67
99.85
100.39
100.49
100.77
100.96
101.05
101.23
101.33
101.61
101.83
101.94
102.58
102.59
102.61
102.82
103.06
103.45
103.88
104.35
105.02
105.41
105.85
106.21
106.30
106.38
107.11
107.65
107.83
109.11
109.12
109.13
109.34
109.59
109.75
109.86
110.58
110.84
110.84
111.45
111.50
111.51
111.84
112.04
113.09
113.21
113.28
114.14
114.35
114.43
114.78
114.88
114.98
114.99
115.34
115.72
115.81
115.82
115.88
116.11
116.46
116.87
117.43
117.68
117.97
118.16
118.37
119.28
119.53
119.64
119.73
119.80
120.31
120.56
121.94
122.12
122.45
122.47
122.81
122.91
123.05
123.11
123.26
123.63
123.76
123.94
124.31
124.72
125.02
125.80
126.06
126.36
126.47
126.56
127.32
127.40
127.40
127.46
127.47
127.81
127.83
127.92
128.02
128.45
128.51
128.81
129.07
129.53
129.61
130.43
130.44
131.05
131.54
132.05
132.34
132.60
132.61
133.02
133.17
134.17
135.22
136.08
136.19
136.65
137.46
137.86
138.05
138.21
138.29
138.89
139.19
139.91
140.03
141.18
142.41
143.01
143.02
143.35
143.37
144.10
144.15
144.36
144.61
144.83
145.27
145.40
145.73
146.05
146.21
146.92
147.17
147.42
147.55
147.63
148.19
148.76
149.12
149.14
149.40
149.46
149.48
149.68
150.35
150.58
150.93
152.11
152.11
152.26
152.62
152.81
153.28
153.63
153.80
153.91
154.46
154.78
154.93
155.59
156.03
156.20
156.31
156.37
156.49
156.79
156.94
157.91
158.14
158.56
158.76
158.83
159.34
159.46
159.68
160.33
160.89
161.18
161.93
162.24
162.41
162.48
163.40
163.73
163.98
164.48
164.92
165.31
165.35
165.40
165.70
166.49
167.01
167.77
168.15
168.46
169.50
169.82
169.97
170.04
170.09
170.22
171.09
171.40
171.67
173.20
174.18
175.11
175.24
175.41
175.43
176.21
176.33
176.41
176.54
176.73
176.92
176.95
177.05
177.07
178.87
179.13
180.24
180.48
180.49
181.01
181.11
181.52
181.60
181.61
181.65
181.79
182.18
182.27
182.85
182.86
182.94
184.28
184.40
184.61
185.20
185.42
186.22
186.23
186.66
186.69
187.15
187.48
187.80
187.85
188.05
188.23
189.61
189.71
189.78
190.27
190.56
192.39
193.32
193.75
194.89
195.05
195.75
196.02
197.62
197.91
197.94
197.94
199.41
199.52
199.84
200.05
200.42
200.79
200.90
200.97
201.08
201.40
201.67
202.77
203.05
203.61
203.86
204.72
204.76
205.23
205.30
206.18
206.19
206.65
206.81
206.90
206.97
207.73
207.84
208.18
208.45
208.54
208.68
209.04
209.55
210.29
210.34
210.86
211.07
211.81
211.96
212.85
214.18
214.36
215.32
215.44
215.60
215.70
216.71
217.08
217.12
218.00
218.24
219.08
219.08
219.31
219.58
221.52
222.14
222.88
223.40
223.77
223.81
224.50
226.78
226.91
226.92
226.99
227.27
227.39
228.30
229.26
229.35
229.87
230.03
230.14
231.05
231.12
231.34
231.86
232.27
232.57
233.56
233.68
233.73
234.46
234.54
234.74
235.05
235.07
235.45
236.64
237.41
238.59
238.66
238.99
239.36
239.61
239.78
239.99
240.25
240.34
240.40
240.41
240.45
240.55
240.93
241.33
242.63
242.89
243.13
243.81
245.40
245.42
245.54
248.09
248.48
248.85
249.00
249.26
249.82
251.30
252.24
252.30
252.42
252.60
253.42
253.49
253.81
254.14
254.16
255.07
257.53
257.93
258.16
258.47
258.59
258.71
260.12
260.23
261.37
261.45
261.74
261.86
263.29
263.70
264.01
266.19
266.23
266.57
267.14
267.49
267.53
269.07
269.34
269.45
269.89
270.17
270.84
271.84
272.10
272.13
272.65
273.01
273.46
273.54
273.75
273.81
274.45
274.62
275.88
276.02
276.85
276.97
278.14
278.34
279.61
279.80
280.12
280.63
281.24
281.61
281.98
282.31
283.13
283.14
283.50
283.51
284.22
284.75
286.97
287.25
287.69
288.63
288.73
288.92
288.95
289.06
289.37
290.39
290.40
291.60
293.70
294.50
295.00
295.45
295.57
296.71
297.48
297.69
298.01
299.09
299.95
300.81
301.02
301.59
302.50
304.33
305.08
305.11
305.48
305.93
306.10
306.37
306.68
306.75
307.15
307.98
309.89
311.27
311.51
311.95
312.62
312.64
313.48
313.93
315.20
315.35
315.73
315.96
316.09
317.40
317.85
317.93
318.24
318.30
320.53
320.55
320.86
321.19
321.30
321.74
322.15
323.39
323.39
323.43
324.21
325.11
325.40
325.95
327.15
327.28
327.42
328.47
329.55
330.79
330.88
331.57
331.66
332.42
332.81
333.14
333.22
333.32
334.04
335.23
335.29
335.56
336.55
336.89
337.32
337.54
337.71
338.31
338.35
338.91
340.01
340.82
341.08
342.12
342.66
342.69
342.76
342.87
344.18
344.56
344.79
345.56
346.24
346.25
346.68
346.97
347.36
347.41
347.51
349.63
349.70
351.20
351.71
353.29
353.45
353.46
353.75
354.18
354.80
357.60
357.86
358.15
359.11
359.77
361.20
361.20
361.33
361.56
362.13
362.17
362.35
362.90
365.12
366.22
366.64
366.94
367.07
367.09
369.43
369.87
370.57
371.86
373.01
373.51
373.68
373.76
373.88
374.31
374.71
374.87
375.16
375.35
375.58
375.92
376.01
376.17
377.18
377.95
377.97
378.08
378.98
380.03
380.47
381.09
381.84
381.84
382.59
383.12
383.39
383.45
384.13
384.48
384.89
385.17
385.32
385.64
385.76
385.78
386.08
386.43
386.47
386.62
386.65
387.11
387.21
387.49
388.15
388.20
388.50
388.71
388.95
390.39
391.54
391.76
391.95
391.98
392.25
392.57
393.10
393.83
394.00
394.20
394.22
394.47
395.07
395.33
395.56
395.64
396.02
397.24
397.25
398.79
398.79
399.44
400.64
401.59
401.66
401.87
402.01
402.57
402.61
403.62
403.84
405.63
406.20
406.98
406.98
407.75
409.01
409.04
409.21
411.89
412.54
412.74
412.95
413.21
413.67
414.02
414.16
414.17
414.19
414.85
415.19
415.67
415.71
416.14
416.26
416.36
416.52
416.98
417.05
417.14
417.38
417.63
418.42
418.87
419.23
419.36
419.83
420.68
421.81
421.87
422.46
423.09
423.14
423.46
424.34
424.43
426.59
426.71
426.81
427.45
427.55
431.31
432.16
432.61
432.96
433.89
433.90
434.18
434.63
435.01
435.84
437.27
438.57
438.77
438.92
439.15
440.33
440.78
440.99
441.01
441.33
441.67
442.10
442.20
442.43
444.05
444.46
445.63
445.86
446.27
446.99
447.94
448.51
448.54
448.74
449.27
450.00
450.31
450.51
451.00
451.45
452.03
452.43
452.85
453.09
453.31
454.05
454.29
454.71
454.87
454.94
454.96
455.81
455.89
456.33
456.62
456.93
457.28
457.47
457.84
458.13
458.16
458.43
458.56
460.15
461.35
462.75
462.81
463.13
463.15
463.46
463.67
463.93
463.94
464.31
464.94
466.00
466.32
466.43
467.44
467.49
468.65
469.48
469.58
470.11
470.55
470.88
471.61
471.62
472.65
474.03
474.66
475.11
475.36
475.55
475.70
476.83
477.36
477.45
478.35
478.47
479.47
479.89
479.92
480.53
481.80
482.17
482.33
483.67
485.03
488.58
489.11
489.96
491.13
491.48
492.75
495.13
495.64
496.60
498.26
498.53
499.14
499.62
501.86
502.50
502.75
503.60
503.80
504.13
505.45
505.45
505.74
506.12
507.17
507.35
507.45
508.18
508.34
508.59
508.71
509.15
509.27
510.14
510.38
511.01
511.48
513.47
513.77
513.99
514.57
516.04
516.77
516.83
517.49
518.15
518.57
519.42
519.55
521.05
521.60
521.98
523.13
523.43
523.74
524.18
525.85
527.99
529.13
529.57
529.68
530.41
530.91
531.43
531.95
532.93
533.05
535.16
535.17
535.76
535.85
536.49
537.16
537.27
537.79
538.52
538.59
538.60
540.01
540.52
541.26
541.97
544.29
544.39
545.98
545.99
546.43
547.25
551.60
551.89
552.12
552.99
553.31
553.94
554.30
554.94
555.14
555.28
555.47
555.97
557.21
558.10
558.38
558.40
558.75
558.77
559.53
559.78
560.55
560.84
561.02
561.42
561.79
562.10
564.03
564.27
565.27
567.26
568.88
569.01
569.16
569.80
570.85
571.22
573.43
574.34
575.98
576.43
576.93
576.99
578.16
578.22
578.40
580.52
580.88
581.94
583.02
583.64
584.89
585.44
586.66
587.60
588.42
588.60
588.62
588.72
590.00
590.18
590.38
590.89
591.12
591.83
591.85
593.13
593.35
594.34
594.59
595.11
595.35
595.99
596.37
597.79
598.07
598.88
600.31
600.31
600.78
600.80
601.43
602.01
602.53
603.17
603.43
603.69
603.88
605.36
605.55
606.20
606.56
606.67
607.72
607.94
608.03
609.81
611.62
613.12
613.21
614.13
615.95
616.28
616.62
617.60
618.82
618.83
618.98
619.19
619.28
620.72
621.05
621.07
621.80
621.84
624.10
624.45
625.74
626.12
626.46
626.91
627.31
628.71
629.27
629.67
631.57
631.80
632.97
633.28
634.04
635.29
637.70
638.16
638.69
639.46
639.75
641.05
641.05
641.30
642.48
642.68
643.61
644.89
645.90
645.90
646.10
646.71
648.09
648.54
648.62
650.71
650.81
650.98
652.33
652.42
653.31
653.90
653.93
654.14
654.35
655.28
655.64
655.83
656.00
657.08
657.11
657.14
657.27
658.18
658.48
658.50
661.63
663.23
663.51
663.84
665.12
665.48
666.38
666.43
666.61
667.43
668.78
669.63
669.87
670.10
670.45
670.49
670.66
670.81
671.67
672.13
672.21
672.71
673.99
675.60
676.39
677.15
677.38
677.52
678.99
679.16
680.08
681.16
682.21
682.40
682.61
682.61
683.46
683.81
685.86
686.72
688.86
689.93
690.91
691.00
692.53
692.68
693.55
696.91
696.95
697.38
697.47
697.82
697.93
698.29
698.81
699.88
700.14
701.66
702.55
703.06
703.98
704.03
705.18
706.00
708.71
709.62
710.44
712.10
712.31
712.71
712.89
714.28
715.45
716.43
716.46
716.55
718.10
718.77
718.79
719.12
719.14
722.18
722.24
722.26
723.10
723.29
724.03
725.49
726.12
727.18
729.21
729.24
729.27
729.49
729.56
730.60
730.62
731.81
732.12
732.67
733.21
733.24
734.09
734.27
734.41
735.40
736.78
737.15
737.67
737.80
738.00
738.08
739.07
739.44
740.15
740.44
741.00
741.99
743.28
743.53
743.86
744.86
744.96
745.84
747.01
747.20
747.34
747.46
747.74
747.79
748.04
748.39
749.30
751.22
751.46
752.64
753.42
753.87
754.27
754.31
755.18
755.50
755.58
756.79
756.87
756.89
757.93
757.97
758.67
759.89
760.37
760.78
761.42
761.69
761.73
763.95
764.46
764.65
764.75
766.91
767.45
767.77
768.26
768.42
769.04
769.35
774.00
774.20
774.38
775.32
775.91
776.25
777.08
777.18
777.18
777.43
777.82
778.81
779.32
780.18
780.92
781.32
783.06
783.10
783.30
783.54
783.66
783.82
784.07
784.42
785.40
785.54
785.95
786.63
786.97
787.19
787.49
789.73
790.70
793.83
794.46
795.64
796.71
798.24
799.18
799.90
801.17
801.19
802.83
803.58
805.58
805.74
806.37
807.18
809.60
809.78
809.95
811.72
813.01
813.95
814.21
815.97
816.72
818.25
818.85
820.31
820.44
821.09
821.38
821.54
821.98
822.99
823.24
823.46
824.84
825.20
826.64
828.10
828.40
828.42
828.59
829.36
831.57
833.48
833.65
834.90
838.42
838.58
838.87
838.92
839.96
840.69
840.83
842.23
842.48
842.59
842.70
843.80
844.07
844.74
844.95
847.11
848.11
848.38
850.61
852.89
854.50
856.27
857.11
857.96
858.04
861.19
861.94
862.06
862.31
862.48
862.65
863.34
863.40
863.70
863.89
864.27
865.25
865.29
865.43
865.77
865.94
867.58
868.49
868.79
868.87
868.93
869.49
871.10
871.28
872.92
872.97
875.37
875.74
877.12
877.13
877.44
880.30
880.59
880.64
881.64
882.88
882.99
883.64
883.67
884.31
885.72
886.76
887.69
888.34
888.85
889.96
890.14
890.80
891.17
891.72
892.33
893.21
893.65
893.71
894.42
895.13
895.24
896.21
897.82
898.40
899.02
899.24
899.75
900.56
900.64
903.74
904.29
905.23
905.89
906.26
906.54
906.58
907.56
908.92
911.04
911.12
912.05
912.92
914.68
916.23
917.93
918.02
918.56
919.98
920.25
921.19
922.20
922.34
922.49
923.81
923.96
925.08
925.31
926.38
927.13
928.12
928.69
930.27
930.49
931.07
931.30
933.25
933.93
937.54
937.58
937.98
938.62
939.79
941.08
941.30
941.35
941.39
941.41
941.62
942.01
943.77
945.58
946.62
947.08
949.34
950.53
951.02
951.51
951.74
952.37
952.83
952.94
953.01
953.39
954.08
954.70
954.73
955.13
955.87
955.96
956.05
956.77
957.43
958.21
961.28
961.29
961.32
962.66
962.84
963.27
963.74
964.58
965.94
966.50
967.37
969.27
970.95
971.92
974.08
974.22
974.30
974.61
974.95
974.96
975.19
975.22
976.70
978.02
979.19
979.42
979.64
979.92
980.69
984.18
984.50
985.78
985.85
985.98
986.50
987.55
988.01
988.03
988.33
988.42
992.77
993.77
994.87
995.31
995.77
996.14
998.41
998.72
999.35
999.67
1000.25
1001.21
1001.23
1001.42
1002.77
1003.36
1003.41
1004.84
1005.07
1005.48
1005.69
1005.76
1007.07
1009.15
1009.22
1010.56
1011.03
1011.55
1012.37
1014.05
1014.54
1014.54
1015.80
1016.32
1016.68
1017.75
1019.75
1020.31
1023.07
1024.19
1024.20
1024.39
1025.90
1026.33
1027.23
1028.50
1029.37
1031.91
1031.98
1033.13
1034.90
1035.48
1035.90
1037.36
1038.69
1039.08
1041.14
1042.05
1042.99
1043.29
1044.08
1045.00
1049.42
1051.72
1051.87
1051.94
1053.48
1053.83
1054.03
1054.27
1055.08
1056.85
1057.15
1057.18
1057.20
1058.23
1059.16
1059.60
1059.80
1060.42
1060.80
1061.40
1062.50
1062.66
1063.42
1063.75
1064.42
1065.81
1066.42
1067.84
1068.74
1069.35
1070.53
1071.25
1071.89
1072.39
1072.49
1074.77
1075.26
1075.87
1076.39
1076.82
1076.93
1077.45
1078.87
1080.54
1080.62
1081.16
1083.68
1084.26
1084.70
1085.19
1086.35
1087.21
1087.30
1088.84
1090.10
1090.17
1090.55
1092.42
1092.70
1092.72
1094.41
1094.65
1094.72
1094.86
1095.57
1096.02
1096.32
1096.61
1097.17
1097.50
1098.59
1098.66
1100.38
1100.81
1101.89
1102.03
1103.11
1103.54
1103.58
1103.62
1103.75
1104.01
1104.58
1106.02
1106.53
1107.89
1109.01
1110.55
1111.21
1114.10
1114.93
1116.19
1116.42
1116.42
1117.91
1118.05
1120.04
1120.96
1121.07
1123.79
1123.82
1126.21
1126.94
1127.16
1129.30
1131.50
1131.66
1131.74
1132.23
1134.38
1135.24
1135.39
1136.18
1137.34
1137.60
1137.67
1140.41
1145.26
1146.48
1146.68
1146.95
1147.61
1150.68
1151.87
1152.49
1152.93
1154.89
1155.90
1156.54
1158.64
1160.07
1160.10
1161.05
1162.89
1162.99
1163.11
1165.81
1167.74
1169.44
1170.80
1170.80
1171.31
1171.72
1172.32
1173.86
1173.96
1174.30
1176.10
1178.43
1181.75
1182.50
1184.54
1185.10
1185.86
1186.04
1186.69
1189.03
1189.61
1190.27
1190.33
1191.72
1192.55
1193.29
1193.79
1194.19
1195.86
1196.66
1199.02
1199.66
1201.06
1202.55
1204.70
1204.94
1206.91
1207.14
1207.27
1211.20
1211.32
1212.43
1214.61
1214.86
1214.98
1215.02
1216.81
1217.70
1218.30
1221.29
1221.37
1224.04
1225.51
1225.71
1226.10
1227.45
1228.58
1229.07
1230.34
1230.50
1230.64
1232.32
1233.32
1233.55
1234.34
1235.22
1236.53
1236.61
1237.53
1238.42
1239.34
1240.07
1240.62
1240.92
1241.68
1244.29
1244.65
1245.38
1246.63
1248.10
1249.12
1249.13
1249.85
1250.48
1251.00
1251.41
1252.95
1253.41
1253.98
1254.68
1254.93
1254.98
1255.65
1257.79
1260.03
1260.89
1260.96
1262.95
1265.10
1265.45
1267.15
1267.81
1268.56
1268.96
1269.44
1269.97
1270.68
1271.12
1271.15
1271.75
1276.33
1276.74
1276.87
1276.92
1277.60
1279.05
1279.56
1279.63
1279.68
1280.19
1280.65
1280.92
1285.09
1286.14
1286.48
1287.69
1289.13
1289.25
1290.23
1291.14
1293.06
1293.22
1293.30
1294.07
1294.44
1296.05
1298.88
1299.66
1300.08
1300.12
1301.29
1301.49
1301.85
1302.53
1303.40
1306.00
1307.43
1309.41
1311.72
1312.50
1312.63
1313.03
1313.67
1317.08
1318.35
1319.08
1319.35
1319.88
1320.01
1322.97
1324.21
1324.46
1325.59
1325.69
1326.49
1326.87
1326.94
1327.34
1327.40
1328.12
1328.68
1329.51
1331.37
1336.03
1337.04
1337.27
1337.52
1338.07
1338.08
1338.20
1339.43
1339.81
1339.92
1340.29
1340.34
1340.71
1341.26
1342.45
1342.59
1343.38
1343.47
1345.43
1345.43
1345.65
1346.58
1348.77
1349.06
1349.54
1350.75
1350.91
1351.48
1351.88
1352.17
1352.77
1353.05
1353.46
1354.05
1354.68
1354.73
1355.13
1355.26
1358.45
1359.79
1362.36
1363.03
1364.55
1364.68
1365.93
1366.08
1367.77
1368.63
1368.95
1369.87
1370.54
1371.10
1372.13
1373.26
1373.33
1374.53
1374.70
1375.69
1376.71
1378.02
1378.50
1378.73
1380.06
1382.99
1383.71
1384.80
1385.27
1385.61
1385.84
1386.54
1386.66
1387.46
1387.97
1389.85
1390.55
1391.41
1391.62
1394.49
1394.74
1394.97
1395.91
1400.14
1401.57
1402.66
1404.01
1405.18
1405.44
1406.35
1407.54
1407.92
1407.95
1410.39
1410.45
1412.60
1412.62
1412.94
1414.81
1414.84
1416.02
1418.41
1422.23
1422.87
1424.14
1424.42
1425.59
1425.84
1426.01
1428.17
1428.23
1428.56
1430.43
1430.62
1431.82
1433.36
1434.41
1434.47
1435.47
1435.90
1436.98
1438.72
1439.76
1440.59
1441.57
1442.58
1444.77
1444.94
1445.13
1446.02
1446.04
1446.13
1446.16
1447.09
1447.15
1449.09
1449.61
1449.69
1449.95
1449.97
1450.53
1452.18
1456.04
1456.78
1456.79
1457.00
1457.20
1457.30
1458.89
1459.11
1459.19
1460.06
1460.41
1460.42
1461.12
1462.15
1464.17
1464.54
1464.97
1465.78
1467.08
1467.50
1468.79
1469.44
1469.52
1469.67
1471.10
1471.29
1473.30
1473.47
1473.58
1475.74
1476.07
1478.47
1480.90
1481.88
1483.44
1485.59
1487.33
1489.11
1490.61
1491.48
1491.74
1492.03
1493.00
1493.65
1495.23
1495.25
1495.43
1495.43
1496.51
1496.85
1498.31
1498.99
1499.10
1499.74
1500.03
1501.20
1501.21
1501.93
1502.68
1503.00
1503.41
1504.24
1506.32
1507.61
1507.63
1508.93
1510.11
1510.73
1512.48
1512.59
1513.63
1515.31
1515.33
1515.54
1517.36
1520.24
1521.31
1523.43
1523.80
1523.81
1523.86
1524.36
1524.62
1525.20
1525.58
1528.47
1530.03
1531.93
1533.94
1534.24
1534.50
1534.65
1536.51
1536.56
1537.64
1537.78
1539.27
1539.79
1539.81
1540.01
1541.24
1541.91
1542.61
1543.41
1544.68
1545.21
1546.03
1546.12
1546.18
1546.77
1546.90
1547.47
1548.76
1552.86
1553.97
1554.52
1554.59
1555.46
1555.58
1555.82
1558.50
1558.55
1559.24
1560.40
1560.83
1562.14
1562.62
1563.01
1563.94
1565.32
1565.41
1565.53
1567.24
1567.53
1567.73
1568.90
1568.92
1569.07
1572.22
1572.96
1574.51
1575.81
1576.83
1576.85
1579.15
1579.19
1579.38
1579.77
1580.28
1584.13
1584.29
1587.02
1588.44
1589.42
1593.86
1593.90
1595.81
1595.90
1598.39
1598.87
1599.24
1599.43
1599.51
1600.07
1601.66
1601.99
1603.48
1605.69
1606.52
1606.75
1608.02
1611.87
1612.72
1613.05
1613.87
1614.64
1615.71
1617.49
1618.21
1618.82
1623.24
1623.44
1626.30
1626.56
1626.74
1627.67
1628.26
1630.28
1631.52
1632.58
1632.93
1633.81
1634.11
1635.32
1635.53
1636.89
1638.12
1639.48
1640.37
1641.82
1643.69
1646.91
1648.43
1650.50
1650.89
1651.55
1651.87
1652.03
1653.04
1653.52
1658.18
1661.00
1661.12
1661.18
1663.28
1665.68
1665.69
1666.56
1668.34
1669.30
1669.70
1673.06
1673.70
1673.81
1674.38
1674.42
1676.69
1677.85
1679.37
1679.43
1679.76
1679.97
1682.16
1682.81
1683.41
1683.56
1683.56
1684.96
1686.49
1688.05
1689.32
1690.09
1690.62
1691.30
1691.83
1692.42
1693.64
1693.68
1694.51
1694.93
1695.73
1696.25
1696.30
1697.46
1698.16
1698.65
1700.20
1700.22
1703.09
1703.94
1704.45
1707.31
1707.96
1709.07
1711.09
1716.59
1716.87
1720.26
1722.01
1722.21
1724.02
1724.69
1725.49
1726.35
1726.67
1727.64
1727.72
1729.25
1731.03
1733.71
1734.74
1735.81
1738.12
1738.39
1739.55
1742.12
1742.30
1742.74
1743.36
1743.81
1746.31
1748.76
1751.64
1752.65
1753.01
1753.65
1755.13
1755.57
1756.58
1758.82
1759.83
1761.47
1761.73
1762.99
1763.72
1764.04
1764.69
1766.31
1766.35
1766.70
1767.40
1767.69
1768.32
1768.42
1768.57
1768.61
1768.71
1769.36
1770.77
1772.04
1772.44
1775.51
1776.30
1777.99
1778.59
1779.15
1779.53
1780.84
1785.03
1787.33
1787.54
1788.76
1789.77
1790.19
1790.39
1790.48
1791.01
1791.12
1792.71
1793.49
1794.96
1795.27
1795.43
1796.15
1796.48
1796.71
1797.04
1798.62
1798.77
1800.27
1800.51
1801.01
1801.38
1804.64
1805.32
1805.60
1806.44
1806.54
1808.71
1809.22
1810.43
1812.14
1812.39
1814.20
1815.35
1815.83
1820.39
1821.89
1822.40
1823.60
1824.65
1825.36
1825.48
1826.35
1827.39
1829.89
1829.99
1831.75
1832.19
1836.39
1838.14
1841.69
1843.68
1843.94
1844.18
1844.56
1845.00
1845.98
1846.77
1847.99
1851.30
1856.61
1856.83
1858.98
1859.73
1860.01
1860.49
1861.44
1861.68
1862.14
1864.81
1864.95
1865.45
1865.69
1867.25
1867.37
1867.41
1869.15
1870.77
1871.52
1872.63
1873.24
1873.68
1874.39
1883.50
1883.56
1884.60
1885.46
1887.01
1889.40
1890.50
1891.00
1893.33
1894.09
1895.87
1896.36
1896.43
1897.10
1897.99
1898.79
1899.75
1900.47
1900.90
1901.36
1901.75
1904.42
1904.82
1904.94
1906.53
1907.41
1907.64
1909.81
1909.95
1910.26
1910.57
1911.48
1913.78
1914.46
1915.36
1916.00
1916.72
1918.05
1919.77
1922.62
1923.50
1923.56
1924.70
1925.14
1925.29
1927.02
1927.66
1927.81
1929.67
1931.30
1931.44
1932.19
1935.19
1937.16
1939.55
1942.34
1943.22
1943.64
1944.72
1946.67
1947.01
1947.37
1948.76
1952.09
1957.72
1958.08
1959.78
1960.09
1962.13
1962.15
1963.21
1963.68
1963.98
1964.94
1966.62
1968.25
1970.53
1970.62
1972.50
1973.54
1974.33
1977.95
1978.42
1980.86
1982.06
1984.96
1985.34
1987.04
1987.47
1989.49
1990.33
1992.96
1993.42
1994.02
1994.54
1994.80
1994.82
1997.56
1999.18
2000.61
2002.24
2005.47
2006.57
2006.81
2008.38
2010.88
2011.96
2012.62
2013.01
2014.73
2015.45
2016.89
2017.74
2018.00
2020.87
2021.04
2021.32
2022.62
2022.62
2025.02
2026.27
2027.37
2031.08
2032.16
2034.71
2035.39
2037.29
2038.72
2040.18
2043.58
2043.82
2044.91
2045.66
2046.30
2046.57
2047.14
2048.52
2049.29
2050.96
2051.04
2051.18
2053.13
2054.15
2054.40
2055.00
2057.31
2057.67
2058.56
2060.79
2061.23
2061.77
2063.46
2063.71
2063.98
2070.91
2071.20
2072.19
2073.40
2075.51
2079.20
2079.20
2080.98
2082.53
2084.13
2084.87
2085.93
2086.68
2087.04
2088.42
2089.59
2090.59
2091.36
2091.61
2091.97
2092.47
2092.85
2096.52
2097.23
2098.88
2100.84
2101.82
2102.20
2106.92
2107.76
2109.31
2109.54
2111.66
2112.39
2117.84
2118.28
2120.27
2120.27
2122.06
2122.61
2124.06
2125.03
2127.37
2127.88
2128.43
2132.40
2134.77
2136.34
2136.88
2137.66
2137.92
2139.03
2140.51
2141.23
2141.62
2142.34
2142.97
2143.24
2145.68
2145.84
2148.38
2148.63
2150.07
2150.35
2151.40
2151.47
2152.68
2152.91
2154.26
2154.40
2154.47
2155.34
2155.78
2158.09
2158.16
2161.17
2161.76
2162.30
2162.70
2164.40
2164.61
2165.08
2165.74
2166.40
2167.92
2168.81
2169.96
2170.45
2170.74
2171.14
2171.44
2172.43
2174.29
2176.33
2176.78
2176.99
2177.44
2177.61
2177.98
2178.55
2180.76
2181.59
2181.76
2182.84
2184.42
2185.23
2185.32
2186.25
2186.27
2187.48
2188.61
2189.61
2190.70
2192.07
2192.71
2192.97
2193.61
2195.66
2196.16
2197.11
2197.75
2197.84
2198.08
2199.58
2200.44
2200.48
2201.75
2206.23
2206.52
2207.04
2209.22
2209.74
2210.46
2210.96
2212.16
2214.05
2214.60
2216.71
2219.69
2220.26
2223.58
2225.12
2229.43
2230.86
2233.25
2234.77
2236.03
2236.51
2236.61
2238.01
2238.84
2240.92
2242.06
2242.79
2242.84
2243.57
2243.74
2243.95
2245.51
2245.70
2246.63
2247.77
2249.03
2250.76
2250.88
2252.20
2252.25
2253.25
2255.20
2256.30
2257.37
2257.52
2262.36
2263.78
2264.10
2265.59
2267.60
2268.41
2268.44
2268.61
2268.68
2269.13
2269.18
2269.49
2269.59
2271.66
2273.28
2273.33
2274.83
2276.55
2277.07
2279.44
2279.71
2279.81
2280.30
2280.30
2283.63
2286.45
2288.38
2289.17
2289.82
2290.93
2290.96
2292.84
2292.84
2293.27
2295.23
2295.28
2297.09
2297.11
2297.66
2298.21
2298.41
2298.68
2299.05
2299.08
2302.74
2305.13
2305.76
2306.48
2307.03
2309.68
2310.88
2313.08
2313.73
2314.48
2314.70
2315.53
2315.56
2315.86
2318.06
2319.77
2321.65
2323.56
2326.58
2327.23
2328.47
2328.75
2329.40
2330.84
2330.96
2332.53
2333.49
2334.67
2335.41
2336.04
2338.59
2339.53
2340.29
2341.58
2346.83
2349.24
2350.69
2350.87
2351.86
2355.51
2355.86
2356.68
2359.84
2361.07
2363.29
2363.93
2364.62
2365.06
2365.13
2365.80
2366.90
2367.03
2367.08
2368.26
2369.87
2371.64
2371.69
2371.77
2375.86
2377.86
2378.58
2379.25
2380.38
2380.82
2381.75
2383.30
2384.84
2384.87
2386.52
2389.47
2390.89
2391.59
2391.82
2394.49
2397.00
2398.17
2399.03
2399.16
2399.75
2399.83
2400.09
2401.96
2403.21
2404.53
2406.51
2406.64
2406.85
2409.43
2409.51
2410.40
2412.43
2413.11
2416.30
2416.79
2419.99
2421.45
2422.32
2424.63
2426.70
2428.48
2433.82
2434.14
2436.54
2437.46
2438.78
2438.94
2439.15
2440.05
2440.50
2441.82
2443.22
2443.22
2444.30
2447.29
2447.37
2447.45
2453.92
2454.48
2454.88
2456.26
2457.24
2458.23
2460.86
2461.05
2462.78
2463.58
2465.02
2466.99
2469.05
2469.26
2470.97
2471.29
2472.58
2473.99
2474.37
2477.18
2477.45
2478.84
2480.24
2480.32
2482.07
2482.20
2484.08
2486.90
2487.68
2488.81
2489.97
2490.30
2490.51
2492.10
2492.29
2492.45
2493.15
2494.50
2495.58
2496.34
2496.45
2496.61
2500.10
2501.61
2504.89
2504.89
2505.95
2507.28
2507.33
2508.41
2509.42
2510.97
2514.18
2518.48
2519.49
2519.79
2520.52
2526.12
2526.31
2526.75
2527.08
2528.36
2528.83
2531.89
2532.03
2533.04
2534.69
2535.04
2535.32
2537.54
2538.72
2539.08
2540.48
2541.36
2541.83
2542.24
2544.19
2546.26
2548.02
2551.44
2552.58
2553.49
2555.09
2555.34
2558.00
2558.05
2558.72
2558.74
2561.18
2562.26
2566.23
2568.76
2568.92
2572.79
2573.24
2574.60
2574.85
2575.49
2575.83
2577.67
2579.28
2580.40
2580.54
2582.24
2582.66
2584.56
2585.79
2588.29
2589.55
2589.85
2590.44
2590.89
2592.66
2594.34
2594.65
2595.69
2597.38
2597.94
2600.44
2602.27
2603.06
2603.34
2603.99
2604.52
2605.68
2605.85
2607.20
2607.31
2607.91
2610.79
2611.78
2612.93
2614.55
2614.74
2615.74
2619.87
2620.61
2620.95
2621.37
2621.46
2623.42
2623.53
2624.86
2627.71
2628.64
2631.35
2631.43
2632.54
2632.66
2634.85
2635.88
2635.99
2636.62
2638.22
2639.36
2640.93
2643.08
2643.30
2647.00
2647.28
2649.14
2649.98
2650.98
2651.18
2651.78
2656.46
2660.29
2660.52
2660.58
2660.75
2662.10
2663.08
2663.54
2664.38
2664.41
2665.56
2667.03
2667.61
2667.61
2671.94
2672.35
2672.64
2676.66
2680.54
2680.98
2683.91
2685.10
2685.36
2686.35
2688.68
2689.11
2689.23
2690.36
2690.68
2692.78
2693.16
2695.23
2696.28
2696.46
2697.10
2697.65
2698.06
2699.43
2700.54
2700.78
2706.45
2707.62
2707.77
2708.62
2712.52
2713.72
2718.69
2718.84
2719.40
2721.66
2722.05
2723.61
2723.67
2724.08
2724.43
2726.97
2728.21
2728.74
2728.89
2731.31
2731.58
2733.08
2734.92
2735.39
2735.54
2735.86
2735.92
2736.31
2736.43
2736.52
2737.23
2738.62
2741.20
2741.49
2742.03
2745.09
2747.31
2750.41
2750.82
2751.60
2752.10
2754.01
2754.01
2755.02
2755.32
2755.83
2756.72
2757.23
2758.69
2760.81
2762.25
2764.16
2765.72
2765.78
2766.13
2766.73
2766.73
2767.57
2768.68
2769.49
2769.52
2770.06
2770.33
2771.50
2772.64
2772.82
2774.59
2774.83
2775.85
2776.54
2779.55
2781.29
2782.37
2784.15
2785.21
2785.87
2787.65
2788.10
2788.85
2788.94
2789.91
2790.82
2791.24
2791.87
2792.11
2792.27
2800.59
2801.43
2801.50
2802.31
2804.07
2804.56
2805.47
2806.93
2810.94
2812.34
2814.41
2814.41
2815.05
2815.66
2815.87
2816.84
2816.94
2818.16
2821.18
2822.15
2824.96
2825.48
2826.52
2830.10
2832.58
2835.90
2836.60
2837.62
2837.68
2837.89
2838.05
2840.87
2840.99
2841.36
2845.61
2848.26
2849.09
2849.83
2851.59
2853.72
2856.81
2856.99
2858.79
2864.20
2864.33
2865.66
2866.59
2868.58
2869.48
2869.76
2871.22
2872.27
2873.17
2875.91
2877.00
2877.03
2877.44
2878.46
2879.62
2880.65
2881.55
2882.55
2882.73
2883.51
2883.89
2884.73
2885.36
2887.17
2888.95
2889.89
2890.42
2892.83
2895.74
2896.65
2900.76
2900.88
2900.91
2902.33
2907.29
2907.42
2908.17
2909.71
2911.19
2912.14
2914.22
2921.32
2922.65
2929.46
2931.68
2932.12
2934.12
2935.23
2938.98
2939.36
2940.19
2941.15
2941.43
2944.58
2945.13
2946.50
2946.88
2947.10
2947.17
2947.64
2948.92
2949.49
2950.29
2950.36
2953.52
2955.92
2958.03
2958.99
2959.08
2959.50
2960.37
2965.05
2965.62
2965.72
2966.65
2967.13
2968.35
2971.47
2972.08
2978.13
2980.52
2980.65
2981.90
2985.07
2989.98
2990.53
2991.99
2992.05
2992.31
2993.18
2993.31
2997.50
2999.86
3000.74
3001.19
3001.19
3001.58
3002.75
3002.82
3003.11
3004.25
3006.62
3006.85
3008.93
3011.38
3011.51
3011.86
3012.48
3016.01
3018.13
3018.52
3018.59
3020.87
3022.31
3023.82
3024.47
3026.99
3027.02
3027.88
3030.23
3031.28
3034.20
3035.16
3035.45
3037.32
3040.94
3042.95
3043.67
3046.77
3046.84
3049.41
3049.61
3050.93
3054.33
3054.83
3056.54
3058.63
3060.62
3061.51
3061.71
3062.70
3063.60
3065.52
3067.48
3069.64
3071.16
3072.16
3072.19
3072.26
3074.39
3076.59
3077.28
3078.05
3078.12
3080.22
3081.15
3081.98
3082.02
3082.45
3082.68
3083.82
3083.95
3086.09
3088.96
3092.87
3093.11
3093.14
3093.58
3095.85
3097.96
3098.43
3099.10
3099.30
3100.28
3101.52
3101.65
3102.63
3103.23
3104.81
3106.49
3107.23
3107.40
3108.27
3109.68
3109.95
3111.03
3112.85
3114.53
3115.68
3117.13
3117.87
3117.94
3121.45
3122.09
3124.46
3124.93
3126.92
3127.77
3127.97
3129.09
3133.05
3133.49
3135.05
3135.16
3137.19
3137.40
3139.33
3140.86
3141.27
3143.48
3144.40
3145.59
3146.47
3147.87
3148.45
3149.88
3150.49
3151.41
3152.78
3154.04
3155.00
3157.83
3157.90
3160.43
3160.56
3160.97
3162.86
3165.36
3165.66
3166.04
3166.42
3168.71
3170.15
3170.77
3171.70
3172.18
3173.52
3174.55
3177.02
3177.30
3177.78
3178.29
3180.12
3181.42
3183.53
3186.01
3188.70
3191.15
3191.56
3195.09
3196.23
3196.71
3205.06
3205.33
3205.65
3208.53
3210.68
3212.31
3212.31
3212.87
3213.22
3215.02
3215.55
3219.06
3219.41
3220.67
3223.63
3224.08
3226.42
3227.68
3227.82
3228.17
3228.79
3229.25
3229.63
3230.93
3230.93
3232.60
3232.74
3234.11
3236.10
3242.17
3242.94
3243.78
3245.01
3252.88
3254.26
3255.00
3255.63
3258.20
3259.05
3259.19
3259.83
3259.83
3260.39
3260.99
3262.01
3263.53
3263.53
3266.60
3267.59
3269.19
3272.44
3273.22
3273.96
3275.42
3280.67
3282.73
3283.36
3284.29
3284.89
3288.02
3288.70
3289.87
3290.48
3295.96
3297.89
3298.64
3298.82
3301.60
3302.53
3306.86
3308.11
3308.26
3313.16
3313.38
3314.49
3315.21
3321.09
3322.96
3325.23
3325.41
3328.04
3329.30
3331.50
3332.14
3333.37
3335.57
3336.73
3338.53
3339.18
3340.05
3341.17
3343.56
3343.92
3346.16
3351.02
3354.54
3358.20
3358.64
3361.99
3363.00
3366.39
3369.89
3371.05
3372.51
3373.28
3373.50
3374.27
3375.47
3375.58
3376.49
3376.57
3377.74
3378.25
3379.42
3383.08
3384.32
3384.36
3386.78
3387.11
3390.48
3391.36
3392.39
3393.05
3393.27
3398.23
3398.93
3400.36
3400.69
3402.35
3402.83
3403.49
3403.56
3404.56
3405.29
3406.55
3409.83
3412.15
3412.41
3412.86
3413.08
3413.30
3413.56
3416.22
3418.25
3421.21
3421.32
3421.95
3421.95
3422.29
3423.51
3425.17
3426.03
3426.03
3426.25
3426.88
3429.25
3429.36
3430.66
3434.79
3436.24
3436.50
3438.65
3439.21
3439.44
3439.70
3440.25
3441.26
3442.53
3443.61
3444.20
3445.13
3447.56
3448.27
3455.77
3456.52
3457.53
3462.44
3463.97
3465.17
3466.00
3466.03
3467.83
3468.47
3470.95
3471.66
3472.38
3473.13
3474.33
3477.08
3480.39
3482.01
3482.39
3483.55
3485.06
3486.27
3487.10
3487.40
3487.85
3489.85
3492.20
3492.57
3497.53
3507.84
3512.32
3512.62
3513.53
3515.32
3516.16
3518.48
3519.55
3520.99
3523.85
3525.41
3526.64
3526.86
3531.87
3534.47
3539.17
3540.59
3541.20
3546.03
3548.38
3548.84
3549.76
3550.10
3550.26
3551.56
3552.10
3553.75
3556.56
3557.14
3561.11
3561.95
3565.93
3567.78
3570.37
3570.40
3573.03
3573.77
3574.35
3574.81
3574.81
3574.85
3575.66
3575.93
3577.33
3579.61
3579.76
3580.11
3580.23
3582.44
3584.03
3585.89
3587.44
3589.66
3595.37
3595.91
3596.15
3596.42
3599.69
3601.17
3601.68
3603.04
3603.70
3604.09
3605.19
3608.07
3608.46
3608.70
3608.97
3610.49
3610.96
3612.21
3617.49
3617.92
3618.24
3618.43
3618.94
3619.06
3619.65
3619.69
3620.35
3620.59
3623.72
3623.84
3624.35
3625.41
3627.65
3628.47
3629.33
3629.45
3630.16
3632.28
3635.78
3637.20
3640.03
3640.86
3642.87
3645.75
3650.28
3650.68
3651.79
3652.14
3652.50
3656.37
3656.65
3658.31
3658.47
3660.09
3664.65
3669.73
3673.03
3673.82
3674.30
3676.01
3676.13
3676.92
3677.32
3678.55
3680.66
3682.50
3684.09
3685.09
3686.88
3687.60
3694.07
3694.75
3695.19
3695.39
3697.83
3697.91
3699.95
3700.15
3703.39
3705.12
3705.20
3706.16
3706.56
3707.04
3707.40
3711.38
3714.83
3716.04
3721.35
3722.11
3722.44
3723.68
3724.01
3724.61
3726.63
3726.83
3727.59
3727.63
3728.32
3728.72
3731.43
3731.47
3731.63
3731.87
3732.36
3734.58
3734.58
3735.39
3735.95
3737.17
3739.88
3740.08
3744.05
3745.18
3745.22
3745.87
3747.09
3751.43
3752.24
3753.21
3755.61
3759.35
3761.55
3761.95
3763.74
3766.56
3769.53
3771.86
3772.71
3775.04
3776.84
3779.33
3779.95
3780.81
3781.42
3781.79
3781.83
3783.71
3784.37
3785.35
3788.30
3790.96
3791.09
3791.87
3792.97
3796.22
3796.92
3796.92
3797.98
3802.92
3803.04
3803.08
3803.12
3804.61
3805.35
3807.82
3811.45
3814.50
3814.87
3815.12
3819.17
3819.91
3820.69
3820.69
3821.31
3821.85
3822.68
3823.22
3825.08
3831.21
3837.06
3838.51
3838.59
3841.42
3842.13
3843.33
3844.41
3845.79
3847.62
3848.24
3848.87
3851.24
3851.82
3853.33
3855.41
3856.83
3857.83
3858.79
3859.79
3859.83
3861.38
3865.94
3868.87
3871.67
3874.19
3875.70
3876.20
3876.49
3876.66
3876.79
3877.83
3880.02
3881.28
3882.12
3882.91
3885.65
3888.80
3893.56
3893.64
3897.94
3899.55
3900.09
3904.36
3904.61
3905.08
3905.29
3905.46
3905.58
3905.92
3905.96
3907.95
3911.76
3911.88
3915.15
3915.78
3919.38
3921.97
3926.47
3928.55
3931.36
3931.91
3932.42
3940.01
3940.56
3940.99
3943.42
3945.34
3947.26
3948.92
3951.23
3952.52
3952.73
3953.63
3954.74
3955.25
3955.64
3958.98
3959.06
3960.09
3960.52
3961.51
3965.84
3966.10
3967.60
3969.66
3970.00
3971.89
3974.52
3976.06
3980.67
3980.80
3981.06
3983.13
3986.19
3987.95
3988.90
3989.25
3989.38
3989.64
3990.03
3990.85
3991.19
3993.52
3994.09
3994.95
3994.99
3995.86
3997.03
4004.30
4004.91
4005.73
4008.11
4009.28
4010.33
4011.24
4012.15
4013.28
4013.93
4014.23
4017.32
4017.58
4017.62
4018.75
4019.01
4019.01
4019.45
4019.71
4023.02
4023.54
4024.32
4024.84
4025.11
4029.38
4030.03
4030.12
4033.30
4034.52
4040.60
4041.34
4042.43
4042.61
4044.09
4044.53
4044.71
4044.84
4047.60
4051.45
4053.51
4055.53
4063.17
4063.22
4064.05
4071.93
4076.52
4076.65
4076.87
4077.18
4077.53
4077.97
4078.15
4085.39
4085.66
4086.05
4086.41
4088.35
4089.24
4089.37
4089.73
4089.90
4090.08
4093.71
4093.84
4094.86
4095.97
4098.32
4099.69
4102.58
4104.09
4109.64
4112.00
4113.33
4116.18
4117.88
4119.52
4125.32
4126.48
4127.69
4130.41
4132.11
4132.25
4132.78
4133.54
4134.57
4135.87
4136.09
4136.86
4143.53
4144.52
4149.09
4152.15
4153.49
4153.58
4154.21
4154.98
4157.23
4157.72
4158.53
4158.71
4158.98
4160.47
4161.46
4162.40
4164.70
4165.38
4171.28
4173.99
4175.08
4178.47
4178.56
4180.27
4180.50
4181.36
4182.76
4186.43
4189.60
4191.37
4193.41
4194.77
4195.50
4196.32
4198.22
4199.95
4201.77
4202.77
4204.00
4207.87
4208.68
4211.74
4212.51
4213.20
4214.02
4215.61
4216.98
4217.44
4219.35
4219.54
4219.54
4227.85
4230.55
4230.74
4234.22
4234.95
4237.33
4239.08
4239.21
4251.16
4251.43
4252.12
4252.21
4258.43
4260.13
4260.69
4269.69
4270.56
4271.12
4273.75
4274.91
4276.30
4276.34
4280.14
4281.58
4284.08
4284.87
4284.96
4285.01
4292.20
4295.31
4302.05
4302.47
4304.20
4304.34
4308.44
4309.46
4309.65
4311.51
4311.61
4315.34
4317.21
4319.08
4319.17
4319.50
4322.72
4323.33
4323.43
4324.60
4328.25
4329.28
4329.46
4334.34
4335.18
4335.93
4343.40
4344.10
4345.52
4346.46
4347.87
4349.33
4350.69
4350.88
4350.93
4352.34
4356.11
4358.23
4358.23
4359.64
4360.26
4361.96
4364.79
4365.12
4366.11
4368.38
4368.57
4370.51
4374.95
4377.04
4377.70
4378.41
4378.50
4378.79
4379.88
4380.68
4382.06
4387.90
4389.18
4389.70
4390.13
4391.08
4391.22
4391.98
4392.74
4393.17
4395.45
4395.88
4398.78
4399.88
4399.92
4400.59
4402.88
4404.45
4408.02
4409.36
4412.65
4419.34
4421.02
4422.74
4423.36
4423.46
4423.50
4426.57
4429.68
4431.50
4432.46
4432.51
4434.00
4437.93
4438.46
4439.28
4439.37
4439.57
4439.76
4441.34
4442.59
4443.41
4443.80
4445.77
4446.20
4455.06
4455.45
4456.07
4456.80
4456.99
4457.23
4459.35
4459.79
4459.83
4460.03
4460.75
4460.80
4461.67
4466.21
4466.55
4466.69
4467.66
4471.29
4472.79
4474.04
4474.96
4477.58
4477.63
4480.88
4483.25
4485.24
4486.26
4488.30
4489.27
4489.90
4490.92
4491.70
4492.14
4492.19
4492.77
4493.30
4495.98
4498.51
4498.85
4499.34
4502.31
4503.23
4508.50
4510.64
4512.65
4516.02
4516.55
4517.92
4521.59
4523.20
4526.48
4529.52
4532.32
4533.84
4537.81
4538.35
4539.43
4539.53
4540.22
4541.50
4544.89
4545.04
4546.27
4547.15
4548.82
4549.51
4549.56
4551.53
4553.75
4561.14
4561.98
4562.92
4565.44
4574.04
4577.31
4582.56
4587.08
4588.67
4589.46
4591.20
4591.25
4591.80
4595.82
4596.97
4598.46
4600.65
4603.19
4603.44
4604.13
4604.13
4607.17
4613.56
4613.91
4614.96
4615.31
4615.80
4618.05
4619.05
4620.15
4621.05
4623.25
4623.70
4624.20
4629.91
4629.96
4631.91
4633.37
4633.42
4633.82
4634.92
4635.37
4638.28
4639.79
4640.64
4642.05
4644.21
4644.21
4649.04
4650.65
4652.36
4653.56
4653.61
4656.28
4656.64
4662.08
4664.71
4665.21
4670.72
4671.57
4671.68
4672.59
4673.70
4675.32
4676.38
4677.85
4679.16
4679.42
4679.62
4680.18
4681.49
4684.28
4685.04
4688.33
4689.30
4691.53
4693.31
4695.75
4697.12
4699.20
4703.98
4704.09
4705.51
4706.78
4708.52
4709.28
4710.20
4712.29
4714.28
4716.73
4717.90
4718.67
4718.97
4719.64
4720.71
4721.22
4721.32
4721.53
4722.09
4727.97
4728.89
4729.19
4732.88
4735.90
4741.59
4747.19
4748.52
4750.53
4751.66
4753.92
4756.03
4756.24
4757.88
4759.07
4759.27
4760.46
4766.03
4766.49
4766.64
4770.20
4771.34
4773.15
4774.85
4782.09
4782.66
4783.28
4784.63
4785.51
4793.43
4793.80
4796.18
4796.65
4802.36
4809.59
4811.67
4812.14
4812.98
4814.54
4820.64
4824.55
4824.71
4829.51
4829.98
4831.50
4831.60
4832.12
4832.49
4837.67
4841.54
4842.85
4845.16
4847.42
4848.15
4852.77
4853.40
4855.18
4855.24
4856.29
4856.34
4856.66
4857.13
4857.39
4857.92
4860.23
4861.44
4862.33
4863.07
4865.49
4869.60
4869.86
4870.18
4872.13
4876.24
4876.77
4876.82
4876.98
4877.30
4883.69
4884.06
4887.28
4893.42
4897.87
4901.00
4905.56
4906.20
4906.67
4908.90
4910.39
4916.08
4917.99
4920.98
4925.88
4930.09
4932.86
4933.50
4935.59
4938.31
4940.02
4943.44
4943.92
4948.53
4948.95
4949.38
4953.83
4954.15
4955.81
4961.12
4962.84
4964.62
4966.71
4967.25
4967.73
4970.69
4970.96
4971.55
4973.32
4974.56
4975.15
4978.39
4979.84
4980.06
4980.70
4981.46
4981.78
4984.21
4985.55
4992.25
4992.36
4993.87
4994.35
4996.57
5001.38
5001.49
5001.76
5003.77
5005.88
5006.80
5008.80
5009.24
5009.35
5016.78
5023.62
5024.98
5030.96
5031.40
5032.87
5036.68
5039.19
5041.48
5041.59
5041.70
5042.90
5043.55
5045.63
5046.34
5048.96
5049.51
5049.67
5049.78
5050.33
5051.31
5054.15
5054.15
5059.84
5061.59
5062.91
5063.24
5064.33
5067.90
5069.60
5070.97
5071.35
5071.41
5071.79
5075.19
5077.28
5079.37
5082.56
5083.22
5086.57
5086.68
5086.90
5087.34
5089.00
5089.22
5089.77
5091.86
5093.07
5096.38
5096.77
5097.76
5099.41
5099.52
5102.23
5103.22
5106.70
5107.14
5109.96
5111.29
5111.57
5115.55
5117.38
5121.36
5121.92
5123.19
5127.63
5128.52
5129.74
5130.29
5131.68
5131.74
5132.85
5134.40
5136.68
5136.85
5139.91
5140.63
5140.85
5141.02
5141.52
5142.19
5145.92
5145.97
5146.31
5150.20
5150.20
5154.11
5154.89
5155.28
5155.95
5156.67
5162.98
5168.18
5168.18
5170.25
5171.76
5172.32
5173.49
5174.45
5175.51
5177.86
5178.59
5182.91
5183.64
5186.22
5187.34
5187.96
5191.83
5197.51
5201.90
5202.74
5203.19
5204.03
5205.33
5205.50
5207.53
5208.32
5210.40
5211.70
5213.22
5222.37
5222.42
5222.65
5224.06
5225.64
5228.25
5230.85
5233.85
5233.85
5234.08
5234.98
5236.74
5238.44
5238.67
5239.06
5240.03
5243.03
5244.96
5249.50
5251.83
5252.68
5257.40
5258.94
5259.45
5262.07
5263.15
5263.44
5266.06
5270.85
5275.24
5275.87
5277.75
5278.55
5278.95
5281.06
5281.35
5282.66
5284.15
5284.44
5287.07
5287.64
5287.81
5288.61
5289.41
5291.93
5292.10
5294.45
5295.65
5301.33
5301.50
5304.08
5306.67
5307.01
5308.50
5308.73
5309.88
5310.23
5312.47
5313.33
5315.80
5317.30
5317.41
5318.11
5319.37
5320.81
5320.87
5321.90
5321.96
5322.31
5326.86
5328.53
5330.38
5330.72
5336.20
5338.40
5340.13
5343.95
5345.51
5347.47
5347.88
5350.19
5351.35
5356.74
5357.09
5360.10
5360.97
5363.41
5367.53
5368.05
5368.11
5371.02
5372.35
5373.17
5376.48
5377.35
5380.44
5381.20
5382.19
5382.83
5383.41
5385.04
5386.21
5389.82
5392.68
5393.44
5393.85
5394.25
5395.89
5396.47
5397.23
5397.35
5398.34
5398.46
5399.51
5402.31
5404.83
5410.80
5412.14
5414.95
5415.13
5416.89
5421.11
5421.23
5421.64
5421.76
5422.58
5423.10
5425.28
5427.21
5427.98
5428.98
5429.33
5429.80
5430.33
5433.91
5436.68
5439.91
5443.27
5445.27
5447.04
5447.57
5450.52
5450.52
5451.17
5452.35
5453.11
5453.41
5459.07
5459.84
5461.85
5464.63
5470.49
5474.69
5475.22
5475.52
5477.30
5477.53
5477.95
5477.95
5478.36
5478.42
5480.44
5484.95
5486.19
5487.56
5489.22
5489.70
5490.59
5495.22
5495.70
5496.06
5497.60
5500.10
5501.17
5502.42
5505.46
5506.12
5506.77
5507.01
5507.61
5508.02
5508.50
5510.11
5510.65
5512.55
5513.63
5523.72
5524.20
5529.64
5532.99
5534.01
5536.94
5538.08
5538.80
5544.56
5547.14
5549.54
5549.72
5551.10
5553.50
5560.12
5561.14
5564.21
5565.11
5567.16
5570.47
5571.44
5571.80
5575.54
5576.38
5576.56
5576.86
5579.64
5580.79
5582.72
5583.63
5584.65
5584.96
5588.16
5588.64
5591.12
5591.61
5592.64
5593.30
5593.66
5593.79
5594.21
5596.27
5605.18
5605.24
5605.96
5607.84
5608.09
5616.28
5616.35
5618.05
5620.60
5625.10
5627.23
5629.79
5636.13
5638.33
5643.82
5645.41
5648.58
5654.52
5656.35
5656.35
5658.68
5660.15
5662.90
5663.64
5671.61
5671.86
5672.04
5672.59
5679.16
5680.45
5684.76
5684.82
5685.19
5689.62
5700.34
5703.30
5705.59
5705.96
5709.72
5710.96
5711.08
5711.58
5714.17
5714.17
5715.41
5719.68
5721.78
5723.76
5723.95
5724.26
5724.82
5725.87
5727.30
5729.71
5731.26
5733.31
5733.93
5738.65
5740.07
5742.81
5744.98
5746.10
5746.23
5746.23
5751.51
5756.81
5757.18
5761.92
5763.79
5765.72
5767.09
5769.59
5770.40
5770.71
5772.96
5773.84
5774.84
5776.65
5777.40
5777.65
5782.34
5784.47
5784.72
5789.66
5792.36
5792.86
5794.11
5796.06
5797.37
5797.87
5799.07
5801.51
5802.64
5803.27
5805.47
5806.04
5806.35
5810.81
5812.45
5814.59
5817.23
5817.54
5818.05
5818.24
5822.27
5823.53
5828.38
5830.52
5831.97
5832.29
5832.61
5837.72
5841.64
5844.80
5846.19
5848.21
5848.53
5849.54
5851.13
5852.71
5854.55
5855.94
5858.98
5860.69
5863.55
5867.29
5867.74
5867.99
5870.72
5871.80
5875.87
5877.08
5877.39
5878.41
5886.43
5886.94
5891.91
5892.10
5892.74
5892.87
5894.14
5898.93
5899.95
5902.63
5903.97
5904.23
5910.11
5911.51
5916.19
5916.83
5918.55
5920.99
5921.63
5922.27
5923.94
5924.26
5929.13
5929.26
5931.89
5936.38
5938.95
5942.68
5945.25
5949.44
5953.49
5956.52
5958.71
5960.07
5961.94
5968.00
5972.40
5972.46
5978.28
5978.99
5979.06
5979.51
5980.29
5983.33
5985.46
5986.95
5987.47
5987.80
5988.51
5989.74
5990.97
5991.17
5992.27
5992.59
6002.39
6003.37
6004.86
6009.47
6009.86
6009.93
6011.17
6013.18
6013.90
6016.31
6025.56
6025.88
6026.27
6026.66
6031.30
6032.80
6033.52
6042.33
6042.79
6044.62
6047.57
6048.61
6048.68
6055.16
6055.36
6059.75
6061.59
6062.83
6065.65
6065.78
6066.77
6066.90
6069.59
6071.37
6072.75
6073.01
6073.99
6074.45
6074.65
6074.98
6077.08
6078.07
6080.31
6082.74
6083.14
6085.90
6087.75
6089.46
6091.63
6091.90
6094.01
6097.50
6097.83
6107.74
6110.18
6114.61
6115.74
6115.80
6116.80
6118.19
6121.36
6122.95
6123.02
6126.40
6127.66
6130.91
6131.04
6134.23
6139.54
6140.00
6142.40
6143.19
6144.39
6145.12
6145.39
6145.52
6146.85
6147.78
6149.31
6153.64
6159.23
6160.57
6161.43
6166.10
6168.10
6168.70
6170.31
6176.32
6179.59
6180.86
6181.93
6182.40
6183.14
6185.21
6186.08
6188.49
6189.83
6194.52
6195.19
6201.03
6205.39
6207.94
6208.28
6211.03
6212.37
6215.27
6215.94
6217.35
6217.75
6220.04
6223.41
6228.80
6229.74
6231.16
6231.16
6232.37
6232.64
6233.11
6233.92
6239.93
6241.55
6243.30
6244.05
6244.65
6246.75
6252.43
6253.44
6253.92
6253.99
6254.66
6257.30
6259.27
6259.74
6261.70
6262.31
6269.50
6269.57
6271.47
6272.49
6273.50
6274.93
6276.56
6277.31
6277.58
6282.40
6284.71
6284.85
6284.92
6285.53
6285.67
6286.41
6286.89
6289.00
6290.77
6293.42
6294.58
6296.08
6300.24
6303.03
6303.71
6305.28
6308.01
6312.11
6312.38
6312.52
6314.57
6315.87
6316.76
6317.23
6317.64
6319.15
6319.90
6320.45
6324.07
6326.06
6326.81
6329.14
6329.75
6330.44
6330.51
6332.08
6335.78
6336.26
6340.93
6342.16
6343.40
6343.74
6345.18
6347.38
6348.07
6351.71
6351.98
6353.36
6353.77
6354.66
6356.25
6359.82
6361.89
6362.58
6362.71
6364.02
6364.64
6365.47
6366.91
6368.09
6369.33
6370.98
6371.60
6383.26
6384.50
6385.68
6386.23
6390.17
6392.52
6393.63
6400.83
6401.45
6405.47
6405.75
6405.89
6406.58
6408.31
6411.43
6411.78
6412.13
6413.93
6414.07
6416.43
6418.86
6419.07
6423.45
6425.04
6425.95
6426.09
6428.87
6431.72
6431.79
6435.27
6438.82
6439.73
6440.15
6440.15
6440.57
6441.19
6444.96
6445.10
6448.10
6448.44
6455.43
6456.89
6457.59
6458.01
6459.41
6459.62
6459.76
6466.75
6466.89
6467.94
6472.84
6473.40
6480.13
6484.34
6485.32
6486.09
6490.65
6496.49
6498.81
6507.32
6509.29
6509.50
6511.05
6511.05
6511.33
6512.88
6513.02
6513.73
6518.52
6519.02
6519.44
6520.01
6520.29
6521.42
6521.63
6522.19
6524.31
6525.02
6529.18
6535.26
6538.80
6539.15
6541.06
6541.06
6541.27
6542.62
6546.87
6548.21
6550.76
6556.58
6556.93
6559.28
6560.55
6561.26
6562.40
6563.82
6563.89
6569.15
6569.86
6570.64
6571.64
6578.11
6578.39
6579.96
6587.37
6587.65
6598.28
6598.71
6600.07
6600.21
6600.28
6600.28
6602.64
6609.57
6614.51
6615.37
6616.73
6618.52
6618.52
6620.31
6621.67
6624.46
6626.54
6628.69
6629.05
6630.49
6631.71
6636.16
6637.23
6638.81
6640.54
6643.84
6645.93
6646.29
6650.75
6651.11
6658.09
6660.61
6661.12
6670.57
6672.95
6673.67
6679.09
6685.16
6686.25
6687.69
6689.58
6692.76
6697.33
6697.54
6700.08
6704.43
6705.59
6707.99
6711.03
6714.88
6715.39
6716.34
6716.63
6716.99
6717.06
6721.43
6729.65
6732.56
6733.80
6736.13
6740.07
6744.74
6745.18
6746.13
6746.78
6748.39
6748.68
6749.78
6751.67
6752.92
6754.09
6761.98
6765.93
6767.25
6780.89
6781.84
6784.85
6789.55
6790.43
6791.02
6792.12
6792.71
6793.15
6794.62
6798.81
6800.21
6801.61
6807.50
6810.96
6811.70
6819.22
6819.88
6821.73
6823.06
6823.65
6828.45
6830.89
6832.29
6834.36
6835.62
6838.95
6839.98
6840.13
6840.35
6841.24
6849.39
6849.83
6850.13
6850.57
6852.06
6855.54
6856.43
6856.80
6859.47
6859.92
6867.49
6869.80
6870.54
6870.99
6872.47
6873.07
6874.93
6876.49
6878.95
6880.81
6884.23
6885.42
6888.41
6893.92
6896.16
6898.77
6902.43
6907.14
6909.08
6910.50
6912.75
6926.75
6929.59
6932.14
6933.57
6938.00
6938.22
6939.87
6940.55
6941.60
6941.75
6942.20
6942.35
6947.01
6951.22
6953.55
6954.38
6955.36
6958.37
6961.23
6963.12
6964.02
6973.44
6974.20
6974.35
6982.58
6983.86
6984.24
6984.62
6986.21
6986.81
6992.03
6992.41
6993.85
7000.28
7001.11
7001.87
7008.62
7008.77
7009.07
7009.98
7013.17
7015.45
7018.94
7019.55
7020.15
7024.33
7027.07
7038.03
7044.73
7045.42
7046.33
7047.17
7047.17
7047.63
7049.61
7050.45
7053.27
7056.17
7061.44
7061.75
7062.13
7063.74
7064.19
7064.27
7069.62
7070.69
7071.54
7071.69
7074.60
7075.59
7083.10
7086.24
7089.31
7090.38
7093.07
7097.67
7097.90
7099.29
7112.13
7115.20
7115.97
7117.21
7118.67
7119.06
7120.90
7123.60
7128.46
7129.54
7131.70
7140.66
7140.96
7146.37
7147.46
7152.56
7153.96
7155.97
7156.12
7158.22
7159.61
7160.07
7163.79
7166.12
7166.58
7167.52
7169.22
7170.54
7170.85
7172.87
7173.18
7173.88
7178.85
7179.08
7179.70
7183.28
7184.75
7186.93
7193.85
7194.79
7197.05
7197.43
7204.06
7206.94
7209.59
7214.43
7215.91
7216.77
7219.35
7229.51
7230.06
7231.70
7233.82
7241.33
7249.25
7251.06
7251.37
7253.80
7255.92
7256.00
7256.24
7258.12
7259.77
7265.58
7267.63
7268.57
7271.25
7273.29
7275.97
7276.99
7279.59
7281.64
7281.95
7282.66
7288.10
7288.65
7289.13
7295.28
7295.52
7296.07
7296.78
7297.81
7298.60
7299.31
7301.44
7305.15
7306.74
7325.58
7330.25
7331.21
7333.51
7334.06
7338.03
7338.19
7338.98
7343.91
7347.72
7348.68
7349.15
7349.47
7349.71
7351.14
7352.81
7353.37
7353.93
7354.56
7354.64
7358.94
7360.61
7370.42
7378.87
7381.91
7390.06
7390.62
7390.86
7391.26
7392.22
7395.82
7397.98
7403.98
7404.39
7408.79
7411.28
7411.44
7414.41
7421.87
7426.21
7427.49
7427.98
7429.42
7431.75
7433.20
7433.93
7434.81
7436.74
7437.22
7442.46
7447.45
7448.34
7448.50
7449.55
7450.27
7451.88
7457.53
7461.57
7467.14
7468.75
7469.16
7472.88
7473.52
7475.14
7479.51
7481.61
7489.39
7490.04
7494.58
7494.82
7500.91
7502.61
7504.07
7504.96
7507.81
7516.59
7517.40
7518.13
7518.37
7522.52
7522.93
7523.01
7524.64
7525.62
7526.03
7526.92
7527.49
7531.65
7536.62
7537.35
7537.84
7539.88
7541.84
7544.29
7544.86
7545.76
7547.96
7554.09
7554.17
7554.33
7556.30
7557.44
7558.18
7558.50
7559.98
7564.72
7565.05
7571.93
7573.73
7574.96
7575.21
7577.42
7581.60
7582.83
7584.39
7584.88
7585.13
7585.29
7587.10
7588.33
7590.06
7590.88
7591.70
7592.85
7594.25
7595.72
7598.27
7600.41
7602.80
7603.45
7604.28
7607.40
7609.79
7611.93
7616.79
7617.45
7623.14
7624.87
7627.60
7628.67
7631.23
7633.79
7635.03
7635.36
7635.94
7638.91
7642.38
7642.38
7644.45
7644.95
7647.43
7651.48
7653.22
7653.89
7654.63
7655.96
7663.66
7663.91
7664.74
7665.41
7669.06
7671.30
7680.02
7682.43
7682.68
7685.75
7687.50
7688.83
7689.74
7690.74
7694.74
7696.99
7698.90
7699.90
7700.15
7700.24
7701.07
7701.24
7702.07
7703.99
7707.82
7708.74
7714.33
7722.93
7723.26
7724.69
7724.94
7727.61
7728.03
7728.61
7730.45
7731.46
7731.79
7731.88
7735.73
7735.81
7748.29
7753.41
7754.08
7754.33
7754.66
7755.50
7763.65
7764.57
7765.75
7767.60
7767.68
7772.64
7774.32
7775.75
7778.95
7779.62
7781.64
7782.32
7784.34
7784.59
7793.19
7806.44
7809.39
7813.87
7814.72
7819.29
7821.49
7822.16
7827.33
7828.94
7833.85
7833.94
7835.46
7838.09
7838.35
7840.38
7842.25
7844.71
7845.05
7846.07
7852.61
7854.48
7855.33
7857.79
7859.41
7864.17
7864.85
7866.47
7868.34
7871.32
7872.09
7874.39
7882.57
7884.87
7889.99
7890.51
7891.96
7893.49
7898.96
7903.07
7903.84
7904.78
7906.74
7908.28
7909.57
7911.28
7911.88
7913.16
7914.62
7918.13
7918.64
7918.82
7919.84
7922.07
7924.39
7924.99
7926.62
7929.96
7934.94
7936.06
7938.80
7939.23
7941.55
7949.12
7956.26
7956.69
7957.47
7957.81
7958.07
7958.41
7959.10
7962.12
7964.87
7966.86
7967.03
7968.92
7971.34
7973.32
7973.50
7976.60
7977.38
7982.47
7983.42
7987.14
7987.40
7988.35
7995.53
7996.56
8001.06
8003.23
8006.52
8012.15
8012.24
8013.89
8014.93
8018.22
8020.91
8021.09
8024.12
8024.30
8024.56
8026.38
8027.25
8033.16
8036.11
8041.33
8049.69
8050.39
8050.65
8063.03
8064.60
8065.64
8065.64
8075.42
8076.56
8078.31
8081.98
8082.07
8084.60
8086.53
8088.10
8090.64
8093.18
8093.36
8094.32
8102.03
8105.27
8107.38
8110.63
8118.53
8119.67
8121.95
8122.22
8127.84
8128.11
8136.38
8137.52
8141.75
8142.46
8146.51
8147.39
8150.39
8151.53
8151.98
8153.39
8155.77
8156.83
8159.56
8159.65
8159.92
8163.36
8166.54
8178.04
8181.05
8182.46
8184.85
8184.94
8186.09
8188.93
8190.43
8190.79
8191.14
8194.07
8199.30
8200.72
8201.16
8204.27
8204.71
8204.89
8205.07
8206.40
8208.62
8208.62
8208.89
8208.98
8212.00
8213.60
8217.77
8218.57
8221.60
8222.84
8227.12
8229.25
8233.08
8233.53
8234.69
8234.77
8235.40
8237.36
8239.32
8253.33
8255.56
8257.79
8259.49
8266.91
8267.54
8268.88
8269.33
8270.40
8272.64
8274.07
8284.10
8286.79
8287.15
8292.35
8300.70
8301.51
8311.13
8311.22
8311.40
8314.01
8316.07
8316.43
8316.43
8317.06
8318.14
8318.77
8319.40
8322.74
8326.70
8328.77
8340.49
8343.11
8345.46
8346.36
8347.45
8353.32
8360.55
8362.99
8364.90
8370.15
8377.49
8378.03
8378.30
8378.66
8381.84
8381.93
8383.74
8391.00
8394.27
8395.27
8397.54
8397.72
8398.36
8398.63
8399.81
8399.90
8400.45
8402.09
8404.72
8405.72
8408.09
8414.82
8415.10
8415.73
8416.28
8417.10
8421.84
8422.11
8423.29
8424.66
8425.12
8428.22
8429.95
8430.13
8433.60
8435.15
8435.33
8435.42
8435.88
8438.53
8441.27
8441.45
8445.20
8446.29
8449.86
8451.50
8451.96
8455.44
8457.81
8460.10
8463.22
8463.76
8464.50
8466.33
8466.42
8469.63
8475.59
8477.05
8481.00
8483.02
8483.57
8487.98
8490.09
8493.12
8497.26
8498.64
8501.03
8501.21
8503.42
8505.26
8508.39
8509.31
8510.32
8511.98
8512.07
8513.08
8514.01
8516.86
8517.60
8518.34
8518.89
8527.37
8527.93
8528.57
8529.86
8529.96
8530.70
8532.36
8534.39
8534.67
8535.40
8541.22
8547.88
8548.90
8548.90
8549.36
8554.82
8555.28
8556.02
8556.67
8566.86
8570.29
8573.07
8573.07
8573.91
8574.09
8574.09
8577.62
8582.35
8590.44
8590.72
8592.95
8593.97
8602.90
8603.27
8604.95
8609.33
8609.79
8611.00
8615.01
8615.29
8617.99
8620.98
8621.91
8626.30
8627.51
8628.16
8635.92
8636.85
8638.06
8648.63
8662.96
8665.77
8670.46
8674.78
8678.53
8679.38
8679.85
8683.98
8685.86
8686.43
8687.46
8692.35
8692.35
8692.91
8694.23
8695.36
8697.99
8701.76
8704.11
8709.20
8710.05
8716.46
8716.93
8720.52
8724.86
8725.33
8725.52
8725.71
8730.62
8732.79
8733.45
8733.73
8737.42
8739.22
8740.83
8740.92
8742.24
8749.06
8754.93
8755.69
8757.77
8758.05
8758.62
8760.80
8761.56
8762.51
8763.84
8764.31
8765.73
8767.82
8771.05
8772.28
8773.32
8773.70
8778.93
8779.88
8780.83
8781.87
8782.35
8782.82
8783.20
8783.96
8784.06
8784.25
8794.61
8803.47
8806.33
8807.18
8810.52
8813.86
8814.43
8816.34
8818.05
8820.72
8823.78
8825.21
8827.98
8828.65
8829.03
8829.32
8832.66
8832.85
8837.16
8840.12
8840.69
8842.51
8844.43
8845.86
8851.70
8855.15
8858.70
8860.04
8871.45
8872.22
8873.85
8875.29
8889.23
8889.32
8894.04
8895.29
8895.29
8896.35
8899.43
8902.03
8904.63
8905.21
8907.52
8907.62
8907.71
8909.35
8909.83
8912.24
8913.30
8914.75
8916.01
8916.10
8916.20
8918.61
8924.31
8929.62
8932.03
8933.19
8933.97
8934.84
8937.54
8948.28
8950.51
8958.36
8961.95
8962.63
8963.40
8963.50
8963.60
8964.66
8965.63
8966.80
8967.38
8969.42
8970.39
8983.30
8985.83
8986.03
8988.65
8990.60
8994.98
8995.17
9004.42
9005.30
9005.30
9005.79
9009.10
9014.66
9019.53
9020.51
9021.00
9022.37
9024.51
9026.95
9027.44
9027.93
9030.37
9033.01
9033.70
9035.16
9038.29
9042.50
9042.89
9046.12
9047.88
9048.37
9049.15
9049.64
9052.09
9053.76
9055.72
9057.48
9061.50
9064.24
9065.81
9071.01
9072.78
9077.39
9080.05
9081.42
9088.60
9089.58
9091.16
9098.24
9098.44
9101.79
9111.24
9112.53
9114.60
9117.36
9118.44
9118.44
9121.01
9124.56
9125.06
9127.13
9128.41
9143.44
9144.53
9144.82
9145.02
9145.22
9146.90
9152.35
9152.45
9159.68
9159.78
9161.96
9163.34
9167.11
9171.08
9171.58
9171.78
9176.34
9183.00
9186.47
9191.45
9193.14
9196.02
9196.42
9197.02
9198.81
9200.60
9201.20
9203.29
9207.77
9208.27
9213.75
9214.95
9217.54
9224.22
9225.02
9225.12
9228.62
9233.61
9245.21
9246.21
9246.71
9250.81
9251.21
9256.62
9256.72
9259.22
9262.73
9264.93
9272.05
9275.77
9276.47
9279.78
9279.98
9280.99
9283.50
9285.51
9286.51
9288.02
9292.44
9294.55
9297.37
9298.37
9299.28
9304.31
9304.41
9306.43
9309.45
9309.75
9311.06
9311.56
9318.92
9323.26
9328.20
9333.55
9337.49
9338.91
9340.02
9343.56
9344.77
9345.78
9352.76
9360.56
9361.77
9362.58
9364.10
9365.62
9367.65
9373.63
9375.56
9376.47
9380.22
9388.75
9416.53
9417.34
9419.89
9421.21
9422.85
9427.03
9430.60
9431.11
9433.05
9439.17
9448.27
9448.47
9454.71
9457.27
9457.98
9458.60
9467.81
9468.32
9468.73
9471.40
9475.81
9479.50
9484.93
9488.63
9490.48
9494.38
9500.65
9500.75
9501.27
9505.48
9512.27
9512.89
9513.30
9513.30
9513.40
9516.39
9530.92
9534.01
9535.97
9537.21
9548.47
9549.19
9552.50
9555.70
9556.63
9557.46
9560.98
9562.22
9563.25
9563.87
9564.60
9567.08
9567.70
9570.70
9576.30
9578.27
9578.89
9579.82
9580.86
9584.59
9587.29
9588.64
9596.52
9596.63
9603.38
9603.90
9604.21
9607.02
9608.26
9610.66
9612.84
9614.61
9615.44
9626.37
9627.10
9629.18
9634.18
9635.44
9636.06
9637.10
9638.46
9638.56
9643.78
9645.66
9650.56
9651.61
9653.38
9655.58
9661.64
9662.89
9664.98
9665.61
9667.39
9669.59
9670.95
9679.43
9682.88
9684.25
9688.02
9688.02
9690.32
9691.27
9692.53
9694.31
9701.13
9701.23
9703.23
9712.47
9713.42
9723.51
9725.30
9726.35
9726.88
9734.04
9735.83
9739.62
9740.68
9745.21
9751.75
9753.75
9757.87
9759.77
9761.67
9761.88
9774.78
9777.85
9780.60
9781.23
9782.40
9787.58
9787.58
9800.62
9814.31
9814.52
9814.84
9816.54
9816.64
9821.42
9823.87
9831.20
9831.31
9832.16
9833.76
9834.40
9834.82
9838.97
9843.55
9848.56
9851.12
9854.31
9854.42
9858.37
9858.47
9861.78
9864.77
9873.31
9875.13
9879.51
9881.11
9882.40
9883.79
9885.71
9886.89
9891.92
9893.52
9893.52
9899.73
9902.20
9912.70
9914.63
9919.89
9927.30
9929.02
9931.17
9931.17
9931.60
9938.80
9941.60
9944.18
9944.61
9949.56
9951.71
9953.00
9963.56
9964.75
9967.01
9967.88
9970.79
9972.51
9974.46
9974.56
9978.88
9981.04
9982.99
9983.53
9987.20
9988.17
9991.20
9998.55
9998.99
10001.04
10014.68
10015.88
10016.20
10018.91
10022.38
10027.04
10028.02
10028.46
10033.12
10034.10
10034.21
10037.57
10038.33
10040.51
10045.40
10048.22
10048.44
10051.48
10053.33
10055.29
10058.77
10062.15
10069.23
10072.50
10073.59
10073.91
10074.35
10075.55
10081.11
10081.22
10082.20
10087.44
10088.64
10088.75
10091.37
10092.02
10102.73
10104.15
10106.56
10108.31
10110.17
10120.56
10120.67
10124.72
10128.89
10129.77
10132.73
10132.73
10134.92
10138.21
10139.63
10146.22
10153.58
10154.79
10156.10
10157.53
10158.08
10162.26
10165.78
10167.43
10169.19
10169.30
10170.40
10171.39
10171.83
10173.92
10173.92
10177.33
10179.87
10195.30
10196.62
10202.14
10204.13
10206.67
10207.88
10210.20
10217.83
10221.59
10221.70
10228.00
10235.31
10235.97
10238.63
10240.85
10244.73
10247.28
10248.83
10250.05
10252.27
10254.71
10256.59
10259.37
10260.92
10265.70
10270.70
10275.81
10282.71
10284.04
10285.71
10288.16
10292.50
10295.84
10296.07
10297.29
10312.34
10312.79
10313.01
10321.27
10325.18
10332.34
10332.34
10340.84
10341.95
10345.31
10345.42
10359.43
10377.04
10377.82
10378.27
10380.74
10383.21
10387.04
10388.50
10389.28
10392.09
10392.32
10392.54
10392.99
10393.33
10394.23
10399.40
10399.40
10403.12
10405.60
10405.71
10425.32
10427.46
10431.18
10433.22
10438.07
10439.65
10441.80
10444.40
10445.75
10447.79
10450.39
10456.84
10478.24
10478.92
10482.66
10484.48
10488.34
10489.47
10492.42
10494.01
10496.17
10496.62
10497.19
10497.19
10497.65
10499.24
10501.74
10502.87
10502.98
10504.01
10507.19
10514.70
10517.65
10523.92
10524.03
10525.05
10526.65
10531.78
10532.69
10536.45
10537.59
10540.33
10541.69
10543.18
10546.14
10546.37
10546.49
10546.71
10549.68
10550.48
10551.28
10555.96
10556.99
10557.90
10559.04
10562.70
10573.56
10576.42
10577.23
10583.06
10585.35
10588.68
10592.46
10597.62
10599.57
10603.58
10607.37
10612.99
10615.63
10618.85
10619.77
10620.11
10621.26
10621.61
10626.78
10630.23
10630.58
10633.45
10637.82
10648.42
10654.30
10654.99
10656.95
10658.22
10666.18
10667.10
10668.14
10672.76
10675.41
10676.34
10677.15
10681.19
10684.08
10688.01
10695.30
10699.23
10699.35
10703.75
10704.10
10707.69
10708.96
10715.80
10721.02
10724.73
10729.14
10738.08
10749.01
10750.87
10751.22
10754.60
10759.13
10759.48
10761.70
10763.79
10777.66
10780.11
10780.23
10786.64
10797.50
10800.54
10809.89
10810.01
10810.48
10810.71
10811.41
10819.61
10829.79
10835.19
10836.48
10837.41
10838.23
10839.76
10844.80
10845.51
10854.19
10857.72
10859.01
10859.60
10861.48
10862.77
10863.12
10863.83
10869.36
10869.83
10873.12
10874.53
10876.06
10881.59
10882.06
10885.36
10885.48
10886.42
10886.54
10887.25
10895.02
10898.44
10902.22
10904.58
10905.40
10912.84
10913.31
10913.66
10914.49
10916.03
10919.45
10922.05
10925.83
10926.42
10927.37
10929.38
10930.92
10934.47
10937.07
10937.78
10941.09
10942.28
10944.29
10949.86
10950.21
10951.16
10954.12
10963.61
10963.85
10964.68
10968.24
10971.20
10971.56
10975.95
10986.05
10990.21
11001.04
11001.52
11008.18
11016.29
11016.64
11017.00
11021.41
11029.05
11034.42
11034.78
11039.08
11040.39
11046.96
11047.32
11050.19
11053.78
11063.11
11065.74
11066.58
11071.37
11074.37
11079.88
11086.60
11088.63
11089.47
11090.07
11092.59
11094.52
11098.72
11107.37
11118.31
11120.59
11120.96
11121.68
11124.93
11128.66
11129.38
11130.22
11131.07
11134.56
11134.80
11140.71
11142.51
11143.72
11145.41
11167.86
11179.23
11191.57
11192.66
11197.75
11199.44
11201.62
11203.93
11208.90
11209.02
11209.75
11212.90
11215.09
11227.47
11230.75
11235.61
11237.44
11240.23
11240.23
11242.66
11243.64
11244.73
11246.31
11248.51
11250.70
11255.57
11261.41
11262.02
11263.61
11267.87
11269.58
11270.31
11271.29
11272.26
11274.34
11275.43
11275.80
11281.54
11282.63
11300.59
11302.18
11305.49
11310.62
11311.60
11313.56
11316.87
11317.11
11323.85
11326.79
11328.38
11329.73
11331.69
11331.94
11332.06
11333.66
11337.83
11343.35
11343.84
11345.56
11345.68
11345.68
11346.05
11347.89
11354.40
11361.16
11368.04
11368.17
11369.89
11372.10
11372.23
11372.23
11378.63
11380.97
11394.27
11398.09
11415.99
11423.16
11427.24
11433.42
11435.65
11444.81
11445.43
11449.02
11459.68
11465.13
11466.50
11469.60
11471.71
11477.54
11478.04
11478.91
11480.28
11480.53
11489.22
11495.32
11498.18
11498.43
11505.77
11512.49
11514.11
11526.83
11531.82
11537.56
11544.43
11545.92
11546.67
11548.92
11551.30
11551.30
11551.67
11553.17
11553.80
11554.55
11558.30
11559.67
11560.43
11560.80
11562.55
11563.43
11565.43
11570.94
11577.57
11580.96
11581.96
11591.49
11600.77
11606.30
11613.46
11619.11
11619.49
11620.12
11626.41
11634.33
11636.22
11638.36
11641.76
11651.97
11652.47
11655.00
11657.90
11662.94
11665.85
11666.98
11669.13
11672.54
11675.82
11680.12
11681.26
11683.03
11684.54
11686.44
11689.98
11692.26
11698.46
11701.75
11706.69
11706.81
11708.46
11709.22
11713.02
11719.99
11727.73
11730.52
11732.68
11738.52
11740.43
11752.25
11754.41
11762.04
11765.48
11770.57
11775.54
11778.09
11780.51
11781.28
11781.91
11785.36
11788.80
11789.82
11790.84
11791.09
11793.52
11800.16
11804.88
11806.80
11807.95
11808.20
11820.09
11824.44
11829.05
11838.01
11839.55
11846.72
11853.52
11853.77
11858.39
11865.58
11873.41
11874.31
11877.27
11878.81
11883.44
11885.62
11886.14
11886.27
11890.13
11891.15
11893.60
11899.01
11904.16
11909.44
11911.89
11915.11
11916.66
11917.69
11918.46
11922.07
11926.33
11931.62
11934.20
11935.37
11939.50
11940.02
11947.25
11951.00
11952.17
11957.60
11966.01
11967.05
11967.44
11975.21
11979.10
11979.48
11980.65
11982.73
11983.50
11988.69
11989.99
11991.93
11999.46
12000.63
12001.54
12002.97
12016.22
12018.56
12028.32
12031.83
12034.18
12043.56
12045.38
12047.86
12051.90
12052.81
12057.51
12059.85
12060.64
12068.60
12070.04
12070.56
12076.70
12087.03
12090.56
12090.82
12093.70
12093.70
12096.97
12098.28
12098.80
12110.59
12111.90
12115.18
12117.01
12118.98
12120.29
12131.70
12132.89
12134.33
12135.77
12136.04
12138.66
12139.98
12141.95
12142.60
12147.99
12151.02
12154.57
12158.25
12160.22
12164.17
12164.56
12165.49
12172.86
12175.63
12176.15
12176.42
12185.51
12187.22
12191.31
12191.71
12192.63
12193.42
12202.13
12203.59
12208.34
12211.25
12211.38
12212.83
12217.19
12230.42
12235.85
12236.51
12239.16
12241.14
12243.92
12246.84
12252.14
12252.41
12255.06
12255.72
12261.29
12262.75
12262.88
12263.68
12264.48
12266.20
12271.64
12274.96
12277.62
12284.13
12290.51
12292.37
12292.37
12293.57
12293.57
12297.16
12303.15
12303.55
12305.15
12310.34
12315.01
12316.60
12317.80
12322.87
12326.20
12326.20
12326.87
12327.67
12328.74
12330.34
12330.74
12330.87
12337.81
12339.28
12339.41
12353.57
12359.72
12363.60
12370.56
12371.10
12378.06
12380.74
12384.89
12390.65
12391.99
12396.02
12410.38
12415.08
12415.48
12416.02
12418.44
12418.97
12420.05
12421.80
12424.35
12426.50
12429.86
12430.94
12432.69
12451.40
12459.08
12461.91
12463.13
12468.12
12470.14
12470.81
12477.02
12480.13
12480.40
12484.18
12486.61
12494.04
12496.48
12498.64
12500.53
12500.67
12504.46
12510.95
12511.90
12514.74
12519.89
12528.29
12531.41
12541.72
12550.68
12556.38
12561.41
12563.04
12564.81
12571.20
12572.42
12579.77
12580.86
12583.31
12583.45
12588.76
12604.02
12604.70
12604.98
12606.21
12606.61
12609.34
12611.25
12613.30
12621.49
12627.09
12627.23
12631.74
12634.47
12647.60
12648.42
12651.98
12658.96
12668.42
12671.02
12683.64
12684.74
12688.58
12694.35
12700.67
12704.38
12705.62
12709.19
12710.57
12717.03
12719.65
12726.12
12727.36
12727.91
12731.90
12732.04
12732.59
12746.79
12746.93
12750.10
12750.24
12751.76
12752.86
12759.35
12759.62
12760.59
12761.28
12762.80
12764.04
12768.18
12768.60
12768.60
12769.43
12771.92
12776.89
12778.55
12779.66
12785.74
12786.29
12786.43
12788.79
12800.41
12801.38
12806.37
12809.70
12815.94
12818.29
12821.48
12825.78
12827.03
12832.86
12843.84
12844.53
12852.87
12857.05
12858.02
12859.69
12867.48
12873.05
12878.21
12879.04
12883.50
12887.55
12891.59
12899.82
12916.44
12922.45
12926.23
12930.99
12945.26
12951.43
12957.18
12964.47
12976.12
12982.44
12984.26
12990.44
12992.55
12996.07
12996.77
12998.32
13000.71
13001.83
13003.38
13004.23
13004.93
13009.57
13015.49
13019.15
13019.29
13020.14
13025.77
13031.13
13032.12
13032.68
13042.13
13052.58
13055.54
13058.79
13060.49
13066.14
13067.27
13072.50
13072.93
13080.57
13080.71
13083.68
13085.81
13087.22
13091.90
13096.29
13096.57
13097.42
13101.53
13106.64
13112.88
13114.58
13116.14
13120.97
13122.81
13127.36
13127.93
13131.19
13137.73
13143.13
13145.55
13149.39
13153.94
13159.92
13167.05
13168.04
13179.45
13185.44
13185.44
13186.29
13199.42
13203.14
13204.00
13204.71
13205.71
13205.71
13206.71
13209.14
13209.28
13212.57
13212.71
13214.14
13216.86
13222.72
13225.44
13225.59
13228.73
13234.17
13238.33
13252.95
13253.95
13254.24
13255.53
13256.24
13257.10
13257.82
13258.54
13261.70
13261.84
13264.85
13284.10
13286.69
13286.83
13290.71
13291.29
13295.75
13301.07
13302.80
13308.12
13308.27
13309.13
13314.89
13315.61
13316.04
13320.94
13325.70
13326.57
13333.92
13335.80
13338.83
13339.26
13341.72
13342.58
13344.17
13344.31
13344.75
13347.92
13357.60
13367.44
13372.50
13372.64
13373.37
13375.97
13383.35
13384.95
13388.57
13391.32
13393.35
13393.78
13401.18
13403.21
13405.09
13405.96
13416.56
13417.43
13421.06
13425.27
13425.56
13432.24
13437.33
13437.91
13452.46
13457.26
13461.92
13462.21
13468.92
13473.00
13477.52
13478.54
13483.79
13491.38
13501.31
13503.65
13505.98
13509.64
13513.88
13514.17
13514.61
13516.07
13518.26
13521.77
13528.21
13555.03
13556.93
13560.89
13561.92
13567.94
13569.55
13573.52
13575.57
13576.16
13583.36
13585.86
13587.62
13587.92
13588.65
13596.15
13605.28
13614.55
13617.80
13618.24
13625.46
13629.59
13633.57
13647.15
13647.30
13648.03
13660.15
13662.51
13667.10
13687.22
13692.11
13699.08
13702.93
13703.82
13705.75
13712.12
13720.44
13721.92
13729.05
13732.32
13732.61
13734.84
13745.55
13745.55
13748.37
13759.98
13763.85
13765.34
13770.26
13777.71
13784.42
13790.24
13792.48
13799.34
13802.03
13803.37
13809.05
13815.18
13828.49
13829.09
13830.58
13832.53
13833.13
13833.57
13850.20
13854.40
13856.64
13858.74
13860.39
13866.39
13866.69
13867.29
13867.59
13874.50
13877.20
13878.10
13881.55
13891.92
13892.07
13895.68
13898.99
13903.65
13906.21
13906.96
13907.86
13911.78
13925.33
13928.49
13929.55
13939.05
13939.80
13944.63
13949.61
13956.25
13963.50
13970.00
13973.02
13979.83
13981.95
13982.55
13984.97
13991.48
13993.90
14000.87
14005.72
14008.90
14009.81
14013.30
14017.54
14017.54
14023.31
14024.22
14025.13
14027.56
14032.87
14033.78
14036.36
14038.64
14038.64
14043.80
14044.41
14046.39
14048.21
14057.03
14059.62
14060.23
14061.14
14061.75
14064.03
14074.84
14074.99
14078.34
14080.47
14084.74
14088.55
14090.99
14098.16
14112.20
14114.64
14120.60
14120.75
14123.50
14127.32
14129.61
14134.20
14135.58
14138.48
14138.79
14144.30
14145.06
14147.51
14155.47
14160.22
14167.27
14176.78
14178.31
14183.68
14185.99
14185.99
14196.12
14204.26
14206.72
14209.03
14209.34
14212.41
14220.87
14223.33
14223.64
14229.49
14233.19
14252.29
14253.53
14253.99
14255.38
14256.30
14260.01
14260.93
14268.96
14275.60
14279.62
14282.24
14284.10
14286.26
14286.88
14289.51
14290.28
14293.22
14297.08
14297.70
14299.56
14307.14
14315.81
14325.89
14332.24
14341.39
14342.48
14344.03
14348.84
14379.93
14387.09
14389.89
14390.36
14395.65
14403.29
14410.30
14416.54
14422.78
14424.03
14428.87
14430.43
14431.21
14431.99
14437.46
14438.08
14444.96
14449.64
14450.58
14456.53
14457.15
14458.40
14461.53
14464.04
14466.07
14473.27
14477.34
14479.69
14480.16
14481.57
14494.43
14497.41
14506.67
14507.76
14509.18
14510.75
14512.00
14515.46
14517.97
14543.28
14549.11
14551.78
14562.65
14563.12
14563.60
14564.23
14567.69
14574.79
14588.04
14589.46
14589.62
14590.88
14612.68
14619.48
14640.85
14642.28
14650.52
14655.44
14658.61
14660.99
14681.78
14686.39
14691.79
14691.95
14694.18
14695.61
14696.72
14698.47
14699.11
14703.56
14703.72
14705.63
14710.40
14711.04
14725.37
14728.40
14729.52
14730.95
14732.07
14739.72
14742.43
14743.55
14744.98
14746.42
14751.21
14756.79
14761.42
14761.74
14762.54
14770.53
14771.81
14773.25
14777.40
14777.72
14780.60
14786.20
14787.48
14803.49
14804.61
14807.17
14808.29
14809.42
14815.03
14818.07
14820.16
14822.08
14825.13
14827.69
14830.74
14835.88
14837.97
14840.53
14841.82
14846.64
14851.94
14854.19
14854.67
14858.37
14866.09
14866.57
14867.37
14875.10
14875.42
14876.38
14882.02
14882.34
14884.27
14885.56
14890.56
14892.33
14894.58
14897.32
14911.35
14911.52
14916.03
14917.81
14925.24
14927.01
14927.66
14930.89
14935.09
14936.22
14939.94
14948.51
14969.87
14978.30
14984.13
14992.24
14993.21
14997.27
15004.25
15006.36
15007.33
15007.66
15015.13
15021.79
15036.10
15040.33
15048.47
15055.96
15061.83
15083.19
15090.54
15097.56
15098.87
15102.14
15103.28
15104.59
15106.55
15113.25
15115.05
15117.67
15124.37
15126.99
15128.96
15134.36
15139.93
15142.88
15144.35
15145.66
15154.35
15157.30
15168.13
15168.46
15171.74
15174.20
15185.70
15192.77
15194.25
15195.23
15199.51
15205.76
15209.87
15212.51
15216.29
15218.43
15236.39
15240.02
15256.85
15257.18
15258.99
15265.93
15267.42
15296.68
15296.85
15304.96
15307.11
15310.76
15314.57
15315.56
15326.01
15335.13
15345.09
15361.37
15363.53
15366.02
15366.19
15372.34
15375.33
15384.49
15388.48
15393.81
15394.81
15396.48
15400.14
15408.48
15416.31
15416.31
15427.49
15455.56
15466.94
15478.99
15479.33
15480.50
15488.04
15489.54
15510.17
15513.03
15526.63
15529.15
15530.49
15532.00
15532.51
15533.68
15535.03
15537.72
15545.96
15546.97
15550.16
15552.02
15554.88
15558.75
15570.87
15573.91
15588.74
15595.83
15597.35
15610.18
15613.89
15614.23
15617.27
15618.46
15618.96
15619.98
15620.82
15625.39
15633.84
15635.70
15644.33
15647.21
15649.75
15649.92
15665.67
15671.44
15679.58
15689.42
15695.19
15699.95
15710.32
15714.23
15715.59
15717.29
15720.69
15726.13
15727.15
15734.30
15736.69
15749.80
15757.81
15760.54
15762.93
15774.19
15779.65
15783.92
15797.08
15803.57
15804.08
15805.97
15811.44
15813.83
15818.80
15819.14
15820.34
15824.45
15830.61
15834.72
15842.43
15852.04
15853.24
15857.70
15861.13
15864.91
15866.62
15873.66
15881.05
15889.64
15890.85
15898.07
15899.62
15907.53
15912.70
15914.07
15916.66
15938.89
15945.44
15954.24
15960.81
15960.98
15962.36
15964.61
15966.68
15969.10
15974.11
15987.94
15988.29
15997.98
15998.50
16023.10
16035.58
16044.43
16044.61
16058.50
16059.54
16064.41
16068.06
16068.58
16069.63
16074.32
16091.55
16126.41
16126.93
16129.90
16152.08
16158.37
16163.97
16169.74
16180.41
16181.99
16187.42
16191.80
16193.90
16196.53
16202.14
16205.99
16214.24
16217.04
16217.92
16220.73
16231.97
16238.82
16240.57
16245.85
16253.23
16255.52
16260.97
16263.08
16269.24
16273.82
16288.44
16292.85
16298.14
16299.90
16303.78
16304.84
16305.90
16315.78
16318.25
16328.32
16331.32
16339.98
16340.16
16346.88
16356.79
16364.40
16367.05
16367.94
16372.54
16372.54
16374.67
16383.89
16384.77
16391.69
16392.22
16399.32
16404.28
16409.79
16412.63
16435.20
16450.68
16453.70
16462.96
16464.74
16470.62
16478.82
16483.64
16484.53
16497.91
16505.05
16506.30
16508.98
16512.91
16534.01
16535.80
16541.52
16545.10
16546.89
16554.77
16555.49
16563.55
16564.99
16593.69
16596.74
16597.10
16598.89
16602.49
16605.36
16605.72
16617.58
16620.28
16625.32
16650.34
16655.56
16667.28
16671.79
16677.38
16679.19
16691.46
16709.53
16724.73
16727.80
16728.17
16729.07
16729.98
16739.57
16746.09
16747.18
16748.63
16752.07
16754.25
16755.52
16765.49
16767.49
16767.85
16770.94
16779.10
16789.27
16802.72
16809.45
16814.36
16824.73
16825.10
16830.74
16831.65
16832.93
16833.47
16834.75
16838.03
16850.06
16850.79
16860.45
16873.59
16886.01
16890.21
16892.77
16900.27
16907.22
16908.31
16927.35
16929.92
16934.68
16939.26
16947.88
16954.48
16965.31
16965.86
16969.16
16970.45
16983.67
16992.86
16994.70
16994.89
16998.38
17004.82
17011.63
17012.55
17018.99
17035.76
17039.26
17042.02
17053.46
17068.60
17072.29
17076.36
17081.53
17084.67
17092.07
17100.95
17102.06
17109.09
17110.39
17111.87
17114.64
17123.16
17124.46
17143.93
17145.60
17145.78
17146.15
17148.94
17153.20
17161.93
17164.71
17171.22
17180.14
17193.90
17200.60
17200.97
17218.47
17230.77
17232.26
17232.45
17232.64
17235.99
17237.11
17242.71
17244.95
17247.19
17251.10
17254.65
17258.01
17261.56
17278.56
17294.28
17298.21
17302.88
17304.01
17316.18
17322.18
17325.93
17328.36
17335.68
17338.12
17351.82
17361.21
17366.09
17380.94
17389.03
17399.95
17403.52
17403.90
17404.28
17404.84
17418.78
17424.06
17430.09
17432.17
17438.58
17450.10
17450.66
17455.19
17462.94
17497.74
17497.74
17500.39
17504.18
17525.97
17529.57
17531.66
17532.23
17534.32
17549.50
17561.47
17564.51
17566.60
17588.85
17590.94
17592.66
17595.70
17598.18
17600.65
17602.75
17607.89
17617.99
17636.87
17642.98
17647.56
17656.35
17666.29
17667.43
17680.82
17700.15
17705.32
17713.18
17718.93
17719.12
17726.79
17738.11
17742.14
17743.49
17743.87
17746.17
17750.01
17753.66
17757.70
17759.04
17762.12
17764.04
17770.96
17777.31
17780.58
17786.16
17791.16
17792.12
17807.34
17808.30
17818.32
17830.09
17833.37
17849.39
17856.54
17858.66
17860.01
17861.17
17892.12
17899.48
17911.30
17911.88
17916.34
17926.23
17933.60
17942.53
17951.65
17965.45
17966.42
17978.48
17981.39
17985.29
17986.26
17988.01
17989.18
17994.82
17995.41
17995.41
17998.72
18002.61
18004.56
18005.54
18009.43
18043.56
18046.10
18055.48
18058.02
18060.17
18070.72
18090.48
18092.44
18106.34
18117.90
18128.30
18135.95
18149.49
18159.12
18189.20
18194.12
18198.45
18199.24
18215.99
18216.58
18222.10
18228.61
18255.05
18255.65
18282.92
18288.27
18297.57
18307.67
18322.33
18322.73
18326.50
18326.50
18336.61
18337.21
18358.45
18358.45
18368.38
18377.73
18381.31
18381.70
18384.49
18390.26
18390.66
18392.45
18398.02
18403.79
18405.98
18419.53
18421.13
18435.48
18439.47
18441.87
18443.26
18457.84
18470.82
18485.22
18487.82
18491.82
18500.82
18512.24
18516.84
18519.25
18527.67
18555.95
18562.78
18563.38
18568.61
18572.42
18580.46
18581.27
18582.27
18589.31
18591.93
18594.94
18595.14
18600.58
18604.00
18604.20
18606.82
18610.64
18611.05
18615.88
18622.33
18629.38
18634.22
18646.92
18657.22
18669.53
18682.06
18701.68
18705.73
18716.25
18722.94
18731.65
18740.17
18748.89
18770.81
18781.78
18790.32
18814.32
18815.75
18820.63
18821.85
18825.52
18825.93
18829.59
18832.85
18835.10
18848.96
18854.87
18854.87
18858.55
18863.04
18886.93
18897.56
18926.21
18951.41
18968.23
18989.18
19003.15
19003.98
19012.82
19021.05
19029.70
19045.97
19051.33
19051.53
19054.83
19070.30
19081.65
19083.51
19092.19
19096.11
19122.78
19124.23
19144.93
19161.31
19169.19
19177.90
19182.26
19184.54
19189.52
19205.72
19225.06
19225.27
19233.17
19252.95
19265.04
19280.68
19280.89
19290.69
19298.00
19321.19
19322.45
19327.67
19342.74
19343.57
19352.37
19375.83
19379.82
19382.75
19385.06
19389.46
19391.35
19397.86
19423.27
19424.11
19426.00
19429.57
19458.19
19459.45
19465.35
19477.56
19488.10
19498.44
19516.17
19532.65
19552.73
19566.70
19578.77
19589.58
19597.21
19599.97
19602.51
19606.54
19618.43
19627.13
19630.10
19654.97
19657.10
19658.37
19662.20
19675.61
19680.08
19691.16
19694.99
19725.91
19737.23
19753.68
19764.16
19770.14
19791.33
19795.19
19807.18
19831.20
19844.08
19845.15
19854.60
19859.12
19864.27
19877.82
19882.34
19908.60
19917.00
19917.22
19923.68
19929.93
19930.58
19940.07
19946.11
19947.84
19949.35
19953.45
19961.01
19969.65
19975.92
19992.78
19997.76
20002.52
20005.98
20007.28
20023.31
20025.26
20032.41
20032.84
20057.78
20065.38
20072.98
20074.50
20076.02
20076.24
20089.93
20093.84
20097.10
20105.59
20108.41
20109.72
20116.03
20117.12
20122.34
20135.85
20136.28
20146.74
20147.18
20148.92
20153.50
20158.08
20162.01
20163.10
20191.48
20212.03
20223.84
20224.71
20234.34
20239.16
20247.70
20258.00
20273.13
20294.42
20309.58
20315.51
20316.83
20319.69
20319.91
20320.13
20329.36
20332.44
20336.40
20346.53
20356.22
20357.10
20371.64
20374.28
20380.90
20391.93
20395.68
20416.43
20418.86
20422.84
20444.95
20445.17
20459.78
20460.44
20467.75
20478.38
20496.33
20500.99
20508.76
20531.18
20540.51
20540.96
20548.29
20553.41
20604.84
20634.51
20644.12
20663.11
20672.95
20682.12
20686.60
20690.41
20690.85
20706.75
20717.96
20724.24
20727.38
20730.96
20732.76
20735.90
20741.51
20742.86
20755.20
20761.49
20772.95
20795.89
20804.22
20809.40
20838.46
20842.97
20850.19
20860.12
20864.86
20869.60
20876.37
20884.96
20910.28
20919.79
20926.80
20943.79
20953.31
20961.70
20965.11
20968.73
20969.42
20977.13
20983.03
20999.39
21002.57
21008.02
21008.25
21011.89
21018.48
21018.71
21021.21
21030.31
21049.89
21056.49
21063.33
21066.98
21078.83
21085.45
21091.15
21098.23
21105.30
21114.44
21115.58
21121.75
21132.95
21135.24
21139.81
21174.84
21181.48
21184.00
21190.65
21201.43
21201.66
21215.20
21218.87
21254.49
21277.73
21300.76
21314.59
21328.44
21333.51
21333.98
21392.69
21397.32
21411.21
21412.37
21418.86
21423.26
21438.57
21444.37
21485.94
21503.85
21509.43
21518.97
21518.97
21520.84
21528.99
21543.44
21555.09
21557.66
21563.96
21568.39
21570.49
21573.29
21594.54
21597.11
21609.50
21611.14
21616.99
21634.53
21637.34
21638.75
21666.86
21674.36
21679.99
21683.04
21696.42
21707.22
21714.03
21716.38
21718.73
21724.14
21730.25
21749.77
21751.89
21756.60
21756.83
21765.31
21775.44
21784.87
21785.81
21810.34
21818.83
21820.49
21829.93
21841.98
21846.71
21855.46
21858.06
21871.07
21872.02
21889.77
21896.88
21907.54
21922.01
21923.19
21923.67
21928.41
21933.16
21955.95
21969.73
21975.91
21979.48
21984.00
21985.19
21987.81
22009.23
22012.32
22065.02
22073.86
22080.79
22087.95
22093.93
22097.51
22134.13
22148.26
22151.86
22153.05
22162.88
22164.56
22166.00
22178.00
22182.56
22190.48
22194.08
22195.52
22195.76
22206.09
22206.09
22222.91
22233.01
22254.43
22254.68
22278.77
22279.25
22286.96
22315.92
22316.16
22316.40
22344.67
22355.07
22397.44
22404.47
22413.68
22424.84
22427.99
22437.95
22456.89
22460.78
22539.90
22562.35
22589.70
22590.93
22596.06
22608.29
22613.42
22615.87
22616.61
22628.84
22637.91
22646.72
22654.08
22659.47
22662.90
22693.33
22706.10
22713.72
22721.83
22724.04
22754.06
22754.55
22768.34
22771.54
22796.94
22800.14
22813.47
22830.01
22831.74
22856.70
22865.86
22875.76
22876.99
22904.98
22911.67
22938.21
22938.21
22977.46
22977.71
22984.92
22985.91
23007.31
23021.26
23040.20
23047.92
23081.86
23103.10
23112.60
23114.10
23145.14
23145.89
23146.89
23162.17
23202.81
23203.06
23204.06
23208.08
23216.11
23219.63
23251.31
23265.90
23279.75
23289.33
23309.49
23311.76
23315.55
23354.18
23388.31
23389.83
23408.31
23418.45
23431.12
23462.83
23474.77
23475.53
23477.31
23478.32
23502.72
23511.37
23517.73
23570.46
23584.49
23606.19
23631.49
23640.19
23643.00
23667.83
23671.16
23678.33
23683.71
23720.64
23744.26
23758.40
23760.45
23761.23
23792.61
23805.23
23828.16
23838.74
23838.99
23846.22
23875.39
23893.74
23907.70
23907.70
23913.39
23925.04
23937.47
23947.05
23949.13
23950.16
23950.94
23953.01
23988.29
24004.12
24022.05
24032.45
24034.79
24092.33
24106.93
24142.17
24194.73
24269.45
24274.71
24284.95
24300.99
24301.51
24305.72
24306.77
24336.77
24337.56
24338.09
24359.43
24360.22
24370.76
24371.82
24373.93
24427.26
24427.26
24443.38
24459.52
24468.52
24486.27
24496.60
24510.39
24512.77
24516.49
24517.28
24537.72
24558.17
24599.39
24601.52
24603.91
24614.57
24619.89
24633.48
24638.81
24649.48
24654.81
24683.37
24683.64
24688.98
24709.29
24716.78
24738.99
24744.88
24752.91
24754.52
24761.48
24773.27
24786.95
24787.48
24796.07
24804.12
24808.68
24834.46
24859.46
24879.64
24884.49
24887.18
24905.50
24910.89
24921.94
24925.45
24931.11
24945.95
24993.23
25013.25
25028.14
25052.80
25067.98
25091.32
25094.57
25114.40
25121.47
25143.49
25146.49
25160.37
25170.44
25212.42
25218.96
25223.33
25249.54
25254.19
25266.21
25267.85
25326.98
25375.53
25387.34
25398.05
25398.33
25420.87
25437.38
25464.92
25481.18
25498.83
25546.32
25580.35
25584.22
25590.59
25628.55
25632.43
25640.75
25655.18
25684.35
25715.49
25718.83
25750.01
25763.11
25780.12
25785.98
25839.32
25848.83
25880.17
25880.73
25902.59
25907.91
25934.27
25942.69
25951.96
25971.90
26011.55
26032.11
26050.70
26062.26
26206.76
26236.83
26295.66
26313.31
26392.57
26404.00
26404.85
26407.14
26431.44
26454.04
26492.71
26503.32
26517.95
26556.42
26582.01
26604.16
26606.75
26611.65
26615.39
26703.08
26716.08
26766.72
26769.61
26791.92
26839.80
26847.93
26865.66
26917.45
26924.44
26970.50
27021.33
27137.35
27142.93
27152.63
27190.26
27208.80
27231.47
27256.82
27303.76
27373.27
27378.01
27400.83
27404.09
27422.48
27431.08
27487.53
27505.68
27718.69
27726.49
27815.43
27830.79
27835.60
27835.91
27840.42
27848.56
27883.23
27927.92
27932.75
27946.36
27950.59
27992.96
28011.14
28063.62
28110.42
28174.06
28194.79
28206.08
28207.31
28230.82
28237.54
28324.13
28334.25
28336.09
28347.43
28360.62
28407.00
28407.30
28455.91
28473.77
28526.19
28532.68
28542.87
28561.40
28562.02
28590.77
28648.37
28678.76
28685.90
28743.07
28745.24
28749.29
28812.19
28829.97
28865.24
28883.04
28944.99
28956.89
29008.32
29015.54
29027.78
29032.49
29045.69
29075.88
29110.19
29113.34
29256.07
29293.12
29312.46
29363.57
29392.50
29395.04
29425.91
29476.57
29503.38
29574.01
29583.93
29585.85
29624.61
29800.46
29830.78
29834.98
29845.96
29923.88
29983.19
30044.89
30082.30
30147.47
30176.51
30191.54
30312.32
30312.65
30346.45
30369.11
30458.95
30587.75
30684.21
30833.97
30878.37
30921.83
30946.27
31026.40
31042.85
31121.88
31134.01
31156.92
31230.50
31253.15
31282.58
31512.91
31630.07
31663.97
31682.13
31688.99
31753.86
31754.55
31802.68
31872.96
31875.72
31896.42
32014.66
32086.45
32089.22
32166.05
32178.93
32248.99
32498.03
32538.49
32689.87
32706.15
32809.64
32868.63
32955.16
32968.71
33123.53
33577.83
33632.73
33768.74
33893.93
34229.30
35379.63
35409.50
35558.85
35752.13
35873.80
36093.39
37560.32
37751.81
37868.81
38346.68
40078.70
41427.86
43908.11
