8.20
9.61
9.63
10.11
10.22
10.68
10.99
11.56
11.70
11.92
12.44
12.76
13.72
13.94
14.41
14.57
14.62
15.07
15.14
15.20
15.39
15.80
15.84
16.17
16.50
16.81
17.02
17.37
17.49
17.50
17.65
17.79
18.25
18.27
19.04
19.09
19.10
19.15
19.16
19.21
19.23
19.28
19.52
19.66
20.06
20.17
20.26
20.30
20.41
20.55
20.60
20.62
20.94
21.22
21.40
21.45
21.99
22.36
22.41
22.60
22.61
22.63
22.71
22.86
23.24
23.24
23.27
23.34
23.38
23.43
23.74
23.75
23.75
23.80
24.10
24.36
24.51
24.54
25.04
25.05
25.10
25.12
25.20
25.70
25.82
25.85
25.99
26.26
26.27
26.28
26.34
26.65
27.02
27.21
27.24
27.34
27.35
27.50
27.56
27.79
27.85
27.93
27.96
28.12
28.39
28.58
28.69
28.77
28.91
28.98
29.15
29.20
29.21
29.23
29.25
29.33
29.71
30.06
30.47
30.56
30.56
30.57
30.91
30.96
31.00
31.12
31.17
31.25
31.35
31.38
31.84
31.85
31.85
31.85
31.86
31.99
32.03
32.18
32.38
32.61
32.65
32.90
33.30
33.51
33.52
33.62
33.65
33.65
33.84
33.84
33.89
33.91
33.95
34.15
34.18
34.21
34.29
34.52
34.61
34.63
34.99
35.27
35.49
35.55
35.73
35.80
35.92
36.03
36.07
36.08
36.08
36.11
36.36
36.36
36.43
36.43
36.52
36.59
36.63
36.64
36.67
36.68
36.75
37.11
37.12
37.19
37.29
37.45
37.52
37.53
37.55
37.56
37.84
37.85
37.86
37.86
37.93
38.00
38.34
38.38
38.44
38.45
38.49
38.54
38.60
38.67
38.74
38.80
39.07
39.09
39.16
39.25
39.31
39.44
39.50
39.56
39.57
39.63
39.77
39.81
40.09
40.23
40.41
40.47
40.57
40.59
40.63
40.86
41.34
41.66
41.82
41.84
42.24
42.25
42.31
42.37
42.41
42.44
42.59
42.99
43.07
43.15
43.16
43.37
43.39
43.47
43.64
43.69
43.70
43.82
43.85
43.87
43.89
43.93
44.02
44.10
44.13
44.23
44.27
44.29
44.57
44.59
44.78
44.93
44.95
44.98
44.99
45.16
45.22
45.23
45.29
45.30
45.37
45.42
45.59
45.60
45.61
45.62
45.83
45.90
45.96
46.07
46.25
46.30
46.37
46.58
46.62
46.69
47.01
47.17
47.23
47.26
47.82
47.94
47.98
47.98
48.34
48.45
48.46
48.69
48.82
49.07
49.28
49.36
49.63
49.84
49.85
49.86
49.99
50.11
50.16
50.38
50.41
50.50
50.65
50.67
50.70
50.72
50.77
50.94
51.19
51.21
51.24
51.40
51.43
51.57
51.74
51.78
51.87
51.98
52.13
52.16
52.56
52.59
52.81
52.99
53.05
53.45
53.47
53.49
53.74
53.76
53.94
54.16
54.22
54.22
54.45
54.48
54.64
54.65
54.75
54.77
55.00
55.02
55.37
55.42
55.73
56.09
56.16
56.16
56.19
56.30
56.42
56.44
56.63
56.96
56.98
57.06
57.09
57.11
57.22
57.26
57.28
57.43
57.45
57.45
57.53
57.60
57.67
57.68
57.71
57.81
57.85
57.87
58.00
58.20
58.26
58.29
58.30
58.32
58.37
58.38
58.48
58.65
58.69
58.70
58.73
58.78
58.80
58.92
59.00
59.54
59.73
59.73
60.10
60.18
60.22
60.31
60.35
60.43
60.64
60.64
60.77
60.82
60.83
60.86
60.91
61.10
61.24
61.24
61.27
61.38
61.54
61.68
61.74
61.80
61.83
61.86
61.87
61.93
62.12
62.34
62.42
62.48
62.51
62.61
62.87
63.00
63.04
63.12
63.32
63.35
63.59
63.61
63.64
63.71
63.74
63.86
63.93
64.35
64.40
64.41
64.43
64.47
64.58
64.74
64.82
64.99
65.03
65.07
65.14
65.18
65.48
65.54
65.57
65.58
65.79
65.92
66.06
66.10
66.14
66.17
66.36
66.48
66.69
66.98
67.01
67.18
67.23
67.23
67.44
67.45
67.49
67.53
67.58
67.71
67.71
67.78
67.78
67.80
67.83
68.11
68.12
68.21
68.23
68.23
68.34
68.48
68.55
68.59
68.63
68.65
68.66
68.77
68.79
68.83
68.94
69.19
69.38
69.39
69.46
69.61
69.66
69.82
69.91
70.25
70.51
70.59
70.64
70.70
70.71
70.75
70.83
70.94
71.22
71.23
71.25
71.28
71.28
71.35
71.48
71.68
71.93
72.04
72.08
72.22
72.34
72.55
72.67
72.70
72.88
72.91
73.06
73.16
73.25
73.27
73.29
73.36
73.51
73.51
73.55
73.56
73.59
73.60
73.67
73.72
73.81
73.84
74.05
74.54
74.72
74.78
74.80
74.86
74.95
74.98
75.04
75.26
75.45
75.72
75.79
75.88
75.97
75.99
76.00
76.19
76.19
76.29
76.29
76.34
76.43
76.44
76.59
76.63
76.67
76.70
76.72
76.73
76.75
76.76
76.83
76.89
77.03
77.20
77.22
77.27
77.36
77.42
77.56
77.56
77.57
77.66
77.81
77.85
77.88
77.88
78.05
78.08
78.12
78.14
78.24
78.26
78.31
78.42
78.51
78.58
78.61
78.65
78.69
78.70
78.72
78.82
78.85
79.13
79.18
79.37
79.41
79.42
79.43
79.43
79.44
79.44
79.46
79.51
79.52
79.55
79.61
79.62
79.69
79.75
79.78
79.83
80.09
80.11
80.15
80.28
80.45
80.52
80.55
80.57
80.68
80.69
80.72
80.95
81.00
81.06
81.10
81.19
81.27
81.28
81.45
81.64
81.70
81.80
81.83
81.87
82.00
82.00
82.10
82.24
82.44
82.50
82.60
82.74
82.74
82.75
82.78
82.89
83.03
83.06
83.15
83.16
83.27
83.30
83.31
83.32
83.42
83.56
83.64
83.67
83.67
83.76
83.77
83.86
83.91
83.93
84.00
84.09
84.30
84.36
84.42
84.42
84.50
84.54
84.56
84.63
84.69
84.69
84.78
84.85
85.00
85.10
85.35
85.40
85.60
85.78
85.81
85.87
85.96
86.14
86.24
86.25
86.29
86.34
86.50
86.56
86.71
86.78
86.80
86.93
86.95
87.02
87.15
87.33
87.34
87.55
87.59
87.68
87.86
87.87
87.92
87.93
87.95
88.17
88.17
88.26
88.28
88.34
88.48
88.50
88.54
88.59
88.62
88.64
88.79
88.86
88.88
89.08
89.18
89.25
89.25
89.37
89.39
89.44
89.45
89.47
89.48
89.52
89.53
89.53
89.54
89.59
89.61
89.63
89.64
89.66
89.78
89.90
89.95
90.15
90.20
90.39
90.45
90.72
90.72
90.98
91.10
91.25
91.46
91.63
91.66
91.82
92.05
92.13
92.18
92.21
92.25
92.35
92.39
92.41
92.52
92.69
93.04
93.04
93.06
93.17
93.18
93.38
93.40
93.57
93.79
94.00
94.18
94.28
94.34
94.44
94.51
94.52
94.59
94.64
94.75
94.76
94.83
94.96
95.01
95.04
95.15
95.16
95.23
95.33
95.41
95.48
95.51
95.52
95.53
95.57
95.58
95.58
95.72
95.79
95.83
95.86
95.98
95.99
96.08
96.39
96.41
96.52
96.59
96.60
96.66
96.75
96.84
96.86
96.89
97.03
97.07
97.17
97.32
97.35
97.49
97.55
97.74
97.87
97.87
97.93
98.02
98.03
98.40
98.54
98.70
98.89
98.89
98.94
99.07
99.15
99.26
99.35
99.36
99.38
99.46
99.46
99.51
99.63
99.68
100.02
100.03
100.09
100.10
100.26
100.29
100.39
100.55
100.55
100.56
100.62
100.64
100.69
100.71
101.04
101.17
101.22
101.36
101.36
101.49
101.53
101.68
101.74
101.83
101.85
102.00
102.06
102.21
102.29
102.39
102.43
102.44
102.58
102.63
102.71
102.72
102.88
102.95
103.16
103.31
103.31
103.48
103.67
103.87
103.93
103.94
104.00
104.13
104.33
104.39
104.48
104.67
104.72
104.73
104.84
104.84
105.19
105.21
105.51
105.69
105.70
105.79
105.89
105.90
105.92
106.08
106.16
106.18
106.60
106.77
106.90
106.98
106.99
107.00
107.06
107.18
107.28
107.90
107.93
107.99
108.44
108.48
108.48
108.50
108.52
108.57
108.90
109.05
109.20
109.37
109.43
109.51
109.56
109.59
109.67
109.69
109.77
109.77
109.80
109.84
109.87
109.93
109.93
109.95
109.96
109.99
110.07
110.26
110.26
110.30
110.33
110.34
110.47
110.57
110.71
110.81
110.82
110.89
110.94
110.95
110.99
111.09
111.15
111.36
111.44
111.48
111.54
111.57
111.65
111.67
111.72
111.73
111.75
111.76
111.79
111.81
111.85
112.22
112.24
112.42
112.44
112.48
112.48
112.50
112.53
112.64
112.64
112.68
112.75
112.76
112.84
112.87
113.01
113.14
113.21
113.37
113.39
113.41
113.48
113.48
113.50
113.55
113.84
114.05
114.06
114.07
114.08
114.12
114.13
114.19
114.22
114.45
114.59
114.65
114.70
114.71
114.97
114.98
115.04
115.46
115.46
115.51
115.61
115.95
116.30
116.35
116.41
116.47
116.67
116.68
116.70
116.73
116.83
116.95
116.97
117.06
117.06
117.19
117.24
117.26
117.46
117.53
117.67
117.71
117.81
117.91
117.94
117.95
117.97
118.02
118.04
118.18
118.19
118.36
118.38
118.42
118.60
118.61
118.74
118.75
118.86
118.88
119.02
119.15
119.21
119.93
120.02
120.11
120.14
120.18
120.20
120.21
120.33
120.34
120.39
120.41
120.49
120.62
120.71
120.73
120.73
120.77
120.84
120.97
121.00
121.20
121.23
121.23
121.36
121.60
121.62
121.79
121.79
121.81
121.90
122.03
122.14
122.21
122.34
122.39
122.46
122.46
122.59
122.61
122.64
122.65
122.69
122.72
122.80
122.94
123.01
123.06
123.13
123.15
123.45
123.47
123.52
123.60
123.66
123.67
123.71
123.99
124.07
124.21
124.21
124.28
124.28
124.31
124.36
124.36
124.39
124.43
124.48
124.58
124.74
124.90
125.06
125.10
125.24
125.25
125.41
125.44
125.54
125.57
125.73
126.15
126.22
126.34
126.37
126.47
126.56
126.67
126.76
126.77
126.88
126.98
127.36
127.42
127.62
127.84
127.90
127.97
128.01
128.12
128.23
128.25
128.27
128.29
128.31
128.45
128.51
128.67
128.76
128.78
128.82
129.16
129.27
129.37
129.38
129.57
129.59
129.80
129.84
129.98
130.01
130.03
130.34
130.38
130.39
130.42
130.46
130.54
130.61
130.79
130.95
130.99
131.18
131.19
131.32
131.36
131.40
131.48
131.48
131.57
131.70
131.72
131.73
131.76
131.97
132.04
132.13
132.14
132.34
132.37
132.50
132.72
132.74
132.97
133.04
133.06
133.06
133.13
133.18
133.20
133.28
133.30
133.34
133.49
133.49
133.51
133.54
133.79
133.86
134.04
134.05
134.07
134.13
134.24
134.25
134.27
134.29
134.30
134.33
134.34
134.57
134.60
134.66
134.80
134.90
134.92
134.94
134.94
134.96
134.97
134.97
135.05
135.08
135.36
135.43
135.51
135.54
135.71
135.84
135.90
135.94
135.97
136.17
136.32
136.35
136.38
136.39
136.57
136.61
136.88
136.88
136.88
136.89
136.92
137.23
137.35
137.35
137.38
137.39
137.39
137.45
137.66
137.71
137.78
137.79
137.91
137.97
138.00
138.20
138.26
138.29
138.30
138.32
138.36
138.37
138.37
138.48
138.53
138.54
138.58
138.59
138.66
138.71
138.72
138.86
138.86
138.87
139.01
139.27
139.43
139.50
139.50
139.60
139.88
139.96
140.04
140.12
140.22
140.24
140.39
140.62
140.68
140.69
140.69
140.71
140.97
141.23
141.30
141.33
141.52
141.72
141.84
142.00
142.02
142.15
142.37
142.39
142.41
142.45
142.60
142.77
142.82
142.88
143.08
143.25
143.27
143.33
143.35
143.37
143.66
143.74
143.77
143.80
143.89
144.03
144.14
144.20
144.26
144.56
144.63
144.69
144.76
144.84
144.86
145.09
145.18
145.31
145.32
145.34
145.62
145.75
145.75
145.82
145.88
145.88
146.11
146.13
146.24
146.26
146.35
146.42
146.43
146.45
146.62
146.65
146.83
146.84
146.87
146.96
147.02
147.18
147.21
147.51
147.82
147.88
147.92
148.06
148.12
148.15
148.15
148.21
148.24
148.27
148.30
148.31
148.45
148.50
148.58
148.66
148.76
148.81
148.84
148.89
148.93
148.93
148.97
148.98
149.29
149.50
149.59
149.74
149.81
149.91
149.97
150.02
150.04
150.08
150.19
150.20
150.61
150.66
150.67
150.71
150.91
150.92
151.07
151.08
151.52
151.59
151.60
151.66
151.73
151.85
151.86
151.90
152.03
152.20
152.24
152.45
152.56
152.59
152.60
152.65
152.67
152.71
152.85
152.96
153.03
153.06
153.11
153.13
153.14
153.51
153.51
153.64
153.68
153.71
153.89
153.99
154.09
154.37
154.37
154.40
154.50
154.59
154.65
154.73
154.82
154.86
154.87
154.94
155.11
155.40
155.45
155.46
155.46
155.47
155.54
155.61
155.71
155.74
155.75
155.80
155.81
156.17
156.31
156.39
156.68
156.80
156.83
156.89
156.91
156.95
157.15
157.36
157.50
157.50
157.52
157.64
157.69
157.76
157.79
157.85
157.98
158.02
158.03
158.03
158.13
158.23
158.26
158.60
158.81
158.86
158.98
159.05
159.09
159.28
159.58
159.59
159.85
160.05
160.05
160.09
160.18
160.42
160.48
160.57
160.60
160.64
160.66
160.76
160.78
160.93
161.26
161.28
161.33
161.36
161.40
161.65
161.69
161.70
161.79
161.81
161.82
161.82
161.88
162.13
162.18
162.20
162.25
162.46
162.51
162.52
162.62
162.68
162.77
162.79
162.80
162.84
162.85
163.20
163.29
163.31
163.37
163.47
163.66
163.84
163.84
163.89
163.94
163.95
163.98
164.24
164.43
164.46
164.47
164.56
164.59
164.78
164.78
164.92
165.02
165.04
165.14
165.15
165.16
165.23
165.27
165.37
165.39
165.44
165.47
165.56
165.65
165.86
166.08
166.16
166.18
166.28
166.29
166.34
166.34
166.60
166.80
167.03
167.11
167.12
167.16
167.16
167.19
167.41
167.51
167.62
167.65
167.91
167.92
168.03
168.04
168.08
168.14
168.17
168.41
168.48
168.67
168.72
168.74
168.76
168.85
168.89
169.14
169.17
169.20
169.30
169.46
169.60
169.66
169.77
170.31
170.34
170.34
170.39
170.50
170.54
170.54
170.57
170.58
170.63
170.65
170.67
170.69
170.88
170.91
171.04
171.29
171.32
171.35
171.37
171.43
171.46
171.57
172.01
172.06
172.20
172.22
172.25
172.30
172.32
172.38
172.44
172.46
172.47
172.49
172.56
172.76
172.78
172.83
172.87
173.02
173.10
173.12
173.12
173.31
173.40
173.41
173.54
173.58
173.66
173.66
173.88
173.91
173.96
174.03
174.12
174.19
174.27
174.29
174.44
174.53
174.56
174.85
175.00
175.02
175.05
175.14
175.17
175.24
175.30
175.48
175.58
175.58
175.60
175.64
175.65
175.95
175.98
176.00
176.01
176.10
176.10
176.29
176.45
176.45
176.65
176.83
176.99
177.12
177.20
177.26
177.31
177.43
177.49
177.50
177.57
177.61
177.61
177.78
177.81
177.90
177.96
178.05
178.11
178.19
178.24
178.39
178.46
178.55
178.64
178.64
178.66
178.66
178.70
178.80
179.00
179.02
179.08
179.16
179.24
179.34
179.34
179.37
179.42
179.44
179.48
179.56
179.66
179.95
180.16
180.26
180.41
180.43
180.48
180.71
180.82
180.83
180.99
181.03
181.23
181.44
181.47
181.52
181.56
181.62
181.75
182.05
182.20
182.25
182.34
182.51
182.69
182.76
182.98
183.03
183.03
183.17
183.24
183.27
183.35
183.54
183.57
183.61
183.77
183.79
183.87
184.12
184.18
184.26
184.33
184.60
184.64
184.73
184.74
184.95
185.00
185.03
185.30
185.39
185.46
185.59
185.68
186.07
186.36
186.40
186.70
186.72
186.79
186.82
186.87
187.05
187.36
187.38
187.41
187.49
187.75
187.77
187.77
188.06
188.18
188.19
188.40
188.42
188.58
188.66
188.66
188.72
188.76
189.16
189.16
189.33
189.41
189.47
189.64
189.65
189.66
189.74
189.76
189.83
189.83
189.84
190.01
190.03
190.70
190.76
190.78
190.83
190.86
190.87
190.87
190.87
191.06
191.08
191.17
191.19
191.30
191.42
191.55
191.70
192.05
192.06
192.07
192.08
192.11
192.15
192.26
192.34
192.36
192.42
192.44
192.55
192.67
192.67
192.79
193.08
193.11
193.21
193.31
193.39
193.43
193.55
193.73
193.77
193.85
193.89
193.92
193.95
194.15
194.18
194.24
194.49
194.62
194.72
195.13
195.15
195.20
195.44
195.48
195.53
195.54
195.56
195.81
195.87
195.93
196.00
196.05
196.24
196.30
196.30
196.39
196.45
196.55
196.70
196.87
196.99
197.04
197.17
197.29
197.34
197.35
197.37
197.65
197.86
197.94
198.16
198.28
198.37
198.39
198.43
198.44
198.73
198.73
198.79
198.97
199.00
199.13
199.13
199.16
199.19
199.44
199.61
199.66
199.83
199.92
199.97
200.45
200.54
200.67
200.70
200.70
200.93
201.07
201.22
201.27
201.67
201.73
201.75
202.20
202.20
202.25
202.31
202.33
202.59
202.60
202.62
202.92
203.09
203.12
203.42
203.48
203.62
203.96
204.16
204.46
204.56
204.65
204.76
205.00
205.18
205.19
205.34
205.54
205.62
205.86
206.04
206.31
206.37
206.46
206.48
206.51
206.62
206.75
206.88
207.05
207.29
207.46
207.48
207.53
207.61
207.70
207.86
207.99
208.14
208.15
208.19
208.26
208.32
208.32
208.40
208.45
208.54
208.69
208.76
208.82
208.98
209.00
209.04
209.05
209.06
209.06
209.11
209.11
209.27
209.39
209.46
209.68
209.72
209.73
209.74
209.76
209.80
209.97
210.08
210.21
210.79
211.00
211.23
211.25
211.32
211.42
211.49
211.51
211.67
211.73
211.73
211.76
211.96
211.97
212.04
212.13
212.30
212.44
212.49
212.69
212.88
212.89
213.16
213.16
213.24
213.27
213.39
213.48
213.93
214.29
214.42
214.43
214.55
214.56
214.66
214.69
214.77
214.80
214.83
215.33
215.37
215.62
215.65
215.65
215.66
215.80
215.92
216.00
216.30
216.42
217.11
217.12
217.24
217.26
217.32
217.33
217.36
217.51
217.60
217.64
217.73
217.80
217.83
217.84
217.86
217.87
217.92
218.05
218.05
218.22
218.33
218.34
218.46
218.60
218.70
218.80
218.94
218.95
218.96
219.20
219.33
219.75
219.83
220.01
220.07
220.12
220.23
220.30
220.65
220.73
220.80
220.90
220.96
221.37
221.41
221.52
221.59
221.68
221.80
222.04
222.41
222.45
222.45
222.47
222.63
222.67
222.87
222.93
223.04
223.05
223.30
223.49
223.70
223.76
223.80
224.04
224.08
224.15
224.24
224.36
224.40
224.74
224.78
224.83
225.03
225.09
225.25
225.31
225.31
225.34
225.42
225.46
225.66
225.69
225.70
225.79
225.85
225.87
225.89
225.94
226.14
226.23
226.34
226.38
226.54
226.66
226.70
226.87
226.97
227.09
227.36
227.71
227.90
227.91
228.09
228.35
228.35
228.39
228.57
228.64
228.66
228.67
228.69
228.89
228.90
229.15
229.18
229.27
229.32
229.35
229.36
229.37
229.41
229.49
229.53
229.61
229.69
229.77
229.84
230.12
230.23
230.33
230.43
230.75
230.81
230.96
231.06
231.06
231.18
231.21
231.22
231.57
231.87
231.97
232.01
232.14
232.14
232.20
232.47
232.57
232.61
232.72
232.93
232.97
232.97
233.17
233.19
233.20
233.38
233.41
233.78
233.89
234.04
234.22
234.27
234.42
234.52
234.61
235.00
235.10
235.32
235.34
235.49
235.51
235.51
235.65
235.67
235.86
236.03
236.09
236.21
236.32
236.36
236.40
236.47
236.61
236.63
236.66
236.68
236.89
237.04
237.09
237.11
237.31
237.43
237.56
237.58
237.60
237.66
237.69
237.82
238.03
238.15
238.30
238.30
238.53
238.64
238.83
238.87
239.04
239.11
239.13
239.21
239.22
239.37
239.51
239.52
239.59
239.71
240.18
240.26
240.38
240.43
240.44
240.52
240.53
240.87
240.99
241.14
241.15
241.17
241.29
241.50
241.53
241.85
242.03
242.15
242.24
242.28
242.29
242.31
242.53
242.57
242.61
242.85
242.90
242.97
243.33
243.41
244.08
244.23
244.46
244.60
245.12
245.21
245.30
245.31
245.31
245.46
245.50
245.53
245.65
245.65
245.70
245.71
245.72
245.74
245.87
246.38
246.40
246.50
246.67
246.83
247.09
247.26
247.34
247.52
247.65
247.76
247.82
247.94
247.94
248.00
248.14
248.25
248.26
248.39
248.42
248.54
248.57
248.64
249.22
249.23
249.29
249.47
249.47
249.50
249.50
249.65
249.99
250.13
250.20
250.20
250.22
250.25
250.34
250.40
250.59
250.66
250.68
250.74
250.77
250.82
251.23
251.41
251.44
251.50
252.02
252.07
252.26
252.29
252.35
252.46
252.50
252.53
252.54
252.62
252.64
252.75
252.77
252.94
253.09
253.09
253.10
253.23
253.25
253.27
253.29
253.32
253.39
253.40
253.60
254.06
254.23
254.33
254.72
254.75
254.84
254.88
255.04
255.12
255.40
255.45
255.50
255.51
255.66
255.68
255.73
255.75
256.17
256.28
256.51
256.51
256.57
256.58
256.63
256.64
256.68
256.78
256.83
256.87
256.89
256.95
257.11
257.19
257.21
257.24
257.26
257.38
257.39
257.45
257.55
257.58
257.60
257.63
257.70
257.71
257.73
257.80
257.82
257.82
257.87
257.94
257.96
258.11
258.28
258.38
258.52
258.54
258.82
258.83
258.92
258.95
259.02
259.14
259.15
259.20
259.26
259.26
259.34
259.60
259.92
260.21
260.36
260.41
260.59
260.69
261.05
261.07
261.42
261.64
261.72
261.96
262.40
262.43
262.80
262.95
263.28
263.50
263.53
263.54
263.60
263.88
264.04
264.31
264.33
264.67
264.78
265.36
265.54
265.64
265.69
265.95
266.15
266.31
266.36
266.41
266.43
266.48
266.56
266.57
266.66
266.66
266.82
266.95
267.14
267.17
267.55
267.59
267.74
268.32
268.34
268.63
268.71
268.94
269.04
269.12
269.13
269.15
269.59
269.78
269.92
270.41
270.44
270.47
270.50
270.51
270.72
271.02
271.02
271.06
271.10
271.17
271.24
271.55
271.55
271.81
271.89
271.94
272.04
272.06
272.21
272.42
272.46
272.55
272.73
272.85
272.90
273.10
273.20
273.26
273.32
273.41
273.55
273.61
273.67
273.83
273.90
273.93
273.98
274.33
274.43
274.43
274.49
275.19
275.23
275.28
275.51
275.62
275.65
275.73
275.78
275.87
276.24
276.28
276.38
276.44
276.73
276.88
276.95
277.07
277.14
277.19
277.24
277.27
277.28
277.36
277.42
277.44
277.54
277.59
277.70
277.79
277.83
278.12
278.18
278.24
278.35
278.58
278.61
278.69
278.70
278.91
278.99
279.22
279.49
279.54
279.55
279.55
279.69
279.70
279.75
279.90
279.92
279.95
280.01
280.04
280.10
280.14
280.27
280.31
280.32
280.38
280.41
280.48
280.71
280.79
280.79
280.89
281.04
281.16
281.18
281.24
281.25
281.32
281.45
281.48
281.64
282.08
282.22
282.54
282.54
282.54
282.54
282.81
282.86
283.10
283.31
283.32
283.37
283.48
283.57
283.61
283.71
283.75
284.09
284.15
284.30
284.38
284.50
284.60
284.70
284.83
284.97
285.13
285.24
285.24
285.25
285.27
285.43
285.69
285.69
285.73
285.81
286.13
286.21
286.21
286.21
286.33
286.44
286.50
286.52
286.57
286.74
286.76
286.78
286.97
287.03
287.20
287.27
287.33
287.43
287.46
287.85
288.10
288.25
288.30
288.35
288.71
288.75
288.92
288.97
289.02
289.02
289.11
289.27
289.56
289.64
290.24
290.28
290.37
290.39
290.41
290.48
290.58
290.63
290.70
290.77
290.85
290.99
291.16
291.16
291.22
291.33
291.37
291.39
291.57
291.68
291.69
291.76
291.93
291.97
292.05
292.13
292.20
292.24
292.41
292.55
292.57
292.79
292.86
293.07
293.08
293.13
293.81
293.92
293.93
293.93
293.99
294.42
294.42
294.74
295.07
295.19
295.20
295.32
295.54
295.56
295.92
295.99
296.01
296.24
296.55
296.73
296.95
297.00
297.21
297.60
297.70
297.76
297.90
297.90
298.16
298.24
298.32
298.41
298.51
298.63
298.65
298.66
298.81
298.84
298.90
298.94
299.03
299.09
299.35
299.42
299.55
299.92
299.98
300.06
300.14
300.16
300.55
300.61
300.74
301.11
301.16
301.43
301.46
301.60
301.80
301.93
301.98
302.09
302.30
302.79
302.99
303.02
303.03
303.13
303.23
303.27
303.34
303.38
303.53
303.55
303.70
303.73
304.22
304.69
304.70
304.75
304.96
305.00
305.07
305.09
305.11
305.18
305.27
305.29
305.39
305.39
305.59
305.69
305.77
305.93
306.18
306.32
306.37
306.58
306.75
306.90
307.13
307.24
307.29
307.45
307.52
307.71
307.84
308.43
308.52
308.52
308.67
308.67
308.72
308.86
308.91
308.93
308.97
309.46
309.51
309.55
309.56
309.59
309.59
309.87
309.91
310.03
310.18
310.24
310.24
310.25
310.50
310.54
310.61
310.65
310.78
310.81
311.15
311.17
311.18
311.53
311.54
311.57
311.88
311.89
311.97
312.22
312.67
312.68
312.71
312.78
313.22
313.40
313.52
314.07
314.13
314.18
314.60
314.64
314.66
315.08
315.08
315.37
315.52
315.57
315.66
315.81
316.15
316.17
316.21
316.21
316.31
316.66
316.99
317.32
317.34
317.48
317.58
317.88
318.06
318.06
318.23
318.29
318.68
318.86
319.24
319.45
319.58
319.61
319.68
319.85
319.88
320.08
320.20
320.31
320.47
320.65
320.76
320.88
321.15
321.49
321.68
321.68
321.72
321.74
321.93
322.02
322.10
322.20
322.28
322.43
322.45
322.54
322.58
322.60
322.65
322.74
323.03
323.09
323.16
323.25
323.25
323.39
323.45
323.62
323.70
323.90
324.07
324.13
324.20
324.25
324.28
324.42
324.57
324.69
324.73
325.04
325.04
325.12
325.50
325.56
325.68
325.78
325.80
326.07
326.27
326.36
326.40
326.54
326.77
326.87
327.03
327.04
327.50
327.57
327.57
327.94
328.24
328.66
328.94
329.06
329.10
329.20
329.45
329.47
329.57
329.58
329.69
329.87
330.12
330.15
330.51
330.52
330.58
330.62
330.68
330.70
330.74
331.05
331.16
331.20
331.28
331.30
331.48
331.49
331.51
331.61
331.74
331.76
331.99
332.00
332.10
332.18
332.30
332.30
332.30
332.44
332.49
332.68
332.89
333.00
333.16
333.19
333.66
334.04
334.24
334.33
334.33
334.35
334.46
334.64
334.66
334.78
334.84
335.03
335.13
335.29
335.48
335.56
335.79
335.97
336.06
336.07
336.16
336.23
336.28
336.39
336.46
336.68
336.72
336.82
336.83
336.93
337.05
337.12
337.40
337.74
338.07
338.10
338.16
338.22
338.28
338.32
338.64
338.65
338.65
339.05
339.09
339.17
339.22
339.35
339.71
339.80
339.85
339.88
340.08
340.12
340.16
340.24
340.28
340.29
340.51
340.66
340.69
340.70
340.79
341.09
341.10
341.51
341.52
341.57
341.84
342.00
342.08
342.25
342.48
342.50
342.58
342.67
342.93
343.20
343.28
343.42
343.58
343.63
343.70
343.72
343.83
344.12
344.22
344.40
344.41
344.69
345.10
345.23
345.37
345.68
346.16
346.52
346.74
346.95
346.97
347.04
347.05
347.10
347.13
347.18
347.24
347.33
347.51
347.70
347.72
347.86
347.91
348.01
348.19
348.31
348.36
348.51
348.67
348.69
348.75
348.80
348.84
348.85
348.87
348.93
349.05
349.09
349.10
349.17
349.20
349.25
349.30
349.58
349.66
349.99
349.99
350.00
350.08
350.16
350.17
350.45
350.50
350.63
350.76
350.91
350.91
350.91
350.96
351.14
351.69
351.91
351.92
352.12
352.28
352.49
352.50
352.64
352.65
352.70
352.72
352.79
352.84
352.85
352.90
353.61
353.78
353.79
353.90
354.01
354.13
354.19
354.22
354.67
354.74
354.84
355.28
355.30
355.42
355.81
355.89
355.92
356.07
356.20
356.29
356.31
356.42
356.48
356.62
356.63
356.63
356.77
356.95
356.96
357.13
357.20
357.24
357.48
357.62
357.65
357.88
357.90
358.30
358.32
358.38
358.53
358.84
358.84
358.85
358.90
359.12
359.15
359.24
359.24
359.58
359.66
359.70
359.97
360.01
360.03
360.16
360.20
360.22
360.47
360.53
360.77
361.04
361.43
361.49
361.85
361.91
362.59
362.82
362.86
362.98
363.14
363.16
363.31
363.36
363.67
363.75
363.84
363.88
364.03
364.29
364.42
364.58
364.73
364.75
365.16
365.34
365.40
365.62
365.83
366.01
366.09
366.30
366.32
366.56
366.68
367.18
367.19
367.20
367.23
367.55
367.61
367.69
367.79
367.83
368.04
368.43
368.69
368.86
368.94
368.99
369.16
369.19
369.24
369.39
369.63
369.70
369.82
369.97
369.98
370.03
370.10
370.32
370.49
370.96
371.01
371.14
371.26
371.49
371.65
371.79
371.87
372.19
372.24
372.25
372.67
372.82
372.83
372.91
372.97
373.15
373.26
373.82
374.27
374.40
374.42
374.58
374.70
374.82
375.04
375.08
375.24
375.26
375.27
375.47
375.56
375.64
375.69
375.97
376.03
376.06
376.10
376.14
376.22
376.26
376.28
376.31
376.99
377.02
377.10
377.60
377.77
377.78
377.78
377.87
378.05
378.31
378.50
378.54
378.83
378.95
379.34
379.53
379.55
379.72
379.95
380.02
380.12
380.71
381.04
381.61
381.67
381.71
381.77
382.15
382.20
382.26
382.31
382.41
382.41
382.51
382.58
382.71
382.93
383.00
383.02
383.04
383.14
383.17
383.22
383.23
383.27
383.33
383.36
383.39
383.93
384.25
384.29
384.79
384.84
385.18
385.26
385.56
385.69
385.70
385.87
385.93
386.09
386.25
386.43
386.51
386.53
386.86
386.94
386.94
387.06
387.42
387.43
387.46
387.56
387.58
388.05
388.38
388.71
388.81
388.89
388.97
389.19
389.28
389.65
389.75
389.97
390.00
390.13
390.16
390.19
390.32
390.41
390.46
390.77
390.90
390.99
391.35
391.36
391.63
391.74
391.80
391.93
392.51
392.89
393.00
393.13
393.20
393.24
393.55
393.60
393.74
393.88
393.96
394.03
394.04
394.21
394.25
394.30
394.31
394.41
394.64
394.69
394.96
394.97
395.07
395.08
395.45
395.54
395.64
395.64
395.70
395.89
395.96
396.05
396.49
396.83
396.89
396.92
397.10
397.33
397.42
397.43
397.46
397.51
397.60
397.80
397.93
398.36
398.45
398.60
398.71
398.74
398.87
399.42
399.66
399.79
399.90
399.99
400.03
400.19
400.24
400.33
400.47
400.68
400.75
401.06
401.23
401.30
401.32
402.02
402.05
402.46
402.47
402.87
403.04
403.14
403.32
403.39
403.59
403.59
403.69
403.76
403.80
403.87
403.89
403.90
404.01
404.20
404.23
404.31
404.36
404.51
404.84
404.97
405.07
405.27
405.60
405.89
406.08
406.36
406.60
406.74
406.76
406.78
406.90
406.91
407.05
407.24
407.51
407.61
407.76
407.85
408.03
408.16
408.57
408.57
408.82
408.82
408.87
408.87
408.90
409.08
409.24
409.55
409.83
409.87
409.96
410.06
410.10
410.27
410.94
411.00
411.06
411.27
411.35
411.43
411.47
411.50
411.58
411.62
411.72
411.78
412.03
412.13
412.17
412.33
412.68
412.74
412.83
413.13
413.16
413.46
413.55
413.55
413.66
413.75
413.78
413.83
413.88
413.99
414.13
414.30
414.79
414.93
415.00
415.00
415.16
415.21
415.31
415.42
415.46
415.91
415.96
415.98
416.29
416.49
416.57
416.77
416.85
416.88
417.08
417.16
417.17
417.22
417.55
417.92
417.97
417.98
418.00
418.11
418.18
418.35
418.48
418.64
418.81
419.30
419.67
419.75
420.20
420.24
420.27
420.31
420.32
420.51
420.54
420.63
420.82
420.82
420.92
420.95
421.08
421.19
421.30
421.31
421.66
421.84
422.55
423.13
423.18
423.22
423.44
423.47
423.58
423.76
423.82
424.36
424.46
424.51
424.65
424.77
424.80
424.87
425.13
425.22
425.27
425.31
425.35
425.37
425.85
425.91
425.93
426.04
426.51
426.81
426.91
427.04
427.29
427.84
427.85
428.04
428.25
428.65
428.80
428.81
428.89
429.11
429.11
429.14
429.35
429.49
429.56
429.63
429.69
429.80
429.99
430.02
430.18
430.34
430.37
430.59
430.67
430.71
430.89
431.11
431.21
431.48
431.98
432.13
432.18
432.33
432.38
432.47
433.08
433.10
433.14
433.19
433.45
433.53
434.04
434.13
434.16
434.23
434.25
434.26
434.53
434.54
434.54
434.59
434.78
435.00
435.10
435.13
435.80
435.92
435.92
435.98
436.21
436.28
436.76
436.77
437.15
437.34
437.62
437.71
437.87
438.22
438.23
438.26
438.71
438.84
439.28
439.41
439.65
439.93
439.93
439.93
440.21
440.27
440.39
440.42
440.43
440.69
440.73
440.88
440.89
440.96
441.15
441.16
441.25
441.25
441.44
441.46
441.69
442.23
442.37
442.37
442.63
442.76
442.76
442.88
442.90
442.91
442.96
442.97
443.46
443.86
443.92
444.29
444.32
444.37
444.41
444.86
445.02
445.27
445.29
445.57
446.02
446.03
446.09
446.11
446.26
446.28
446.47
446.49
447.12
447.36
447.37
447.79
447.86
447.87
448.01
448.03
448.17
448.18
448.45
448.56
448.60
448.81
448.86
448.86
449.06
449.41
449.56
449.75
450.18
450.39
450.56
450.65
450.86
450.90
451.14
451.31
451.60
452.15
452.28
452.61
452.86
452.89
452.92
452.93
453.08
453.40
453.42
453.51
453.66
453.67
453.70
453.74
453.81
453.85
454.18
454.30
454.32
454.38
454.41
454.46
454.66
454.67
454.67
454.79
454.94
454.95
455.05
455.16
455.41
455.58
455.59
455.62
455.67
455.68
455.70
455.87
455.94
456.03
456.03
456.03
456.12
456.47
456.70
456.80
456.87
457.32
457.32
457.34
457.54
457.61
457.89
457.99
458.07
458.21
458.30
458.31
458.37
458.38
458.46
458.56
458.70
458.71
458.89
458.99
459.17
459.21
459.29
459.46
459.75
459.76
459.78
460.02
460.15
460.24
460.69
460.91
460.95
461.06
461.06
461.07
461.19
461.23
461.46
461.92
462.04
462.04
462.33
462.39
462.48
462.77
462.89
463.07
463.68
463.79
463.81
464.03
464.06
464.17
464.51
464.72
464.81
464.87
464.93
465.09
465.09
465.11
465.59
465.88
465.94
465.98
466.20
466.27
466.31
466.33
466.93
466.94
466.95
467.14
467.21
467.25
467.27
467.55
467.64
467.65
467.90
467.94
467.98
468.01
468.16
468.24
468.59
468.64
468.74
468.77
468.78
468.79
468.81
468.85
468.88
468.98
469.04
469.13
469.40
469.84
469.93
469.97
470.31
470.62
470.68
470.68
470.93
471.00
471.19
471.21
471.21
471.22
471.22
471.41
471.59
471.69
471.85
471.97
472.12
472.34
472.52
472.83
472.92
472.99
473.02
473.18
473.48
474.40
474.54
475.07
475.29
475.45
475.60
475.63
475.75
475.78
476.00
476.16
476.33
476.41
476.66
476.87
476.88
478.02
478.06
478.41
478.68
478.81
478.87
478.93
479.37
479.57
479.62
479.87
480.06
480.06
480.09
480.14
480.16
480.32
480.44
480.51
480.55
480.80
480.89
480.97
481.05
481.13
481.16
481.19
481.38
481.56
481.81
481.83
481.91
481.99
482.05
482.20
482.37
482.64
482.96
483.40
483.61
483.97
484.26
484.29
484.45
484.51
484.55
484.94
485.20
485.36
485.39
485.59
485.71
485.79
485.95
485.99
486.02
486.10
486.18
486.30
486.34
486.43
486.64
486.83
486.92
487.50
487.54
487.54
487.69
487.76
487.82
488.23
488.35
488.59
488.79
489.00
489.24
489.29
489.60
489.64
489.70
489.82
490.00
490.11
490.16
490.36
490.60
490.64
490.95
491.01
491.06
491.28
491.29
491.39
491.62
491.62
491.79
491.96
492.05
492.15
492.33
492.59
492.71
493.09
493.25
493.45
493.46
493.67
493.67
493.71
493.89
493.89
494.17
494.55
494.63
494.67
494.86
495.06
495.16
495.30
495.50
495.52
495.76
495.82
496.21
496.33
496.38
496.46
496.70
497.42
497.53
497.69
497.78
497.93
498.00
498.06
498.20
498.54
498.63
499.07
499.55
500.22
500.23
500.55
500.68
500.71
500.72
500.88
501.18
501.51
501.62
501.65
501.75
501.95
502.50
502.50
502.87
503.53
503.66
503.82
503.89
504.01
504.06
504.22
504.37
504.46
504.51
505.01
505.09
505.15
505.15
505.25
505.34
505.34
505.57
505.68
506.24
506.60
506.75
506.76
506.92
506.97
507.00
507.00
507.15
507.51
507.76
508.82
508.91
508.95
509.02
509.09
509.13
509.37
509.38
509.43
510.23
510.61
510.63
510.64
510.95
511.39
511.46
511.95
511.98
512.04
512.20
512.23
512.37
512.62
512.63
512.64
512.69
513.06
513.19
513.38
513.74
513.74
514.09
514.72
514.73
514.97
515.09
515.09
515.16
515.37
515.63
515.65
515.91
516.17
516.33
516.47
516.54
516.59
516.59
517.13
517.58
517.80
517.82
517.88
518.00
518.28
518.31
518.51
518.57
518.85
519.07
519.12
519.27
519.32
519.74
519.86
520.23
520.33
520.43
520.59
520.88
520.91
520.91
520.96
521.21
521.35
521.56
521.92
522.27
522.32
522.79
523.02
523.41
523.55
523.56
523.71
523.94
524.15
524.26
524.40
524.90
524.98
524.98
525.06
525.18
525.18
525.52
525.59
525.59
525.60
525.74
525.88
526.06
526.16
526.23
526.29
526.44
526.75
527.18
527.34
527.58
527.65
527.77
527.98
528.37
528.50
529.00
529.15
529.20
529.55
529.64
529.72
529.75
530.14
530.21
530.49
530.58
530.85
530.88
530.93
531.00
531.10
531.76
532.18
532.41
532.52
532.68
532.69
533.19
533.54
533.65
534.04
534.05
534.09
534.16
534.53
534.91
535.10
535.28
535.37
535.48
535.94
536.11
536.23
536.23
536.36
536.83
536.91
537.22
537.39
537.49
537.65
537.87
538.59
539.08
539.17
539.41
539.43
539.53
539.74
540.15
540.23
540.41
540.42
540.82
540.96
540.97
541.04
541.12
541.15
541.22
541.29
541.35
541.42
541.42
541.83
542.36
542.38
542.43
542.44
542.61
542.64
542.76
542.92
543.12
543.67
543.72
543.75
543.77
543.96
544.03
544.09
544.19
544.28
544.33
544.34
544.36
544.40
544.47
544.60
544.61
544.74
544.82
545.01
545.04
545.26
545.37
545.43
545.49
545.60
545.63
545.67
545.72
546.08
546.24
546.56
546.56
546.76
546.87
546.88
547.19
547.27
547.37
547.66
547.80
547.89
548.14
548.44
548.65
548.73
548.74
548.77
549.00
549.04
549.04
549.14
549.44
549.96
550.29
550.36
550.42
550.85
550.92
551.19
551.20
551.27
551.43
551.61
552.07
552.08
552.16
552.29
552.44
552.45
552.53
552.66
552.71
553.12
553.13
553.63
553.69
553.93
554.41
554.69
554.78
555.30
555.41
555.44
555.79
556.13
556.33
556.36
556.50
556.82
556.87
557.04
557.21
557.30
557.47
557.59
557.62
557.64
557.68
558.04
558.08
558.12
558.48
558.92
559.02
559.04
559.50
559.82
559.85
559.93
559.94
560.51
560.56
560.67
560.70
560.70
560.84
560.90
561.06
561.28
561.53
561.80
562.32
562.57
563.11
563.12
563.66
563.77
563.99
564.17
564.26
564.35
564.69
564.73
564.78
564.94
565.13
565.31
565.73
565.83
565.93
566.15
566.48
566.55
566.72
566.82
566.96
567.08
567.18
567.20
567.27
567.34
567.42
567.43
567.50
567.60
567.89
568.01
568.37
568.41
568.44
568.48
569.05
569.14
569.37
569.63
569.78
570.20
570.43
570.45
570.64
571.40
571.58
571.77
571.77
572.01
572.19
572.29
572.31
572.34
572.35
572.74
573.07
573.19
573.31
573.38
573.60
573.71
573.71
573.86
573.92
574.12
574.20
574.38
574.42
574.63
574.66
575.03
575.29
575.68
576.16
576.32
576.39
576.59
577.04
577.62
577.84
578.04
578.68
578.75
578.91
578.91
579.05
579.37
579.53
579.53
579.95
580.10
580.85
580.87
580.88
580.92
580.97
581.11
581.51
581.73
581.77
581.85
581.92
582.09
582.18
582.27
582.27
582.34
582.38
582.43
582.45
582.54
583.09
583.39
583.55
583.69
583.85
584.11
584.14
584.26
584.45
585.19
585.42
585.47
585.52
585.55
585.61
585.85
585.99
586.05
586.34
586.43
586.52
587.16
587.30
588.44
588.62
588.73
588.87
589.86
590.52
590.64
590.82
590.97
591.01
591.58
591.64
592.00
592.04
592.09
592.58
592.74
592.85
592.88
593.40
593.64
593.66
594.16
594.25
594.48
594.49
594.65
594.72
595.06
595.48
595.66
595.71
595.86
595.97
596.12
596.17
596.40
596.45
596.50
596.83
597.23
597.44
597.52
597.72
597.78
598.14
598.58
598.73
598.74
598.84
598.97
599.02
599.22
599.23
599.61
599.76
600.13
600.42
600.66
600.70
600.72
600.91
601.14
601.14
601.35
601.39
601.49
602.17
602.23
602.49
602.61
602.83
602.91
603.00
603.58
603.81
603.87
604.00
604.04
604.04
604.04
604.38
604.51
605.04
605.43
605.46
605.49
605.61
605.64
606.07
606.21
606.73
606.99
607.54
607.56
607.65
607.65
607.87
607.89
607.93
608.19
608.30
608.66
608.88
608.92
608.92
609.08
609.12
609.36
610.15
610.42
610.51
610.57
610.69
610.76
610.86
610.88
611.44
611.53
611.65
611.89
612.31
612.34
612.38
612.41
612.62
613.00
614.30
614.38
614.56
614.70
614.74
614.84
614.86
615.55
615.68
615.93
616.17
616.48
616.60
616.72
617.18
617.19
617.49
617.52
617.84
618.00
618.30
618.59
618.68
618.90
618.95
619.01
619.38
619.51
620.42
620.70
620.78
621.25
622.01
622.09
622.12
622.59
622.61
622.65
622.67
622.71
623.23
623.36
623.71
623.76
624.29
624.67
625.02
625.02
625.12
625.23
625.32
625.57
625.58
625.65
625.87
626.03
626.22
626.57
626.80
627.16
627.19
627.42
627.51
627.80
627.94
627.96
628.07
628.45
628.46
628.54
628.60
628.60
628.88
628.95
629.20
629.20
629.21
629.26
629.27
629.40
629.99
630.35
630.38
630.38
630.41
631.11
631.31
631.39
631.47
631.66
632.34
632.63
632.73
632.78
632.81
632.92
633.35
633.41
633.58
633.82
634.69
634.78
634.87
634.98
635.39
635.54
635.56
635.84
636.42
636.56
636.60
636.74
637.01
637.45
637.70
637.78
637.98
638.04
638.07
638.47
638.52
638.55
638.57
638.79
638.83
638.86
638.95
639.05
639.17
639.28
639.33
639.64
639.77
639.78
639.93
640.10
640.42
640.99
641.31
641.52
641.83
642.02
642.11
642.39
642.51
643.27
643.48
644.44
644.59
644.88
644.88
645.02
645.09
645.12
645.16
645.41
646.26
646.32
646.58
646.63
647.02
647.08
647.39
647.52
647.54
647.58
647.69
647.88
648.14
648.44
648.76
648.79
648.87
648.89
648.93
649.08
649.41
649.51
649.57
649.99
650.25
650.43
650.45
650.54
650.60
650.64
650.88
651.02
651.02
651.03
651.07
651.41
652.02
652.10
652.20
652.21
652.22
652.55
652.65
652.69
653.00
653.30
653.43
653.47
653.55
653.73
653.75
653.90
654.29
654.61
655.34
655.52
655.73
655.82
655.92
656.40
656.59
657.31
657.45
657.59
657.83
658.06
658.08
658.66
658.98
659.10
659.21
659.25
659.27
659.43
659.49
659.63
659.87
660.69
661.13
661.26
662.15
662.20
662.26
662.32
662.95
662.95
663.02
663.22
663.33
663.47
663.60
663.87
663.89
664.34
664.59
664.95
665.09
665.50
665.60
665.69
665.80
665.91
666.22
666.30
666.33
666.40
666.43
666.51
666.58
666.66
666.66
666.74
666.96
667.00
667.03
667.05
667.65
667.93
668.14
668.27
668.72
668.81
668.86
668.86
669.00
669.21
669.50
669.89
669.91
669.95
670.15
670.29
671.04
671.73
672.05
672.38
672.44
672.47
672.72
672.81
672.95
673.14
673.25
673.33
673.49
673.53
673.54
673.77
674.19
674.49
674.69
674.85
674.90
675.73
675.73
676.00
676.21
676.22
676.33
676.39
676.43
676.51
676.77
676.91
677.19
677.40
677.48
677.55
677.59
677.60
677.81
678.24
678.31
678.37
678.39
679.63
679.64
680.10
680.22
680.37
680.43
680.78
680.95
681.70
681.99
682.07
682.13
682.22
682.37
682.55
682.97
683.55
684.09
684.14
684.25
684.56
684.88
685.71
686.08
686.13
686.23
686.26
686.35
686.45
686.55
686.62
686.78
687.26
687.33
687.79
687.99
688.62
688.63
688.67
688.87
688.88
689.17
689.67
689.80
689.87
689.89
689.89
689.99
690.00
690.27
690.52
690.60
691.03
691.08
691.10
691.26
691.26
691.38
691.88
692.05
692.09
692.21
692.78
692.92
692.96
693.44
693.95
694.05
694.24
694.42
695.02
695.24
695.59
695.62
695.98
696.36
696.82
697.21
697.49
697.63
697.73
697.77
698.05
698.33
698.41
698.67
698.69
698.81
698.87
699.34
699.68
699.84
699.99
700.03
700.27
700.43
701.09
701.36
701.58
701.71
701.88
701.97
702.19
702.22
702.59
702.81
702.89
703.05
703.31
703.54
703.94
704.37
704.41
704.56
705.06
705.09
705.17
705.61
705.64
705.73
705.84
706.05
706.29
706.34
706.68
706.81
706.84
706.88
706.96
707.24
707.35
707.57
707.62
707.78
707.80
708.13
708.18
708.28
708.41
708.50
708.74
708.98
709.53
709.56
710.37
710.43
710.66
711.19
711.28
711.32
711.59
711.91
712.03
712.57
712.96
713.07
713.10
713.33
713.57
713.70
713.79
714.19
714.26
714.92
715.67
716.02
716.70
716.82
717.18
717.28
717.35
717.74
717.81
718.19
718.23
718.30
718.48
718.66
718.73
718.99
719.36
719.50
719.51
719.68
719.72
719.92
720.16
720.22
720.39
720.89
721.33
721.49
721.56
721.86
722.30
722.56
723.36
723.57
723.81
723.93
724.27
724.28
724.86
724.91
724.97
725.76
725.87
726.23
726.30
726.33
726.34
726.41
726.51
726.54
726.57
726.70
727.02
727.45
728.23
728.63
728.66
728.67
729.39
729.41
729.64
729.75
730.07
730.40
730.71
731.18
731.45
731.55
731.82
732.16
732.32
732.77
732.87
732.95
733.05
733.47
733.79
733.83
733.84
734.87
734.94
735.60
735.65
735.72
735.83
736.16
736.58
736.58
736.66
736.85
736.88
737.05
737.63
737.66
737.90
738.57
738.69
738.84
738.87
738.94
738.96
739.23
739.43
740.21
740.21
740.23
740.31
740.58
741.01
741.04
741.34
741.85
741.92
741.95
742.11
742.23
742.33
742.55
742.56
742.80
742.84
742.99
743.01
743.49
744.19
744.61
744.87
745.05
745.27
745.44
745.48
745.75
745.77
745.98
746.06
746.68
747.89
748.47
748.67
750.23
750.47
750.61
750.71
751.04
751.35
751.37
751.43
752.25
752.30
752.60
753.14
753.15
753.24
753.32
753.59
754.02
754.83
755.10
755.15
755.34
755.44
755.45
755.59
755.67
755.80
755.80
755.84
755.86
756.07
756.23
756.52
756.89
757.00
757.65
757.92
757.99
758.30
758.33
758.72
758.93
758.98
759.13
759.31
759.39
759.79
760.08
760.33
760.70
760.75
760.84
761.31
761.90
761.91
761.94
762.06
762.10
762.14
762.35
762.50
762.53
762.57
762.68
763.14
763.56
763.95
763.97
764.39
764.58
764.76
765.05
765.52
765.63
765.68
765.70
766.01
766.37
766.56
767.34
767.47
767.47
767.83
768.20
768.24
768.29
768.42
768.56
768.76
768.85
769.34
769.69
769.75
771.06
771.19
771.29
771.35
771.36
771.40
771.66
772.25
772.30
772.62
772.67
773.31
773.58
773.59
773.66
773.70
774.05
774.74
775.11
775.13
775.50
775.58
776.19
776.21
776.47
776.49
777.14
777.53
777.73
777.76
777.83
778.65
778.83
779.06
779.34
779.38
779.43
779.49
779.51
779.54
779.79
780.19
780.59
781.00
781.05
781.58
782.02
782.21
782.22
782.66
782.69
783.02
783.24
783.35
783.42
783.57
783.59
783.64
783.66
783.82
783.93
784.98
786.05
786.54
786.58
786.64
786.68
787.56
788.36
788.59
788.66
788.79
788.93
789.16
789.58
789.71
790.15
790.16
790.65
790.71
790.91
790.92
791.13
791.23
791.63
791.69
791.97
792.08
792.44
792.49
792.74
793.26
794.19
794.41
794.53
794.67
794.82
794.86
795.01
795.04
795.61
795.69
795.96
796.11
796.21
796.25
796.48
796.56
797.09
797.45
797.49
797.82
798.55
798.73
798.92
798.97
799.03
799.75
800.71
800.78
801.06
801.71
802.29
802.72
803.19
803.32
803.41
804.06
804.21
804.34
804.94
805.22
805.29
805.39
805.44
806.28
806.70
806.82
807.15
807.18
807.42
807.49
807.56
808.28
808.36
808.44
808.84
809.47
809.65
809.93
809.93
810.96
811.66
811.74
811.89
811.90
811.95
812.23
812.75
812.76
812.78
813.42
813.66
813.88
814.37
814.40
814.42
814.43
814.74
814.81
814.94
815.40
815.71
815.72
816.01
816.07
816.39
816.86
816.97
817.38
817.96
818.19
818.25
818.26
818.55
818.75
819.03
819.16
819.76
820.20
820.38
820.41
820.50
820.67
821.32
821.74
822.52
822.67
822.87
822.98
824.04
824.51
824.59
824.77
825.00
825.36
825.41
825.69
825.83
825.87
826.02
826.15
826.90
827.19
827.73
827.84
828.51
829.20
830.32
830.75
830.86
831.15
831.16
831.27
831.42
831.46
831.83
831.92
833.00
833.86
833.98
834.30
834.33
834.38
834.91
835.38
835.77
837.40
837.55
837.58
837.77
838.00
838.12
838.20
838.55
838.60
838.66
838.93
838.94
839.04
839.71
840.13
840.20
840.46
840.57
840.81
840.83
840.90
840.97
840.99
841.26
841.63
841.82
842.00
842.29
842.39
842.45
842.63
843.11
843.41
843.94
844.05
844.61
844.74
845.10
845.92
845.98
846.05
846.12
846.41
846.97
847.03
847.73
848.38
848.55
848.83
848.84
849.23
849.52
850.01
850.22
850.70
850.70
851.47
851.57
851.77
852.22
852.34
852.51
852.69
852.76
852.91
853.05
853.12
853.12
854.16
854.23
854.64
854.89
855.09
855.19
856.06
856.22
856.84
856.93
857.10
857.11
857.18
857.24
858.19
858.27
858.49
858.58
859.60
859.96
860.57
860.71
860.72
860.80
860.81
861.39
861.94
862.30
862.44
862.63
863.07
863.11
863.15
863.34
863.44
863.54
863.56
864.02
864.04
864.19
864.26
864.64
864.75
864.86
865.25
865.77
866.16
866.46
866.49
866.61
866.78
866.87
867.05
868.19
868.61
869.15
869.49
869.53
869.73
869.74
869.80
870.15
870.31
871.75
871.86
871.93
871.93
872.01
872.45
872.78
872.81
872.89
872.90
873.25
873.53
873.78
873.91
874.61
874.67
874.67
875.10
875.68
876.29
876.46
876.57
877.07
877.33
877.74
878.12
879.04
879.11
879.91
880.19
880.38
880.45
880.52
880.70
880.76
880.94
881.10
881.24
881.33
881.48
881.66
882.01
882.11
882.19
882.69
882.95
883.40
883.94
885.10
885.10
885.24
885.24
885.65
886.30
886.69
886.94
887.26
887.54
887.65
887.65
887.76
888.16
888.21
888.76
888.80
888.90
889.74
889.85
889.90
890.03
890.18
890.84
891.34
891.95
891.99
892.56
892.58
893.29
893.48
893.71
893.86
894.07
894.58
894.81
895.00
895.04
895.09
895.36
895.55
896.37
897.06
897.27
897.34
897.68
897.72
897.99
898.29
898.31
898.61
898.69
898.69
898.71
899.17
899.55
899.67
899.76
899.89
899.94
900.58
900.72
901.00
902.36
902.38
902.49
902.78
902.92
903.52
904.32
904.86
905.11
905.46
905.59
905.81
905.91
906.19
906.56
907.31
907.53
907.61
907.74
907.76
907.90
907.99
908.15
908.33
908.56
908.65
908.77
909.47
910.03
910.13
910.38
910.61
910.67
910.86
911.05
911.61
911.80
911.95
912.05
912.10
912.13
912.37
912.42
912.96
913.22
913.26
913.29
914.02
914.10
914.55
914.98
915.09
915.91
915.92
916.24
916.46
916.69
916.80
916.85
916.90
917.10
917.35
917.52
917.63
917.71
918.25
918.26
918.52
918.55
918.87
919.31
919.33
919.72
919.99
919.99
920.38
920.68
921.08
921.63
921.89
922.23
922.42
922.50
922.59
922.87
922.90
923.76
924.36
925.04
925.23
925.26
925.35
925.55
925.81
925.84
926.14
926.30
926.68
926.72
927.14
927.34
927.43
927.51
927.77
928.17
928.65
928.96
929.07
929.30
929.65
929.72
929.72
929.75
930.21
930.38
930.68
931.20
931.24
931.81
931.91
931.95
932.14
932.21
932.36
932.38
932.40
933.31
933.49
934.77
934.79
934.87
935.00
935.03
935.67
935.97
936.17
936.54
936.54
937.19
938.05
938.29
938.65
939.25
939.32
939.43
939.53
939.59
939.63
940.28
940.28
940.49
940.74
940.83
940.97
941.08
941.24
941.26
941.33
941.44
941.78
941.88
942.37
942.41
942.56
942.96
943.15
943.15
943.59
943.93
944.16
945.06
945.34
945.63
946.12
946.13
946.88
946.96
947.01
947.13
947.48
947.75
948.09
948.49
949.04
949.31
949.40
949.74
950.01
950.92
951.05
951.23
951.38
951.40
951.51
951.66
952.45
952.62
952.94
953.37
953.55
954.31
954.45
954.88
955.02
955.57
955.72
955.96
957.28
957.42
957.44
957.55
957.62
957.65
957.71
957.73
957.77
958.28
958.36
958.70
959.14
959.57
959.81
961.17
961.29
961.69
962.71
963.13
963.17
963.45
963.79
963.84
964.67
965.22
966.10
966.77
966.89
967.93
968.40
968.61
968.87
969.25
969.26
969.73
970.35
971.13
971.19
971.21
971.79
972.42
972.50
973.06
973.19
973.93
974.02
974.31
974.38
974.51
975.12
975.83
975.94
976.00
976.42
976.54
977.07
978.10
978.26
978.31
978.55
978.78
979.19
979.28
979.40
979.63
979.74
979.87
980.06
980.15
980.43
980.72
980.75
981.14
981.41
981.42
981.44
981.79
982.48
982.63
983.03
983.36
983.39
983.95
984.22
984.35
984.47
984.52
984.61
984.72
985.12
985.43
985.69
985.69
986.43
987.27
987.53
987.53
988.78
989.32
989.39
989.41
989.69
989.99
990.44
991.19
991.20
991.94
991.98
992.23
992.32
992.51
992.55
993.37
994.12
994.25
994.52
994.89
996.33
997.13
997.17
998.37
998.60
998.66
998.76
998.77
998.96
998.99
999.00
999.14
999.60
999.67
1000.02
1000.68
1001.36
1001.44
1001.50
1001.78
1001.90
1002.15
1002.37
1002.45
1002.87
1003.07
1003.10
1003.26
1003.83
1004.25
1004.26
1004.47
1004.61
1004.85
1004.93
1005.38
1005.73
1006.47
1006.61
1007.14
1007.43
1007.79
1007.81
1008.32
1008.60
1008.63
1008.89
1009.01
1009.12
1009.15
1009.35
1009.90
1010.44
1011.84
1012.14
1012.21
1013.09
1013.68
1013.85
1014.53
1014.67
1014.76
1015.90
1016.38
1016.41
1016.58
1016.60
1017.10
1017.52
1017.56
1017.74
1017.98
1018.32
1018.75
1018.97
1019.10
1019.14
1019.30
1019.34
1019.87
1020.72
1021.82
1021.91
1022.19
1022.61
1022.64
1023.73
1023.85
1023.95
1024.04
1024.20
1024.73
1024.81
1025.04
1025.61
1025.67
1026.04
1027.37
1027.49
1027.91
1028.73
1029.52
1029.65
1030.68
1031.41
1031.90
1032.28
1032.65
1032.71
1032.84
1032.87
1033.09
1033.11
1033.23
1033.23
1033.86
1034.08
1034.10
1034.17
1034.77
1035.03
1036.30
1036.48
1036.67
1037.25
1037.49
1038.22
1039.13
1039.62
1039.71
1040.22
1041.19
1042.01
1042.04
1042.78
1043.06
1043.43
1043.50
1043.80
1044.47
1044.89
1045.25
1045.42
1045.46
1046.06
1047.24
1047.99
1048.17
1048.25
1048.67
1048.70
1048.87
1049.84
1050.66
1051.14
1052.35
1052.51
1052.63
1052.92
1052.98
1053.20
1054.38
1054.47
1054.77
1055.66
1055.77
1055.79
1056.93
1057.09
1057.39
1057.63
1057.71
1057.99
1059.18
1059.26
1060.11
1060.12
1060.23
1060.36
1060.39
1060.69
1061.47
1061.63
1062.33
1063.24
1063.33
1063.41
1063.65
1065.16
1065.38
1065.40
1066.56
1066.60
1066.71
1066.81
1067.16
1067.93
1068.29
1068.29
1068.97
1069.06
1069.12
1069.22
1069.36
1069.97
1070.14
1070.21
1070.22
1070.27
1070.63
1071.03
1071.81
1072.17
1072.18
1072.90
1073.46
1074.06
1074.28
1074.29
1074.44
1075.00
1075.05
1075.22
1075.39
1076.11
1076.15
1076.67
1076.90
1077.13
1077.33
1077.50
1077.63
1077.89
1077.92
1078.44
1078.73
1079.07
1079.37
1080.07
1080.34
1080.91
1081.59
1081.66
1081.69
1081.75
1082.35
1082.48
1082.90
1083.07
1083.22
1083.36
1083.36
1083.55
1083.64
1084.26
1085.97
1086.60
1086.87
1088.73
1088.92
1089.78
1090.13
1090.54
1090.64
1091.09
1091.33
1091.69
1091.81
1092.72
1092.96
1093.03
1093.35
1093.82
1094.07
1094.32
1094.99
1095.42
1095.48
1095.78
1095.94
1096.01
1096.13
1096.51
1096.74
1096.76
1097.86
1098.20
1098.83
1099.91
1100.04
1100.68
1100.87
1100.97
1101.15
1101.43
1101.85
1101.95
1102.48
1103.22
1103.33
1103.38
1103.89
1104.06
1104.86
1105.88
1106.32
1106.71
1106.88
1107.47
1107.68
1107.76
1107.80
1107.80
1108.26
1108.81
1108.99
1109.37
1109.43
1110.91
1111.25
1111.57
1112.39
1112.43
1112.70
1113.19
1113.45
1113.79
1114.13
1115.02
1115.43
1115.59
1115.61
1116.25
1116.50
1117.01
1117.12
1117.37
1117.60
1117.94
1118.41
1119.04
1119.45
1119.82
1119.83
1119.98
1120.00
1120.53
1120.62
1120.63
1121.04
1122.73
1123.09
1123.13
1123.14
1123.30
1123.51
1124.32
1124.52
1124.81
1125.02
1127.06
1127.20
1128.15
1128.19
1128.53
1128.76
1129.20
1129.44
1130.04
1131.25
1131.45
1131.71
1132.18
1133.14
1133.35
1133.42
1133.47
1133.47
1133.56
1133.59
1134.27
1134.54
1135.23
1135.36
1135.46
1136.06
1136.18
1136.34
1136.41
1136.41
1136.75
1136.89
1137.22
1137.28
1137.75
1138.26
1138.47
1139.05
1139.19
1139.66
1139.82
1140.21
1140.38
1140.99
1141.14
1141.46
1141.52
1142.41
1142.47
1143.39
1143.65
1143.73
1144.54
1146.01
1146.66
1147.00
1147.53
1148.79
1149.03
1149.27
1149.50
1149.90
1150.87
1151.44
1151.77
1152.38
1152.67
1152.90
1153.16
1153.70
1154.04
1154.61
1154.90
1155.02
1155.90
1159.83
1160.22
1161.96
1162.11
1163.42
1164.61
1166.15
1166.19
1166.24
1166.35
1166.49
1166.71
1167.03
1168.07
1168.30
1168.31
1168.66
1168.80
1168.99
1169.04
1169.25
1169.41
1169.87
1169.94
1170.01
1170.20
1170.95
1171.22
1171.53
1171.79
1172.20
1172.59
1172.72
1172.88
1173.75
1173.92
1174.91
1175.35
1176.70
1176.95
1177.03
1177.77
1178.49
1178.76
1178.93
1179.83
1180.90
1180.98
1181.16
1182.69
1183.01
1183.78
1185.06
1185.89
1186.67
1186.77
1187.00
1187.04
1187.53
1187.57
1187.81
1188.30
1189.10
1189.35
1190.24
1191.02
1191.66
1192.07
1194.27
1195.03
1195.21
1195.33
1195.78
1196.39
1196.54
1197.20
1197.26
1197.98
1200.37
1201.07
1201.58
1201.97
1202.09
1202.09
1202.53
1202.92
1203.48
1203.89
1204.02
1204.48
1204.55
1205.03
1205.51
1206.06
1206.69
1206.70
1206.78
1207.46
1207.55
1208.45
1209.10
1210.10
1211.68
1211.76
1212.17
1213.07
1213.24
1213.64
1213.69
1215.06
1215.50
1215.87
1216.02
1216.16
1216.45
1217.15
1217.37
1217.44
1218.10
1218.91
1219.06
1220.54
1221.48
1221.49
1221.49
1221.81
1221.98
1222.44
1222.82
1223.53
1223.74
1223.86
1224.64
1224.92
1225.30
1225.51
1226.08
1226.32
1226.34
1227.07
1227.32
1227.33
1229.74
1229.83
1229.88
1230.32
1230.44
1230.84
1231.07
1231.07
1231.31
1231.59
1231.91
1232.20
1232.37
1232.98
1234.26
1234.76
1234.95
1235.10
1235.22
1235.29
1235.45
1235.49
1236.92
1237.45
1237.67
1237.76
1238.72
1239.57
1239.84
1240.32
1240.64
1240.71
1240.92
1241.13
1242.28
1242.64
1242.73
1242.87
1242.91
1243.45
1244.02
1245.43
1245.69
1245.96
1246.04
1246.98
1247.75
1247.98
1248.09
1248.34
1248.51
1248.80
1248.99
1250.01
1250.14
1250.40
1251.02
1251.16
1251.40
1254.83
1255.13
1256.01
1257.25
1257.39
1257.51
1258.54
1258.77
1259.35
1259.46
1259.62
1259.82
1260.23
1260.97
1260.98
1262.98
1263.41
1263.91
1264.56
1265.17
1265.99
1266.29
1267.67
1269.26
1269.29
1269.32
1269.72
1270.16
1270.72
1270.85
1271.53
1272.10
1273.74
1274.95
1275.32
1275.34
1275.68
1275.85
1275.98
1276.66
1277.66
1277.88
1278.40
1278.82
1279.44
1280.16
1280.60
1281.37
1281.63
1281.67
1281.73
1282.11
1282.52
1284.91
1285.53
1285.59
1286.17
1287.77
1288.21
1289.33
1289.81
1290.84
1291.05
1291.32
1291.48
1292.04
1292.31
1292.90
1292.95
1293.25
1293.33
1293.67
1293.76
1293.81
1294.39
1294.60
1295.38
1295.64
1295.92
1296.01
1296.05
1296.93
1297.17
1297.27
1297.51
1297.89
1299.32
1300.23
1300.64
1301.02
1301.51
1303.14
1303.50
1303.69
1303.71
1303.71
1303.83
1303.95
1304.16
1304.16
1304.40
1304.57
1306.40
1307.15
1307.16
1308.05
1308.42
1308.60
1308.99
1309.78
1310.80
1311.38
1311.47
1312.08
1312.37
1312.60
1313.01
1315.47
1315.69
1316.46
1317.23
1317.31
1317.64
1318.01
1318.64
1318.94
1318.98
1319.49
1319.97
1320.31
1320.54
1321.65
1321.81
1321.91
1322.04
1322.67
1323.23
1323.23
1323.37
1325.20
1325.45
1326.65
1327.24
1327.86
1328.86
1329.17
1329.19
1330.07
1330.88
1331.08
1331.21
1331.63
1332.80
1334.56
1335.36
1336.32
1336.46
1338.45
1338.58
1339.14
1339.18
1339.52
1339.76
1340.39
1340.47
1340.65
1340.69
1340.87
1344.15
1344.54
1344.61
1345.11
1345.34
1345.36
1345.79
1346.27
1346.71
1346.78
1347.50
1348.07
1348.33
1348.53
1348.78
1348.96
1351.73
1352.08
1352.79
1353.65
1353.84
1355.19
1355.66
1356.33
1357.21
1357.35
1357.40
1357.45
1357.55
1357.61
1357.68
1358.32
1358.46
1358.79
1358.96
1359.49
1359.65
1359.98
1361.39
1361.79
1361.79
1362.11
1362.79
1363.96
1364.03
1364.62
1364.75
1365.15
1365.37
1365.67
1367.90
1369.10
1369.34
1369.98
1370.63
1371.44
1371.99
1372.08
1372.19
1372.63
1372.90
1372.93
1373.05
1373.12
1375.47
1376.04
1377.15
1377.41
1377.62
1378.11
1379.11
1379.41
1379.42
1380.45
1380.63
1381.36
1381.47
1381.51
1381.75
1382.08
1382.59
1384.77
1385.28
1385.33
1385.78
1386.48
1386.75
1387.43
1387.52
1387.88
1388.40
1389.31
1389.52
1389.61
1390.34
1390.57
1390.57
1390.69
1390.95
1391.85
1392.23
1393.33
1393.55
1394.08
1394.28
1394.53
1395.09
1395.57
1397.45
1397.99
1398.29
1398.67
1399.31
1399.94
1400.41
1400.79
1400.87
1401.34
1401.70
1402.13
1402.28
1402.40
1402.49
1402.69
1402.73
1403.28
1403.31
1403.95
1404.18
1405.96
1406.93
1406.96
1408.91
1408.97
1409.11
1409.67
1410.30
1410.33
1410.37
1410.43
1411.23
1411.44
1411.58
1411.61
1412.05
1413.37
1413.63
1413.98
1414.36
1414.64
1415.40
1416.49
1416.66
1418.53
1419.71
1420.80
1421.16
1421.22
1422.11
1422.76
1424.07
1425.95
1426.97
1427.04
1427.14
1427.49
1427.66
1427.88
1427.89
1427.99
1428.71
1429.05
1429.22
1429.70
1430.49
1430.63
1431.00
1431.05
1432.07
1432.52
1433.90
1435.55
1435.59
1436.07
1436.07
1436.09
1436.11
1438.05
1438.41
1439.11
1439.14
1439.31
1439.31
1439.78
1440.14
1441.99
1443.29
1444.22
1444.54
1445.10
1446.24
1446.62
1447.32
1447.45
1448.53
1451.01
1451.07
1451.88
1452.01
1452.83
1452.86
1453.79
1453.88
1455.11
1455.12
1455.63
1456.37
1456.38
1457.05
1457.49
1458.09
1459.92
1460.20
1460.42
1461.59
1461.99
1462.43
1462.64
1462.78
1463.10
1465.05
1465.14
1465.17
1465.19
1465.44
1465.92
1465.93
1466.04
1466.43
1468.12
1468.19
1469.36
1469.38
1470.40
1470.64
1471.16
1471.45
1471.59
1472.05
1472.29
1472.36
1473.39
1474.35
1474.36
1474.57
1474.76
1475.07
1475.86
1476.23
1476.89
1478.73
1479.13
1479.40
1479.83
1479.86
1480.26
1482.63
1482.71
1482.81
1483.40
1483.55
1484.13
1484.32
1484.37
1484.53
1484.54
1484.88
1485.24
1485.36
1486.14
1486.22
1488.29
1489.26
1490.48
1490.89
1491.06
1491.26
1492.47
1492.78
1493.99
1494.46
1494.99
1495.54
1495.67
1496.01
1496.67
1497.16
1498.08
1501.99
1503.26
1503.29
1503.29
1503.41
1504.87
1504.89
1505.67
1505.80
1506.31
1507.17
1508.90
1509.15
1509.50
1509.98
1510.39
1510.62
1511.04
1512.28
1512.35
1512.94
1513.87
1514.40
1514.77
1515.81
1516.28
1516.81
1516.89
1516.95
1517.12
1518.94
1519.75
1520.80
1521.19
1522.03
1522.56
1522.74
1523.81
1523.93
1524.41
1524.75
1525.36
1525.46
1526.31
1526.77
1526.90
1527.02
1527.86
1528.02
1528.45
1529.03
1529.25
1530.01
1530.34
1530.42
1531.20
1532.00
1532.63
1533.12
1533.54
1534.20
1534.98
1537.01
1537.98
1540.09
1540.66
1540.79
1541.19
1541.21
1541.89
1542.59
1544.13
1544.73
1545.15
1545.73
1546.85
1546.89
1547.00
1547.27
1547.72
1548.55
1548.80
1548.90
1549.50
1549.52
1549.72
1549.79
1550.27
1551.87
1553.51
1554.30
1554.67
1556.98
1557.72
1557.72
1557.81
1557.94
1558.31
1559.42
1559.91
1560.32
1560.39
1560.84
1560.96
1561.15
1562.62
1564.51
1564.60
1564.78
1565.02
1565.19
1566.19
1567.22
1567.53
1568.21
1568.38
1569.95
1570.60
1570.94
1572.61
1572.66
1573.64
1574.58
1574.87
1575.37
1575.52
1576.29
1576.49
1576.78
1576.88
1577.43
1577.98
1578.32
1578.32
1579.50
1580.32
1580.76
1581.27
1581.55
1582.45
1582.87
1584.53
1584.60
1585.49
1586.41
1587.43
1588.08
1588.22
1588.84
1589.16
1589.71
1590.02
1590.51
1590.54
1590.63
1590.75
1590.85
1591.06
1591.42
1591.45
1592.85
1592.88
1593.57
1594.18
1595.19
1596.97
1597.11
1598.29
1599.41
1600.21
1600.52
1601.12
1602.72
1603.01
1603.22
1604.37
1605.86
1606.12
1606.21
1606.61
1606.71
1607.15
1607.34
1607.58
1609.06
1611.10
1611.29
1611.83
1612.44
1615.25
1615.83
1616.11
1617.26
1617.46
1618.47
1619.70
1619.77
1620.86
1621.21
1622.07
1622.80
1623.42
1624.19
1624.75
1625.25
1625.42
1625.86
1626.00
1626.48
1627.39
1628.03
1628.13
1628.20
1630.51
1631.04
1631.18
1633.96
1634.40
1635.42
1636.84
1637.07
1637.19
1638.03
1638.33
1638.77
1639.92
1640.90
1641.50
1642.62
1643.74
1644.83
1646.52
1646.54
1647.54
1647.98
1648.37
1648.43
1650.18
1650.75
1652.45
1655.68
1657.44
1658.19
1659.24
1660.69
1662.16
1663.73
1664.22
1664.32
1664.67
1665.37
1665.57
1666.18
1666.32
1666.54
1666.70
1668.18
1670.73
1671.11
1676.85
1677.30
1677.45
1677.98
1682.39
1682.98
1683.19
1684.36
1684.98
1685.18
1685.38
1685.53
1685.65
1685.82
1686.11
1687.30
1687.42
1687.64
1688.06
1688.45
1688.85
1689.25
1692.36
1694.12
1694.36
1695.68
1696.84
1696.89
1697.79
1698.98
1699.21
1699.26
1699.41
1702.98
1705.36
1705.76
1705.78
1707.50
1707.85
1707.94
1710.59
1711.16
1711.49
1713.33
1713.87
1714.01
1714.13
1714.35
1715.41
1715.80
1715.93
1716.20
1716.59
1717.11
1718.53
1719.88
1719.92
1720.13
1720.54
1720.74
1721.54
1722.29
1722.45
1722.64
1722.90
1722.92
1723.72
1724.04
1724.23
1724.28
1724.38
1724.67
1725.76
1725.94
1727.08
1727.19
1727.59
1727.85
1727.89
1728.37
1729.29
1729.66
1730.41
1730.94
1731.54
1732.17
1735.08
1735.36
1735.44
1735.79
1736.70
1737.50
1737.97
1738.63
1738.63
1738.71
1739.44
1742.25
1742.78
1746.53
1746.91
1746.91
1747.48
1747.95
1748.16
1750.32
1750.32
1751.09
1752.85
1753.14
1753.56
1754.13
1754.39
1754.75
1757.05
1757.22
1757.24
1757.37
1758.10
1758.23
1758.59
1759.09
1760.78
1762.33
1762.99
1764.81
1765.36
1766.01
1766.56
1766.70
1768.05
1769.11
1770.52
1770.70
1770.89
1770.97
1771.16
1771.37
1771.64
1772.40
1772.98
1773.19
1773.65
1775.30
1775.34
1775.86
1777.55
1777.59
1777.84
1781.57
1782.33
1782.42
1783.48
1784.89
1785.12
1786.55
1787.35
1787.79
1788.24
1789.61
1790.11
1791.59
1791.99
1792.13
1792.83
1793.14
1793.66
1794.15
1794.96
1795.68
1796.95
1797.90
1798.09
1798.37
1798.46
1800.90
1801.42
1801.50
1801.71
1802.12
1802.44
1803.14
1803.84
1804.29
1804.49
1804.99
1805.29
1805.48
1806.03
1806.73
1807.28
1808.51
1808.55
1809.33
1809.73
1809.78
1810.37
1811.08
1811.21
1811.55
1811.74
1812.37
1813.00
1813.31
1813.35
1813.63
1814.31
1814.59
1814.59
1815.10
1815.26
1816.69
1816.75
1817.61
1819.68
1820.72
1821.16
1821.83
1822.06
1824.04
1824.77
1824.92
1825.02
1825.14
1825.24
1826.07
1826.09
1827.08
1827.20
1827.55
1827.65
1829.14
1829.25
1830.76
1834.17
1835.34
1835.84
1837.45
1838.78
1839.28
1839.36
1840.89
1841.25
1841.39
1842.86
1843.02
1844.00
1844.68
1845.28
1845.88
1846.27
1847.05
1847.25
1847.63
1848.63
1848.89
1849.09
1849.45
1850.49
1852.32
1852.50
1852.54
1852.68
1852.80
1854.12
1854.52
1854.96
1855.37
1857.82
1857.88
1858.66
1858.72
1861.06
1861.08
1861.34
1862.06
1862.55
1863.80
1864.02
1864.72
1864.83
1866.14
1866.54
1866.64
1869.17
1869.39
1869.39
1869.59
1869.94
1872.71
1873.52
1873.85
1874.19
1874.96
1875.75
1876.36
1877.46
1877.64
1879.23
1879.27
1880.35
1880.61
1880.85
1881.10
1881.20
1881.57
1882.20
1882.65
1889.07
1889.93
1890.81
1890.93
1891.18
1891.36
1892.65
1896.32
1897.00
1897.37
1898.23
1898.79
1899.94
1899.98
1900.33
1900.88
1901.03
1901.36
1902.69
1902.76
1904.51
1904.86
1905.08
1906.13
1908.36
1910.76
1912.21
1912.29
1912.56
1914.36
1915.00
1916.10
1918.34
1919.13
1919.48
1921.25
1921.44
1922.48
1922.98
1923.12
1924.41
1925.58
1925.60
1926.12
1927.25
1928.73
1928.96
1930.92
1931.11
1932.11
1932.30
1933.14
1933.64
1933.76
1935.04
1935.52
1936.74
1937.13
1938.27
1939.95
1940.47
1941.50
1942.42
1944.99
1945.75
1945.87
1946.63
1948.53
1949.41
1949.71
1950.38
1951.12
1951.97
1952.35
1954.23
1954.42
1954.48
1954.91
1955.16
1956.07
1957.93
1958.65
1960.65
1960.82
1961.09
1961.64
1961.94
1963.64
1964.85
1964.87
1965.36
1965.38
1966.76
1967.40
1967.66
1969.41
1969.49
1969.49
1970.32
1970.92
1971.39
1971.47
1972.80
1975.40
1975.68
1976.13
1977.69
1977.73
1978.65
1978.82
1979.40
1979.83
1980.54
1980.58
1981.97
1982.83
1984.79
1985.22
1985.43
1985.90
1987.45
1987.64
1988.66
1988.87
1991.58
1991.78
1993.39
1994.99
1996.42
1998.32
1998.62
1998.84
1999.77
2000.44
2001.48
2003.17
2004.71
2006.96
2007.96
2008.29
2008.51
2008.68
2009.20
2009.81
2012.14
2012.90
2014.36
2017.22
2017.39
2017.89
2019.71
2022.48
2022.59
2023.32
2024.30
2026.56
2028.47
2029.17
2029.24
2029.94
2030.42
2030.93
2031.83
2032.29
2033.02
2034.93
2035.85
2035.99
2036.65
2036.69
2037.00
2039.49
2039.69
2039.80
2041.08
2041.59
2042.54
2042.87
2043.42
2043.42
2043.51
2044.24
2045.81
2046.99
2047.28
2047.30
2049.29
2049.51
2049.69
2050.42
2050.47
2050.62
2052.15
2052.78
2052.84
2053.60
2054.42
2055.02
2056.35
2056.91
2057.71
2058.22
2060.70
2060.94
2061.34
2061.99
2062.66
2063.00
2063.31
2064.22
2064.27
2064.27
2065.61
2065.79
2066.73
2067.13
2067.73
2068.16
2068.70
2069.34
2069.82
2071.16
2071.97
2071.97
2073.83
2074.05
2076.21
2076.59
2077.17
2077.74
2078.59
2079.20
2080.07
2081.83
2081.99
2082.89
2083.32
2083.95
2084.04
2084.90
2084.94
2085.12
2085.19
2085.37
2087.72
2088.85
2089.44
2089.68
2096.80
2097.64
2097.89
2099.23
2099.86
2100.61
2104.02
2105.32
2108.65
2109.72
2110.73
2111.18
2112.01
2113.81
2113.90
2114.84
2115.44
2116.17
2116.24
2117.25
2117.96
2119.58
2120.27
2124.84
2127.92
2129.33
2132.00
2133.78
2133.90
2135.61
2136.16
2136.88
2137.85
2138.06
2138.56
2139.58
2141.25
2141.51
2141.71
2142.34
2142.99
2143.01
2143.20
2143.45
2145.08
2145.52
2145.80
2145.84
2147.58
2151.21
2151.35
2152.00
2154.40
2154.68
2158.28
2158.63
2159.96
2165.88
2166.09
2167.45
2168.67
2170.13
2170.27
2171.32
2171.96
2172.12
2172.31
2173.84
2177.13
2177.16
2180.53
2181.19
2181.31
2181.50
2183.31
2184.47
2184.52
2188.07
2188.42
2188.66
2189.75
2190.51
2190.60
2191.50
2193.76
2193.85
2196.39
2197.68
2199.75
2200.48
2202.99
2203.94
2204.23
2205.25
2207.54
2207.78
2208.40
2210.05
2210.34
2213.07
2213.83
2216.42
2217.14
2217.67
2227.60
2227.89
2228.66
2230.33
2231.44
2231.70
2231.70
2233.83
2234.38
2236.05
2241.92
2243.03
2243.74
2244.05
2246.75
2249.33
2249.47
2249.67
2250.69
2251.18
2252.35
2252.47
2253.15
2254.22
2254.54
2254.57
2255.42
2257.01
2257.84
2258.28
2258.40
2259.67
2260.82
2261.23
2264.34
2266.84
2267.14
2267.58
2268.81
2269.22
2269.54
2270.08
2270.08
2272.96
2273.03
2273.21
2273.30
2273.97
2274.02
2275.72
2277.51
2277.83
2278.28
2281.68
2282.37
2282.89
2283.88
2283.91
2284.28
2285.69
2287.39
2287.52
2291.08
2291.95
2294.26
2297.36
2301.69
2302.36
2302.69
2303.21
2303.86
2304.26
2304.33
2305.73
2307.13
2308.75
2309.00
2309.40
2309.68
2310.28
2311.78
2311.93
2313.08
2313.13
2313.33
2314.13
2314.33
2315.08
2315.53
2316.83
2318.92
2319.37
2319.99
2320.85
2321.20
2321.38
2321.78
2321.78
2323.39
2323.91
2324.92
2329.07
2329.07
2330.11
2330.36
2330.76
2332.55
2332.60
2334.07
2334.62
2334.73
2334.93
2339.78
2340.57
2340.64
2343.08
2344.50
2344.80
2344.88
2345.21
2346.35
2346.55
2347.39
2348.03
2348.89
2350.08
2350.69
2350.72
2351.18
2353.06
2355.05
2355.07
2355.84
2356.12
2356.27
2356.58
2356.60
2359.03
2361.55
2362.19
2363.06
2364.11
2366.75
2368.23
2368.90
2369.82
2372.54
2374.08
2374.42
2376.24
2377.32
2379.25
2379.66
2379.69
2382.26
2386.44
2386.91
2388.07
2389.73
2392.57
2393.27
2397.24
2397.29
2398.79
2399.26
2399.70
2400.04
2400.43
2401.18
2401.91
2402.74
2403.42
2403.88
2406.41
2406.85
2408.15
2408.28
2408.31
2409.54
2415.88
2418.91
2422.53
2422.66
2425.10
2425.46
2425.73
2431.32
2431.32
2435.01
2435.59
2437.14
2439.07
2439.41
2440.36
2441.53
2444.35
2444.86
2446.60
2446.63
2447.87
2451.35
2452.30
2454.64
2454.93
2455.33
2456.60
2458.07
2458.94
2459.40
2461.05
2461.10
2462.35
2464.16
2465.68
2465.76
2466.19
2466.94
2467.45
2468.06
2468.54
2471.29
2471.85
2472.44
2473.73
2477.24
2477.61
2479.46
2480.24
2480.27
2480.37
2481.31
2481.93
2484.00
2487.25
2487.31
2487.44
2487.44
2487.50
2489.33
2489.76
2490.46
2491.56
2492.29
2492.48
2493.75
2494.56
2495.80
2496.15
2503.51
2503.78
2504.37
2507.17
2508.90
2509.26
2510.21
2511.13
2514.01
2514.07
2517.20
2518.64
2519.27
2519.81
2524.56
2527.13
2528.44
2530.11
2531.89
2537.46
2537.73
2538.20
2540.48
2541.80
2542.05
2542.90
2542.96
2543.48
2545.43
2547.61
2548.58
2548.99
2549.38
2550.59
2551.58
2551.69
2554.23
2556.14
2563.87
2566.31
2566.84
2567.62
2569.23
2570.70
2571.34
2575.97
2578.22
2578.64
2580.40
2581.21
2581.29
2581.57
2582.89
2583.22
2583.42
2583.73
2583.98
2584.48
2584.98
2585.93
2588.01
2590.58
2591.54
2591.93
2592.60
2593.87
2596.98
2598.53
2599.37
2599.43
2599.93
2600.50
2602.69
2603.76
2606.55
2606.67
2607.37
2607.48
2608.44
2608.53
2608.78
2611.24
2613.13
2613.59
2613.90
2614.58
2616.36
2617.15
2621.12
2624.50
2624.98
2627.73
2630.81
2635.99
2638.65
2639.99
2642.36
2643.05
2643.73
2644.16
2644.30
2644.62
2645.74
2646.51
2646.88
2647.60
2652.79
2653.59
2656.44
2660.43
2663.34
2663.40
2669.11
2670.09
2671.16
2671.45
2673.74
2674.37
2674.63
2676.80
2679.12
2681.79
2682.26
2683.45
2684.14
2685.65
2687.02
2688.53
2693.42
2696.83
2700.28
2700.54
2701.24
2701.92
2703.96
2706.48
2709.18
2710.20
2712.11
2713.64
2716.04
2717.48
2721.04
2721.69
2723.19
2723.90
2726.88
2729.63
2731.81
2732.14
2733.62
2735.66
2738.74
2738.80
2740.19
2743.75
2743.99
2745.35
2746.63
2746.90
2747.76
2749.40
2752.97
2753.86
2753.86
2757.23
2759.98
2760.63
2761.11
2766.46
2767.12
2768.68
2769.64
2770.00
2771.56
2776.81
2776.81
2777.65
2778.55
2779.61
2780.99
2788.70
2788.94
2791.72
2793.41
2793.50
2793.69
2797.26
2800.16
2803.95
2804.19
2807.08
2807.78
2808.29
2810.42
2814.47
2814.74
2815.32
2818.25
2819.22
2820.63
2822.52
2826.00
2827.01
2827.84
2831.97
2833.38
2835.19
2835.56
2840.07
2840.29
2840.93
2841.36
2841.36
2844.50
2846.35
2846.72
2847.18
2847.43
2852.08
2852.82
2854.15
2856.28
2857.73
2858.23
2858.79
2859.75
2860.40
2860.58
2861.14
2861.73
2865.26
2866.68
2868.02
2868.14
2868.17
2868.52
2869.91
2871.71
2872.77
2873.17
2873.49
2875.35
2879.18
2879.62
2882.52
2882.61
2882.77
2890.42
2891.07
2893.08
2893.08
2893.23
2895.11
2896.43
2897.81
2899.81
2900.38
2901.20
2901.48
2906.19
2906.82
2908.14
2912.05
2913.84
2913.97
2914.47
2915.29
2917.66
2918.29
2919.08
2922.02
2924.14
2926.07
2929.05
2930.19
2933.84
2944.11
2945.32
2946.46
2947.13
2948.41
2948.47
2950.90
2955.85
2958.25
2960.88
2965.21
2965.88
2966.39
2976.46
2976.78
2977.52
2977.55
2977.68
2978.10
2978.32
2979.52
2979.71
2980.68
2981.90
2983.42
2983.55
2990.21
2991.73
2992.25
2992.57
2992.83
2993.44
2995.39
2995.42
3000.38
3001.65
3002.59
3003.57
3009.65
3012.00
3013.98
3015.61
3018.59
3018.68
3019.01
3019.47
3020.12
3022.47
3025.62
3026.83
3033.12
3035.52
3039.69
3039.96
3042.03
3042.42
3043.58
3047.50
3048.06
3049.31
3049.81
3051.19
3051.49
3056.58
3057.24
3058.70
3067.05
3067.38
3068.34
3068.67
3068.94
3070.03
3073.59
3076.19
3076.52
3082.45
3083.85
3084.32
3091.03
3091.33
3092.64
3093.27
3095.35
3096.42
3104.34
3107.53
3107.90
3110.63
3112.81
3112.88
3113.05
3117.57
3118.04
3122.56
3123.85
3123.91
3125.47
3126.96
3128.28
3130.95
3131.50
3131.73
3131.97
3133.49
3135.87
3136.04
3136.45
3141.61
3143.61
3146.10
3146.75
3155.37
3156.81
3159.64
3159.74
3165.53
3166.52
3170.67
3172.04
3173.14
3175.34
3180.43
3183.08
3184.49
3192.60
3195.40
3196.19
3197.96
3198.09
3198.16
3199.48
3203.15
3205.30
3205.85
3206.13
3206.27
3211.72
3218.30
3218.75
3223.52
3223.59
3223.63
3226.98
3228.13
3232.85
3233.86
3235.33
3236.21
3244.24
3247.54
3248.56
3251.16
3253.06
3254.82
3255.81
3259.19
3266.53
3272.62
3272.87
3274.74
3279.85
3280.42
3282.33
3293.51
3293.68
3293.72
3294.36
3294.47
3296.64
3299.85
3305.57
3306.82
3309.01
3309.62
3310.48
3310.83
3314.20
3314.78
3315.82
3316.43
3318.98
3319.44
3326.13
3327.60
3328.22
3330.02
3330.74
3330.92
3331.14
3337.99
3338.21
3338.86
3339.00
3343.34
3344.71
3345.00
3347.25
3349.78
3350.73
3352.03
3353.67
3355.92
3359.11
3360.49
3360.64
3361.40
3371.38
3374.05
3376.06
3381.58
3382.31
3384.14
3388.09
3397.09
3400.99
3407.03
3407.95
3407.95
3414.04
3414.04
3415.52
3418.10
3422.21
3423.25
3426.99
3427.07
3432.71
3437.98
3440.18
3440.70
3441.15
3446.81
3448.90
3450.65
3455.59
3463.30
3464.23
3465.06
3465.10
3465.28
3466.71
3474.03
3477.11
3479.30
3483.21
3488.83
3490.00
3492.72
3500.40
3501.16
3504.80
3505.94
3508.10
3510.65
3512.55
3513.65
3526.44
3535.19
3539.94
3541.55
3547.80
3548.72
3548.87
3550.60
3552.52
3558.26
3558.26
3563.23
3563.34
3563.50
3563.96
3570.56
3571.06
3577.56
3579.57
3582.40
3584.73
3585.54
3587.79
3596.85
3597.70
3609.13
3610.96
3621.18
3622.00
3622.47
3624.62
3630.20
3630.24
3633.77
3638.42
3639.64
3641.05
3645.19
3645.35
3648.07
3653.60
3658.67
3660.53
3662.79
3663.38
3663.82
3667.74
3669.13
3670.44
3675.81
3682.97
3683.25
3692.03
3701.47
3715.84
3717.53
3722.72
3726.26
3727.15
3731.39
3732.15
3736.07
3743.72
3746.19
3749.72
3750.41
3755.16
3756.54
3757.68
3759.06
3760.73
3768.39
3769.41
3772.43
3773.33
3774.31
3774.55
3777.82
3778.88
3778.92
3784.24
3787.07
3787.56
3791.37
3793.22
3793.55
3794.21
3794.53
3797.90
3800.70
3801.36
3802.63
3802.84
3807.78
3813.22
3816.32
3817.64
3818.63
3824.91
3831.25
3837.81
3838.26
3838.72
3847.62
3849.74
3853.99
3862.84
3865.23
3880.86
3882.87
3882.96
3897.56
3899.92
3902.46
3905.50
3905.88
3906.89
3907.74
3914.30
3928.89
3936.98
3937.49
3950.34
3956.75
3958.72
3959.84
3962.71
3966.27
3966.74
3971.21
3975.03
3975.72
3978.47
3979.08
3979.25
3981.32
3985.54
3987.61
3988.34
3997.07
3999.97
4008.76
4010.46
4011.02
4012.10
4018.45
4022.01
4027.59
4028.98
4030.51
4034.52
4036.31
4037.49
4045.06
4047.90
4052.99
4053.60
4056.06
4056.58
4057.07
4058.21
4059.57
4066.12
4075.02
4083.58
4086.98
4092.60
4095.70
4097.39
4101.96
4102.36
4106.75
4109.33
4115.07
4117.97
4118.46
4118.54
4119.44
4124.48
4126.08
4126.26
4126.57
4130.41
4136.50
4142.32
4146.53
4153.94
4159.25
4163.93
4165.24
4166.05
4166.50
4171.64
4175.30
4192.32
4194.50
4195.36
4195.95
4202.59
4212.79
4215.61
4226.48
4228.31
4230.46
4240.73
4247.43
4248.67
4250.79
4253.55
4258.34
4262.99
4265.35
4269.22
4270.98
4271.35
4272.55
4276.07
4277.96
4283.71
4286.40
4290.34
4291.32
4291.73
4301.82
4306.11
4307.08
4310.39
4312.49
4317.96
4323.15
4335.14
4335.42
4345.84
4355.92
4357.43
4373.44
4374.53
4380.73
4381.54
4385.14
4389.41
4397.40
4404.40
4409.12
4410.46
4411.94
4411.98
4424.03
4425.90
4435.63
4454.43
4454.67
4455.40
4459.50
4464.61
4468.38
4470.17
4472.01
4472.74
4474.96
4481.80
4485.53
4490.82
4502.79
4507.91
4532.02
4539.29
4540.61
4542.68
4554.34
4554.83
4555.72
4558.33
4558.58
4559.17
4559.22
4564.80
4575.23
4575.58
4579.34
4583.41
4584.10
4584.99
4588.27
4588.62
4589.31
4591.70
4607.22
4608.72
4612.56
4614.41
4615.31
4617.75
4628.26
4629.21
4632.21
4632.57
4641.65
4646.67
4647.17
4650.49
4656.18
4669.65
4672.99
4675.22
4678.10
4681.14
4683.26
4688.84
4690.06
4694.12
4701.75
4701.80
4702.56
4712.49
4713.51
4725.36
4729.60
4735.65
4738.16
4744.11
4744.21
4744.88
4745.70
4751.25
4752.69
4760.15
4768.71
4773.46
4777.02
4778.68
4785.61
4791.00
4800.91
4802.83
4809.07
4809.85
4810.42
4812.25
4817.04
4823.40
4823.56
4828.88
4830.40
4838.25
4850.09
4858.13
4868.28
4870.71
4871.39
4871.55
4874.08
4876.08
4879.30
4883.85
4884.32
4946.28
4949.38
4961.61
4963.54
4966.07
4977.63
4987.66
4991.60
4994.73
5001.87
5013.25
5020.14
5023.24
5035.70
5037.50
5040.72
5045.46
5052.78
5061.05
5063.62
5069.21
5078.00
5084.70
5089.93
5097.54
5111.35
5129.91
5147.36
5152.04
5155.22
5164.77
5183.75
5212.94
5234.25
5235.61
5263.10
5286.09
5306.67
5308.85
5313.96
5314.54
5320.93
5328.99
5335.45
5339.84
5340.25
5342.73
5344.64
5361.38
5367.94
5377.06
5380.32
5386.56
5394.08
5408.16
5420.41
5423.22
5444.68
5446.27
5449.10
5454.71
5466.29
5468.65
5477.77
5489.99
5490.71
5492.97
5514.34
5523.12
5524.02
5536.28
5555.73
5558.43
5560.96
5570.65
5575.84
5585.14
5591.12
5593.85
5608.57
5616.65
5621.70
5624.86
5663.64
5665.23
5669.28
5693.44
5698.49
5706.26
5708.24
5710.84
5714.05
5729.53
5738.96
5754.75
5796.31
5799.63
5803.27
5805.72
5811.44
5812.13
5831.41
5833.36
5837.28
5842.78
5849.10
5860.38
5861.33
5874.02
5876.76
5897.71
5911.77
5914.33
5928.62
5934.84
5945.00
5957.30
5965.36
5965.42
5965.42
5975.95
5979.96
5984.30
5984.69
6002.91
6003.76
6016.24
6019.56
6028.49
6038.87
6045.08
6054.64
6062.70
6065.19
6083.27
6087.42
6099.22
6107.14
6109.19
6109.78
6110.18
6128.65
6149.11
6155.37
6166.97
6168.30
6171.51
6174.78
6184.07
6213.79
6250.27
6262.04
6275.74
6280.43
6294.31
6308.35
6328.18
6364.50
6372.08
6388.24
6420.94
6431.58
6446.70
6462.48
6469.55
6585.73
6602.00
6609.93
6649.09
6707.33
6738.03
6739.70
6742.04
6742.55
6761.98
6772.16
6781.62
6855.99
6878.28
6885.57
6893.70
6911.03
6930.72
6933.34
6976.84
6996.95
7008.62
7012.33
7051.44
7090.84
7129.00
7130.16
7145.06
7145.76
7186.77
7233.42
7259.69
7303.49
7351.46
7357.91
7364.84
7418.34
7444.39
7459.55
7460.60
7472.31
7472.55
7485.83
7494.66
7513.98
7524.64
7557.44
7567.10
7581.44
7593.42
7670.05
7675.20
7690.24
7736.40
7743.93
7798.50
7800.86
7889.57
7926.96
7951.01
7955.40
7974.53
7976.86
7983.60
7998.55
8003.49
8056.23
8072.19
8089.42
8120.55
8122.92
8167.51
8189.28
8256.99
8262.08
8319.13
8323.91
8326.61
8354.22
8390.82
8407.09
8432.41
8445.29
8452.23
8481.09
8492.84
8554.08
8557.69
8578.08
8581.98
8724.38
8776.17
8801.94
8819.48
8847.10
8884.71
8888.84
9006.37
9031.06
9055.32
9129.10
9144.03
9179.32
9277.87
9279.88
9350.84
9401.26
9408.38
9423.97
9437.33
9445.81
9451.44
9499.72
9507.23
9519.38
9560.46
9590.40
9685.82
9714.57
9788.01
9816.11
9898.66
9918.39
9948.48
9975.10
10126.04
10212.85
10222.25
10280.70
10282.37
10284.60
10357.63
10375.91
10398.84
10405.26
10512.42
10540.33
10558.82
10645.88
10649.92
10654.87
10665.48
10721.60
10729.49
10866.65
10920.04
10934.59
10998.66
11048.87
11078.92
11090.07
11120.47
11243.03
11249.48
11294.24
11321.89
11331.82
11396.49
11609.31
11643.15
11682.14
11739.29
11765.86
12005.96
12107.31
12195.40
12315.40
12455.98
12526.67
12587.67
12788.79
12829.53
13031.55
13453.19
13540.95
13950.82
14386.00
14392.85
14400.48
14519.54
14550.05
14570.37
15105.89
15337.29
15502.79
15514.54
15875.38
15916.49
16413.87
16427.91
16482.57
16522.21
16926.62
17994.82
18073.65
18777.31
19724.42
22504.32
23319.84
23594.70
24325.71
28417.14
30629.48
