12.36
18.84
22.35
30.65
35.87
38.41
42.77
43.98
45.34
46.51
47.54
49.93
50.21
51.59
52.91
53.61
55.77
55.91
58.02
58.98
59.03
60.67
63.78
63.89
64.03
64.80
64.90
66.30
67.31
67.81
68.14
69.28
69.38
69.67
70.06
70.79
71.00
73.25
73.41
75.47
77.57
78.26
80.06
80.41
81.44
82.65
82.87
83.08
83.10
83.33
83.38
83.38
84.06
84.33
84.41
84.82
84.83
85.36
85.42
85.47
85.50
86.49
86.74
87.09
87.93
88.30
88.43
88.54
90.83
91.48
91.60
91.61
91.67
91.75
92.25
92.79
94.35
94.71
94.99
95.31
95.83
95.99
96.21
97.89
97.99
98.56
98.86
99.95
101.24
101.62
101.83
102.04
102.06
102.30
102.31
103.10
104.00
104.99
105.22
106.04
106.06
106.65
108.06
108.92
109.06
110.10
110.25
110.88
110.89
110.90
110.97
111.02
111.25
111.63
112.23
112.37
112.71
113.47
113.72
113.74
113.82
114.24
114.54
114.90
117.31
117.91
118.01
118.03
119.40
120.15
120.40
120.51
120.56
120.83
122.25
122.67
123.74
125.34
125.81
126.49
126.89
127.20
127.35
127.37
127.85
128.02
128.63
128.78
129.47
129.57
129.73
131.15
131.38
131.73
133.07
133.56
134.06
134.64
134.68
135.83
136.33
136.64
137.05
137.44
137.75
137.77
138.80
139.30
139.42
139.62
139.74
140.01
140.02
141.22
141.40
141.44
142.72
143.02
143.07
143.82
144.10
144.43
144.52
144.73
145.41
146.34
146.42
147.07
147.96
148.02
148.08
148.43
148.56
149.81
150.05
150.94
151.41
151.67
151.72
152.01
152.59
152.95
153.04
153.62
153.86
153.91
154.17
155.34
156.39
156.52
156.77
156.94
157.62
157.67
157.98
158.14
158.69
158.88
159.54
159.84
160.09
160.56
161.75
162.06
162.11
162.30
162.45
162.50
162.54
163.27
163.40
164.15
165.16
165.68
165.85
166.86
167.21
167.23
167.54
167.60
167.66
168.00
168.04
168.48
168.48
168.64
168.70
169.08
169.12
169.58
170.06
170.34
171.42
171.60
171.68
173.42
173.93
174.14
175.05
175.77
176.24
176.27
177.04
177.12
178.44
178.47
179.00
179.17
179.33
179.38
179.57
179.57
179.61
179.91
180.06
180.58
181.12
181.42
181.48
181.63
181.81
182.52
182.55
182.75
183.68
183.94
184.41
184.76
186.34
186.38
187.24
187.52
187.60
187.71
187.80
187.95
188.06
188.32
189.03
189.50
189.88
190.09
190.30
190.65
190.75
190.78
191.10
191.75
191.79
192.02
192.13
192.39
192.72
193.34
193.35
193.74
194.04
194.56
195.01
195.23
195.85
195.86
196.22
196.25
196.82
197.45
197.46
197.88
197.99
197.99
198.26
198.92
199.03
199.27
200.16
200.29
200.81
201.56
202.17
202.40
203.78
204.18
204.41
204.61
205.19
205.94
206.06
206.21
207.51
207.99
209.24
209.32
209.37
209.64
209.93
210.17
211.40
211.55
211.70
211.89
213.11
213.41
213.93
214.30
215.39
216.15
216.50
216.51
217.13
217.14
217.19
217.27
217.38
217.62
218.00
218.17
218.33
218.40
218.99
219.23
219.25
219.37
220.66
220.84
220.94
221.76
222.15
222.31
222.34
222.58
223.59
223.87
223.98
223.99
225.37
225.41
226.13
227.34
227.48
228.34
228.89
230.40
230.99
231.05
231.46
231.58
231.66
232.19
232.31
232.38
232.48
232.75
232.79
233.09
233.32
233.38
233.91
234.96
235.06
235.54
235.71
235.86
236.08
236.23
236.51
236.65
237.21
237.28
237.37
237.50
237.75
238.19
238.53
239.56
239.94
240.32
240.46
240.85
241.05
241.34
241.51
241.59
241.60
241.86
242.09
242.58
242.76
243.12
243.71
244.03
244.92
245.16
245.58
246.16
246.71
247.32
248.02
248.57
248.62
248.69
248.71
248.93
249.29
249.38
250.88
251.01
251.04
251.19
251.20
252.47
252.75
252.90
253.17
253.25
253.88
253.89
254.19
254.86
255.00
255.65
257.33
258.19
258.41
258.53
258.60
259.31
259.74
259.76
259.83
260.27
260.59
261.09
261.85
261.90
262.29
262.58
262.86
262.94
263.41
263.66
263.72
263.79
263.99
264.34
265.15
265.48
265.50
265.88
266.02
266.29
267.43
268.07
268.16
268.35
268.59
268.65
268.96
269.73
269.75
269.83
270.13
270.93
271.03
271.22
271.39
271.55
271.96
272.15
272.82
273.47
273.77
274.53
274.55
275.50
275.66
275.75
275.87
276.81
276.91
276.97
277.10
277.22
277.33
277.79
278.03
278.46
278.74
278.92
279.08
279.36
280.46
280.58
280.81
281.28
281.96
282.70
283.13
283.30
283.59
284.53
284.78
285.18
285.27
285.74
285.86
285.86
286.09
286.34
286.53
286.53
287.18
287.85
288.01
288.16
288.54
288.78
288.97
289.27
289.28
289.73
291.19
291.59
291.64
291.69
292.17
292.30
293.70
293.78
294.05
294.26
294.28
294.61
294.82
295.14
295.31
295.43
296.21
296.25
296.68
297.25
297.49
297.53
297.98
298.66
298.91
299.10
299.85
300.12
300.15
300.88
301.10
301.29
301.48
302.02
302.31
302.55
303.15
303.31
303.34
303.37
303.80
304.15
304.39
304.52
304.92
305.20
305.24
305.24
305.58
306.78
306.87
308.68
308.68
308.93
310.22
310.41
310.97
311.39
312.13
312.16
312.33
312.57
312.69
313.19
313.26
313.68
313.87
314.21
314.26
315.89
315.96
316.39
316.76
316.91
316.94
317.16
317.93
318.25
318.55
318.57
318.66
318.95
319.23
319.49
319.54
319.95
320.22
321.19
321.28
321.71
321.91
322.30
322.47
323.00
323.48
324.05
324.28
324.42
324.58
324.89
325.05
325.22
325.33
326.09
326.15
327.02
328.46
328.58
328.68
329.10
329.51
329.69
329.76
329.78
329.90
330.37
330.49
330.89
330.99
331.21
331.24
331.33
331.90
331.97
332.33
332.35
332.37
332.42
332.50
332.67
332.73
333.57
334.13
334.18
334.18
334.54
334.90
335.24
335.29
335.83
335.88
335.94
336.32
337.29
337.60
337.63
337.66
337.97
338.25
338.26
338.32
338.65
338.80
338.83
339.38
339.58
339.64
340.11
340.18
340.39
340.89
340.89
341.27
341.39
341.86
342.55
342.77
342.78
343.15
343.25
343.36
345.05
345.14
345.45
345.58
346.04
346.07
346.07
346.58
346.72
346.89
347.29
347.33
347.56
348.06
349.64
349.88
350.25
350.54
350.62
351.27
351.61
351.62
351.62
351.73
351.87
351.94
351.96
351.99
352.28
352.35
352.54
352.79
353.09
353.20
353.29
353.48
353.57
353.66
353.98
354.30
354.78
354.85
355.01
355.36
355.87
356.65
356.92
357.67
357.78
358.11
358.15
358.23
358.46
359.34
360.45
360.75
360.89
361.66
361.70
362.65
364.64
365.58
365.77
365.89
366.09
366.47
366.57
367.38
368.20
368.20
368.30
368.36
368.82
368.95
369.49
370.12
370.54
371.95
372.00
372.30
372.67
373.75
373.77
374.11
374.82
375.09
375.60
375.62
375.64
375.66
376.01
376.90
377.09
377.30
378.05
378.15
378.44
378.47
378.66
378.77
379.08
379.16
379.63
380.04
380.43
380.65
381.05
381.49
381.53
381.57
381.58
381.89
381.90
382.27
382.84
382.89
383.74
384.09
384.32
384.46
384.87
384.99
385.33
385.48
385.52
385.71
385.81
386.16
386.48
387.35
388.00
388.34
389.01
390.37
390.88
391.54
392.31
393.05
393.10
393.19
393.21
394.25
394.34
394.37
394.43
394.55
394.74
395.10
396.16
396.29
396.59
397.14
397.69
397.85
397.97
398.02
398.16
398.48
398.55
398.91
399.02
399.09
400.32
400.33
400.42
400.71
400.83
401.08
401.10
402.03
402.33
402.34
402.35
402.46
402.73
403.44
403.81
403.99
404.19
404.47
404.60
405.01
405.30
405.45
405.60
406.21
406.34
406.45
406.46
406.84
407.61
407.84
407.95
408.01
408.18
408.29
408.33
408.82
409.12
409.18
409.46
409.89
410.29
410.58
410.64
411.30
411.35
411.65
411.86
411.89
412.04
412.30
412.40
412.76
412.78
412.80
413.12
413.18
413.59
413.80
414.19
414.62
415.12
415.28
415.46
415.56
416.52
416.66
417.18
417.38
417.42
417.70
417.84
418.19
418.21
418.36
418.39
418.52
418.62
419.67
420.33
420.54
420.60
420.62
420.73
420.85
421.65
422.01
422.45
422.48
422.51
422.55
423.69
424.19
424.39
424.49
424.51
424.72
425.58
425.85
426.13
426.17
426.81
427.29
427.73
427.93
430.32
430.39
430.76
431.22
431.49
432.10
432.26
432.60
432.67
433.08
433.11
433.29
433.48
433.50
433.63
433.73
434.45
434.47
434.54
434.78
434.92
435.01
435.77
435.83
436.42
436.81
436.95
436.96
437.09
437.16
437.30
437.72
438.61
438.74
438.95
439.01
439.05
439.10
439.51
439.69
440.05
440.13
440.37
440.59
440.64
440.77
440.96
441.38
442.08
442.14
442.27
443.11
443.18
443.93
443.98
444.05
444.05
444.61
445.54
445.66
445.79
446.38
446.55
447.10
448.30
448.59
448.60
448.87
449.11
450.07
450.70
450.74
450.82
451.36
451.62
451.73
451.85
452.65
452.67
452.76
453.55
453.70
453.74
453.84
454.45
454.52
455.07
455.48
455.97
456.30
456.51
456.71
456.83
457.21
457.27
457.45
457.48
457.76
457.96
458.32
458.51
458.67
459.02
459.29
459.52
459.64
461.23
461.27
461.56
462.05
462.30
462.44
462.84
462.86
463.03
463.62
463.89
464.32
464.48
464.74
464.80
464.83
464.85
465.07
465.63
465.65
466.02
466.07
466.43
466.48
466.59
466.88
467.39
467.40
467.90
468.09
468.48
468.57
468.92
469.19
469.64
469.65
470.27
470.34
470.66
470.84
470.96
471.47
471.50
471.52
471.55
471.66
472.09
472.70
472.79
473.36
473.80
474.28
474.28
474.45
474.78
474.79
475.01
475.38
475.86
476.14
476.16
476.65
476.74
477.10
477.68
477.73
478.02
478.05
478.29
479.20
480.43
480.44
480.74
481.06
481.39
482.43
482.57
482.63
482.82
482.91
483.43
483.47
483.70
484.13
485.08
485.20
485.62
485.68
486.40
487.34
488.16
488.41
488.50
489.70
489.73
489.83
490.38
490.63
490.71
490.85
490.94
491.20
491.30
491.76
492.37
492.39
492.55
492.99
492.99
493.13
493.31
493.55
493.73
493.75
494.17
494.52
494.88
494.95
495.05
495.30
495.71
495.77
495.77
496.00
496.18
496.51
496.55
496.86
497.31
497.34
497.35
497.40
497.90
498.19
498.50
498.68
499.05
499.29
499.61
500.07
500.10
500.15
500.18
500.71
502.01
502.09
502.17
502.20
502.29
502.46
502.83
502.89
503.89
503.93
504.19
504.26
504.27
504.81
504.95
504.95
505.07
505.15
505.36
505.64
505.68
505.85
506.72
506.85
506.98
507.19
507.33
507.67
508.41
508.81
508.96
509.05
509.21
509.29
509.40
509.41
509.42
510.30
510.58
510.66
510.75
511.47
511.61
511.86
512.01
512.03
512.55
512.62
513.30
513.87
514.09
514.34
514.40
514.58
514.87
515.99
516.35
516.53
517.04
517.35
517.42
517.66
517.97
518.42
518.52
518.74
519.69
519.80
519.85
520.08
521.12
521.56
521.86
521.92
522.31
522.48
522.57
523.22
523.60
523.72
523.78
524.03
524.92
525.06
525.08
525.10
525.31
525.32
525.42
525.45
526.08
526.15
526.40
527.17
527.55
528.48
528.80
528.82
529.01
529.05
529.06
529.19
529.19
529.36
529.56
529.83
529.98
530.53
531.18
531.54
531.63
532.08
532.18
532.23
532.67
533.09
533.11
533.57
533.84
534.70
534.77
534.85
534.90
535.14
535.32
535.51
535.55
536.18
536.60
536.84
536.98
537.41
537.44
538.04
538.64
539.21
540.08
540.42
540.53
540.68
541.46
541.93
541.95
542.46
542.99
543.14
543.55
544.44
544.53
544.80
545.01
545.17
545.44
545.56
545.68
545.88
546.62
547.14
547.18
547.33
547.44
547.54
547.93
548.24
549.41
550.10
550.46
551.75
551.84
551.95
551.95
552.42
552.59
553.05
553.36
553.57
553.81
554.27
554.59
554.76
555.23
555.26
555.42
556.16
556.27
556.43
556.43
557.97
558.32
558.89
559.38
559.71
560.51
560.98
561.23
561.34
561.59
562.00
562.03
562.51
562.58
562.69
563.29
563.30
563.34
563.54
563.60
563.67
563.80
563.99
563.99
564.15
564.51
564.62
564.76
565.33
565.76
565.99
566.20
566.56
566.96
567.51
567.52
567.88
567.96
568.24
568.95
569.56
569.83
569.93
570.15
570.35
570.74
571.79
571.88
572.44
572.46
572.91
573.15
573.50
573.53
573.80
573.96
574.30
575.49
575.58
576.07
576.08
577.38
578.36
578.44
578.90
579.18
579.35
579.47
579.53
579.90
580.76
580.88
580.88
580.95
581.32
581.49
581.71
581.78
582.43
582.63
582.74
583.11
583.16
583.25
583.25
583.97
584.06
584.24
584.44
584.50
585.21
585.60
585.70
585.93
586.07
586.27
586.71
586.78
587.20
587.35
587.36
587.66
588.41
588.46
589.56
589.75
589.93
590.51
590.64
591.48
592.11
592.21
592.44
592.46
592.56
593.31
593.49
593.85
594.03
594.12
594.82
595.20
595.35
596.02
596.17
596.24
596.38
596.57
597.45
597.97
598.31
598.71
598.85
599.00
599.07
599.07
599.21
599.83
600.24
600.54
600.54
600.62
600.96
601.05
601.05
601.07
601.13
602.19
602.73
602.96
603.90
604.24
604.57
604.77
605.08
605.35
605.54
606.02
606.12
606.19
606.96
606.99
608.19
608.63
608.77
608.88
609.02
609.31
610.30
610.48
610.71
611.25
611.33
611.35
611.94
611.95
612.34
612.41
612.48
612.90
613.34
613.55
613.60
613.76
613.81
614.06
614.26
614.39
614.92
615.18
615.28
616.35
616.77
617.05
617.15
617.23
617.28
617.29
617.52
620.85
620.89
621.30
622.20
622.66
622.72
623.46
623.63
624.12
624.50
624.58
624.93
625.48
625.52
626.06
626.86
627.05
627.67
627.85
628.94
629.46
629.58
629.62
629.92
630.03
630.53
631.45
631.81
632.15
632.32
633.02
633.12
633.60
633.65
633.86
634.82
634.85
635.13
635.79
636.13
636.23
636.25
636.71
637.80
638.16
638.25
638.25
638.43
639.17
639.28
639.57
639.79
639.87
640.00
640.19
640.70
640.86
641.27
641.40
641.92
642.41
642.44
642.86
643.05
643.29
645.19
645.29
646.62
646.89
647.17
647.34
647.55
647.75
648.47
648.65
648.81
649.13
649.15
649.59
649.63
649.76
649.82
649.98
650.99
651.02
651.09
651.31
651.44
651.60
652.27
652.34
652.44
652.82
652.85
653.06
653.06
653.15
653.37
653.95
654.03
654.65
655.06
655.13
655.26
656.06
656.14
656.58
656.86
657.05
657.27
657.45
657.51
658.32
659.05
659.78
659.93
659.96
660.08
660.21
660.35
660.46
661.31
661.96
661.99
661.99
662.67
663.12
663.21
663.91
664.10
664.37
665.14
665.60
665.73
665.85
666.17
666.92
667.01
667.04
667.96
668.74
669.19
669.36
669.53
670.44
670.54
670.58
670.61
670.75
671.09
671.50
671.56
671.89
672.04
672.42
672.49
672.73
672.86
672.87
673.17
673.26
673.44
673.64
673.80
674.08
675.28
675.65
675.95
676.23
676.70
676.84
677.19
677.41
677.56
678.03
678.07
678.38
679.28
679.50
679.57
679.82
680.40
680.54
680.57
680.60
681.21
681.43
681.73
682.12
682.37
682.46
682.68
682.69
684.21
685.16
685.40
685.48
686.19
686.26
686.61
687.74
688.06
688.06
688.25
688.29
688.42
688.52
688.84
689.04
689.11
689.45
689.66
690.06
690.43
690.61
690.79
690.94
691.16
691.21
691.34
691.52
692.06
692.70
692.74
692.84
692.85
692.89
692.99
693.17
693.29
693.42
693.53
693.90
693.97
694.28
694.35
694.43
694.43
694.55
694.62
694.73
694.74
694.79
695.40
695.56
695.56
695.64
695.82
696.01
696.14
696.34
696.49
696.55
696.72
696.87
697.52
697.62
697.82
698.19
698.81
699.11
699.13
699.34
699.79
699.90
700.53
700.65
700.93
701.12
701.15
701.69
702.04
702.29
702.62
702.99
703.46
703.75
703.88
704.32
704.70
705.02
705.10
705.70
706.72
706.97
706.98
707.16
707.49
708.08
708.31
708.96
709.56
710.89
711.15
711.46
712.02
712.80
712.80
712.86
712.95
713.27
714.23
714.26
714.36
714.56
715.42
715.56
716.21
716.21
716.21
717.56
718.22
718.40
718.85
718.85
720.14
720.15
720.38
720.82
721.11
721.13
721.31
721.38
721.96
722.10
723.09
723.64
723.97
724.24
725.04
725.31
725.45
725.62
725.74
725.92
726.75
727.04
727.16
727.33
727.49
727.57
727.59
728.22
728.29
728.59
728.59
729.05
729.11
729.31
729.71
729.86
730.27
730.41
730.45
730.49
731.45
731.75
732.00
733.30
733.93
734.22
734.45
734.63
734.64
735.27
735.34
735.43
735.57
735.61
736.31
736.34
736.48
736.48
736.64
737.70
737.71
737.76
738.19
738.44
738.58
738.95
739.50
740.48
740.70
740.93
740.96
741.09
742.55
743.03
743.34
743.41
743.52
743.88
744.11
744.52
744.92
745.24
745.25
745.45
745.76
745.77
746.15
746.34
746.52
746.73
747.26
747.46
748.85
749.45
749.50
749.76
749.91
750.23
750.97
751.17
751.35
751.52
752.09
754.03
754.05
754.23
754.79
754.83
755.02
755.11
755.66
756.22
756.41
756.45
756.62
757.05
757.21
757.36
757.81
757.98
758.00
758.18
758.24
758.30
759.03
759.08
759.64
760.24
760.37
760.43
760.57
761.77
761.99
762.06
762.23
762.28
762.45
762.80
763.54
763.69
763.72
764.32
764.78
764.86
765.02
765.24
765.36
765.36
765.41
765.72
765.76
765.88
766.65
766.69
767.77
768.26
768.55
768.93
769.11
769.12
769.22
769.34
769.35
769.97
770.15
770.30
770.41
770.67
770.74
771.48
771.96
772.23
772.47
772.64
773.67
773.73
774.16
774.77
775.17
775.54
775.78
775.79
775.87
776.22
776.25
776.42
776.59
777.38
778.30
778.64
778.76
778.90
778.94
779.82
780.46
780.56
781.08
781.96
782.47
782.58
782.62
782.92
783.15
783.29
783.33
783.84
783.87
784.57
784.61
784.64
784.87
784.98
785.21
786.10
787.71
787.97
788.12
788.51
789.02
789.38
789.41
789.53
789.63
791.30
792.68
792.71
792.85
793.10
793.16
793.31
794.24
794.34
794.45
795.09
795.61
796.73
797.42
797.60
798.50
800.23
800.35
800.96
802.39
802.54
802.78
803.38
804.06
804.27
804.29
804.67
805.20
805.49
805.65
805.67
805.78
805.96
806.17
806.21
806.35
806.48
806.49
806.56
806.67
807.30
807.74
808.14
808.37
809.39
809.66
809.91
811.02
811.11
812.90
813.60
813.99
814.06
814.35
814.40
814.66
815.04
815.18
816.31
816.34
816.86
816.87
816.97
817.06
817.53
817.67
817.68
817.75
817.75
817.86
818.23
818.31
819.31
820.04
820.20
821.45
821.62
822.51
823.27
823.30
823.33
823.38
823.42
825.03
825.76
825.99
826.11
826.30
826.55
826.68
827.24
827.36
827.78
828.56
828.91
829.04
829.11
829.20
829.38
829.89
830.04
830.24
830.38
830.78
830.79
831.53
832.95
833.73
834.13
834.27
834.39
835.86
836.88
836.98
837.30
837.37
837.52
838.04
838.09
838.11
838.16
838.23
838.49
838.50
838.79
838.97
838.99
839.06
839.33
839.46
839.61
840.01
840.30
840.86
840.95
842.52
842.97
843.10
843.88
844.10
844.27
845.06
845.38
845.76
846.16
848.74
849.14
849.35
849.54
849.61
849.85
849.91
850.06
850.40
850.48
850.52
850.69
851.54
852.70
853.06
853.08
853.35
853.71
853.90
854.18
854.78
854.79
855.05
855.05
855.32
855.52
856.08
858.12
858.19
858.85
859.24
859.36
859.61
859.93
860.31
860.52
861.61
861.67
861.94
862.24
862.69
863.03
863.06
863.38
863.61
864.35
865.36
865.85
866.13
866.21
866.25
866.54
866.59
866.79
867.18
868.49
869.12
869.46
869.52
870.34
870.36
870.73
871.57
871.75
872.24
872.69
873.38
873.40
873.45
873.97
874.11
874.48
874.50
874.92
875.13
875.19
875.56
875.95
877.36
878.07
878.47
878.51
878.57
879.24
879.26
879.55
880.29
880.54
880.72
881.93
881.93
881.95
882.16
882.94
882.99
883.83
884.01
884.08
884.28
884.62
884.75
885.10
885.14
885.54
885.74
886.85
887.44
887.53
887.67
887.81
888.30
888.41
888.56
889.35
889.38
889.78
889.87
890.33
890.48
891.14
892.30
892.45
893.48
893.49
893.57
893.87
894.19
894.32
894.59
894.79
895.40
895.83
898.69
898.99
899.25
899.60
899.64
900.02
900.24
900.37
900.40
900.73
901.22
902.13
903.93
904.23
904.56
904.63
904.92
905.00
905.06
905.28
905.39
906.17
906.70
908.04
908.32
908.44
909.65
910.03
910.07
910.08
910.11
910.59
910.63
910.66
911.64
912.32
912.36
912.80
913.08
913.41
913.51
913.98
914.60
914.71
914.87
915.35
915.38
915.43
916.58
916.99
917.02
917.62
917.64
918.02
918.07
918.15
918.31
918.91
919.30
919.73
919.95
920.25
920.29
921.24
921.36
921.41
921.67
922.08
922.35
922.79
923.03
923.07
924.51
924.51
924.89
925.88
925.92
925.93
925.95
926.79
926.93
927.10
928.00
928.06
928.71
929.21
929.45
929.69
930.31
930.62
931.02
931.71
932.52
933.20
933.52
933.82
933.96
934.12
934.80
935.31
936.45
936.68
936.85
937.00
937.23
937.58
937.63
938.31
939.09
940.12
940.99
941.13
941.80
942.30
943.02
943.06
943.24
943.94
944.06
944.28
944.33
944.45
945.22
945.64
945.68
946.06
946.21
946.40
946.72
948.36
948.41
948.66
949.77
949.99
950.07
950.33
950.33
950.63
950.99
951.07
951.20
951.53
951.92
952.03
952.82
953.16
953.47
954.21
954.32
954.70
955.17
955.36
955.44
956.60
957.07
957.78
959.12
959.19
959.25
959.42
959.98
960.09
960.19
960.20
961.09
961.19
961.64
961.86
962.00
962.30
962.39
962.53
964.26
964.50
964.98
965.03
966.52
967.29
967.87
967.92
968.09
968.24
968.50
969.68
969.94
971.00
971.06
971.41
971.52
972.32
972.58
972.86
972.89
973.81
973.94
974.78
974.78
975.63
976.22
976.62
976.63
976.93
976.94
977.01
977.07
977.47
977.59
978.30
978.33
980.09
980.25
980.52
980.79
981.64
982.05
982.17
984.08
984.49
984.67
985.24
985.41
985.57
985.67
985.76
985.82
986.57
986.58
987.16
987.35
987.52
987.70
988.87
989.10
989.93
990.03
990.38
990.80
990.91
991.13
991.28
991.67
991.77
991.78
992.05
992.60
993.22
993.24
993.32
993.33
993.62
993.75
994.08
994.21
994.42
994.46
994.80
995.12
996.77
996.86
997.03
997.78
998.10
999.03
999.55
999.67
999.87
1000.05
1000.41
1000.49
1000.71
1000.84
1001.18
1001.97
1002.53
1003.21
1003.76
1003.83
1003.85
1004.01
1004.04
1004.25
1004.37
1004.87
1006.33
1007.02
1007.04
1007.08
1007.23
1007.53
1008.12
1008.38
1008.84
1009.69
1011.09
1011.45
1013.66
1014.12
1014.19
1015.00
1015.58
1015.77
1016.25
1016.29
1016.52
1017.23
1017.38
1017.94
1019.51
1019.56
1020.01
1020.47
1020.75
1022.50
1023.09
1023.26
1023.38
1023.60
1023.78
1023.87
1024.20
1024.29
1024.58
1025.59
1026.28
1026.47
1026.94
1027.22
1027.62
1027.68
1028.41
1029.00
1029.79
1030.16
1030.17
1030.83
1031.67
1031.84
1032.04
1032.37
1033.56
1033.69
1033.99
1034.34
1034.74
1034.88
1034.92
1035.13
1035.73
1036.09
1036.82
1036.95
1037.00
1037.49
1037.92
1037.97
1039.16
1040.07
1040.33
1040.95
1041.01
1041.74
1041.86
1041.86
1042.29
1042.59
1042.64
1043.58
1045.84
1045.96
1046.91
1046.94
1048.05
1048.11
1048.18
1048.59
1049.86
1050.40
1050.42
1051.21
1051.54
1051.95
1051.98
1053.04
1053.18
1053.30
1054.32
1054.67
1055.28
1055.43
1056.45
1056.91
1057.33
1058.29
1058.40
1058.50
1058.92
1059.79
1060.01
1060.02
1060.76
1060.97
1061.41
1061.44
1061.57
1061.79
1063.40
1063.51
1063.74
1065.25
1065.26
1065.87
1066.43
1066.46
1067.32
1068.16
1068.17
1068.32
1069.27
1069.46
1069.50
1069.56
1069.79
1070.24
1071.00
1071.41
1071.45
1071.75
1071.82
1071.92
1071.97
1072.41
1072.48
1072.49
1072.75
1072.98
1073.08
1073.84
1074.06
1074.56
1075.59
1075.64
1076.05
1076.12
1076.57
1076.65
1076.92
1077.29
1077.40
1077.71
1078.10
1078.24
1078.74
1078.88
1078.96
1079.01
1079.13
1079.79
1080.08
1080.79
1081.59
1082.60
1082.73
1083.20
1083.22
1083.54
1084.04
1084.12
1084.38
1085.31
1085.37
1085.72
1085.81
1086.52
1087.34
1087.48
1087.70
1088.06
1088.38
1088.53
1088.66
1088.70
1088.86
1089.04
1089.33
1090.33
1091.10
1091.14
1091.24
1091.43
1091.46
1091.92
1092.19
1092.46
1092.64
1093.26
1094.47
1094.51
1094.82
1095.02
1095.61
1096.02
1096.74
1096.83
1096.99
1097.63
1097.71
1098.02
1098.22
1098.80
1100.19
1100.60
1100.92
1101.61
1102.21
1102.42
1102.58
1103.59
1104.14
1104.24
1104.26
1104.58
1104.77
1104.80
1104.93
1104.98
1105.28
1105.70
1105.86
1107.23
1107.58
1109.07
1109.07
1109.21
1109.63
1110.42
1110.55
1111.32
1111.36
1111.73
1112.04
1112.34
1112.38
1112.81
1113.22
1113.48
1114.25
1114.38
1115.14
1115.53
1116.29
1117.17
1117.88
1118.20
1118.84
1119.09
1119.31
1119.66
1120.22
1120.56
1120.97
1121.02
1121.44
1121.60
1122.37
1122.62
1122.75
1123.11
1123.29
1123.29
1123.68
1124.33
1125.59
1125.60
1126.27
1127.05
1127.43
1127.78
1128.05
1128.81
1129.15
1129.21
1129.26
1130.24
1130.63
1130.65
1130.76
1131.24
1131.30
1131.53
1131.72
1132.49
1132.53
1132.58
1133.00
1133.30
1133.62
1133.90
1134.00
1134.66
1135.12
1135.73
1135.77
1136.64
1136.64
1136.70
1136.87
1136.91
1137.40
1137.44
1137.45
1138.09
1138.19
1138.44
1138.71
1138.99
1139.19
1140.29
1140.33
1141.36
1141.77
1142.26
1142.98
1142.99
1143.02
1143.52
1143.83
1145.67
1146.45
1146.68
1146.71
1147.00
1147.36
1148.37
1150.21
1150.29
1150.91
1151.73
1152.03
1152.08
1152.57
1152.60
1153.21
1153.63
1155.25
1155.59
1155.86
1155.94
1156.39
1156.84
1157.29
1157.54
1157.79
1158.12
1158.44
1158.73
1160.24
1160.74
1160.88
1160.93
1161.14
1161.19
1161.48
1161.83
1162.26
1162.37
1162.89
1162.94
1162.98
1163.45
1163.87
1164.07
1164.65
1164.86
1164.99
1165.38
1165.60
1165.68
1166.05
1166.71
1167.16
1167.16
1167.36
1167.80
1168.49
1168.59
1168.70
1168.94
1168.94
1169.09
1169.38
1170.44
1170.63
1170.64
1170.71
1171.40
1171.50
1171.60
1172.13
1172.22
1172.73
1172.81
1172.91
1173.58
1173.86
1173.86
1174.04
1174.14
1174.88
1174.89
1175.31
1175.78
1176.14
1176.14
1176.63
1177.08
1177.23
1178.06
1178.62
1178.87
1181.44
1181.52
1181.61
1182.36
1182.36
1182.67
1183.13
1183.32
1183.37
1183.54
1183.55
1183.82
1184.54
1185.26
1185.42
1186.13
1186.60
1186.93
1187.08
1187.82
1187.89
1188.42
1188.44
1188.45
1188.60
1188.66
1188.94
1189.11
1189.35
1189.57
1190.38
1190.86
1191.26
1191.30
1191.47
1192.78
1192.82
1193.20
1193.75
1193.89
1194.13
1194.27
1194.35
1194.37
1195.02
1195.34
1195.51
1195.87
1196.08
1196.66
1196.71
1197.22
1197.44
1197.81
1198.42
1198.53
1198.73
1199.37
1199.54
1200.20
1201.14
1201.19
1202.53
1203.31
1204.47
1204.49
1205.00
1205.94
1207.02
1207.21
1207.26
1207.35
1207.59
1208.21
1208.96
1210.96
1211.39
1211.49
1212.01
1212.06
1212.35
1212.63
1212.77
1213.23
1215.54
1215.75
1216.10
1216.31
1216.48
1217.36
1217.72
1218.35
1219.17
1219.28
1219.31
1219.43
1220.16
1220.21
1221.24
1221.67
1221.73
1222.39
1223.50
1223.98
1224.11
1224.31
1224.63
1224.76
1224.92
1225.71
1225.83
1226.06
1226.26
1226.72
1227.23
1227.94
1229.51
1229.56
1229.74
1229.88
1230.44
1230.90
1232.05
1232.11
1232.32
1232.41
1232.52
1232.72
1233.03
1233.12
1234.52
1234.52
1234.79
1235.20
1235.37
1235.50
1235.51
1235.67
1235.95
1236.29
1236.42
1237.06
1237.22
1237.75
1237.88
1238.48
1239.45
1239.48
1240.05
1240.71
1241.27
1241.38
1241.80
1242.17
1242.39
1242.73
1242.93
1243.84
1244.21
1244.35
1244.80
1245.01
1245.62
1245.69
1246.04
1246.58
1246.59
1247.08
1247.17
1247.20
1247.25
1247.59
1248.83
1249.05
1249.47
1249.91
1250.14
1250.63
1250.94
1250.95
1251.46
1251.77
1251.81
1252.62
1252.65
1253.47
1253.66
1255.20
1255.36
1255.62
1255.84
1256.01
1256.05
1256.14
1256.48
1256.65
1256.84
1256.86
1257.96
1258.12
1258.34
1258.43
1258.61
1259.06
1259.20
1259.36
1259.46
1259.52
1259.74
1259.92
1259.95
1260.07
1260.74
1261.20
1261.46
1262.66
1263.05
1263.65
1263.66
1263.77
1264.21
1264.54
1264.71
1265.34
1266.22
1266.81
1267.52
1267.81
1267.88
1268.81
1270.01
1270.27
1270.45
1271.04
1272.06
1272.18
1272.50
1273.21
1273.78
1274.04
1274.95
1275.17
1275.53
1275.57
1275.61
1276.07
1276.44
1276.47
1276.63
1276.77
1277.13
1277.13
1277.20
1277.74
1277.74
1278.07
1278.14
1278.58
1278.76
1278.94
1279.44
1279.59
1282.50
1282.73
1283.36
1283.63
1285.17
1285.30
1285.41
1286.05
1286.48
1287.15
1287.86
1288.14
1288.18
1288.96
1289.39
1290.24
1290.31
1290.76
1292.32
1293.83
1294.06
1294.32
1294.70
1294.76
1295.21
1295.63
1295.67
1296.15
1296.17
1296.81
1296.92
1297.41
1297.86
1298.55
1299.22
1299.40
1299.60
1300.21
1300.42
1301.05
1301.78
1301.91
1301.91
1301.95
1302.43
1302.68
1302.91
1303.71
1304.08
1304.22
1304.62
1305.52
1305.89
1306.09
1306.10
1306.44
1306.50
1306.95
1309.35
1309.44
1309.98
1310.35
1310.37
1310.39
1310.47
1311.24
1311.30
1311.47
1311.52
1311.54
1312.02
1312.12
1312.66
1312.80
1313.51
1315.06
1315.16
1315.70
1315.89
1316.34
1316.74
1317.31
1317.74
1317.78
1318.21
1319.55
1319.92
1320.52
1322.58
1323.07
1323.40
1323.88
1324.40
1324.67
1324.76
1325.10
1330.03
1330.26
1330.50
1330.79
1331.18
1331.79
1331.81
1331.90
1332.12
1332.94
1335.02
1336.01
1336.04
1336.36
1336.39
1336.69
1338.82
1338.88
1339.11
1340.17
1340.62
1341.17
1341.33
1341.46
1341.49
1341.56
1341.81
1342.01
1342.10
1342.23
1342.67
1342.86
1343.33
1343.67
1343.68
1343.87
1343.92
1344.24
1344.38
1344.59
1344.67
1344.80
1345.21
1345.90
1346.48
1346.52
1346.68
1347.19
1347.34
1347.48
1347.57
1348.01
1348.13
1348.24
1348.59
1348.69
1349.31
1350.74
1350.81
1352.67
1352.68
1353.39
1353.47
1353.58
1354.34
1354.41
1354.85
1355.31
1355.64
1355.86
1356.48
1356.80
1356.88
1357.33
1357.82
1357.85
1357.86
1358.33
1358.96
1359.36
1359.43
1361.05
1361.11
1361.61
1361.74
1362.53
1363.29
1363.38
1363.82
1363.97
1364.41
1364.72
1365.18
1365.18
1365.65
1366.36
1366.56
1366.81
1366.98
1367.38
1367.47
1368.01
1368.58
1368.67
1368.83
1369.81
1370.24
1370.42
1371.09
1371.76
1371.79
1372.38
1372.42
1373.30
1373.69
1374.71
1374.77
1376.41
1376.44
1376.69
1379.15
1379.32
1379.35
1380.96
1381.44
1381.75
1381.89
1382.74
1382.84
1383.07
1383.44
1383.55
1383.73
1384.46
1384.98
1385.24
1385.58
1386.12
1386.23
1386.30
1387.17
1387.41
1387.61
1387.62
1387.74
1387.92
1388.03
1388.07
1388.10
1390.52
1390.81
1390.84
1392.17
1392.57
1393.04
1393.54
1393.54
1393.85
1394.43
1395.27
1395.86
1395.95
1396.48
1396.89
1397.25
1397.95
1398.29
1398.31
1398.93
1399.14
1399.32
1399.52
1399.75
1399.82
1400.40
1400.64
1401.54
1401.66
1402.32
1402.72
1403.17
1404.59
1404.65
1405.41
1406.29
1406.85
1406.85
1408.16
1408.60
1409.60
1409.76
1409.84
1409.92
1410.25
1410.89
1410.95
1411.95
1412.04
1412.31
1412.59
1413.17
1413.40
1414.03
1414.36
1414.47
1414.97
1415.34
1415.79
1415.82
1416.77
1417.07
1417.67
1418.38
1418.41
1418.68
1420.59
1420.60
1421.17
1421.25
1421.83
1422.68
1422.91
1422.91
1422.96
1423.28
1423.74
1423.85
1423.93
1424.14
1425.38
1425.84
1425.98
1426.07
1426.60
1426.78
1426.98
1427.23
1429.02
1429.90
1430.94
1431.14
1431.93
1432.13
1432.94
1432.95
1434.18
1434.96
1436.84
1436.98
1437.22
1437.36
1438.00
1439.26
1440.48
1440.57
1441.41
1441.82
1441.93
1442.21
1442.72
1443.21
1443.79
1443.85
1444.24
1445.58
1446.29
1446.59
1447.76
1448.21
1448.86
1449.47
1449.83
1450.58
1450.60
1451.65
1451.81
1452.69
1453.19
1453.44
1454.42
1454.70
1455.11
1455.17
1455.39
1455.80
1456.24
1456.76
1456.89
1457.22
1457.54
1457.90
1458.21
1459.08
1459.24
1459.29
1459.30
1459.81
1460.19
1460.20
1460.63
1460.87
1462.05
1464.82
1465.09
1465.17
1465.24
1465.30
1465.57
1465.62
1465.66
1465.70
1465.71
1465.95
1466.46
1468.73
1470.08
1470.17
1470.40
1470.46
1470.68
1471.19
1471.40
1471.70
1472.04
1472.18
1472.59
1472.98
1472.99
1474.09
1474.79
1474.84
1475.34
1476.28
1476.44
1477.29
1477.57
1477.62
1477.99
1478.28
1478.55
1479.22
1479.40
1479.72
1480.77
1481.10
1481.90
1481.93
1482.04
1482.62
1482.71
1483.04
1483.50
1483.73
1485.28
1485.81
1485.85
1486.41
1486.60
1487.37
1487.42
1487.44
1487.84
1488.24
1489.53
1490.10
1490.50
1491.11
1492.37
1493.57
1493.62
1494.29
1494.38
1494.83
1494.89
1494.91
1495.23
1495.67
1495.69
1496.56
1496.72
1497.84
1497.97
1498.41
1498.54
1498.96
1499.27
1499.62
1500.06
1500.17
1500.19
1500.32
1501.30
1502.03
1502.40
1502.71
1502.97
1503.23
1503.39
1503.55
1503.60
1503.64
1503.72
1503.99
1505.39
1505.54
1505.77
1506.11
1506.47
1506.49
1506.89
1507.64
1508.36
1508.66
1509.41
1509.85
1510.14
1510.21
1510.35
1510.55
1510.73
1511.74
1511.86
1512.17
1512.48
1512.50
1512.63
1512.74
1513.46
1513.56
1514.20
1514.64
1515.92
1516.07
1518.45
1518.68
1519.06
1519.07
1519.43
1520.31
1520.70
1521.41
1521.47
1521.79
1521.82
1522.07
1522.35
1522.40
1522.89
1523.17
1523.83
1524.69
1525.03
1525.65
1526.70
1527.07
1528.06
1528.73
1530.34
1530.77
1531.96
1532.44
1532.48
1532.64
1534.58
1534.77
1534.80
1534.85
1535.05
1535.37
1535.60
1535.80
1536.15
1536.25
1537.13
1537.16
1538.43
1539.07
1539.11
1539.54
1541.51
1542.11
1542.66
1542.96
1543.64
1544.46
1545.90
1546.05
1546.70
1546.75
1547.04
1547.07
1547.62
1548.73
1549.27
1549.47
1549.72
1550.62
1551.09
1551.13
1551.51
1551.70
1552.69
1552.89
1552.92
1553.14
1553.66
1553.80
1553.83
1554.42
1555.18
1557.18
1557.33
1557.42
1557.72
1557.75
1558.70
1558.75
1558.78
1559.85
1560.05
1560.45
1560.55
1562.16
1562.53
1563.36
1563.60
1564.63
1565.21
1565.43
1566.37
1566.54
1566.68
1567.04
1567.49
1567.98
1568.26
1568.27
1569.07
1570.01
1570.33
1571.48
1572.13
1572.30
1572.39
1573.00
1573.99
1574.29
1574.36
1575.83
1576.47
1577.07
1578.49
1578.69
1579.48
1580.15
1581.43
1582.13
1583.52
1584.79
1585.13
1585.85
1586.74
1586.96
1587.26
1587.41
1587.62
1587.65
1588.85
1589.18
1589.30
1589.83
1590.13
1591.14
1591.18
1591.23
1591.35
1591.62
1592.16
1592.42
1592.50
1592.59
1592.64
1592.80
1592.83
1593.36
1594.24
1594.83
1595.02
1595.83
1596.04
1596.94
1596.97
1597.06
1597.52
1597.84
1598.06
1598.30
1599.43
1600.62
1600.67
1601.21
1601.68
1601.83
1603.29
1603.50
1604.99
1605.36
1605.67
1605.72
1605.91
1606.02
1606.45
1606.49
1606.64
1606.64
1607.04
1607.79
1608.99
1609.69
1611.33
1611.53
1611.83
1612.77
1613.07
1613.70
1614.00
1614.10
1614.15
1615.01
1615.41
1616.49
1616.60
1616.86
1618.12
1619.33
1619.54
1619.59
1619.72
1620.19
1620.80
1620.96
1621.75
1621.84
1621.89
1621.96
1622.24
1623.07
1623.77
1624.07
1624.35
1624.67
1624.93
1625.42
1625.44
1625.69
1625.76
1626.53
1626.69
1627.02
1627.96
1628.29
1628.33
1628.54
1629.38
1629.58
1629.67
1630.78
1631.11
1631.61
1631.71
1632.24
1632.35
1632.47
1632.63
1632.67
1633.57
1633.60
1633.85
1634.93
1635.37
1635.55
1636.72
1637.67
1637.83
1638.24
1639.25
1639.43
1639.98
1640.26
1640.62
1640.63
1640.81
1640.94
1642.16
1642.61
1643.16
1643.32
1644.06
1644.17
1644.67
1644.86
1644.94
1645.38
1645.81
1646.59
1646.75
1647.11
1647.36
1647.43
1647.70
1648.18
1648.45
1649.68
1649.78
1650.14
1650.37
1651.03
1651.23
1652.09
1652.52
1652.70
1652.89
1653.84
1654.13
1654.27
1654.49
1656.22
1656.60
1656.96
1658.55
1660.80
1661.00
1661.93
1662.24
1662.92
1663.28
1664.56
1664.74
1664.77
1664.94
1665.78
1666.38
1666.41
1666.47
1666.58
1668.67
1669.18
1669.84
1669.95
1669.97
1670.01
1670.06
1670.80
1670.93
1671.38
1672.70
1672.72
1673.19
1673.37
1673.77
1674.06
1675.67
1675.87
1675.87
1676.29
1676.41
1677.65
1677.90
1678.61
1678.70
1679.12
1679.17
1679.63
1679.85
1680.74
1681.36
1681.70
1681.77
1683.50
1683.58
1683.74
1684.56
1684.83
1684.91
1686.49
1687.06
1687.41
1687.83
1689.00
1689.53
1690.13
1691.28
1691.96
1692.53
1692.95
1693.94
1694.62
1695.44
1696.23
1698.08
1699.46
1701.34
1701.45
1701.82
1701.89
1701.95
1702.24
1702.28
1702.83
1702.83
1703.09
1703.33
1703.92
1704.01
1704.25
1705.02
1705.43
1705.62
1705.97
1706.35
1706.56
1708.29
1708.63
1709.61
1710.01
1710.33
1710.88
1711.16
1711.23
1712.27
1712.33
1712.48
1712.49
1712.55
1712.62
1713.37
1713.37
1713.40
1713.72
1713.96
1713.98
1714.11
1714.63
1715.16
1715.78
1716.93
1717.08
1718.01
1718.53
1718.86
1719.49
1719.61
1719.90
1720.54
1720.67
1720.70
1720.91
1721.26
1721.91
1723.20
1724.19
1725.18
1725.31
1726.19
1728.05
1728.15
1728.45
1728.91
1729.78
1730.43
1730.52
1731.09
1731.37
1731.84
1732.96
1734.10
1735.06
1735.16
1735.36
1735.81
1736.28
1736.96
1737.07
1737.73
1738.05
1739.12
1739.69
1739.86
1741.06
1743.19
1743.74
1743.78
1744.10
1744.15
1744.21
1745.53
1745.64
1745.98
1745.98
1746.40
1746.93
1747.06
1748.25
1748.86
1749.73
1749.75
1749.94
1750.13
1750.86
1750.94
1751.21
1751.24
1751.83
1751.93
1751.96
1752.53
1753.16
1753.37
1753.71
1753.71
1753.94
1754.39
1755.49
1756.31
1756.56
1757.77
1757.81
1757.96
1759.58
1759.62
1759.79
1759.85
1761.56
1764.63
1764.71
1765.07
1765.38
1765.70
1765.76
1766.96
1767.58
1767.60
1767.65
1768.07
1770.20
1770.45
1770.56
1770.83
1772.36
1772.36
1772.52
1772.75
1773.11
1774.19
1774.38
1774.44
1774.46
1774.67
1775.19
1775.45
1775.57
1775.72
1775.80
1777.53
1778.01
1778.88
1779.51
1780.15
1780.69
1782.62
1783.37
1783.89
1784.12
1784.70
1784.83
1785.07
1786.71
1788.76
1789.01
1789.03
1789.44
1791.35
1791.51
1793.25
1793.49
1794.05
1794.73
1795.12
1795.86
1796.40
1797.88
1797.92
1798.13
1798.19
1798.66
1798.77
1799.03
1799.49
1800.35
1800.66
1801.42
1801.77
1802.44
1803.74
1803.78
1803.90
1804.76
1805.21
1805.60
1805.74
1806.13
1807.16
1807.18
1807.28
1807.42
1807.51
1807.83
1808.53
1809.20
1809.47
1809.49
1810.53
1810.80
1811.25
1811.33
1811.35
1812.04
1812.55
1812.63
1813.43
1813.72
1814.29
1815.20
1817.67
1819.27
1819.31
1820.76
1821.12
1821.57
1821.65
1822.06
1822.08
1823.15
1823.17
1823.70
1824.23
1824.55
1825.24
1825.40
1826.88
1827.06
1828.78
1829.63
1829.81
1830.09
1830.76
1830.92
1831.10
1831.14
1831.69
1831.95
1832.34
1834.29
1834.59
1834.86
1836.59
1836.69
1837.09
1839.10
1839.83
1840.21
1840.85
1841.33
1842.14
1843.26
1844.16
1844.70
1845.32
1845.44
1845.84
1846.19
1846.47
1846.73
1847.29
1848.31
1848.71
1848.93
1849.81
1850.21
1850.33
1852.46
1853.30
1854.18
1854.66
1854.66
1854.78
1856.89
1857.60
1857.72
1858.06
1858.92
1860.35
1860.57
1861.08
1861.74
1862.35
1862.65
1863.90
1864.02
1864.20
1864.38
1865.29
1865.35
1865.87
1866.00
1866.42
1866.50
1866.86
1867.43
1867.59
1868.02
1868.20
1868.62
1869.61
1869.65
1870.14
1872.12
1872.55
1872.55
1872.75
1872.93
1872.97
1873.16
1874.27
1874.62
1875.83
1875.89
1875.92
1876.16
1877.13
1877.64
1878.72
1878.76
1879.19
1879.86
1879.92
1880.10
1880.37
1881.61
1882.03
1882.08
1882.69
1882.79
1882.81
1882.83
1884.44
1885.46
1885.58
1885.62
1885.72
1887.13
1887.23
1887.68
1887.99
1888.34
1888.34
1888.79
1889.03
1889.52
1889.60
1889.73
1891.00
1891.69
1891.69
1891.77
1892.76
1892.92
1893.92
1894.74
1895.46
1895.71
1896.77
1898.66
1899.57
1899.69
1899.77
1899.79
1900.06
1900.47
1901.71
1902.49
1902.96
1904.36
1904.98
1905.12
1905.62
1905.93
1906.09
1907.56
1908.59
1908.98
1910.24
1913.57
1914.22
1914.73
1915.13
1916.23
1916.85
1917.35
1917.66
1919.07
1919.61
1919.75
1921.06
1921.33
1921.48
1921.50
1921.52
1921.69
1923.23
1924.77
1925.85
1928.39
1928.66
1929.33
1929.60
1929.92
1930.65
1930.79
1930.94
1931.17
1931.46
1931.73
1933.55
1934.33
1934.35
1934.66
1934.96
1935.23
1935.35
1935.67
1936.99
1937.60
1938.58
1938.62
1940.36
1941.16
1941.31
1942.93
1943.50
1944.02
1944.06
1944.61
1945.14
1945.64
1945.77
1946.48
1947.14
1947.20
1947.39
1949.73
1950.32
1950.34
1951.19
1951.21
1952.52
1952.98
1953.55
1953.85
1954.29
1954.31
1954.46
1954.63
1954.86
1955.54
1956.77
1957.02
1957.34
1957.78
1958.72
1959.20
1961.07
1961.13
1961.81
1962.79
1964.87
1965.30
1965.62
1966.08
1966.96
1967.13
1967.36
1967.66
1968.04
1968.06
1968.11
1968.53
1968.55
1968.68
1969.30
1970.41
1970.79
1973.37
1974.21
1974.21
1974.72
1974.87
1975.51
1976.51
1977.52
1977.58
1978.42
1978.63
1979.53
1979.60
1980.09
1980.20
1980.56
1980.84
1980.92
1980.99
1981.12
1981.25
1982.08
1982.88
1983.13
1984.33
1984.36
1984.59
1985.26
1985.88
1987.79
1989.13
1990.29
1990.87
1992.21
1993.46
1993.55
1994.41
1997.09
1997.76
1997.82
1998.79
1999.42
1999.44
2000.55
2002.19
2002.97
2003.30
2003.32
2003.43
2003.90
2004.58
2004.92
2005.51
2005.55
2005.60
2005.68
2006.88
2009.16
2009.98
2010.14
2010.75
2012.62
2012.77
2013.51
2013.55
2013.79
2014.23
2015.23
2015.80
2016.72
2017.22
2018.53
2019.01
2019.36
2019.60
2022.92
2023.34
2023.53
2023.93
2024.72
2024.83
2026.19
2026.54
2026.89
2027.37
2028.66
2029.35
2030.60
2031.41
2031.76
2032.00
2032.11
2032.20
2032.29
2033.70
2033.98
2034.67
2034.89
2035.66
2036.54
2036.58
2037.02
2037.88
2038.57
2038.70
2038.74
2038.81
2039.07
2039.49
2040.13
2041.24
2043.20
2043.67
2044.04
2044.88
2045.06
2045.19
2046.77
2047.08
2048.23
2048.52
2048.67
2048.96
2049.18
2050.16
2050.27
2050.71
2051.27
2052.20
2052.78
2052.80
2053.02
2053.80
2054.55
2055.84
2056.04
2057.40
2057.58
2057.82
2057.96
2059.87
2060.10
2060.21
2062.84
2062.93
2063.29
2063.71
2065.56
2065.56
2066.28
2067.15
2067.42
2067.47
2067.67
2067.71
2068.02
2068.54
2069.26
2069.37
2069.43
2070.02
2070.89
2072.46
2073.22
2074.07
2075.06
2075.60
2075.67
2077.92
2078.01
2078.28
2079.15
2079.35
2079.53
2080.37
2080.80
2081.40
2081.83
2082.48
2083.03
2084.02
2084.06
2084.22
2086.59
2087.24
2087.99
2088.08
2088.19
2088.62
2088.64
2088.83
2088.83
2088.83
2089.03
2089.50
2089.68
2090.27
2090.72
2090.82
2090.86
2092.78
2093.51
2094.28
2095.19
2095.48
2095.57
2096.68
2098.07
2098.61
2098.91
2098.93
2099.36
2099.59
2101.34
2102.25
2102.61
2102.63
2103.04
2104.07
2105.46
2105.59
2106.85
2108.15
2108.31
2110.57
2111.46
2111.64
2112.69
2112.74
2113.54
2114.22
2114.38
2114.50
2115.16
2115.53
2115.78
2116.21
2116.51
2116.95
2117.59
2121.17
2123.76
2123.92
2124.82
2125.03
2125.53
2127.16
2127.42
2127.58
2127.92
2128.82
2129.17
2130.07
2130.25
2130.60
2130.62
2130.85
2130.90
2131.52
2131.61
2133.55
2134.24
2135.03
2135.93
2136.74
2137.52
2137.52
2138.47
2138.75
2139.65
2139.70
2140.19
2140.72
2142.06
2144.13
2144.94
2145.75
2145.84
2146.14
2147.07
2148.31
2149.24
2149.42
2149.44
2150.93
2151.40
2151.61
2151.75
2151.96
2152.31
2153.17
2154.47
2154.59
2154.89
2155.15
2155.27
2155.52
2156.29
2158.58
2159.30
2159.54
2161.01
2162.91
2163.91
2164.19
2164.57
2164.80
2166.28
2167.00
2167.68
2168.08
2168.27
2168.34
2168.37
2168.60
2169.05
2169.05
2169.23
2171.89
2173.16
2173.65
2173.65
2174.14
2174.14
2174.24
2174.83
2175.20
2175.91
2176.00
2177.49
2178.97
2179.00
2179.14
2180.36
2180.95
2181.28
2182.51
2183.05
2184.26
2185.02
2185.11
2185.32
2187.48
2188.71
2189.11
2190.34
2190.63
2191.38
2193.21
2193.35
2193.40
2194.30
2194.90
2194.97
2195.63
2195.89
2196.18
2196.94
2196.96
2197.53
2197.65
2197.96
2199.06
2199.08
2199.89
2200.08
2200.25
2200.72
2200.87
2201.39
2201.89
2202.46
2202.70
2203.96
2204.37
2205.78
2205.78
2207.78
2207.83
2210.15
2210.20
2211.58
2211.78
2211.80
2211.97
2212.49
2213.07
2213.88
2214.22
2215.20
2215.22
2215.37
2216.21
2216.83
2218.99
2219.23
2220.86
2221.87
2222.50
2223.24
2224.37
2224.76
2224.78
2224.98
2225.29
2225.51
2225.70
2225.79
2225.79
2225.92
2226.42
2227.67
2227.67
2228.76
2230.04
2231.03
2231.61
2231.85
2232.19
2233.25
2234.38
2234.99
2236.83
2238.16
2238.18
2238.55
2239.44
2239.66
2239.69
2240.12
2241.21
2241.38
2242.43
2243.93
2244.08
2244.66
2244.93
2245.53
2245.56
2245.78
2248.01
2248.67
2251.49
2251.66
2252.25
2252.76
2253.32
2253.83
2253.93
2254.08
2255.47
2255.81
2255.83
2256.37
2257.76
2257.84
2258.23
2259.13
2259.25
2259.55
2259.77
2260.09
2260.57
2260.57
2261.75
2262.16
2262.90
2265.05
2266.21
2268.05
2269.45
2269.69
2269.69
2270.11
2270.13
2270.23
2271.29
2271.68
2271.88
2272.15
2272.69
2272.79
2273.08
2273.60
2273.89
2275.86
2276.63
2276.77
2277.64
2278.15
2278.72
2279.07
2279.71
2279.91
2280.37
2280.70
2280.99
2282.00
2282.05
2283.81
2286.06
2286.08
2287.66
2288.73
2289.62
2290.04
2290.59
2290.93
2291.28
2292.47
2293.34
2293.89
2294.83
2295.38
2295.52
2296.72
2299.15
2300.20
2300.20
2306.43
2307.10
2307.98
2308.35
2309.15
2309.48
2310.50
2310.73
2310.85
2311.58
2311.83
2314.85
2314.88
2315.18
2318.84
2319.27
2319.97
2320.47
2321.15
2321.20
2322.03
2323.44
2324.16
2324.27
2324.32
2325.22
2325.75
2326.38
2326.50
2326.93
2327.03
2327.18
2327.61
2327.76
2328.75
2329.43
2329.68
2330.21
2330.74
2331.82
2331.85
2332.02
2332.40
2333.24
2333.79
2333.99
2334.02
2335.21
2335.41
2335.58
2336.57
2336.72
2337.35
2337.91
2338.14
2338.42
2338.97
2339.93
2340.59
2343.20
2344.78
2345.69
2347.95
2348.08
2348.33
2348.51
2349.45
2349.60
2349.88
2350.31
2350.59
2351.23
2352.37
2352.42
2353.24
2354.41
2354.44
2354.49
2354.67
2355.46
2356.35
2356.78
2357.09
2357.27
2357.98
2358.23
2358.72
2360.30
2360.46
2360.58
2360.63
2361.25
2361.68
2362.53
2363.60
2365.29
2366.75
2367.59
2367.93
2368.00
2368.46
2368.51
2368.80
2369.33
2370.05
2370.59
2370.62
2372.77
2372.82
2373.23
2373.44
2373.72
2374.88
2375.96
2376.91
2377.89
2378.14
2378.45
2379.92
2380.18
2381.16
2381.16
2381.85
2382.32
2385.44
2385.51
2386.52
2386.99
2387.50
2388.92
2389.29
2391.77
2393.40
2393.74
2393.84
2394.64
2394.93
2395.14
2395.52
2395.60
2396.43
2396.85
2396.92
2397.34
2399.13
2399.88
2400.77
2401.47
2401.54
2401.80
2407.24
2407.32
2407.97
2408.73
2411.83
2412.40
2412.67
2412.69
2413.66
2414.23
2414.65
2415.25
2415.93
2416.24
2417.34
2419.17
2420.41
2422.87
2422.92
2423.50
2423.79
2425.12
2425.49
2426.38
2428.04
2428.75
2429.04
2429.96
2430.27
2430.32
2431.77
2431.90
2432.11
2432.32
2432.77
2435.64
2436.06
2436.06
2436.27
2436.30
2437.38
2437.46
2437.49
2437.54
2437.65
2438.49
2439.12
2440.18
2441.42
2441.53
2441.71
2441.76
2442.13
2446.18
2446.89
2448.14
2448.32
2448.75
2449.57
2450.68
2452.67
2452.75
2454.03
2454.66
2455.99
2457.61
2457.80
2458.25
2458.25
2458.33
2458.54
2460.91
2460.94
2461.87
2462.62
2463.36
2463.50
2464.30
2465.20
2465.23
2465.26
2465.50
2465.63
2465.66
2469.53
2470.76
2471.93
2472.82
2473.57
2474.32
2474.93
2475.25
2475.33
2476.86
2477.05
2477.40
2477.53
2477.69
2477.88
2478.07
2478.79
2479.57
2480.21
2480.48
2480.56
2481.18
2482.55
2483.06
2483.14
2483.87
2484.21
2485.29
2485.50
2486.66
2486.74
2486.82
2486.90
2488.25
2488.36
2489.49
2490.62
2491.16
2491.54
2491.59
2491.91
2492.88
2493.45
2493.69
2494.02
2494.10
2495.04
2499.61
2500.07
2500.37
2501.61
2502.18
2502.91
2504.32
2504.81
2505.70
2507.11
2507.52
2508.74
2510.86
2511.37
2513.39
2513.41
2514.83
2515.29
2515.81
2515.81
2516.03
2519.65
2520.49
2520.55
2522.29
2522.54
2523.82
2526.12
2526.17
2527.84
2528.36
2529.40
2529.51
2531.37
2531.54
2532.88
2533.32
2533.97
2534.50
2534.55
2534.69
2534.69
2535.07
2535.35
2536.72
2537.84
2537.98
2538.91
2540.01
2540.04
2540.51
2540.76
2541.44
2541.72
2544.55
2544.75
2545.57
2546.20
2546.54
2547.14
2548.52
2550.04
2551.78
2553.49
2553.49
2553.76
2553.85
2554.34
2555.12
2556.20
2556.61
2556.83
2556.89
2557.28
2557.47
2559.60
2560.18
2560.46
2560.79
2561.04
2562.12
2562.18
2563.68
2563.70
2564.87
2565.48
2565.53
2566.17
2566.62
2566.81
2569.37
2569.37
2570.09
2570.20
2570.84
2571.09
2573.93
2574.29
2574.96
2575.60
2575.88
2576.36
2577.86
2578.50
2578.70
2580.43
2580.71
2581.96
2582.13
2583.05
2583.61
2585.71
2585.79
2586.41
2587.14
2589.35
2591.14
2591.62
2592.13
2593.89
2594.68
2596.06
2596.34
2596.93
2596.98
2598.87
2599.96
2601.26
2602.75
2604.81
2605.00
2606.92
2606.98
2607.03
2607.94
2608.05
2608.75
2608.78
2609.94
2610.00
2610.25
2610.62
2613.59
2615.37
2616.36
2617.24
2617.46
2618.11
2618.91
2619.16
2619.25
2619.45
2619.47
2619.90
2620.95
2623.79
2624.04
2624.92
2625.23
2627.11
2627.79
2629.36
2629.81
2630.29
2630.44
2632.29
2632.83
2632.91
2634.22
2635.08
2638.96
2639.13
2639.33
2640.16
2640.56
2640.76
2641.59
2641.93
2642.19
2642.62
2643.50
2644.13
2645.68
2646.19
2647.60
2648.03
2649.26
2651.35
2652.41
2652.50
2653.48
2655.75
2656.58
2657.18
2657.73
2659.02
2659.89
2659.97
2661.21
2661.24
2663.23
2663.46
2664.61
2664.64
2665.07
2665.10
2666.25
2668.79
2670.50
2670.82
2670.96
2671.39
2671.48
2671.60
2671.91
2673.48
2673.59
2673.79
2674.03
2674.08
2675.24
2676.66
2676.75
2677.67
2678.17
2678.66
2681.99
2682.57
2682.72
2682.89
2683.04
2684.00
2684.96
2685.25
2686.35
2687.02
2687.19
2687.60
2688.18
2688.88
2689.58
2690.89
2691.50
2691.67
2693.68
2695.55
2695.73
2695.78
2695.81
2696.72
2696.86
2697.39
2697.91
2699.90
2700.57
2702.06
2702.15
2702.47
2702.85
2703.73
2704.69
2706.54
2710.44
2711.02
2711.84
2713.49
2714.66
2714.87
2716.31
2716.75
2717.01
2717.66
2717.69
2717.93
2718.95
2720.54
2721.16
2721.69
2722.90
2723.78
2724.14
2724.14
2724.67
2724.82
2725.94
2729.42
2729.57
2731.25
2731.40
2731.58
2731.87
2732.94
2734.09
2736.01
2736.96
2737.26
2737.70
2738.71
2739.74
2740.69
2741.43
2743.93
2744.79
2745.47
2745.65
2746.01
2746.15
2746.63
2749.63
2750.59
2752.55
2753.09
2753.86
2755.08
2756.43
2757.02
2758.24
2758.54
2758.69
2759.14
2760.10
2762.25
2763.44
2763.59
2764.73
2764.88
2766.58
2766.94
2769.22
2770.48
2772.94
2772.97
2774.59
2775.46
2775.91
2777.05
2777.08
2777.38
2781.77
2784.27
2784.57
2784.60
2784.81
2786.47
2786.71
2786.86
2787.04
2789.04
2789.82
2790.54
2791.81
2791.84
2791.93
2794.08
2794.44
2794.50
2797.04
2798.56
2798.74
2800.95
2801.34
2801.53
2802.25
2802.80
2806.99
2807.08
2808.14
2808.78
2808.81
2809.02
2809.05
2810.82
2812.19
2812.61
2814.07
2814.62
2816.66
2819.83
2820.87
2821.66
2821.69
2823.07
2823.62
2824.17
2825.27
2825.36
2826.06
2826.13
2828.51
2828.94
2830.35
2833.20
2834.70
2835.99
2837.74
2838.01
2838.63
2840.78
2840.84
2842.13
2842.22
2844.47
2845.64
2846.69
2847.21
2848.26
2848.29
2849.95
2851.47
2852.45
2853.29
2853.72
2853.93
2854.15
2854.43
2854.83
2855.63
2855.97
2857.70
2857.98
2858.48
2858.54
2859.78
2861.73
2862.84
2864.92
2864.95
2865.10
2865.41
2866.06
2871.09
2871.43
2871.96
2872.18
2872.43
2872.46
2872.77
2873.05
2873.24
2875.32
2875.85
2877.62
2877.90
2879.46
2879.93
2880.18
2880.61
2883.61
2883.86
2884.92
2885.17
2885.26
2885.32
2888.51
2890.29
2890.48
2890.57
2890.98
2891.04
2892.58
2893.30
2894.05
2894.74
2895.99
2898.09
2898.50
2899.41
2900.13
2900.60
2901.04
2901.64
2902.26
2903.05
2903.49
2904.34
2904.62
2905.25
2907.01
2907.20
2908.33
2908.96
2909.84
2910.44
2912.05
2912.77
2913.78
2915.17
2915.48
2915.77
2916.21
2916.40
2918.42
2918.64
2918.70
2919.21
2919.43
2919.87
2920.66
2921.89
2923.66
2924.64
2925.06
2925.97
2929.68
2929.90
2930.31
2931.30
2931.71
2932.50
2932.57
2932.72
2932.82
2932.92
2935.58
2935.80
2936.15
2938.51
2940.32
2944.87
2945.83
2946.05
2946.15
2947.52
2947.58
2947.64
2948.47
2949.30
2949.49
2949.49
2951.06
2953.33
2955.15
2956.33
2957.74
2959.60
2960.27
2961.87
2963.22
2965.43
2966.07
2966.62
2966.78
2967.48
2968.13
2968.51
2969.15
2971.60
2971.92
2980.07
2981.39
2982.68
2983.39
2987.52
2988.04
2990.89
2991.60
2992.21
2993.83
2994.68
2995.71
2996.13
2996.62
2998.11
2998.44
2998.76
3001.42
3001.55
3003.47
3003.73
3003.86
3003.89
3004.38
3004.51
3007.47
3008.31
3009.75
3012.97
3013.27
3013.89
3015.29
3016.10
3016.79
3017.31
3017.47
3021.72
3022.34
3022.54
3024.31
3025.16
3025.75
3025.94
3026.01
3028.10
3028.37
3029.25
3029.84
3029.87
3031.32
3032.73
3032.76
3033.52
3033.97
3034.80
3035.81
3036.17
3038.38
3038.80
3038.90
3040.45
3041.44
3041.90
3043.77
3044.27
3044.79
3046.64
3047.17
3048.29
3048.55
3048.75
3051.32
3052.74
3053.14
3053.73
3054.43
3054.99
3055.82
3060.68
3060.91
3061.11
3061.21
3062.90
3062.93
3064.69
3065.16
3066.45
3070.83
3071.16
3071.73
3072.13
3073.13
3073.26
3074.95
3075.75
3076.62
3076.75
3077.25
3077.38
3077.68
3079.68
3080.32
3081.45
3084.99
3085.22
3085.62
3088.66
3089.80
3092.27
3092.87
3096.46
3098.83
3099.54
3099.98
3101.85
3103.33
3103.73
3104.94
3106.05
3106.22
3107.13
3107.43
3109.21
3110.46
3110.63
3113.49
3114.06
3114.50
3114.60
3115.00
3115.51
3116.15
3117.70
3120.10
3120.40
3122.16
3123.21
3123.48
3123.88
3125.33
3128.28
3128.31
3128.72
3130.44
3131.46
3132.24
3132.44
3133.02
3134.24
3135.22
3136.68
3136.92
3139.94
3140.83
3140.86
3142.19
3143.44
3145.59
3145.86
3145.96
3146.13
3146.30
3147.22
3149.33
3152.44
3153.70
3154.93
3155.10
3156.02
3158.24
3160.97
3161.42
3161.49
3164.09
3165.18
3165.32
3165.84
3166.25
3167.62
3168.41
3169.09
3169.16
3170.02
3171.60
3171.63
3172.11
3172.90
3173.65
3174.86
3176.51
3176.54
3177.78
3180.87
3183.90
3184.04
3184.21
3184.87
3186.11
3189.52
3190.21
3190.28
3190.73
3190.77
3190.80
3191.63
3191.77
3192.67
3194.29
3195.60
3197.85
3199.20
3200.52
3201.49
3201.97
3202.73
3203.08
3204.29
3205.13
3206.10
3206.27
3206.65
3206.76
3207.03
3207.07
3207.17
3209.05
3210.61
3210.75
3211.20
3214.57
3215.30
3216.49
3216.76
3219.34
3220.56
3221.75
3221.99
3222.02
3222.79
3223.21
3223.49
3223.66
3227.01
3227.85
3228.79
3230.16
3230.96
3235.37
3235.47
3235.54
3235.89
3236.10
3237.08
3238.24
3238.66
3239.82
3239.99
3241.54
3242.17
3243.50
3243.92
3244.27
3244.27
3244.27
3244.55
3245.15
3245.19
3245.22
3246.34
3247.47
3248.94
3249.72
3250.03
3251.37
3251.65
3251.72
3252.00
3253.66
3253.94
3256.58
3257.36
3257.43
3258.45
3260.18
3260.39
3260.88
3264.34
3266.14
3266.22
3266.53
3266.60
3269.01
3271.03
3271.70
3272.97
3273.89
3274.21
3274.25
3276.20
3277.61
3279.03
3279.10
3279.60
3280.24
3282.33
3282.87
3283.36
3287.10
3288.77
3288.95
3289.41
3294.82
3295.47
3295.57
3296.18
3296.29
3297.64
3297.75
3298.36
3299.00
3300.43
3301.68
3302.71
3303.50
3304.14
3304.53
3304.79
3306.50
3307.36
3308.04
3310.22
3310.80
3312.12
3314.09
3316.50
3318.04
3318.54
3318.80
3319.66
3319.73
3320.23
3320.84
3320.99
3321.92
3322.71
3324.76
3325.34
3326.20
3327.06
3327.10
3328.11
3329.05
3329.08
3329.69
3330.02
3330.96
3331.06
3331.35
3333.23
3333.95
3335.25
3335.57
3337.30
3338.89
3339.87
3340.16
3342.36
3342.72
3344.03
3344.82
3345.04
3345.26
3345.29
3348.01
3348.95
3349.02
3350.22
3352.90
3354.43
3354.97
3355.12
3355.30
3355.37
3355.55
3355.70
3356.21
3357.22
3357.62
3358.64
3359.51
3360.06
3361.26
3362.82
3366.28
3366.50
3366.83
3367.30
3367.85
3369.01
3369.41
3369.52
3369.52
3371.05
3371.13
3371.46
3371.57
3371.78
3371.93
3372.04
3372.92
3374.30
3376.60
3376.60
3377.30
3380.33
3380.99
3381.25
3382.71
3382.78
3383.19
3383.22
3385.46
3387.22
3387.58
3389.96
3390.63
3391.98
3393.71
3394.26
3394.37
3394.55
3397.12
3397.20
3397.82
3398.30
3398.34
3398.56
3399.18
3401.28
3405.26
3407.51
3408.87
3408.87
3412.23
3412.34
3412.93
3413.19
3415.37
3415.55
3418.44
3418.55
3419.44
3420.03
3421.69
3422.54
3422.58
3423.32
3424.06
3424.25
3424.25
3424.47
3425.69
3426.40
3426.77
3426.84
3427.92
3429.03
3431.22
3431.48
3432.56
3432.85
3432.85
3435.94
3437.28
3438.21
3438.65
3439.62
3442.93
3443.98
3444.09
3448.38
3451.25
3451.40
3454.13
3454.58
3457.16
3457.38
3457.61
3458.77
3458.92
3461.01
3461.12
3461.39
3461.99
3466.93
3467.53
3467.76
3470.65
3471.81
3472.04
3472.08
3472.79
3473.39
3475.69
3475.76
3476.66
3476.85
3478.88
3479.45
3480.28
3483.82
3485.06
3485.44
3488.38
3488.95
3490.00
3490.12
3490.42
3491.86
3492.50
3492.69
3492.95
3493.25
3494.16
3494.43
3496.51
3496.58
3498.78
3498.78
3498.81
3499.27
3501.31
3505.98
3506.32
3506.32
3507.08
3509.01
3509.39
3509.89
3510.11
3511.41
3511.86
3513.50
3513.61
3514.14
3515.28
3522.52
3524.58
3524.99
3526.86
3527.17
3527.59
3527.82
3527.97
3528.16
3528.47
3530.07
3530.15
3531.68
3531.87
3533.66
3536.11
3541.59
3543.66
3544.81
3545.19
3546.72
3547.84
3551.87
3552.41
3552.83
3554.56
3557.33
3558.72
3560.30
3561.99
3563.19
3563.61
3564.54
3564.58
3568.01
3568.05
3569.86
3572.45
3573.92
3576.55
3576.98
3577.05
3578.91
3581.08
3582.63
3582.67
3582.75
3584.14
3586.24
3586.90
3591.01
3591.25
3591.29
3592.30
3594.20
3595.17
3596.03
3596.30
3596.30
3597.70
3597.78
3598.40
3598.60
3599.11
3599.65
3600.43
3602.03
3602.26
3602.92
3604.05
3604.87
3605.46
3606.59
3609.95
3610.96
3611.24
3613.19
3614.60
3615.38
3616.40
3616.48
3616.52
3616.95
3618.63
3620.04
3620.47
3621.18
3622.12
3622.43
3622.86
3623.88
3625.45
3626.31
3628.71
3628.86
3629.22
3632.04
3632.59
3632.91
3633.07
3637.43
3637.51
3637.55
3641.37
3641.61
3644.60
3645.67
3646.06
3647.32
3648.47
3650.21
3652.85
3653.41
3653.72
3653.96
3655.66
3656.93
3659.06
3659.30
3661.08
3661.36
3663.38
3664.33
3665.56
3667.70
3667.78
3667.98
3668.46
3669.17
3670.36
3670.56
3672.91
3674.42
3674.54
3675.57
3676.21
3676.64
3679.27
3679.91
3681.14
3681.34
3681.62
3682.82
3683.33
3685.65
3686.96
3687.64
3691.19
3692.79
3695.87
3696.15
3696.51
3696.51
3698.55
3699.31
3699.43
3699.63
3700.47
3700.63
3703.15
3704.36
3705.00
3706.12
3706.36
3706.44
3707.80
3708.04
3710.77
3711.38
3711.42
3712.18
3713.14
3713.26
3713.30
3716.56
3719.54
3720.58
3721.19
3722.56
3723.76
3724.73
3726.51
3726.59
3726.59
3726.67
3729.53
3730.22
3730.94
3733.53
3733.93
3734.17
3734.78
3736.36
3736.56
3737.21
3737.37
3738.14
3743.24
3743.60
3746.68
3746.84
3747.00
3747.49
3749.03
3749.23
3751.39
3751.47
3752.28
3757.72
3761.51
3762.73
3763.05
3764.23
3764.27
3764.76
3765.13
3765.41
3765.82
3766.43
3768.39
3768.88
3769.33
3770.96
3772.47
3773.41
3773.69
3774.92
3775.94
3775.94
3778.96
3779.01
3781.26
3783.51
3783.63
3784.08
3788.46
3790.64
3792.11
3794.37
3794.53
3796.59
3800.62
3802.38
3802.71
3802.84
3802.92
3803.70
3804.77
3804.94
3805.76
3806.29
3807.90
3811.32
3811.69
3811.78
3812.06
3812.11
3812.48
3813.47
3815.12
3816.60
3816.81
3819.74
3820.07
3821.44
3821.93
3822.64
3823.05
3823.67
3824.58
3824.62
3824.95
3826.28
3827.02
3828.43
3828.64
3830.92
3830.92
3835.07
3836.35
3836.60
3837.06
3837.10
3838.39
3838.47
3839.63
3840.13
3840.96
3845.25
3847.04
3848.95
3849.28
3851.82
3851.87
3852.33
3856.33
3856.33
3857.79
3861.76
3862.01
3862.13
3862.68
3864.10
3865.56
3865.98
3866.27
3866.31
3867.32
3867.61
3869.37
3869.49
3870.83
3871.17
3871.46
3871.67
3873.81
3874.48
3875.40
3875.57
3878.04
3878.72
3880.81
3886.19
3886.32
3889.98
3890.44
3891.33
3892.93
3896.64
3896.93
3897.18
3899.25
3903.72
3904.23
3907.87
3911.12
3913.03
3913.62
3915.95
3917.65
3918.11
3918.15
3918.75
3921.72
3921.97
3923.20
3926.00
3926.73
3926.98
3927.11
3929.32
3931.66
3932.42
3934.08
3936.09
3936.64
3937.92
3939.45
3940.01
3941.24
3941.84
3943.50
3952.94
3954.18
3958.85
3959.41
3964.77
3965.54
3966.27
3969.62
3969.79
3972.41
3973.18
3974.00
3974.34
3977.44
3978.34
3978.69
3978.86
3979.64
3982.74
3983.77
3987.31
3988.56
3991.24
3992.01
3993.01
3993.22
3994.30
3997.16
3998.41
3999.58
3999.75
3999.88
4002.78
4003.56
4003.78
4006.29
4008.85
4010.11
4010.37
4010.63
4010.93
4011.93
4012.02
4012.58
4014.80
4016.27
4016.58
4016.88
4017.67
4019.93
4021.88
4023.28
4025.76
4026.32
4026.46
4027.02
4028.07
4028.42
4028.59
4028.72
4031.77
4032.69
4032.86
4035.53
4036.27
4039.20
4039.24
4041.51
4041.99
4042.48
4042.52
4043.92
4044.66
4045.71
4050.05
4054.92
4055.00
4055.71
4056.23
4056.72
4056.76
4056.76
4057.20
4058.03
4059.66
4060.05
4060.40
4062.03
4062.69
4064.01
4064.45
4066.03
4067.79
4070.35
4071.05
4071.62
4074.09
4074.44
4074.44
4075.85
4078.19
4078.37
4080.84
4083.40
4083.58
4084.07
4084.77
4086.32
4086.45
4087.82
4089.33
4089.77
4090.43
4090.83
4090.88
4093.58
4096.63
4099.07
4101.20
4101.29
4101.73
4106.57
4107.33
4108.71
4109.15
4109.33
4110.44
4110.66
4111.33
4111.91
4113.29
4115.34
4117.88
4118.86
4119.30
4123.58
4126.39
4126.84
4127.65
4128.36
4132.43
4133.77
4133.90
4134.66
4135.47
4135.56
4138.91
4139.45
4140.44
4143.17
4144.92
4153.05
4154.75
4156.24
4158.58
4158.62
4159.52
4161.23
4161.55
4161.95
4164.56
4166.05
4168.71
4169.84
4173.18
4173.32
4173.77
4174.81
4175.12
4176.66
4181.13
4181.27
4181.95
4183.13
4183.17
4183.89
4184.89
4185.12
4185.89
4187.88
4189.06
4191.28
4192.32
4193.37
4194.46
4194.68
4198.54
4200.68
4201.00
4203.41
4204.95
4205.41
4206.27
4206.59
4210.37
4210.73
4211.01
4212.10
4212.28
4213.92
4215.57
4220.82
4221.45
4222.23
4222.87
4223.33
4231.24
4231.47
4233.58
4234.63
4235.73
4235.91
4237.15
4238.71
4242.61
4243.30
4245.32
4247.57
4248.58
4249.13
4249.45
4253.04
4255.25
4255.76
4256.45
4257.05
4258.15
4261.20
4263.92
4265.07
4266.04
4266.36
4267.70
4271.67
4277.27
4280.37
4280.37
4285.84
4286.21
4291.69
4292.71
4294.20
4298.10
4298.38
4299.59
4301.91
4303.03
4303.08
4305.03
4306.48
4310.49
4310.77
4311.33
4312.87
4313.29
4316.37
4317.02
4318.14
4320.76
4321.18
4321.23
4322.77
4324.08
4325.67
4326.84
4327.59
4327.87
4329.28
4329.42
4330.12
4330.45
4331.06
4334.15
4337.39
4340.30
4340.39
4341.33
4341.76
4344.06
4344.53
4350.45
4351.25
4352.48
4352.53
4353.66
4358.94
4360.21
4361.39
4362.38
4362.57
4363.37
4363.56
4366.25
4368.28
4370.74
4376.99
4377.18
4377.65
4379.88
4381.59
4381.92
4384.67
4387.90
4388.84
4391.17
4392.41
4395.31
4395.64
4397.59
4400.21
4401.78
4402.78
4404.26
4405.02
4406.07
4406.16
4410.89
4412.46
4413.75
4415.14
4418.00
4419.63
4420.30
4422.07
4424.51
4425.13
4427.91
4428.15
4429.49
4430.16
4430.98
4432.46
4432.85
4432.89
4432.99
4438.03
4439.18
4439.52
4439.95
4448.03
4448.46
4449.33
4450.82
4451.59
4451.78
4453.18
4453.95
4454.43
4455.98
4456.70
4459.79
4465.34
4466.02
4466.11
4471.14
4477.68
4477.92
4483.20
4483.40
4486.21
4491.17
4491.26
4491.31
4491.41
4491.41
4492.14
4492.53
4493.84
4494.76
4495.15
4495.30
4497.92
4498.17
4499.04
4500.80
4501.67
4508.45
4509.08
4509.62
4516.21
4516.75
4519.00
4519.44
4521.39
4523.99
4525.95
4530.94
4531.43
4533.59
4534.18
4534.23
4534.77
4535.06
4539.58
4540.76
4542.14
4542.23
4542.28
4543.81
4546.17
4546.81
4546.81
4547.10
4547.59
4548.73
4549.66
4550.60
4551.53
4552.86
4553.70
4558.18
4558.97
4561.49
4562.43
4563.27
4564.11
4564.35
4564.65
4566.53
4570.53
4572.61
4572.91
4573.94
4574.98
4576.32
4576.42
4577.16
4578.75
4584.75
4586.28
4589.41
4589.76
4590.30
4592.19
4594.53
4595.03
4595.22
4600.65
4602.39
4613.21
4614.11
4614.21
4616.20
4618.25
4620.45
4620.80
4622.30
4624.40
4626.00
4626.55
4627.91
4629.11
4633.92
4635.47
4635.52
4635.98
4648.48
4649.44
4649.54
4652.05
4656.59
4657.19
4657.54
4658.15
4658.70
4658.85
4666.47
4667.68
4668.59
4668.95
4669.86
4670.51
4671.32
4672.84
4676.63
4676.78
4677.59
4680.07
4680.63
4681.09
4682.00
4683.06
4684.53
4685.19
4686.81
4688.59
4689.91
4693.82
4695.24
4696.76
4704.29
4705.00
4705.41
4708.31
4714.53
4714.69
4716.52
4719.94
4724.23
4725.00
4725.92
4731.70
4732.21
4736.42
4737.13
4739.29
4741.59
4742.31
4742.36
4744.21
4745.34
4746.11
4748.22
4750.32
4753.05
4764.99
4766.95
4767.52
4768.81
4773.25
4775.78
4778.31
4778.68
4781.00
4782.71
4782.81
4783.28
4785.51
4785.71
4786.59
4787.53
4787.58
4789.70
4790.17
4790.69
4792.81
4794.06
4794.52
4795.20
4796.44
4796.76
4797.69
4804.23
4805.22
4805.74
4806.42
4809.70
4813.29
4813.70
4813.81
4815.06
4818.13
4819.02
4819.23
4819.54
4820.06
4820.43
4822.88
4823.30
4823.87
4823.92
4823.92
4824.65
4828.73
4832.70
4834.27
4836.68
4838.04
4839.14
4840.97
4845.42
4847.78
4849.36
4853.19
4854.92
4857.02
4859.28
4860.81
4863.07
4867.76
4869.65
4871.55
4872.34
4874.13
4877.98
4880.25
4881.42
4885.75
4890.24
4892.10
4893.58
4895.96
4896.33
4902.00
4902.96
4906.46
4907.52
4907.63
4908.69
4909.01
4910.29
4914.22
4914.27
4917.84
4922.63
4926.89
4928.44
4928.70
4929.50
4930.73
4932.33
4934.04
4936.12
4936.49
4936.76
4938.79
4941.04
4941.41
4943.18
4945.21
4946.44
4948.04
4949.12
4949.17
4949.60
4950.03
4950.72
4954.74
4955.28
4956.67
4957.37
4957.48
4958.12
4959.78
4960.91
4964.24
4966.17
4973.06
4975.96
4983.45
4986.36
4986.96
4987.82
4989.55
4990.20
4992.30
4994.14
4996.08
4999.49
5002.74
5003.77
5004.69
5006.96
5008.21
5009.40
5016.40
5018.79
5020.69
5021.72
5025.31
5026.18
5026.77
5029.22
5030.04
5032.00
5032.27
5035.38
5043.23
5044.48
5044.81
5047.32
5049.51
5051.53
5055.46
5058.42
5065.05
5068.83
5071.24
5071.52
5073.27
5074.10
5074.15
5075.52
5078.00
5080.80
5085.36
5086.96
5087.90
5088.12
5096.49
5097.87
5099.58
5100.02
5100.52
5102.12
5105.15
5106.43
5108.14
5110.96
5111.18
5115.88
5117.16
5117.93
5123.03
5124.14
5129.02
5131.46
5131.79
5133.24
5134.57
5135.07
5140.57
5143.13
5147.75
5147.98
5148.20
5151.88
5156.62
5159.18
5160.91
5161.42
5161.98
5165.22
5165.61
5165.94
5166.00
5167.12
5167.28
5167.68
5168.57
5169.63
5171.42
5171.65
5172.71
5174.39
5175.12
5177.69
5178.70
5180.10
5182.29
5184.25
5185.66
5186.33
5189.08
5190.31
5192.62
5195.54
5195.71
5197.84
5199.36
5200.15
5200.94
5202.18
5203.47
5203.53
5205.16
5205.84
5206.40
5206.79
5208.37
5211.59
5216.61
5216.66
5223.95
5227.45
5228.08
5228.47
5229.04
5230.79
5235.49
5236.51
5236.74
5239.23
5241.50
5249.39
5249.56
5251.72
5252.12
5252.23
5257.80
5259.91
5262.41
5264.97
5266.06
5267.03
5271.93
5272.78
5276.21
5276.95
5279.52
5281.63
5282.15
5283.06
5284.49
5286.44
5288.61
5291.02
5291.53
5293.31
5296.11
5297.09
5298.52
5299.67
5303.05
5305.12
5309.19
5309.71
5310.17
5312.93
5315.52
5316.90
5318.39
5319.66
5320.93
5325.59
5328.18
5332.97
5339.03
5339.09
5339.96
5341.23
5341.58
5343.25
5343.48
5345.85
5347.01
5351.70
5361.61
5364.57
5365.79
5367.01
5371.42
5372.24
5376.07
5376.71
5379.97
5380.21
5382.65
5383.29
5384.17
5384.40
5385.04
5387.31
5387.43
5390.34
5391.45
5392.39
5393.03
5393.90
5395.07
5397.29
5398.11
5398.17
5400.09
5401.26
5402.84
5402.84
5404.83
5405.71
5406.29
5408.57
5413.90
5414.54
5414.60
5415.07
5416.01
5419.06
5419.29
5419.82
5420.05
5421.17
5421.76
5424.57
5429.27
5429.50
5430.97
5431.91
5434.50
5436.09
5438.32
5438.44
5438.68
5438.97
5439.38
5440.74
5446.39
5447.98
5449.51
5449.93
5451.58
5451.70
5458.96
5463.45
5464.57
5466.64
5466.94
5468.36
5469.89
5472.08
5475.76
5478.54
5481.86
5484.29
5490.23
5491.06
5491.90
5493.44
5497.07
5497.19
5498.38
5498.79
5500.22
5502.84
5505.64
5506.41
5509.27
5510.82
5511.60
5512.14
5513.75
5513.81
5517.03
5520.31
5521.51
5522.34
5522.58
5528.74
5531.31
5531.61
5533.77
5536.22
5538.86
5538.86
5539.28
5539.34
5539.64
5542.82
5543.12
5545.34
5546.96
5549.36
5550.50
5550.56
5552.60
5552.78
5554.40
5555.30
5559.21
5560.12
5561.02
5561.80
5564.21
5566.32
5567.22
5567.52
5571.01
5575.18
5575.48
5583.14
5589.97
5590.40
5591.30
5592.39
5592.82
5595.24
5600.27
5604.14
5609.18
5614.46
5615.62
5620.11
5627.05
5627.23
5628.51
5628.94
5629.55
5630.22
5635.03
5635.89
5637.29
5639.97
5640.89
5642.11
5642.29
5642.84
5642.84
5645.65
5645.71
5645.96
5647.00
5647.97
5649.56
5651.09
5651.33
5652.44
5656.60
5656.96
5658.25
5659.47
5661.98
5662.60
5663.64
5664.93
5666.21
5668.73
5675.60
5680.76
5682.85
5685.74
5689.00
5690.11
5690.42
5693.31
5693.87
5696.09
5697.69
5700.34
5705.40
5708.49
5709.72
5709.97
5710.90
5715.10
5717.08
5718.38
5721.54
5724.01
5726.37
5731.51
5732.38
5732.88
5732.94
5740.82
5745.85
5746.10
5746.97
5755.44
5757.93
5763.97
5764.97
5765.22
5768.15
5768.22
5768.22
5771.65
5772.46
5776.33
5776.58
5778.59
5778.90
5781.46
5785.09
5786.53
5786.91
5787.78
5789.22
5790.92
5792.92
5795.18
5796.75
5803.27
5806.10
5810.75
5811.82
5811.88
5812.38
5819.43
5826.17
5826.36
5830.08
5831.79
5832.80
5837.09
5841.19
5841.38
5844.61
5845.37
5845.49
5845.49
5848.34
5851.63
5857.40
5859.17
5861.26
5863.74
5864.25
5865.07
5866.78
5867.23
5869.64
5875.23
5877.39
5877.71
5883.37
5886.62
5890.19
5894.33
5895.86
5897.27
5897.91
5898.80
5910.17
5910.36
5913.31
5914.14
5916.38
5916.83
5918.87
5919.64
5921.31
5928.42
5930.61
5931.63
5932.53
5935.93
5939.02
5939.40
5941.20
5942.62
5943.00
5943.52
5945.25
5949.37
5950.53
5950.66
5953.62
5954.78
5955.75
5959.36
5959.87
5964.20
5970.01
5975.05
5975.11
5976.21
5978.93
5979.51
5979.90
5984.95
5986.37
5988.90
5990.97
5991.69
5993.63
5997.13
6001.16
6003.50
6005.25
6007.98
6008.11
6008.24
6008.95
6009.28
6010.51
6011.49
6011.75
6021.25
6023.34
6025.95
6026.34
6027.58
6032.86
6036.13
6038.48
6041.68
6041.94
6044.30
6044.49
6050.97
6054.24
6056.41
6059.62
6059.88
6060.08
6061.26
6062.70
6066.44
6069.07
6069.33
6070.25
6074.65
6077.35
6077.41
6078.14
6081.03
6082.68
6083.53
6088.07
6088.27
6090.71
6094.86
6095.19
6095.59
6100.40
6102.39
6102.85
6103.64
6103.84
6104.17
6105.36
6108.46
6115.01
6115.61
6116.93
6117.72
6120.77
6124.15
6131.64
6132.10
6135.22
6136.48
6137.41
6138.68
6152.24
6153.64
6157.57
6161.77
6162.43
6162.43
6163.37
6168.44
6168.64
6170.31
6171.24
6172.78
6176.99
6180.93
6185.48
6187.02
6191.44
6193.31
6193.45
6195.46
6197.47
6203.37
6205.52
6207.54
6210.49
6218.49
6218.56
6220.18
6220.24
6220.72
6220.85
6222.47
6224.89
6226.51
6234.12
6238.17
6238.17
6238.85
6262.59
6264.14
6264.48
6267.13
6269.70
6269.77
6276.02
6277.71
6278.39
6281.32
6287.16
6292.88
6297.44
6297.51
6300.85
6304.81
6305.08
6305.56
6307.13
6311.02
6313.20
6314.02
6315.12
6320.79
6323.32
6325.03
6328.59
6333.39
6333.73
6335.51
6338.25
6339.49
6339.76
6345.53
6345.94
6346.56
6347.59
6350.33
6351.64
6351.78
6353.36
6353.77
6355.49
6369.60
6369.74
6370.43
6371.19
6372.91
6374.01
6375.05
6379.05
6381.12
6382.02
6383.68
6383.68
6383.88
6384.92
6387.48
6395.43
6395.43
6400.34
6404.71
6408.10
6409.14
6409.84
6411.02
6412.27
6413.72
6419.07
6421.78
6423.31
6425.53
6443.28
6447.05
6447.54
6449.84
6452.49
6454.03
6458.01
6458.71
6478.66
6478.87
6480.41
6480.83
6481.81
6489.60
6490.79
6495.43
6497.26
6499.86
6500.92
6503.38
6518.10
6522.83
6522.83
6523.11
6525.93
6528.12
6533.99
6537.38
6539.22
6541.63
6541.84
6542.05
6543.18
6544.46
6545.38
6545.52
6545.66
6551.97
6555.23
6556.72
6558.21
6558.78
6564.60
6574.20
6575.90
6584.09
6584.30
6585.66
6589.22
6589.29
6595.28
6596.14
6598.07
6598.21
6603.07
6603.50
6604.21
6604.50
6607.43
6608.93
6609.14
6612.93
6621.53
6625.18
6627.26
6632.50
6637.81
6640.47
6640.90
6646.65
6648.95
6651.11
6651.25
6654.78
6655.00
6657.23
6659.61
6660.11
6660.11
6660.40
6668.98
6675.48
6675.91
6678.22
6681.04
6688.20
6691.53
6694.64
6706.75
6711.40
6726.08
6727.17
6727.68
6730.09
6734.02
6734.46
6735.91
6736.64
6739.41
6741.02
6741.09
6742.11
6742.70
6753.87
6760.59
6761.32
6761.47
6768.06
6769.45
6769.45
6772.67
6779.12
6781.11
6781.69
6782.57
6786.61
6788.59
6791.68
6794.84
6803.96
6810.59
6813.02
6816.78
6818.78
6820.91
6838.13
6838.87
6843.61
6844.13
6845.83
6852.80
6853.32
6853.54
6855.39
6856.28
6862.74
6867.72
6878.20
6879.84
6883.19
6884.01
6884.23
6889.90
6890.64
6890.64
6890.94
6897.58
6903.85
6904.37
6905.12
6905.49
6909.98
6912.22
6916.19
6919.63
6923.37
6929.29
6931.17
6937.55
6941.90
6959.80
6960.18
6963.04
6966.96
6975.56
6977.52
6980.84
6981.60
6982.35
6988.10
6988.63
6991.20
6996.04
7011.27
7015.45
7015.52
7019.01
7025.02
7026.31
7035.44
7035.51
7044.27
7046.86
7048.24
7051.82
7052.28
7057.62
7058.46
7074.98
7076.82
7081.34
7086.32
7090.54
7093.14
7093.61
7097.98
7099.21
7099.67
7102.13
7106.82
7109.97
7110.90
7118.52
7120.98
7121.60
7122.45
7123.22
7126.92
7130.39
7138.42
7139.73
7150.86
7153.65
7155.43
7156.74
7159.07
7167.67
7167.67
7176.36
7179.62
7181.02
7181.49
7183.59
7183.90
7185.61
7186.23
7186.70
7187.94
7188.56
7193.78
7194.71
7208.35
7209.28
7211.31
7212.87
7213.96
7215.06
7220.13
7227.40
7227.87
7228.81
7229.51
7233.35
7234.68
7240.31
7243.37
7243.61
7250.35
7254.27
7264.64
7266.29
7268.34
7273.92
7280.14
7283.37
7284.95
7295.20
7298.28
7303.34
7304.92
7309.82
7314.88
7315.52
7322.01
7323.67
7331.44
7332.08
7332.16
7332.40
7339.14
7340.33
7340.41
7342.87
7346.45
7349.47
7350.03
7352.34
7354.96
7358.38
7370.42
7371.53
7380.95
7386.62
7389.10
7391.58
7392.22
7392.70
7397.42
7405.19
7405.51
7406.47
7409.51
7410.08
7411.68
7414.41
7415.53
7422.19
7425.65
7428.46
7430.79
7433.12
7437.55
7440.12
7459.63
7473.60
7477.41
7478.46
7479.75
7486.07
7487.93
7489.47
7490.69
7504.96
7506.51
7507.73
7507.89
7521.87
7522.36
7526.19
7526.92
7527.82
7528.47
7535.23
7539.15
7543.06
7543.39
7546.82
7562.59
7566.11
7569.31
7573.49
7574.47
7579.06
7579.63
7579.80
7580.95
7591.86
7602.55
7604.77
7605.59
7608.06
7610.37
7610.70
7617.12
7627.43
7628.83
7633.38
7638.50
7639.16
7640.65
7645.20
7646.02
7646.19
7651.73
7652.40
7655.29
7658.28
7659.85
7661.34
7661.67
7662.83
7666.73
7670.38
7672.04
7675.78
7678.02
7683.01
7704.90
7709.74
7710.41
7711.91
7715.58
7717.50
7721.59
7723.35
7728.36
7734.72
7735.31
7735.47
7743.01
7743.51
7745.44
7745.86
7746.61
7751.90
7752.32
7754.58
7755.50
7761.55
7762.89
7768.94
7770.29
7773.99
7778.61
7779.20
7786.28
7792.01
7793.78
7797.83
7801.37
7806.27
7807.03
7815.23
7818.44
7821.83
7823.52
7825.21
7831.99
7834.78
7838.94
7839.79
7841.40
7843.86
7851.67
7852.86
7857.20
7857.37
7862.38
7866.64
7872.17
7872.94
7873.88
7874.47
7882.14
7892.73
7894.35
7898.36
7905.46
7910.00
7917.96
7920.96
7922.33
7930.39
7930.73
7930.82
7931.68
7932.11
7932.54
7945.76
7949.46
7952.99
7955.23
7961.17
7964.27
7986.19
7988.35
7989.47
7999.07
8000.20
8001.84
8007.30
8012.50
8020.48
8022.56
8028.21
8029.77
8034.29
8036.90
8045.86
8046.82
8050.91
8053.00
8053.52
8057.53
8060.93
8068.96
8077.35
8083.90
8090.12
8090.55
8104.22
8105.01
8105.45
8111.85
8119.76
8121.43
8122.31
8123.98
8145.63
8149.15
8150.30
8157.71
8159.03
8166.01
8168.04
8169.55
8176.44
8187.42
8188.75
8208.35
8214.93
8218.49
8224.09
8231.75
8232.90
8233.44
8237.45
8238.61
8244.85
8246.19
8247.53
8251.90
8253.86
8254.76
8263.60
8265.39
8270.31
8277.03
8280.16
8292.71
8295.41
8295.41
8304.74
8318.77
8321.02
8325.26
8340.40
8340.67
8341.40
8349.43
8351.42
8358.20
8364.35
8364.35
8365.44
8366.98
8368.15
8371.60
8378.75
8385.83
8394.91
8400.63
8405.18
8409.63
8414.37
8422.56
8425.48
8434.05
8435.61
8438.89
8447.02
8447.11
8453.33
8455.89
8458.73
8459.55
8463.22
8477.51
8478.89
8488.16
8494.13
8498.54
8499.28
8512.16
8513.36
8517.05
8521.19
8525.53
8528.02
8530.70
8531.99
8534.94
8536.05
8539.01
8539.93
8541.59
8557.41
8558.25
8566.58
8568.99
8577.62
8586.16
8590.25
8590.62
8595.83
8599.09
8600.48
8605.41
8613.33
8616.32
8618.27
8629.94
8631.52
8632.46
8634.14
8639.19
8641.71
8644.42
8652.38
8654.90
8661.84
8672.25
8682.39
8682.86
8710.14
8712.88
8716.18
8717.40
8717.97
8721.55
8722.50
8731.85
8737.23
8739.69
8741.30
8741.58
8748.58
8749.72
8751.61
8754.17
8757.58
8757.77
8766.78
8772.47
8772.75
8780.26
8781.21
8781.68
8786.15
8791.19
8794.61
8795.56
8799.66
8810.23
8810.42
8814.05
8817.58
8818.05
8819.77
8823.59
8823.97
8824.83
8825.78
8829.13
8842.61
8844.71
8848.64
8851.61
8859.27
8860.71
8872.89
8881.63
8888.46
8890.09
8892.11
8897.12
8904.82
8915.23
8918.80
8922.28
8925.85
8926.14
8926.24
8929.33
8935.03
8940.83
8944.12
8946.64
8952.26
8955.36
8957.97
8981.94
8986.61
8998.67
9000.23
9000.72
9005.01
9005.88
9009.29
9014.85
9020.61
9026.08
9030.08
9032.82
9038.78
9039.95
9050.62
9064.64
9080.24
9084.27
9085.75
9087.32
9092.24
9094.60
9099.82
9126.04
9126.04
9131.87
9134.04
9137.70
9149.08
9158.09
9161.36
9165.23
9172.67
9176.34
9179.32
9182.00
9188.76
9198.81
9200.90
9213.75
9216.04
9217.64
9225.62
9226.92
9238.41
9240.91
9245.51
9252.21
9253.01
9259.32
9269.45
9279.48
9281.59
9284.60
9296.87
9302.70
9307.13
9308.24
9308.64
9314.89
9317.21
9322.65
9330.02
9334.16
9342.75
9345.38
9345.78
9361.87
9391.60
9395.56
9416.53
9424.99
9427.64
9429.27
9434.58
9438.25
9457.88
9460.23
9467.40
9469.14
9473.96
9482.47
9483.91
9485.65
9486.06
9488.53
9497.46
9506.41
9506.51
9507.23
9523.19
9523.50
9531.95
9536.59
9538.45
9541.65
9551.88
9561.80
9564.18
9576.40
9602.03
9602.65
9605.35
9619.29
9624.70
9633.98
9638.04
9640.44
9643.47
9649.94
9660.38
9667.49
9693.89
9700.81
9704.91
9705.33
9705.64
9742.78
9751.75
9753.12
9761.99
9767.38
9770.23
9775.20
9785.57
9787.48
9788.54
9790.97
9791.29
9799.98
9822.59
9823.02
9833.86
9845.68
9862.63
9868.18
9869.68
9887.32
9887.64
9889.67
9891.60
9894.16
9904.45
9910.02
9920.00
9942.03
9956.13
9992.93
9998.34
10006.24
10017.29
10024.77
10030.19
10035.18
10039.53
10049.09
10049.31
10056.82
10061.17
10068.79
10076.64
10080.56
10082.20
10093.33
10094.97
10096.06
10102.18
10102.29
10104.04
10107.10
10108.20
10108.42
10121.88
10145.56
10153.91
10171.94
10172.16
10176.01
10184.05
10186.59
10196.07
10216.28
10216.94
10229.44
10230.55
10231.99
10239.30
10240.07
10240.85
10240.96
10241.62
10245.28
10248.50
10251.38
10259.15
10259.15
10267.25
10270.03
10270.59
10282.26
10286.38
10294.51
10300.86
10303.87
10316.47
10321.94
10324.51
10327.08
10331.11
10333.34
10339.83
10351.47
10363.35
10369.97
10393.22
10397.04
10403.01
10404.69
10411.23
10416.97
10418.33
10424.53
10426.11
10433.67
10434.57
10442.59
10460.23
10475.29
10475.41
10482.32
10495.03
10504.92
10508.21
10516.97
10517.43
10520.61
10520.61
10520.96
10530.18
10533.26
10535.54
10550.82
10567.05
10568.42
10572.42
10576.08
10587.53
10587.99
10590.85
10604.38
10620.00
10620.11
10639.55
10656.49
10660.87
10670.33
10673.45
10675.53
10678.65
10687.66
10689.86
10725.78
10728.33
10735.41
10740.29
10757.27
10767.75
10780.58
10795.98
10802.99
10806.38
10807.55
10808.26
10813.75
10816.56
10821.24
10874.30
10875.00
10880.65
10882.18
10889.60
10903.51
10906.82
10912.84
10928.32
10946.42
10957.56
10967.88
10972.87
10972.98
11009.37
11012.83
11019.50
11042.42
11063.59
11067.90
11091.99
11095.00
11098.60
11127.33
11156.15
11159.89
11167.50
11175.72
11176.20
11178.02
11180.80
11187.94
11197.50
11200.05
11202.35
11202.35
11210.11
11227.23
11247.29
11247.65
11250.33
11269.21
11276.17
11279.10
11294.97
11296.44
11308.91
11384.91
11392.55
11415.00
11429.09
11464.39
11479.78
11484.75
11492.46
11495.07
11495.32
11499.80
11502.16
11508.88
11536.43
11543.68
11545.92
11553.67
11574.44
11576.20
11588.85
11595.12
11628.54
11630.31
11650.33
11686.31
11691.12
11698.84
11703.27
11731.92
11747.93
11760.39
11783.83
11818.56
11820.22
11821.24
11821.37
11827.51
11835.70
11855.44
11856.34
11871.61
11888.20
11911.24
11941.83
11957.34
11966.14
11986.49
11986.62
11992.71
12010.11
12034.31
12060.38
12064.29
12072.65
12078.79
12105.74
12121.99
12124.75
12125.41
12133.54
12151.02
12181.29
12186.17
12191.97
12200.02
12261.82
12311.14
12316.07
12320.60
12352.50
12356.92
12366.14
12371.90
12373.37
12376.32
12378.86
12386.50
12387.44
12396.96
12408.09
12408.36
12433.36
12439.15
12447.63
12462.45
12486.07
12517.18
12531.41
12538.87
12549.05
12550.00
12564.13
12610.57
12627.50
12627.50
12638.85
12639.53
12640.90
12650.06
12651.02
12663.48
12695.18
12734.52
12742.65
12744.86
12765.84
12776.75
12780.90
12793.49
12801.38
12809.14
12811.22
12821.62
12826.06
12832.72
12854.96
12867.34
12873.89
12913.09
12920.64
12924.55
12938.68
12952.69
12974.29
12977.80
12987.35
13010.56
13031.55
13034.51
13053.42
13057.52
13061.19
13062.32
13069.53
13083.83
13084.67
13087.65
13089.77
13096.86
13133.75
13141.43
13151.95
13180.44
13187.43
13195.43
13201.85
13206.14
13208.57
13216.29
13253.09
13275.91
13288.27
13320.51
13342.15
13346.77
13348.36
13388.42
13428.61
13434.28
13450.42
13464.98
13490.79
13515.78
13554.73
13566.47
13592.77
13654.83
13654.98
13683.22
13683.67
13691.07
13694.33
13699.08
13713.76
13741.68
13773.39
13805.91
13824.15
13835.07
13837.92
13859.19
13872.40
13877.20
13880.50
13886.51
13959.27
13973.93
13997.99
14023.91
14028.16
14028.77
14028.92
14040.92
14060.83
14081.54
14097.09
14103.04
14116.78
14118.31
14126.71
14144.60
14156.24
14168.65
14172.33
14195.66
14204.88
14224.56
14270.97
14274.67
14300.95
14330.07
14427.93
14440.11
14441.83
14446.99
14493.17
14531.49
14544.38
14549.42
14556.35
14602.25
14608.10
14615.21
14616.32
14627.71
14662.41
14664.64
14672.41
14704.52
14705.31
14750.25
14785.24
14788.92
14832.19
14894.10
14985.75
15036.59
15040.33
15068.51
15089.07
15123.23
15127.48
15139.11
15148.94
15172.40
15179.29
15183.40
15202.47
15206.25
15292.38
15294.03
15349.24
15353.72
15370.51
15380.16
15451.05
15502.79
15513.87
15545.29
15546.46
15548.31
15577.61
15591.61
15642.81
15705.05
15736.17
15763.44
15779.65
15779.82
15780.16
15792.46
15825.13
15828.04
15841.23
15843.46
15977.39
16102.69
16106.01
16108.10
16125.36
16136.01
16176.74
16196.35
16216.52
16244.26
16279.45
16283.86
16284.56
16290.20
16291.08
16294.43
16300.96
16356.26
16465.28
16474.72
16480.61
16499.52
16518.63
16638.27
16645.48
16645.84
16666.02
16675.58
16679.91
16711.52
16721.65
16725.09
16731.42
16820.36
16831.47
16839.49
16842.58
16890.21
16910.51
16922.41
16986.43
17024.15
17034.10
17068.97
17071.18
17084.86
17096.69
17130.58
17142.26
17143.93
17220.89
17231.52
17261.93
17273.89
17286.23
17315.06
17366.09
17414.64
17426.89
17531.85
17546.08
17552.92
17622.38
17636.11
17670.87
17724.11
17764.81
17769.81
17788.27
17801.94
17846.11
17856.92
17897.35
17912.07
18007.68
18063.68
18095.77
18107.71
18138.89
18143.01
18165.60
18211.65
18237.48
18255.05
18286.29
18302.72
18303.71
18313.22
18323.92
18399.21
18409.97
18446.26
18472.02
18541.90
18599.17
18628.17
18638.86
18677.01
18677.01
18712.21
18731.25
18855.28
18890.61
18894.70
18945.88
18948.95
18967.62
18972.75
19086.40
19143.07
19144.73
19151.77
19185.79
19198.45
19235.88
19331.02
19332.27
19345.88
19376.67
19407.51
19421.38
19444.72
19470.82
19482.41
19484.94
19494.01
19513.42
19530.53
19599.76
19648.17
19660.50
19668.37
19702.45
19713.33
19770.57
19844.30
19852.89
19967.71
19982.62
19983.70
19992.57
20031.33
20031.98
20211.37
20360.40
20389.50
20391.71
20404.51
20446.06
20453.80
20470.18
20482.37
20568.31
20570.32
20588.80
20723.34
20729.39
20861.70
20937.22
21028.49
21041.23
21055.81
21062.42
21102.56
21141.19
21151.94
21159.49
21220.02
21308.37
21316.90
21350.14
21352.22
21362.15
21384.59
21524.33
21542.50
21567.46
21858.29
21859.71
21910.39
22088.19
22115.45
22116.17
22129.82
22197.20
22232.53
22265.75
22275.63
22341.29
22357.73
22429.21
22454.46
22460.53
22486.55
22492.64
22568.94
22640.84
22641.33
22702.91
22727.98
22736.83
22978.45
22984.17
23088.11
23099.60
23120.11
23216.37
23225.16
23259.86
23274.46
23324.63
23328.92
23459.28
23538.86
23555.68
23773.05
23861.70
23873.58
23900.72
23949.90
23966.23
23996.59
24037.13
24050.40
24102.76
24265.52
24396.62
24618.03
24620.42
24740.59
24763.09
25002.16
25021.10
25091.86
25099.46
25110.06
25233.43
25254.74
25335.47
25414.54
25519.25
25546.60
25551.30
25635.21
25788.21
25867.58
25925.86
25927.26
25942.41
25961.79
25981.18
26107.14
26130.31
26156.90
26173.89
26244.78
26306.19
26316.72
26321.85
26389.15
26449.46
26563.61
26613.37
26723.02
26767.87
26890.96
26950.38
27004.67
27089.83
27209.68
27363.79
27497.05
27601.68
27843.44
27860.61
28063.01
28246.40
28668.84
28674.73
28952.50
29073.99
29130.98
29177.04
29278.87
29490.61
29632.94
29687.50
29693.93
29784.34
30321.17
30455.32
30500.50
30722.08
30804.29
30900.43
31019.35
31441.04
32027.48
32278.66
32415.50
32532.51
33580.01
33782.99
35555.01
35865.26
36372.91
36932.86
36989.65
37637.61
38567.21
40620.92
42181.40
43147.06
46060.96
