5.44
6.20
6.27
6.95
7.06
7.22
7.64
7.85
7.88
8.15
8.17
8.80
8.98
8.98
9.21
9.61
9.67
9.80
10.06
10.68
10.76
10.97
11.03
11.10
11.80
12.20
12.29
12.37
12.38
12.53
12.54
12.79
12.83
13.03
13.08
13.23
13.31
13.32
13.35
13.36
13.39
13.45
13.54
13.56
13.76
13.81
13.84
14.00
14.00
14.06
14.10
14.13
14.18
14.22
14.29
14.30
14.32
14.35
14.38
14.41
14.59
14.61
14.91
14.92
15.01
15.08
15.52
15.98
16.03
16.10
16.10
16.24
16.48
16.52
16.54
16.56
16.57
16.66
16.67
16.74
16.83
16.88
17.03
17.08
17.24
17.46
17.63
17.65
17.71
17.72
17.75
17.80
17.86
17.86
17.91
18.06
18.10
18.26
18.45
18.45
18.48
18.51
18.53
18.55
18.64
18.86
18.89
18.90
19.09
19.23
19.30
19.34
19.34
19.48
19.70
19.72
19.74
19.79
19.88
19.94
20.01
20.10
20.15
20.16
20.32
20.34
20.35
20.57
20.66
20.75
20.89
20.94
21.05
21.12
21.13
21.13
21.40
21.49
21.64
21.74
21.74
21.78
21.80
21.89
22.09
22.17
22.19
22.22
22.31
22.34
22.40
22.42
22.59
22.67
22.85
22.88
22.89
23.00
23.12
23.17
23.18
23.36
23.36
23.45
23.54
23.57
23.69
23.92
24.03
24.05
24.13
24.22
24.31
24.36
24.45
24.73
24.73
24.98
25.00
25.28
25.42
25.74
25.80
25.91
25.99
26.03
26.10
26.18
26.31
26.57
26.65
26.73
26.87
27.01
27.02
27.03
27.11
27.28
27.34
27.48
27.62
27.62
27.62
27.64
27.68
27.73
27.76
27.83
27.86
27.93
27.95
28.03
28.07
28.09
28.18
28.22
28.31
28.36
28.42
28.73
28.75
28.78
28.82
28.93
28.95
29.05
29.06
29.09
29.13
29.14
29.31
29.39
29.53
29.60
29.63
29.70
29.75
29.78
30.02
30.06
30.10
30.15
30.15
30.60
30.62
30.77
31.21
31.51
31.54
31.62
31.65
31.77
31.81
31.90
31.91
31.93
31.95
32.04
32.12
32.21
32.28
32.39
32.44
32.49
32.54
32.73
32.79
32.82
33.06
33.12
33.15
33.18
33.24
33.54
33.67
33.71
33.86
33.98
34.02
34.05
34.11
34.15
34.17
34.38
34.41
34.46
34.47
34.84
34.93
34.97
34.97
34.99
34.99
35.02
35.14
35.19
35.36
35.42
35.51
35.56
35.88
35.89
35.91
36.02
36.05
36.11
36.36
36.58
36.65
36.70
36.73
36.73
36.77
36.82
37.02
37.14
37.14
37.30
37.40
37.44
37.46
37.48
37.52
37.54
37.58
37.62
37.72
37.82
37.87
37.88
37.93
37.98
38.07
38.13
38.19
38.29
38.38
38.43
38.46
38.61
38.62
38.69
38.70
38.74
38.76
38.76
38.82
38.89
38.94
39.03
39.05
39.20
39.22
39.25
39.25
39.28
39.28
39.30
39.37
39.46
39.56
39.64
39.75
39.77
39.80
39.81
39.84
39.92
40.51
40.60
40.62
40.68
40.82
40.83
40.84
40.85
40.93
40.99
41.19
41.42
41.43
41.57
41.64
41.68
41.74
41.84
41.89
41.91
42.12
42.18
42.22
42.72
42.78
42.85
42.87
42.99
43.04
43.10
43.12
43.25
43.38
43.39
43.42
43.49
43.61
43.62
43.81
44.07
44.09
44.14
44.62
44.68
44.72
44.78
44.84
44.90
45.04
45.08
45.09
45.12
45.28
45.33
45.34
45.57
45.77
45.78
45.86
45.88
45.92
46.16
46.30
46.41
46.46
46.47
46.50
46.59
46.65
46.77
46.85
46.87
46.93
46.94
47.07
47.08
47.09
47.21
47.23
47.39
47.77
47.77
47.79
47.95
47.98
48.00
48.05
48.16
48.28
48.42
48.45
48.47
48.49
48.63
48.70
48.76
48.84
49.10
49.14
49.19
49.45
49.57
49.64
49.65
49.73
49.81
50.00
50.03
50.07
50.28
50.36
50.42
50.43
50.49
50.54
50.55
50.67
50.77
51.00
51.01
51.03
51.06
51.30
51.33
51.44
51.62
51.65
51.67
51.69
51.74
51.82
51.88
52.33
52.40
52.57
52.77
52.82
52.82
53.16
53.20
53.22
53.31
53.32
53.36
53.40
53.40
53.56
53.57
53.80
54.07
54.09
54.11
54.38
54.38
54.42
54.42
54.45
54.55
54.65
54.82
54.88
54.97
55.23
55.36
55.39
55.47
55.50
55.51
55.65
55.82
55.89
55.90
56.01
56.14
56.14
56.16
56.29
56.30
56.42
56.54
56.58
56.61
56.65
56.75
57.12
57.15
57.25
57.37
57.44
57.52
57.57
57.62
57.68
57.75
57.75
57.76
57.85
58.13
58.22
58.23
58.26
58.70
58.80
58.86
58.90
58.96
59.05
59.11
59.17
59.19
59.38
59.38
59.39
59.51
59.56
59.67
59.85
60.32
60.59
60.63
60.79
60.83
60.87
60.89
60.92
60.97
60.98
61.04
61.08
61.19
61.26
61.26
61.39
61.42
61.42
61.61
61.86
62.10
62.29
62.57
62.57
62.59
62.65
62.69
62.77
62.81
62.83
63.06
63.24
63.30
63.33
63.67
63.73
63.76
63.86
64.00
64.01
64.07
64.10
64.18
64.20
64.32
64.37
64.55
64.59
64.66
64.69
64.95
65.01
65.03
65.12
65.15
65.20
65.27
65.34
65.39
65.60
65.67
65.70
65.71
65.77
66.02
66.03
66.07
66.10
66.11
66.13
66.26
66.36
66.36
66.55
66.78
66.81
66.97
67.00
67.34
67.35
67.41
67.49
67.52
67.60
67.67
67.76
68.00
68.06
68.06
68.10
68.26
68.64
68.96
69.01
69.03
69.13
69.15
69.22
69.36
69.86
69.87
69.88
70.04
70.05
70.06
70.17
70.19
70.22
70.24
70.32
70.45
70.57
70.77
70.88
70.91
70.97
71.14
71.61
71.67
71.73
71.77
72.26
72.26
72.32
72.44
72.45
72.63
73.03
73.03
73.05
73.10
73.14
73.31
73.41
73.77
73.90
74.07
74.54
74.59
74.75
74.84
74.99
75.18
75.19
75.45
75.57
75.66
75.78
75.97
76.10
76.15
76.17
76.23
76.51
76.60
76.64
76.67
76.73
76.84
76.84
76.87
76.91
76.93
76.97
77.05
77.12
77.25
77.25
77.26
77.28
77.29
77.41
77.44
77.49
77.51
77.69
77.70
77.73
77.80
77.84
77.88
78.45
78.46
78.52
78.60
78.62
78.66
78.68
78.73
78.80
78.85
79.09
79.59
79.66
79.70
79.78
79.93
79.96
80.04
80.13
80.25
80.34
80.35
80.52
80.54
80.56
80.81
80.92
81.04
81.04
81.07
81.10
81.23
81.32
81.72
81.82
81.85
81.89
82.02
82.07
82.10
82.12
82.23
82.34
82.67
82.73
82.92
83.07
83.12
83.35
83.37
83.50
83.62
83.67
83.80
84.03
84.11
84.38
84.42
84.44
84.44
84.54
84.56
84.60
84.62
84.64
84.69
84.70
84.92
85.08
85.24
85.35
85.45
85.49
85.61
85.61
85.66
85.83
85.97
86.08
86.13
86.14
86.18
86.18
86.38
86.44
86.59
86.68
86.76
86.80
87.18
87.39
87.47
87.65
87.74
87.75
87.78
87.82
88.00
88.19
88.31
88.37
88.40
88.65
88.66
88.88
88.91
88.99
89.05
89.19
89.21
89.39
89.39
89.57
89.60
89.68
89.69
89.69
89.78
89.86
89.86
90.17
90.35
90.40
90.45
90.52
90.94
91.12
91.48
91.51
91.54
91.62
91.68
91.72
91.84
91.88
91.92
92.17
92.20
92.23
92.24
92.42
92.50
92.57
92.84
92.96
93.08
93.19
93.19
93.22
93.22
93.28
93.32
93.32
93.49
93.50
93.51
93.65
93.74
93.87
94.02
94.13
94.13
94.13
94.52
94.76
94.77
94.88
94.91
95.00
95.01
95.23
95.24
95.43
95.49
95.60
95.63
95.66
95.83
95.86
95.87
95.87
95.93
96.05
96.18
96.25
96.40
96.54
97.07
97.18
97.25
97.27
97.36
97.40
97.45
97.47
97.59
97.64
97.72
97.73
97.76
97.78
97.85
98.13
98.23
98.28
98.50
98.59
98.63
98.87
98.89
98.94
99.32
99.37
99.42
99.49
99.54
99.61
99.70
99.71
99.81
99.95
99.98
100.03
100.06
100.30
100.39
100.42
100.45
100.46
100.60
100.69
100.91
101.25
101.41
101.42
101.51
101.67
101.83
101.91
101.96
102.21
102.34
102.36
102.37
102.39
102.47
102.69
102.84
103.07
103.16
103.20
103.64
103.64
103.75
103.78
103.83
103.86
103.92
104.16
104.17
104.48
104.59
104.61
104.63
104.87
104.91
105.17
105.38
105.49
105.50
105.71
105.96
106.01
106.17
106.25
106.40
106.45
106.67
106.72
106.78
106.84
107.21
107.33
107.34
107.38
107.65
107.75
107.85
108.01
108.24
108.57
108.73
109.06
109.06
109.10
109.14
109.16
109.69
109.72
109.77
109.78
109.94
109.94
110.08
110.24
110.54
110.67
110.92
111.07
111.28
111.34
111.46
111.54
111.61
111.63
111.71
111.90
112.33
112.40
112.45
112.57
112.63
112.67
112.89
112.96
112.98
113.02
113.02
113.04
113.09
113.10
113.30
113.35
113.49
113.54
113.59
113.67
113.82
113.83
113.84
114.00
114.00
114.17
114.39
114.54
114.55
114.71
114.83
114.96
114.96
115.07
115.09
115.12
115.19
115.39
115.50
115.57
115.58
115.69
115.70
115.70
115.80
116.01
116.20
116.30
116.31
116.50
116.58
116.80
116.94
117.10
117.27
117.43
117.47
117.59
117.73
117.76
117.88
118.07
118.11
118.27
118.38
118.71
118.79
118.94
119.16
119.19
119.27
119.35
119.40
119.49
119.56
119.66
120.29
120.29
120.39
120.49
120.78
120.94
121.00
121.17
121.51
121.77
121.80
121.82
121.82
121.90
121.96
122.08
122.14
122.15
122.16
122.20
122.45
122.46
122.47
122.49
122.95
122.96
123.68
123.75
124.04
124.04
124.05
124.14
124.84
124.91
124.91
124.96
125.01
125.25
125.41
125.43
125.46
125.85
125.86
125.94
125.95
126.10
126.16
126.22
126.31
126.45
126.49
126.51
126.88
126.90
127.22
127.27
127.29
127.34
127.54
127.54
127.81
127.88
127.95
127.96
128.25
128.34
128.34
128.42
128.51
128.52
128.75
128.86
129.00
129.17
129.32
129.39
129.58
129.66
129.68
129.83
129.95
130.17
130.18
130.55
130.57
130.69
130.76
130.82
130.85
130.95
131.22
131.42
131.43
131.63
131.68
131.69
131.97
132.04
132.07
132.10
132.19
132.25
132.54
132.72
132.74
132.85
133.44
133.62
133.84
133.87
134.00
134.06
134.22
134.84
134.89
135.44
135.45
135.47
135.58
135.79
135.91
135.97
136.06
136.07
136.26
136.39
136.53
136.77
137.30
137.34
137.48
137.57
137.58
137.74
137.77
137.92
137.97
138.30
138.35
138.39
138.47
138.67
138.81
138.97
139.06
139.13
139.18
139.19
139.20
139.60
139.70
139.75
139.81
140.40
140.64
140.81
140.91
140.95
141.07
141.17
141.30
141.31
141.61
141.66
141.71
141.73
141.81
141.94
141.94
142.28
142.46
142.48
142.50
142.54
142.56
142.66
142.68
142.71
143.11
143.17
143.18
143.19
143.22
143.22
143.23
143.27
143.34
143.42
143.42
143.43
143.64
143.64
143.85
143.87
143.99
144.08
144.17
144.35
144.47
144.56
144.57
144.73
144.94
144.94
144.95
144.95
145.05
145.10
145.25
145.25
145.34
145.44
145.62
145.63
145.64
145.89
145.94
145.94
146.48
146.53
147.09
147.10
147.12
147.15
147.18
147.27
147.45
147.61
147.78
147.93
148.05
148.40
148.40
148.67
148.73
149.28
149.39
149.39
149.41
149.62
149.65
149.74
149.78
149.85
149.96
149.97
150.06
150.13
150.23
150.43
150.69
151.61
151.64
151.74
151.81
151.83
152.08
152.59
152.73
152.77
152.78
152.96
153.18
153.56
153.60
153.76
153.95
154.05
154.58
154.86
154.87
155.02
155.11
155.32
155.46
155.60
155.66
155.73
155.81
155.82
155.83
155.97
155.99
156.01
156.10
156.40
156.51
156.68
156.68
157.37
157.84
157.85
158.06
158.27
158.47
158.58
158.59
158.90
158.97
159.05
159.53
159.54
159.72
159.78
160.31
160.31
160.96
161.11
161.16
161.54
161.84
161.87
161.95
162.64
163.04
163.30
163.53
163.62
163.92
164.09
164.23
164.29
164.29
164.30
164.38
164.41
164.44
164.48
164.58
164.69
164.69
164.82
164.82
164.98
164.98
165.12
165.23
165.75
165.89
166.10
166.21
166.63
167.25
167.31
167.58
167.62
167.64
167.93
168.25
168.31
169.01
169.02
169.05
169.17
169.47
169.50
169.75
169.82
170.02
170.02
170.06
170.44
170.45
170.70
170.71
170.84
171.23
171.29
171.44
171.66
171.83
171.84
171.86
172.04
172.07
172.12
172.54
172.58
172.68
173.01
173.57
173.78
173.88
173.92
173.96
174.09
174.15
174.23
174.71
174.83
174.84
174.92
175.29
175.39
175.42
175.47
175.53
175.55
175.76
175.78
175.88
175.89
175.94
175.99
176.08
176.36
176.42
176.67
176.89
177.14
177.49
177.97
178.05
178.17
178.20
178.26
178.33
178.33
178.41
178.42
178.58
178.70
179.07
179.11
179.27
179.33
179.42
179.56
179.59
179.81
179.87
179.93
179.96
180.04
180.12
180.27
180.52
180.65
180.65
180.93
181.01
181.24
181.72
181.73
181.96
181.96
182.18
182.41
182.48
182.69
182.81
182.85
183.34
183.49
183.62
183.68
184.81
184.90
185.31
185.46
185.48
185.65
185.73
186.13
186.40
186.43
186.54
186.54
186.96
187.51
187.54
187.75
187.81
187.89
187.98
188.19
188.30
188.50
188.50
188.51
188.58
188.69
188.70
188.73
188.94
188.94
189.24
189.34
189.54
189.62
189.64
189.75
190.11
190.38
190.38
190.54
190.70
190.71
190.95
191.15
191.30
191.34
191.46
192.17
192.17
192.54
192.66
192.69
193.47
193.49
193.49
193.57
193.71
194.75
195.02
195.11
195.11
195.13
195.20
195.47
195.51
195.57
195.62
195.63
195.78
196.05
196.12
196.30
196.53
196.58
196.61
196.63
196.84
196.88
196.99
197.22
197.45
197.51
197.56
197.92
198.03
198.62
198.96
199.03
199.06
199.45
199.76
199.90
199.94
200.12
200.22
200.32
200.43
201.19
201.30
201.57
201.68
201.77
202.04
202.15
202.31
202.85
202.86
203.31
203.47
203.62
203.79
204.09
204.53
204.59
204.63
204.79
205.09
205.13
205.15
205.23
205.32
205.39
205.40
205.44
205.48
205.73
205.87
205.92
205.98
206.38
206.42
206.51
206.63
207.22
207.26
207.89
207.91
208.17
208.77
208.87
209.04
209.10
209.21
209.44
209.57
210.39
210.52
210.59
210.86
211.06
211.27
211.28
211.47
211.59
211.75
212.09
212.22
212.45
212.57
212.68
212.71
212.81
213.06
213.19
213.46
213.76
213.84
214.13
214.17
214.31
214.32
214.35
214.50
214.64
214.66
214.69
214.90
215.10
215.57
216.00
216.07
216.13
216.18
216.23
216.28
216.55
216.69
216.74
216.88
216.96
217.02
217.38
217.45
217.48
217.78
217.98
218.20
218.42
218.57
218.57
218.67
218.70
218.93
218.94
219.01
219.11
219.53
219.61
219.62
219.92
220.23
220.31
220.93
221.01
221.48
222.08
222.34
222.56
222.78
222.78
222.88
223.04
223.15
223.22
223.44
223.58
223.74
223.86
223.87
224.05
224.14
224.23
224.39
224.54
224.71
224.84
225.12
225.27
225.36
225.57
225.67
225.68
225.93
226.06
226.17
226.21
226.26
226.91
227.03
227.28
227.34
227.36
227.43
227.45
227.57
227.60
227.81
228.03
228.46
228.73
228.91
228.97
228.98
228.99
229.06
229.07
229.41
229.51
229.68
230.18
230.25
230.28
230.31
230.76
231.01
231.05
231.06
231.09
231.24
231.85
231.92
232.01
232.06
232.29
232.34
232.42
232.44
233.00
233.23
233.29
233.44
233.56
233.73
233.79
233.79
234.22
234.84
235.35
235.53
235.64
235.75
235.83
235.93
235.93
235.96
236.12
236.17
236.24
236.41
236.52
236.52
237.04
237.56
237.99
238.08
238.36
238.39
238.39
238.45
238.49
238.65
238.72
238.97
239.25
239.45
239.49
239.52
239.63
239.71
239.77
240.40
240.53
240.71
240.84
241.25
241.26
241.31
241.46
241.82
241.87
242.65
242.72
242.77
242.82
242.98
243.09
243.26
243.67
243.71
243.77
243.88
243.89
244.07
244.28
244.45
244.63
244.80
245.19
245.32
245.51
245.56
246.04
246.27
246.44
246.55
246.60
246.64
246.72
246.92
247.16
247.21
247.44
247.63
247.65
247.66
247.82
248.18
248.38
248.66
249.21
249.88
249.96
250.14
250.48
250.52
250.84
250.85
251.05
251.11
251.12
251.13
251.17
251.23
251.23
251.34
251.55
252.08
252.34
252.45
252.64
252.74
252.85
252.89
252.94
253.01
253.07
253.14
253.36
253.48
253.53
253.98
254.24
254.53
254.54
254.59
254.69
254.75
255.12
255.16
255.24
255.33
255.42
255.47
255.50
255.73
255.92
255.95
256.00
256.03
256.77
256.94
257.49
257.54
257.56
257.56
257.68
257.71
257.87
257.93
257.99
258.05
258.30
258.57
258.77
258.96
259.16
259.23
259.81
259.86
260.04
260.27
260.30
260.36
260.64
260.86
260.86
260.93
260.96
261.14
261.37
261.46
261.66
262.14
262.22
262.35
262.58
262.70
262.95
262.98
263.56
263.57
264.31
264.37
264.48
264.53
264.94
265.01
265.03
265.05
265.18
265.44
265.52
265.67
266.15
266.39
266.43
266.52
266.73
266.79
266.81
266.94
267.38
267.46
267.84
268.93
269.15
269.63
270.15
270.98
271.55
271.58
271.69
271.78
272.19
272.22
272.35
272.69
272.83
273.51
273.80
274.10
274.27
274.37
274.37
274.38
274.67
275.13
275.19
275.25
275.42
275.47
275.51
275.56
276.00
276.21
276.35
276.37
276.50
276.61
276.97
277.53
277.88
277.88
278.23
278.79
278.86
278.90
278.93
279.06
279.10
279.39
280.75
281.07
281.19
281.46
281.52
281.69
281.70
281.77
281.84
281.87
282.25
282.64
282.90
283.15
283.27
283.32
283.34
283.93
284.24
284.54
284.62
284.62
284.76
284.78
285.04
285.06
285.14
285.29
285.29
285.66
285.78
285.79
285.79
285.96
286.51
286.54
286.55
286.63
286.71
287.08
287.19
287.33
287.57
288.02
288.15
288.20
288.23
288.23
288.34
288.69
288.84
288.84
288.91
288.91
289.09
289.28
289.38
289.40
289.60
289.88
290.02
290.14
290.31
290.43
290.58
290.58
290.61
290.63
291.06
291.48
291.57
291.63
291.71
292.04
292.10
292.13
292.38
292.66
292.78
292.80
292.86
293.26
293.28
293.47
293.52
293.53
293.54
293.60
293.73
293.86
293.94
293.95
294.32
294.35
294.69
294.73
294.81
295.07
295.32
295.49
295.74
295.74
295.85
295.90
296.06
296.16
296.34
296.56
296.65
296.84
297.37
298.01
298.13
298.27
298.42
298.46
298.71
298.84
298.91
299.33
299.51
299.57
299.91
300.71
300.72
300.77
301.13
301.15
301.19
301.42
301.57
301.74
301.75
301.79
302.31
302.37
302.52
303.17
303.63
303.67
303.82
304.07
304.10
304.42
304.48
304.72
304.84
305.00
305.31
305.76
306.11
306.18
306.31
306.52
306.70
306.82
306.86
307.02
307.03
307.10
307.13
307.24
307.37
307.54
307.71
308.05
308.08
308.24
308.39
308.52
308.87
308.87
309.00
309.23
309.38
309.82
309.90
309.92
310.11
310.15
310.29
310.82
310.87
311.17
312.17
312.60
312.86
312.88
313.10
313.23
313.50
313.57
313.76
314.11
314.36
314.87
315.28
315.58
315.63
315.70
315.93
316.04
316.13
316.17
316.23
316.25
316.26
316.55
316.68
317.12
317.32
317.66
318.18
318.38
318.81
319.12
319.20
319.32
319.44
319.72
319.78
319.97
320.81
321.29
321.31
322.00
322.12
322.39
322.84
322.89
324.22
324.49
324.79
324.86
325.30
325.46
325.48
325.48
325.48
325.68
325.75
326.00
326.40
327.18
327.26
327.83
328.04
328.13
328.67
328.73
329.07
329.27
329.51
329.68
330.04
330.23
330.26
330.41
330.66
331.03
331.10
331.60
331.80
331.82
332.38
332.39
332.50
332.98
333.22
333.29
333.72
333.73
334.62
335.06
335.43
335.53
336.17
336.28
336.48
336.53
337.24
337.30
337.73
337.87
338.02
338.19
338.32
338.65
338.79
339.16
339.73
340.12
340.30
340.56
340.59
340.67
340.71
340.75
340.92
340.99
341.15
341.30
341.51
342.40
342.46
342.46
342.80
342.88
343.64
343.86
344.02
344.24
344.54
344.60
344.75
344.91
344.92
344.95
344.96
345.03
345.33
345.51
345.59
345.87
345.93
346.13
346.30
346.34
346.98
348.03
348.04
348.21
348.41
348.46
348.91
348.94
349.44
349.59
349.93
350.11
350.33
350.39
351.14
351.45
351.69
351.91
352.03
352.20
352.22
352.28
352.57
352.99
353.71
354.30
354.53
354.63
354.91
355.00
355.13
356.23
356.76
356.77
356.80
357.10
357.68
357.89
357.94
357.97
358.13
358.89
358.91
358.91
359.25
359.28
359.52
359.71
360.00
360.15
360.21
360.36
360.40
360.57
360.67
360.68
360.74
360.86
361.34
361.73
362.06
362.55
362.81
363.16
363.19
363.72
363.77
363.81
364.09
364.51
364.57
364.81
364.91
365.10
365.22
365.33
365.58
365.64
365.75
365.78
365.92
366.42
366.91
367.03
367.21
367.38
367.65
368.37
368.45
368.51
368.64
368.85
369.21
369.24
369.34
369.41
369.83
370.16
370.67
371.22
372.07
372.50
372.71
372.75
373.48
373.85
373.87
374.17
374.52
374.64
374.79
374.98
375.14
375.28
375.61
375.65
375.68
375.77
375.83
376.60
377.13
377.40
377.66
377.86
378.76
378.84
379.23
379.66
379.94
380.17
381.07
381.25
381.50
381.60
381.89
381.89
381.91
382.35
382.41
382.44
382.48
382.48
382.80
383.07
383.52
383.64
383.75
384.08
384.24
384.31
384.70
384.91
385.18
385.35
385.71
385.75
386.13
386.59
386.74
387.32
387.53
387.69
387.90
388.10
388.46
388.75
389.25
389.30
389.41
389.64
389.90
390.32
390.65
390.71
391.03
391.08
391.53
391.56
391.57
391.84
392.45
392.70
392.75
393.27
393.36
394.08
394.16
394.28
394.49
394.49
394.65
395.19
395.38
395.42
395.48
395.60
395.64
395.65
395.76
396.16
396.95
397.15
397.76
398.07
398.11
398.41
398.65
398.66
398.98
399.09
399.23
399.30
399.62
399.64
399.74
399.75
399.92
399.93
400.10
400.30
400.48
401.20
401.20
401.27
401.30
402.47
402.51
402.65
402.67
403.13
403.39
403.57
403.77
403.90
404.20
404.67
405.31
405.49
405.63
405.65
405.78
405.90
406.05
406.10
406.29
406.48
406.50
406.59
406.82
406.86
407.54
407.62
407.64
407.93
408.33
408.75
408.87
408.98
409.08
409.08
409.36
409.72
409.73
409.91
410.28
410.64
411.23
411.53
411.81
411.92
412.27
412.40
412.47
412.48
412.58
412.77
412.95
413.00
413.63
413.79
413.85
414.19
414.57
414.98
415.01
415.35
415.55
415.65
415.73
416.00
416.15
416.18
416.30
416.52
416.62
416.80
416.83
417.01
417.17
417.60
417.77
418.11
418.50
418.56
418.69
418.93
419.04
419.16
419.25
419.37
419.51
419.52
419.74
419.89
420.13
420.23
420.40
421.16
421.35
421.60
421.74
422.10
422.46
422.57
423.09
423.09
423.27
423.30
423.35
423.70
423.84
424.33
424.57
424.72
425.02
425.17
425.36
425.54
425.89
425.95
426.05
426.26
426.37
426.44
426.64
426.78
427.03
427.36
427.63
427.81
428.01
428.08
428.79
428.80
428.90
429.06
429.18
429.41
429.77
430.19
430.32
430.37
430.56
430.60
431.09
431.27
431.31
431.52
432.21
432.67
432.76
432.92
433.10
433.77
434.48
436.06
436.15
436.20
437.16
437.47
437.59
437.73
437.86
437.90
438.47
438.82
438.87
439.12
439.14
439.34
439.40
439.51
439.77
440.17
440.46
440.51
440.95
441.18
441.49
441.74
441.76
441.86
441.89
442.11
442.13
442.15
442.19
442.80
442.90
442.92
443.02
443.04
443.34
443.56
443.73
443.89
444.14
444.58
444.89
445.00
445.04
446.13
446.50
446.51
447.23
447.54
447.63
448.16
448.19
448.24
448.35
448.82
448.90
449.86
449.96
450.56
451.01
451.07
451.22
452.22
452.22
452.35
452.80
452.86
453.08
453.36
453.44
453.46
453.50
453.58
454.13
454.47
454.54
454.66
455.19
455.20
455.51
455.64
455.76
455.76
456.25
456.41
456.50
457.54
458.33
458.64
458.68
458.71
459.25
459.44
459.67
459.78
460.32
460.94
461.09
461.14
461.19
461.42
461.73
462.07
462.08
462.56
462.58
462.62
462.75
462.77
462.88
463.66
464.13
464.82
465.15
465.40
465.88
465.92
466.65
467.40
467.60
467.93
468.10
468.37
468.75
470.18
470.30
470.50
470.50
470.89
470.91
471.29
471.40
471.49
471.50
471.61
471.65
472.33
472.35
472.66
472.73
472.94
473.26
473.98
474.16
474.52
475.66
476.29
476.70
476.72
477.09
477.11
477.16
477.22
477.24
477.34
478.43
478.89
479.21
480.00
480.10
480.17
480.22
480.28
480.36
480.60
481.26
481.49
481.56
481.82
481.83
481.91
482.68
482.75
483.01
483.46
483.92
483.95
484.87
484.91
485.33
485.42
485.65
485.90
486.20
486.71
487.06
487.52
488.11
488.36
489.02
489.35
489.40
489.73
490.48
490.90
492.23
492.41
492.71
493.31
493.48
493.49
494.06
494.44
494.83
495.72
495.77
496.08
496.95
497.85
497.86
498.00
498.29
498.95
499.00
499.05
499.40
499.84
500.01
500.67
500.86
501.80
502.12
502.18
502.19
502.87
503.27
503.73
503.73
505.03
505.34
505.37
505.44
506.00
506.85
506.98
507.06
507.41
507.48
507.98
508.37
509.02
509.33
509.60
509.82
510.09
510.84
511.10
512.23
512.69
512.77
512.95
513.09
513.17
513.38
514.15
514.35
514.42
514.54
514.54
514.70
514.81
515.21
515.32
515.70
516.23
517.41
517.59
517.87
517.94
518.57
519.73
519.80
520.05
520.38
520.53
520.86
520.87
521.45
521.73
522.12
522.46
523.15
523.26
523.30
523.35
523.90
523.98
524.19
524.39
524.73
524.92
524.94
525.36
525.60
526.10
526.11
526.60
526.61
527.77
528.25
528.77
528.98
531.66
531.74
531.74
531.82
531.93
533.12
533.18
533.43
533.68
534.32
534.51
535.03
536.11
537.13
537.16
538.56
538.61
539.08
539.34
539.69
539.97
540.25
540.36
540.59
540.77
540.84
540.85
541.05
541.17
541.25
541.28
541.32
541.36
541.61
542.28
542.33
543.80
544.48
544.91
545.17
545.73
545.91
546.37
546.38
546.90
546.96
547.48
547.81
548.00
548.26
548.39
548.50
548.66
548.97
549.67
549.88
550.00
550.06
550.34
550.36
551.07
551.10
551.52
552.24
553.15
553.39
553.48
553.50
553.81
553.86
553.99
553.99
554.03
554.26
554.33
554.69
555.24
555.46
555.52
555.57
556.35
556.36
556.40
556.45
556.77
556.92
556.97
557.21
557.40
557.41
557.41
557.58
557.76
557.82
558.08
558.84
558.87
559.24
559.34
559.37
559.62
559.92
560.50
561.25
561.35
561.71
561.97
562.09
562.76
562.92
563.22
563.60
564.50
564.63
565.00
565.18
565.22
565.36
565.61
566.13
566.13
566.46
567.24
567.60
568.76
568.91
569.10
569.15
569.26
569.56
570.01
570.51
570.96
571.30
571.32
571.56
571.57
571.75
571.87
571.98
573.14
573.32
573.36
573.50
573.52
574.05
574.07
574.15
574.39
574.44
574.71
574.89
575.48
575.95
576.25
576.64
577.51
577.54
578.63
579.35
579.77
580.40
580.41
580.76
581.14
581.25
581.58
581.92
582.05
582.39
584.07
584.21
584.52
584.73
584.92
584.99
586.98
587.84
587.87
587.90
588.06
588.31
588.37
589.48
589.69
590.79
590.89
591.06
591.36
591.69
591.99
592.38
592.86
592.96
593.67
593.70
593.94
594.05
594.59
594.91
595.08
595.24
595.49
595.62
595.91
596.97
597.04
597.35
597.63
598.17
598.22
598.49
598.70
598.74
598.80
599.28
599.29
599.71
599.85
600.72
600.73
601.33
601.92
602.08
602.61
602.72
603.51
603.51
603.94
604.02
605.38
605.52
605.79
605.94
606.05
606.54
607.21
607.59
607.70
607.73
607.78
607.97
608.19
608.63
608.71
608.98
609.04
609.07
609.13
609.52
609.69
609.84
610.08
610.20
610.29
610.47
611.23
611.27
611.38
611.47
611.59
611.83
612.03
612.06
612.45
612.64
612.99
613.20
613.72
613.76
614.09
614.54
614.76
614.91
615.03
615.10
616.49
617.55
617.57
618.14
619.01
619.03
619.11
619.32
620.35
620.57
620.60
621.23
621.66
621.74
622.65
623.03
623.27
623.34
623.49
623.71
623.95
624.19
624.50
624.54
624.66
624.90
624.91
625.10
625.21
626.17
626.87
627.33
627.48
628.23
629.11
629.27
630.32
630.50
630.61
630.83
631.19
631.85
632.39
632.54
632.93
633.48
633.58
633.66
633.82
635.62
636.00
636.17
636.23
636.92
637.88
637.90
637.90
638.21
638.36
638.59
638.96
639.22
639.24
639.87
641.85
642.22
642.99
643.13
643.35
643.58
643.66
644.03
644.10
644.47
644.54
645.35
646.06
646.26
646.48
647.48
647.72
648.02
648.17
648.19
648.38
648.87
649.26
649.52
649.53
649.74
649.79
649.80
650.36
651.45
651.90
652.30
652.31
652.51
652.80
653.09
653.19
653.45
653.88
653.99
654.29
654.93
655.45
655.46
655.85
655.86
656.19
656.27
656.44
656.73
657.12
657.52
657.99
658.78
658.94
659.01
659.22
659.28
659.88
660.05
660.26
660.48
660.51
660.57
660.96
661.31
661.42
661.84
662.21
662.44
663.35
663.44
663.77
664.17
664.94
664.96
664.96
665.55
666.19
666.32
667.08
667.39
667.60
667.70
668.46
668.72
669.19
670.30
670.42
670.49
670.76
671.09
672.66
673.35
673.79
674.37
674.46
674.92
675.10
675.68
676.16
676.48
676.58
676.73
677.53
677.64
678.68
678.83
678.89
679.42
680.19
680.55
680.58
680.60
680.64
680.78
681.83
682.27
682.77
682.93
683.19
683.40
683.57
684.00
684.05
684.25
684.56
684.62
684.65
685.20
686.12
687.47
687.90
687.94
688.40
689.08
689.26
689.84
690.22
690.40
691.39
691.44
692.69
693.16
693.38
694.46
694.89
695.09
695.38
695.57
696.44
696.47
696.62
697.01
697.81
698.01
698.06
698.32
698.53
698.59
698.64
699.09
699.29
699.40
700.00
700.62
701.13
701.21
701.65
702.08
702.17
702.53
702.70
703.71
704.06
704.56
705.13
705.55
705.66
706.06
707.82
708.04
708.15
709.30
709.71
710.15
710.39
710.61
711.28
711.86
711.89
712.30
712.48
713.15
713.20
713.34
713.49
713.99
714.20
714.46
714.51
716.31
717.16
717.73
717.99
718.19
718.46
719.23
719.65
719.90
719.94
720.93
721.87
722.07
722.26
722.83
724.00
724.13
724.66
724.78
725.00
725.29
725.58
725.82
726.78
726.92
727.07
727.08
727.66
728.03
728.54
729.21
729.81
730.00
730.31
730.54
731.38
732.02
732.45
732.75
734.03
734.14
734.34
735.34
735.75
735.76
736.09
736.20
736.54
736.58
736.78
736.92
737.29
737.48
737.48
738.63
738.74
738.93
739.63
741.44
741.49
741.81
743.15
744.31
744.73
745.15
746.28
746.41
746.53
747.09
747.11
747.18
747.32
747.37
747.42
747.78
747.83
748.25
748.57
749.01
749.32
749.35
750.43
750.45
750.58
750.64
750.68
751.01
751.11
751.13
751.81
752.25
752.27
752.30
753.59
753.77
754.02
754.21
754.38
754.40
754.71
754.79
754.94
755.06
755.09
755.59
756.18
757.15
757.25
757.27
757.31
757.37
758.43
758.51
758.67
759.22
759.22
759.43
759.58
759.74
760.16
760.19
760.86
760.91
761.59
762.06
762.34
762.99
764.04
764.25
764.51
764.78
766.10
766.44
766.76
766.91
767.15
767.67
767.85
768.00
768.41
768.46
769.82
770.13
770.90
771.01
772.52
772.62
773.25
773.44
774.36
774.59
774.97
775.30
775.87
776.36
776.45
776.68
776.70
776.74
777.21
777.21
778.25
778.92
779.00
779.61
780.10
781.09
781.69
781.95
783.20
783.49
783.75
783.87
784.05
784.07
784.79
785.52
786.12
786.63
787.87
789.05
789.35
789.53
789.54
789.65
789.92
790.30
790.53
790.84
791.47
791.88
792.54
793.43
793.49
794.45
794.71
794.73
794.81
795.04
795.13
795.94
795.97
796.51
796.57
796.71
796.84
797.25
797.36
797.86
798.15
798.30
798.55
798.55
798.59
799.57
800.45
801.19
802.01
802.22
803.11
803.89
803.91
803.94
805.08
805.51
805.75
807.31
807.33
807.41
807.58
807.65
807.70
807.70
807.75
808.39
808.50
808.51
808.72
808.95
809.02
809.45
811.04
812.20
813.09
813.20
813.22
814.04
814.61
814.78
814.92
814.94
815.22
815.25
815.50
815.97
816.65
816.65
816.82
817.36
817.60
817.74
817.78
817.89
818.37
818.92
819.31
819.47
819.61
819.93
820.14
820.31
820.59
820.86
821.16
821.39
821.46
822.67
822.75
823.16
823.30
823.81
824.14
824.58
824.91
825.06
826.03
826.27
826.71
826.88
827.19
827.44
827.77
827.82
828.21
828.28
828.44
829.05
829.90
830.18
830.52
830.93
831.04
831.06
831.28
831.32
831.77
832.27
832.93
833.00
833.19
833.60
833.62
834.30
834.46
834.66
834.98
835.27
835.32
835.50
835.70
836.03
836.94
838.13
838.52
839.16
839.97
841.09
842.27
842.70
842.79
843.80
844.24
844.58
845.27
845.48
845.65
848.17
848.22
848.67
848.99
849.69
849.69
850.46
850.55
851.39
852.26
853.23
853.33
853.85
854.04
854.72
855.06
855.37
855.44
855.44
855.61
856.44
857.00
857.05
857.15
857.16
857.39
857.64
857.91
858.67
858.82
859.37
859.46
860.90
861.06
861.06
861.30
861.93
862.09
862.69
862.80
863.75
864.14
864.55
864.87
864.96
865.05
865.25
866.56
866.88
867.95
869.82
870.60
870.65
871.32
871.61
873.04
873.05
873.08
873.12
873.43
873.53
873.82
874.61
875.36
875.71
876.24
876.47
876.54
877.75
877.80
878.36
879.30
879.40
879.42
879.42
879.53
880.18
880.56
881.18
881.37
881.57
881.93
882.64
882.78
883.25
883.79
884.17
886.59
887.48
887.52
887.56
887.93
887.94
888.08
888.08
889.19
889.44
889.91
890.17
891.08
891.72
892.78
893.41
893.80
894.56
894.69
894.76
895.09
895.31
895.78
896.26
896.34
896.62
896.94
899.85
900.08
900.37
900.53
901.46
901.61
901.65
902.48
902.73
902.99
903.51
904.48
904.49
904.92
905.52
905.65
905.86
906.28
906.57
907.29
907.37
907.71
908.10
908.69
909.42
909.43
910.09
910.37
911.03
911.28
911.48
911.83
912.98
913.46
914.46
915.59
915.65
915.90
915.93
916.25
916.90
917.35
917.74
917.92
917.95
918.56
919.75
919.80
921.40
921.64
921.97
922.07
922.49
923.19
923.98
924.05
924.19
925.08
925.10
925.97
926.50
926.68
927.68
927.83
928.11
928.86
929.13
930.30
930.32
930.40
931.12
931.13
931.91
932.11
932.33
932.50
932.60
933.17
933.32
933.58
933.70
934.32
934.66
934.85
934.89
935.17
935.48
935.58
936.96
937.48
938.16
938.17
938.46
938.63
938.68
938.91
939.35
939.42
939.64
940.22
940.66
940.87
940.89
941.89
942.81
943.83
944.28
944.64
945.33
946.16
947.18
948.21
948.82
950.41
951.18
951.48
951.54
951.84
952.32
952.42
952.84
953.18
953.42
956.26
956.35
956.61
956.90
957.65
958.41
958.79
958.98
959.39
959.67
960.39
961.69
961.84
962.42
962.55
962.70
963.48
964.87
966.22
966.35
966.87
966.94
967.00
967.17
967.98
968.21
968.62
969.31
970.63
970.94
971.41
971.42
971.46
971.95
973.29
973.56
973.99
974.01
974.02
974.18
974.28
974.42
975.52
976.02
976.46
976.75
977.15
977.38
978.96
979.05
979.10
979.42
979.46
980.15
980.46
980.95
981.96
984.03
984.23
984.59
985.73
986.20
987.00
987.20
987.49
987.79
987.81
988.32
989.37
989.44
989.60
989.62
990.60
991.73
992.16
992.98
993.28
994.55
994.70
995.40
996.38
996.46
996.70
996.87
996.95
997.13
997.75
997.92
998.25
999.95
1000.51
1000.95
1002.20
1002.31
1004.89
1004.97
1004.99
1005.85
1005.99
1006.06
1006.69
1006.90
1007.39
1007.79
1008.72
1008.74
1009.49
1009.70
1009.89
1009.97
1010.44
1010.62
1010.64
1011.76
1011.92
1014.42
1014.55
1014.69
1014.83
1016.11
1017.54
1018.04
1019.22
1019.27
1019.43
1019.96
1020.06
1020.23
1021.06
1021.07
1022.19
1022.73
1023.22
1024.06
1024.26
1025.24
1025.72
1026.20
1026.37
1026.54
1026.71
1027.33
1027.84
1028.42
1029.27
1029.42
1030.46
1032.00
1032.03
1032.89
1033.18
1033.24
1033.60
1033.75
1034.29
1034.97
1035.04
1035.94
1036.57
1036.97
1037.43
1038.00
1038.79
1039.19
1039.31
1040.10
1040.26
1040.65
1041.63
1041.72
1042.14
1042.32
1043.33
1043.98
1044.30
1044.56
1045.64
1045.94
1046.45
1046.46
1048.19
1048.21
1049.57
1050.27
1051.17
1052.31
1053.36
1053.88
1054.18
1054.23
1054.70
1054.77
1054.83
1055.92
1056.40
1056.64
1057.13
1058.19
1061.12
1062.09
1062.09
1062.39
1063.05
1064.73
1064.79
1066.97
1067.11
1068.54
1069.09
1069.13
1069.28
1070.53
1070.64
1071.03
1071.66
1071.77
1071.97
1072.69
1074.34
1075.65
1076.60
1077.10
1077.66
1077.68
1078.23
1078.47
1079.47
1079.89
1081.09
1081.51
1081.99
1082.20
1084.63
1084.75
1085.77
1085.99
1086.03
1086.21
1087.28
1088.58
1089.32
1089.64
1090.61
1090.80
1091.33
1092.18
1092.71
1092.93
1093.00
1093.38
1093.76
1094.57
1095.08
1095.11
1095.32
1095.47
1096.18
1098.01
1098.26
1098.78
1099.39
1099.56
1099.94
1100.34
1101.08
1101.16
1102.55
1102.57
1102.79
1103.43
1103.66
1103.80
1104.19
1106.35
1106.41
1107.07
1107.62
1107.89
1108.03
1108.39
1108.92
1109.34
1109.67
1110.54
1112.39
1113.02
1113.54
1113.69
1113.91
1114.14
1114.29
1114.72
1114.81
1114.99
1115.67
1115.68
1115.74
1116.39
1116.48
1117.11
1117.60
1117.64
1117.81
1119.15
1119.32
1120.90
1120.95
1122.23
1123.17
1123.19
1123.63
1123.75
1123.99
1124.48
1125.33
1127.67
1128.89
1128.91
1129.31
1129.41
1129.43
1130.30
1130.34
1130.69
1130.90
1131.98
1132.92
1133.02
1133.24
1133.47
1133.84
1135.52
1135.53
1135.59
1135.75
1137.08
1137.28
1137.81
1138.79
1138.90
1139.77
1139.89
1140.71
1140.93
1141.89
1142.41
1142.79
1142.98
1143.08
1143.15
1144.01
1145.67
1146.74
1146.92
1147.19
1148.43
1148.88
1149.97
1150.27
1152.03
1152.35
1152.79
1154.75
1154.85
1157.30
1157.49
1157.59
1157.64
1158.72
1159.37
1159.44
1159.55
1162.41
1162.85
1162.91
1163.39
1163.43
1163.44
1166.10
1166.90
1167.06
1167.11
1167.61
1167.89
1168.23
1168.75
1170.01
1170.50
1170.65
1171.06
1171.46
1172.51
1173.47
1173.99
1175.87
1177.37
1177.65
1177.85
1178.08
1178.49
1178.99
1179.95
1180.89
1181.48
1181.62
1181.80
1182.58
1183.23
1183.46
1183.94
1184.08
1184.45
1184.65
1185.21
1185.27
1185.30
1185.40
1186.05
1186.35
1187.63
1190.05
1190.96
1191.09
1191.67
1192.42
1192.47
1193.08
1193.29
1194.13
1194.47
1194.57
1195.30
1195.42
1195.43
1195.88
1197.02
1197.41
1197.50
1197.83
1198.14
1198.18
1198.27
1198.35
1198.42
1198.64
1199.68
1200.62
1200.81
1201.88
1202.38
1202.42
1202.76
1204.29
1204.58
1205.25
1205.61
1208.10
1208.34
1208.37
1208.99
1210.62
1211.56
1211.96
1212.35
1212.52
1212.69
1212.82
1213.23
1213.53
1213.74
1214.66
1215.73
1216.48
1218.69
1220.16
1220.21
1220.27
1221.11
1221.19
1221.61
1221.82
1221.86
1221.94
1222.40
1223.00
1223.71
1223.88
1225.78
1227.21
1228.50
1228.55
1229.76
1229.78
1231.03
1231.12
1231.23
1231.67
1231.84
1232.47
1232.67
1232.79
1232.96
1234.04
1234.36
1234.56
1234.63
1235.55
1236.03
1236.56
1236.85
1237.28
1238.22
1239.85
1240.97
1242.55
1242.60
1243.32
1243.84
1244.16
1244.41
1244.78
1245.70
1245.84
1245.98
1246.06
1246.36
1246.70
1246.87
1246.94
1247.89
1248.26
1248.57
1250.82
1250.89
1251.09
1252.04
1252.27
1254.75
1255.04
1255.05
1256.61
1257.60
1260.74
1260.94
1263.03
1264.78
1265.51
1266.49
1267.07
1267.15
1267.27
1267.59
1267.62
1268.99
1269.76
1270.87
1271.33
1271.73
1272.68
1272.81
1273.32
1273.78
1274.89
1275.40
1275.71
1275.78
1277.16
1277.57
1277.60
1277.68
1278.87
1279.07
1279.23
1279.37
1279.63
1279.99
1280.66
1281.39
1281.73
1282.99
1284.31
1284.66
1284.99
1285.13
1285.70
1286.24
1286.28
1286.95
1288.11
1288.22
1289.06
1290.05
1290.54
1290.73
1291.11
1292.14
1292.53
1292.86
1293.26
1293.81
1294.06
1294.73
1296.05
1297.00
1298.31
1299.11
1299.18
1300.43
1301.25
1301.50
1302.39
1302.64
1304.57
1304.60
1304.66
1304.94
1304.96
1305.62
1305.62
1306.55
1306.75
1308.33
1308.57
1309.11
1309.27
1309.28
1309.33
1309.47
1309.82
1310.22
1310.57
1311.61
1311.74
1313.65
1315.49
1315.53
1315.62
1317.08
1317.31
1318.68
1320.85
1321.62
1322.38
1322.61
1322.62
1323.10
1324.27
1324.39
1324.86
1324.96
1325.06
1325.25
1325.50
1325.62
1326.11
1326.94
1327.14
1327.51
1328.38
1329.77
1330.40
1331.40
1332.06
1332.10
1332.49
1332.56
1333.53
1335.65
1335.65
1336.46
1336.84
1337.00
1337.62
1338.72
1339.62
1340.69
1340.92
1341.03
1341.21
1341.34
1341.48
1342.54
1342.61
1343.22
1343.23
1347.64
1347.85
1348.87
1349.50
1351.28
1352.01
1352.07
1352.26
1352.76
1353.21
1354.25
1354.53
1354.59
1354.68
1354.76
1355.13
1355.28
1355.31
1355.70
1356.27
1356.38
1356.99
1357.30
1357.32
1357.35
1357.99
1358.18
1359.54
1360.08
1361.04
1361.33
1361.89
1362.04
1363.09
1363.41
1364.53
1365.31
1366.44
1366.98
1367.87
1368.05
1368.26
1368.52
1368.97
1369.09
1369.31
1370.72
1371.62
1371.81
1372.04
1372.81
1374.74
1374.88
1375.04
1375.53
1377.06
1377.50
1377.57
1379.09
1379.42
1379.90
1379.94
1380.42
1380.50
1381.72
1382.48
1384.17
1384.80
1387.23
1387.46
1387.68
1387.98
1389.98
1391.68
1391.79
1392.06
1392.75
1393.64
1393.82
1393.82
1393.91
1395.38
1396.15
1397.86
1398.29
1398.93
1399.37
1401.51
1402.14
1402.76
1403.36
1403.68
1403.75
1404.48
1404.63
1405.36
1405.50
1406.38
1406.38
1406.73
1407.95
1408.03
1408.32
1409.76
1410.68
1411.55
1411.69
1412.04
1412.21
1412.70
1414.16
1414.29
1414.61
1415.13
1415.43
1415.82
1417.17
1417.26
1418.01
1418.16
1418.70
1419.13
1419.28
1420.33
1420.64
1420.87
1421.53
1422.71
1424.82
1425.22
1426.89
1427.35
1427.89
1428.53
1429.08
1430.07
1430.09
1431.00
1432.06
1432.54
1433.12
1434.77
1435.05
1435.20
1436.52
1436.65
1437.01
1437.64
1438.61
1438.66
1438.95
1439.31
1439.62
1440.04
1440.63
1441.69
1441.94
1442.65
1443.46
1443.61
1443.65
1443.91
1445.49
1445.54
1445.77
1446.41
1446.55
1447.26
1447.29
1448.31
1450.30
1450.99
1451.07
1451.98
1452.99
1453.58
1454.64
1456.02
1460.28
1460.55
1461.04
1461.45
1462.97
1463.38
1464.00
1464.70
1464.93
1465.16
1465.74
1468.76
1470.62
1471.08
1471.50
1473.33
1475.99
1476.76
1477.13
1477.69
1479.25
1479.49
1479.67
1479.97
1481.30
1482.44
1482.81
1482.84
1483.29
1483.71
1484.74
1485.44
1488.57
1489.00
1489.23
1489.97
1491.87
1492.97
1493.28
1497.06
1497.35
1497.73
1497.97
1498.63
1499.56
1500.06
1500.26
1503.13
1503.59
1504.11
1504.48
1504.69
1505.52
1505.56
1506.08
1506.49
1506.91
1507.51
1508.70
1509.19
1509.72
1510.34
1510.45
1510.48
1510.94
1511.45
1511.78
1511.96
1513.17
1514.63
1515.51
1516.17
1517.32
1517.89
1518.68
1519.11
1519.30
1519.52
1520.06
1520.68
1521.33
1521.67
1521.97
1522.68
1522.94
1524.41
1524.56
1527.02
1527.23
1527.78
1527.79
1527.96
1528.42
1528.59
1529.63
1531.25
1532.43
1535.13
1535.86
1536.15
1536.38
1536.61
1536.79
1536.83
1539.09
1541.41
1541.54
1542.28
1543.39
1544.31
1544.38
1545.28
1545.33
1545.53
1546.32
1546.62
1546.84
1547.26
1547.64
1548.08
1549.47
1550.26
1550.74
1551.56
1553.28
1553.73
1555.11
1555.18
1555.41
1555.46
1556.93
1558.87
1558.97
1559.10
1560.67
1561.11
1562.29
1562.29
1564.09
1565.15
1565.70
1566.97
1567.83
1568.29
1569.07
1569.27
1571.11
1571.50
1571.82
1572.39
1576.56
1576.64
1577.02
1578.27
1579.05
1579.36
1582.32
1582.59
1582.88
1583.21
1583.67
1584.29
1587.24
1587.26
1589.52
1590.47
1593.45
1594.42
1595.07
1595.09
1595.68
1597.77
1597.92
1597.94
1597.99
1597.99
1598.54
1598.58
1598.61
1598.99
1599.65
1600.45
1602.74
1603.50
1603.62
1603.78
1604.07
1605.77
1605.90
1606.10
1607.41
1607.53
1609.39
1610.33
1610.47
1610.79
1612.06
1612.34
1612.65
1612.86
1613.31
1613.51
1615.13
1616.16
1616.32
1617.00
1617.47
1617.75
1618.03
1619.98
1620.63
1621.52
1623.45
1624.77
1624.79
1627.76
1628.45
1628.73
1628.92
1629.14
1631.34
1631.82
1633.04
1634.65
1635.19
1635.28
1635.72
1636.65
1636.84
1637.74
1637.76
1637.94
1638.61
1638.95
1640.17
1640.90
1641.17
1641.22
1641.22
1642.55
1642.87
1643.78
1643.97
1647.02
1647.89
1648.18
1649.64
1650.68
1650.91
1652.25
1653.45
1654.09
1654.18
1654.22
1654.47
1654.97
1655.97
1656.37
1656.51
1657.58
1657.80
1658.19
1658.25
1658.82
1659.52
1660.85
1661.46
1661.52
1661.66
1662.13
1662.74
1667.62
1669.45
1669.77
1670.48
1672.95
1672.97
1673.17
1673.70
1674.15
1675.42
1676.25
1677.50
1677.61
1678.12
1678.79
1680.21
1681.70
1682.54
1682.94
1683.16
1683.43
1683.72
1683.78
1684.34
1684.36
1686.59
1686.82
1688.90
1690.64
1690.88
1691.19
1691.32
1693.50
1694.25
1695.09
1695.70
1696.12
1696.23
1696.60
1697.88
1698.62
1698.62
1698.84
1700.82
1701.17
1702.55
1702.61
1702.63
1702.83
1703.59
1703.94
1706.39
1708.83
1713.20
1714.22
1715.03
1715.72
1718.23
1719.77
1719.96
1721.34
1721.84
1722.12
1722.34
1727.05
1727.42
1727.48
1727.53
1728.48
1729.87
1730.37
1730.79
1730.97
1733.00
1733.05
1734.67
1735.01
1736.13
1737.09
1737.15
1737.99
1738.97
1739.12
1740.10
1740.59
1741.59
1742.40
1742.55
1742.74
1744.17
1744.95
1746.83
1746.87
1747.34
1748.06
1749.88
1750.50
1750.60
1752.91
1755.47
1756.10
1757.58
1758.00
1759.22
1760.63
1760.82
1761.41
1763.01
1763.68
1764.54
1764.88
1765.34
1767.77
1768.48
1768.67
1771.43
1771.92
1772.82
1774.65
1774.90
1775.51
1775.76
1775.92
1777.95
1778.28
1778.51
1778.88
1779.17
1779.78
1780.09
1780.42
1780.42
1780.90
1783.52
1783.95
1784.80
1786.50
1786.82
1787.29
1787.31
1787.64
1788.58
1790.35
1791.80
1795.95
1796.28
1798.64
1799.38
1800.49
1800.62
1801.38
1801.95
1802.42
1804.37
1805.11
1806.56
1807.98
1808.43
1808.82
1809.88
1809.98
1810.10
1810.61
1810.90
1811.70
1811.72
1814.02
1816.16
1816.91
1818.54
1820.15
1822.60
1823.33
1823.56
1824.14
1825.28
1826.47
1827.00
1827.53
1827.77
1829.14
1830.72
1833.63
1833.89
1834.29
1834.92
1835.48
1836.15
1838.50
1838.66
1838.80
1839.59
1840.33
1842.60
1843.52
1845.36
1845.38
1846.11
1847.23
1847.55
1847.95
1848.87
1849.15
1849.83
1851.24
1851.82
1851.94
1852.64
1853.26
1853.40
1853.52
1853.92
1855.91
1856.03
1856.05
1856.13
1857.70
1858.54
1859.31
1859.33
1859.65
1860.63
1861.36
1861.52
1861.80
1862.10
1862.20
1863.60
1863.74
1864.81
1865.11
1865.49
1865.71
1867.77
1868.82
1869.43
1870.20
1870.36
1870.65
1872.25
1872.39
1872.49
1872.79
1873.68
1875.18
1875.18
1875.83
1876.20
1877.13
1877.44
1877.74
1878.35
1880.77
1881.95
1883.46
1883.79
1883.91
1883.95
1884.17
1885.32
1885.60
1885.68
1885.76
1886.05
1886.09
1886.13
1886.38
1889.24
1889.34
1889.65
1892.20
1892.35
1893.70
1895.13
1895.56
1895.83
1897.27
1898.83
1902.94
1903.62
1903.70
1903.74
1904.34
1905.08
1905.58
1905.72
1906.05
1906.84
1907.10
1907.83
1908.01
1908.14
1908.14
1908.51
1908.65
1909.17
1909.48
1909.64
1910.20
1914.20
1914.22
1914.32
1914.44
1914.53
1916.23
1916.47
1916.52
1917.62
1918.76
1918.96
1920.00
1920.19
1924.54
1926.43
1927.93
1929.77
1930.10
1930.13
1931.55
1931.80
1933.37
1933.70
1933.80
1935.86
1936.11
1938.16
1939.32
1941.92
1942.13
1944.34
1944.97
1946.50
1947.60
1947.71
1948.15
1948.21
1949.60
1950.97
1951.84
1952.05
1952.94
1952.96
1953.38
1953.83
1954.99
1954.99
1955.01
1955.05
1955.62
1957.95
1958.67
1958.89
1958.95
1959.54
1960.18
1961.05
1962.66
1963.47
1964.38
1966.49
1967.85
1968.08
1968.36
1969.36
1969.62
1970.22
1970.26
1971.00
1971.75
1972.20
1973.29
1973.35
1973.61
1976.06
1976.73
1977.78
1978.14
1978.20
1979.32
1980.20
1981.29
1982.47
1983.00
1985.73
1986.10
1986.57
1986.66
1987.21
1987.32
1988.85
1990.27
1991.82
1992.81
1994.00
1996.29
1996.91
1998.75
1999.81
2000.68
2001.30
2001.35
2001.35
2001.74
2001.85
2002.78
2003.49
2003.97
2004.77
2004.99
2005.16
2005.18
2005.36
2005.62
2006.23
2008.09
2008.38
2009.77
2011.25
2012.12
2012.40
2015.19
2018.03
2019.40
2020.78
2022.57
2023.58
2024.08
2024.94
2024.96
2025.48
2026.65
2026.67
2026.82
2028.84
2029.28
2030.69
2030.79
2030.95
2031.85
2032.44
2034.49
2035.44
2036.47
2036.60
2037.66
2039.40
2040.64
2042.43
2042.45
2044.38
2044.42
2044.57
2045.66
2048.65
2048.87
2050.53
2050.87
2051.40
2051.40
2052.55
2053.95
2054.24
2055.84
2056.42
2057.25
2058.11
2060.74
2061.10
2063.93
2067.93
2071.11
2071.56
2072.35
2072.44
2072.80
2073.13
2074.79
2075.15
2075.15
2076.03
2076.54
2076.68
2077.02
2077.65
2077.85
2078.25
2079.38
2079.89
2080.68
2082.94
2083.25
2083.97
2084.69
2085.42
2085.64
2085.73
2085.78
2087.15
2087.33
2088.08
2088.31
2089.48
2090.00
2090.88
2093.92
2094.48
2098.91
2099.54
2099.84
2100.57
2101.20
2101.82
2102.18
2103.23
2103.27
2104.80
2104.91
2105.02
2105.16
2107.49
2109.11
2109.49
2110.00
2112.28
2112.65
2113.63
2114.66
2114.77
2116.35
2116.67
2118.55
2122.34
2125.81
2126.47
2126.89
2127.05
2127.69
2131.87
2132.10
2132.21
2132.77
2133.11
2133.11
2135.91
2136.81
2137.69
2138.77
2139.81
2140.28
2141.00
2141.44
2143.20
2146.75
2147.42
2149.86
2151.96
2152.75
2153.40
2153.47
2153.73
2154.43
2156.48
2157.18
2157.20
2157.60
2157.83
2158.25
2158.53
2159.09
2159.19
2160.43
2161.74
2164.10
2165.79
2166.96
2168.04
2168.46
2168.95
2170.34
2172.10
2172.87
2173.86
2174.76
2175.25
2175.51
2176.52
2177.75
2178.10
2178.29
2178.90
2179.14
2179.47
2180.98
2181.21
2181.40
2181.66
2184.61
2184.87
2185.70
2186.08
2186.60
2187.17
2187.22
2189.82
2190.20
2190.25
2190.86
2192.12
2192.21
2192.36
2193.28
2197.70
2199.56
2199.60
2200.60
2200.65
2201.20
2201.32
2201.65
2202.94
2203.96
2204.42
2206.49
2206.95
2207.93
2211.01
2211.18
2214.05
2215.30
2216.66
2218.05
2219.16
2219.42
2220.19
2220.79
2221.32
2223.05
2223.34
2224.21
2224.86
2224.95
2225.14
2225.36
2227.46
2228.78
2233.49
2235.62
2236.54
2236.78
2237.00
2237.14
2237.63
2238.18
2239.54
2241.14
2241.31
2241.79
2243.95
2246.68
2247.77
2248.09
2248.60
2248.77
2250.01
2254.37
2255.66
2255.74
2257.15
2257.18
2257.20
2257.49
2259.35
2262.31
2262.51
2263.54
2263.95
2264.59
2266.23
2267.07
2267.43
2267.97
2270.85
2272.39
2272.98
2273.75
2276.21
2276.26
2277.83
2278.30
2278.67
2279.31
2279.36
2279.36
2280.15
2280.45
2280.60
2281.14
2281.31
2285.31
2286.82
2287.91
2289.42
2291.68
2291.83
2292.57
2292.72
2292.87
2293.17
2294.93
2297.04
2297.86
2298.26
2299.97
2300.75
2305.53
2308.48
2308.63
2309.38
2310.98
2311.00
2312.65
2313.23
2314.50
2314.55
2314.90
2315.56
2315.96
2316.53
2316.81
2316.83
2317.16
2318.19
2318.56
2319.87
2319.89
2321.32
2321.43
2322.71
2324.16
2324.97
2325.15
2326.50
2326.93
2327.91
2329.12
2330.33
2330.51
2330.69
2331.54
2331.67
2333.82
2336.01
2337.56
2339.15
2339.93
2340.54
2341.13
2341.40
2344.67
2345.08
2345.38
2346.35
2347.54
2348.15
2349.24
2350.29
2350.72
2352.42
2352.76
2354.82
2355.76
2357.98
2358.39
2359.13
2361.48
2361.50
2361.53
2362.17
2362.78
2365.52
2366.31
2366.39
2366.75
2367.64
2368.39
2370.10
2370.49
2370.85
2372.70
2373.85
2377.66
2377.94
2378.30
2379.12
2379.71
2379.82
2380.02
2380.36
2380.92
2381.47
2382.83
2383.97
2386.16
2388.85
2389.23
2390.71
2392.26
2392.86
2394.23
2394.72
2396.25
2397.29
2398.25
2398.87
2399.26
2399.47
2399.54
2399.91
2400.30
2401.03
2402.27
2403.26
2403.81
2403.83
2404.38
2405.60
2406.67
2407.55
2407.79
2409.67
2410.24
2410.89
2414.47
2414.76
2416.85
2417.26
2419.80
2422.40
2423.26
2423.55
2424.00
2424.31
2426.54
2426.65
2430.14
2430.19
2430.53
2430.67
2431.82
2432.53
2435.38
2436.22
2446.02
2446.71
2446.76
2447.56
2448.77
2448.77
2449.28
2450.42
2452.27
2452.65
2453.39
2453.79
2453.89
2454.96
2455.01
2455.27
2456.84
2457.06
2460.22
2461.63
2462.56
2463.36
2463.42
2464.59
2467.77
2469.15
2472.18
2474.53
2477.69
2478.25
2482.44
2482.55
2486.02
2489.27
2490.57
2491.40
2494.80
2496.12
2499.04
2499.91
2501.10
2503.37
2504.94
2505.19
2506.08
2506.08
2506.87
2509.12
2509.91
2512.08
2513.47
2513.90
2514.53
2516.30
2516.76
2517.03
2517.14
2518.48
2519.84
2520.55
2520.71
2520.77
2524.12
2524.15
2524.62
2524.62
2525.63
2525.87
2526.72
2527.49
2530.96
2531.84
2535.04
2535.21
2536.88
2538.15
2541.80
2542.19
2542.63
2542.71
2542.74
2542.82
2543.75
2544.14
2544.97
2545.21
2547.42
2548.22
2549.51
2549.65
2551.09
2553.27
2553.82
2555.26
2556.56
2557.64
2557.86
2559.38
2562.65
2563.43
2563.59
2563.79
2567.26
2567.76
2569.26
2569.87
2570.76
2573.24
2575.10
2575.10
2576.33
2579.51
2579.87
2581.13
2581.57
2583.19
2584.45
2584.98
2585.15
2585.99
2586.52
2589.66
2590.56
2591.59
2592.29
2592.83
2593.81
2595.61
2597.71
2598.33
2598.47
2598.50
2599.01
2599.82
2599.96
2600.24
2601.00
2601.43
2601.76
2601.93
2605.06
2605.59
2607.26
2607.54
2608.53
2609.12
2610.59
2612.37
2614.09
2614.15
2614.58
2615.82
2615.93
2618.03
2618.74
2619.33
2619.93
2621.37
2622.85
2623.44
2624.30
2624.86
2626.63
2627.45
2630.27
2630.41
2630.84
2631.18
2631.77
2632.43
2633.31
2638.36
2638.45
2639.47
2639.56
2640.53
2642.70
2642.93
2643.19
2643.96
2644.65
2645.13
2647.28
2651.61
2654.28
2655.69
2657.70
2660.81
2661.04
2661.12
2661.41
2661.56
2662.74
2663.00
2665.85
2666.05
2666.20
2673.91
2674.32
2675.47
2677.12
2677.53
2678.25
2678.95
2681.18
2681.88
2685.83
2686.41
2688.79
2689.32
2689.55
2692.02
2692.14
2692.23
2695.40
2696.16
2696.51
2696.72
2697.07
2699.81
2701.51
2702.65
2703.76
2706.16
2706.98
2708.65
2710.08
2711.35
2712.31
2714.93
2719.66
2721.46
2721.93
2722.25
2724.84
2724.99
2725.64
2726.35
2727.85
2727.88
2728.24
2728.68
2730.60
2733.62
2733.91
2734.03
2735.36
2737.29
2738.29
2739.27
2740.34
2740.55
2742.27
2742.65
2743.69
2744.58
2745.77
2746.48
2746.69
2749.10
2749.43
2751.03
2753.30
2755.20
2758.87
2759.80
2760.60
2761.71
2764.19
2765.36
2765.69
2766.13
2767.03
2768.47
2768.68
2770.09
2774.02
2775.70
2775.97
2776.51
2776.60
2777.38
2778.40
2779.58
2779.76
2780.33
2783.25
2783.79
2786.17
2786.83
2787.38
2787.80
2789.37
2790.60
2793.47
2793.60
2795.05
2796.01
2796.38
2799.71
2800.07
2802.10
2802.62
2807.29
2807.29
2808.78
2809.39
2810.15
2811.33
2816.63
2816.72
2817.24
2818.34
2819.38
2819.83
2820.14
2824.32
2824.87
2827.44
2828.27
2830.50
2833.41
2835.96
2836.91
2838.11
2841.12
2841.30
2842.41
2843.12
2844.32
2846.59
2847.00
2847.40
2848.07
2848.57
2848.63
2848.81
2849.34
2849.98
2850.02
2851.00
2851.47
2852.70
2852.88
2854.09
2855.17
2857.52
2858.94
2860.09
2860.15
2862.19
2865.35
2866.13
2866.68
2867.15
2867.77
2867.93
2868.76
2870.19
2874.45
2878.06
2878.22
2878.59
2879.80
2879.96
2880.86
2883.42
2883.76
2883.98
2884.04
2885.45
2886.48
2887.07
2888.73
2890.35
2890.45
2890.57
2892.51
2895.14
2895.49
2898.72
2901.13
2903.08
2913.72
2915.01
2915.36
2915.86
2916.33
2918.07
2918.16
2919.68
2921.70
2925.44
2926.07
2927.49
2927.65
2928.95
2931.01
2931.01
2932.63
2933.45
2933.96
2934.66
2936.22
2938.28
2938.38
2938.41
2939.11
2939.17
2940.99
2941.08
2942.20
2942.45
2945.35
2948.60
2949.56
2956.75
2957.64
2958.32
2959.56
2961.36
2961.97
2962.19
2962.93
2964.63
2965.30
2966.10
2966.97
2967.65
2971.18
2973.21
2974.85
2975.88
2979.42
2979.61
2979.74
2980.07
2980.26
2980.32
2981.32
2985.87
2986.59
2986.94
2987.17
2987.43
2988.53
2988.59
2991.31
2996.55
2997.72
2998.89
3000.19
3000.19
3000.77
3001.65
3005.13
3005.61
3008.74
3009.16
3009.16
3010.40
3011.70
3013.95
3016.23
3016.43
3017.08
3017.31
3017.38
3019.24
3020.19
3022.57
3023.42
3025.06
3027.35
3030.20
3032.37
3033.35
3034.34
3035.65
3036.21
3038.34
3039.20
3039.30
3041.14
3042.23
3045.29
3045.75
3045.85
3047.40
3047.93
3049.15
3050.76
3051.22
3051.46
3051.95
3055.29
3055.45
3055.59
3058.53
3059.52
3062.11
3062.40
3065.29
3065.62
3067.31
3070.20
3073.72
3074.06
3074.36
3074.59
3080.28
3080.38
3081.12
3084.82
3084.92
3085.89
3086.09
3087.79
3089.29
3090.16
3091.00
3091.80
3093.21
3093.84
3095.28
3096.22
3099.00
3100.31
3101.08
3101.42
3101.92
3102.22
3102.89
3103.47
3103.53
3107.67
3108.04
3109.48
3109.78
3111.23
3111.53
3111.80
3112.65
3113.42
3117.23
3117.47
3119.46
3119.83
3122.83
3122.97
3124.62
3124.73
3125.23
3125.88
3126.21
3128.11
3129.19
3131.80
3133.66
3135.73
3136.04
3137.94
3138.45
3139.03
3142.08
3143.07
3143.82
3143.92
3144.94
3144.94
3146.17
3147.09
3149.06
3151.48
3151.48
3153.46
3156.67
3157.04
3157.18
3157.42
3158.75
3161.45
3162.04
3162.72
3163.37
3165.01
3166.52
3167.72
3169.13
3170.12
3171.94
3175.37
3178.12
3178.16
3178.26
3178.36
3179.50
3181.29
3182.60
3189.80
3190.11
3191.66
3191.66
3192.91
3193.60
3194.70
3194.84
3195.19
3196.26
3197.71
3200.38
3200.62
3201.45
3203.01
3204.57
3205.13
3208.39
3209.64
3210.30
3213.29
3217.46
3218.99
3219.24
3221.12
3222.06
3225.13
3225.16
3227.64
3229.00
3231.17
3231.24
3232.26
3234.53
3234.63
3234.77
3234.81
3235.68
3235.86
3236.87
3237.82
3237.82
3238.07
3238.21
3239.19
3246.38
3247.57
3250.11
3250.74
3253.10
3255.56
3256.09
3257.18
3258.41
3260.21
3260.92
3261.48
3262.86
3263.04
3263.88
3265.08
3266.53
3273.18
3273.86
3274.28
3275.77
3276.66
3277.93
3279.03
3283.29
3284.22
3289.09
3290.01
3291.69
3294.04
3298.50
3304.28
3307.11
3307.97
3308.11
3309.47
3309.54
3309.72
3311.62
3312.30
3315.82
3316.50
3316.50
3316.89
3318.90
3321.35
3321.81
3322.78
3323.97
3326.96
3327.39
3328.04
3328.15
3331.89
3332.22
3335.57
3336.08
3344.17
3344.46
3346.05
3349.17
3351.60
3354.14
3354.32
3355.15
3359.11
3359.19
3360.42
3360.49
3361.22
3361.77
3363.77
3365.11
3367.56
3369.38
3369.63
3369.74
3370.69
3371.42
3374.85
3375.36
3375.47
3375.73
3377.08
3379.13
3379.97
3380.77
3382.34
3385.24
3385.35
3385.60
3386.78
3387.07
3388.24
3388.46
3388.83
3389.23
3391.84
3393.30
3394.04
3394.37
3397.93
3403.23
3404.78
3407.10
3407.62
3408.32
3409.13
3411.34
3411.79
3413.63
3417.29
3418.14
3421.99
3422.54
3423.91
3424.14
3424.69
3425.43
3425.95
3426.47
3427.84
3431.00
3431.63
3435.20
3436.65
3439.10
3439.88
3441.11
3442.64
3444.46
3447.59
3448.12
3448.64
3450.17
3451.29
3452.04
3455.03
3458.28
3459.33
3459.40
3459.89
3460.71
3462.17
3464.35
3464.87
3467.83
3468.58
3469.22
3469.37
3470.12
3470.20
3470.65
3472.83
3473.09
3475.27
3479.49
3480.73
3481.59
3482.08
3482.95
3484.80
3485.48
3487.59
3488.27
3490.27
3492.65
3492.69
3494.46
3498.13
3498.51
3499.76
3504.38
3504.61
3504.65
3504.88
3504.91
3506.58
3507.57
3508.52
3508.90
3512.13
3514.41
3514.48
3515.85
3516.01
3516.92
3520.04
3521.56
3521.94
3529.46
3530.15
3532.25
3532.36
3533.13
3535.84
3538.37
3538.90
3540.67
3541.82
3542.08
3543.50
3546.07
3548.95
3549.14
3550.03
3550.06
3550.99
3550.99
3552.60
3552.83
3552.87
3553.56
3554.48
3557.18
3558.18
3558.60
3558.72
3563.80
3564.61
3566.58
3566.85
3567.43
3569.63
3569.67
3569.98
3571.14
3571.64
3574.54
3576.36
3577.75
3583.99
3584.07
3584.34
3586.08
3587.40
3588.65
3593.00
3594.20
3594.44
3594.82
3596.85
3597.51
3597.70
3599.03
3601.25
3604.02
3605.58
3605.58
3606.63
3608.62
3609.71
3610.30
3613.62
3617.14
3617.22
3618.28
3620.98
3621.21
3622.90
3623.13
3624.35
3624.62
3625.41
3625.80
3630.87
3630.94
3631.45
3631.53
3634.48
3634.64
3637.08
3637.27
3638.14
3639.87
3640.86
3641.13
3642.39
3642.55
3642.67
3642.95
3643.30
3643.34
3643.38
3649.42
3651.94
3652.77
3655.11
3656.77
3658.07
3658.71
3661.84
3661.91
3662.07
3663.74
3664.65
3665.48
3666.12
3666.91
3667.90
3670.24
3670.48
3676.37
3681.94
3684.13
3684.13
3688.92
3690.63
3691.15
3691.47
3691.71
3693.43
3694.35
3694.87
3697.87
3697.99
3698.27
3698.27
3700.67
3701.39
3703.23
3703.39
3704.11
3704.36
3708.85
3711.22
3713.55
3721.07
3721.15
3722.96
3723.12
3728.16
3728.24
3728.80
3730.38
3730.54
3732.32
3734.46
3735.55
3740.48
3741.01
3741.17
3743.96
3746.19
3746.44
3749.07
3750.98
3753.01
3753.17
3755.65
3756.38
3757.11
3758.82
3759.02
3760.41
3763.13
3763.38
3763.62
3768.15
3768.76
3768.96
3769.65
3770.43
3770.80
3771.16
3771.45
3771.49
3774.63
3774.67
3778.11
3778.27
3784.04
3785.51
3788.26
3789.12
3790.10
3791.29
3792.73
3794.37
3796.92
3798.40
3799.09
3803.33
3803.91
3804.48
3804.61
3805.31
3808.11
3809.18
3810.13
3810.79
3810.91
3811.07
3812.44
3813.14
3813.55
3813.92
3816.85
3819.66
3822.39
3822.93
3824.75
3825.33
3826.40
3827.27
3828.47
3834.65
3838.35
3840.88
3841.88
3842.83
3845.66
3852.20
3853.20
3858.67
3858.96
3861.55
3862.17
3862.88
3864.31
3866.10
3867.82
3870.58
3871.34
3872.30
3872.55
3872.72
3873.35
3876.87
3879.64
3885.73
3886.36
3892.17
3897.10
3897.73
3899.00
3900.64
3901.66
3901.82
3902.71
3903.64
3905.84
3906.34
3908.08
3909.94
3910.95
3911.33
3914.47
3915.27
3918.07
3918.11
3919.85
3922.78
3925.11
3930.60
3930.72
3932.34
3932.81
3935.23
3935.36
3936.55
3939.32
3939.41
3940.39
3942.78
3945.08
3947.26
3947.81
3950.21
3950.81
3951.83
3952.94
3953.03
3955.60
3960.52
3962.19
3962.19
3969.44
3969.44
3972.28
3973.10
3973.23
3974.39
3974.39
3974.60
3975.12
3978.00
3982.56
3983.38
3984.42
3988.34
3991.67
3994.78
3997.24
3998.50
4001.74
4002.18
4002.87
4013.75
4016.32
4020.19
4020.40
4021.62
4026.76
4026.93
4027.85
4029.16
4030.55
4031.16
4033.43
4035.61
4036.62
4037.62
4040.60
4041.78
4044.44
4050.14
4051.15
4051.72
4052.15
4052.90
4054.35
4056.67
4056.67
4057.11
4058.38
4058.43
4061.63
4063.66
4065.02
4065.77
4068.01
4068.06
4069.51
4075.59
4075.90
4080.71
4080.75
4084.90
4087.87
4089.68
4096.59
4097.79
4098.27
4100.00
4102.49
4106.17
4107.82
4111.15
4112.76
4116.41
4118.10
4121.40
4122.60
4123.14
4126.75
4127.02
4128.09
4130.64
4131.85
4132.52
4134.53
4138.87
4142.01
4144.65
4145.28
4146.85
4148.20
4150.35
4153.00
4156.24
4160.56
4163.98
4164.79
4167.45
4169.84
4172.73
4173.36
4176.03
4178.19
4178.42
4180.68
4183.40
4187.97
4193.19
4195.00
4198.72
4202.13
4202.31
4204.91
4205.54
4208.68
4208.73
4208.78
4209.41
4213.79
4216.66
4217.03
4221.68
4225.11
4226.66
4227.03
4229.00
4232.71
4233.26
4233.26
4233.58
4233.71
4237.33
4237.52
4238.02
4243.85
4244.31
4245.18
4246.01
4250.97
4251.29
4251.43
4255.02
4262.21
4263.45
4268.07
4268.30
4268.49
4271.21
4272.64
4275.65
4277.27
4279.49
4283.01
4288.99
4289.27
4291.13
4292.43
4292.76
4293.54
4297.40
4298.15
4300.19
4300.33
4300.38
4303.59
4304.66
4307.50
4307.74
4308.34
4310.30
4311.42
4314.22
4314.73
4315.57
4320.20
4321.46
4325.34
4325.81
4326.09
4326.14
4327.17
4332.00
4335.79
4337.25
4340.35
4341.47
4341.61
4342.55
4342.93
4343.96
4344.90
4346.31
4346.88
4346.88
4347.87
4347.91
4348.95
4349.37
4350.22
4351.87
4351.87
4352.10
4352.24
4353.89
4355.12
4356.72
4356.81
4357.76
4358.46
4360.63
4368.52
4370.13
4371.12
4371.83
4372.21
4376.52
4377.84
4378.84
4379.88
4381.54
4383.58
4383.77
4387.71
4391.36
4392.31
4394.69
4396.45
4397.16
4397.40
4402.49
4404.40
4406.50
4411.12
4412.84
4416.28
4418.24
4419.29
4420.58
4421.21
4423.74
4424.13
4424.17
4424.46
4429.35
4429.87
4434.81
4435.58
4436.59
4439.85
4443.60
4449.33
4452.22
4452.75
4453.95
4454.14
4457.91
4459.50
4463.07
4467.13
4467.37
4469.21
4469.64
4472.30
4472.79
4472.88
4476.27
4477.97
4481.12
4485.19
4488.49
4490.87
4492.04
4492.96
4501.43
4502.01
4508.25
4510.99
4511.72
4513.28
4517.43
4517.82
4517.97
4520.56
4523.40
4525.90
4526.34
4529.33
4529.67
4531.97
4535.65
4537.96
4538.40
4540.46
4541.00
4541.05
4542.58
4543.56
4544.64
4549.22
4549.86
4550.55
4551.73
4552.57
4553.45
4556.51
4564.40
4565.00
4565.34
4566.82
4567.12
4569.44
4576.62
4580.93
4581.82
4584.65
4587.47
4588.86
4589.16
4590.45
4590.65
4594.93
4596.87
4600.05
4601.39
4601.54
4606.33
4606.52
4608.87
4614.61
4615.21
4615.70
4618.50
4620.55
4623.15
4623.50
4624.25
4625.60
4625.85
4628.91
4630.46
4632.77
4633.77
4637.58
4641.75
4643.15
4644.36
4644.81
4645.67
4646.72
4647.68
4649.69
4653.92
4655.33
4655.58
4656.13
4657.44
4657.70
4660.06
4660.82
4663.44
4663.49
4667.99
4669.65
4674.61
4678.00
4678.35
4679.82
4685.19
4686.26
4692.65
4694.68
4695.39
4696.00
4696.56
4696.66
4698.75
4699.71
4703.83
4704.70
4704.85
4705.51
4707.45
4709.64
4711.78
4713.87
4716.47
4716.93
4717.75
4719.18
4721.73
4722.55
4725.15
4726.07
4726.13
4733.24
4733.70
4741.08
4743.03
4745.91
4746.68
4747.29
4748.11
4754.33
4758.50
4766.59
4777.02
4780.38
4781.06
4785.87
4788.35
4788.41
4794.42
4794.94
4797.85
4800.08
4807.41
4807.87
4816.57
4817.56
4818.71
4820.74
4821.00
4821.58
4821.84
4821.94
4822.20
4828.15
4828.36
4829.88
4829.98
4830.09
4831.03
4832.28
4835.00
4835.11
4837.83
4838.40
4841.54
4842.17
4845.00
4848.52
4854.71
4855.39
4856.23
4857.34
4863.07
4867.33
4868.18
4872.71
4873.82
4876.40
4876.51
4881.47
4882.52
4883.95
4884.85
4885.96
4886.28
4886.54
4895.96
4896.01
4896.01
4897.60
4907.74
4909.49
4909.86
4911.29
4913.79
4914.86
4914.96
4916.82
4923.21
4926.25
4926.41
4928.54
4928.70
4935.96
4938.47
4944.14
4946.28
4950.94
4952.22
4957.64
4958.28
4958.60
4959.35
4960.21
4963.65
4963.92
4964.56
4967.30
4968.27
4968.91
4969.88
4973.22
4973.97
4974.67
4976.93
4979.79
4980.11
4981.46
4985.12
4986.26
4989.71
4990.30
4993.00
4995.00
4996.57
4999.76
5004.52
5005.45
5006.64
5009.13
5009.24
5010.32
5010.65
5011.51
5014.33
5019.06
5025.69
5028.24
5028.35
5031.84
5032.87
5038.86
5040.94
5042.79
5044.65
5044.86
5045.52
5047.05
5049.45
5054.10
5055.46
5055.90
5063.40
5065.05
5065.70
5070.53
5072.94
5073.60
5075.19
5076.02
5078.71
5083.49
5090.54
5090.81
5093.73
5097.10
5104.33
5104.33
5108.69
5109.96
5114.94
5120.04
5120.64
5124.25
5126.35
5126.52
5132.40
5137.40
5139.35
5144.58
5149.42
5151.37
5154.27
5155.00
5159.74
5160.19
5160.30
5160.64
5163.15
5167.62
5168.63
5171.82
5172.37
5173.27
5177.58
5179.15
5179.49
5182.29
5185.15
5185.71
5189.19
5190.15
5191.72
5192.34
5194.64
5198.86
5200.66
5201.33
5204.82
5208.82
5209.10
5209.95
5210.63
5212.77
5212.94
5214.74
5215.65
5218.13
5219.77
5219.94
5221.75
5224.74
5227.79
5229.60
5236.00
5237.82
5239.74
5242.80
5243.37
5244.22
5244.28
5244.79
5245.24
5245.47
5245.93
5248.88
5251.26
5251.32
5251.49
5252.34
5252.97
5254.33
5254.96
5255.02
5255.24
5256.38
5257.12
5260.87
5261.50
5266.06
5267.14
5268.22
5268.74
5273.01
5275.52
5278.49
5283.12
5290.10
5291.24
5295.08
5295.65
5296.86
5297.55
5301.85
5302.02
5305.17
5305.52
5305.63
5311.89
5313.16
5314.02
5314.42
5315.86
5323.40
5325.88
5329.97
5331.24
5331.70
5331.88
5333.66
5334.07
5334.13
5337.47
5337.88
5338.40
5338.80
5340.19
5344.12
5348.98
5351.82
5354.36
5355.46
5356.28
5357.15
5361.73
5370.78
5371.95
5373.05
5377.01
5380.38
5381.20
5383.47
5385.10
5392.74
5392.85
5408.57
5409.04
5411.03
5414.60
5417.83
5419.53
5420.46
5424.10
5437.21
5437.56
5437.68
5439.62
5439.79
5446.63
5453.82
5454.59
5456.36
5460.49
5462.44
5463.57
5465.93
5469.01
5470.43
5470.49
5470.90
5474.34
5474.69
5477.65
5478.30
5478.48
5480.26
5484.00
5484.59
5485.19
5486.43
5493.74
5499.51
5503.02
5514.28
5516.37
5528.02
5529.82
5530.95
5531.19
5531.61
5532.15
5533.83
5537.12
5542.22
5545.16
5552.00
5556.69
5557.71
5563.18
5564.81
5566.01
5567.16
5567.28
5569.09
5569.57
5575.05
5580.85
5581.33
5582.78
5583.87
5587.07
5591.67
5592.70
5595.66
5601.96
5604.93
5605.96
5610.39
5613.37
5615.62
5616.71
5620.97
5631.50
5631.74
5632.72
5634.18
5636.13
5636.92
5640.40
5641.74
5641.99
5642.54
5643.21
5644.80
5645.83
5646.57
5647.00
5650.66
5651.95
5653.05
5657.76
5664.31
5665.54
5666.09
5666.76
5669.71
5671.49
5673.51
5673.94
5675.54
5676.40
5680.27
5680.58
5686.30
5686.85
5693.31
5695.29
5695.90
5699.54
5702.07
5703.67
5704.41
5708.80
5709.97
5710.71
5711.58
5712.07
5716.21
5716.89
5719.37
5722.15
5723.45
5724.01
5724.32
5724.51
5726.99
5727.61
5741.01
5743.55
5745.54
5748.78
5750.52
5750.89
5752.14
5755.25
5758.86
5760.17
5762.23
5764.22
5764.35
5766.97
5769.53
5773.52
5773.84
5778.02
5779.65
5782.40
5783.03
5785.84
5790.85
5792.29
5799.76
5800.13
5800.64
5804.03
5813.14
5819.12
5819.68
5821.45
5825.23
5826.05
5828.88
5829.39
5830.02
5830.71
5833.36
5835.13
5836.65
5837.03
5838.41
5841.32
5842.96
5846.63
5848.15
5849.48
5859.87
5860.19
5860.95
5861.90
5865.01
5871.93
5872.63
5884.52
5886.49
5887.26
5888.47
5890.38
5892.80
5895.04
5896.12
5898.03
5907.55
5907.81
5909.40
5915.61
5919.96
5920.86
5921.31
5923.17
5925.41
5928.81
5928.94
5929.64
5931.76
5932.60
5933.94
5945.13
5946.22
5946.48
5948.02
5949.95
5950.08
5950.21
5954.01
5958.84
5959.29
5966.13
5967.68
5968.59
5969.43
5972.33
5973.82
5974.72
5976.60
5977.25
5979.25
5983.00
5983.59
5983.85
5985.08
5987.80
5992.85
5993.76
5993.82
5994.28
6012.01
6022.23
6022.23
6023.60
6023.73
6023.93
6032.47
6039.65
6044.95
6047.44
6048.88
6051.04
6051.56
6052.67
6055.75
6057.39
6064.08
6064.28
6067.62
6069.79
6078.33
6078.66
6080.24
6080.50
6081.62
6082.81
6086.16
6089.13
6096.64
6097.30
6102.39
6103.97
6105.16
6106.48
6114.48
6116.07
6116.47
6117.79
6119.05
6119.44
6119.58
6120.17
6123.48
6123.48
6124.54
6125.14
6125.41
6127.86
6128.06
6128.92
6129.65
6135.82
6137.35
6139.21
6140.27
6144.26
6146.85
6147.32
6156.24
6159.30
6169.77
6170.04
6170.91
6171.57
6173.31
6186.01
6187.89
6190.50
6192.98
6196.53
6197.07
6205.19
6207.54
6210.90
6213.45
6213.99
6215.80
6216.68
6217.96
6218.97
6220.85
6221.59
6229.07
6236.89
6243.17
6246.55
6246.68
6247.29
6253.65
6256.15
6256.35
6264.21
6265.64
6267.19
6270.31
6271.67
6277.51
6281.18
6291.38
6291.79
6292.54
6294.24
6294.79
6295.88
6296.56
6296.83
6299.49
6299.62
6300.24
6309.51
6311.09
6314.16
6315.32
6316.62
6317.85
6319.42
6320.17
6323.46
6334.21
6337.22
6338.80
6339.28
6352.88
6354.94
6358.52
6362.71
6364.71
6364.99
6366.16
6366.43
6370.29
6371.12
6379.95
6380.64
6381.40
6384.37
6384.44
6386.51
6387.96
6391.69
6396.54
6399.10
6403.74
6404.71
6405.61
6406.51
6407.20
6409.28
6411.02
6413.24
6416.50
6418.37
6419.28
6434.02
6435.83
6437.01
6441.96
6447.96
6448.51
6449.70
6452.98
6454.94
6462.83
6464.23
6472.28
6473.19
6474.17
6475.36
6479.50
6480.55
6487.85
6492.06
6493.18
6496.77
6497.40
6500.00
6500.00
6503.45
6506.26
6510.21
6510.28
6516.83
6525.58
6526.36
6526.43
6527.28
6531.51
6532.64
6541.49
6544.60
6547.15
6554.81
6555.30
6555.80
6561.69
6562.61
6563.32
6563.61
6568.29
6568.44
6571.56
6573.34
6578.25
6578.82
6581.46
6582.03
6584.73
6586.66
6589.01
6591.15
6595.78
6598.14
6600.28
6602.14
6602.92
6607.28
6607.43
6607.43
6607.64
6615.65
6619.73
6624.11
6624.18
6628.26
6633.57
6635.08
6640.39
6642.69
6643.63
6653.05
6659.03
6660.69
6663.35
6666.53
6670.64
6670.64
6671.58
6674.54
6679.09
6684.15
6684.66
6685.02
6686.03
6686.90
6687.33
6692.69
6694.06
6699.14
6701.60
6704.21
6706.82
6708.20
6714.30
6716.12
6719.90
6727.47
6732.42
6736.06
6739.63
6743.28
6744.37
6747.59
6748.83
6756.72
6764.03
6767.18
6768.28
6776.56
6780.15
6780.96
6788.45
6789.03
6792.85
6793.88
6797.34
6799.03
6802.93
6808.97
6810.15
6812.06
6812.29
6812.95
6814.28
6819.00
6826.01
6828.08
6828.37
6830.00
6831.48
6834.80
6835.47
6836.87
6840.20
6840.43
6841.98
6842.13
6843.91
6857.69
6863.04
6864.30
6864.60
6868.46
6870.62
6875.82
6877.98
6878.43
6881.33
6882.00
6887.66
6890.94
6896.01
6896.46
6898.47
6899.52
6904.00
6905.79
6909.75
6920.53
6921.05
6922.63
6924.80
6926.52
6927.80
6929.37
6932.44
6934.92
6939.35
6939.87
6940.55
6942.58
6949.57
6949.94
6951.67
6955.36
6958.14
6958.37
6958.67
6959.95
6966.36
6971.86
6972.69
6976.54
6980.62
6986.36
6989.61
6990.74
6999.22
7004.52
7007.71
7008.39
7024.33
7026.00
7026.16
7026.54
7028.29
7028.44
7033.69
7039.40
7040.16
7047.93
7049.69
7050.22
7051.21
7057.09
7059.23
7060.60
7061.52
7066.33
7077.51
7083.71
7084.63
7087.85
7093.68
7096.68
7097.29
7098.52
7101.90
7102.21
7106.13
7108.82
7109.28
7112.74
7115.51
7118.05
7119.59
7122.83
7126.76
7128.77
7132.16
7133.01
7137.33
7140.42
7153.96
7174.50
7177.14
7177.53
7179.86
7180.32
7182.42
7188.80
7191.60
7191.99
7193.07
7196.97
7207.02
7209.05
7210.76
7211.08
7211.54
7213.96
7220.21
7222.71
7224.12
7226.38
7226.93
7227.24
7228.50
7231.86
7235.46
7240.63
7243.92
7247.60
7255.92
7265.74
7272.74
7273.76
7297.49
7309.74
7316.78
7317.89
7322.64
7325.58
7329.62
7332.79
7341.05
7350.74
7352.10
7361.41
7363.08
7370.26
7375.52
7376.80
7377.20
7378.23
7384.14
7384.30
7387.18
7390.94
7394.06
7399.58
7399.82
7401.10
7401.58
7401.74
7401.98
7408.15
7411.60
7413.36
7422.59
7427.01
7427.57
7429.83
7432.40
7433.12
7439.40
7439.48
7442.30
7444.79
7454.30
7455.51
7456.97
7463.91
7469.24
7470.21
7470.29
7472.15
7474.01
7476.27
7481.94
7490.28
7491.01
7496.36
7499.93
7502.61
7521.14
7526.19
7527.33
7527.41
7529.20
7531.89
7534.99
7535.88
7537.35
7539.07
7539.88
7542.98
7545.10
7550.58
7554.50
7556.21
7556.38
7556.79
7560.96
7561.20
7562.84
7564.80
7567.01
7567.10
7569.23
7569.55
7577.67
7582.83
7587.10
7590.30
7590.96
7600.74
7602.14
7603.37
7610.04
7610.45
7612.10
7612.34
7625.70
7626.28
7629.74
7632.80
7633.95
7638.83
7639.24
7640.65
7650.99
7655.05
7677.27
7679.27
7679.60
7686.58
7687.58
7687.58
7692.49
7701.32
7705.57
7712.41
7719.25
7722.09
7722.26
7725.94
7729.70
7730.87
7731.29
7732.46
7736.56
7738.07
7740.41
7742.26
7752.48
7763.90
7765.41
7766.59
7770.54
7771.97
7780.80
7781.14
7781.22
7789.90
7790.83
7792.43
7793.78
7799.51
7800.27
7807.87
7811.93
7812.86
7816.58
7826.14
7827.16
7839.11
7846.75
7850.82
7853.20
7854.39
7858.39
7859.58
7861.53
7865.62
7867.23
7867.23
7869.28
7870.13
7873.19
7880.18
7883.08
7902.55
7907.69
7913.68
7922.16
7924.39
7924.90
7926.36
7929.53
7931.51
7936.83
7939.66
7941.90
7945.25
7952.13
7954.97
7957.04
7960.48
7960.57
7967.03
7977.03
7984.37
7987.74
7999.42
8001.15
8007.65
8011.63
8018.40
8019.09
8020.13
8021.87
8029.51
8053.78
8055.00
8057.88
8060.41
8060.58
8061.72
8070.10
8076.91
8085.39
8089.59
8097.39
8110.54
8115.10
8123.01
8123.36
8124.59
8124.94
8127.76
8135.41
8135.85
8138.84
8145.27
8145.36
8150.21
8150.48
8151.71
8155.42
8164.24
8175.29
8190.88
8191.50
8202.14
8205.96
8206.58
8208.18
8211.82
8215.73
8219.64
8225.69
8227.74
8234.51
8246.99
8252.43
8262.62
8265.03
8269.24
8273.62
8275.06
8280.79
8290.56
8295.32
8303.13
8303.85
8308.07
8308.97
8311.31
8316.34
8321.02
8324.90
8327.78
8329.67
8330.30
8330.30
8333.82
8334.09
8336.34
8341.85
8349.52
8359.29
8365.98
8366.16
8371.05
8382.20
8384.10
8386.28
8392.45
8404.90
8416.19
8421.11
8425.30
8428.13
8432.96
8433.96
8434.69
8436.61
8438.44
8445.47
8451.87
8452.42
8465.96
8471.64
8476.50
8476.60
8484.95
8485.50
8497.72
8499.00
8501.12
8501.12
8502.50
8506.82
8510.14
8514.19
8518.15
8524.97
8527.47
8527.56
8530.51
8533.10
8536.51
8540.30
8543.72
8549.36
8558.80
8567.14
8567.32
8569.18
8569.83
8571.96
8578.92
8581.61
8589.14
8599.27
8600.11
8603.65
8614.64
8617.15
8631.90
8632.93
8637.60
8646.95
8650.22
8658.56
8660.06
8660.15
8665.68
8666.71
8669.15
8671.68
8672.81
8675.16
8696.86
8697.71
8707.60
8713.91
8714.67
8715.52
8722.78
8731.85
8734.87
8738.08
8743.66
8753.03
8753.51
8756.16
8762.79
8775.41
8778.64
8785.29
8786.81
8790.62
8803.47
8804.90
8815.29
8815.86
8817.29
8818.53
8828.46
8841.46
8843.76
8855.15
8867.13
8870.40
8880.10
8880.67
8881.73
8882.21
8886.92
8891.73
8899.91
8903.18
8911.38
8913.98
8915.43
8928.85
8936.29
8938.12
8938.51
8939.38
8948.67
8949.74
8955.55
8956.03
8981.65
8992.06
8995.46
8996.73
8999.65
9001.11
9004.13
9010.46
9021.10
9022.27
9026.66
9041.23
9045.82
9046.61
9049.54
9051.99
9056.01
9063.56
9071.99
9080.54
9081.91
9085.35
9085.65
9087.91
9106.32
9107.79
9110.75
9112.62
9114.40
9137.60
9139.28
9153.73
9169.39
9172.37
9173.07
9179.92
9179.92
9185.28
9193.24
9195.62
9203.09
9203.09
9206.38
9210.36
9217.34
9219.73
9224.72
9227.82
9230.01
9232.81
9232.91
9233.31
9238.61
9250.41
9256.72
9257.12
9258.12
9265.13
9272.45
9294.15
9296.36
9304.82
9312.67
9315.39
9321.85
9323.26
9333.45
9337.49
9347.70
9349.72
9350.13
9362.28
9363.90
9377.79
9382.56
9387.13
9394.75
9395.05
9414.39
9432.54
9438.56
9443.36
9444.79
9447.65
9450.92
9469.86
9487.09
9491.09
9493.87
9510.01
9510.52
9513.30
9515.88
9517.32
9524.32
9524.84
9525.76
9534.22
9535.77
9536.90
9537.21
9543.82
9548.05
9558.91
9564.80
9572.67
9576.19
9580.75
9588.74
9593.10
9600.26
9600.47
9607.43
9620.43
9627.93
9628.35
9633.14
9640.96
9641.28
9669.90
9692.42
9703.12
9750.69
9759.88
9760.62
9767.27
9779.54
9780.07
9789.60
9797.97
9798.92
9818.13
9821.10
9825.36
9826.10
9831.63
9832.59
9834.93
9837.91
9869.15
9881.01
9895.88
9897.27
9897.81
9901.66
9901.98
9909.59
9919.89
9922.47
9927.62
9930.41
9933.75
9933.75
9947.51
9954.40
9961.08
9969.28
9978.45
9978.56
9986.01
9989.69
10022.06
10025.96
10035.73
10044.96
10055.29
10065.09
10069.99
10075.11
10079.04
10088.31
10089.18
10097.05
10099.01
10102.07
10136.01
10139.31
10166.11
10169.96
10172.60
10183.50
10191.22
10195.85
10209.87
10223.25
10223.80
10224.24
10226.68
10227.78
10243.73
10258.59
10267.14
10271.59
10295.40
10299.07
10300.41
10301.08
10319.82
10323.17
10332.89
10338.37
10342.74
10352.14
10352.25
10362.00
10366.49
10369.18
10369.97
10371.09
10373.89
10383.33
10401.88
10412.24
10414.49
10439.99
10446.66
10457.74
10460.57
10463.06
10468.95
10472.69
10488.68
10491.63
10497.19
10510.37
10516.29
10521.18
10522.09
10526.76
10535.76
10542.15
10554.59
10567.73
10570.02
10578.14
10578.26
10586.16
10590.62
10599.34
10613.57
10619.77
10621.49
10628.97
10642.20
10651.42
10657.64
10665.25
10675.99
10688.82
10702.01
10704.44
10706.41
10710.24
10713.25
10731.70
10739.25
10745.87
10746.57
10764.61
10767.52
10769.27
10777.66
10782.44
10785.59
10796.33
10798.55
10811.41
10813.05
10821.36
10830.73
10831.32
10833.90
10843.75
10855.02
10868.88
10871.83
10872.18
10886.42
10893.14
10896.67
10903.16
10910.12
10927.13
10941.57
10951.52
10951.87
10977.85
10979.16
10992.59
10993.31
11001.16
11008.42
11016.76
11018.43
11020.22
11044.57
11084.92
11089.23
11092.95
11095.24
11095.84
11098.24
11102.32
11103.28
11118.55
11123.36
11131.31
11131.79
11132.27
11137.69
11152.41
11159.29
11181.52
11183.10
11195.20
11224.31
11233.18
11258.98
11267.75
11295.83
11299.00
11301.82
11302.06
11317.36
11321.89
11328.02
11343.59
11353.29
11359.19
11363.74
11367.67
11370.87
11395.38
11405.25
11406.85
11408.46
11419.70
11425.26
11437.26
11440.35
11443.32
11449.51
11459.80
11459.92
11468.48
11477.42
11509.88
11514.74
11519.72
11520.09
11526.33
11537.31
11596.00
11600.52
11607.43
11608.81
11616.35
11623.89
11643.02
11648.19
11656.89
11672.92
11682.52
11688.71
11700.61
11701.24
11706.69
11716.70
11741.19
11744.11
11774.90
11777.07
11778.34
11796.07
11815.10
11822.26
11870.20
11886.78
11900.94
11911.63
11914.46
11920.40
11929.94
11930.46
11933.69
11939.89
11948.03
11951.26
11964.33
11967.05
11986.74
11993.75
12002.71
12006.47
12006.86
12007.25
12023.76
12025.33
12035.09
12044.21
12070.30
12078.01
12088.99
12090.82
12106.27
12109.93
12118.98
12132.49
12138.79
12149.17
12171.15
12185.51
12195.27
12204.11
12219.97
12243.92
12245.78
12248.83
12249.75
12286.39
12289.45
12293.31
12295.43
12295.43
12298.49
12301.95
12302.75
12305.42
12313.94
12328.87
12328.87
12332.21
12367.35
12372.03
12387.84
12413.73
12418.17
12429.46
12432.55
12439.55
12440.63
12442.24
12460.83
12462.72
12496.21
12527.75
12531.82
12543.89
12551.22
12554.89
12574.87
12582.63
12583.72
12590.53
12598.30
12605.52
12606.89
12607.30
12609.21
12636.79
12649.11
12682.13
12717.17
12769.01
12770.67
12775.65
12788.51
12797.37
12814.55
12819.40
12831.06
12835.50
12841.89
12845.64
12859.97
12891.17
12920.36
12939.52
12943.02
12966.29
12977.80
12986.09
13007.04
13025.07
13030.71
13036.49
13055.40
13075.19
13093.60
13106.07
13114.72
13126.79
13134.75
13145.12
13196.28
13213.71
13232.46
13250.08
13269.30
13299.92
13306.11
13306.97
13310.28
13318.64
13345.18
13365.70
13366.13
13366.42
13390.45
13408.72
13448.68
13455.52
13462.80
13492.55
13493.57
13499.55
13505.11
13530.56
13539.20
13554.44
13555.03
13567.35
13577.78
13583.07
13594.09
13623.10
13626.64
13629.74
13648.92
13651.73
13659.41
13660.59
13692.11
13721.33
13721.33
13742.13
13746.29
13795.76
13796.21
13807.71
13814.28
13818.62
13838.81
13847.95
13861.29
13883.51
13886.21
13923.52
13926.84
13928.95
13928.95
13948.70
13950.97
13963.80
14008.44
14014.51
14014.96
14023.00
14048.36
14055.97
14069.05
14072.86
14134.20
14151.49
14152.56
14159.76
14161.45
14169.42
14176.01
14176.63
14178.47
14198.42
14216.87
14230.11
14247.21
14249.06
14260.16
14289.97
14296.00
14319.22
14341.08
14348.07
14357.08
14384.13
14386.46
14391.76
14444.64
14457.15
14464.97
14509.18
14516.71
14524.88
14537.15
14559.18
14581.89
14660.67
14714.54
14720.91
14723.46
14734.78
14743.07
14749.13
14763.34
14766.22
14767.17
14790.68
14800.45
14805.57
14806.21
14840.69
14866.57
14912.00
14974.08
14991.59
15000.52
15034.64
15052.71
15057.43
15083.85
15085.80
15106.22
15186.69
15190.30
15221.07
15239.52
15277.17
15334.80
15369.51
15375.50
15380.82
15396.14
15409.81
15413.31
15446.20
15509.50
15567.50
15570.03
15584.19
15602.75
15627.92
15631.98
15827.01
15834.72
15839.86
15869.37
15960.29
15969.79
16017.72
16067.37
16104.44
16107.75
16108.62
16116.81
16143.52
16150.68
16186.19
16198.81
16223.01
16258.15
16282.98
16310.31
16378.75
16386.72
16409.43
16424.89
16433.42
16516.84
16555.67
16593.87
16609.14
16649.08
16666.56
16680.09
16681.72
16699.23
16761.32
16767.85
16793.09
16828.92
16892.04
16951.18
17016.04
17033.54
17079.13
17126.68
17137.06
17142.07
17163.23
17181.07
17189.99
17219.59
17229.65
17267.16
17273.70
17293.90
17396.18
17399.95
17420.86
17437.45
17488.84
17491.49
17522.94
17535.46
17595.13
17608.08
17609.03
17639.35
17670.30
17696.90
17720.27
17789.81
17851.51
17882.44
17964.67
18002.22
18011.38
18058.02
18069.35
18138.89
18191.56
18194.32
18205.94
18214.02
18242.61
18244.00
18339.39
18369.38
18501.62
18537.49
18539.70
18546.72
18589.31
18596.96
18602.39
18699.05
18733.68
18766.54
18792.55
18805.98
18878.55
18888.36
18955.72
19001.51
19021.26
19066.18
19078.35
19106.03
19118.02
19145.56
19168.36
19174.58
19258.37
19272.54
19287.56
19288.19
19291.53
19295.08
19369.12
19375.62
19412.34
19464.50
19491.48
19591.49
19591.70
19595.51
19601.03
19609.51
19661.14
19771.43
19820.69
19859.55
19862.98
19888.36
19933.17
19946.76
20069.72
20086.89
20181.65
20321.23
20345.43
20373.18
20375.39
20540.07
20544.07
20597.71
20769.13
20820.43
20835.08
20908.02
20934.28
20957.62
21070.17
21119.70
21205.79
21410.28
21492.45
21516.41
21658.42
21686.09
21903.99
21908.73
21929.60
21970.45
21971.87
21993.28
22057.38
22062.64
22246.01
22356.28
22468.80
22530.39
22605.60
22635.95
22688.66
22736.09
22739.54
22900.77
22946.90
22952.61
22966.28
23059.15
23128.36
23180.22
23334.48
23348.62
23392.36
23417.18
23566.89
23763.54
23901.75
24059.51
24275.49
24406.65
24440.21
24464.55
24478.05
24484.41
24502.96
24593.27
24954.05
25129.90
25308.90
25864.78
25925.02
25944.10
26040.00
26108.55
26153.50
26193.72
26207.89
26237.68
26400.00
26652.85
26896.49
26993.86
27473.56
27518.78
27724.99
27925.80
28043.28
28811.57
29323.57
29959.52
30580.14
30793.63
31200.10
31608.86
32229.45
32469.21
34459.32
36413.46
38831.84
43206.86
