# smm_align_hmm_flank -blr -hmm /home/projects/mniel/BPeters_ClassII_Benchmark/NN-align/data_20112009/class_II_random_split_5cv/HLA-DRB10404/gibbsmat/3.gibbs.avemat -la 0.02 -p1a -m f003.la.sp.mat.21 -s 21 -ft /home/projects/mniel/BPeters_ClassII_Benchmark/data_20112009/class_II_random_split_5cv//HLA-DRB10404_test_random_3.txt.log50k -cc -fl 3 -- 
# WHMM 0.0387 0.0658 0.0114 0.0862 0.0065 0.0510 0.0657 0.0254 0.1412
# E 0.025328
# DR 0.028233
# FCC 0.764561
# T 0.000001
# NT 20
# ITR 2500

Last position-specific scoring matrix computed       
            A       R       N       D       C       Q       E       G       H       I       L       K       M       F       P       S       T       W       Y       V 
  0 A  -0.012   0.041   0.017  -0.067   0.007  -0.030   0.033  -0.062   0.026   0.029   0.058   0.001  -0.047   0.001   0.000  -0.018  -0.017  -0.034  -0.013   0.087 
  1 A  -0.167  -0.131  -0.145  -0.183  -0.133  -0.195  -0.178  -0.224  -0.099   0.182   0.138  -0.135   0.075   0.233  -0.206  -0.138  -0.131   0.169   0.123   0.159 
  2 A  -0.106   0.011   0.018  -0.029  -0.084   0.018  -0.021  -0.052   0.059   0.057   0.054   0.071   0.089  -0.113  -0.067   0.063   0.054  -0.060  -0.137   0.010 
  3 A   0.109   0.042  -0.023  -0.089  -0.063   0.039  -0.103   0.091  -0.064   0.031   0.098  -0.119  -0.043  -0.061  -0.060   0.036   0.040   0.019   0.081   0.008 
  4 A  -0.082  -0.191  -0.143  -0.020  -0.053  -0.058  -0.033  -0.225  -0.206   0.149   0.205  -0.081   0.216   0.207  -0.206   0.008  -0.003  -0.102  -0.000  -0.074 
  5 A   0.067   0.020  -0.027  -0.088   0.052  -0.023   0.033   0.045  -0.048   0.019  -0.024  -0.019   0.015  -0.038   0.005  -0.019   0.043   0.004  -0.049   0.009 
  6 A   0.087   0.005   0.202   0.026  -0.154   0.006  -0.101  -0.002  -0.103  -0.032  -0.024  -0.052   0.018  -0.142   0.070   0.081  -0.055  -0.134  -0.015  -0.026 
  7 A   0.035   0.015   0.019  -0.049  -0.210   0.058  -0.071  -0.167  -0.172   0.079   0.109   0.007   0.055  -0.024   0.047  -0.023  -0.023  -0.054  -0.048   0.119 
  8 A   0.020  -0.031   0.015   0.082  -0.186  -0.009   0.014  -0.124   0.006  -0.024   0.072   0.028   0.049  -0.017   0.051   0.014   0.001   0.008  -0.035   0.009 
  9 A   0.016  -0.011   0.150  -0.035  -0.422  -0.160  -0.141   0.067   0.108  -0.130  -0.026  -0.117   0.061  -0.128   0.083   0.176   0.202  -0.020  -0.149   0.042 
 10 A   0.037   0.005  -0.028  -0.018  -0.066   0.007  -0.020   0.042   0.016   0.029   0.004  -0.003  -0.002   0.041   0.022  -0.008   0.052  -0.076   0.020  -0.057 
