# smm_align_hmm_flank -blr -hmm /home/projects/mniel/BPeters_ClassII_Benchmark/NN-align/data_20112009/class_II_random_split_5cv/HLA-DRB10401/gibbsmat/2.gibbs.avemat -la 0.02 -p1a -m f002.la.sp.mat.18 -s 18 -ft /home/projects/mniel/BPeters_ClassII_Benchmark/data_20112009/class_II_random_split_5cv//HLA-DRB10401_test_random_2.txt.log50k -cc -fl 3 -- 
# WHMM 0.0238 0.0180 0.0568 0.0621 0.0065 0.0745 0.0497 0.0851 0.0076
# E 0.036960
# DR 0.028233
# FCC 0.613049
# T 0.000001
# NT 20
# ITR 2500

Last position-specific scoring matrix computed       
            A       R       N       D       C       Q       E       G       H       I       L       K       M       F       P       S       T       W       Y       V 
  0 A   0.043   0.127   0.004  -0.027  -0.072  -0.068   0.020  -0.021   0.001   0.000   0.073   0.035  -0.044   0.003  -0.022   0.001   0.018  -0.057  -0.023   0.009 
  1 A  -0.094  -0.127  -0.109  -0.101  -0.148  -0.073  -0.144  -0.114  -0.061   0.117   0.151  -0.186   0.059   0.226  -0.128  -0.098  -0.091   0.099   0.213   0.038 
  2 A  -0.032   0.018  -0.007  -0.037   0.019   0.056  -0.075   0.019   0.008   0.008   0.060   0.016   0.061   0.045  -0.057  -0.034  -0.040  -0.106  -0.041   0.050 
  3 A   0.057   0.021   0.032  -0.062  -0.072   0.065  -0.015  -0.037   0.005  -0.052   0.061   0.032  -0.059  -0.110   0.019   0.084   0.065  -0.018  -0.086  -0.029 
  4 A   0.004  -0.195  -0.053   0.077  -0.111   0.040   0.028  -0.009  -0.096   0.114   0.061  -0.144   0.153   0.081  -0.078   0.005   0.005  -0.177   0.007  -0.023 
  5 A  -0.043   0.057  -0.026   0.015  -0.013  -0.010   0.022  -0.015  -0.094  -0.010   0.032   0.085  -0.031  -0.017  -0.014   0.026   0.045  -0.055  -0.009   0.048 
  6 A   0.098  -0.168   0.198   0.019  -0.151  -0.125  -0.104   0.035  -0.100   0.055  -0.076  -0.120  -0.077  -0.207   0.132   0.175   0.151  -0.083  -0.126   0.007 
  7 A   0.075  -0.024   0.120  -0.057  -0.146  -0.034  -0.022  -0.074  -0.052   0.028   0.066  -0.041  -0.042   0.031   0.007   0.014   0.003   0.002   0.041   0.065 
  8 A   0.088   0.016   0.019  -0.115  -0.122  -0.109  -0.025  -0.039  -0.002  -0.060   0.085   0.087   0.028   0.038   0.049   0.049   0.071  -0.000  -0.084  -0.016 
  9 A   0.092   0.041   0.022  -0.060  -0.056   0.051  -0.064  -0.005   0.020  -0.007  -0.012  -0.073   0.039   0.009  -0.038   0.059  -0.014  -0.033  -0.019   0.030 
 10 A   0.062   0.065   0.057  -0.044  -0.056   0.008  -0.042  -0.006  -0.026  -0.066   0.054   0.047  -0.029   0.009  -0.034  -0.039   0.044   0.038  -0.048   0.007 
