# smm_align_hmm_flank -blr -hmm /home/projects/mniel/BPeters_ClassII_Benchmark/NN-align/data_20112009/class_II_random_split_5cv/HLA-DPA10301-DPB10402/gibbsmat/0.gibbs.avemat -la 0.02 -p1a -m f000.la.sp.mat.25 -s 25 -ft /home/projects/mniel/BPeters_ClassII_Benchmark/data_20112009/class_II_random_split_5cv//HLA-DPA10301-DPB10402_test_random_0.txt.log50k -cc -fl 3 -- 
# WHMM 0.0059 0.0237 0.0029 0.0007 0.0475 0.0475 0.0501 0.0009 0.0014
# E 0.019678
# DR 0.034508
# FCC 0.894673
# T 0.000001
# NT 20
# ITR 2500

Last position-specific scoring matrix computed       
            A       R       N       D       C       Q       E       G       H       I       L       K       M       F       P       S       T       W       Y       V 
  0 A   0.018   0.019  -0.035   0.036  -0.078  -0.034  -0.004  -0.000  -0.044   0.026   0.047   0.085  -0.066   0.052  -0.016  -0.030   0.016   0.014  -0.044   0.039 
  1 A  -0.111  -0.055  -0.033  -0.079  -0.045  -0.017  -0.037  -0.045  -0.033   0.026   0.161  -0.053   0.017   0.203  -0.088  -0.050  -0.086   0.054   0.032   0.103 
  2 A   0.053  -0.044   0.014   0.010  -0.084  -0.056  -0.003  -0.182  -0.102   0.107   0.060  -0.029  -0.026   0.113  -0.042   0.006  -0.003   0.014   0.088  -0.023 
  3 A   0.026   0.008   0.035  -0.017  -0.027  -0.059   0.021  -0.011  -0.020   0.032   0.104   0.004  -0.036  -0.027  -0.081   0.010   0.036  -0.018   0.014  -0.005 
  4 A  -0.009  -0.052  -0.067   0.021  -0.063   0.050   0.014  -0.004   0.010   0.060   0.011  -0.071   0.035  -0.059   0.051   0.047   0.057   0.019  -0.042  -0.011 
  5 A  -0.035   0.005  -0.005  -0.011  -0.115   0.041  -0.032  -0.037  -0.065   0.027   0.066  -0.076  -0.113   0.024  -0.059   0.043   0.100  -0.041   0.063   0.101 
  6 A  -0.040  -0.021   0.006  -0.148  -0.103   0.042  -0.079  -0.035  -0.040   0.098   0.107  -0.032   0.030   0.190  -0.040  -0.055  -0.019   0.011   0.033  -0.065 
  7 A  -0.029  -0.184  -0.100  -0.131   0.002  -0.066   0.128  -0.002  -0.070   0.138   0.177  -0.009  -0.093   0.080  -0.095   0.006  -0.061  -0.004  -0.021   0.015 
  8 A   0.021   0.017   0.032  -0.001  -0.073  -0.009   0.020  -0.087   0.006  -0.015   0.144   0.009   0.030  -0.077   0.058   0.004   0.017  -0.034   0.008  -0.072 
  9 A   0.027   0.031   0.017  -0.035  -0.030  -0.023  -0.022  -0.097   0.029   0.077   0.133  -0.003  -0.046  -0.006  -0.083   0.015   0.017  -0.047  -0.061   0.099 
 10 A   0.053   0.028  -0.062   0.031  -0.029  -0.069   0.039   0.005  -0.029   0.028  -0.001   0.003   0.008   0.037  -0.082   0.068  -0.010  -0.046   0.008   0.022 
