# smm_align_hmm_flank -blr -hmm /home/projects/mniel/BPeters_ClassII_Benchmark/NN-align/nooverlap-3/HLA-DPA10301-DPB10402/gibbsmat/2.gibbs.avemat -bl -la 0.02 -p1a -m f002.la.bl.mat.14 -s 14 -ft /home/projects/mniel/BPeters_ClassII_Benchmark/class_II_nooverlap_core_5cv-3//HLA-DPA10301-DPB10402_test_nooverlap_2.txt.log50k -cc -fl 3 -- 
# WHMM 0.0002 0.0368 0.0177 0.0137 0.0029 0.0311 0.0281 0.0155 0.0285
# E 0.015622
# DR 0.018900
# FCC 0.919939
# T 0.000001
# NT 20
# ITR 2500

Last position-specific scoring matrix computed       
            A       R       N       D       C       Q       E       G       H       I       L       K       M       F       P       S       T       W       Y       V 
  0 A   0.011   0.051  -0.021  -0.014  -0.019  -0.032   0.035  -0.035  -0.014  -0.046   0.009   0.032   0.021   0.016  -0.001  -0.016   0.031  -0.002   0.015  -0.020 
  1 A  -0.052  -0.053  -0.104  -0.110  -0.010  -0.096  -0.076  -0.088  -0.066   0.095   0.121  -0.085   0.078   0.198  -0.072  -0.082  -0.040   0.093   0.099   0.062 
  2 A   0.007   0.024  -0.019  -0.015  -0.047  -0.031  -0.021  -0.093  -0.013   0.054   0.014   0.028   0.080   0.136  -0.063  -0.006  -0.020  -0.053   0.084   0.031 
  3 A   0.068  -0.042  -0.025  -0.045  -0.087   0.025   0.007  -0.071   0.075   0.063   0.121   0.009   0.138   0.087  -0.089   0.037   0.006  -0.037   0.101   0.053 
  4 A   0.001  -0.070  -0.038  -0.050   0.067  -0.012   0.020  -0.083  -0.105   0.010   0.086  -0.097   0.062   0.101  -0.031   0.038   0.066   0.079   0.003   0.015 
  5 A  -0.006  -0.000   0.001   0.002  -0.109   0.008  -0.053   0.023  -0.004   0.009   0.006   0.010   0.058  -0.006   0.031   0.061  -0.002   0.074   0.043   0.002 
  6 A  -0.023  -0.163  -0.065  -0.155  -0.099  -0.033  -0.163  -0.025  -0.182   0.135   0.153  -0.101   0.066   0.207  -0.141  -0.056  -0.030   0.108   0.006   0.070 
  7 A  -0.016   0.016  -0.037  -0.029  -0.033   0.005   0.098  -0.051   0.054  -0.000   0.074  -0.005   0.053   0.063  -0.119  -0.031  -0.037  -0.090   0.012  -0.002 
  8 A  -0.061   0.040   0.002   0.037  -0.108   0.010   0.006  -0.278   0.049   0.112   0.134   0.043   0.119  -0.003   0.058   0.003   0.044  -0.078   0.020   0.087 
  9 A  -0.010   0.004   0.010  -0.044  -0.019  -0.016  -0.039  -0.083  -0.004   0.131   0.192  -0.003   0.196  -0.002  -0.015   0.014   0.056  -0.143  -0.048   0.085 
 10 A   0.030   0.007  -0.011  -0.014  -0.060   0.029  -0.037  -0.041   0.026   0.005   0.013  -0.019  -0.001   0.043  -0.045   0.042   0.032  -0.003   0.019  -0.017 
