# smm_align_hmm_flank -blr -hmm /home/projects/mniel/BPeters_ClassII_Benchmark/NN-align/nooverlap-3/HLA-DQA10301-DQB10302/gibbsmat/2.gibbs.avemat -la 0.02 -m f002.la.sp.mat.16 -s 16 -ft /home/projects/mniel/BPeters_ClassII_Benchmark/class_II_nooverlap_core_5cv-3//HLA-DQA10301-DQB10302_test_nooverlap_2.txt.log50k -cc -fl 3 -- 
# WHMM 0.0013 0.0677 0.0133 0.0011 0.0013 0.0021 0.0784 0.0359 0.0212
# E 0.014164
# DR 0.028233
# FCC 0.721884
# T 0.000001
# NT 20
# ITR 2500

Last position-specific scoring matrix computed       
            A       R       N       D       C       Q       E       G       H       I       L       K       M       F       P       S       T       W       Y       V 
  0 A  -0.026   0.005   0.033   0.040   0.018   0.005   0.003  -0.016   0.036  -0.027   0.012  -0.045   0.014  -0.045  -0.021  -0.038  -0.001  -0.023   0.013   0.062 
  1 A   0.030  -0.017   0.078   0.046  -0.045   0.012   0.062  -0.023   0.001   0.014   0.019  -0.097  -0.064  -0.007   0.025   0.035  -0.028  -0.061   0.004   0.009 
  2 A   0.049  -0.047  -0.008   0.066  -0.140  -0.024   0.105   0.077  -0.055  -0.076  -0.126   0.015  -0.111   0.031  -0.051  -0.128  -0.035   0.098   0.051  -0.043 
  3 A   0.102  -0.014  -0.037   0.027  -0.018   0.005  -0.015   0.026  -0.032   0.017   0.054  -0.026  -0.013  -0.075  -0.018   0.039  -0.060  -0.043  -0.040   0.020 
  4 A   0.046  -0.000   0.001  -0.021  -0.024  -0.016   0.016   0.019  -0.050   0.025  -0.035  -0.012  -0.001   0.038  -0.039  -0.028   0.044  -0.025   0.015   0.040 
  5 A   0.006   0.042   0.001  -0.035  -0.029   0.013   0.023   0.006  -0.010   0.070   0.055  -0.043  -0.009  -0.037   0.005   0.018  -0.004  -0.082  -0.045   0.044 
  6 A   0.085  -0.035   0.028  -0.021  -0.022  -0.045  -0.028  -0.001  -0.010   0.046   0.049  -0.047  -0.051   0.026  -0.046   0.089  -0.013  -0.024  -0.040   0.044 
  7 A   0.078  -0.098  -0.144   0.031  -0.109   0.075   0.071  -0.124  -0.084  -0.033  -0.068  -0.158  -0.031   0.107   0.028  -0.064   0.040  -0.069   0.048  -0.058 
  8 A   0.040  -0.053  -0.044  -0.010  -0.043   0.003   0.130  -0.021  -0.086   0.025   0.035  -0.075  -0.074   0.026  -0.074   0.031   0.005  -0.049  -0.071   0.069 
  9 A   0.031  -0.043  -0.012   0.061   0.030   0.007   0.155  -0.003  -0.085  -0.046   0.031  -0.039  -0.116  -0.064   0.020  -0.005  -0.037  -0.045  -0.002  -0.006 
 10 A   0.026   0.004   0.030  -0.024  -0.053  -0.022   0.000  -0.001   0.031   0.017   0.010  -0.022   0.010  -0.012  -0.008  -0.051   0.025   0.018  -0.020   0.040 
