# smm_align_hmm_flank -blr -hmm /home/projects/mniel/BPeters_ClassII_Benchmark/NN-align/data_20112009/class_II_random_split_5cv/HLA-DPA101-DPB10401/gibbsmat/2.gibbs.avemat -la 0.02 -p1a -m f002.la.sp.mat.22 -s 22 -ft /home/projects/mniel/BPeters_ClassII_Benchmark/data_20112009/class_II_random_split_5cv//HLA-DPA101-DPB10401_test_random_2.txt.log50k -cc -fl 3 -- 
# WHMM 0.0254 0.0194 0.0117 0.0333 0.0425 0.1055 0.0451 0.0198 0.0049
# E 0.016318
# DR 0.028233
# FCC 0.932538
# T 0.000001
# NT 20
# ITR 2500

Last position-specific scoring matrix computed       
            A       R       N       D       C       Q       E       G       H       I       L       K       M       F       P       S       T       W       Y       V 
  0 A   0.027  -0.019   0.006  -0.007  -0.047  -0.045  -0.027   0.040  -0.009   0.015   0.038  -0.001  -0.057  -0.006   0.005   0.066  -0.010  -0.027   0.047   0.012 
  1 A  -0.092  -0.092  -0.124  -0.112  -0.133  -0.142  -0.119  -0.112  -0.059   0.059   0.123  -0.114   0.049   0.240  -0.138  -0.104  -0.093   0.117   0.161   0.041 
  2 A   0.028  -0.021  -0.022  -0.048  -0.015   0.023   0.024  -0.064  -0.059  -0.032   0.058  -0.027   0.031  -0.014  -0.065   0.031  -0.039   0.056   0.040   0.046 
  3 A   0.029   0.013  -0.049  -0.036  -0.049  -0.068  -0.017   0.051  -0.001  -0.018  -0.002   0.011   0.002  -0.023  -0.046  -0.039   0.033   0.094   0.028   0.047 
  4 A   0.012  -0.079   0.043  -0.016  -0.035  -0.042   0.059  -0.034   0.026   0.048  -0.020  -0.081  -0.083  -0.031  -0.032   0.098   0.103  -0.025  -0.103   0.040 
  5 A  -0.028   0.062   0.004  -0.053  -0.001   0.036  -0.016  -0.031  -0.022  -0.004   0.024  -0.027  -0.158   0.092   0.006   0.007   0.002   0.092   0.016  -0.009 
  6 A  -0.025  -0.108  -0.217  -0.244  -0.179   0.052  -0.050  -0.012  -0.115  -0.002   0.092  -0.078  -0.072   0.340  -0.203  -0.053  -0.100   0.154   0.202  -0.142 
  7 A  -0.021  -0.092  -0.022  -0.097  -0.014  -0.027   0.060  -0.058  -0.078   0.028   0.140  -0.059   0.008  -0.037   0.001  -0.019  -0.073   0.023   0.081   0.021 
  8 A  -0.017   0.025  -0.070  -0.024  -0.050  -0.010   0.020  -0.028   0.035  -0.036   0.050   0.037   0.059  -0.065   0.042  -0.000   0.026  -0.024  -0.057  -0.024 
  9 A   0.045   0.001  -0.012  -0.033  -0.042  -0.051   0.024  -0.040  -0.016   0.129   0.107  -0.067  -0.015   0.007  -0.026  -0.013  -0.063  -0.056  -0.024   0.105 
 10 A   0.007  -0.005  -0.024   0.040  -0.030   0.010   0.029   0.017   0.018  -0.010   0.070  -0.065  -0.027  -0.015  -0.004   0.013   0.011  -0.031   0.009  -0.012 
