# smm_align_hmm_flank -blr -hmm /home/projects/mniel/BPeters_ClassII_Benchmark/NN-align/data_20112009/class_II_random_split_5cv/HLA-DPA101-DPB10401/gibbsmat/3.gibbs.avemat -bl -la 0.02 -p1a -m f003.la.bl.mat.19 -s 19 -ft /home/projects/mniel/BPeters_ClassII_Benchmark/data_20112009/class_II_random_split_5cv//HLA-DPA101-DPB10401_test_random_3.txt.log50k -cc -fl 3 -- 
# WHMM 0.0002 0.0469 0.0190 0.0374 0.0192 0.0485 0.0403 0.0369 0.0167
# E 0.017223
# DR 0.018900
# FCC 0.927214
# T 0.000001
# NT 20
# ITR 2500

Last position-specific scoring matrix computed       
            A       R       N       D       C       Q       E       G       H       I       L       K       M       F       P       S       T       W       Y       V 
  0 A  -0.009   0.029  -0.023   0.013   0.027  -0.044   0.003   0.022  -0.053  -0.016  -0.044   0.022   0.050   0.043  -0.008  -0.021  -0.003   0.007   0.006   0.001 
  1 A  -0.041  -0.047  -0.095  -0.162  -0.011  -0.121  -0.143  -0.053  -0.007   0.119   0.105  -0.095   0.089   0.215  -0.134  -0.085  -0.041   0.170   0.199   0.093 
  2 A   0.052   0.036  -0.027  -0.073  -0.125   0.094   0.011  -0.097  -0.006   0.038   0.050   0.051   0.094   0.164  -0.147   0.023  -0.029   0.045   0.125   0.051 
  3 A   0.040  -0.015  -0.133  -0.115  -0.024  -0.071  -0.039   0.061  -0.014  -0.031   0.048  -0.091   0.040   0.093  -0.126  -0.025  -0.001   0.145   0.080  -0.003 
  4 A   0.031  -0.067   0.068   0.063  -0.003   0.013   0.079  -0.064   0.071  -0.093  -0.094  -0.031  -0.098   0.063   0.025   0.102   0.130  -0.025  -0.012  -0.095 
  5 A  -0.078   0.085   0.001  -0.065  -0.061   0.029  -0.058  -0.040   0.049  -0.009  -0.002   0.034  -0.010   0.075  -0.017  -0.036   0.026   0.049   0.135  -0.014 
  6 A  -0.110  -0.235  -0.201  -0.116  -0.057  -0.011  -0.154  -0.069  -0.168   0.060   0.081  -0.158  -0.050   0.263  -0.028  -0.140  -0.129   0.063   0.153  -0.012 
  7 A   0.016  -0.105   0.003  -0.078  -0.064   0.039   0.036  -0.068  -0.063   0.030   0.101  -0.014   0.037  -0.012   0.009  -0.020   0.022   0.031  -0.053   0.030 
  8 A   0.020   0.034  -0.067  -0.079  -0.012   0.025   0.016  -0.115   0.035  -0.000   0.018   0.007   0.020   0.020   0.054   0.075   0.019   0.001   0.033   0.002 
  9 A  -0.013  -0.005  -0.053  -0.071  -0.165  -0.020  -0.029  -0.045   0.078   0.119   0.162  -0.059   0.113   0.040  -0.053  -0.064   0.005  -0.017   0.031   0.109 
 10 A   0.020   0.034  -0.031   0.038  -0.040   0.039  -0.009  -0.045  -0.007   0.048   0.001  -0.044  -0.025  -0.003   0.002   0.021  -0.007   0.060  -0.058   0.004 
