# smm_align_hmm_flank -blr -hmm /home/projects/mniel/BPeters_ClassII_Benchmark/NN-align/data_20112009/class_II_random_split_5cv/HLA-DQA10501-DQB10201/gibbsmat/4.gibbs.avemat -la 0.02 -m f004.la.sp.mat.25 -s 25 -ft /home/projects/mniel/BPeters_ClassII_Benchmark/data_20112009/class_II_random_split_5cv//HLA-DQA10501-DQB10201_test_random_4.txt.log50k -cc -fl 3 -- 
# WHMM 0.0569 0.0359 0.0017 0.0071 0.0261 0.0018 0.0039 0.0258 0.0017
# E 0.018368
# DR 0.034508
# FCC 0.783202
# T 0.000001
# NT 20
# ITR 2500

Last position-specific scoring matrix computed       
            A       R       N       D       C       Q       E       G       H       I       L       K       M       F       P       S       T       W       Y       V 
  0 A   0.026   0.007  -0.011   0.014  -0.014   0.008  -0.019   0.018  -0.112  -0.015   0.083   0.068  -0.016   0.007  -0.017   0.005   0.033  -0.077  -0.023   0.035 
  1 A  -0.008  -0.081  -0.018  -0.175  -0.160  -0.064  -0.073  -0.034  -0.081   0.026   0.058  -0.082   0.032   0.086   0.010  -0.070  -0.078   0.098   0.180   0.073 
  2 A   0.023   0.041  -0.061  -0.034  -0.107  -0.058   0.046  -0.026  -0.110   0.064   0.020  -0.063   0.008   0.108  -0.068   0.045  -0.015   0.072  -0.054  -0.093 
  3 A   0.025   0.029  -0.061  -0.015  -0.041  -0.015   0.040  -0.022  -0.011   0.087   0.074  -0.037  -0.034   0.018  -0.022  -0.024  -0.043  -0.008  -0.016   0.063 
  4 A   0.028  -0.081  -0.023   0.050   0.056   0.086  -0.033  -0.048  -0.038   0.030   0.007  -0.015  -0.037   0.017  -0.052   0.016  -0.037  -0.043   0.006   0.050 
  5 A   0.067  -0.075   0.021  -0.023  -0.001   0.067   0.039  -0.017  -0.046  -0.025  -0.057  -0.088  -0.049   0.077  -0.003   0.008   0.053  -0.014  -0.071  -0.032 
  6 A   0.028  -0.049  -0.046   0.120  -0.063   0.021   0.129   0.008  -0.096   0.029   0.090  -0.091  -0.005  -0.006  -0.012  -0.083  -0.032  -0.043  -0.034   0.124 
  7 A   0.012  -0.104   0.032   0.054   0.054   0.007   0.026  -0.021  -0.062   0.057   0.115  -0.068  -0.014  -0.055   0.028  -0.035  -0.072   0.038  -0.037   0.017 
  8 A  -0.031  -0.095  -0.055   0.075  -0.015  -0.050   0.141  -0.051  -0.111  -0.046   0.074  -0.045  -0.001   0.019  -0.001  -0.017  -0.013  -0.009   0.044  -0.034 
  9 A   0.015  -0.101  -0.007   0.020  -0.114  -0.052   0.033  -0.016   0.009   0.025   0.047  -0.014   0.034   0.117  -0.021  -0.020  -0.029  -0.072   0.100   0.030 
 10 A   0.007   0.030   0.017  -0.055  -0.015   0.015  -0.033   0.005   0.071   0.056   0.056   0.020  -0.065  -0.022   0.034   0.034   0.020  -0.003  -0.080  -0.092 
