# smm_align_hmm_flank -blr -hmm /home/projects/mniel/BPeters_ClassII_Benchmark/NN-align/data_20112009/class_II_random_split_5cv/HLA-DRB30101/gibbsmat/4.gibbs.avemat -la 0.02 -p1a -m f004.la.sp.mat.19 -s 19 -ft /home/projects/mniel/BPeters_ClassII_Benchmark/data_20112009/class_II_random_split_5cv//HLA-DRB30101_test_random_4.txt.log50k -cc -fl 3 -- 
# WHMM 0.0187 0.0743 0.0558 0.0722 0.0812 0.0158 0.0274 0.0401 0.0715
# E 0.020815
# DR 0.034508
# FCC 0.690944
# T 0.000001
# NT 20
# ITR 2500

Last position-specific scoring matrix computed       
            A       R       N       D       C       Q       E       G       H       I       L       K       M       F       P       S       T       W       Y       V 
  0 A   0.056   0.029  -0.005  -0.007  -0.031  -0.024   0.010   0.042  -0.045  -0.001   0.021  -0.008  -0.004  -0.025  -0.016   0.038   0.003  -0.016  -0.043   0.026 
  1 A  -0.078  -0.089  -0.120  -0.119  -0.083  -0.064  -0.132  -0.085  -0.044   0.066   0.064  -0.088   0.092   0.177  -0.086  -0.071  -0.098   0.106   0.177   0.046 
  2 A   0.003   0.156   0.036  -0.005  -0.214   0.013  -0.031  -0.088  -0.044   0.067   0.021   0.060   0.022  -0.069  -0.180  -0.044  -0.016   0.044  -0.157   0.084 
  3 A   0.022  -0.062   0.020  -0.028  -0.017  -0.070   0.013  -0.041   0.023   0.021   0.048  -0.005  -0.033   0.022   0.014   0.045  -0.018   0.034  -0.006  -0.027 
  4 A  -0.008  -0.096   0.120   0.306  -0.100  -0.028   0.120  -0.060  -0.000  -0.066  -0.136  -0.050  -0.073  -0.149  -0.065   0.049  -0.020  -0.278   0.028  -0.056 
  5 A   0.024   0.033  -0.023  -0.041   0.007  -0.040  -0.010  -0.003   0.007  -0.014  -0.015  -0.010  -0.082   0.072   0.065  -0.003   0.006   0.134   0.000   0.012 
  6 A   0.064  -0.035   0.043  -0.001  -0.058  -0.005  -0.067  -0.001   0.046  -0.057   0.010  -0.028  -0.039  -0.060   0.012   0.050   0.045   0.008   0.006   0.036 
  7 A  -0.028  -0.035  -0.001   0.003  -0.064   0.037  -0.033   0.005  -0.049   0.036   0.010   0.043   0.029   0.043   0.030  -0.033  -0.050   0.016   0.035  -0.018 
  8 A   0.028   0.008  -0.090  -0.029  -0.118  -0.007  -0.025   0.014   0.021   0.005   0.032   0.011  -0.000   0.017   0.023   0.006  -0.045  -0.020   0.095   0.021 
  9 A  -0.022  -0.098  -0.065  -0.083  -0.042  -0.107  -0.136  -0.112  -0.128   0.087   0.062  -0.104   0.022   0.174  -0.015  -0.023  -0.038   0.044   0.031   0.103 
 10 A  -0.000   0.062  -0.009   0.024  -0.007  -0.004  -0.029  -0.007   0.012   0.049   0.029  -0.023   0.006   0.002  -0.048   0.000  -0.032  -0.029   0.017  -0.010 
