# smm_align_hmm_flank -blr -hmm /home/projects/mniel/BPeters_ClassII_Benchmark/NN-align/data_20112009/class_II_random_split_5cv/HLA-DQA10401-DQB10402/gibbsmat/4.gibbs.avemat -la 0.02 -m f004.la.sp.mat.18 -s 18 -ft /home/projects/mniel/BPeters_ClassII_Benchmark/data_20112009/class_II_random_split_5cv//HLA-DQA10401-DQB10402_test_random_4.txt.log50k -cc -fl 3 -- 
# WHMM 0.0170 0.0060 0.0023 0.0331 0.0051 0.0404 0.0396 0.0174 0.0051
# E 0.016527
# DR 0.034508
# FCC 0.778382
# T 0.000001
# NT 20
# ITR 2500

Last position-specific scoring matrix computed       
            A       R       N       D       C       Q       E       G       H       I       L       K       M       F       P       S       T       W       Y       V 
  0 A   0.038  -0.018  -0.004   0.036  -0.019   0.033   0.026   0.000  -0.031  -0.018   0.026  -0.025   0.029  -0.063  -0.035  -0.014   0.003   0.005   0.000   0.030 
  1 A  -0.052  -0.067  -0.103   0.040  -0.066  -0.082   0.080  -0.078  -0.032   0.010   0.057  -0.043  -0.063   0.022   0.035   0.044   0.063   0.052   0.050  -0.003 
  2 A   0.049  -0.007   0.020  -0.006   0.004  -0.082   0.012  -0.018   0.020   0.092   0.050  -0.052  -0.024   0.019  -0.053  -0.019  -0.020  -0.031   0.009   0.007 
  3 A   0.090  -0.016   0.039   0.024  -0.062  -0.081  -0.017   0.033  -0.096   0.050   0.017  -0.022  -0.020   0.101  -0.053   0.076   0.026  -0.043  -0.057  -0.020 
  4 A   0.139  -0.063  -0.097  -0.054  -0.047  -0.026  -0.059   0.016  -0.035  -0.001  -0.012  -0.052  -0.093  -0.024   0.045   0.057  -0.019   0.001  -0.072   0.018 
  5 A  -0.008   0.008   0.009  -0.037   0.009   0.042   0.011  -0.025  -0.033   0.061   0.049  -0.057   0.076   0.013  -0.071  -0.044  -0.010  -0.041  -0.031   0.041 
  6 A   0.038  -0.085  -0.066   0.026  -0.107   0.100  -0.083  -0.146  -0.086   0.126   0.048  -0.104  -0.021  -0.103   0.034  -0.069   0.049  -0.026  -0.058   0.111 
  7 A   0.130  -0.091  -0.066  -0.038  -0.025   0.033   0.131  -0.037  -0.070  -0.040  -0.088  -0.122   0.047   0.019   0.003   0.019  -0.033  -0.088   0.009  -0.008 
  8 A   0.018  -0.038  -0.028  -0.005  -0.038  -0.018   0.058  -0.034   0.019   0.037   0.006  -0.033  -0.085   0.069   0.025  -0.003  -0.051   0.008   0.004  -0.010 
  9 A  -0.026  -0.008   0.013   0.037   0.037  -0.027   0.158  -0.049   0.021  -0.047   0.082  -0.060  -0.094   0.006  -0.023  -0.022   0.006  -0.063   0.023  -0.029 
 10 A  -0.048   0.044   0.011  -0.004   0.013   0.015  -0.008  -0.023  -0.032  -0.036   0.053  -0.008  -0.012   0.001  -0.014   0.026   0.011   0.018  -0.022   0.013 
