# smm_align_hmm_flank -blr -hmm /home/projects/mniel/BPeters_ClassII_Benchmark/NN-align/data_20112009/class_II_random_split_5cv/HLA-DQA10501-DQB10301/gibbsmat/1.gibbs.avemat -la 0.02 -m f001.la.sp.mat.15 -s 15 -ft /home/projects/mniel/BPeters_ClassII_Benchmark/data_20112009/class_II_random_split_5cv//HLA-DQA10501-DQB10301_test_random_1.txt.log50k -cc -fl 3 -- 
# WHMM 0.0064 0.0028 0.0086 0.0136 0.0134 0.1591 0.0013 0.0440 0.0215
# E 0.020785
# DR 0.028233
# FCC 0.800218
# T 0.000001
# NT 20
# ITR 2500

Last position-specific scoring matrix computed       
            A       R       N       D       C       Q       E       G       H       I       L       K       M       F       P       S       T       W       Y       V 
  0 A   0.043  -0.003  -0.032   0.006  -0.037  -0.034   0.057  -0.002  -0.009   0.014   0.063  -0.038  -0.033  -0.049   0.042  -0.024   0.013  -0.044   0.026   0.044 
  1 A   0.077   0.044   0.009  -0.043   0.018   0.021  -0.081   0.011  -0.022  -0.023  -0.038  -0.001   0.025   0.026  -0.096   0.034   0.021  -0.079  -0.034   0.103 
  2 A   0.084  -0.038   0.034   0.020  -0.020   0.026  -0.042   0.107  -0.053   0.024   0.057  -0.030  -0.054  -0.014  -0.018  -0.044  -0.027  -0.085   0.010   0.048 
  3 A   0.196  -0.113  -0.036  -0.041  -0.137  -0.108   0.020   0.062  -0.012   0.119  -0.021  -0.039  -0.069  -0.016  -0.005  -0.015   0.050  -0.017   0.020   0.088 
  4 A  -0.018   0.000  -0.030   0.031  -0.034  -0.108  -0.055   0.121  -0.035   0.037   0.015   0.062  -0.063   0.056   0.008  -0.013  -0.064  -0.002  -0.035   0.005 
  5 A   0.107  -0.017   0.016  -0.039  -0.209  -0.047  -0.012   0.148   0.028   0.039  -0.024   0.016  -0.143  -0.003   0.018   0.041  -0.060  -0.100   0.072   0.064 
  6 A   0.259  -0.141  -0.169  -0.200   0.015   0.130  -0.049   0.240  -0.107  -0.150  -0.116  -0.168  -0.201  -0.158  -0.032   0.253   0.113  -0.004  -0.131  -0.163 
  7 A   0.112   0.026   0.020  -0.026  -0.071  -0.078  -0.073   0.018   0.016   0.071  -0.003  -0.054  -0.012  -0.025  -0.056   0.095  -0.006  -0.025   0.048   0.018 
  8 A   0.107  -0.028  -0.120  -0.058  -0.073  -0.120  -0.089  -0.035  -0.107   0.080   0.091   0.023  -0.005  -0.027   0.088   0.051   0.006  -0.083  -0.074   0.141 
  9 A   0.065   0.057   0.043  -0.033  -0.059  -0.092   0.040   0.039  -0.106  -0.029  -0.143  -0.055   0.017  -0.007   0.102  -0.030   0.002  -0.099   0.042   0.094 
 10 A   0.033   0.039  -0.024   0.046  -0.004   0.042  -0.043   0.002  -0.029   0.090   0.010   0.088  -0.092  -0.033  -0.031   0.047   0.004  -0.074  -0.048  -0.022 
