# smm_align_hmm_flank -blr -hmm /home/projects/mniel/BPeters_ClassII_Benchmark/NN-align/data_20112009/class_II_random_split_5cv/HLA-DRB11501/gibbsmat/2.gibbs.avemat -la 0.02 -p1a -m f002.la.sp.mat.21 -s 21 -ft /home/projects/mniel/BPeters_ClassII_Benchmark/data_20112009/class_II_random_split_5cv//HLA-DRB11501_test_random_2.txt.log50k -cc -fl 3 -- 
# WHMM 0.0111 0.0268 0.0525 0.0554 0.0651 0.0884 0.0338 0.0352 0.0799
# E 0.035384
# DR 0.028233
# FCC 0.661225
# T 0.000001
# NT 20
# ITR 2500

Last position-specific scoring matrix computed       
            A       R       N       D       C       Q       E       G       H       I       L       K       M       F       P       S       T       W       Y       V 
  0 A  -0.005   0.028   0.012  -0.064  -0.010  -0.037   0.001   0.088  -0.025   0.037   0.044   0.050  -0.017  -0.090  -0.038   0.007   0.051  -0.017  -0.049   0.033 
  1 A  -0.040  -0.104  -0.109  -0.072  -0.070  -0.050  -0.069  -0.099  -0.029   0.165   0.126  -0.086   0.067   0.153  -0.123  -0.037  -0.059   0.068   0.066   0.029 
  2 A   0.061   0.020  -0.007  -0.014  -0.068   0.089  -0.051   0.006   0.070  -0.096   0.085   0.010   0.118  -0.152  -0.028  -0.040  -0.009  -0.046  -0.107   0.098 
  3 A   0.025   0.072  -0.050  -0.164  -0.061   0.007  -0.036   0.004  -0.024   0.107   0.046  -0.085  -0.011   0.101   0.002  -0.050   0.002  -0.019   0.051  -0.008 
  4 A  -0.093  -0.204  -0.113  -0.056  -0.051   0.060  -0.072  -0.104  -0.100   0.183   0.130   0.012   0.118   0.187  -0.142  -0.097  -0.068  -0.068   0.096   0.056 
  5 A  -0.005   0.062   0.014  -0.065  -0.131   0.013   0.036  -0.087   0.016  -0.039   0.092   0.102  -0.084  -0.030  -0.011   0.012  -0.052  -0.070   0.111   0.026 
  6 A   0.103  -0.087   0.138  -0.071  -0.024  -0.115  -0.015   0.118  -0.105  -0.061  -0.102  -0.042   0.004  -0.217   0.083   0.231  -0.007   0.032  -0.010  -0.092 
  7 A   0.045   0.037   0.081  -0.105  -0.073  -0.006  -0.063  -0.039  -0.025   0.034   0.020   0.033  -0.043   0.044   0.042  -0.093  -0.018   0.045   0.059   0.011 
  8 A  -0.004   0.068  -0.066   0.003   0.043  -0.063  -0.083  -0.053   0.042   0.011   0.044   0.029   0.026   0.032   0.035  -0.045  -0.089  -0.003   0.072   0.029 
  9 A   0.018  -0.030  -0.073  -0.116  -0.134  -0.068  -0.104   0.018  -0.137   0.084   0.077  -0.039   0.011  -0.036  -0.004   0.015   0.096  -0.019   0.001   0.136 
 10 A  -0.054   0.041  -0.040   0.002  -0.045  -0.053   0.026  -0.015   0.029   0.052   0.061   0.023   0.015  -0.015   0.035  -0.025   0.029  -0.065  -0.041   0.038 
