# smm_align_hmm_flank -blr -hmm /home/projects/mniel/BPeters_ClassII_Benchmark/NN-align/data_20112009/class_II_random_split_5cv/HLA-DRB11501/gibbsmat/2.gibbs.avemat -bl -la 0.02 -p1a -m f002.la.bl.mat.15 -s 15 -ft /home/projects/mniel/BPeters_ClassII_Benchmark/data_20112009/class_II_random_split_5cv//HLA-DRB11501_test_random_2.txt.log50k -cc -fl 3 -- 
# WHMM 0.0004 0.0193 0.0163 0.0771 0.0357 0.0871 0.0171 0.0050 0.0083
# E 0.032867
# DR 0.018900
# FCC 0.678077
# T 0.000001
# NT 20
# ITR 2500

Last position-specific scoring matrix computed       
            A       R       N       D       C       Q       E       G       H       I       L       K       M       F       P       S       T       W       Y       V 
  0 A  -0.021  -0.028   0.019  -0.016   0.015   0.017   0.010   0.046   0.022   0.014   0.039   0.023   0.012   0.004  -0.023  -0.038   0.005  -0.045  -0.042  -0.014 
  1 A  -0.036  -0.076  -0.158  -0.144  -0.019  -0.074  -0.116  -0.155  -0.068   0.202   0.206  -0.091   0.156   0.153  -0.063  -0.116  -0.026   0.076   0.091   0.159 
  2 A   0.086   0.079   0.045   0.015   0.012  -0.010   0.014   0.000   0.097   0.112   0.082   0.061   0.110  -0.011  -0.078   0.096   0.064  -0.419   0.004   0.127 
  3 A   0.001   0.032  -0.004  -0.075  -0.139  -0.070  -0.097   0.042  -0.000   0.082   0.074  -0.015   0.007   0.126  -0.107   0.005   0.024  -0.018   0.098   0.057 
  4 A  -0.087  -0.075  -0.054  -0.048  -0.025   0.029   0.004  -0.113   0.036   0.026   0.025   0.003   0.073   0.121  -0.236  -0.086  -0.110   0.065   0.151  -0.026 
  5 A   0.040   0.064  -0.004  -0.098  -0.122   0.049  -0.048   0.000   0.021   0.018  -0.006   0.087   0.088  -0.014   0.041  -0.013  -0.042   0.143   0.106   0.019 
  6 A   0.052  -0.043   0.086  -0.108  -0.080  -0.164  -0.089   0.022   0.062   0.034   0.077  -0.058   0.057  -0.012  -0.005   0.119   0.011  -0.252  -0.006   0.009 
  7 A   0.034   0.089  -0.069  -0.103  -0.100   0.052  -0.026  -0.072   0.000   0.054   0.055   0.038   0.054   0.035   0.034  -0.021  -0.001   0.045   0.051   0.053 
  8 A  -0.029   0.014   0.000  -0.084   0.035  -0.056  -0.076  -0.036   0.101   0.035   0.044   0.012   0.045   0.073   0.008   0.025   0.011  -0.058   0.101   0.029 
  9 A   0.039   0.041  -0.144  -0.152  -0.090  -0.031  -0.114  -0.037  -0.113   0.100   0.119  -0.014   0.096   0.118  -0.065   0.025   0.074   0.158   0.114   0.105 
 10 A  -0.004   0.040  -0.013  -0.014  -0.021  -0.000   0.000  -0.025  -0.008  -0.009   0.013  -0.009  -0.024   0.022  -0.022  -0.020   0.031   0.016   0.033   0.016 
