# smm_align_hmm_flank -blr -hmm /home/projects/mniel/BPeters_ClassII_Benchmark/NN-align/data_20112009/class_II_random_split_5cv/HLA-DRB50101/gibbsmat/1.gibbs.avemat -bl -la 0.02 -p1a -m f001.la.bl.mat.25 -s 25 -ft /home/projects/mniel/BPeters_ClassII_Benchmark/data_20112009/class_II_random_split_5cv//HLA-DRB50101_test_random_1.txt.log50k -cc -fl 3 -- 
# WHMM 0.0024 0.0125 0.0643 0.0944 0.0123 0.1056 0.0464 0.0598 0.0440
# E 0.030331
# DR 0.018900
# FCC 0.718820
# T 0.000001
# NT 20
# ITR 2500

Last position-specific scoring matrix computed       
            A       R       N       D       C       Q       E       G       H       I       L       K       M       F       P       S       T       W       Y       V 
  0 A   0.017   0.028  -0.002  -0.008  -0.017   0.008  -0.027   0.006  -0.015   0.014   0.007   0.007  -0.030  -0.005  -0.028   0.025   0.015  -0.012  -0.013   0.030 
  1 A  -0.114  -0.045  -0.099  -0.115  -0.087  -0.080  -0.081  -0.096  -0.010   0.087   0.108  -0.099   0.076   0.281  -0.115  -0.101  -0.054   0.180   0.204   0.042 
  2 A   0.050   0.087   0.020  -0.062   0.027   0.006  -0.070  -0.017   0.055   0.091   0.013   0.093   0.092  -0.035  -0.079   0.007  -0.007  -0.113   0.008   0.081 
  3 A   0.006   0.034  -0.018  -0.174  -0.035   0.027  -0.073   0.003   0.096   0.079   0.039   0.044   0.063   0.102  -0.098   0.027  -0.035   0.022   0.148   0.030 
  4 A   0.064  -0.030  -0.076  -0.026  -0.156   0.124   0.051  -0.203  -0.035   0.094   0.103   0.072   0.138   0.018  -0.098  -0.003  -0.028  -0.384  -0.037   0.045 
  5 A  -0.025   0.038  -0.007  -0.035  -0.066   0.008  -0.016  -0.072   0.051   0.001   0.014   0.055   0.042  -0.029   0.029  -0.017   0.004   0.099   0.034   0.001 
  6 A   0.179  -0.045   0.069  -0.132   0.039  -0.041  -0.085   0.057  -0.140  -0.053  -0.058  -0.029  -0.018  -0.206   0.100   0.128   0.000  -0.094  -0.138  -0.024 
  7 A   0.047   0.074   0.068  -0.117  -0.121  -0.001  -0.039   0.003   0.037   0.019   0.026   0.086   0.038   0.056  -0.041   0.034  -0.011  -0.033   0.041  -0.018 
  8 A   0.022   0.122  -0.104  -0.044  -0.034   0.009  -0.061  -0.018   0.052  -0.024   0.057   0.113   0.049   0.056   0.035   0.009  -0.001  -0.105   0.077   0.002 
  9 A  -0.057   0.256  -0.001  -0.226  -0.140   0.064  -0.086  -0.061   0.068   0.048   0.053   0.239   0.091   0.079  -0.078   0.026   0.033  -0.005   0.098   0.038 
 10 A  -0.002   0.041  -0.013  -0.018  -0.029  -0.005   0.018  -0.029  -0.012   0.048   0.044   0.053   0.008  -0.009  -0.058  -0.007   0.015  -0.056   0.007   0.004 
