# smm_align_hmm_flank -blr -hmm /home/projects/mniel/BPeters_ClassII_Benchmark/NN-align/data_20112009/class_II_random_split_5cv/HLA-DQA10501-DQB10201/gibbsmat/3.gibbs.avemat -bl -la 0.02 -m f003.la.bl.mat.14 -s 14 -ft /home/projects/mniel/BPeters_ClassII_Benchmark/data_20112009/class_II_random_split_5cv//HLA-DQA10501-DQB10201_test_random_3.txt.log50k -cc -fl 3 -- 
# WHMM 0.0067 0.0139 0.0193 0.0043 0.0064 0.0083 0.0796 0.0255 0.0334
# E 0.015655
# DR 0.023100
# FCC 0.808213
# T 0.000001
# NT 20
# ITR 2500

Last position-specific scoring matrix computed       
            A       R       N       D       C       Q       E       G       H       I       L       K       M       F       P       S       T       W       Y       V 
  0 A   0.004   0.016  -0.004   0.025   0.010  -0.053   0.074  -0.070  -0.019  -0.012  -0.002  -0.002   0.005   0.003  -0.014   0.001   0.016   0.017  -0.002   0.007 
  1 A  -0.042  -0.075  -0.070  -0.096   0.062  -0.066  -0.053  -0.073  -0.050   0.078   0.040  -0.053   0.043   0.094   0.078  -0.055  -0.070  -0.047   0.079   0.047 
  2 A   0.075   0.015   0.011  -0.001   0.074   0.032   0.082  -0.049   0.002   0.024  -0.018   0.000   0.002   0.028  -0.120   0.053   0.025  -0.040   0.051   0.074 
  3 A   0.033  -0.000  -0.096  -0.034  -0.022   0.009  -0.046   0.022  -0.078   0.072   0.051  -0.046   0.071   0.078  -0.091  -0.032  -0.027   0.054   0.100   0.051 
  4 A   0.050  -0.058  -0.003   0.070   0.012   0.017   0.021   0.045  -0.148   0.039   0.067  -0.087   0.071   0.015  -0.163   0.063   0.041   0.044  -0.033   0.041 
  5 A   0.039  -0.050  -0.069  -0.010  -0.079   0.028   0.071   0.026   0.084  -0.032   0.001  -0.042   0.016   0.043   0.061   0.069   0.069   0.022   0.055  -0.001 
  6 A   0.047  -0.167  -0.018   0.168  -0.232   0.013   0.096  -0.060  -0.086   0.136   0.087  -0.094   0.103   0.012   0.106   0.009   0.041  -0.046   0.005   0.121 
  7 A   0.013  -0.007   0.036   0.126   0.022   0.082   0.101  -0.275  -0.086  -0.059   0.024  -0.050   0.038   0.021  -0.199   0.005   0.011  -0.007  -0.119   0.003 
  8 A   0.016  -0.107  -0.118  -0.017   0.036  -0.005   0.046  -0.086  -0.060   0.011   0.066  -0.098   0.073   0.084   0.021  -0.034  -0.025  -0.010   0.020   0.014 
  9 A  -0.083  -0.177  -0.079   0.034  -0.046  -0.052   0.012  -0.101  -0.092   0.023   0.087  -0.149   0.092   0.082  -0.006  -0.153  -0.116   0.095   0.098  -0.019 
 10 A  -0.008  -0.030   0.006   0.002   0.004   0.014   0.023  -0.041   0.058   0.007  -0.001  -0.076   0.029  -0.048   0.054   0.035  -0.045   0.016   0.005  -0.004 
