# smm_align_hmm_flank -blr -hmm /home/projects/mniel/BPeters_ClassII_Benchmark/NN-align/data_20112009/class_II_random_split_5cv/HLA-DRB30101/gibbsmat/0.gibbs.avemat -bl -la 0.02 -p1a -m f000.la.bl.mat.11 -s 11 -ft /home/projects/mniel/BPeters_ClassII_Benchmark/data_20112009/class_II_random_split_5cv//HLA-DRB30101_test_random_0.txt.log50k -cc -fl 3 -- 
# WHMM 0.0021 0.0048 0.0225 0.1289 0.0424 0.0189 0.0202 0.0276 0.0433
# E 0.021217
# DR 0.023100
# FCC 0.683065
# T 0.000001
# NT 20
# ITR 2500

Last position-specific scoring matrix computed       
            A       R       N       D       C       Q       E       G       H       I       L       K       M       F       P       S       T       W       Y       V 
  0 A   0.035   0.005   0.039  -0.002  -0.010  -0.021   0.033   0.032  -0.013  -0.039   0.037  -0.032  -0.009   0.008  -0.057   0.004  -0.014  -0.001   0.005  -0.000 
  1 A  -0.031  -0.020  -0.071  -0.098  -0.150  -0.040  -0.076  -0.046   0.020   0.118   0.111  -0.068   0.121   0.199  -0.107  -0.062  -0.030   0.153   0.212   0.090 
  2 A  -0.063   0.116  -0.030  -0.150  -0.030   0.040  -0.041  -0.047  -0.086   0.023   0.001   0.058  -0.006   0.021   0.009  -0.046  -0.026   0.053  -0.003   0.028 
  3 A   0.010   0.030  -0.009  -0.039  -0.057  -0.048  -0.063  -0.028   0.043   0.009   0.038  -0.005   0.047   0.009  -0.002  -0.004   0.015   0.073   0.071   0.006 
  4 A   0.027  -0.099   0.117   0.305   0.034  -0.056   0.093  -0.111  -0.011  -0.029  -0.123  -0.034  -0.042  -0.101  -0.116   0.039  -0.055  -0.647  -0.068  -0.071 
  5 A   0.036   0.013   0.009   0.036  -0.008   0.013   0.014  -0.062  -0.028   0.013  -0.019  -0.044  -0.050  -0.007   0.030  -0.014  -0.006   0.083   0.049   0.021 
  6 A   0.108  -0.035   0.067   0.075  -0.038   0.021  -0.014   0.045   0.041   0.065  -0.019  -0.027   0.025  -0.069   0.045   0.083   0.067  -0.134  -0.004   0.078 
  7 A  -0.014  -0.022   0.005  -0.035   0.014  -0.003  -0.029  -0.001  -0.002   0.000   0.011  -0.009   0.032  -0.031   0.060  -0.034  -0.004   0.022   0.012  -0.007 
  8 A  -0.014  -0.002  -0.048  -0.027  -0.001  -0.011  -0.056  -0.053   0.096   0.022   0.002  -0.029   0.049   0.040  -0.019  -0.038  -0.060   0.023   0.060  -0.013 
  9 A  -0.078  -0.043  -0.079  -0.083  -0.076  -0.140  -0.117  -0.101  -0.086   0.077   0.075  -0.041  -0.010   0.197  -0.075  -0.044   0.005   0.094   0.089   0.081 
 10 A  -0.037   0.002  -0.046   0.034   0.000  -0.003   0.036  -0.029   0.002   0.010  -0.007   0.045  -0.021   0.028  -0.005  -0.015   0.008  -0.019   0.021  -0.006 
