# smm_align_hmm_flank -blr -hmm /home/projects/mniel/BPeters_ClassII_Benchmark/NN-align/data_20112009/class_II_random_split_5cv/HLA-DRB30101/gibbsmat/0.gibbs.avemat -la 0.02 -p1a -m f000.la.sp.mat.10 -s 10 -ft /home/projects/mniel/BPeters_ClassII_Benchmark/data_20112009/class_II_random_split_5cv//HLA-DRB30101_test_random_0.txt.log50k -cc -fl 3 -- 
# WHMM 0.0228 0.0340 0.0006 0.0961 0.0359 0.0373 0.0134 0.0243 0.0788
# E 0.021662
# DR 0.034508
# FCC 0.681229
# T 0.000001
# NT 20
# ITR 2500

Last position-specific scoring matrix computed       
            A       R       N       D       C       Q       E       G       H       I       L       K       M       F       P       S       T       W       Y       V 
  0 A   0.066  -0.031  -0.012   0.002  -0.034  -0.018   0.021   0.012  -0.002   0.007  -0.012  -0.004   0.005  -0.030  -0.041   0.041   0.009   0.039  -0.056   0.038 
  1 A  -0.061  -0.080  -0.090  -0.154  -0.102  -0.074  -0.124  -0.098  -0.048   0.066   0.050  -0.117   0.049   0.175  -0.100  -0.141  -0.078   0.152   0.171   0.085 
  2 A  -0.062   0.111  -0.039  -0.015  -0.063   0.030  -0.019  -0.062  -0.069   0.059   0.060   0.063   0.047   0.011  -0.086  -0.029  -0.010   0.000  -0.047   0.042 
  3 A   0.038   0.011   0.026  -0.041  -0.029  -0.003  -0.038  -0.021   0.016   0.016   0.039  -0.069   0.034  -0.018   0.010   0.008  -0.015   0.002   0.038  -0.004 
  4 A  -0.017  -0.155   0.121   0.314   0.011  -0.016   0.113  -0.043  -0.015  -0.051  -0.155  -0.066  -0.021  -0.110  -0.131   0.028  -0.027  -0.276  -0.022  -0.111 
  5 A  -0.023   0.037   0.056   0.000   0.003  -0.008  -0.020  -0.013  -0.033   0.041   0.000   0.016  -0.102   0.029  -0.013  -0.010  -0.019   0.071   0.018   0.001 
  6 A   0.084  -0.017  -0.021  -0.026  -0.035   0.013  -0.067   0.022   0.014  -0.008  -0.002  -0.038  -0.007  -0.037   0.055   0.041   0.017  -0.045  -0.061   0.041 
  7 A   0.026  -0.015  -0.017   0.025  -0.016  -0.012  -0.025   0.036   0.020   0.030  -0.014   0.031  -0.032   0.038   0.011  -0.026  -0.043  -0.039   0.032  -0.017 
  8 A   0.015   0.033  -0.040   0.021  -0.060  -0.040  -0.022  -0.031  -0.045   0.062   0.046  -0.020   0.014  -0.015  -0.006   0.035  -0.038   0.000   0.078  -0.006 
  9 A  -0.018  -0.137  -0.040  -0.091  -0.044  -0.118  -0.111  -0.197  -0.175   0.115   0.097  -0.105   0.034   0.204  -0.022  -0.043  -0.017   0.097   0.019   0.111 
 10 A   0.020  -0.014  -0.014   0.025  -0.020  -0.042   0.031   0.003  -0.044   0.012  -0.005  -0.005   0.003   0.082   0.006  -0.016  -0.021  -0.009   0.007   0.001 
