# smm_align_hmm_flank -blr -hmm /home/projects/mniel/BPeters_ClassII_Benchmark/NN-align/data_20112009/class_II_random_split_5cv/HLA-DRB30101/gibbsmat/1.gibbs.avemat -bl -la 0.02 -p1a -m f001.la.bl.mat.24 -s 24 -ft /home/projects/mniel/BPeters_ClassII_Benchmark/data_20112009/class_II_random_split_5cv//HLA-DRB30101_test_random_1.txt.log50k -cc -fl 3 -- 
# WHMM 0.0032 0.0206 0.0481 0.0820 0.0275 0.0223 0.0497 0.0368 0.0790
# E 0.019372
# DR 0.018900
# FCC 0.701482
# T 0.000001
# NT 20
# ITR 2500

Last position-specific scoring matrix computed       
            A       R       N       D       C       Q       E       G       H       I       L       K       M       F       P       S       T       W       Y       V 
  0 A   0.049  -0.009  -0.003   0.003   0.026  -0.049   0.034   0.022  -0.024   0.002  -0.009   0.003   0.031  -0.004  -0.027   0.007  -0.013  -0.008  -0.004  -0.027 
  1 A  -0.047  -0.076  -0.076  -0.102  -0.034  -0.093  -0.100  -0.056   0.001   0.100   0.095  -0.117   0.074   0.222  -0.139  -0.074  -0.038   0.149   0.191   0.072 
  2 A  -0.033   0.059  -0.021  -0.036  -0.099  -0.017  -0.008  -0.070  -0.026   0.045  -0.009   0.021   0.021   0.039   0.047  -0.062  -0.044  -0.029   0.027   0.067 
  3 A   0.006  -0.032  -0.002  -0.132   0.009  -0.049  -0.101  -0.049   0.042   0.034   0.066  -0.015   0.105   0.005  -0.040  -0.004  -0.010   0.097  -0.005   0.005 
  4 A  -0.035  -0.060   0.135   0.293  -0.261   0.032   0.104  -0.085  -0.067  -0.053  -0.074  -0.044  -0.132  -0.053  -0.098   0.058  -0.017  -0.008   0.116  -0.119 
  5 A  -0.004  -0.050  -0.031   0.007   0.014   0.001   0.018  -0.017  -0.084  -0.018  -0.046   0.007  -0.066   0.034   0.033  -0.002  -0.018   0.081   0.006  -0.007 
  6 A   0.065   0.020   0.047   0.019  -0.057   0.018  -0.009   0.064   0.061   0.050  -0.004  -0.041   0.025  -0.031   0.070   0.054   0.025  -0.228  -0.005   0.075 
  7 A  -0.052   0.000  -0.001   0.010   0.017  -0.025  -0.000  -0.067   0.025  -0.005  -0.087  -0.020  -0.046  -0.045  -0.042  -0.043  -0.024  -0.020   0.003   0.008 
  8 A   0.060  -0.029  -0.090  -0.050  -0.044   0.059  -0.058  -0.012   0.070   0.044   0.070  -0.006   0.085   0.013  -0.031  -0.007  -0.053   0.003   0.100   0.006 
  9 A   0.012  -0.033  -0.027  -0.257  -0.118  -0.126  -0.133  -0.116  -0.067   0.094   0.096  -0.057   0.055   0.221  -0.002  -0.004   0.012   0.154   0.098   0.109 
 10 A  -0.008   0.023  -0.028   0.034  -0.014  -0.019   0.012   0.013  -0.016   0.006   0.034  -0.019  -0.019   0.021  -0.017  -0.025   0.008   0.019  -0.033   0.028 
