# smm_align_hmm_flank -blr -hmm /home/projects/mniel/BPeters_ClassII_Benchmark/NN-align/data_20112009/class_II_random_split_5cv/HLA-DRB30101/gibbsmat/2.gibbs.avemat -bl -la 0.02 -p1a -m f002.la.bl.mat.12 -s 12 -ft /home/projects/mniel/BPeters_ClassII_Benchmark/data_20112009/class_II_random_split_5cv//HLA-DRB30101_test_random_2.txt.log50k -cc -fl 3 -- 
# WHMM 0.0060 0.0566 0.0440 0.0957 0.0552 0.0419 0.0032 0.0486 0.0235
# E 0.020111
# DR 0.023100
# FCC 0.698075
# T 0.000001
# NT 20
# ITR 2500

Last position-specific scoring matrix computed       
            A       R       N       D       C       Q       E       G       H       I       L       K       M       F       P       S       T       W       Y       V 
  0 A   0.021   0.017  -0.044  -0.015  -0.038  -0.041   0.029   0.023  -0.016  -0.018   0.025   0.049  -0.007   0.042  -0.006   0.007  -0.039  -0.018   0.012   0.017 
  1 A  -0.047  -0.062  -0.082  -0.105  -0.058  -0.108  -0.100  -0.068  -0.008   0.085   0.076  -0.092   0.063   0.183  -0.084  -0.071  -0.036   0.128   0.169   0.064 
  2 A  -0.038   0.101   0.025  -0.066  -0.205   0.033  -0.050  -0.099  -0.012   0.018   0.029   0.038   0.081  -0.045  -0.069  -0.047  -0.045   0.018   0.014   0.069 
  3 A   0.044  -0.058   0.059   0.014  -0.223  -0.027  -0.003  -0.060   0.110   0.093   0.066  -0.008   0.062   0.046   0.026   0.038   0.052  -0.018   0.025   0.065 
  4 A  -0.035  -0.166   0.094   0.258   0.032  -0.060   0.061  -0.085  -0.030  -0.115  -0.138  -0.099  -0.125  -0.059  -0.122   0.020  -0.053  -0.171   0.042  -0.144 
  5 A  -0.017   0.009   0.004   0.046   0.043  -0.036  -0.011  -0.041  -0.065  -0.035  -0.045  -0.021  -0.065   0.029   0.046  -0.006   0.002   0.072  -0.043  -0.027 
  6 A   0.068  -0.044   0.065  -0.024  -0.063   0.027  -0.075   0.017  -0.017   0.019  -0.007  -0.056   0.048  -0.085   0.040   0.063   0.043   0.015  -0.026   0.038 
  7 A  -0.002   0.012   0.025  -0.054  -0.030   0.031  -0.004  -0.018   0.118   0.020  -0.007   0.053   0.023   0.042   0.051  -0.013  -0.033  -0.030   0.078   0.010 
  8 A   0.026   0.028  -0.064  -0.032  -0.158   0.018  -0.042  -0.002  -0.013   0.059   0.043   0.003   0.094  -0.037  -0.015   0.025  -0.034   0.018   0.116   0.040 
  9 A  -0.004  -0.060  -0.099  -0.040  -0.131  -0.109  -0.093  -0.153  -0.052   0.118   0.075  -0.085   0.051   0.208  -0.011  -0.045  -0.025   0.094   0.138   0.089 
 10 A  -0.012  -0.023  -0.012   0.027  -0.001  -0.077   0.035  -0.019   0.043   0.014   0.020  -0.010  -0.015   0.002   0.000  -0.004  -0.000  -0.012   0.038   0.004 
