TESTRUNID FCC 0.983147 FERR 0.003376 TCC 0.908468 TERR 0.018120
     227  LAYER:    1
      20  LAYER:    2
       1  LAYER:    3
     500   :ILEARN
    -0.000341     0.003722    -0.012937    -0.030502    -0.024708
    -0.073658    -0.000277     0.174513     0.029079    -0.088254
    -0.001198    -0.145012     0.007200    -0.065687    -0.079473
     0.036570     0.065598    -0.070250    -0.101637    -0.019925
    -0.029326    -1.083791    -0.442355    -0.429597    -0.070426
    -0.695298    -0.494966    -0.065040     0.087555     0.306410
     0.275353    -1.085968     0.233435     1.068346     0.423170
    -0.435458    -0.250972     1.443622     0.883143     0.182981
     0.833709     0.183850     0.973798     1.302150     0.574678
    -0.015557     0.400556     1.768410    -0.281208    -0.726800
    -1.004946     0.332229    -1.046506    -1.113654     1.410894
     1.312795     0.701575    -0.646078    -0.976783    -0.404417
     0.008141     0.366206    -0.170023    -0.778211    -0.208451
     0.186113    -0.336759     0.226800     0.326879     0.161194
     0.252827     0.182861     0.414111     0.542716    -0.038221
     0.025619    -0.074613     0.718325     0.332460     0.058068
     0.421112     0.812557     1.224706     1.239599    -0.126383
     0.669113     0.467065     1.796696     0.687928    -0.832524
    -0.915521     0.892732    -0.559478    -1.298621     1.166779
     0.654957    -0.067867    -0.278500    -0.641775    -0.801381
    -0.159936    -0.654089    -0.545600    -0.559396    -0.417386
    -0.241922    -0.280523    -0.441056    -0.046973     0.142593
    -0.037356    -0.425437     0.021939     0.261982    -0.024278
    -0.430265    -0.200540     0.352179     0.422561     0.130572
     0.174007     1.093299     0.768925     0.878811    -0.420173
     0.793900     1.056686     0.200941     0.810850    -1.255195
    -1.233491     1.189773    -0.851072    -1.195922    -0.205222
     0.383986    -0.072391    -0.545853    -0.396942    -0.982125
     0.354547    -0.502130    -0.012442     0.539739     0.368283
    -0.004365     0.235842     0.193840    -0.032969    -0.593170
    -0.929582    -0.202227    -0.721233    -0.445055     0.320346
     0.222501    -0.106691     0.081449    -0.212380    -0.411152
    -0.192033    -0.462099    -0.100203     0.212756    -0.500065
    -0.061810     0.326129    -0.327450    -0.335639    -0.019657
    -0.262880    -0.266037    -0.266737     0.454219     0.444463
    -0.264918    -0.209051     0.984137     0.408278    -0.029882
     0.618374    -0.489823     0.364820     0.301540     0.770337
    -0.553576    -0.504550     1.192383    -1.024407    -0.179617
    -0.780888    -0.198116    -0.915738    -0.818930     0.290721
     0.631580     0.447349    -0.348246    -0.731102     0.071144
    -0.134554    -0.165930    -0.047675     0.120299     0.112327
    -0.036159     0.006567     0.183241    -0.065905    -0.013934
    -0.081861    -0.178800     0.029008     0.019982     0.278304
    -0.103847     0.027124    -0.037916    -0.095348    -0.055974
    -0.276353     0.333478     0.248252    -0.180902     0.018221
     0.070513     0.581760     0.062093     0.043646     0.030399
    -0.032285     0.016282    -0.059227    -0.001919     0.015112
     0.029030     0.042424    -0.051914    -0.017500    -0.135092
    -0.019670    -0.019534    -0.069086     0.014907     0.051327
    -0.063218    -0.006399     0.024722     0.242794     0.299490
     0.160610     0.319381     1.432841    -0.110180     0.193048
     0.215999     0.266241     0.722385     0.564691     0.205890
     0.163059     0.503670     0.730756     0.212630     0.313388
    -0.215100     0.194956     0.727137     0.319392    -0.137965
     0.557617     1.257549     0.401269    -0.021519     0.610648
     1.079713     0.093117     0.320299     0.222308    -0.216606
     0.038963     0.236360     0.934032     0.287722     0.131093
     0.361651     0.017662     0.293405     0.317334     0.990696
     1.106274     1.310528    -0.789254     0.580154     0.763684
     0.842367     0.403996    -0.488857    -0.516535     0.754157
    -0.538320    -0.541353     0.566016     0.887130     0.601274
    -0.047979    -0.344507    -0.348853    -0.181241     0.625336
    -0.103021    -0.385746    -0.495410     0.491651     0.269102
    -0.190517     0.714102    -0.611366    -0.157492     0.308718
     0.182167     0.272736    -1.315695    -0.409254    -0.484087
     0.959186     0.655777    -0.597110     0.301993    -0.101521
     0.668115     0.602545    -0.300836     0.298550     0.357003
     1.036600     0.419262    -0.671512    -0.628303     0.224493
    -0.391607    -0.517818    -0.149771     0.363029    -0.084028
    -0.037426    -0.162511    -0.639913     0.799037     0.041565
     0.707193     0.746776     0.271926     0.095317     0.292033
     0.327643    -0.005883    -0.024552    -0.543905     0.282176
    -0.318349    -1.309701     1.110774     0.844217     0.780946
    -1.665863    -1.000995     0.245691     0.800807     0.457626
     0.505136     0.791258     0.746818     0.202707     0.288072
     1.090440     0.153898     0.249193    -0.150040     0.543622
    -0.194665    -0.398811     0.551008     0.829713     0.401748
    -0.944063    -0.484969     0.358191     0.650310    -0.446063
    -0.330092    -0.426558     1.298585    -0.544423    -0.311589
     0.743518    -1.223267     0.997751     0.949534    -0.422603
     0.632978     0.493168    -0.715898     0.129527     0.324153
     0.322903    -0.376627     1.003990    -0.544094    -0.539904
    -0.606897    -0.843735     0.148007    -0.249035    -0.533645
    -0.603786     0.373064     0.342349     0.538356    -0.720225
     0.580651     1.316151    -0.756882    -0.670087    -0.388205
     0.985914     1.152426     0.133247    -0.026339    -0.123062
    -0.004440     0.089658     0.111702    -0.059695     0.066973
     0.126952    -0.074789    -0.065944    -0.065865    -0.174303
     0.044981     0.043284     0.087459    -0.005538     0.030559
    -0.004329    -0.025043     0.016729     0.210997    -0.000932
     0.128207    -0.013742     0.103896     0.107319     0.060279
     0.170084    -0.028376    -0.025404    -0.018518    -0.066011
    -0.064641    -0.084042     0.022880     0.119837     0.002054
    -0.092156    -0.033213    -0.167145    -0.025119    -0.104003
     0.033650     0.013116     0.045351    -0.067996    -0.019127
    -0.018264     0.178862    -0.115597     0.080074     0.148740
     0.374963    -0.169778    -0.020005     0.323394     0.186089
    -0.023607    -0.099692    -0.190186    -0.210470     0.274037
     0.482456     0.162128     0.118188     0.355888     0.347871
     0.042430     0.430731     0.282984     0.122007    -0.049000
     0.104233    -0.175474    -0.088972     0.533332    -0.006677
     0.650176     0.427082     0.141099     0.394105     0.290800
     0.356053     0.311387     0.259428     0.043188     0.114112
     0.663882     0.419393    -0.057425     0.159333     0.086891
     0.258764    -0.024352    -0.048451     0.682936    -0.159132
     0.501280     0.361334    -0.202260     0.263591     0.417548
     0.645210     0.225776     0.265139     1.007805     0.032410
     0.467991     0.244124     0.117823    -0.142094    -0.313763
     0.236740    -0.092393    -0.262134     0.370035    -0.136293
     0.675311     0.595687    -0.103591     0.673540     0.304232
     0.082958    -0.231586    -0.059586     0.390833     0.139005
     0.572240    -0.163629    -0.502957    -1.110433    -1.493316
     0.646757    -0.947649    -0.859768    -0.813742    -0.579693
     1.062538     1.023531    -0.735111     0.721432     1.492634
    -0.924976    -0.735491    -0.064009     1.005305     0.865380
     0.981587     0.288535     0.283964     0.207358     0.397197
     0.262907     0.197686     0.393868     0.398071     0.396238
    -0.445822    -0.645735     0.240184    -0.480201    -0.368289
     0.497374     0.222785     0.045192    -0.235942    -0.000092
    -0.245293     0.182649     0.493557    -0.113022    -0.033465
    -0.096824     0.264866    -0.025768    -0.087595    -0.019885
     0.381982     0.129793     0.431668     0.232897     0.019894
     0.087875     0.044130     0.031488     0.497838     0.050798
     0.361930     0.218337     0.207264     0.161154    -0.147229
     0.063621    -0.026500     0.084027     0.147040    -0.232437
    -0.436432    -0.683389     0.272125    -0.548652    -0.276590
     0.245364     0.314530     0.197358     0.061999    -0.134572
    -0.225052     0.145648    -0.044278     0.720749     0.962193
     0.497604     0.178625     0.372807     0.895834     0.508116
    -0.963911    -1.053800     0.170220    -0.929645    -0.651571
     0.633757     0.543989     0.050536    -0.874155    -0.230416
    -0.822862    -0.044535    -0.182087    -0.062473     0.134590
     0.091707    -0.043547     0.014147     0.172498     0.016050
    -0.032105    -0.064475    -0.127419    -0.021810     0.051380
     0.121886    -0.067821    -0.007987    -0.006965    -0.048373
     0.011459     0.042066     0.049564     0.102933     0.060004
     0.150659     0.001797     0.256852     0.111994     0.050352
     0.016817     0.026456     0.022359     0.004908     0.018309
     0.028967     0.023233     0.022928    -0.023479     0.043180
     0.015950     0.009151    -0.007379    -0.005972     0.045246
    -0.023583    -0.007439     0.019041     0.001550     0.109537
     0.107189     0.092909     0.055804     0.110119     0.052437
     0.024960     0.068228    -0.004048     0.052473     0.060080
     0.060550     0.081128    -0.028348    -0.010323     0.121660
     0.071751    -0.102939    -0.060391     0.062995     0.055400
     0.038654    -0.005640     0.012225    -0.050629     0.018203
    -0.010738     0.067874     0.053146     0.077249     0.075962
     0.009881     0.091767     0.055975    -0.029120     0.014099
    -0.013095     0.075268     0.042548     0.063796    -0.040050
     0.120408    -0.003480    -0.080578    -0.102616     0.027785
    -0.040692     0.019671     0.096778     0.020077     0.057483
     0.081307     0.047036     0.067975     0.018032    -0.014077
     0.015933    -0.010848     0.084046    -0.000064     0.101746
    -0.029719     0.055321     0.032807     0.026707     0.015352
    -0.002381     0.174652    -0.002793     0.013994    -0.023663
     0.013888    -0.017868    -0.076689     0.188509     0.061824
     0.025905    -0.044708    -0.099502     0.003322     0.037168
     0.083705     0.067166     0.031292     0.012399    -0.034278
     0.008346     0.072219     0.002317     0.021007    -0.015995
     0.080327     0.010239     0.024399     0.113473     0.063988
     0.024122    -0.056312    -0.003889     0.015218     0.129712
     0.102551     0.280410     0.267229    -0.104312     0.110422
     0.117196     0.256567     0.167117    -0.171271    -0.222212
     0.188104    -0.176154    -0.207456     0.189456     0.220119
     0.049821    -0.098414    -0.057942    -0.148605     0.053276
     0.133319     0.138659     0.139989    -0.051914    -0.002945
     0.039736     0.108040     0.043002    -0.016481    -0.037520
     0.070376    -0.077514     0.098681     0.124869     0.127169
     0.093760     0.127152     0.099566    -0.009222     0.028256
     0.001094     0.007768    -0.043681    -0.000849    -0.007187
    -0.046892     0.059183    -0.060641     0.038096     0.022050
     0.021019     0.047606     0.004848    -0.001362    -0.022377
    -0.040895     0.094764     0.012072     0.025370     0.009539
    -0.093450     0.035351     0.040478     0.091122    -0.023172
    -0.025745     0.027188    -0.081995    -0.041473    -0.047198
    -0.041305    -0.062919    -0.093007    -0.027289     0.038815
     0.019829    -0.109658    -0.117598    -0.035175    -0.016617
     0.028943     0.001991     0.015492     0.034957    -0.021950
    -0.038416    -0.018559    -0.009956     0.012809    -0.017722
     0.028022     0.030517    -0.040167    -0.009104     0.020649
     0.020791     0.035476     0.030439    -0.044658     0.017334
    -0.029012    -0.028560     0.016427    -0.039413     0.013555
    -0.029348    -0.031406     0.040371     0.016735     0.013261
    -0.030218     0.038572    -0.012034    -0.023216    -0.015345
    -0.000316    -0.018762     0.042263    -0.015802     0.021747
     0.038089    -0.037566     0.038907     0.025263    -0.033998
     0.008538    -0.025003     0.131670    -0.059133     0.041420
     0.012222     0.111334     0.032560     0.080133    -0.022613
     0.024378     0.061790    -0.025107    -0.011284     0.042991
    -0.113886     0.097289     0.069693     0.075281    -0.034479
    -0.073407     0.113409    -0.022160     0.014777     0.032665
    -0.074566     0.103344     0.023908    -0.050121    -0.013518
     0.117825     0.038553     0.020673    -0.013990     0.035243
     0.107537     0.087025     0.018473     0.026722     0.105662
     0.142865     0.041130     0.083917     0.109954     0.099958
     0.079858    -0.066587     0.071244     0.037170     0.191318
    -0.008310     0.042537     0.011435     0.099166    -0.007340
    -0.056494     0.196282     0.115772     0.089064    -0.081978
    -0.110990     0.041182     0.055487     0.049784     0.124486
     0.086120     0.238395     0.063599     0.083577     0.042069
     0.086190     0.003896    -0.018404     0.101578    -0.024700
    -0.066231    -0.029080     0.053903     0.013624    -0.240781
    -0.097707     0.005839    -0.012916    -0.092089     0.046811
     0.063980     0.018708    -0.032965    -0.024439    -0.004565
     0.034971     0.117288     0.015245    -0.006723    -0.007048
     0.020523     0.024595    -0.081400    -0.029968     0.195227
     0.046628     0.085644     0.013512    -0.064068    -0.012440
    -0.058057     0.034422    -0.038406    -0.077032    -0.004241
    -0.064669     0.021142    -0.041542    -0.058373    -0.012605
    -0.057484     0.058253     0.046324     0.071727    -0.174878
    -0.046803     0.035378    -0.015574    -0.017547    -0.131319
    -0.076496    -0.024823    -0.152391    -0.127226    -0.066780
    -0.045660     0.121396     0.097507    -0.097281     0.008013
     0.249324    -0.004680    -0.090914    -0.055378     0.212886
     0.180028     0.102711     0.004992    -0.027760    -0.095416
    -0.115063     0.072141    -0.123442    -0.058787    -0.055997
    -0.146073     0.121994     0.097407    -0.092231     0.061861
     0.177866    -0.108467    -0.020724     0.044096     0.106018
     0.043220     0.127416     0.011442    -0.150769     0.035693
    -0.001436     0.105061    -0.057538    -0.089175     0.110123
    -0.095346    -0.056554    -0.163207    -0.105637    -0.094193
    -0.086478     0.071795     0.055653     0.026584     0.051750
     0.012982    -0.018591    -0.011952    -0.021604     0.041379
     0.024338     0.012281    -0.021333    -0.045253     0.025484
     0.015920     0.015812    -0.051624     0.018413    -0.047188
     0.058746    -0.019713    -0.024768    -0.011180    -0.042954
     0.016073     0.019441     0.056797     0.035006     0.067631
    -0.039884    -0.034540     0.018486    -0.038312     0.034197
     0.043017     0.021801     0.006585     0.052454     0.021906
     0.018816    -0.080074    -0.206187    -0.049879     0.101340
     0.062606     0.172518     0.021267     0.071207    -0.064290
    -0.015181     0.032676    -0.002219     0.101003     0.149938
    -0.760037     0.361189    -0.809594    -0.662348    -0.697873
    -0.301933    -0.209134    -0.754646     0.706287     0.429760
     0.365282    -0.136004     0.065508     2.015681     0.533246
    -0.859439    -0.565100     1.635591     1.782305     0.198600
    -0.086886    -0.593755    -0.668788    -0.553641     0.877378
    -0.800391    -0.549878    -0.125122    -1.120594     0.895466
     0.992866    -0.690174     0.155480     1.516981    -0.612211
    -0.416652     0.169285     2.107300     0.443799     0.757151
    -0.123554    -1.158786    -1.410888    -1.966479     1.158502
    -1.402928    -1.593281    -0.819378    -0.803256     1.841624
     1.608807    -1.223588     1.272293     1.551058    -0.951474
    -1.012493    -0.300473     0.303935     0.806638     1.583955
    -0.043060    -1.004829    -0.674213    -0.470742     0.292258
    -0.215153     0.150962    -1.141302    -0.516550     0.629056
     0.647236    -0.613402     0.415485     0.727633    -0.389388
    -0.438507    -0.109010     0.017518     0.185095     0.550441
     0.205503     0.669287    -0.714403    -0.686728     0.057139
     0.087558    -0.428048    -0.316708    -0.581879     2.028270
     1.751456     0.191057     1.480361     0.622779     0.343569
    -0.566471    -0.038754     0.644563     0.235758     1.795671
     0.620823     0.383636     0.841260     1.010888     0.334434
     0.504545     0.431064     0.608290    -0.532652    -0.481269
    -0.459853     0.780762    -0.601662    -1.527163     1.190777
     1.359363     1.011438    -1.698221    -1.647805    -0.298733
    -0.209504    -0.954836     0.106884     0.301898     0.133643
    -0.094249     0.500734    -0.487600    -0.346413    -0.166544
     0.239588    -0.659559     0.028855     0.037795    -0.328691
    -0.195734     0.081156     0.608829    -0.230919    -0.133764
     0.379785     0.009186     0.628045     0.976298     0.465915
     0.098389     0.185508     0.696281     0.198327    -0.231889
    -0.374089     0.167061    -0.498881    -0.451546    -0.539581
     0.406034    -0.062942    -0.361469    -0.215816    -0.191411
     0.642465    -0.787449     0.438211     0.389171     1.479385
    -0.817815    -0.242740     0.384766    -1.070939     1.425363
     1.022564    -0.611772     0.555953    -0.064922     0.304691
     0.618750     0.953533    -1.094297    -1.088976     1.433732
     0.006524     0.138808    -0.019420    -0.148887    -0.098656
     0.042041    -0.081171    -0.253446     0.004885     0.096006
     0.038251     0.173743    -0.026667    -0.081246    -0.157178
     0.041299     0.017163     0.147124     0.103003     0.058248
    -0.359594     0.403029    -0.252017     0.207993     0.120103
    -0.147832     0.323733    -0.056718     0.026780     0.010689
     0.005838     0.020270     0.074681     0.023477     0.006266
    -0.093905     0.042643     0.050079    -0.001767     0.153945
    -0.026008     0.101019     0.013705     0.016394    -0.011419
    -0.010655     0.040680    -0.053043     0.282965    -0.922720
    -0.362130    -0.540951     0.658515    -0.850158    -0.816182
     0.198173    -0.525685     1.342341     1.109870    -0.775140
     0.760482     0.772302     0.325667    -0.118496     0.196151
    -0.325925    -0.052725     1.109121    -0.156408     0.656936
     1.033598     1.695473    -0.077288     0.884290     1.334603
     0.126732     0.904105    -0.852860    -0.651811     0.949028
    -0.679226    -0.848521     0.851771     0.431818     0.120774
    -1.686384    -0.593959    -0.868663     0.570992     0.569401
     0.523687     0.804716    -0.555551     0.725665     0.614599
     0.465427     0.068860    -0.612929    -0.588007     0.952749
    -0.353905    -1.466214     0.461214     0.664288     0.206203
    -1.120643    -0.920977    -0.481734    -0.402682     0.180225
     0.158319     0.432631    -0.050848     0.077516     0.449022
    -0.238586     0.259234     0.016092     0.176638     0.048661
    -0.063857     0.798528     0.315824    -0.034705     0.133536
     1.012318     0.621113    -0.039839    -0.166693    -0.100853
     0.039957    -0.619458     0.518214    -0.159127    -0.381022
    -0.233301     0.449054     0.121229     0.176327    -0.405599
     0.282791     0.751454    -0.457606    -0.145688    -0.135772
     0.488839     0.682851     0.081960    -0.182553     0.137333
    -0.440962    -0.414811     0.259703     0.031928    -0.190997
    -0.272843    -0.192115     1.203151     1.203682    -0.029348
     0.876173     0.823109     0.027902    -0.503698    -0.106436
     0.801585     0.418289     0.979259     0.156793     0.705952
     0.610004     0.648376    -0.134392     0.985642     0.863198
     0.301928     0.429567    -0.525398    -0.262747     0.922272
     0.033404    -1.168324    -0.216214     0.166870    -0.231695
    -0.900005    -0.640101    -0.492207     0.351962     1.047438
     0.829608     1.533332    -0.762833     1.168117     1.074131
     0.926964     0.540840    -0.876556    -0.775289     1.283477
    -0.651098    -1.337434     2.008688     0.658067     0.108822
    -0.414730    -0.743164    -0.858295    -0.258864     0.987628
     0.101673     0.104083    -0.027717     0.606789     0.562429
    -0.574438     0.583757    -0.219920     0.160827     0.821582
     0.154383    -0.011781     0.048547     0.075714     0.136699
     0.097569     0.049516    -0.208668     0.014630     0.124927
     0.058763    -0.069405    -0.095123    -0.000507    -0.040397
    -0.155008    -0.027362     0.002710    -0.019407     0.181406
    -0.013370    -0.043481    -0.196134     0.034477     0.027842
    -0.038557     0.054137     0.039379    -0.114880     0.189568
     0.035385     0.023983    -0.114637     0.181077    -0.130478
     0.050759     0.033726    -0.048012     0.015422     0.024364
    -0.008443     0.022524    -0.024151     0.029414     0.035512
    -0.054227     0.020798    -0.049419     0.023075    -0.063611
    -0.045167    -0.033835     0.041512     0.031152    -0.023956
    -0.045023     0.123982    -0.005329     0.267415     0.302811
     0.226797     0.094251     0.172705     0.183107    -0.090849
    -0.138701    -0.247723     0.096552    -0.221369    -0.414997
     0.146295     0.188216     0.131876    -0.235018    -0.282942
    -0.044009    -0.054812     0.062628    -0.094474    -0.281522
    -0.029679    -0.122216    -0.089255    -0.056686     0.115654
    -0.172532    -0.079721    -0.073439     0.005023     0.144653
    -0.177111    -0.012773    -0.034035     0.086915     0.129482
    -0.125767    -0.037020    -0.133724    -0.084611    -0.204682
     0.034559    -0.195060    -0.206617    -0.026842    -0.126920
     0.292833     0.260877    -0.216683     0.231715     0.195247
     0.095866    -0.070543     0.103249     0.042806    -0.033540
     0.251036    -0.050316     0.209951     0.055438    -0.012675
    -0.000755     0.159349     0.058856     0.154635     0.329218
    -0.120283    -0.011751     0.120734     0.097954     0.030524
    -0.226358    -0.088294    -0.186664    -0.101700     0.098242
    -0.165077    -0.017867    -0.290870    -0.136473    -0.231500
     0.167309    -0.331500    -0.226925    -0.018414    -0.146967
     0.159488     0.057252    -0.228491     0.020888     0.307238
    -0.246822    -0.146474    -0.090540     0.133958     0.210075
     0.127078    -0.075240    -0.084283    -0.279932    -0.233584
     0.041913    -0.281035    -0.147157    -0.188751    -0.116640
     0.233034     0.266832    -0.248825     0.132635     0.426334
    -0.052860    -0.150361     0.063915     0.196993     0.234403
     0.219352    -0.097873    -0.087501    -0.388178    -0.304968
     0.006026    -0.112617    -0.206502    -0.551292    -0.187096
     0.250925     0.169505    -0.194748     0.151772     0.158076
    -0.384831    -0.183652    -0.043387    -0.090509     0.102010
     0.262729    -0.109475    -0.197557    -0.181068    -0.235060
     0.054047    -0.073386    -0.032380    -0.160934    -0.148490
    -0.219010    -0.189426    -0.143817    -0.152870     0.106053
    -0.407073    -0.102923    -0.089746     0.178162     0.130366
    -0.160383     0.020043     0.053670     0.311004     0.376334
     0.016668     0.098845     0.180751     0.317572     0.035620
    -0.410188    -0.497561     0.150862    -0.451773    -0.371078
     0.147951     0.165835     0.014725    -0.164065    -0.178128
    -0.335370    -0.073805    -0.073352    -0.030833     0.028951
     0.018355     0.021541     0.009990     0.017159     0.019603
     0.013467    -0.027101    -0.050705    -0.002764     0.001110
     0.104607    -0.051458     0.039892    -0.036126    -0.062750
    -0.001987     0.089349    -0.130393    -0.017168    -0.030861
     0.023318     0.003865    -0.041082    -0.015652    -0.021646
     0.025274    -0.044848     0.017359     0.017443    -0.018643
     0.009014     0.042524     0.050931     0.018155    -0.033851
     0.010865    -0.014915     0.025359    -0.041672     0.042151
     0.023844    -0.037851    -0.032040     0.036448     0.085505
     0.034868     0.069067     0.240588     0.025255     0.028858
     0.130360     0.108593    -0.034550     0.093227     0.045605
     0.053556     0.002604    -0.124556     0.265844     0.028954
     0.038175    -0.071760    -0.131293     0.096336    -0.043545
    -0.036788    -0.171769    -0.226102     0.002860    -0.066046
    -0.126687    -0.125688     0.035727     0.036865     0.097775
    -0.087375     0.133820     0.114461    -0.179885    -0.022964
     0.006270    -0.113855     0.086852     0.040304     0.065807
     0.041686     0.041660     0.028230     0.236344    -0.049545
     0.019605     0.081034     0.002086     0.142664     0.090703
    -0.000054     0.010406     0.151977     0.294027     0.095477
     0.114464     0.039942    -0.006391     0.146037    -0.045835
    -0.050008    -0.039890    -0.262821     0.002610    -0.166610
    -0.222862     0.064016     0.031591     0.183629     0.155085
    -0.145378     0.218515     0.231444    -0.284983    -0.127334
    -0.091187     0.107409     0.174070     0.135602    -0.065577
    -0.388366    -0.266600    -0.358548    -0.131490    -0.371947
    -0.332794    -0.237554    -0.355435     0.335236     0.241840
    -0.385766     0.214097     0.289560    -0.306632    -0.287486
    -0.056856     0.244404     0.144361     0.277969    -0.106593
    -0.003389    -0.104410    -0.114435    -0.038741    -0.100082
     0.014030    -0.354240    -0.002806     0.110612     0.100714
    -0.078254     0.126552     0.150125    -0.033979    -0.121621
     0.019992     0.020384     0.125641     0.118114    -0.070086
     0.015773    -0.046111    -0.011557     0.054445    -0.010091
    -0.029384    -0.139213    -0.002107     0.097877     0.070295
    -0.083870     0.086682     0.238686    -0.236062    -0.055068
    -0.019885     0.178945     0.205093     0.084669     0.055306
    -0.005561     0.010730    -0.082193     0.222635    -0.001087
    -0.014118     0.075418    -0.135719     0.038532    -0.049795
     0.034410    -0.052618     0.009459    -0.156205     0.078317
     0.087198     0.126102     0.023898     0.093964     0.038651
    -0.094102     0.050156     0.005898     0.187255    -0.008376
    -0.033459     0.112290     0.025607     0.055357    -0.018342
    -0.076726     0.010728     0.058118    -0.045149    -0.028045
    -0.052172     0.086715     0.096340     0.052629    -0.000129
    -0.090715     0.007157     0.082585     0.065998     0.000801
    -0.012867     0.045651     0.020985     0.005363    -0.020816
    -0.077376    -0.025273     0.065112     0.005867    -0.026392
    -0.005866    -0.012228    -0.021153    -0.007803     0.074878
    -0.049602     0.061521     0.022882     0.019837    -0.057249
    -0.025597    -0.045909    -0.014190    -0.030343    -0.038829
    -0.002214     0.048060     0.056186    -0.009095    -0.112011
     0.007703     0.059929     0.024376     0.138348     0.032813
     0.051944     0.150656    -0.014534     0.002748     0.034357
     0.055399    -0.000571    -0.382412    -0.975791    -0.857075
    -1.125595    -0.001922    -0.531587    -0.647487    -0.307525
     0.209889    -0.478227    -0.376047    -0.720665    -0.312883
     0.773312    -0.339160    -0.655933    -0.799535     0.644237
     0.646465    -0.574037    -0.488863    -0.354237    -0.911133
    -1.843590    -0.413113    -1.169712    -1.535114    -1.035612
    -1.202356     0.882938     0.810330    -0.658837     0.454495
     0.966139    -2.042839    -0.899575    -0.012017     1.388775
     0.392052     0.745061    -0.457838    -0.838735    -0.957984
    -1.366127     0.498406    -0.539868    -0.808241    -1.391391
    -0.799146     0.094798     0.086006    -0.635344     0.223868
     0.018579    -0.995402    -0.695904    -0.290681    -0.001388
     0.081969     0.121735    -0.241551    -0.844824     0.001481
    -0.471825    -0.518845    -0.325478    -0.615739    -0.314892
    -0.147432    -0.617494    -0.596441    -0.656763    -0.388757
    -0.378287    -0.994050     0.384724     0.284160    -0.915765
    -0.132875    -0.487594    -0.363998    -1.123303    -0.462931
    -0.885983     0.099256    -0.363426    -0.755782    -0.661440
    -0.794197    -0.808413    -0.951181    -0.779656    -0.691981
    -0.338410    -0.109474     0.075785    -0.018037     0.003923
    -0.176599    -0.651171    -0.292730    -1.186219    -0.612282
    -0.584539     0.095844    -0.945417    -0.798664     0.023336
    -1.127045     0.650325     0.428881    -0.886895     0.128514
     0.629723     0.260277    -0.519896    -0.266626     0.518531
     0.001585     0.436991     0.003709     0.120435     0.356958
    -0.315099    -0.281307     0.558784     0.419549    -0.285230
    -0.355048    -0.748214    -0.271998     0.558360     0.101207
    -1.557407    -1.200505    -0.063228    -0.138763    -1.104015
    -1.359556    -0.667526    -0.186523    -0.952825    -0.869425
    -1.193696    -0.532048    -0.393151    -1.177574    -0.930308
    -1.138282     0.882769     0.585939    -0.727275     0.635273
    -0.350795     0.719255    -0.271290     0.343778    -0.466632
    -0.511383     0.749593     0.125760    -0.365316     0.142699
     0.616170    -1.076376    -0.161252     0.105326     0.495820
    -0.572473     0.440359     0.603088    -0.186096     0.369710
    -0.421492     0.603710    -0.059891     0.115040     0.090709
    -0.776503     0.237520     0.088019     0.161128     0.016061
    -0.170934    -0.079197     0.105226    -0.075809    -0.230026
    -0.044878     0.067615     0.013092     0.250054     0.031574
    -0.088651    -0.179813    -0.016409    -0.011392     0.034082
     0.070296     0.023380    -0.003167    -0.262375    -0.112599
    -0.039480    -0.273935     0.006028     0.109183    -0.202097
    -0.034133    -0.057962    -0.048655     0.006692    -0.051830
    -0.010744    -0.007910    -0.024067    -0.016847    -0.054829
     0.002715    -0.098373    -0.018081    -0.098240     0.077536
     0.025584    -0.014125     0.019342    -0.043487    -0.031345
     0.391081     0.146950     0.425817     0.334640    -0.063359
     0.488202     0.318701     0.610690     0.260413    -0.339273
    -0.446845     0.416556    -0.160613    -0.859494     0.637805
     0.329241     0.075374     0.029276    -0.402453    -0.233871
    -0.074409     0.069580    -0.534667    -0.415810     0.112517
    -0.542072    -0.300542    -0.290555    -0.105663     1.203804
     1.300038    -0.473896     0.983292     1.327976     0.188660
    -0.135596     0.359327     0.252151     0.591954     1.067014
     0.167303    -0.244028    -0.408448    -0.741296     0.709265
    -0.468816    -0.563015    -0.092492    -0.446157     1.391887
     1.148942    -0.583524     0.951647     1.027595    -0.053123
    -0.264416     0.199096     0.556858     0.332466     1.279852
     0.217654     0.269283     0.805169     0.883316     0.337767
     0.221491     0.497529     0.452641     0.374833    -0.126686
    -0.241145     0.393267    -0.104941    -0.740751     0.740017
     0.350488     0.196368    -1.369484    -0.600989    -0.106177
     0.337791     0.385325     0.116666     0.098682    -0.472028
     0.443882     0.469245     0.094535    -0.029728    -0.614803
    -0.859068     0.799363    -0.541549    -0.939884     0.586399
     0.147807    -0.034286    -0.105954    -0.328497    -0.424332
     0.013657    -0.004093    -0.617488    -0.282369     0.225643
    -0.175011     0.063646    -0.806521    -0.156007     1.035028
     1.006733    -0.221008     0.801258     0.728980     0.115380
    -0.381218     0.232263     0.147167     0.294805     0.962300
     0.001536     0.072713     0.463059     0.935338    -0.180337
     0.302620     0.440256     0.134314     0.362975    -0.182187
    -0.311514     0.135787    -0.199594    -0.099528     0.377181
     0.426217     0.297478    -0.181090    -0.007749    -0.175703
     0.086958    -0.250753    -0.192452    -0.016884    -0.325418
    -0.228700     0.034933     0.138765    -0.100181     0.467635
     0.161414    -0.163109     0.074786     0.509978     0.592407
    -0.272520    -0.237163     0.624852     0.361975     0.391190
     0.014012     0.483316     0.695689     0.611667    -0.417077
     0.469816     0.413641     0.513832     0.653921    -1.106876
    -1.172415     0.601421    -0.808785    -0.758918     0.003514
     0.226847    -0.377181    -0.740298     0.048449    -0.999090
    -0.070540    -0.159852    -0.009080     0.085736     0.080663
    -0.030662     0.027579     0.028956    -0.049914     0.019363
    -0.022662    -0.181870     0.027121     0.065312     0.188447
    -0.021410     0.041716    -0.010274     0.009646     0.014988
     0.298097    -0.094105     0.158771     0.020642     0.091006
     0.028314    -0.041773     0.150578     0.014055    -0.016248
    -0.046601    -0.044109    -0.028525    -0.000806     0.024090
     0.045570    -0.000716    -0.016397     0.043571     0.021544
    -0.029606     0.014209    -0.014902    -0.005618     0.029134
    -0.009701    -0.041395    -0.008128    -0.022026    -0.019900
    -0.035929     0.012660    -0.005182     0.021171    -0.035614
    -0.032147    -0.052922     0.012238    -0.052734    -0.042207
    -0.004682    -0.073580    -0.082281    -0.057363    -0.061128
     0.095892     0.026075     0.027339     0.088041     0.186565
     0.068175     0.050280    -0.094532     0.082090     0.070274
     0.241486     0.164019    -0.121763    -0.114045     0.179239
    -0.099013    -0.056879     0.254241     0.107265     0.004868
     0.076344     0.002416    -0.104793     0.050763     0.121632
     0.102688     0.110987     0.059482     0.041361     0.030920
     0.033246    -0.046276     0.107968     0.090652     0.061701
     0.053612     0.007110    -0.026201     0.020356     0.041851
     0.072486    -0.001142     0.095990     0.063363    -0.056903
     0.106851     0.056396     0.111516    -0.044396    -0.027385
     0.054276    -0.019062    -0.025425    -0.070074    -0.063113
    -0.066156    -0.080209    -0.102557     0.088696     0.053220
    -0.250450    -0.092623     0.005817     0.064671     0.071530
     0.051781     0.092840     0.109174    -0.046919     0.109281
    -0.016262    -0.002159    -0.077946    -0.089484     0.077650
    -0.131510    -0.041458    -0.006588     0.041569     0.068978
     0.004236    -0.074050    -0.028128     0.043579    -0.017932
    -0.027550    -0.026046     0.099992     0.057760     0.036604
    -0.083166    -0.087250     0.042327    -0.009033     0.030503
    -0.007706    -0.008837     0.033125     0.047345     0.055721
     0.094056    -0.047389     0.059703    -0.023302    -0.015835
    -0.133907    -0.089602    -0.051674    -0.078803    -0.152569
    -0.007533    -0.105198     0.108625     0.064857    -0.042592
     0.063427     0.090395     0.017704    -0.031222    -0.009024
     0.155105     0.100368     0.094755    -0.037513    -0.105702
    -0.033802    -0.095085     0.111187    -0.009211     0.004767
    -0.098815     0.066513    -0.041588     0.020578    -0.072969
     0.044378     0.070528    -0.048165     0.004224     0.019079
    -0.140756     0.020622    -0.040622     0.033283    -0.004421
     0.109947     0.160931    -0.179546     0.044172     0.028314
     0.178875     0.040060    -0.265214    -0.295758     0.033651
    -0.191178    -0.232236     0.137059     0.098606    -0.031112
     0.014020    -0.092285    -0.238240    -0.044229    -0.047356
    -0.045972     0.025215     0.004149    -0.009052     0.023077
    -0.013855    -0.009620     0.031622     0.005614     0.004309
     0.013002     0.053870     0.061448    -0.036280    -0.036193
     0.012771    -0.033988     0.000692     0.010318     0.017497
    -0.025686    -0.025822    -0.010781     0.006488    -0.055961
     0.005984    -0.054266     0.003290    -0.012616    -0.066768
    -0.010193    -0.023426     0.018855     0.053546     0.014031
    -0.055674    -0.014947    -0.168287     0.023454    -0.021117
    -0.039718     0.026579     0.015846    -0.025699    -0.088679
     0.008494     0.195128     0.254970     0.375357     0.384580
     0.035029     0.418180     0.380660     0.027523    -0.070078
    -0.257187    -0.464880     0.381467    -0.222997    -0.832543
     0.390944     0.237181     0.176794     0.015527    -0.323679
    -0.086370    -0.074347     0.128826    -0.628877    -0.894296
     0.502654    -0.538367    -0.491265    -0.069427    -0.033400
     0.833160     0.963778    -0.359807     0.751055     1.360443
    -0.235578    -0.303782    -0.056042     0.852322     0.774008
     0.731437     0.015384     0.373171     0.830640     0.871849
    -0.015413     0.369523     0.444561     0.692685     0.235016
    -0.103929    -0.160668     0.359374    -0.147310    -0.396478
     0.371995     0.415035     0.232835    -0.408213    -0.487227
    -0.130064     0.095399     0.043154    -0.029308    -0.434955
     0.265255    -0.071549    -0.454385     0.363833     0.301007
     0.688134     0.554441    -0.060796     0.785549     0.170274
     0.001106    -0.270918    -0.319438    -0.548646     0.143113
     0.486018     0.013631    -0.705638    -0.509491    -0.744794
     0.942399    -0.895234    -0.566075    -0.529445    -0.646706
     0.964892     0.576764    -0.613441     0.349023     0.753298
    -0.596902    -0.592078    -0.094275     0.266135     0.315934
     0.922130     0.239055    -0.072835    -0.084807     0.235473
     0.480416    -0.246601     0.180607     0.059382     0.045337
     0.299643     0.169801    -0.089066    -0.002689     0.310092
     0.426065     0.027141     0.114157    -0.173450     0.029320
     0.323219    -0.050166     0.315670     0.201415     0.332383
     0.392244     0.082166     0.088037     0.090600     0.304739
    -0.067982    -0.247296     0.190533    -0.177312     0.098447
    -0.211063     0.109140     0.004925     0.115905     0.117289
    -0.043142     0.085522     0.201878     0.421254     0.148154
    -0.094425     0.203349     0.356513     0.025900     0.012048
    -0.691312    -0.769084     0.221791    -0.506485    -0.402656
    -1.006936     0.236937    -0.025359     0.039985     0.001801
    -0.441669    -0.034939    -0.426311    -0.276103    -0.336492
    -0.192406    -0.304735    -0.502230     0.190511    -0.569341
     0.219980     0.098248    -0.487046     0.118726     0.267484
    -0.279159    -0.228770    -0.089907     0.643402     0.215507
     0.164394    -0.044457    -0.112896     0.034170     0.144154
     0.073627    -0.081448     0.017401     0.209306     0.037575
     0.000231     0.014717    -0.159565     0.027241     0.118044
     0.193981    -0.037768     0.028107    -0.027454    -0.098970
     0.009436     0.191965    -0.170862     0.053077    -0.060199
     0.077820    -0.008570     0.064814     0.056934    -0.033036
     0.006369    -0.024676    -0.005581    -0.009432    -0.012736
     0.092576     0.117920     0.016345    -0.101880    -0.152394
    -0.065096    -0.034108    -0.032563    -0.007543     0.006137
    -0.018421     0.007256    -0.078117    -0.084910     0.277447
    -0.076858     1.007203     1.170559     0.544329    -0.220443
     0.483142     1.074664     0.147012    -0.900971    -1.030787
    -0.068693    -1.152001    -0.500856     0.341746     0.766389
     0.414174    -0.671830    -0.448232    -0.646271     0.706772
     0.091855     0.152947     0.491147     0.271744     0.205710
     0.606725     0.395131    -0.184326    -0.356793    -0.661872
     0.135225    -0.323064    -1.027685     1.061854     0.205451
    -0.059823     0.071051    -0.679142    -0.042739     0.276775
     0.237507     0.630487     0.119368     0.392215     0.471149
     0.158595    -0.421616     0.462555    -0.405252    -0.859132
     0.322311    -0.348031    -1.274951     0.227292     0.492535
     0.364298    -1.314251    -0.671934    -0.104706    -0.021490
     0.098631     0.789416     0.957218    -0.102063     0.026740
     0.254625     0.869166    -0.132746    -0.832488    -0.979455
     0.142626    -0.904201    -0.948070     1.077310     0.516328
     0.543635     0.192770    -0.708784    -0.650079    -0.264603
     0.265346     0.564441     1.025002    -0.140276     0.694034
     0.860718     0.081993     0.362114    -0.161741    -0.388626
     0.824290    -0.288932    -0.916915     1.131490    -0.252133
    -0.300246    -0.769235    -0.731398    -0.318315     0.149308
     0.032931     0.722602     0.666463    -0.129819     0.264666
     0.305446     0.220548     0.368533    -1.412065    -1.755946
     0.178800    -1.169095    -1.697665     0.436449     0.521202
     0.263339    -0.688247    -0.655041    -0.984431    -0.475953
     0.621055     0.609547     1.058960    -1.221160     0.756752
     0.082423     0.587465     0.690904    -0.192099    -0.310189
     0.553966    -0.005397    -0.605045    -0.125724     0.115664
    -0.182126     0.386709     0.091375    -0.380996    -0.115413
     0.115512     0.395344     0.626044    -0.515011     0.404955
     0.356211     0.479199    -0.144364    -0.618083    -0.743240
     0.372398    -0.494621    -0.902827     1.231050     0.004141
    -0.200011     0.148434    -0.520091    -0.622319    -0.001535
     0.520116     1.052822     1.715618     0.454926     0.508030
     0.552091     1.501152     0.240686    -0.691698    -0.940392
     0.606734    -1.172872    -1.076535     0.987898     0.456309
     0.028297    -0.349951    -0.540466    -0.592577    -0.088187
    -0.206901    -0.012115     0.229541     0.103263    -0.074560
    -0.002224     0.080342     0.029792    -0.120552    -0.032795
    -0.211053    -0.054818     0.093413     0.142770    -0.033943
    -0.035510    -0.073556    -0.092580    -0.093244    -0.269747
     0.299996     0.330351    -0.353186     0.086267    -0.081310
    -0.431059    -0.041712     0.006451    -0.039614     0.020883
     0.033956     0.036663     0.077115     0.046794    -0.020354
     0.051708     0.003126    -0.076705     0.087710    -0.016329
     0.077667    -0.043686     0.048127    -0.036560    -0.019603
     0.086600     0.020038    -0.138484    -0.322559    -0.240282
    -0.460342     0.264717    -0.395417    -0.349617    -0.174695
     0.200611     0.397153     0.480333    -0.423567     0.384021
     0.888141    -0.407651    -0.234894    -0.139202     0.051398
     0.551359     0.255640     0.126110    -0.171249     0.439786
     0.407144     0.444467    -0.032746     0.076629     0.431359
     0.022789    -0.015754    -0.142934     0.031593    -0.207412
    -0.147726     0.169397     0.172072     0.067446    -0.077177
    -0.220138    -0.035436     0.202157     0.277726     0.165040
     0.228692    -0.396494     0.245803     0.168950    -0.032839
     0.242911    -0.102897    -0.202997     0.391396    -0.081196
    -0.446900     0.168182     0.142660     0.014877    -0.315324
    -0.033995    -0.057798     0.107703     0.156940     0.941685
     1.487573     0.017752     0.424351     0.888559     0.553995
     0.162846    -0.831296    -0.944970     0.501664    -0.989353
    -0.968356     1.373171     0.646226     0.362133    -0.474839
    -0.719850    -0.695622     0.319559     0.586727     0.568529
     0.824995     0.143633     0.644114     0.629818     0.518691
     0.311199    -0.137143    -0.252971     0.740952    -0.208393
    -0.876721     0.970439     0.409121     0.089032    -0.872325
    -0.678689    -0.095265     0.417329    -0.187528     0.107335
    -0.134381     0.426025    -0.081378    -0.324782     0.641173
    -0.315935     0.342648     0.111876    -0.182791     0.150608
    -0.158081    -0.222086     0.225213     0.072477     0.068609
    -0.103004     0.392322     0.139014     0.068678     1.087602
     0.965442    -0.002719     0.258333     0.289783     0.756438
     0.535738    -0.340086    -0.426824     0.352622    -0.356080
    -0.781092     0.476515     0.497007     0.145456    -0.881211
    -0.448085    -0.370704     0.122498     0.697351     0.234757
     0.589019    -0.110461     0.434481     0.486077     0.600605
     0.388440    -0.392489    -0.224268     0.788727    -0.329338
    -0.306546     1.276108     0.298112     0.023818    -0.037765
    -0.226105    -0.426066     0.129750     0.255481     0.355185
     0.427082     0.403500     0.132688     0.330881     0.040020
     0.369523    -0.321706    -0.288029     0.292036    -0.327838
    -0.194704     0.483037     0.414683     0.268824    -0.389166
    -0.134447    -0.216343     0.015091     0.054369     0.006596
    -0.038604    -0.040694     0.024887    -0.039519    -0.066260
    -0.028639    -0.004251     0.001388     0.128256     0.038679
    -0.018981    -0.046231     0.024841    -0.026202     0.015860
     0.029969    -0.008481    -0.079870     0.185324     0.065432
    -0.021711    -0.031280     0.010205     0.055579     0.034478
     0.005943     0.023511     0.016293    -0.069186    -0.043642
    -0.031332     0.009843     0.058877    -0.008692    -0.003520
     0.020007    -0.155929    -0.023812    -0.039671     0.023735
     0.014237     0.014177    -0.019103    -0.025516    -0.033446
     0.012014    -0.017779     0.018841     0.100823    -0.127915
     0.086529     0.147533     0.172348     0.321583    -0.352112
    -0.306084    -0.069485    -0.264750     0.195277     0.382064
     0.011450    -0.088823     0.772458     0.424293    -0.300330
     0.421273     0.329036     0.313616     0.237740     0.340877
     0.007093     0.087997     0.647974     0.094339    -0.075329
    -0.152121     0.186309    -0.066599    -0.247870     0.527458
     0.512487     0.288227     0.007587    -0.209969     0.067943
     0.200660    -0.014107     0.091540    -0.258772     0.598951
    -0.029556    -0.171751     0.401046     0.049060     0.210964
     0.131653    -0.103690     0.148539     0.386364     0.441407
     0.270648     0.219265     0.437241     0.041567     0.211456
     0.250713     0.533720     0.432570     0.329976     0.065495
     0.464885     0.205582     0.648425     0.343514    -0.176516
    -0.115553     0.505153     0.122683    -0.566687     0.233496
     0.205678    -0.031951    -0.191429    -0.304784    -0.185930
    -0.101063    -0.389120    -0.119417    -0.176305    -0.032999
    -0.298870    -0.163644    -0.172083    -0.192757     0.313024
     0.182345    -0.287321     0.117889     0.311886    -0.187952
    -0.282813    -0.033470     0.367599     0.186037     0.258642
     0.128517     0.371422    -0.043995     0.206986     0.046898
     0.208638     0.401724    -0.350810     0.246946     0.166568
     0.078090     0.286022     0.097062     0.067458     0.359704
     0.001650     0.156255     0.003890     0.142651     0.234551
     0.233435     0.113054    -0.048239     0.314013    -0.046011
     0.193812     0.087327     0.237587    -0.069912     0.101940
    -0.120537     0.178088    -0.091328    -0.177588     0.356931
     0.169679     0.071928     0.156636    -0.176919     0.113002
     0.243176     0.005513     0.486445     0.380905    -0.105460
     0.205057     0.327112     0.440446    -0.025958    -0.543822
    -0.721385     0.239176    -0.506098    -0.545943     0.546882
     0.346248     0.090664    -0.115125    -0.293452    -0.410729
    -0.134554    -0.071415     0.072202     0.038544     0.130454
    -0.091014    -0.210677     0.305835     0.019029    -0.214852
    -0.208046    -0.178149    -0.217589     0.263474    -0.182977
    -0.060609    -0.089901     0.534840     0.332859    -0.232302
    -0.056731    -0.119380    -0.065959     0.081320     0.073041
    -0.000247     0.029465     0.150821     0.015434     0.011844
    -0.031792    -0.112520    -0.048079     0.094019     0.109533
     0.001091     0.003279    -0.089839    -0.034868    -0.056750
    -0.045267     0.195373     0.116688    -0.037125     0.091275
    -0.002836     0.199355     0.059729     0.000667    -0.031742
    -0.023299    -0.009019     0.001287    -0.022953     0.045639
     0.008705     0.055724    -0.001136    -0.008282    -0.071857
     0.039689    -0.069701    -0.011118     0.025631    -0.043660
    -0.028751    -0.002920    -0.040373    -0.091122     0.157089
     0.021904     0.169723    -0.169207     0.230561     0.256027
    -0.089288     0.025315    -0.419340    -0.349532     0.188483
    -0.323103    -0.243821     0.171964     0.035110    -0.008141
     0.160795    -0.036648    -0.342705    -0.181758    -0.067311
    -0.259913    -0.255046     0.108043    -0.297785    -0.176080
    -0.255404    -0.133757     0.324337     0.338348    -0.226620
     0.232188     0.439645    -0.105800    -0.265097    -0.075793
     0.242487     0.212664     0.267929    -0.030674    -0.365286
    -0.060441    -0.067218     0.126344    -0.246623    -0.209785
    -0.010789    -0.354547     0.330846     0.243350    -0.403506
     0.143147     0.178473    -0.200988    -0.112199     0.083680
     0.019159    -0.086843     0.288892     0.108076    -0.296200
    -0.158010    -0.353780     0.385651    -0.356083    -0.386711
     0.034553    -0.370728     0.527973     0.380507    -0.310375
     0.384454     0.101134    -0.366607    -0.215826    -0.084943
    -0.093552    -0.134597     0.468780     0.042646    -0.279374
    -0.245452    -0.168764     0.077900    -0.213923    -0.114167
    -0.172970    -0.458452     0.298898     0.193011    -0.116945
     0.089410    -0.001121    -0.116145    -0.173804    -0.018526
    -0.034154    -0.145725     0.274867     0.104783    -0.167734
    -0.037269    -0.052883     0.012988    -0.151043    -0.069532
    -0.143291    -0.046726     0.058779    -0.124868    -0.090766
    -0.108056    -0.169974     0.083677     0.028671     0.090828
    -0.472461    -0.151014     0.116610    -0.135589     0.303685
    -0.077487     0.068348    -0.133628     0.234407     0.116320
    -0.191714     0.021870    -0.347772    -0.343543     0.278155
    -0.246194    -0.338798    -0.025641     0.009410    -0.050763
    -0.014117    -0.130837    -0.282238    -0.181119     0.076159
     0.174763     0.048377    -0.303389     0.114420     0.100355
    -0.092821     0.123392    -0.612911    -0.595817     0.080004
    -0.421063    -0.322216    -0.455245     0.015541    -0.156472
     0.010723    -0.023094    -0.516438    -0.188270    -0.372750
    -0.351262    -0.449065     0.145494    -0.379105    -0.449537
    -0.048104    -0.340788     0.222379     0.183261    -0.467968
     0.157911     0.477050    -0.455141    -0.330034    -0.192920
     0.546608     0.323337     0.154877    -0.071867    -0.102834
    -0.007834     0.036606     0.005596    -0.072069     0.051870
     0.017870    -0.045094    -0.020263    -0.040121    -0.029932
    -0.024309     0.034698     0.041670    -0.011381    -0.013785
     0.000777    -0.007610    -0.030285     0.047822    -0.041115
    -0.020257    -0.081951     0.014140    -0.017095     0.047297
    -0.065461    -0.028100    -0.003433    -0.055697    -0.028335
    -0.033078    -0.046124    -0.028582     0.040561     0.055039
    -0.041910     0.007210    -0.076398     0.031381    -0.067367
     0.004524     0.046562     0.006606    -0.048369    -0.005484
    -0.000439     0.001480     0.047282     0.007519     0.027695
    -0.173745     0.083948     0.103025    -0.041879     0.059122
    -0.109876    -0.144277     0.057375    -0.059942    -0.056054
     0.071783    -0.017338    -0.061993     0.106770     0.097496
    -0.081313    -0.044346    -0.070985    -0.141249    -0.285540
     0.078284    -0.220389    -0.179452     0.004116    -0.002906
     0.252405     0.230185    -0.145824     0.201748     0.320733
    -0.122354    -0.128112    -0.048689     0.096784     0.211199
     0.222200     0.070267     0.071477     0.079807     0.014035
     0.117111    -0.043020    -0.034100     0.161088    -0.008438
     0.080528     0.042903     0.005182     0.061566    -0.036197
    -0.020214     0.091644     0.110600    -0.159419    -0.159040
     0.085615     0.068738     0.048017     0.001300    -0.047266
     0.024280     0.020795     0.005752     0.129540     0.087023
     0.066321     0.062834     0.037675     0.102895     0.002570
     0.019421    -0.063487    -0.032996     0.015346    -0.043717
     0.045076    -0.005334    -0.135266    -0.180987    -0.129308
     0.154684    -0.211894    -0.070002    -0.108893    -0.238913
     0.300618     0.243355    -0.095068     0.104902     0.349930
    -0.027080    -0.115884     0.045069     0.445486     0.134638
     0.272441     0.047863    -0.039571    -0.087304    -0.178022
    -0.024234    -0.105669    -0.098064    -0.174343    -0.021312
     0.143220     0.075375    -0.092798     0.142546     0.029531
    -0.065243    -0.067371     0.022341    -0.048683     0.000784
     0.149912     0.058657     0.144868    -0.066880     0.047357
     0.160909    -0.005483     0.004731    -0.007265     0.063323
     0.189823     0.115880     0.084369     0.075600     0.243069
     0.000068     0.068089     0.039474    -0.004926     0.132451
     0.176137    -0.013325    -0.064219     0.140683     0.024784
    -0.240290     0.081851     0.064951    -0.124795    -0.025104
    -0.234351    -0.254231     0.011540    -0.105525    -0.205709
    -0.294098     0.052845     0.001722    -0.027358    -0.049846
    -0.189105    -0.035832    -0.035938     0.055566     0.114673
     0.095315    -0.068727    -0.046192     0.182950    -0.021731
    -0.135605    -0.198201    -0.030725    -0.225112     0.015024
     0.059826    -0.016883    -0.097167     0.071624     0.113568
    -0.118654     0.014480    -0.099102    -0.038450     0.026532
    -0.009884    -0.062126    -0.023911     0.048595    -0.014664
     0.038837    -0.047993    -0.035844     0.036942     0.008007
     0.086223    -0.001360    -0.042602     0.005298    -0.047000
    -0.056194     0.001760     0.021165     0.108931    -0.059590
     0.068688    -0.024234     0.107497     0.068591     0.052797
     0.016009     0.079698     0.058730     0.027181     0.089250
    -0.057189    -0.174463    -0.056838     0.048038     0.081076
     0.214282    -0.049626     0.087204     0.026523    -0.067601
    -0.007025     0.018774     0.139182     0.040274    -0.424126
    -0.447730    -0.373488     0.167802     0.627044    -0.555525
    -0.167486    -0.334375    -0.191801     0.866740     0.958572
    -0.489270     0.368279     1.119411    -0.569895    -0.583022
    -0.354233    -0.247890     0.189030     0.530483     0.440655
    -1.406527     0.249508     0.346728    -0.883616    -0.641121
    -0.379448    -0.010538    -1.664978     0.181940    -0.388792
    -0.747462    -0.444969    -1.018451    -1.452416    -0.176307
    -0.076538     0.182958    -1.045595     0.219853     0.058775
    -0.838113     0.284600     0.099927     0.403013    -0.080425
    -0.140804     0.418554     0.027930    -1.648654    -1.746434
    -0.354313    -1.255421    -1.618645    -1.073621     0.180861
    -0.371532    -0.860423    -0.506666    -1.260154     0.336203
    -0.598875     0.403736     0.708098    -1.101234     0.679679
     0.455944     0.609021    -0.648455    -0.338196    -0.600899
     0.181117    -0.287939    -1.740010     0.099166     0.287271
    -0.035497    -0.639530    -1.412238    -0.311050    -0.447333
    -0.087556    -0.757374    -0.464013    -0.914786    -0.369659
    -0.609647    -0.253535    -0.084789     0.232769     0.374613
    -0.654652     0.239789     0.948996    -0.162010    -0.486489
    -0.278098     1.259811     0.895628     0.101542    -0.767375
    -1.589483    -0.991146    -1.638313    -0.295854    -0.484127
    -1.053593    -2.166761    -1.212293    -0.170995    -0.096553
    -1.079776     0.108948     0.064222    -1.074615    -0.513480
    -0.149134    -0.086965    -0.019985    -0.199977    -1.176148
     0.642725    -0.315886    -0.238209    -1.637123     0.254861
     0.375890    -0.790669     0.156054    -0.399461     0.597431
     0.216070     0.282336     0.600798    -0.979771    -0.836712
    -0.268435     1.812932     0.504390    -0.579795    -0.332098
     0.101402    -0.245377    -0.775661     0.051125    -0.340893
    -0.628876    -0.104491    -0.756773     0.474899     0.545315
    -0.112136     0.436322     0.284910    -0.508166    -0.509334
    -0.251155     0.394820    -0.151883     0.272538    -0.408430
    -0.617754     0.276857     0.254155    -0.070173    -0.225603
     0.036916    -0.204124     0.655516    -0.417358    -0.233820
    -0.548501    -0.159898    -0.011096    -0.447064    -0.171774
    -0.181399     0.443381     0.224250    -0.409734    -0.002410
     0.248436     0.000032    -0.255726    -0.046262     0.024384
    -0.052804    -0.305269     0.029897     0.032298     0.020767
     0.254220    -0.018120    -0.084746    -0.282517     0.061590
    -0.021053     0.103032     0.068393     0.097477    -0.423047
     0.137876    -0.044204    -0.223636    -0.246902    -0.062404
    -0.317462    -0.260526     0.048117    -0.027598     0.043624
     0.029304     0.022512     0.004901    -0.042822     0.012070
    -0.003380     0.036011     0.033073    -0.048072    -0.045587
     0.041142     0.036642    -0.005957     0.027472     0.022303
     0.041138    -0.002620     0.048281     0.118495     0.047145
     0.059937    -0.107302     0.070234     0.102815     0.140837
     0.068575    -0.068893    -0.061563     0.070639    -0.050778
     0.002007     0.012682     0.069351     0.011987     0.131500
     0.017746    -0.042775    -0.066177    -0.034221    -0.054477
     0.035985    -0.119649     0.018903     0.077561    -0.124732
     0.078154     0.056364     0.075454    -0.002515     0.090949
     0.062279     0.060985    -0.070982     0.008767    -0.032002
     0.052308     0.029455    -0.039938     0.003540    -0.075663
    -0.046463     0.040656    -0.026346     0.032469    -0.046184
     0.050961     0.082059     0.059760    -0.032364     0.023074
     0.213076     0.055734    -0.060366     0.010647     0.191679
     0.149600     0.071636     0.006921     0.086324     0.069292
     0.036524    -0.124239     0.012848     0.046094     0.154314
     0.169440    -0.089342    -0.069964     0.019329    -0.025793
     0.076846     0.083887    -0.006687    -0.067116     0.168867
     0.082917    -0.097545     0.009242     0.051060     0.006783
    -0.049650    -0.067627     0.024091     0.039603    -0.051143
     0.038049     0.082323     0.090911     0.024028     0.097068
     0.046858     0.035999    -0.061449    -0.006905     0.009468
     0.062739     0.073662     0.003770     0.118490     0.049798
     0.155140    -0.108754     0.031170     0.113173     0.059676
     0.031488     0.018230     0.019039     0.118149    -0.009717
    -0.088293    -0.046202    -0.015118    -0.023356    -0.217789
    -0.076707     0.008040     0.030146     0.047811     0.019660
     0.096398     0.059674     0.055604     0.060074     0.040175
     0.125514     0.021789    -0.020585     0.060122    -0.038477
     0.064365     0.038692     0.046464    -0.009808     0.058308
     0.111687     0.028117    -0.107199     0.044830     0.031616
     0.073499    -0.113151     0.045078     0.081245    -0.079779
     0.187375    -0.027551     0.019446     0.009455     0.055213
     0.156697    -0.087660    -0.083617    -0.092964     0.152809
     0.200098    -0.065900    -0.025879    -0.041308     0.027414
     0.032644    -0.000694    -0.011980     0.024880    -0.014989
     0.012294    -0.228453    -0.234741    -0.027905    -0.183246
    -0.181405     0.017132    -0.018802    -0.038484    -0.044649
    -0.053499    -0.171164    -0.049917    -0.033675    -0.001175
     0.049534     0.010601    -0.050713    -0.019798    -0.012278
    -0.016595    -0.042371     0.028394     0.015581     0.010976
    -0.010694     0.044272    -0.030375    -0.003585    -0.001186
     0.030635     0.031002     0.021383     0.023127     0.027625
     0.023017     0.017543     0.000500    -0.004036     0.049369
    -1.963382    -1.721352    -1.336862     0.095344    -0.086979
     2.678328     1.809282    -0.497142    -0.326831     2.489318
    -1.469964    -0.041186    -1.335041    -2.285759     1.212608
    -1.002153    -0.550970    -0.382004     2.701906    -0.034406
     0.370091
