# smm_align_hmm_flank -blr -hmm /home/projects/mniel/BPeters_ClassII_Benchmark/NN-align/data_20112009/class_II_random_split_5cv/HLA-DQA10102-DQB10602/gibbsmat/3.gibbs.avemat -bl -la 0.02 -m f003.la.bl.mat.23 -s 23 -ft /home/projects/mniel/BPeters_ClassII_Benchmark/data_20112009/class_II_random_split_5cv//HLA-DQA10102-DQB10602_test_random_3.txt.log50k -cc -fl 3 -- 
# WHMM 0.0182 0.0517 0.0675 0.0225 0.0419 0.0497 0.0446 0.0272 0.0940
# E 0.029509
# DR 0.023100
# FCC 0.745225
# T 0.000001
# NT 20
# ITR 2500

Last position-specific scoring matrix computed       
            A       R       N       D       C       Q       E       G       H       I       L       K       M       F       P       S       T       W       Y       V 
  0 A  -0.043  -0.048   0.030   0.043  -0.040   0.010   0.023   0.003   0.011   0.010   0.023  -0.018  -0.026   0.050   0.011  -0.018   0.044  -0.027  -0.018  -0.018 
  1 A  -0.007  -0.021   0.097  -0.040  -0.085   0.043  -0.057  -0.028   0.034   0.088   0.101  -0.045   0.138   0.040  -0.079   0.026   0.006   0.023   0.095   0.054 
  2 A   0.092   0.069   0.066  -0.009   0.043   0.066   0.077   0.099   0.100  -0.280  -0.273   0.085  -0.148  -0.131  -0.052   0.125   0.141  -0.013  -0.042  -0.206 
  3 A   0.150  -0.034  -0.001  -0.021  -0.082   0.070  -0.013   0.065   0.008  -0.063  -0.040  -0.036   0.064   0.007  -0.080   0.046  -0.053   0.097   0.035  -0.078 
  4 A   0.165  -0.078  -0.008  -0.027   0.136  -0.052  -0.004  -0.063  -0.139   0.158   0.147  -0.059   0.164   0.026  -0.053   0.099   0.113  -0.295  -0.062   0.175 
  5 A   0.025   0.024   0.052  -0.104  -0.185   0.030  -0.022  -0.077   0.036   0.009   0.069   0.033   0.124  -0.005  -0.026  -0.052   0.049  -0.004  -0.075  -0.019 
  6 A   0.044  -0.104  -0.101  -0.169  -0.084  -0.016  -0.085  -0.066  -0.224   0.178   0.141  -0.095   0.172  -0.081  -0.058  -0.051   0.053   0.003  -0.091   0.127 
  7 A   0.065  -0.019  -0.071  -0.064   0.046   0.082   0.024  -0.056   0.071  -0.035   0.080  -0.040   0.121   0.033  -0.075  -0.030  -0.065  -0.163   0.090   0.004 
  8 A   0.040  -0.097  -0.038  -0.031   0.030  -0.014  -0.027   0.012  -0.099   0.022   0.056  -0.052   0.088  -0.005   0.019   0.038   0.032   0.028   0.017   0.024 
  9 A   0.110  -0.128  -0.053  -0.081  -0.022  -0.030  -0.023  -0.013  -0.050   0.009  -0.004  -0.115   0.046  -0.026  -0.167   0.038   0.007  -0.014  -0.014   0.004 
 10 A   0.033  -0.026  -0.008  -0.008   0.008  -0.031  -0.008  -0.010   0.024  -0.012   0.010  -0.011  -0.011   0.016  -0.011   0.025   0.017   0.006   0.005  -0.008 
