# smm_align_hmm_flank -blr -hmm /home/projects/mniel/BPeters_ClassII_Benchmark/NN-align/data_20112009/class_II_random_split_5cv/H-2-IAd/gibbsmat/3.gibbs.avemat -la 0.02 -m f003.la.sp.mat.25 -s 25 -ft /home/projects/mniel/BPeters_ClassII_Benchmark/data_20112009/class_II_random_split_5cv//H-2-IAd_test_random_3.txt.log50k -cc -fl 3 -- 
# WHMM 0.0188 0.0436 0.0700 0.0489 0.0424 0.0458 0.0216 0.0542 0.0784
# E 0.023126
# DR 0.028233
# FCC 0.814776
# T 0.000001
# NT 20
# ITR 2500

Last position-specific scoring matrix computed       
            A       R       N       D       C       Q       E       G       H       I       L       K       M       F       P       S       T       W       Y       V 
  0 A   0.033   0.000  -0.036   0.011   0.040  -0.049  -0.010  -0.057  -0.012   0.007   0.012   0.028   0.032   0.009  -0.010   0.019   0.004   0.010  -0.069   0.038 
  1 A  -0.045   0.064  -0.102   0.045  -0.022  -0.023   0.041  -0.050   0.025  -0.057  -0.026  -0.002   0.032  -0.030  -0.071   0.061  -0.069   0.045   0.060   0.005 
  2 A   0.001   0.148  -0.102  -0.010  -0.100  -0.088  -0.008  -0.076   0.029  -0.032  -0.088   0.052   0.072   0.001  -0.002   0.003  -0.004  -0.017   0.080  -0.044 
  3 A   0.049  -0.046   0.059  -0.151  -0.043   0.073   0.051  -0.114   0.040  -0.072  -0.050  -0.010   0.164  -0.034  -0.192   0.022  -0.004   0.020   0.017  -0.046 
  4 A   0.046   0.002  -0.113  -0.117  -0.027  -0.045  -0.052  -0.036   0.049  -0.072   0.122   0.066   0.015  -0.117  -0.090  -0.020  -0.008   0.145  -0.004  -0.034 
  5 A   0.087   0.002  -0.111   0.022  -0.046   0.027  -0.027  -0.104  -0.042   0.142  -0.008  -0.084  -0.031  -0.051  -0.075   0.046   0.066  -0.007  -0.119   0.019 
  6 A   0.054  -0.021  -0.033  -0.075  -0.123  -0.002  -0.029  -0.003  -0.047   0.028  -0.072   0.018  -0.020  -0.062  -0.013   0.113  -0.024  -0.013  -0.014   0.026 
  7 A  -0.088  -0.032  -0.078  -0.055   0.021   0.049   0.019  -0.031  -0.031   0.025   0.095   0.032  -0.050  -0.016  -0.013  -0.034  -0.065   0.063  -0.063   0.130 
  8 A   0.096   0.005  -0.086   0.072  -0.149   0.039  -0.091  -0.027   0.024  -0.089   0.026  -0.004   0.016  -0.005   0.002  -0.004  -0.074  -0.187   0.095  -0.040 
  9 A   0.144  -0.063  -0.050  -0.074  -0.068  -0.083  -0.142  -0.023   0.022  -0.045  -0.004  -0.063   0.117  -0.042  -0.035   0.083  -0.055  -0.165   0.062  -0.024 
 10 A   0.036   0.010  -0.001  -0.035  -0.016  -0.009  -0.026  -0.026   0.023   0.017   0.016   0.013  -0.030  -0.012   0.021   0.030   0.006  -0.017  -0.005   0.005 
