# smm_align_hmm_flank -blr -hmm /home/projects/mniel/BPeters_ClassII_Benchmark/NN-align/data_20112009/class_II_random_split_5cv/HLA-DRB10901/gibbsmat/1.gibbs.avemat -bl -la 0.02 -p1a -m f001.la.bl.mat.13 -s 13 -ft /home/projects/mniel/BPeters_ClassII_Benchmark/data_20112009/class_II_random_split_5cv//HLA-DRB10901_test_random_1.txt.log50k -cc -fl 3 -- 
# WHMM 0.0007 0.0230 0.0840 0.0430 0.0239 0.0821 0.0548 0.0243 0.0626
# E 0.032021
# DR 0.018900
# FCC 0.648873
# T 0.000001
# NT 20
# ITR 2500

Last position-specific scoring matrix computed       
            A       R       N       D       C       Q       E       G       H       I       L       K       M       F       P       S       T       W       Y       V 
  0 A   0.044  -0.008  -0.007  -0.034  -0.024  -0.020   0.014  -0.001   0.001   0.009   0.022  -0.002  -0.026   0.000  -0.002   0.011   0.014   0.010   0.011  -0.010 
  1 A  -0.039  -0.073  -0.090  -0.126  -0.046  -0.081  -0.083  -0.053   0.004   0.107   0.116  -0.098   0.108   0.218  -0.074  -0.092  -0.064   0.126   0.191   0.073 
  2 A   0.008   0.071   0.109  -0.017   0.016   0.117  -0.005   0.035   0.039   0.021  -0.023   0.106   0.015  -0.012  -0.123   0.079   0.047  -0.019   0.100   0.024 
  3 A   0.017   0.025  -0.097  -0.158  -0.024   0.062  -0.047  -0.192  -0.075   0.005   0.032   0.021   0.025   0.039  -0.015  -0.014   0.012   0.105  -0.003   0.015 
  4 A   0.099  -0.017   0.002  -0.031   0.004  -0.015  -0.060   0.065   0.102   0.048   0.094  -0.065   0.113   0.073  -0.129   0.085   0.053  -0.325   0.061   0.044 
  5 A   0.062   0.021  -0.004  -0.067  -0.045  -0.011  -0.009  -0.032   0.051   0.044   0.059   0.007   0.073   0.023  -0.063   0.009   0.024   0.099   0.094   0.069 
  6 A   0.131   0.005   0.027  -0.033  -0.303   0.051   0.068   0.108   0.014  -0.025  -0.023   0.047   0.107  -0.269   0.162   0.177   0.034  -0.253  -0.150   0.010 
  7 A   0.100   0.003  -0.043  -0.059  -0.021  -0.041  -0.008   0.020  -0.025   0.003   0.021   0.027   0.027   0.012   0.091   0.040   0.046  -0.211  -0.043  -0.012 
  8 A   0.026   0.051  -0.045  -0.126  -0.041   0.097  -0.015  -0.027   0.057   0.031   0.046   0.069   0.067   0.036  -0.032   0.033   0.010   0.027   0.031   0.024 
  9 A   0.024  -0.056  -0.043  -0.104  -0.043  -0.127  -0.099  -0.063  -0.060   0.075   0.080  -0.091   0.053   0.037  -0.077  -0.034   0.013  -0.038  -0.001   0.098 
 10 A   0.016  -0.011   0.000  -0.015   0.014   0.012   0.016  -0.019  -0.027   0.021   0.023  -0.001  -0.022   0.006  -0.003  -0.016  -0.013   0.013  -0.001   0.006 
