# smm_align_hmm_flank -blr -hmm /home/projects/mniel/BPeters_ClassII_Benchmark/NN-align/data_20112009/class_II_random_split_5cv/HLA-DRB10901/gibbsmat/2.gibbs.avemat -bl -la 0.02 -p1a -m f002.la.bl.mat.21 -s 21 -ft /home/projects/mniel/BPeters_ClassII_Benchmark/data_20112009/class_II_random_split_5cv//HLA-DRB10901_test_random_2.txt.log50k -cc -fl 3 -- 
# WHMM 0.0098 0.0198 0.0262 0.0673 0.0069 0.0246 0.0236 0.0260 0.0203
# E 0.032315
# DR 0.023100
# FCC 0.653116
# T 0.000001
# NT 20
# ITR 2500

Last position-specific scoring matrix computed       
            A       R       N       D       C       Q       E       G       H       I       L       K       M       F       P       S       T       W       Y       V 
  0 A  -0.002  -0.037   0.027  -0.003  -0.019   0.015   0.025  -0.005  -0.003   0.004   0.003   0.018  -0.018   0.001  -0.006  -0.004  -0.012   0.006   0.001   0.008 
  1 A  -0.092  -0.053  -0.094  -0.132  -0.046  -0.072  -0.103  -0.095   0.011   0.095   0.108  -0.091   0.120   0.187  -0.125  -0.119  -0.066   0.155   0.198   0.058 
  2 A   0.000   0.080   0.046  -0.061  -0.032   0.063  -0.024   0.023  -0.050   0.048   0.014   0.097   0.032   0.044  -0.138   0.076   0.061   0.020   0.040   0.033 
  3 A   0.068   0.056  -0.030  -0.166  -0.067   0.057  -0.062  -0.057   0.006   0.041   0.033   0.062   0.069  -0.019   0.077  -0.004   0.046   0.090   0.008   0.037 
  4 A   0.087  -0.113   0.026  -0.020  -0.097   0.009  -0.055  -0.012   0.102   0.062   0.105  -0.060   0.133   0.086  -0.186   0.107   0.048  -0.222   0.053   0.034 
  5 A   0.027  -0.033  -0.001  -0.002  -0.019   0.034   0.014  -0.038   0.023   0.039   0.017  -0.037  -0.011   0.062   0.042   0.010   0.016  -0.018   0.133   0.046 
  6 A   0.111  -0.025   0.017  -0.069  -0.119  -0.009  -0.053   0.063   0.097   0.011  -0.035   0.007   0.006  -0.005   0.111   0.105   0.047  -0.063   0.059   0.029 
  7 A   0.082   0.012  -0.068  -0.069   0.003  -0.000  -0.006   0.058  -0.085  -0.025  -0.006   0.044   0.015  -0.071   0.081   0.028   0.040  -0.043  -0.085  -0.021 
  8 A   0.032   0.070  -0.021  -0.088  -0.072   0.090   0.001   0.026   0.012  -0.010   0.029   0.078   0.060   0.030  -0.019   0.046   0.004   0.046   0.013  -0.021 
  9 A   0.105  -0.016  -0.062  -0.085  -0.164  -0.076  -0.047  -0.064  -0.107   0.142   0.131  -0.059   0.050   0.082  -0.056  -0.043   0.064   0.027   0.037   0.152 
 10 A   0.024   0.026  -0.012   0.005  -0.004  -0.000  -0.026   0.008   0.024   0.005   0.004  -0.031   0.022  -0.001  -0.024  -0.056   0.009  -0.014   0.026   0.014 
