# smm_align_hmm_flank -blr -hmm /home/projects/mniel/BPeters_ClassII_Benchmark/NN-align/nooverlap-3/H-2-IEd/gibbsmat/2.gibbs.avemat -bl -la 0.02 -m f002.la.bl.mat.11 -s 11 -ft /home/projects/mniel/BPeters_ClassII_Benchmark/class_II_nooverlap_core_5cv-3//H-2-IEd_test_nooverlap_2.txt.log50k -cc -fl 3 -- 
# WHMM 0.0139 0.0950 0.0804 0.0418 0.1374 0.0189 0.0528 0.0787 0.0131
# E 0.001001
# DR 0.018900
# FCC 0.984993
# T 0.000001
# NT 20
# ITR 2500

Last position-specific scoring matrix computed       
            A       R       N       D       C       Q       E       G       H       I       L       K       M       F       P       S       T       W       Y       V 
  0 A   0.016   0.036  -0.043  -0.023   0.001  -0.024   0.022   0.002   0.011   0.049   0.013  -0.001   0.011  -0.041  -0.029   0.013  -0.013   0.051  -0.016  -0.035 
  1 A  -0.087   0.134  -0.147  -0.094  -0.035   0.034   0.007  -0.186   0.083   0.059   0.082   0.008   0.029   0.195  -0.188  -0.085  -0.042   0.074   0.220   0.069 
  2 A  -0.047  -0.179  -0.227  -0.312   0.394  -0.056  -0.188  -0.263  -0.079   0.040  -0.062  -0.132  -0.034   0.087   0.052  -0.132  -0.095   0.146   0.129   0.155 
  3 A   0.025   0.085  -0.037  -0.069  -0.064   0.025  -0.080  -0.045  -0.064  -0.200  -0.059   0.083  -0.060  -0.184  -0.042  -0.001  -0.023  -0.026  -0.090  -0.173 
  4 A  -0.008   0.101  -0.053  -0.051   0.171  -0.016  -0.034   0.047   0.023  -0.117  -0.093   0.052  -0.105   0.015  -0.184  -0.025  -0.076   0.055   0.083  -0.101 
  5 A  -0.248   0.215  -0.162  -0.073  -0.257  -0.130  -0.142  -0.356  -0.018  -0.032  -0.029   0.082   0.012  -0.080  -0.038  -0.109  -0.062  -0.063   0.087  -0.013 
  6 A  -0.040   0.061  -0.001   0.023  -0.077   0.009   0.058  -0.023  -0.077  -0.112  -0.096   0.078  -0.138   0.045  -0.025  -0.019  -0.064   0.135   0.016  -0.121 
  7 A   0.045   0.155  -0.046   0.050  -0.152  -0.024  -0.045   0.008   0.073   0.002  -0.017   0.066  -0.014  -0.105  -0.172   0.139   0.054  -0.216  -0.114   0.021 
  8 A   0.057   0.042  -0.199  -0.128  -0.145  -0.286  -0.312  -0.025  -0.190   0.069   0.026  -0.010   0.003   0.085  -0.153  -0.073   0.008  -0.049  -0.027   0.037 
  9 A   0.056   0.169   0.037   0.019  -0.132   0.091   0.102  -0.045   0.165  -0.032  -0.007   0.122   0.032  -0.098   0.146  -0.016  -0.021  -0.309  -0.048  -0.038 
 10 A   0.037   0.001  -0.013  -0.001  -0.012  -0.022  -0.047   0.028   0.010   0.025   0.025   0.069   0.008  -0.052  -0.040  -0.007   0.008  -0.024   0.039  -0.032 
