# smm_align_hmm_flank -blr -hmm /home/projects/mniel/BPeters_ClassII_Benchmark/NN-align/data_20112009/class_II_random_split_5cv/HLA-DRB10701/gibbsmat/4.gibbs.avemat -la 0.02 -p1a -m f004.la.sp.mat.19 -s 19 -ft /home/projects/mniel/BPeters_ClassII_Benchmark/data_20112009/class_II_random_split_5cv//HLA-DRB10701_test_random_4.txt.log50k -cc -fl 3 -- 
# WHMM 0.0113 0.0629 0.0128 0.0793 0.0865 0.0736 0.0747 0.0050 0.1039
# E 0.032826
# DR 0.028233
# FCC 0.706622
# T 0.000001
# NT 20
# ITR 2500

Last position-specific scoring matrix computed       
            A       R       N       D       C       Q       E       G       H       I       L       K       M       F       P       S       T       W       Y       V 
  0 A  -0.010   0.056   0.002   0.028  -0.042   0.004  -0.049   0.002  -0.026   0.010   0.038   0.052  -0.009   0.024  -0.024  -0.001  -0.004  -0.005  -0.047   0.003 
  1 A  -0.083  -0.057  -0.054  -0.146  -0.051  -0.087  -0.045  -0.119  -0.124   0.119   0.182  -0.070   0.018   0.222  -0.105  -0.086  -0.027   0.074   0.115   0.037 
  2 A  -0.026   0.052   0.060   0.042  -0.052   0.035  -0.060  -0.067  -0.001   0.035   0.039   0.106   0.024  -0.086  -0.144   0.048  -0.039  -0.095  -0.023   0.019 
  3 A   0.018  -0.020  -0.076  -0.093  -0.020  -0.016  -0.013  -0.043   0.043   0.068  -0.003   0.030   0.031   0.002  -0.095   0.027   0.028   0.034   0.028   0.060 
  4 A   0.065  -0.123  -0.074  -0.127  -0.129  -0.090  -0.158  -0.019  -0.005   0.103   0.025  -0.121   0.069   0.011  -0.131   0.120   0.150  -0.074  -0.054   0.142 
  5 A   0.073   0.107  -0.067  -0.158   0.046   0.031  -0.019  -0.093  -0.000   0.030   0.061   0.083  -0.015   0.011  -0.016   0.022  -0.004  -0.272  -0.013   0.053 
  6 A   0.141  -0.055   0.146  -0.081  -0.059  -0.055  -0.004   0.120  -0.061  -0.040  -0.211  -0.044  -0.156  -0.193   0.173   0.205   0.065  -0.054  -0.035  -0.124 
  7 A   0.011   0.004   0.035  -0.200  -0.176   0.012  -0.000  -0.038  -0.053  -0.003   0.119   0.018   0.028  -0.007  -0.035   0.009   0.064   0.077   0.039  -0.004 
  8 A   0.010   0.026  -0.017   0.030  -0.042  -0.034  -0.073   0.007   0.022   0.013  -0.006   0.054   0.046  -0.009  -0.017   0.076   0.006  -0.071   0.031  -0.050 
  9 A  -0.040  -0.103  -0.141  -0.167  -0.168  -0.121  -0.141  -0.081   0.038   0.220   0.195  -0.138   0.026   0.115  -0.075  -0.012   0.053  -0.075  -0.076   0.197 
 10 A   0.062   0.002   0.048   0.025   0.013  -0.049  -0.042   0.029   0.043  -0.025   0.048   0.006  -0.032  -0.056  -0.035  -0.043  -0.016  -0.021  -0.006   0.048 
