# smm_align_hmm_flank -blr -hmm /home/projects/mniel/BPeters_ClassII_Benchmark/NN-align/nooverlap-3/HLA-DRB10405/gibbsmat/0.gibbs.avemat -la 0.02 -p1a -m f000.la.sp.mat.24 -s 24 -ft /home/projects/mniel/BPeters_ClassII_Benchmark/class_II_nooverlap_core_5cv-3//HLA-DRB10405_test_nooverlap_0.txt.log50k -cc -fl 3 -- 
# WHMM 0.0132 0.0153 0.0276 0.1164 0.0428 0.0677 0.1163 0.0342 0.0774
# E 0.032601
# DR 0.028233
# FCC 0.659937
# T 0.000001
# NT 20
# ITR 2500

Last position-specific scoring matrix computed       
            A       R       N       D       C       Q       E       G       H       I       L       K       M       F       P       S       T       W       Y       V 
  0 A   0.049  -0.010  -0.002   0.024   0.022  -0.012  -0.012   0.008  -0.047  -0.010   0.096   0.004  -0.007  -0.020   0.002   0.014  -0.006  -0.013  -0.040  -0.038 
  1 A  -0.084  -0.098  -0.092  -0.081  -0.053  -0.050  -0.072  -0.097  -0.097   0.108   0.065  -0.074   0.021   0.204  -0.094  -0.061  -0.092   0.071   0.190   0.067 
  2 A   0.012   0.029  -0.054  -0.019  -0.092   0.011   0.055  -0.067   0.013   0.043   0.058   0.082  -0.005  -0.019  -0.051   0.062  -0.034  -0.042  -0.008  -0.035 
  3 A   0.055   0.050  -0.048  -0.059  -0.081   0.009  -0.085  -0.021   0.040   0.008   0.033   0.016   0.022   0.046  -0.059   0.022  -0.005  -0.022   0.023   0.008 
  4 A   0.034  -0.174  -0.007  -0.167  -0.083   0.022  -0.126  -0.202  -0.218   0.102   0.166  -0.101   0.192   0.188  -0.201  -0.055  -0.005  -0.065   0.068   0.075 
  5 A  -0.004   0.015   0.042  -0.061  -0.038  -0.057  -0.032   0.015  -0.035   0.034  -0.005   0.030   0.030  -0.038  -0.010  -0.017   0.005  -0.047   0.121   0.021 
  6 A   0.068  -0.104   0.103   0.033  -0.057  -0.079  -0.072   0.005  -0.047   0.074   0.007  -0.048  -0.115  -0.131   0.046   0.110   0.056  -0.008  -0.074   0.073 
  7 A   0.052  -0.111   0.066  -0.122  -0.271   0.072  -0.002  -0.089  -0.137   0.106   0.081  -0.105  -0.062  -0.014   0.078   0.085   0.045   0.012  -0.162   0.089 
  8 A  -0.055   0.069  -0.083   0.028   0.013   0.053   0.016  -0.021  -0.031   0.009   0.051  -0.048  -0.037  -0.054   0.069   0.040   0.002  -0.046   0.048   0.010 
  9 A   0.033  -0.052   0.123  -0.010  -0.108  -0.014   0.078  -0.066   0.059  -0.082   0.006  -0.076  -0.051  -0.049   0.018   0.147   0.074  -0.107  -0.110   0.016 
 10 A  -0.007   0.010  -0.038   0.020  -0.031  -0.018   0.049   0.036  -0.045   0.029   0.063   0.034  -0.041   0.041  -0.017  -0.013  -0.037  -0.039  -0.036   0.040 
