# smm_align_hmm_flank -blr -hmm /home/projects/mniel/BPeters_ClassII_Benchmark/NN-align/data_20112009/class_II_random_split_5cv/HLA-DPB10301-DPB10401/gibbsmat/4.gibbs.avemat -la 0.02 -p1a -m f004.la.sp.mat.15 -s 15 -ft /home/projects/mniel/BPeters_ClassII_Benchmark/data_20112009/class_II_random_split_5cv//HLA-DPB10301-DPB10401_test_random_4.txt.log50k -cc -fl 3 -- 
# WHMM 0.0098 0.0281 0.0575 0.0454 0.0339 0.0691 0.0566 0.0285 0.0209
# E 0.019546
# DR 0.028233
# FCC 0.819574
# T 0.000001
# NT 20
# ITR 2500

Last position-specific scoring matrix computed       
            A       R       N       D       C       Q       E       G       H       I       L       K       M       F       P       S       T       W       Y       V 
  0 A   0.005   0.030   0.012   0.008  -0.045   0.009  -0.019  -0.041   0.037   0.014   0.043   0.007  -0.039  -0.010  -0.074   0.042   0.009   0.006  -0.006   0.012 
  1 A  -0.088  -0.033  -0.051  -0.044  -0.059  -0.079  -0.104  -0.042  -0.034   0.069   0.085  -0.052   0.055   0.130  -0.068  -0.095  -0.038   0.047   0.084   0.079 
  2 A   0.026   0.045   0.021  -0.045  -0.093   0.042   0.000  -0.017  -0.012   0.006   0.005  -0.016   0.001   0.045  -0.066  -0.056  -0.055   0.105   0.001   0.017 
  3 A   0.041  -0.100  -0.062  -0.081  -0.140  -0.060  -0.012   0.032  -0.019  -0.008  -0.038   0.003  -0.055   0.051  -0.009   0.018  -0.003   0.150   0.144  -0.018 
  4 A   0.011  -0.027  -0.030  -0.003  -0.007  -0.008   0.073  -0.077  -0.016  -0.022   0.028  -0.114   0.001   0.013  -0.098   0.105   0.101  -0.174  -0.093   0.116 
  5 A  -0.004   0.017  -0.046  -0.032  -0.112   0.067  -0.020  -0.025  -0.029   0.008  -0.028   0.026   0.034   0.042   0.024  -0.014  -0.022   0.054   0.102  -0.022 
  6 A  -0.049  -0.095  -0.208  -0.171   0.005  -0.085  -0.135  -0.028  -0.164   0.026   0.120  -0.069   0.007   0.324  -0.127  -0.088   0.013   0.007   0.170   0.034 
  7 A  -0.008  -0.071  -0.004  -0.065  -0.067   0.024   0.134  -0.003  -0.077  -0.024   0.152  -0.074  -0.068  -0.065   0.019   0.037  -0.089   0.122   0.057   0.026 
  8 A  -0.003   0.025  -0.006  -0.040  -0.063   0.040   0.040  -0.083  -0.058  -0.030   0.049  -0.009   0.024   0.003   0.053   0.002   0.018  -0.102   0.040  -0.030 
  9 A   0.002   0.028  -0.049  -0.041  -0.021   0.029  -0.061  -0.125  -0.142   0.151   0.075  -0.068  -0.014  -0.016  -0.009  -0.035   0.023   0.060   0.006   0.084 
 10 A  -0.015  -0.000   0.022   0.037   0.019   0.022  -0.025  -0.039  -0.043   0.043  -0.014  -0.028   0.038   0.095  -0.013  -0.040   0.023  -0.009  -0.031  -0.044 
