# smm_align_hmm_flank -blr -hmm /home/projects/mniel/BPeters_ClassII_Benchmark/NN-align/nooverlap-3/HLA-DRB11201/gibbsmat/3.gibbs.avemat -la 0.02 -p1a -m f003.la.sp.mat.17 -s 17 -ft /home/projects/mniel/BPeters_ClassII_Benchmark/class_II_nooverlap_core_5cv-3//HLA-DRB11201_test_nooverlap_3.txt.log50k -cc -fl 3 -- 
# WHMM 0.0233 0.0763 0.0190 0.0594 0.0119 0.0937 0.0025 0.0252 0.1206
# E 0.004175
# DR 0.028233
# FCC 0.950844
# T 0.000001
# NT 20
# ITR 2500

Last position-specific scoring matrix computed       
            A       R       N       D       C       Q       E       G       H       I       L       K       M       F       P       S       T       W       Y       V 
  0 A   0.029   0.024   0.024   0.017   0.002   0.019  -0.003  -0.027  -0.065   0.003   0.026  -0.010  -0.016   0.039  -0.022  -0.013  -0.029   0.022  -0.023   0.005 
  1 A  -0.047  -0.095  -0.092  -0.094  -0.119  -0.076  -0.132  -0.100  -0.105   0.073   0.143  -0.070   0.050   0.140  -0.107  -0.109  -0.055   0.120   0.127   0.042 
  2 A  -0.115  -0.168  -0.158  -0.185  -0.218  -0.013  -0.006  -0.254  -0.160   0.134   0.135  -0.071   0.175   0.110  -0.136  -0.148  -0.086   0.068   0.013   0.046 
  3 A   0.029   0.008   0.087  -0.071  -0.066  -0.028  -0.013  -0.075   0.030  -0.031   0.015   0.113  -0.033  -0.096  -0.009  -0.041   0.056  -0.069   0.024  -0.008 
  4 A   0.007   0.004  -0.019  -0.029  -0.200   0.101  -0.062  -0.071   0.146   0.168  -0.114   0.031  -0.047   0.046   0.050  -0.079  -0.069  -0.091  -0.052  -0.038 
  5 A   0.073   0.042  -0.015  -0.019   0.045  -0.057  -0.060  -0.040  -0.012  -0.036   0.100  -0.003   0.025  -0.008   0.056  -0.041  -0.034  -0.041  -0.093   0.009 
  6 A   0.207  -0.059   0.031  -0.174  -0.183  -0.074   0.009   0.004  -0.173  -0.008   0.021   0.008  -0.030   0.034  -0.122   0.115  -0.122  -0.263  -0.129   0.035 
  7 A  -0.029  -0.033   0.067  -0.068  -0.050  -0.039  -0.025   0.064  -0.005  -0.072   0.059  -0.051   0.085   0.049  -0.014  -0.057   0.015  -0.024   0.091   0.015 
  8 A  -0.036   0.068  -0.012  -0.149  -0.122  -0.005   0.020  -0.118  -0.062  -0.007   0.010   0.057   0.061   0.068  -0.022  -0.035  -0.036   0.064   0.051   0.104 
  9 A  -0.183   0.045  -0.031  -0.156  -0.283  -0.034  -0.110  -0.054  -0.217   0.034   0.043   0.035   0.100  -0.056   0.088   0.084  -0.049  -0.319   0.104   0.126 
 10 A   0.029   0.014  -0.026  -0.027   0.029  -0.044   0.016  -0.072  -0.004   0.026   0.036   0.032   0.056  -0.002  -0.027   0.037  -0.008  -0.077  -0.004   0.015 
