# smm_align_hmm_flank -blr -hmm /home/projects/mniel/BPeters_ClassII_Benchmark/NN-align/nooverlap-3/HLA-DRB11201/gibbsmat/4.gibbs.avemat -bl -la 0.02 -p1a -m f004.la.bl.mat.18 -s 18 -ft /home/projects/mniel/BPeters_ClassII_Benchmark/class_II_nooverlap_core_5cv-3//HLA-DRB11201_test_nooverlap_4.txt.log50k -cc -fl 3 -- 
# WHMM 0.0054 0.0694 0.0352 0.1247 0.0232 0.0338 0.0282 0.0501 0.0574
# E 0.003983
# DR 0.018900
# FCC 0.943295
# T 0.000001
# NT 20
# ITR 2500

Last position-specific scoring matrix computed       
            A       R       N       D       C       Q       E       G       H       I       L       K       M       F       P       S       T       W       Y       V 
  0 A  -0.006   0.000   0.015   0.003  -0.029  -0.015  -0.008  -0.023  -0.015   0.007  -0.021  -0.007   0.052   0.001  -0.028  -0.024   0.020   0.006   0.047   0.025 
  1 A  -0.068  -0.165  -0.234  -0.239  -0.183  -0.187  -0.190  -0.160  -0.183   0.316   0.329  -0.219   0.279   0.355  -0.142  -0.187  -0.073   0.211   0.207   0.240 
  2 A   0.023   0.211   0.007  -0.069  -0.123   0.131   0.032  -0.148  -0.054  -0.144   0.008   0.280  -0.086   0.096  -0.324  -0.056  -0.093  -0.111  -0.058  -0.184 
  3 A  -0.174  -0.154  -0.010  -0.141   0.248  -0.138  -0.210  -0.187   0.004  -0.002  -0.008  -0.146   0.021   0.038  -0.048  -0.134  -0.109   0.081   0.034  -0.057 
  4 A  -0.131  -0.014   0.023  -0.263  -0.299   0.219  -0.261  -0.340  -0.171   0.096   0.032  -0.230   0.100   0.110   0.083  -0.168   0.002   0.100  -0.026  -0.041 
  5 A   0.031   0.110  -0.106  -0.072  -0.238  -0.165  -0.010  -0.021  -0.143   0.040   0.047  -0.002  -0.055   0.098  -0.042   0.009   0.110  -0.061  -0.075   0.046 
  6 A   0.052  -0.119  -0.007  -0.032   0.076  -0.018   0.008  -0.054  -0.191   0.061   0.100  -0.015   0.067  -0.091  -0.052   0.058   0.069  -0.215  -0.144   0.064 
  7 A  -0.024  -0.057   0.009  -0.128   0.067  -0.075  -0.121  -0.105   0.094   0.084   0.107  -0.061   0.081   0.090  -0.161  -0.075  -0.105   0.004   0.095   0.080 
  8 A  -0.012  -0.054   0.022  -0.108  -0.368   0.104  -0.091   0.166   0.293  -0.067   0.052   0.022   0.117   0.026  -0.005   0.051  -0.050  -0.183   0.213  -0.112 
  9 A   0.026   0.051   0.148   0.053  -0.109   0.010   0.019  -0.057  -0.056  -0.039  -0.164  -0.047  -0.047  -0.043  -0.093  -0.007  -0.037  -0.117   0.068  -0.015 
 10 A   0.018   0.013  -0.006  -0.004   0.024  -0.027   0.034  -0.035  -0.015   0.053  -0.038  -0.032  -0.014   0.007   0.029   0.013  -0.020   0.020   0.034  -0.053 
