# smm_align_hmm_flank -blr -hmm /home/projects/mniel/BPeters_ClassII_Benchmark/NN-align/data_20112009/class_II_random_split_5cv/HLA-DRB40101/gibbsmat/1.gibbs.avemat -bl -la 0.02 -p1a -m f001.la.bl.mat.19 -s 19 -ft /home/projects/mniel/BPeters_ClassII_Benchmark/data_20112009/class_II_random_split_5cv//HLA-DRB40101_test_random_1.txt.log50k -cc -fl 3 -- 
# WHMM 0.0019 0.0258 0.0265 0.0899 0.0426 0.0452 0.0332 0.0496 0.0193
# E 0.026040
# DR 0.023100
# FCC 0.699805
# T 0.000001
# NT 20
# ITR 2500

Last position-specific scoring matrix computed       
            A       R       N       D       C       Q       E       G       H       I       L       K       M       F       P       S       T       W       Y       V 
  0 A  -0.026   0.032  -0.006   0.005  -0.014  -0.025  -0.016  -0.037   0.002  -0.001   0.012   0.017  -0.016   0.041   0.018  -0.006   0.011   0.030  -0.013  -0.008 
  1 A  -0.018  -0.039  -0.069  -0.072  -0.072  -0.046  -0.057  -0.067  -0.047   0.131   0.119  -0.051   0.090   0.093  -0.081  -0.060  -0.014   0.045   0.051   0.103 
  2 A   0.005   0.026   0.019  -0.077  -0.034  -0.031  -0.062  -0.064   0.006   0.078   0.053  -0.005   0.011  -0.030  -0.010  -0.013  -0.004  -0.128  -0.024   0.073 
  3 A  -0.051   0.036  -0.001  -0.067  -0.005   0.093  -0.060  -0.015  -0.137   0.080   0.093   0.052   0.117  -0.014  -0.122  -0.018  -0.040   0.072   0.015   0.030 
  4 A  -0.066  -0.160  -0.035   0.023  -0.008   0.115   0.004  -0.220  -0.016   0.106   0.086  -0.053   0.081  -0.001  -0.133  -0.054  -0.064  -0.108  -0.068   0.067 
  5 A  -0.003   0.145  -0.049  -0.121  -0.120   0.049  -0.078  -0.005   0.124   0.032   0.067   0.076   0.082   0.049  -0.092   0.033  -0.047  -0.151   0.032   0.004 
  6 A   0.120  -0.035  -0.035  -0.104  -0.098  -0.007  -0.053   0.034   0.078   0.151   0.111   0.004   0.141   0.097   0.038   0.009  -0.059  -0.368   0.032   0.080 
  7 A  -0.007   0.045   0.099   0.099  -0.109   0.216   0.076  -0.059  -0.005   0.045   0.098   0.033   0.135  -0.119  -0.003   0.033   0.052  -0.080  -0.061  -0.001 
  8 A   0.001   0.042   0.014   0.024   0.051   0.097   0.009   0.025  -0.109   0.006   0.062   0.072   0.060  -0.118   0.085   0.044   0.033  -0.220  -0.075   0.018 
  9 A   0.034  -0.007  -0.026  -0.101  -0.024  -0.022  -0.028  -0.063   0.042   0.086   0.125  -0.028   0.139   0.078  -0.132   0.024   0.039   0.069   0.033   0.100 
 10 A   0.001   0.036   0.031   0.022  -0.032  -0.009  -0.072  -0.010   0.013  -0.003   0.007  -0.041  -0.000  -0.003  -0.011  -0.005   0.023   0.052   0.004  -0.003 
