# smm_align_hmm_flank -blr -hmm /home/projects/mniel/BPeters_ClassII_Benchmark/NN-align/nooverlap-3/HLA-DRB10401/gibbsmat/0.gibbs.avemat -la 0.02 -p1a -m f000.la.sp.mat.21 -s 21 -ft /home/projects/mniel/BPeters_ClassII_Benchmark/class_II_nooverlap_core_5cv-3//HLA-DRB10401_test_nooverlap_0.txt.log50k -cc -fl 3 -- 
# WHMM 0.0167 0.0401 0.0525 0.0367 0.0394 0.0691 0.0464 0.0874 0.0413
# E 0.039744
# DR 0.028233
# FCC 0.588706
# T 0.000001
# NT 20
# ITR 2500

Last position-specific scoring matrix computed       
            A       R       N       D       C       Q       E       G       H       I       L       K       M       F       P       S       T       W       Y       V 
  0 A  -0.034   0.016   0.019  -0.025  -0.063   0.053   0.099   0.013  -0.053   0.050   0.053   0.030  -0.011  -0.036  -0.006  -0.018  -0.021  -0.071  -0.031   0.038 
  1 A  -0.081  -0.098  -0.108  -0.093  -0.063  -0.096  -0.129  -0.100  -0.036   0.139   0.105  -0.099   0.017   0.203  -0.117  -0.063  -0.069   0.087   0.176   0.028 
  2 A  -0.032   0.030  -0.011  -0.082  -0.015   0.030  -0.067  -0.032  -0.008   0.016   0.069   0.038   0.037   0.093  -0.134  -0.049  -0.056  -0.069   0.023   0.096 
  3 A   0.062   0.090   0.050  -0.039  -0.043   0.032  -0.043  -0.062   0.019   0.017   0.034   0.041  -0.105  -0.142  -0.022   0.101   0.013  -0.005  -0.023  -0.091 
  4 A   0.017  -0.080   0.002   0.075  -0.079   0.035   0.043  -0.009  -0.045   0.072   0.030  -0.067   0.111  -0.005  -0.107   0.016  -0.063  -0.077   0.025  -0.040 
  5 A  -0.012   0.021  -0.021  -0.100   0.006  -0.018   0.048   0.019  -0.042   0.047   0.075   0.034  -0.089  -0.058  -0.024   0.083   0.041  -0.057  -0.006   0.042 
  6 A   0.089  -0.099   0.150  -0.007  -0.113  -0.125  -0.075  -0.024   0.041   0.002  -0.090  -0.117  -0.111  -0.103   0.102   0.186   0.134  -0.210  -0.039  -0.004 
  7 A   0.099  -0.063   0.104  -0.090  -0.196  -0.056   0.048  -0.099  -0.080   0.025   0.087  -0.056   0.007   0.032   0.028  -0.022   0.060  -0.051   0.033   0.074 
  8 A   0.057  -0.010   0.095  -0.040  -0.080  -0.047  -0.104  -0.034   0.063  -0.111   0.067   0.086   0.037  -0.019   0.013   0.030   0.070   0.014  -0.065  -0.012 
  9 A   0.068   0.001  -0.026  -0.097  -0.030   0.058  -0.040   0.036  -0.086   0.005   0.037  -0.017  -0.024  -0.013  -0.001   0.093   0.048  -0.085  -0.054   0.017 
 10 A   0.014   0.009  -0.026  -0.052  -0.021  -0.001  -0.016   0.095   0.013   0.004   0.034   0.030  -0.032   0.053   0.029  -0.040  -0.007  -0.023  -0.018  -0.045 
