# smm_align_hmm_flank -blr -hmm /home/projects/mniel/BPeters_ClassII_Benchmark/NN-align/nooverlap-3/HLA-DRB10401/gibbsmat/0.gibbs.avemat -bl -la 0.02 -p1a -m f000.la.bl.mat.14 -s 14 -ft /home/projects/mniel/BPeters_ClassII_Benchmark/class_II_nooverlap_core_5cv-3//HLA-DRB10401_test_nooverlap_0.txt.log50k -cc -fl 3 -- 
# WHMM 0.0028 0.0152 0.0230 0.0486 0.0412 0.0682 0.0670 0.0468 0.0455
# E 0.038435
# DR 0.023100
# FCC 0.596599
# T 0.000001
# NT 20
# ITR 2500

Last position-specific scoring matrix computed       
            A       R       N       D       C       Q       E       G       H       I       L       K       M       F       P       S       T       W       Y       V 
  0 A   0.008   0.037  -0.023   0.013  -0.001  -0.035   0.013   0.027   0.003  -0.004   0.029   0.006  -0.015   0.011  -0.013   0.003  -0.010  -0.038  -0.017   0.007 
  1 A  -0.045  -0.050  -0.128  -0.135  -0.034  -0.092  -0.083  -0.088  -0.041   0.099   0.110  -0.092   0.087   0.219  -0.063  -0.091  -0.039   0.130   0.174   0.074 
  2 A   0.012   0.087   0.003  -0.027   0.053   0.044   0.005  -0.046   0.039   0.044   0.066   0.037   0.095  -0.001  -0.253   0.020  -0.025  -0.037   0.016   0.058 
  3 A   0.023   0.056   0.040  -0.051  -0.062   0.063   0.000  -0.025   0.095   0.010   0.057   0.036   0.097   0.049  -0.099   0.029   0.028   0.084   0.109   0.003 
  4 A   0.036  -0.098   0.024   0.034  -0.053   0.010   0.039  -0.019  -0.007   0.052   0.067  -0.085   0.125   0.035  -0.044   0.010   0.011  -0.137  -0.027   0.020 
  5 A   0.022  -0.024   0.068  -0.015  -0.026   0.011   0.012  -0.043  -0.066   0.046   0.028   0.033   0.033   0.042   0.054   0.060   0.056   0.001   0.038   0.042 
  6 A   0.069  -0.101   0.111   0.050  -0.122  -0.063  -0.072   0.003  -0.042  -0.002  -0.059  -0.108  -0.057  -0.151   0.042   0.168   0.126  -0.187  -0.070  -0.009 
  7 A   0.050  -0.014   0.086  -0.022  -0.075  -0.039  -0.011  -0.111  -0.130   0.043   0.039  -0.075  -0.015  -0.001  -0.005   0.041   0.026  -0.039   0.036   0.062 
  8 A   0.046   0.036  -0.051  -0.040   0.005  -0.005  -0.009  -0.070  -0.010  -0.015   0.056   0.033  -0.021   0.019   0.020  -0.006   0.025  -0.085  -0.038  -0.022 
  9 A   0.096  -0.048   0.035  -0.059  -0.019   0.020  -0.100   0.017   0.042   0.037   0.014   0.015   0.081  -0.026   0.056   0.131   0.046  -0.091   0.002   0.024 
 10 A   0.030   0.012   0.020   0.002  -0.021   0.018   0.016   0.000  -0.003  -0.013   0.030   0.012  -0.050  -0.022  -0.011  -0.004   0.034  -0.014  -0.043   0.006 
