# smm_align_hmm_flank -blr -hmm /home/projects/mniel/BPeters_ClassII_Benchmark/NN-align/data_20112009/class_II_random_split_5cv/HLA-DPA10201-DPB10501/gibbsmat/0.gibbs.avemat -bl -la 0.02 -p1a -m f000.la.bl.mat.13 -s 13 -ft /home/projects/mniel/BPeters_ClassII_Benchmark/data_20112009/class_II_random_split_5cv//HLA-DPA10201-DPB10501_test_random_0.txt.log50k -cc -fl 3 -- 
# WHMM 0.0000 0.0423 0.0162 0.0300 0.0102 0.0948 0.0852 0.0935 0.0365
# E 0.020647
# DR 0.018900
# FCC 0.859389
# T 0.000001
# NT 20
# ITR 2500

Last position-specific scoring matrix computed       
            A       R       N       D       C       Q       E       G       H       I       L       K       M       F       P       S       T       W       Y       V 
  0 A  -0.001   0.046  -0.010   0.005  -0.012   0.002   0.037  -0.009   0.002   0.001   0.014   0.062  -0.076   0.024  -0.043   0.004  -0.020  -0.038   0.010   0.001 
  1 A  -0.031  -0.089  -0.073  -0.079  -0.052  -0.071  -0.076  -0.045  -0.026   0.126   0.134  -0.101   0.097   0.180  -0.111  -0.070  -0.027   0.101   0.127   0.089 
  2 A   0.062  -0.002   0.010   0.034  -0.216   0.037   0.066  -0.109  -0.038  -0.007   0.011   0.075  -0.026  -0.027  -0.009   0.024   0.025  -0.034   0.006   0.023 
  3 A  -0.021   0.106  -0.051  -0.074  -0.113  -0.056  -0.024   0.006  -0.003  -0.013  -0.037   0.085  -0.037   0.097  -0.076  -0.061  -0.029   0.041   0.041  -0.042 
  4 A  -0.030   0.006   0.033   0.006   0.075  -0.006  -0.032  -0.151   0.021   0.008   0.017  -0.037   0.049   0.063  -0.106  -0.023   0.056  -0.052   0.018  -0.025 
  5 A   0.021   0.018  -0.029   0.006  -0.011   0.039  -0.028  -0.033  -0.151   0.036  -0.002  -0.013  -0.010  -0.004  -0.006   0.029   0.031   0.020   0.005   0.040 
  6 A  -0.017  -0.155  -0.083  -0.124  -0.153   0.043  -0.087  -0.056   0.008   0.067   0.102   0.059   0.118   0.230   0.017  -0.045  -0.132  -0.551  -0.042   0.000 
  7 A   0.040   0.028   0.028  -0.150  -0.122  -0.054   0.122  -0.033   0.021   0.052   0.036   0.063   0.027   0.059  -0.271  -0.008  -0.040  -0.047   0.031  -0.013 
  8 A  -0.057  -0.083  -0.050  -0.146  -0.114  -0.113  -0.058  -0.096  -0.050   0.052   0.082  -0.037  -0.016   0.189  -0.036  -0.151   0.029   0.108   0.186  -0.011 
  9 A   0.008   0.024   0.040  -0.056  -0.004  -0.051  -0.023  -0.081  -0.067   0.041   0.120   0.011   0.062  -0.005  -0.057   0.001   0.007  -0.086   0.009   0.050 
 10 A   0.037   0.043  -0.015  -0.010  -0.007   0.008  -0.029   0.009  -0.044  -0.033  -0.027   0.013   0.019   0.021   0.013   0.023  -0.025   0.009   0.010  -0.014 
