# smm_align_hmm_flank -blr -hmm /home/projects/mniel/BPeters_ClassII_Benchmark/NN-align/data_20112009/class_II_random_split_5cv/HLA-DRB10405/gibbsmat/0.gibbs.avemat -bl -la 0.02 -p1a -m f000.la.bl.mat.13 -s 13 -ft /home/projects/mniel/BPeters_ClassII_Benchmark/data_20112009/class_II_random_split_5cv//HLA-DRB10405_test_random_0.txt.log50k -cc -fl 3 -- 
# WHMM 0.0016 0.0194 0.0376 0.0886 0.0112 0.0195 0.0770 0.0390 0.0052
# E 0.026096
# DR 0.023100
# FCC 0.707940
# T 0.000001
# NT 20
# ITR 2500

Last position-specific scoring matrix computed       
            A       R       N       D       C       Q       E       G       H       I       L       K       M       F       P       S       T       W       Y       V 
  0 A   0.001   0.041   0.031   0.031   0.009  -0.038  -0.008  -0.007  -0.030  -0.041   0.062   0.064  -0.001  -0.014  -0.043   0.000  -0.026  -0.018  -0.018   0.005 
  1 A  -0.061  -0.068  -0.123  -0.128  -0.004  -0.120  -0.096  -0.081  -0.063   0.106   0.118  -0.109   0.077   0.218  -0.081  -0.096  -0.049   0.107   0.153   0.078 
  2 A   0.004   0.090   0.076  -0.008  -0.058   0.093  -0.032  -0.026   0.039   0.083   0.038   0.084   0.099  -0.033  -0.231   0.034   0.003   0.059   0.062   0.072 
  3 A   0.037   0.078   0.026  -0.112  -0.088   0.056  -0.032   0.047   0.091  -0.047  -0.015   0.008   0.008   0.013  -0.064   0.084   0.013   0.075   0.086  -0.031 
  4 A   0.018  -0.164   0.015   0.016  -0.143   0.008  -0.061  -0.162  -0.032   0.107   0.102  -0.100   0.129   0.154  -0.114   0.045   0.036  -0.119   0.101   0.071 
  5 A  -0.000   0.027  -0.074  -0.062   0.015   0.016   0.017  -0.152   0.063   0.088   0.102   0.030   0.062   0.080   0.003  -0.013   0.004  -0.097   0.053   0.077 
  6 A   0.041  -0.116   0.055   0.033  -0.073   0.018  -0.038   0.027  -0.074   0.088   0.058  -0.032   0.073  -0.028  -0.017   0.071   0.075   0.032  -0.049   0.063 
  7 A   0.067  -0.023   0.102  -0.038  -0.081   0.065  -0.021  -0.119   0.026   0.012   0.077  -0.038   0.100  -0.016   0.039   0.087   0.069  -0.003  -0.014  -0.017 
  8 A   0.029  -0.022   0.004  -0.021   0.034  -0.027   0.010  -0.072  -0.038   0.044   0.103  -0.035   0.083   0.009   0.130   0.046   0.063  -0.243  -0.072   0.023 
  9 A   0.001   0.029   0.057   0.089  -0.175  -0.004   0.033  -0.067   0.030   0.032   0.022  -0.061   0.017  -0.013  -0.081   0.003   0.008   0.071   0.053   0.057 
 10 A   0.019   0.020   0.035  -0.021   0.012   0.004  -0.018  -0.042   0.015   0.000   0.039   0.008  -0.015  -0.001  -0.035  -0.014  -0.027   0.019   0.019  -0.018 
