# smm_align_hmm_flank -blr -hmm /home/projects/mniel/BPeters_ClassII_Benchmark/NN-align/nooverlap-3/HLA-DRB10405/gibbsmat/0.gibbs.avemat -la 0.02 -p1a -m f000.la.sp.mat.19 -s 19 -ft /home/projects/mniel/BPeters_ClassII_Benchmark/class_II_nooverlap_core_5cv-3//HLA-DRB10405_test_nooverlap_0.txt.log50k -cc -fl 3 -- 
# WHMM 0.0196 0.0341 0.0281 0.0722 0.0380 0.0983 0.0592 0.0481 0.0186
# E 0.032558
# DR 0.028233
# FCC 0.659506
# T 0.000001
# NT 20
# ITR 2500

Last position-specific scoring matrix computed       
            A       R       N       D       C       Q       E       G       H       I       L       K       M       F       P       S       T       W       Y       V 
  0 A  -0.000   0.028  -0.012   0.004  -0.064   0.008   0.010   0.051   0.003   0.010   0.062  -0.006  -0.074   0.031   0.029   0.052  -0.002  -0.029  -0.074  -0.026 
  1 A  -0.104  -0.096  -0.074  -0.093  -0.062  -0.083  -0.115  -0.139  -0.130   0.136   0.113  -0.080   0.032   0.242  -0.097  -0.060  -0.150   0.093   0.161   0.030 
  2 A  -0.033   0.041   0.035  -0.008  -0.097   0.017   0.057  -0.110   0.085  -0.007   0.012   0.101  -0.025  -0.028  -0.037   0.027  -0.098  -0.106  -0.010   0.055 
  3 A   0.049   0.032   0.012  -0.085  -0.033   0.020  -0.038   0.000   0.032  -0.082   0.013   0.010   0.002   0.044  -0.035   0.041   0.004  -0.010   0.012  -0.032 
  4 A   0.006  -0.092  -0.035  -0.084  -0.044  -0.018  -0.136  -0.140  -0.107   0.107   0.132  -0.103   0.164   0.077  -0.098  -0.009  -0.035  -0.031   0.025   0.077 
  5 A  -0.008  -0.020  -0.028  -0.079  -0.034  -0.061   0.002  -0.020  -0.068   0.096   0.082   0.003  -0.001  -0.001   0.021  -0.049   0.030  -0.012   0.087   0.033 
  6 A   0.118  -0.074   0.165   0.021  -0.072  -0.080  -0.036   0.031  -0.072  -0.003  -0.036  -0.054  -0.094  -0.238   0.004   0.145   0.112  -0.000  -0.131   0.061 
  7 A   0.017   0.011   0.031  -0.150  -0.156   0.049   0.016  -0.050  -0.122   0.067   0.114  -0.120   0.027  -0.004   0.077  -0.007  -0.019  -0.006  -0.014   0.042 
  8 A  -0.017   0.061  -0.015  -0.027  -0.000   0.064  -0.016  -0.089  -0.089  -0.084   0.047   0.015   0.008   0.036   0.081   0.109   0.008  -0.057   0.078  -0.064 
  9 A   0.059  -0.047   0.063   0.101  -0.078  -0.011   0.043  -0.060  -0.020   0.013   0.006  -0.093  -0.006  -0.016  -0.001   0.099   0.018  -0.056  -0.065   0.008 
 10 A   0.016  -0.004  -0.037   0.062   0.009   0.003   0.023   0.013   0.016   0.035   0.031  -0.005  -0.053  -0.043  -0.061   0.032   0.014  -0.033  -0.051   0.035 
