# smm_align_hmm_flank -blr -hmm /home/projects/mniel/BPeters_ClassII_Benchmark/NN-align/nooverlap-3/HLA-DRB10101/gibbsmat/0.gibbs.avemat -la 0.02 -p1a -m f000.la.sp.mat.11 -s 11 -ft /home/projects/mniel/BPeters_ClassII_Benchmark/class_II_nooverlap_core_5cv-3//HLA-DRB10101_test_nooverlap_0.txt.log50k -cc -fl 3 -- 
# WHMM 0.0047 0.0008 0.0059 0.1123 0.0071 0.0786 0.0621 0.0153 0.1153
# E 0.051711
# DR 0.028233
# FCC 0.570590
# T 0.000001
# NT 20
# ITR 2500

Last position-specific scoring matrix computed       
            A       R       N       D       C       Q       E       G       H       I       L       K       M       F       P       S       T       W       Y       V 
  0 A   0.047   0.017   0.011  -0.038  -0.020  -0.022   0.070   0.091  -0.110   0.103   0.056  -0.016  -0.061  -0.001  -0.026   0.032   0.000  -0.089  -0.046   0.004 
  1 A  -0.028  -0.106  -0.088  -0.032  -0.096  -0.065  -0.105  -0.051  -0.063   0.130   0.126  -0.046   0.011   0.192  -0.055  -0.032  -0.050   0.029   0.201   0.009 
  2 A   0.064   0.052  -0.016  -0.016  -0.064   0.091  -0.029  -0.057   0.032   0.027   0.064   0.040  -0.121   0.071  -0.049   0.020  -0.078  -0.056  -0.039   0.060 
  3 A  -0.021  -0.022  -0.036  -0.056   0.012   0.033  -0.083  -0.021  -0.015  -0.031   0.093   0.064  -0.041  -0.014  -0.028   0.041  -0.000   0.022   0.089   0.008 
  4 A  -0.092  -0.203  -0.132  -0.197  -0.025  -0.004  -0.039  -0.161   0.007   0.145   0.256  -0.019   0.234   0.165  -0.151   0.019  -0.058  -0.117   0.004   0.108 
  5 A   0.086   0.072   0.063  -0.034  -0.052  -0.026  -0.002  -0.011  -0.063   0.034  -0.031   0.101   0.062  -0.042   0.044   0.014  -0.046  -0.113  -0.100   0.039 
  6 A   0.191  -0.028   0.055  -0.057  -0.149  -0.027  -0.022   0.118  -0.069  -0.004  -0.072  -0.075  -0.140  -0.099   0.069   0.158   0.097  -0.026   0.061  -0.012 
  7 A   0.075  -0.071   0.067  -0.053  -0.043   0.064   0.010  -0.057   0.008  -0.037   0.097   0.010  -0.027  -0.031   0.024   0.056   0.076  -0.052  -0.153   0.016 
  8 A  -0.044   0.079  -0.053  -0.027  -0.039  -0.074  -0.097   0.048  -0.023   0.010   0.093   0.050   0.014   0.035   0.027  -0.047   0.023  -0.030   0.052  -0.005 
  9 A   0.125  -0.103  -0.007  -0.180  -0.073  -0.070  -0.184  -0.006   0.026   0.087   0.150  -0.010  -0.021  -0.010  -0.022   0.133   0.128  -0.047  -0.122   0.154 
 10 A   0.015  -0.007   0.010   0.056  -0.033  -0.058  -0.063   0.028  -0.059   0.106   0.030   0.087  -0.073   0.041  -0.052   0.030  -0.011  -0.099   0.007   0.044 
