# smm_align_hmm_flank -blr -hmm /home/projects/mniel/BPeters_ClassII_Benchmark/NN-align/nooverlap-3/H-2-IAb/gibbsmat/2.gibbs.avemat -bl -la 0.02 -m f002.la.bl.mat.10 -s 10 -ft /home/projects/mniel/BPeters_ClassII_Benchmark/class_II_nooverlap_core_5cv-3//H-2-IAb_test_nooverlap_2.txt.log50k -cc -fl 3 -- 
# WHMM 0.0888 0.0733 0.0204 0.0338 0.0387 0.0585 0.0697 0.0443 0.0377
# E 0.017541
# DR 0.018900
# FCC 0.784370
# T 0.000001
# NT 20
# ITR 2500

Last position-specific scoring matrix computed       
            A       R       N       D       C       Q       E       G       H       I       L       K       M       F       P       S       T       W       Y       V 
  0 A   0.053   0.016   0.016   0.023  -0.045   0.017   0.002  -0.001  -0.007   0.002   0.004  -0.016   0.038   0.001  -0.040  -0.006  -0.058   0.008  -0.011   0.004 
  1 A   0.072   0.038  -0.057  -0.232  -0.144   0.011  -0.112  -0.174  -0.036  -0.012  -0.031   0.084   0.010   0.076  -0.002   0.035   0.020   0.111   0.219   0.021 
  2 A   0.039  -0.011   0.015  -0.017  -0.176   0.039   0.021  -0.097   0.001   0.021  -0.018  -0.015  -0.017  -0.046  -0.143  -0.023  -0.049  -0.115  -0.026   0.086 
  3 A   0.030  -0.130  -0.028  -0.043  -0.051   0.058  -0.045   0.094  -0.035  -0.013  -0.060  -0.053  -0.031   0.042   0.124  -0.010  -0.081   0.142   0.120  -0.028 
  4 A   0.105  -0.137  -0.118  -0.160  -0.068  -0.119  -0.104   0.077   0.012  -0.026   0.014  -0.132  -0.010   0.161   0.131   0.091   0.011  -0.057   0.075  -0.039 
  5 A   0.023   0.048  -0.015  -0.039  -0.122   0.057  -0.008   0.002   0.078  -0.015  -0.015   0.040  -0.063  -0.023   0.125   0.022   0.017  -0.152   0.013  -0.007 
  6 A   0.146  -0.013   0.066  -0.085  -0.305  -0.036  -0.001   0.048  -0.029   0.000  -0.109  -0.006  -0.050  -0.180   0.237   0.073  -0.024  -0.268  -0.173   0.057 
  7 A   0.017   0.018   0.092  -0.130   0.035  -0.084  -0.163  -0.063   0.089  -0.054  -0.035  -0.056  -0.103  -0.094   0.037   0.085   0.068  -0.154  -0.095  -0.022 
  8 A   0.077  -0.016  -0.068  -0.110  -0.078   0.017  -0.006  -0.171  -0.084   0.041   0.022  -0.002   0.052  -0.033   0.086  -0.032   0.028  -0.028  -0.076   0.040 
  9 A   0.086  -0.049   0.055  -0.079   0.022  -0.142  -0.052  -0.040  -0.098   0.036  -0.023  -0.035  -0.019   0.008   0.060   0.042   0.007  -0.167  -0.101   0.060 
 10 A  -0.018  -0.008   0.038   0.003  -0.009   0.001  -0.033  -0.016   0.025   0.017   0.029  -0.010   0.021  -0.010  -0.047   0.048  -0.030  -0.013   0.016  -0.004 
