# smm_align_hmm_flank -blr -hmm /home/projects/mniel/BPeters_ClassII_Benchmark/NN-align/data_20112009/class_II_random_split_5cv/HLA-DRB10802/gibbsmat/1.gibbs.avemat -bl -la 0.02 -p1a -m f001.la.bl.mat.19 -s 19 -ft /home/projects/mniel/BPeters_ClassII_Benchmark/data_20112009/class_II_random_split_5cv//HLA-DRB10802_test_random_1.txt.log50k -cc -fl 3 -- 
# WHMM 0.0018 0.0789 0.0468 0.0241 0.0654 0.0171 0.0496 0.0576 0.0368
# E 0.030986
# DR 0.018900
# FCC 0.584129
# T 0.000001
# NT 20
# ITR 2500

Last position-specific scoring matrix computed       
            A       R       N       D       C       Q       E       G       H       I       L       K       M       F       P       S       T       W       Y       V 
  0 A   0.005   0.003   0.001   0.000   0.002   0.029  -0.001   0.022  -0.007  -0.026  -0.049   0.000  -0.069   0.043   0.026  -0.021  -0.014   0.026  -0.018   0.051 
  1 A  -0.056  -0.069  -0.144  -0.155  -0.034  -0.062  -0.102  -0.160  -0.077   0.216   0.178  -0.086   0.188   0.140  -0.092  -0.141  -0.054   0.127   0.087   0.172 
  2 A  -0.007   0.030   0.016  -0.047  -0.012  -0.024  -0.015   0.019  -0.085   0.062  -0.005   0.091   0.064  -0.042  -0.130   0.018   0.003  -0.152  -0.073   0.047 
  3 A   0.008   0.101   0.012  -0.051  -0.197  -0.003  -0.095   0.006  -0.005   0.013  -0.087   0.008  -0.059  -0.035   0.013  -0.019   0.042  -0.156   0.025   0.026 
  4 A   0.018  -0.033  -0.015  -0.019  -0.026   0.045  -0.042  -0.046  -0.027   0.089   0.025   0.005   0.014   0.019  -0.112  -0.014   0.010   0.022   0.056   0.085 
  5 A   0.063   0.010   0.018  -0.026  -0.121  -0.041  -0.011  -0.075  -0.007   0.005   0.020   0.028  -0.014   0.044   0.048   0.046   0.061   0.017  -0.048   0.022 
  6 A  -0.010   0.032   0.037  -0.015  -0.116   0.072  -0.015   0.005  -0.027   0.031  -0.008   0.029   0.013  -0.157   0.037   0.010   0.021   0.022  -0.111   0.030 
  7 A   0.137  -0.092   0.020  -0.095  -0.194   0.034  -0.038   0.021  -0.072   0.109   0.048  -0.008   0.030  -0.029  -0.027   0.100   0.080   0.005  -0.058   0.110 
  8 A  -0.035  -0.005   0.006   0.033   0.026   0.023  -0.092  -0.109   0.013   0.018   0.047   0.008   0.001   0.010   0.082   0.052  -0.019  -0.229   0.076   0.013 
  9 A   0.065  -0.028   0.024  -0.115   0.042  -0.083  -0.019   0.003   0.033  -0.016   0.007  -0.037  -0.029   0.083  -0.146   0.043   0.018  -0.054   0.012   0.034 
 10 A   0.018   0.036   0.040   0.044   0.014   0.012  -0.034   0.035   0.017   0.010  -0.003  -0.017  -0.075  -0.026   0.009   0.003  -0.062   0.018  -0.045   0.005 
