# smm_align_hmm_flank -blr -hmm /home/projects/mniel/BPeters_ClassII_Benchmark/NN-align/nooverlap-3/HLA-DRB10802/gibbsmat/4.gibbs.avemat -bl -la 0.02 -p1a -m f004.la.bl.mat.21 -s 21 -ft /home/projects/mniel/BPeters_ClassII_Benchmark/class_II_nooverlap_core_5cv-3//HLA-DRB10802_test_nooverlap_4.txt.log50k -cc -fl 3 -- 
# WHMM 0.0007 0.0875 0.0733 0.0567 0.0471 0.0293 0.0367 0.0679 0.0445
# E 0.030477
# DR 0.023100
# FCC 0.575824
# T 0.000001
# NT 20
# ITR 2500

Last position-specific scoring matrix computed       
            A       R       N       D       C       Q       E       G       H       I       L       K       M       F       P       S       T       W       Y       V 
  0 A   0.010   0.002  -0.008   0.002  -0.006   0.015   0.021  -0.052  -0.003  -0.015   0.022   0.021   0.017   0.039  -0.090  -0.010   0.004   0.006   0.004   0.022 
  1 A  -0.011  -0.064  -0.075  -0.107  -0.008  -0.053  -0.100  -0.033  -0.092   0.118   0.116  -0.081   0.126   0.093  -0.089  -0.057  -0.012   0.135   0.051   0.096 
  2 A  -0.006   0.057  -0.042  -0.108  -0.083   0.012  -0.109  -0.055  -0.170   0.106   0.006   0.091  -0.010  -0.285  -0.141  -0.042   0.055  -0.341  -0.295   0.109 
  3 A  -0.035   0.150   0.101  -0.023  -0.221  -0.006  -0.033  -0.130   0.048   0.056  -0.037   0.064   0.057  -0.018  -0.027  -0.019   0.039  -0.079  -0.022   0.048 
  4 A  -0.007  -0.065   0.002  -0.004  -0.041   0.005  -0.074  -0.016   0.063   0.029   0.009  -0.009   0.036   0.043   0.029  -0.001  -0.040  -0.219   0.058   0.013 
  5 A   0.034  -0.073   0.026   0.006  -0.164   0.003  -0.003  -0.076  -0.021   0.072   0.055  -0.074   0.039   0.016   0.044   0.037   0.073   0.060   0.033   0.091 
  6 A   0.075   0.010  -0.005   0.003  -0.196   0.026   0.023  -0.007   0.000   0.023  -0.033   0.036   0.002  -0.061   0.104   0.041   0.046   0.022  -0.021   0.045 
  7 A   0.112  -0.043  -0.005  -0.109  -0.081  -0.066  -0.086   0.026  -0.167   0.060   0.071   0.026   0.037  -0.065   0.018   0.069   0.051  -0.051  -0.137   0.049 
  8 A   0.074   0.051  -0.089  -0.101   0.157   0.061  -0.073  -0.139  -0.058   0.015   0.063   0.050   0.016   0.076  -0.102   0.124   0.103   0.006   0.098   0.024 
  9 A   0.035  -0.030   0.033  -0.014  -0.021   0.039  -0.002  -0.133   0.037   0.036  -0.020   0.031  -0.007   0.022   0.014   0.042   0.031  -0.035  -0.001   0.040 
 10 A   0.022  -0.006  -0.007  -0.049  -0.046   0.018   0.002   0.034   0.059   0.040  -0.055   0.023   0.010  -0.031   0.010   0.014  -0.051   0.039  -0.036   0.012 
