# smm_align_hmm_flank -blr -hmm /home/projects/mniel/BPeters_ClassII_Benchmark/NN-align/nooverlap-3/HLA-DRB11201/gibbsmat/4.gibbs.avemat -bl -la 0.02 -p1a -m f004.la.bl.mat.23 -s 23 -ft /home/projects/mniel/BPeters_ClassII_Benchmark/class_II_nooverlap_core_5cv-3//HLA-DRB11201_test_nooverlap_4.txt.log50k -cc -fl 3 -- 
# WHMM 0.0007 0.0557 0.0459 0.2512 0.0795 0.0118 0.0232 0.0118 0.0521
# E 0.003816
# DR 0.018900
# FCC 0.945097
# T 0.000001
# NT 20
# ITR 2500

Last position-specific scoring matrix computed       
            A       R       N       D       C       Q       E       G       H       I       L       K       M       F       P       S       T       W       Y       V 
  0 A   0.041  -0.003  -0.000   0.017  -0.047   0.079   0.011   0.074   0.002  -0.016  -0.052   0.042  -0.020   0.017  -0.064  -0.033  -0.017  -0.017  -0.002  -0.009 
  1 A  -0.092  -0.175  -0.217  -0.185  -0.125  -0.122  -0.154  -0.147  -0.295   0.268   0.275  -0.198   0.221   0.245  -0.130  -0.186  -0.070   0.331   0.098   0.193 
  2 A   0.060  -0.220  -0.018  -0.151   0.453  -0.151  -0.116  -0.296  -0.063   0.064   0.061  -0.033  -0.082   0.088  -0.199  -0.006   0.073  -0.244  -0.136   0.081 
  3 A  -0.087   0.032   0.058  -0.045  -0.133  -0.061  -0.049  -0.154   0.047   0.029  -0.001  -0.072  -0.006   0.120  -0.219  -0.153  -0.106  -0.005   0.148  -0.031 
  4 A   0.039   0.237   0.265  -0.091  -0.425   0.377  -0.276  -0.127  -0.439  -0.033  -0.268  -0.244  -0.244  -0.140   0.062  -0.023   0.029  -0.904  -0.389  -0.191 
  5 A   0.015   0.080  -0.151  -0.115  -0.259  -0.121  -0.217  -0.040  -0.149   0.023  -0.103  -0.049  -0.172   0.103   0.014  -0.040  -0.024  -0.047  -0.042  -0.060 
  6 A   0.022  -0.166   0.049   0.042   0.252  -0.170  -0.008  -0.016  -0.161   0.088   0.060  -0.093  -0.011  -0.081  -0.090   0.042   0.059  -0.279  -0.131   0.108 
  7 A   0.087  -0.107   0.134   0.055   0.185  -0.022  -0.007  -0.123  -0.080   0.013  -0.055   0.002  -0.027  -0.160   0.076   0.029  -0.010   0.012  -0.030   0.076 
  8 A  -0.047   0.069   0.003  -0.112   0.096  -0.040  -0.048  -0.020  -0.023   0.030   0.045   0.105   0.113   0.015   0.032  -0.060  -0.044  -0.230  -0.030  -0.008 
  9 A  -0.005   0.085   0.048  -0.203  -0.220  -0.112  -0.149  -0.129   0.189  -0.013  -0.054  -0.048   0.084   0.176  -0.097  -0.070  -0.132   0.089   0.298  -0.033 
 10 A   0.008  -0.026   0.000   0.050   0.014   0.051  -0.025  -0.059   0.002  -0.008   0.021   0.034  -0.028   0.004   0.006  -0.029  -0.028  -0.022   0.012   0.024 
