# smm_align_hmm_flank -blr -hmm /home/projects/mniel/BPeters_ClassII_Benchmark/NN-align/nooverlap-3/HLA-DQA10401-DQB10402/gibbsmat/0.gibbs.avemat -la 0.02 -m f000.la.sp.mat.11 -s 11 -ft /home/projects/mniel/BPeters_ClassII_Benchmark/class_II_nooverlap_core_5cv-3//HLA-DQA10401-DQB10402_test_nooverlap_0.txt.log50k -cc -fl 3 -- 
# WHMM 0.0376 0.0093 0.0471 0.0030 0.0413 0.0301 0.0309 0.0746 0.0202
# E 0.013296
# DR 0.028233
# FCC 0.801518
# T 0.000001
# NT 20
# ITR 2500

Last position-specific scoring matrix computed       
            A       R       N       D       C       Q       E       G       H       I       L       K       M       F       P       S       T       W       Y       V 
  0 A  -0.010   0.002  -0.010   0.042   0.006  -0.016   0.025   0.016  -0.035   0.024  -0.012   0.004  -0.013   0.035   0.025  -0.021  -0.036  -0.084  -0.005   0.061 
  1 A   0.021  -0.107  -0.065   0.054  -0.121  -0.070   0.083  -0.041  -0.023   0.016   0.021   0.006  -0.110   0.093  -0.120  -0.022  -0.017   0.011   0.114  -0.013 
  2 A  -0.013  -0.014   0.030  -0.009  -0.042   0.001   0.019   0.014  -0.056  -0.010   0.074  -0.078  -0.062  -0.057  -0.019   0.055  -0.025   0.092   0.002   0.017 
  3 A   0.126  -0.074  -0.005  -0.094  -0.011  -0.030  -0.029  -0.034  -0.114   0.124  -0.036  -0.040   0.031  -0.052  -0.125   0.009  -0.009  -0.186  -0.062   0.023 
  4 A  -0.014  -0.037  -0.062  -0.005   0.020  -0.005  -0.024   0.080  -0.072   0.048  -0.026  -0.016   0.017   0.035  -0.032   0.086   0.005  -0.066  -0.009   0.047 
  5 A   0.029  -0.066  -0.044  -0.020  -0.040   0.010   0.017  -0.038  -0.092   0.048   0.019  -0.087  -0.027  -0.073   0.049  -0.045   0.028   0.006  -0.085   0.075 
  6 A   0.065  -0.050   0.040  -0.034  -0.072   0.025  -0.023  -0.096  -0.054   0.107   0.055  -0.067  -0.002  -0.026  -0.042   0.031  -0.037  -0.004  -0.008   0.038 
  7 A   0.111  -0.073  -0.040  -0.092   0.021  -0.001  -0.073  -0.055  -0.001   0.031   0.012  -0.067   0.042  -0.006   0.051  -0.033  -0.009  -0.025  -0.042   0.068 
  8 A   0.025   0.043  -0.080   0.116  -0.164  -0.055   0.241  -0.099  -0.073  -0.071  -0.088  -0.054  -0.163  -0.041  -0.169   0.023   0.054  -0.017  -0.021  -0.063 
  9 A   0.030  -0.034  -0.025   0.001   0.013   0.037   0.105  -0.071   0.001  -0.081  -0.025  -0.088  -0.037  -0.062   0.058   0.012  -0.052  -0.025   0.014   0.000 
 10 A  -0.027  -0.012  -0.007   0.008  -0.007   0.012   0.005   0.007   0.008   0.026   0.043  -0.031   0.006  -0.023  -0.006  -0.010  -0.005  -0.018   0.016   0.014 
