# smm_align_hmm_flank -blr -hmm /home/projects/mniel/BPeters_ClassII_Benchmark/NN-align/nooverlap-3/HLA-DQA10401-DQB10402/gibbsmat/2.gibbs.avemat -bl -la 0.02 -m f002.la.bl.mat.21 -s 21 -ft /home/projects/mniel/BPeters_ClassII_Benchmark/class_II_nooverlap_core_5cv-3//HLA-DQA10401-DQB10402_test_nooverlap_2.txt.log50k -cc -fl 3 -- 
# WHMM 0.0271 0.0078 0.0164 0.0450 0.0292 0.0156 0.0563 0.0046 0.1126
# E 0.012712
# DR 0.023100
# FCC 0.825418
# T 0.000001
# NT 20
# ITR 2500

Last position-specific scoring matrix computed       
            A       R       N       D       C       Q       E       G       H       I       L       K       M       F       P       S       T       W       Y       V 
  0 A   0.000   0.024  -0.010   0.034  -0.014  -0.015   0.047  -0.006  -0.009  -0.018   0.038  -0.001   0.004  -0.020  -0.008  -0.042  -0.017   0.025   0.013  -0.026 
  1 A   0.087   0.007   0.008   0.148  -0.025  -0.000   0.118   0.006  -0.019  -0.011  -0.065   0.029  -0.055  -0.047   0.022   0.076   0.016  -0.304   0.037   0.013 
  2 A   0.011   0.051   0.009   0.063  -0.194   0.006   0.009   0.017  -0.057   0.009  -0.025   0.016  -0.020   0.015   0.036  -0.021   0.029   0.070   0.059   0.013 
  3 A   0.065  -0.084  -0.051  -0.040  -0.040  -0.057  -0.045   0.001  -0.003   0.039   0.051  -0.128  -0.019   0.068  -0.119  -0.058  -0.037  -0.004   0.026   0.031 
  4 A   0.036  -0.131  -0.020  -0.008  -0.062  -0.007  -0.024  -0.050  -0.050   0.011  -0.007  -0.105  -0.003   0.016  -0.017  -0.033   0.021   0.000  -0.054  -0.028 
  5 A   0.005  -0.118  -0.016  -0.011  -0.141  -0.054  -0.094  -0.043  -0.045   0.128   0.054  -0.091   0.066  -0.006  -0.043  -0.017   0.049  -0.020  -0.036   0.065 
  6 A   0.002  -0.073  -0.022  -0.020  -0.063   0.036  -0.050   0.015  -0.078   0.024   0.012  -0.043   0.027   0.066  -0.071   0.055  -0.018   0.048   0.006   0.015 
  7 A   0.177  -0.020  -0.027  -0.081   0.039  -0.015   0.064  -0.119  -0.082   0.080   0.002   0.002   0.058   0.059   0.041   0.022   0.007  -0.277  -0.094   0.089 
  8 A   0.034  -0.034  -0.022   0.084   0.033   0.069   0.175  -0.074   0.062  -0.017  -0.001   0.000  -0.010   0.010  -0.063   0.011   0.045   0.003   0.012   0.008 
  9 A  -0.085  -0.158  -0.104  -0.008   0.044   0.031   0.179  -0.310  -0.055  -0.058   0.038  -0.137  -0.002  -0.179   0.035  -0.009  -0.043  -0.062  -0.127   0.006 
 10 A   0.025  -0.003   0.017   0.036   0.040   0.017   0.020  -0.032  -0.026   0.028  -0.025  -0.040  -0.029   0.019  -0.054  -0.005   0.041  -0.005  -0.011  -0.013 
