# smm_align_hmm_flank -blr -hmm /home/projects/mniel/BPeters_ClassII_Benchmark/NN-align/data_20112009/class_II_random_split_5cv/HLA-DPA10201-DPB10101/gibbsmat/3.gibbs.avemat -bl -la 0.02 -p1a -m f003.la.bl.mat.13 -s 13 -ft /home/projects/mniel/BPeters_ClassII_Benchmark/data_20112009/class_II_random_split_5cv//HLA-DPA10201-DPB10101_test_random_3.txt.log50k -cc -fl 3 -- 
# WHMM 0.0029 0.0417 0.0380 0.0174 0.0340 0.0775 0.0713 0.0791 0.0790
# E 0.018052
# DR 0.018900
# FCC 0.898298
# T 0.000001
# NT 20
# ITR 2500

Last position-specific scoring matrix computed       
            A       R       N       D       C       Q       E       G       H       I       L       K       M       F       P       S       T       W       Y       V 
  0 A   0.028   0.021   0.000   0.019   0.007  -0.005  -0.003  -0.040  -0.031  -0.042   0.013   0.047  -0.031   0.044  -0.018  -0.040   0.008   0.003   0.017   0.003 
  1 A  -0.074  -0.067  -0.141  -0.137  -0.098  -0.078  -0.097  -0.100  -0.055   0.157   0.163  -0.102   0.123   0.212  -0.089  -0.138  -0.087   0.120   0.165   0.107 
  2 A   0.007  -0.009  -0.078  -0.095  -0.081  -0.012  -0.061  -0.064  -0.114   0.081   0.057   0.046   0.024   0.172  -0.047  -0.013  -0.018  -0.031   0.072   0.043 
  3 A   0.013  -0.030  -0.060  -0.114  -0.203   0.003   0.003   0.011   0.005   0.024   0.047  -0.030   0.073   0.123  -0.063  -0.023   0.006   0.135   0.111   0.004 
  4 A   0.020  -0.020   0.020   0.075  -0.065   0.035   0.093  -0.054   0.004  -0.002   0.024  -0.059   0.024   0.046  -0.085   0.029   0.110   0.086   0.045   0.007 
  5 A  -0.034  -0.004  -0.037  -0.069   0.030   0.046  -0.068  -0.037  -0.128   0.007   0.009  -0.037  -0.016   0.076  -0.038  -0.013   0.035   0.042   0.078   0.015 
  6 A   0.014  -0.084  -0.051  -0.137  -0.390   0.136  -0.001  -0.062  -0.014   0.072   0.146  -0.025   0.099   0.244  -0.018  -0.018  -0.102  -0.049   0.130   0.041 
  7 A   0.069   0.033  -0.019  -0.126   0.032  -0.009   0.130  -0.148  -0.112   0.140   0.120   0.002   0.108   0.175  -0.454   0.028   0.092  -0.128  -0.099   0.123 
  8 A  -0.088  -0.017  -0.028  -0.004  -0.261   0.034   0.128  -0.095   0.054   0.002   0.038   0.025   0.073   0.015  -0.046   0.062   0.030   0.003   0.071  -0.061 
  9 A  -0.010   0.081  -0.034   0.011  -0.340   0.026  -0.044  -0.180   0.028   0.092   0.155   0.003   0.102  -0.049   0.015  -0.044  -0.008  -0.032   0.091   0.092 
 10 A   0.024   0.034  -0.007  -0.012  -0.035  -0.024   0.020   0.006  -0.043  -0.038   0.062   0.015   0.017   0.041  -0.024  -0.027  -0.004  -0.049   0.006   0.036 
