# smm_align_hmm_flank -blr -hmm /home/projects/mniel/BPeters_ClassII_Benchmark/NN-align/data_20112009/class_II_random_split_5cv/HLA-DRB50101/gibbsmat/3.gibbs.avemat -la 0.02 -p1a -m f003.la.sp.mat.10 -s 10 -ft /home/projects/mniel/BPeters_ClassII_Benchmark/data_20112009/class_II_random_split_5cv//HLA-DRB50101_test_random_3.txt.log50k -cc -fl 3 -- 
# WHMM 0.0265 0.0968 0.0508 0.0399 0.0499 0.0503 0.0271 0.0104 0.1216
# E 0.034742
# DR 0.028233
# FCC 0.682088
# T 0.000001
# NT 20
# ITR 2500

Last position-specific scoring matrix computed       
            A       R       N       D       C       Q       E       G       H       I       L       K       M       F       P       S       T       W       Y       V 
  0 A   0.024   0.010  -0.016  -0.036  -0.047   0.031   0.038  -0.007   0.047   0.036   0.009   0.046  -0.040   0.007  -0.039  -0.036   0.013   0.001  -0.058   0.019 
  1 A  -0.096  -0.117  -0.112  -0.113  -0.145  -0.198  -0.123  -0.197  -0.114   0.151   0.153  -0.117   0.020   0.323  -0.187  -0.109  -0.064   0.099   0.234   0.034 
  2 A   0.043   0.085  -0.009  -0.039  -0.014   0.006  -0.052  -0.099   0.110   0.076   0.012   0.121   0.060  -0.136  -0.220  -0.055   0.019  -0.085  -0.150   0.087 
  3 A  -0.021   0.037   0.005  -0.114  -0.077   0.086  -0.050   0.035   0.077   0.042   0.042   0.053  -0.023  -0.099  -0.010   0.055  -0.038  -0.064  -0.070   0.036 
  4 A   0.091  -0.116  -0.058  -0.109  -0.119   0.062   0.039  -0.047  -0.058   0.092   0.107  -0.025   0.087  -0.019  -0.065   0.035   0.008  -0.042  -0.138   0.029 
  5 A   0.017   0.058  -0.004  -0.058  -0.053  -0.021   0.018  -0.022  -0.062   0.007   0.081   0.054  -0.082   0.040  -0.013  -0.035  -0.064   0.004   0.108   0.000 
  6 A   0.176  -0.043   0.104  -0.052  -0.190  -0.086  -0.047   0.075  -0.039  -0.057  -0.055   0.051  -0.077  -0.074   0.130   0.155   0.011  -0.146  -0.069   0.027 
  7 A   0.044   0.054   0.030  -0.116  -0.076   0.016  -0.054   0.034  -0.014   0.021   0.021  -0.003  -0.001   0.047  -0.002  -0.045   0.011   0.014   0.014  -0.038 
  8 A   0.021   0.037  -0.115  -0.041  -0.003  -0.061  -0.012  -0.003  -0.051   0.000   0.027   0.112   0.028   0.007   0.003  -0.027   0.044   0.008   0.044  -0.020 
  9 A  -0.025   0.214  -0.080  -0.099  -0.023  -0.025  -0.155  -0.075  -0.032   0.043   0.030   0.218  -0.029   0.020  -0.083   0.036   0.034  -0.067  -0.060   0.018 
 10 A  -0.029  -0.010   0.049  -0.038  -0.094  -0.033   0.006   0.015  -0.021   0.094   0.122   0.031  -0.027  -0.015  -0.011  -0.025  -0.001  -0.007  -0.003  -0.002 
