# smm_align_hmm_flank -blr -hmm /home/projects/mniel/BPeters_ClassII_Benchmark/NN-align/nooverlap-3/H-2-IAb/gibbsmat/3.gibbs.avemat -bl -la 0.02 -m f003.la.bl.mat.15 -s 15 -ft /home/projects/mniel/BPeters_ClassII_Benchmark/class_II_nooverlap_core_5cv-3//H-2-IAb_test_nooverlap_3.txt.log50k -cc -fl 3 -- 
# WHMM 0.0207 0.0322 0.0443 0.0521 0.0242 0.0892 0.0235 0.0586 0.0735
# E 0.017622
# DR 0.023100
# FCC 0.799667
# T 0.000001
# NT 20
# ITR 2500

Last position-specific scoring matrix computed       
            A       R       N       D       C       Q       E       G       H       I       L       K       M       F       P       S       T       W       Y       V 
  0 A  -0.022   0.018  -0.005  -0.004  -0.011  -0.021   0.014  -0.017  -0.023   0.002   0.018   0.021   0.008   0.034  -0.006   0.036  -0.032  -0.003   0.011  -0.018 
  1 A   0.020  -0.008   0.045  -0.008   0.009  -0.019  -0.026   0.046   0.079   0.010  -0.024   0.019  -0.040   0.101  -0.076   0.052   0.029  -0.102   0.135   0.011 
  2 A   0.056   0.018  -0.005  -0.096  -0.120  -0.017  -0.027   0.053  -0.165   0.079   0.005   0.005   0.032  -0.046  -0.095  -0.018   0.026   0.112   0.033   0.116 
  3 A  -0.044  -0.100  -0.008  -0.049  -0.196  -0.071   0.019  -0.059   0.042  -0.090  -0.096  -0.100  -0.086   0.168   0.196  -0.072  -0.047   0.150   0.149  -0.079 
  4 A  -0.029  -0.003   0.041  -0.073  -0.151   0.129  -0.004  -0.104   0.008  -0.038  -0.003   0.020   0.013  -0.020   0.012   0.030  -0.006   0.016  -0.073  -0.049 
  5 A   0.130   0.022  -0.057  -0.064  -0.076   0.043  -0.034   0.158  -0.055  -0.014   0.035   0.044   0.033  -0.050   0.056   0.114   0.084  -0.148  -0.073  -0.002 
  6 A   0.102  -0.170  -0.017  -0.132  -0.039  -0.173  -0.086   0.007  -0.048  -0.131  -0.175  -0.118  -0.099  -0.027   0.170   0.050  -0.053  -0.194  -0.090  -0.064 
  7 A   0.016  -0.019   0.003  -0.052  -0.103  -0.022  -0.043  -0.023  -0.012  -0.042  -0.031  -0.023  -0.023  -0.000   0.127   0.077   0.085   0.055  -0.049  -0.032 
  8 A   0.180  -0.010  -0.120  -0.179  -0.078  -0.026  -0.076  -0.022  -0.058   0.078  -0.012  -0.013   0.042  -0.121   0.093   0.032   0.033  -0.158  -0.119   0.110 
  9 A  -0.050   0.038   0.105  -0.054  -0.102   0.012  -0.070  -0.214  -0.021   0.014   0.026  -0.047   0.056  -0.075  -0.058   0.041  -0.011  -0.034  -0.087  -0.026 
 10 A   0.032   0.022  -0.029   0.002  -0.020  -0.022   0.036   0.002  -0.008  -0.015  -0.003   0.008  -0.018   0.002  -0.027  -0.020   0.037  -0.003  -0.043   0.067 
