# smm_align_hmm_flank -blr -hmm /home/projects/mniel/BPeters_ClassII_Benchmark/NN-align/data_20112009/class_II_random_split_5cv/HLA-DPA10201-DPB10101/gibbsmat/2.gibbs.avemat -bl -la 0.02 -p1a -m f002.la.bl.mat.18 -s 18 -ft /home/projects/mniel/BPeters_ClassII_Benchmark/data_20112009/class_II_random_split_5cv//HLA-DPA10201-DPB10101_test_random_2.txt.log50k -cc -fl 3 -- 
# WHMM 0.0009 0.0419 0.0068 0.0440 0.0149 0.0982 0.0616 0.0134 0.0503
# E 0.019476
# DR 0.018900
# FCC 0.891456
# T 0.000001
# NT 20
# ITR 2500

Last position-specific scoring matrix computed       
            A       R       N       D       C       Q       E       G       H       I       L       K       M       F       P       S       T       W       Y       V 
  0 A   0.016   0.045  -0.004  -0.012  -0.037   0.029   0.012  -0.048  -0.024   0.008  -0.011   0.060   0.016  -0.047  -0.030   0.009  -0.013   0.024   0.007   0.002 
  1 A  -0.031  -0.040  -0.120  -0.116  -0.062  -0.079  -0.080  -0.091  -0.097   0.148   0.140  -0.081   0.127   0.187  -0.065  -0.082  -0.020   0.133   0.186   0.127 
  2 A   0.009   0.011  -0.117  -0.034  -0.167  -0.035   0.104  -0.080   0.024   0.040   0.028   0.063   0.036   0.216  -0.073  -0.048  -0.054  -0.090   0.127   0.036 
  3 A   0.035  -0.021   0.003  -0.104  -0.009  -0.042  -0.088   0.058   0.031   0.027  -0.011  -0.026   0.034   0.126  -0.089   0.033   0.056   0.171   0.173   0.031 
  4 A  -0.023  -0.107  -0.028  -0.008  -0.118  -0.008   0.042  -0.087  -0.076   0.038   0.005  -0.075  -0.006   0.139  -0.038   0.016   0.059   0.139   0.022  -0.023 
  5 A   0.057   0.039   0.029  -0.006  -0.052   0.109  -0.042   0.038  -0.134   0.075   0.037   0.068   0.079  -0.201   0.047   0.051   0.104  -0.093  -0.216   0.069 
  6 A  -0.011  -0.158  -0.057  -0.083  -0.183   0.139  -0.058  -0.095  -0.041   0.142   0.129  -0.066   0.045   0.221  -0.102  -0.057  -0.061  -0.186   0.077   0.068 
  7 A   0.010  -0.021  -0.022  -0.087   0.029   0.018   0.110  -0.127  -0.118   0.029   0.085  -0.020   0.084   0.154  -0.114   0.028  -0.016  -0.084  -0.015   0.004 
  8 A  -0.061   0.085  -0.070  -0.017  -0.107   0.077   0.059  -0.037   0.124  -0.035   0.104   0.027   0.153   0.060   0.023   0.028  -0.006  -0.094   0.065  -0.059 
  9 A  -0.001  -0.051  -0.105  -0.108  -0.066  -0.076  -0.036  -0.099  -0.110   0.106   0.112  -0.055   0.002   0.054  -0.016  -0.081  -0.005   0.071   0.045   0.094 
 10 A   0.054   0.067   0.026   0.016  -0.007   0.010  -0.008  -0.055  -0.057   0.017   0.024   0.015   0.021  -0.006  -0.034  -0.032  -0.044  -0.031   0.029  -0.006 
