# smm_align_hmm_flank -blr -hmm /home/projects/mniel/BPeters_ClassII_Benchmark/NN-align/data_20112009/class_II_random_split_5cv/HLA-DRB10404/gibbsmat/1.gibbs.avemat -bl -la 0.02 -p1a -m f001.la.bl.mat.19 -s 19 -ft /home/projects/mniel/BPeters_ClassII_Benchmark/data_20112009/class_II_random_split_5cv//HLA-DRB10404_test_random_1.txt.log50k -cc -fl 3 -- 
# WHMM 0.0054 0.0407 0.0201 0.0405 0.0380 0.0776 0.0281 0.1011 0.0253
# E 0.022989
# DR 0.018900
# FCC 0.774741
# T 0.000001
# NT 20
# ITR 2500

Last position-specific scoring matrix computed       
            A       R       N       D       C       Q       E       G       H       I       L       K       M       F       P       S       T       W       Y       V 
  0 A  -0.011  -0.003  -0.021  -0.031  -0.030   0.023   0.024   0.036   0.015  -0.005   0.023  -0.013  -0.052   0.052   0.027  -0.036  -0.000   0.017   0.001  -0.018 
  1 A  -0.073  -0.079  -0.146  -0.164  -0.046  -0.108  -0.119  -0.162  -0.036   0.200   0.188  -0.119   0.158   0.254  -0.177  -0.154  -0.105   0.120   0.190   0.145 
  2 A   0.021   0.116   0.037  -0.083  -0.034  -0.002  -0.099  -0.082  -0.013   0.070   0.072   0.103   0.044  -0.025  -0.054   0.082   0.130  -0.077  -0.070   0.069 
  3 A   0.063   0.043  -0.055  -0.135  -0.221   0.059  -0.068   0.052   0.067   0.092   0.167  -0.029   0.262   0.156  -0.041   0.040  -0.014   0.061   0.246   0.041 
  4 A  -0.029  -0.223  -0.109  -0.064   0.152  -0.095  -0.089  -0.079  -0.285   0.053   0.129  -0.143   0.086   0.063  -0.149  -0.057   0.008   0.103  -0.117   0.018 
  5 A  -0.054   0.006   0.029   0.018   0.047   0.041  -0.009  -0.055  -0.009  -0.074  -0.063  -0.023  -0.069  -0.018   0.002   0.028  -0.062   0.080   0.059  -0.086 
  6 A   0.197  -0.120   0.227  -0.190   0.057  -0.162  -0.111   0.059  -0.127   0.122   0.006  -0.067   0.034  -0.170   0.137   0.155   0.102  -0.306  -0.179   0.134 
  7 A   0.111   0.004  -0.016  -0.141  -0.060  -0.004  -0.051  -0.075  -0.190   0.049   0.057  -0.039   0.078   0.012   0.115   0.014   0.033  -0.018  -0.023   0.071 
  8 A  -0.070  -0.019   0.051   0.062  -0.237   0.018  -0.028  -0.062   0.132  -0.085   0.025  -0.082   0.026   0.006  -0.001  -0.049  -0.001   0.085   0.068  -0.056 
  9 A   0.020  -0.081   0.089   0.033  -0.112  -0.019   0.001   0.002  -0.028   0.048  -0.001  -0.082  -0.029   0.054  -0.003   0.069   0.060  -0.088  -0.061   0.046 
 10 A  -0.017   0.016   0.015   0.011  -0.017   0.038  -0.040  -0.036  -0.059   0.044   0.076  -0.017  -0.019   0.000  -0.035   0.002   0.023   0.020  -0.004  -0.001 
