# smm_align_hmm_flank -blr -hmm /home/projects/mniel/BPeters_ClassII_Benchmark/NN-align/data_20112009/class_II_random_split_5cv/HLA-DRB10404/gibbsmat/2.gibbs.avemat -la 0.02 -p1a -m f002.la.sp.mat.15 -s 15 -ft /home/projects/mniel/BPeters_ClassII_Benchmark/data_20112009/class_II_random_split_5cv//HLA-DRB10404_test_random_2.txt.log50k -cc -fl 3 -- 
# WHMM 0.0143 0.1025 0.0206 0.0712 0.0485 0.1182 0.0705 0.0633 0.0545
# E 0.025395
# DR 0.028233
# FCC 0.757085
# T 0.000001
# NT 20
# ITR 2500

Last position-specific scoring matrix computed       
            A       R       N       D       C       Q       E       G       H       I       L       K       M       F       P       S       T       W       Y       V 
  0 A   0.036   0.073  -0.050  -0.028  -0.020  -0.023  -0.078   0.042  -0.090  -0.052   0.046   0.091  -0.027  -0.035   0.074   0.014   0.011  -0.049   0.056   0.010 
  1 A  -0.042  -0.103  -0.054  -0.076  -0.072  -0.190  -0.059  -0.167  -0.068   0.175   0.149  -0.086   0.037   0.188  -0.121  -0.048  -0.101   0.052   0.093   0.119 
  2 A  -0.086   0.021   0.069  -0.037  -0.087   0.079  -0.053  -0.053   0.087   0.105   0.073   0.102   0.114  -0.207  -0.171   0.076   0.003  -0.045  -0.101   0.032 
  3 A   0.054   0.070   0.002  -0.114  -0.153   0.019  -0.078   0.012   0.129  -0.014   0.060  -0.123  -0.003  -0.013  -0.016  -0.065  -0.007   0.035   0.064   0.056 
  4 A  -0.050  -0.210  -0.109   0.010   0.065   0.011  -0.060  -0.205  -0.172   0.133   0.206  -0.060   0.182   0.160  -0.164  -0.056  -0.067  -0.186  -0.057   0.010 
  5 A  -0.047  -0.018   0.000  -0.239   0.162   0.022   0.033   0.054  -0.013   0.081  -0.020   0.062  -0.055  -0.086  -0.063  -0.003   0.028   0.007   0.004   0.004 
  6 A   0.186  -0.006   0.224  -0.070  -0.079  -0.088   0.028  -0.148  -0.101  -0.075  -0.111  -0.109  -0.137  -0.290   0.202   0.199   0.054   0.173  -0.227  -0.026 
  7 A   0.094  -0.028   0.083  -0.030  -0.196   0.037  -0.072  -0.175  -0.099  -0.005   0.074  -0.083   0.039   0.000   0.063   0.040   0.054  -0.136  -0.030   0.080 
  8 A   0.070   0.037  -0.064  -0.042  -0.075  -0.062   0.003   0.030   0.076  -0.013   0.009  -0.063   0.014  -0.001   0.116  -0.029   0.082   0.001  -0.065  -0.058 
  9 A  -0.031   0.055   0.081  -0.043  -0.216  -0.052  -0.061   0.036   0.037  -0.018   0.021  -0.100   0.015  -0.008  -0.024   0.084   0.086  -0.014  -0.078   0.056 
 10 A  -0.010  -0.006  -0.001   0.010  -0.106   0.095   0.066   0.021  -0.060   0.024   0.129  -0.026  -0.106   0.009  -0.030   0.000   0.025  -0.047  -0.013   0.026 
