# smm_align_hmm_flank -blr -hmm /home/projects/mniel/BPeters_ClassII_Benchmark/NN-align/nooverlap-3/HLA-DQA10301-DQB10302/gibbsmat/1.gibbs.avemat -la 0.02 -m f001.la.sp.mat.25 -s 25 -ft /home/projects/mniel/BPeters_ClassII_Benchmark/class_II_nooverlap_core_5cv-3//HLA-DQA10301-DQB10302_test_nooverlap_1.txt.log50k -cc -fl 3 -- 
# WHMM 0.0138 0.0185 0.0729 0.0138 0.0276 0.0198 0.0322 0.0315 0.0209
# E 0.014623
# DR 0.034508
# FCC 0.734541
# T 0.000001
# NT 20
# ITR 2500

Last position-specific scoring matrix computed       
            A       R       N       D       C       Q       E       G       H       I       L       K       M       F       P       S       T       W       Y       V 
  0 A   0.032  -0.058  -0.026   0.077   0.002  -0.007   0.028  -0.031  -0.063   0.007   0.015  -0.025  -0.007   0.076  -0.010   0.009   0.024  -0.030  -0.042   0.029 
  1 A   0.051   0.052   0.041  -0.049  -0.107  -0.051   0.061   0.009  -0.099   0.038  -0.018  -0.050  -0.067   0.050   0.001   0.019   0.016  -0.009  -0.050   0.078 
  2 A  -0.049  -0.023  -0.055  -0.032  -0.101   0.002   0.072   0.057  -0.069   0.062   0.029  -0.019   0.043   0.002  -0.020   0.002   0.069   0.012  -0.009  -0.078 
  3 A   0.087  -0.075  -0.018   0.090  -0.086  -0.064  -0.047  -0.014  -0.193   0.097  -0.141  -0.025  -0.152   0.026  -0.063   0.031   0.030  -0.095  -0.096   0.098 
  4 A   0.083  -0.092  -0.068  -0.052  -0.063  -0.013   0.031   0.012   0.006  -0.007  -0.006  -0.108   0.003   0.067   0.041   0.014   0.020  -0.046   0.049   0.025 
  5 A   0.041  -0.038   0.019   0.058  -0.077  -0.042  -0.061  -0.055  -0.077   0.053   0.128  -0.103  -0.079  -0.013  -0.004   0.014  -0.044  -0.000  -0.036   0.061 
  6 A   0.103  -0.024  -0.042   0.015  -0.082   0.055  -0.006  -0.104  -0.009   0.066  -0.016  -0.111   0.009  -0.067  -0.014  -0.004   0.033   0.021   0.036   0.028 
  7 A   0.050  -0.118  -0.039  -0.051  -0.010   0.080   0.044  -0.051  -0.067  -0.025   0.020   0.002  -0.059   0.111   0.004   0.019  -0.061   0.021   0.003  -0.078 
  8 A   0.045  -0.016  -0.087   0.026  -0.051   0.025   0.103  -0.051   0.021  -0.006  -0.052  -0.034  -0.031   0.004  -0.055   0.045  -0.047   0.007  -0.100   0.045 
  9 A   0.028  -0.061  -0.036   0.084  -0.057   0.034   0.191   0.013  -0.004  -0.092  -0.019  -0.045  -0.132  -0.059   0.031   0.046  -0.058  -0.087   0.032   0.018 
 10 A   0.013   0.016  -0.000   0.044   0.031   0.011  -0.045  -0.060  -0.025  -0.030   0.019   0.010   0.029   0.044  -0.005   0.007  -0.015  -0.050  -0.024   0.032 
