# smm_align_hmm_flank -blr -hmm /home/projects/mniel/BPeters_ClassII_Benchmark/NN-align/data_20112009/class_II_random_split_5cv/HLA-DQA10301-DQB10302/gibbsmat/1.gibbs.avemat -la 0.02 -m f001.la.sp.mat.18 -s 18 -ft /home/projects/mniel/BPeters_ClassII_Benchmark/data_20112009/class_II_random_split_5cv//HLA-DQA10301-DQB10302_test_random_1.txt.log50k -cc -fl 3 -- 
# WHMM 0.0023 0.0293 0.0004 0.0149 0.0123 0.0067 0.0489 0.0144 0.0204
# E 0.015476
# DR 0.028233
# FCC 0.708818
# T 0.000001
# NT 20
# ITR 2500

Last position-specific scoring matrix computed       
            A       R       N       D       C       Q       E       G       H       I       L       K       M       F       P       S       T       W       Y       V 
  0 A  -0.062   0.035  -0.078   0.012   0.025   0.006   0.020   0.021  -0.039   0.038  -0.004   0.035  -0.001   0.047  -0.050   0.043  -0.006  -0.032  -0.032   0.024 
  1 A   0.045  -0.013   0.017   0.047  -0.021  -0.030   0.034  -0.037  -0.086   0.033   0.057  -0.050  -0.021   0.013   0.009   0.021  -0.046   0.012   0.031  -0.027 
  2 A  -0.012  -0.023   0.012   0.047  -0.069  -0.067   0.128   0.036  -0.085   0.059  -0.008  -0.049  -0.049  -0.059  -0.068  -0.110   0.055   0.134  -0.040  -0.001 
  3 A  -0.009  -0.076   0.032   0.035  -0.014  -0.105  -0.038  -0.032   0.020   0.069   0.020  -0.012  -0.046   0.086  -0.007   0.044   0.009  -0.011   0.006   0.029 
  4 A   0.072  -0.051  -0.034  -0.013  -0.079  -0.043   0.029   0.013  -0.023  -0.010   0.074  -0.089  -0.015   0.043  -0.048   0.068   0.008  -0.070  -0.043   0.080 
  5 A   0.035  -0.001   0.012  -0.023  -0.073   0.098   0.047   0.005  -0.049  -0.056   0.009  -0.025  -0.028   0.008  -0.012   0.025   0.091  -0.049  -0.073  -0.035 
  6 A   0.068  -0.102  -0.042  -0.020   0.046  -0.045   0.048   0.009  -0.068   0.051   0.080  -0.087   0.002   0.002   0.013   0.015  -0.005  -0.030  -0.033   0.034 
  7 A   0.033  -0.010  -0.074   0.037  -0.076   0.144   0.107  -0.169  -0.126   0.016   0.079  -0.077   0.015   0.003  -0.126  -0.061  -0.024  -0.081  -0.021  -0.028 
  8 A   0.074  -0.034   0.000   0.011  -0.010  -0.034   0.064   0.024  -0.033  -0.018  -0.072  -0.058  -0.039   0.008   0.019   0.087  -0.078  -0.077  -0.025   0.069 
  9 A   0.053  -0.019  -0.032  -0.036  -0.085  -0.051   0.150  -0.023  -0.024   0.002  -0.028  -0.079  -0.051   0.065  -0.038   0.007  -0.054  -0.042   0.095   0.016 
 10 A  -0.002  -0.009  -0.037   0.010  -0.001  -0.007   0.020  -0.013   0.025  -0.020   0.012  -0.020   0.004  -0.011  -0.054   0.024   0.030  -0.030   0.066   0.014 
