# smm_align_hmm_flank -blr -hmm /home/projects/mniel/BPeters_ClassII_Benchmark/NN-align/data_20112009/class_II_random_split_5cv/HLA-DQA10301-DQB10302/gibbsmat/3.gibbs.avemat -la 0.02 -m f003.la.sp.mat.14 -s 14 -ft /home/projects/mniel/BPeters_ClassII_Benchmark/data_20112009/class_II_random_split_5cv//HLA-DQA10301-DQB10302_test_random_3.txt.log50k -cc -fl 3 -- 
# WHMM 0.0034 0.0142 0.0045 0.0073 0.0014 0.0091 0.0648 0.0211 0.0461
# E 0.015068
# DR 0.034508
# FCC 0.701812
# T 0.000001
# NT 20
# ITR 2500

Last position-specific scoring matrix computed       
            A       R       N       D       C       Q       E       G       H       I       L       K       M       F       P       S       T       W       Y       V 
  0 A   0.020  -0.002  -0.014   0.060  -0.008  -0.086  -0.007  -0.012   0.040   0.034   0.018   0.006   0.027   0.012  -0.070   0.004   0.026  -0.036  -0.007  -0.006 
  1 A  -0.077   0.002  -0.050   0.019  -0.024  -0.044  -0.000   0.010   0.042   0.078   0.001  -0.048   0.016   0.042  -0.037   0.075  -0.007   0.035  -0.059   0.006 
  2 A   0.141  -0.000   0.010  -0.045  -0.072  -0.007   0.046   0.008  -0.087  -0.022  -0.049  -0.019  -0.037   0.006  -0.008  -0.021   0.043   0.068  -0.029  -0.001 
  3 A   0.029  -0.083  -0.020   0.008  -0.027  -0.019   0.041   0.041  -0.055   0.041   0.054   0.007  -0.008   0.060  -0.045  -0.040   0.043  -0.085  -0.000   0.033 
  4 A   0.057  -0.097  -0.005   0.017  -0.082  -0.053   0.044  -0.010  -0.032   0.083   0.067  -0.083   0.009   0.030  -0.017   0.063  -0.019  -0.038  -0.004   0.009 
  5 A   0.008  -0.025   0.039  -0.074  -0.005   0.011   0.031   0.030  -0.063   0.045   0.005   0.018  -0.013   0.067  -0.004   0.019   0.014  -0.079  -0.004  -0.031 
  6 A   0.094   0.018  -0.001   0.062  -0.060  -0.109  -0.068  -0.030  -0.067   0.061   0.005  -0.063  -0.008   0.032  -0.055   0.054  -0.017  -0.017   0.033   0.051 
  7 A  -0.026  -0.032  -0.123   0.020  -0.027   0.183   0.143  -0.132  -0.138   0.032   0.085  -0.040  -0.001  -0.070  -0.172  -0.117  -0.019  -0.177  -0.006   0.003 
  8 A   0.053  -0.016   0.012   0.003   0.033   0.040   0.065  -0.064  -0.026  -0.053  -0.003  -0.097  -0.053  -0.012   0.030   0.007   0.014  -0.059  -0.081   0.024 
  9 A   0.080  -0.093  -0.131   0.070  -0.116  -0.002   0.153  -0.036  -0.023  -0.055  -0.042  -0.026  -0.086   0.069   0.001  -0.008  -0.059  -0.050   0.038   0.006 
 10 A   0.035  -0.001   0.010   0.036   0.003  -0.009  -0.036  -0.006  -0.027   0.095  -0.027  -0.023  -0.037  -0.050   0.015   0.040   0.005  -0.061  -0.021   0.060 
