# smm_align_hmm_flank -blr -hmm /home/projects/mniel/BPeters_ClassII_Benchmark/NN-align/nooverlap-3/H-2-IEd/gibbsmat/0.gibbs.avemat -la 0.02 -m f000.la.sp.mat.19 -s 19 -ft /home/projects/mniel/BPeters_ClassII_Benchmark/class_II_nooverlap_core_5cv-3//H-2-IEd_test_nooverlap_0.txt.log50k -cc -fl 3 -- 
# WHMM 0.0227 0.0458 0.0403 0.0104 0.0219 0.0333 0.0542 0.0718 0.0433
# E 0.001932
# DR 0.028233
# FCC 0.971190
# T 0.000001
# NT 20
# ITR 2500

Last position-specific scoring matrix computed       
            A       R       N       D       C       Q       E       G       H       I       L       K       M       F       P       S       T       W       Y       V 
  0 A   0.012   0.055   0.040  -0.044   0.024   0.066   0.011   0.008  -0.052  -0.029   0.019   0.043  -0.018   0.033  -0.064  -0.011  -0.009  -0.066  -0.023   0.006 
  1 A  -0.012   0.087   0.006  -0.047  -0.056   0.037  -0.014  -0.054   0.026   0.029  -0.042  -0.016   0.007  -0.050   0.027   0.002  -0.011   0.089  -0.010  -0.143 
  2 A  -0.014  -0.042  -0.042  -0.153  -0.004  -0.062  -0.101  -0.066  -0.020  -0.054   0.054   0.024  -0.121   0.159  -0.118  -0.035  -0.015   0.099   0.105  -0.007 
  3 A   0.039   0.122  -0.093  -0.074  -0.036  -0.028  -0.016   0.016  -0.012  -0.043   0.027  -0.011   0.046  -0.012  -0.116  -0.088  -0.037  -0.103   0.033  -0.033 
  4 A  -0.017   0.001   0.048   0.046  -0.042  -0.058  -0.051   0.048   0.123  -0.077  -0.082   0.035  -0.060   0.024  -0.055  -0.025  -0.023   0.046   0.062  -0.017 
  5 A   0.004   0.117  -0.072  -0.069  -0.023  -0.024  -0.069  -0.066  -0.010   0.027   0.032  -0.007   0.067  -0.069  -0.023  -0.040  -0.042  -0.023   0.022   0.023 
  6 A  -0.084   0.063   0.042  -0.019  -0.046  -0.086  -0.128   0.030   0.021   0.012  -0.034   0.051  -0.026  -0.021   0.002  -0.019  -0.023   0.013  -0.028   0.022 
  7 A   0.061   0.190  -0.019  -0.098  -0.142  -0.042  -0.077  -0.129   0.099   0.031  -0.103  -0.002  -0.084  -0.143  -0.066  -0.044  -0.114   0.032  -0.057   0.037 
  8 A  -0.089  -0.047  -0.068   0.115   0.111   0.001  -0.096  -0.079  -0.006  -0.114  -0.017   0.139  -0.093  -0.048  -0.097  -0.013   0.080  -0.129  -0.146  -0.073 
  9 A   0.014   0.185  -0.033  -0.203  -0.098  -0.024   0.024  -0.065   0.075  -0.072  -0.097   0.081  -0.075   0.052  -0.056  -0.012   0.030  -0.049   0.079  -0.135 
 10 A   0.009  -0.013   0.036  -0.027   0.013  -0.006   0.005  -0.024   0.027   0.062   0.030   0.010   0.009  -0.016  -0.047   0.033  -0.011  -0.050  -0.003  -0.038 
