# smm_align_hmm_flank -blr -hmm /home/projects/mniel/BPeters_ClassII_Benchmark/NN-align/nooverlap-3/H-2-IEd/gibbsmat/3.gibbs.avemat -bl -la 0.02 -m f003.la.bl.mat.17 -s 17 -ft /home/projects/mniel/BPeters_ClassII_Benchmark/class_II_nooverlap_core_5cv-3//H-2-IEd_test_nooverlap_3.txt.log50k -cc -fl 3 -- 
# WHMM 0.0841 0.0956 0.0366 0.0636 0.0888 0.0012 0.0795 0.1130 0.0689
# E 0.001394
# DR 0.018900
# FCC 0.967057
# T 0.000001
# NT 20
# ITR 2500

Last position-specific scoring matrix computed       
            A       R       N       D       C       Q       E       G       H       I       L       K       M       F       P       S       T       W       Y       V 
  0 A   0.015  -0.015   0.041  -0.024  -0.012   0.004  -0.023   0.003  -0.011   0.072   0.012  -0.006  -0.033   0.024   0.017   0.005   0.004  -0.021  -0.023  -0.030 
  1 A  -0.052  -0.200  -0.218  -0.389   0.199  -0.067  -0.157  -0.152   0.012  -0.078  -0.079  -0.065  -0.083   0.132   0.175  -0.104  -0.094   0.021   0.061  -0.084 
  2 A  -0.078  -0.126   0.002  -0.108  -0.081  -0.088  -0.152  -0.100  -0.095   0.044   0.081   0.044   0.046   0.037  -0.252  -0.017  -0.013  -0.051  -0.033   0.027 
  3 A   0.035  -0.051  -0.106  -0.050  -0.050  -0.096   0.011   0.115  -0.108  -0.083  -0.057   0.006  -0.070   0.000  -0.140  -0.101  -0.121   0.233   0.026  -0.090 
  4 A  -0.159   0.075  -0.226  -0.123  -0.070   0.062   0.005  -0.101   0.057  -0.062   0.041   0.084   0.033   0.003  -0.188  -0.197  -0.245   0.126   0.075  -0.074 
  5 A  -0.030   0.266   0.037   0.080  -0.340  -0.038  -0.004  -0.193  -0.099   0.109  -0.033   0.145   0.066  -0.211  -0.200   0.006  -0.009  -0.053  -0.099   0.113 
  6 A  -0.048  -0.097  -0.017   0.110  -0.099   0.007   0.036   0.101   0.039  -0.108  -0.073   0.014  -0.121   0.018   0.282   0.009  -0.038  -0.092   0.036  -0.145 
  7 A   0.071   0.133   0.029   0.067  -0.171   0.017   0.037  -0.131   0.092  -0.112  -0.082   0.122  -0.006  -0.137  -0.213   0.014   0.011  -0.074  -0.064  -0.119 
  8 A   0.017   0.069  -0.120  -0.073  -0.237  -0.267  -0.180  -0.012  -0.035   0.103   0.053  -0.007   0.150   0.002  -0.329   0.032   0.035  -0.648  -0.183   0.103 
  9 A   0.023   0.162   0.038  -0.094  -0.106  -0.092  -0.079  -0.019   0.003  -0.011   0.001  -0.022  -0.041  -0.008  -0.276   0.017   0.025  -0.194  -0.133  -0.056 
 10 A   0.015   0.024   0.036  -0.029   0.051  -0.051   0.012   0.082  -0.044  -0.025   0.000  -0.034   0.031  -0.045  -0.004   0.009  -0.033  -0.027   0.060  -0.029 
