# smm_align_hmm_flank -blr -hmm /home/projects/mniel/BPeters_ClassII_Benchmark/NN-align/nooverlap-3/H-2-IEd/gibbsmat/4.gibbs.avemat -bl -la 0.02 -m f004.la.bl.mat.18 -s 18 -ft /home/projects/mniel/BPeters_ClassII_Benchmark/class_II_nooverlap_core_5cv-3//H-2-IEd_test_nooverlap_4.txt.log50k -cc -fl 3 -- 
# WHMM 0.0717 0.0579 0.0126 0.1530 0.0026 0.0054 0.1520 0.0419 0.0902
# E 0.001637
# DR 0.018900
# FCC 0.975340
# T 0.000001
# NT 20
# ITR 2500

Last position-specific scoring matrix computed       
            A       R       N       D       C       Q       E       G       H       I       L       K       M       F       P       S       T       W       Y       V 
  0 A   0.053   0.018  -0.036  -0.016   0.002   0.026   0.016   0.012  -0.049  -0.013  -0.023  -0.002   0.021   0.004  -0.055   0.038  -0.010   0.037  -0.024   0.002 
  1 A   0.183   0.019  -0.186  -0.153   0.110   0.072  -0.017  -0.042  -0.244  -0.073  -0.017  -0.035  -0.051  -0.068  -0.095  -0.002   0.063   0.139  -0.079  -0.041 
  2 A  -0.073   0.039  -0.064  -0.068  -0.003  -0.048  -0.044  -0.127   0.042  -0.027   0.027   0.049   0.002   0.027  -0.047  -0.010   0.047  -0.209  -0.109   0.041 
  3 A  -0.106  -0.044  -0.125  -0.177   0.114  -0.147  -0.198  -0.213   0.043   0.126   0.081  -0.056  -0.006   0.137  -0.101  -0.187  -0.120   0.088   0.191   0.097 
  4 A  -0.099  -0.213  -0.066   0.130  -0.107  -0.246  -0.118   0.013   0.099  -0.120  -0.135  -0.113  -0.209  -0.098   0.019   0.009   0.047   0.015   0.122  -0.130 
  5 A  -0.051   0.006  -0.202  -0.138  -0.079  -0.017  -0.081  -0.022   0.089  -0.069   0.032  -0.034   0.007   0.176  -0.045  -0.071  -0.071   0.328   0.215  -0.078 
  6 A  -0.027   0.032  -0.017  -0.007   0.006   0.081   0.045  -0.106   0.061   0.022   0.065   0.038   0.021   0.002   0.035  -0.003  -0.023  -0.175  -0.097  -0.003 
  7 A   0.152   0.385  -0.104  -0.173  -0.438  -0.039  -0.202   0.040  -0.028  -0.155  -0.119   0.264  -0.109  -0.482  -0.116   0.245  -0.051  -0.222  -0.361  -0.121 
  8 A  -0.064  -0.017  -0.063  -0.108  -0.031  -0.155  -0.102  -0.172   0.121   0.109   0.064   0.070   0.052   0.028   0.030  -0.143  -0.037  -0.098   0.010   0.061 
  9 A  -0.079   0.093  -0.169  -0.231  -0.460  -0.100  -0.140  -0.202  -0.118   0.051   0.030   0.187   0.076   0.025  -0.046  -0.073  -0.046  -0.051   0.042  -0.015 
 10 A  -0.021  -0.004   0.002   0.046   0.038  -0.050  -0.014  -0.011   0.017   0.016   0.001  -0.032  -0.054  -0.019   0.007  -0.024   0.035   0.064  -0.003   0.005 
