# smm_align_hmm_flank -blr -hmm /home/projects/mniel/BPeters_ClassII_Benchmark/NN-align/nooverlap-3/H-2-IEd/gibbsmat/1.gibbs.avemat -la 0.02 -m f001.la.sp.mat.22 -s 22 -ft /home/projects/mniel/BPeters_ClassII_Benchmark/class_II_nooverlap_core_5cv-3//H-2-IEd_test_nooverlap_1.txt.log50k -cc -fl 3 -- 
# WHMM 0.0310 0.0263 0.0514 0.0389 0.0211 0.0004 0.0576 0.0141 0.0244
# E 0.002214
# DR 0.028233
# FCC 0.966632
# T 0.000001
# NT 20
# ITR 2500

Last position-specific scoring matrix computed       
            A       R       N       D       C       Q       E       G       H       I       L       K       M       F       P       S       T       W       Y       V 
  0 A  -0.021   0.030  -0.045  -0.033  -0.005   0.023  -0.041  -0.021   0.065   0.015   0.019  -0.032   0.045   0.028   0.018  -0.051  -0.039   0.041  -0.005   0.007 
  1 A   0.085  -0.027   0.018  -0.062   0.033  -0.105  -0.103   0.048  -0.039  -0.052  -0.068   0.058  -0.036  -0.029  -0.037   0.023  -0.070   0.133  -0.074  -0.048 
  2 A  -0.064  -0.050   0.017  -0.110   0.051   0.100  -0.056  -0.134   0.015  -0.100   0.062   0.071   0.006  -0.015   0.057  -0.050   0.009   0.067   0.077  -0.049 
  3 A   0.083   0.000  -0.124  -0.124  -0.027  -0.102  -0.022  -0.075   0.015   0.054  -0.007   0.019   0.026   0.125  -0.056  -0.043  -0.047  -0.162   0.007  -0.053 
  4 A  -0.114   0.048  -0.098  -0.110   0.018  -0.048  -0.000  -0.088   0.012  -0.025  -0.012  -0.043   0.010   0.104  -0.058  -0.063  -0.086   0.220   0.194  -0.059 
  5 A  -0.046   0.015  -0.045  -0.046  -0.061  -0.012  -0.055   0.041   0.002  -0.009  -0.074  -0.017  -0.022   0.073  -0.072   0.042   0.077   0.083  -0.041  -0.002 
  6 A  -0.013  -0.008  -0.054  -0.002   0.056  -0.057   0.090   0.046  -0.007  -0.076   0.037  -0.045   0.011  -0.029  -0.000   0.027   0.025  -0.032   0.032  -0.004 
  7 A  -0.075   0.090  -0.059  -0.006  -0.162   0.010   0.003  -0.125   0.106   0.074  -0.086   0.078  -0.069  -0.181  -0.084   0.060  -0.014  -0.184  -0.026  -0.002 
  8 A   0.025   0.062   0.052   0.066   0.048  -0.049  -0.041  -0.112  -0.047  -0.013  -0.044   0.096  -0.045  -0.038  -0.033   0.006   0.002  -0.054  -0.053   0.037 
  9 A  -0.039   0.077  -0.071  -0.066  -0.083   0.010  -0.056  -0.003   0.005  -0.034  -0.006   0.102  -0.058  -0.056   0.019   0.032  -0.044  -0.063   0.037  -0.098 
 10 A  -0.038   0.059  -0.020  -0.053  -0.015  -0.036   0.042  -0.016   0.021  -0.020  -0.015   0.039  -0.007   0.056   0.002  -0.036   0.034   0.020  -0.052   0.037 
