# smm_align_hmm_flank -blr -hmm /home/projects/mniel/BPeters_ClassII_Benchmark/NN-align/data_20112009/class_II_random_split_5cv/HLA-DQA10102-DQB10602/gibbsmat/2.gibbs.avemat -la 0.02 -m f002.la.sp.mat.15 -s 15 -ft /home/projects/mniel/BPeters_ClassII_Benchmark/data_20112009/class_II_random_split_5cv//HLA-DQA10102-DQB10602_test_random_2.txt.log50k -cc -fl 3 -- 
# WHMM 0.0203 0.0655 0.0419 0.0434 0.0039 0.0604 0.0436 0.0309 0.0044
# E 0.035698
# DR 0.028233
# FCC 0.706053
# T 0.000001
# NT 20
# ITR 2500

Last position-specific scoring matrix computed       
            A       R       N       D       C       Q       E       G       H       I       L       K       M       F       P       S       T       W       Y       V 
  0 A   0.034  -0.004  -0.078   0.055   0.006  -0.017   0.001   0.002   0.011  -0.019   0.073   0.032  -0.105  -0.020   0.023   0.028   0.027  -0.030  -0.036   0.019 
  1 A  -0.064  -0.072   0.085  -0.044  -0.054  -0.007  -0.004  -0.002  -0.019   0.105   0.035  -0.009   0.046  -0.011  -0.041   0.037  -0.086  -0.073   0.033   0.037 
  2 A   0.043   0.035   0.108  -0.063  -0.023  -0.033   0.053  -0.058  -0.002  -0.069  -0.107   0.026  -0.056  -0.085  -0.163   0.123   0.114  -0.047  -0.072  -0.051 
  3 A   0.163  -0.020  -0.075   0.019   0.011  -0.001  -0.023   0.134  -0.081  -0.038  -0.084   0.004  -0.020  -0.140  -0.007   0.006  -0.019   0.062  -0.092  -0.078 
  4 A   0.070  -0.145  -0.032  -0.136   0.050   0.026  -0.120   0.015  -0.109   0.016   0.061  -0.128  -0.003   0.072  -0.069   0.041   0.029  -0.046  -0.040   0.082 
  5 A   0.005   0.096   0.045  -0.050  -0.101   0.033  -0.010  -0.035   0.014   0.049  -0.025   0.025  -0.059   0.004  -0.068   0.051   0.105  -0.058  -0.043   0.005 
  6 A   0.018  -0.149  -0.179  -0.106  -0.105  -0.135  -0.020  -0.257  -0.048   0.184   0.185  -0.061   0.071  -0.096   0.048  -0.064   0.119  -0.058  -0.077   0.112 
  7 A   0.154  -0.071  -0.117  -0.140  -0.102   0.122  -0.001  -0.085  -0.110   0.005  -0.011  -0.073   0.160  -0.004   0.005  -0.043  -0.118   0.016  -0.015   0.103 
  8 A  -0.006  -0.022   0.041  -0.042   0.020  -0.001  -0.010   0.030   0.021  -0.019  -0.033  -0.025  -0.030   0.021  -0.024  -0.015  -0.074   0.060   0.040   0.004 
  9 A   0.130  -0.060  -0.047   0.031  -0.012   0.033  -0.005   0.006  -0.088   0.095  -0.009  -0.095  -0.007   0.012  -0.095   0.114   0.022  -0.073   0.006  -0.022 
 10 A   0.048  -0.040  -0.021  -0.040   0.006   0.036   0.010  -0.011   0.041  -0.025   0.019   0.070  -0.068  -0.027  -0.018   0.013   0.027  -0.028  -0.002   0.011 
