# smm_align_hmm_flank -blr -hmm /home/projects/mniel/BPeters_ClassII_Benchmark/NN-align/data_20112009/class_II_random_split_5cv/HLA-DQA10102-DQB10602/gibbsmat/3.gibbs.avemat -bl -la 0.02 -m f003.la.bl.mat.14 -s 14 -ft /home/projects/mniel/BPeters_ClassII_Benchmark/data_20112009/class_II_random_split_5cv//HLA-DQA10102-DQB10602_test_random_3.txt.log50k -cc -fl 3 -- 
# WHMM 0.0157 0.0360 0.0509 0.0363 0.0056 0.1037 0.0379 0.0171 0.0238
# E 0.029238
# DR 0.023100
# FCC 0.748171
# T 0.000001
# NT 20
# ITR 2500

Last position-specific scoring matrix computed       
            A       R       N       D       C       Q       E       G       H       I       L       K       M       F       P       S       T       W       Y       V 
  0 A   0.013  -0.015   0.036   0.039  -0.053  -0.039  -0.013  -0.075   0.023   0.070   0.022   0.000  -0.009   0.039   0.004  -0.017  -0.022  -0.015   0.014  -0.003 
  1 A  -0.000  -0.084   0.088   0.022  -0.052   0.021  -0.029  -0.005   0.018   0.100   0.092  -0.028   0.147   0.016  -0.051  -0.007  -0.022  -0.051  -0.000   0.041 
  2 A   0.118   0.009   0.014  -0.066   0.070   0.023   0.054  -0.057   0.104  -0.146  -0.103   0.066  -0.030  -0.015  -0.032   0.085   0.080   0.015   0.004  -0.112 
  3 A   0.144  -0.027   0.049  -0.057  -0.107  -0.008  -0.040   0.129   0.052  -0.129  -0.044  -0.056  -0.009   0.068   0.001   0.093   0.018   0.082   0.054  -0.128 
  4 A   0.178  -0.086   0.033  -0.008   0.049   0.030  -0.027  -0.003  -0.012   0.143   0.143  -0.088   0.156  -0.003  -0.153   0.095   0.117  -0.288  -0.057   0.148 
  5 A   0.050   0.121  -0.006  -0.036   0.039   0.069   0.051  -0.061   0.055   0.052   0.063   0.074   0.092   0.031   0.055   0.086   0.079  -0.342  -0.008   0.053 
  6 A   0.004  -0.176  -0.209  -0.267  -0.038  -0.056  -0.125  -0.254  -0.040   0.148   0.027  -0.168   0.084  -0.100  -0.102  -0.075  -0.025  -0.034  -0.072   0.084 
  7 A   0.054  -0.052  -0.039  -0.079  -0.027   0.071  -0.007  -0.086   0.011   0.033   0.096  -0.052   0.125   0.043  -0.086  -0.059  -0.059  -0.051   0.033   0.045 
  8 A   0.064  -0.020   0.048  -0.059   0.040   0.107  -0.060  -0.003   0.008   0.027   0.053  -0.011   0.142  -0.063  -0.049   0.032  -0.006   0.094   0.026   0.004 
  9 A   0.123  -0.092  -0.013   0.008   0.009   0.035  -0.007   0.030  -0.068   0.028  -0.007  -0.081   0.043  -0.046  -0.052   0.067   0.028   0.058   0.001   0.044 
 10 A   0.015   0.021  -0.008   0.015  -0.001  -0.027  -0.020  -0.029  -0.005  -0.028   0.008  -0.001   0.008   0.006  -0.036   0.005   0.030   0.050   0.001  -0.004 
