# smm_align_hmm_flank -blr -hmm /home/projects/mniel/BPeters_ClassII_Benchmark/NN-align/data_20112009/class_II_random_split_5cv/HLA-DQA10501-DQB10301/gibbsmat/2.gibbs.avemat -bl -la 0.02 -m f002.la.bl.mat.18 -s 18 -ft /home/projects/mniel/BPeters_ClassII_Benchmark/data_20112009/class_II_random_split_5cv//HLA-DQA10501-DQB10301_test_random_2.txt.log50k -cc -fl 3 -- 
# WHMM 0.0222 0.0228 0.0542 0.0482 0.0213 0.0131 0.0508 0.0627 0.0521
# E 0.017570
# DR 0.023100
# FCC 0.827228
# T 0.000001
# NT 20
# ITR 2500

Last position-specific scoring matrix computed       
            A       R       N       D       C       Q       E       G       H       I       L       K       M       F       P       S       T       W       Y       V 
  0 A   0.023  -0.012  -0.010   0.029  -0.003   0.003   0.013   0.038   0.007   0.031   0.012  -0.073   0.002  -0.008  -0.051   0.030  -0.039   0.010  -0.003   0.002 
  1 A   0.039  -0.086  -0.097  -0.067  -0.085  -0.087  -0.147  -0.027  -0.042   0.113   0.037  -0.067   0.041   0.075   0.045   0.007   0.041   0.034   0.085   0.103 
  2 A   0.043  -0.020  -0.042  -0.000   0.053  -0.008   0.032   0.064   0.073  -0.052   0.009  -0.043   0.024   0.041  -0.095   0.027   0.003  -0.019   0.073  -0.022 
  3 A   0.147  -0.002   0.066  -0.056  -0.238   0.014   0.003   0.141   0.066  -0.014  -0.033   0.038   0.033  -0.049  -0.040   0.051   0.039   0.027   0.062   0.008 
  4 A   0.171  -0.031  -0.055  -0.073  -0.063   0.040  -0.003   0.203  -0.175  -0.034  -0.054  -0.019  -0.017  -0.132  -0.011   0.154   0.089  -0.090  -0.133   0.014 
  5 A   0.096   0.019  -0.007  -0.067   0.010   0.010  -0.012   0.061   0.068  -0.036  -0.042   0.034  -0.018   0.026   0.018   0.059   0.021  -0.023   0.092  -0.007 
  6 A   0.128  -0.193  -0.050  -0.067   0.073  -0.080  -0.136   0.131  -0.222   0.120   0.095  -0.084   0.090  -0.121   0.108   0.052   0.063  -0.116  -0.186   0.119 
  7 A   0.223   0.109   0.006   0.021  -0.113   0.068   0.064  -0.103   0.109   0.093   0.013   0.094   0.036   0.019   0.051   0.181   0.111  -0.464   0.045   0.084 
  8 A   0.083  -0.053  -0.188  -0.206   0.003   0.009  -0.105   0.031  -0.057   0.077   0.017  -0.053   0.026  -0.030  -0.061  -0.005  -0.018   0.019   0.001   0.115 
  9 A   0.068   0.017   0.087  -0.063  -0.112  -0.058  -0.078   0.048   0.055   0.008  -0.029  -0.015   0.040  -0.073  -0.001   0.068   0.053  -0.080  -0.002   0.039 
 10 A   0.030   0.043  -0.004  -0.020   0.007   0.007  -0.006  -0.023   0.001   0.003  -0.020  -0.030   0.002  -0.016  -0.015   0.013   0.007   0.003   0.020  -0.002 
