# smm_align_hmm_flank -blr -hmm /home/projects/mniel/BPeters_ClassII_Benchmark/NN-align/data_20112009/class_II_random_split_5cv/HLA-DRB40101/gibbsmat/1.gibbs.avemat -bl -la 0.02 -p1a -m f001.la.bl.mat.12 -s 12 -ft /home/projects/mniel/BPeters_ClassII_Benchmark/data_20112009/class_II_random_split_5cv//HLA-DRB40101_test_random_1.txt.log50k -cc -fl 3 -- 
# WHMM 0.0008 0.0192 0.0322 0.0464 0.0356 0.0507 0.1010 0.0393 0.0229
# E 0.026287
# DR 0.023100
# FCC 0.696325
# T 0.000001
# NT 20
# ITR 2500

Last position-specific scoring matrix computed       
            A       R       N       D       C       Q       E       G       H       I       L       K       M       F       P       S       T       W       Y       V 
  0 A  -0.015  -0.026   0.025   0.022   0.022   0.024  -0.006  -0.001  -0.036  -0.020   0.005   0.044  -0.009   0.001  -0.001  -0.003  -0.018  -0.031   0.013   0.009 
  1 A  -0.012  -0.084  -0.080  -0.099   0.000  -0.082  -0.088  -0.080  -0.063   0.176   0.140  -0.092   0.144   0.092  -0.075  -0.086  -0.031   0.027   0.040   0.144 
  2 A  -0.002   0.040   0.066  -0.017  -0.035   0.049  -0.037  -0.094   0.072   0.061   0.047   0.012   0.056  -0.051  -0.018   0.000   0.012  -0.098  -0.050   0.046 
  3 A  -0.034   0.028  -0.010  -0.121   0.004   0.012  -0.045  -0.038  -0.007   0.027   0.058   0.048   0.102  -0.001  -0.167  -0.011  -0.086   0.162   0.075  -0.004 
  4 A   0.016  -0.090  -0.028   0.020  -0.033   0.105   0.046  -0.080  -0.054   0.122   0.105  -0.046   0.142  -0.016  -0.147  -0.025  -0.025  -0.112  -0.102   0.098 
  5 A  -0.019   0.137  -0.028  -0.070  -0.075   0.035   0.001  -0.029   0.036   0.031   0.104   0.058   0.065   0.096  -0.081   0.032   0.034  -0.200   0.045   0.016 
  6 A   0.034  -0.088  -0.093  -0.082  -0.010  -0.023  -0.087  -0.004  -0.022   0.062  -0.004   0.003   0.029  -0.044   0.055  -0.037  -0.074  -0.054  -0.016   0.026 
  7 A  -0.010   0.053   0.102  -0.006  -0.126   0.186   0.089  -0.161   0.006   0.054   0.124  -0.015   0.138  -0.100  -0.054   0.048   0.042  -0.086  -0.019  -0.011 
  8 A  -0.007   0.047   0.007   0.102  -0.012   0.102   0.057   0.015  -0.059   0.016   0.051   0.072   0.059  -0.199   0.096   0.031   0.039  -0.284  -0.165   0.022 
  9 A   0.045   0.028   0.020  -0.121  -0.075  -0.114  -0.164   0.027   0.092   0.118   0.129  -0.041   0.118   0.133  -0.172   0.022   0.041  -0.021   0.105   0.094 
 10 A   0.033   0.020   0.011   0.039  -0.024  -0.001   0.013  -0.055  -0.001   0.058   0.010  -0.021  -0.027   0.057  -0.019  -0.011  -0.049  -0.032   0.006  -0.006 
