# smm_align_hmm_flank -blr -hmm /home/projects/mniel/BPeters_ClassII_Benchmark/NN-align/data_20112009/class_II_random_split_5cv/HLA-DRB40101/gibbsmat/2.gibbs.avemat -la 0.02 -p1a -m f002.la.sp.mat.16 -s 16 -ft /home/projects/mniel/BPeters_ClassII_Benchmark/data_20112009/class_II_random_split_5cv//HLA-DRB40101_test_random_2.txt.log50k -cc -fl 3 -- 
# WHMM 0.0023 0.0242 0.0629 0.1186 0.0064 0.0033 0.0937 0.0492 0.0265
# E 0.027500
# DR 0.028233
# FCC 0.687106
# T 0.000001
# NT 20
# ITR 2500

Last position-specific scoring matrix computed       
            A       R       N       D       C       Q       E       G       H       I       L       K       M       F       P       S       T       W       Y       V 
  0 A  -0.013   0.037   0.033  -0.037  -0.050  -0.046  -0.036  -0.022  -0.004   0.037   0.014   0.035   0.040  -0.025  -0.026   0.072   0.042  -0.025  -0.031   0.007 
  1 A  -0.053  -0.014  -0.025  -0.069  -0.041  -0.009  -0.022  -0.036  -0.079   0.164   0.158  -0.018   0.052   0.033  -0.103  -0.048  -0.021   0.041   0.012   0.022 
  2 A   0.018   0.072   0.028  -0.050  -0.008   0.081  -0.010  -0.079  -0.045  -0.073  -0.018   0.068   0.013  -0.007   0.019   0.015   0.027  -0.047  -0.072  -0.026 
  3 A   0.013   0.024   0.014  -0.073  -0.162  -0.045  -0.071  -0.105  -0.013   0.083   0.091   0.067  -0.014  -0.039   0.028   0.004   0.004  -0.065   0.119   0.013 
  4 A  -0.038  -0.255  -0.157  -0.043   0.068   0.086   0.002  -0.211  -0.033   0.164   0.192  -0.170   0.183   0.040  -0.407  -0.139  -0.039  -0.150  -0.045   0.161 
  5 A   0.022   0.038   0.009   0.002  -0.095   0.037  -0.083   0.036  -0.024   0.084  -0.002   0.035  -0.027  -0.047   0.034   0.005  -0.017  -0.037   0.009  -0.010 
  6 A   0.034   0.001  -0.074   0.016  -0.094   0.076  -0.131   0.001  -0.025   0.145   0.120   0.014  -0.003   0.069  -0.038   0.007  -0.011  -0.092  -0.008  -0.014 
  7 A   0.014   0.083   0.086   0.075  -0.230   0.171   0.100  -0.139  -0.028   0.062  -0.018  -0.057   0.039  -0.214  -0.004   0.071  -0.021   0.004  -0.048  -0.071 
  8 A   0.009   0.040  -0.050   0.035  -0.060   0.004   0.036  -0.029   0.045  -0.016   0.063   0.020   0.025  -0.053   0.034  -0.017  -0.007  -0.033  -0.008  -0.033 
  9 A   0.051  -0.067  -0.032  -0.071  -0.116  -0.022  -0.074   0.026  -0.043   0.110   0.115  -0.015   0.014  -0.010  -0.006   0.022   0.022  -0.004  -0.104   0.101 
 10 A   0.003   0.026  -0.001   0.026  -0.074  -0.037  -0.013   0.012  -0.051   0.001   0.082   0.002   0.046  -0.006  -0.017  -0.017   0.035  -0.030   0.012   0.001 
