# smm_align_hmm_flank -blr -hmm /home/projects/mniel/BPeters_ClassII_Benchmark/NN-align/data_20112009/class_II_random_split_5cv/HLA-DRB40101/gibbsmat/4.gibbs.avemat -bl -la 0.02 -p1a -m f004.la.bl.mat.21 -s 21 -ft /home/projects/mniel/BPeters_ClassII_Benchmark/data_20112009/class_II_random_split_5cv//HLA-DRB40101_test_random_4.txt.log50k -cc -fl 3 -- 
# WHMM 0.0001 0.0189 0.0329 0.0982 0.0068 0.0373 0.0507 0.0120 0.0552
# E 0.026504
# DR 0.018900
# FCC 0.697425
# T 0.000001
# NT 20
# ITR 2500

Last position-specific scoring matrix computed       
            A       R       N       D       C       Q       E       G       H       I       L       K       M       F       P       S       T       W       Y       V 
  0 A   0.026   0.001  -0.005  -0.005  -0.017   0.008  -0.024  -0.093   0.021   0.036   0.017   0.016   0.017  -0.019  -0.018  -0.014   0.012   0.044   0.014  -0.016 
  1 A  -0.014  -0.033  -0.063  -0.061  -0.021  -0.031  -0.042  -0.054  -0.051   0.095   0.100  -0.046   0.079   0.063  -0.045  -0.056  -0.011   0.032   0.024   0.076 
  2 A  -0.053  -0.014   0.038  -0.121   0.080  -0.002  -0.100  -0.066   0.025   0.081   0.021   0.032   0.058  -0.007  -0.034  -0.031  -0.017  -0.049  -0.035   0.046 
  3 A  -0.039   0.024   0.017  -0.027  -0.166   0.062  -0.057  -0.019  -0.085   0.115   0.076   0.070   0.068   0.013  -0.062   0.019   0.019  -0.017   0.061   0.061 
  4 A  -0.069  -0.094  -0.043  -0.014  -0.030   0.075   0.070  -0.149   0.066   0.098   0.119  -0.032   0.112  -0.007  -0.186  -0.021  -0.071  -0.259  -0.060   0.067 
  5 A  -0.010   0.126  -0.025  -0.100  -0.097   0.086  -0.007  -0.035   0.075   0.018   0.034   0.045   0.054   0.023  -0.012   0.055   0.056   0.015   0.069   0.039 
  6 A   0.062  -0.074  -0.127  -0.154   0.025  -0.043  -0.107   0.006  -0.193   0.104   0.124  -0.028   0.080   0.038  -0.009  -0.018  -0.041   0.026  -0.018   0.073 
  7 A   0.050   0.124   0.125   0.053  -0.194   0.228   0.097  -0.141  -0.018   0.057   0.106   0.045   0.140  -0.180   0.008   0.050   0.076  -0.028  -0.098   0.008 
  8 A   0.017   0.018  -0.001   0.014   0.051   0.106   0.027   0.035   0.056   0.013  -0.031   0.077   0.020  -0.117   0.087   0.015  -0.007  -0.151  -0.030   0.023 
  9 A   0.049  -0.051  -0.050  -0.086  -0.097   0.027  -0.057   0.013   0.045   0.150   0.146  -0.059   0.180   0.074  -0.033   0.023  -0.038  -0.145   0.073   0.134 
 10 A   0.047  -0.003   0.006   0.018  -0.046  -0.004  -0.013  -0.007   0.023  -0.019   0.012  -0.014  -0.016  -0.017   0.007  -0.019  -0.000   0.052   0.046  -0.052 
