# smm_align_hmm_flank -blr -hmm /home/projects/mniel/BPeters_ClassII_Benchmark/NN-align/nooverlap-3/HLA-DRB10301/gibbsmat/3.gibbs.avemat -la 0.02 -p1a -m f003.la.sp.mat.16 -s 16 -ft /home/projects/mniel/BPeters_ClassII_Benchmark/class_II_nooverlap_core_5cv-3//HLA-DRB10301_test_nooverlap_3.txt.log50k -cc -fl 3 -- 
# WHMM 0.0192 0.0372 0.0431 0.0546 0.0162 0.0698 0.0464 0.0642 0.0430
# E 0.025211
# DR 0.034508
# FCC 0.663007
# T 0.000001
# NT 20
# ITR 2500

Last position-specific scoring matrix computed       
            A       R       N       D       C       Q       E       G       H       I       L       K       M       F       P       S       T       W       Y       V 
  0 A   0.018   0.021   0.008   0.011  -0.050   0.002   0.006  -0.006  -0.009   0.012   0.022   0.041  -0.015   0.014  -0.028   0.030  -0.015  -0.037  -0.004  -0.019 
  1 A  -0.065  -0.074  -0.074  -0.091  -0.057  -0.072  -0.106  -0.137  -0.114   0.175   0.133  -0.094   0.035   0.138  -0.083  -0.105  -0.110   0.060   0.041   0.106 
  2 A   0.018   0.027  -0.024  -0.066  -0.047   0.057  -0.017  -0.053  -0.075   0.121   0.083  -0.030   0.063  -0.023  -0.111  -0.031   0.022  -0.120  -0.096   0.072 
  3 A  -0.015   0.027  -0.019  -0.119  -0.076   0.019   0.016  -0.098  -0.032   0.003   0.087  -0.015   0.039  -0.037  -0.069   0.038   0.026   0.091   0.065   0.025 
  4 A   0.030  -0.096   0.091   0.197  -0.093  -0.066   0.033  -0.017  -0.001  -0.120  -0.098   0.038  -0.030  -0.101  -0.119   0.117   0.010  -0.167  -0.051  -0.072 
  5 A  -0.027   0.019   0.018  -0.002  -0.057   0.012   0.019  -0.002  -0.038   0.041   0.027  -0.028  -0.020   0.011   0.025   0.015   0.007  -0.031  -0.047   0.037 
  6 A   0.051   0.095   0.002   0.107  -0.089  -0.004  -0.054  -0.117  -0.044  -0.083  -0.075   0.102  -0.077  -0.070   0.113   0.018   0.069  -0.270  -0.066   0.039 
  7 A  -0.003  -0.015   0.016  -0.001  -0.105  -0.013   0.019  -0.036  -0.041   0.028   0.055   0.008  -0.005  -0.063  -0.066   0.053  -0.009  -0.012  -0.036   0.050 
  8 A  -0.018   0.043  -0.048   0.007   0.008   0.028   0.018  -0.109  -0.003  -0.001   0.071   0.034   0.036  -0.015  -0.001  -0.039  -0.030   0.014  -0.007  -0.021 
  9 A  -0.031   0.092  -0.104  -0.070  -0.050  -0.041  -0.057  -0.084  -0.002   0.018   0.087  -0.051   0.050   0.058  -0.094  -0.026  -0.011  -0.102   0.087   0.028 
 10 A   0.019   0.026   0.024  -0.012   0.006  -0.012   0.020  -0.023  -0.023   0.008   0.029   0.012  -0.006  -0.019  -0.032  -0.010  -0.002  -0.018  -0.004   0.018 
