# smm_align_hmm_flank -blr -hmm /home/projects/mniel/BPeters_ClassII_Benchmark/NN-align/data_20112009/class_II_random_split_5cv/HLA-DPA101-DPB10401/gibbsmat/4.gibbs.avemat -bl -la 0.02 -p1a -m f004.la.bl.mat.16 -s 16 -ft /home/projects/mniel/BPeters_ClassII_Benchmark/data_20112009/class_II_random_split_5cv//HLA-DPA101-DPB10401_test_random_4.txt.log50k -cc -fl 3 -- 
# WHMM 0.0023 0.0148 0.0225 0.0108 0.0138 0.0524 0.0204 0.0068 0.0191
# E 0.017058
# DR 0.018900
# FCC 0.929646
# T 0.000001
# NT 20
# ITR 2500

Last position-specific scoring matrix computed       
            A       R       N       D       C       Q       E       G       H       I       L       K       M       F       P       S       T       W       Y       V 
  0 A  -0.005   0.006  -0.013   0.008  -0.008  -0.020   0.001  -0.018  -0.034  -0.016  -0.012   0.049  -0.022   0.046   0.016   0.021  -0.036   0.008   0.023   0.008 
  1 A  -0.045  -0.059  -0.107  -0.125  -0.061  -0.068  -0.073  -0.069  -0.014   0.082   0.106  -0.096   0.097   0.217  -0.062  -0.086  -0.057   0.128   0.136   0.046 
  2 A   0.085   0.051  -0.025  -0.118   0.014   0.104   0.014  -0.002  -0.036   0.018   0.020   0.048   0.057   0.076  -0.089   0.019  -0.033   0.055   0.079   0.032 
  3 A   0.020  -0.034  -0.066  -0.046  -0.040  -0.045  -0.047  -0.014  -0.026  -0.027   0.012  -0.029  -0.042   0.035  -0.110  -0.050  -0.029   0.167  -0.006  -0.030 
  4 A   0.004   0.041  -0.004  -0.003   0.007  -0.037   0.035  -0.112   0.089   0.045   0.092  -0.011   0.029   0.051  -0.013   0.041   0.143  -0.191  -0.001   0.066 
  5 A  -0.083   0.113   0.002  -0.045  -0.089   0.035   0.005  -0.083  -0.031  -0.056  -0.017   0.005  -0.060   0.111  -0.072  -0.044  -0.000   0.092   0.096  -0.048 
  6 A   0.004  -0.129  -0.141  -0.231  -0.054   0.029  -0.111   0.024  -0.022  -0.021   0.070  -0.104  -0.044   0.305  -0.119  -0.028  -0.039   0.187   0.147  -0.033 
  7 A   0.014  -0.051  -0.018  -0.032   0.034   0.031   0.024  -0.053   0.027   0.077   0.102  -0.013   0.074   0.039   0.022   0.005  -0.004  -0.180  -0.010   0.043 
  8 A  -0.010   0.042  -0.079  -0.048   0.003   0.060   0.023  -0.019   0.070   0.025   0.050   0.009   0.074  -0.007   0.009  -0.009  -0.028  -0.127  -0.025   0.025 
  9 A  -0.051  -0.023  -0.065  -0.041   0.041   0.051   0.008  -0.122  -0.001   0.118   0.130  -0.010   0.091   0.082  -0.063  -0.036   0.033  -0.015   0.113   0.112 
 10 A   0.017  -0.011   0.027  -0.006  -0.004  -0.014  -0.010  -0.048   0.026  -0.022   0.041   0.010   0.002   0.009  -0.021  -0.062   0.001   0.018   0.010   0.037 
