# smm_align_hmm_flank -blr -hmm /home/projects/mniel/BPeters_ClassII_Benchmark/NN-align/data_20112009/class_II_random_split_5cv/H-2-IAb/gibbsmat/4.gibbs.avemat -la 0.02 -m f004.la.sp.mat.14 -s 14 -ft /home/projects/mniel/BPeters_ClassII_Benchmark/data_20112009/class_II_random_split_5cv//H-2-IAb_test_random_4.txt.log50k -cc -fl 3 -- 
# WHMM 0.0580 0.0288 0.0779 0.0402 0.0699 0.0588 0.0252 0.0538 0.1072
# E 0.016956
# DR 0.034508
# FCC 0.796620
# T 0.000001
# NT 20
# ITR 2500

Last position-specific scoring matrix computed       
            A       R       N       D       C       Q       E       G       H       I       L       K       M       F       P       S       T       W       Y       V 
  0 A   0.039   0.000   0.001  -0.017  -0.044   0.019   0.001  -0.031  -0.014  -0.007   0.070  -0.001   0.012   0.009  -0.010   0.014  -0.048  -0.029  -0.027   0.064 
  1 A  -0.048   0.025  -0.100  -0.139  -0.131  -0.032  -0.060  -0.079   0.005  -0.037  -0.045   0.055  -0.144   0.122  -0.152  -0.027  -0.069   0.129   0.170   0.027 
  2 A  -0.001   0.036   0.055  -0.075  -0.074  -0.000  -0.005   0.038   0.009   0.005   0.010  -0.009  -0.031  -0.022  -0.044   0.041  -0.090  -0.040   0.023   0.047 
  3 A   0.070  -0.093  -0.118  -0.143  -0.118  -0.042  -0.095  -0.113  -0.070  -0.004  -0.059  -0.028  -0.094   0.081   0.082   0.014  -0.038   0.068   0.179   0.075 
  4 A   0.069  -0.093   0.059  -0.048  -0.053   0.019  -0.040  -0.015  -0.025  -0.026  -0.028  -0.043   0.046  -0.010   0.029   0.056   0.017  -0.130   0.044  -0.077 
  5 A   0.045   0.023  -0.020  -0.123  -0.094   0.088  -0.061   0.098  -0.007   0.021   0.013  -0.051  -0.040   0.015  -0.037   0.008   0.062  -0.144  -0.115  -0.018 
  6 A   0.103  -0.126  -0.041  -0.062  -0.064  -0.035  -0.018   0.009  -0.008  -0.019  -0.058  -0.050  -0.052  -0.078   0.106   0.155  -0.055  -0.125  -0.088   0.056 
  7 A  -0.036   0.014   0.055   0.021  -0.081  -0.064  -0.041  -0.031   0.071  -0.116  -0.017   0.061  -0.065  -0.093   0.136   0.024   0.045   0.052  -0.028  -0.006 
  8 A   0.168  -0.057  -0.103  -0.173  -0.096  -0.082   0.044  -0.029   0.009  -0.021  -0.097   0.038   0.037  -0.082   0.186   0.028   0.038  -0.161  -0.110   0.028 
  9 A   0.089  -0.080   0.108  -0.177  -0.277  -0.001  -0.111  -0.214  -0.119   0.050   0.054  -0.047  -0.012  -0.103  -0.025   0.050  -0.030  -0.165  -0.129   0.084 
 10 A  -0.002  -0.009  -0.005   0.017   0.031  -0.006  -0.045  -0.008   0.072   0.002  -0.007   0.013  -0.085  -0.055  -0.029   0.018   0.045   0.007   0.006   0.041 
