# smm_align_hmm_flank -blr -hmm /home/projects/mniel/BPeters_ClassII_Benchmark/NN-align/data_20112009/class_II_random_split_5cv/HLA-DPA10301-DPB10402/gibbsmat/4.gibbs.avemat -bl -la 0.02 -p1a -m f004.la.bl.mat.17 -s 17 -ft /home/projects/mniel/BPeters_ClassII_Benchmark/data_20112009/class_II_random_split_5cv//HLA-DPA10301-DPB10402_test_random_4.txt.log50k -cc -fl 3 -- 
# WHMM 0.0047 0.0132 0.0136 0.0261 0.0159 0.0221 0.0836 0.2725 0.0130
# E 0.016641
# DR 0.023100
# FCC 0.910881
# T 0.000001
# NT 20
# ITR 2500

Last position-specific scoring matrix computed       
            A       R       N       D       C       Q       E       G       H       I       L       K       M       F       P       S       T       W       Y       V 
  0 A  -0.047   0.051   0.026  -0.015  -0.008   0.000   0.038  -0.073  -0.031  -0.034  -0.003   0.037   0.026  -0.000  -0.018   0.018   0.008  -0.013   0.014   0.023 
  1 A  -0.060  -0.080  -0.123  -0.143  -0.085  -0.101  -0.116  -0.097  -0.062   0.138   0.142  -0.109   0.111   0.202  -0.108  -0.110  -0.061   0.159   0.128   0.105 
  2 A   0.020  -0.028  -0.024  -0.019  -0.005   0.098   0.053  -0.100  -0.015   0.092   0.076   0.037   0.094  -0.007  -0.022  -0.062  -0.061  -0.019   0.028   0.058 
  3 A   0.032  -0.024  -0.035  -0.075  -0.002  -0.122  -0.089   0.040   0.003   0.026   0.023  -0.052  -0.063   0.091  -0.093  -0.022   0.023  -0.010   0.120   0.050 
  4 A  -0.026  -0.084  -0.044   0.007   0.009   0.004   0.034  -0.107   0.001   0.005  -0.008  -0.074   0.023   0.124  -0.010   0.000   0.097   0.098   0.097   0.005 
  5 A   0.024   0.022   0.049   0.046  -0.083   0.089   0.025   0.006  -0.078  -0.041   0.035   0.034   0.043   0.057   0.074   0.098   0.078  -0.022   0.049  -0.050 
  6 A  -0.028  -0.128  -0.063  -0.129  -0.041  -0.007  -0.098  -0.095  -0.081   0.122   0.118  -0.069   0.074   0.173  -0.078  -0.056  -0.037   0.120   0.059   0.070 
  7 A  -0.000  -0.052  -0.041  -0.157   0.037  -0.107   0.103  -0.095  -0.124   0.133   0.155  -0.111   0.093   0.048  -0.405   0.005  -0.035  -0.070  -0.068   0.056 
  8 A  -0.063   0.002   0.020  -0.134  -0.267  -0.003   0.023  -0.098   0.067   0.032   0.169  -0.022   0.142  -0.125   0.003  -0.185   0.005  -0.063   0.044  -0.060 
  9 A   0.043   0.097  -0.039  -0.063  -0.125   0.010  -0.006  -0.080  -0.062   0.142   0.198   0.021   0.148   0.045  -0.115   0.014   0.065  -0.126   0.010   0.138 
 10 A   0.024   0.021  -0.009  -0.005   0.003  -0.024  -0.010   0.012  -0.035  -0.017   0.046  -0.014  -0.010   0.003   0.012  -0.021   0.044  -0.058   0.002   0.036 
