# smm_align_hmm_flank -blr -hmm /home/projects/mniel/BPeters_ClassII_Benchmark/NN-align/nooverlap-3/HLA-DPA10301-DPB10402/gibbsmat/4.gibbs.avemat -la 0.02 -p1a -m f004.la.sp.mat.15 -s 15 -ft /home/projects/mniel/BPeters_ClassII_Benchmark/class_II_nooverlap_core_5cv-3//HLA-DPA10301-DPB10402_test_nooverlap_4.txt.log50k -cc -fl 3 -- 
# WHMM 0.0116 0.0126 0.0338 0.0277 0.0423 0.0731 0.0339 0.0253 0.0402
# E 0.018698
# DR 0.028233
# FCC 0.899152
# T 0.000001
# NT 20
# ITR 2500

Last position-specific scoring matrix computed       
            A       R       N       D       C       Q       E       G       H       I       L       K       M       F       P       S       T       W       Y       V 
  0 A   0.039  -0.025   0.015  -0.011  -0.019  -0.001   0.039  -0.025   0.012  -0.013   0.051   0.051  -0.063   0.000  -0.001  -0.004   0.033  -0.079   0.036  -0.036 
  1 A  -0.047  -0.050  -0.060  -0.051  -0.079  -0.059  -0.104  -0.078  -0.060   0.049   0.140  -0.058   0.037   0.148  -0.071  -0.057  -0.074   0.086   0.068   0.026 
  2 A   0.013   0.003   0.002  -0.057  -0.077   0.007   0.014  -0.044   0.006   0.008   0.060   0.052   0.019   0.033  -0.064   0.005   0.043  -0.112  -0.002   0.041 
  3 A   0.081  -0.090   0.023   0.063  -0.040  -0.049   0.005  -0.031  -0.015   0.055  -0.063   0.000  -0.077  -0.068  -0.045   0.036   0.047  -0.107   0.073   0.013 
  4 A  -0.005  -0.012  -0.034  -0.067  -0.066   0.041   0.057   0.032  -0.060   0.148   0.014  -0.022  -0.045   0.021  -0.118   0.042   0.076  -0.026  -0.082   0.059 
  5 A  -0.081   0.006  -0.068  -0.062  -0.042   0.054  -0.075  -0.047  -0.014   0.079   0.117  -0.039  -0.013   0.052  -0.011  -0.033  -0.016  -0.036   0.025   0.036 
  6 A  -0.014  -0.100  -0.161  -0.171  -0.137  -0.054  -0.088  -0.080  -0.053   0.066   0.222  -0.017   0.074   0.205  -0.117  -0.077  -0.100  -0.002   0.012   0.038 
  7 A  -0.035   0.013   0.061  -0.037  -0.121   0.020   0.132  -0.125   0.034   0.005  -0.077   0.013   0.037  -0.068  -0.019  -0.006   0.054  -0.033   0.001  -0.015 
  8 A  -0.009  -0.058  -0.009   0.035  -0.044   0.015  -0.101   0.004  -0.103  -0.002   0.053   0.055  -0.007   0.039   0.041  -0.025   0.042  -0.058  -0.033   0.024 
  9 A  -0.017  -0.086  -0.085  -0.075  -0.011  -0.094  -0.065  -0.084  -0.078   0.101   0.194  -0.124   0.138  -0.046  -0.014   0.047  -0.074  -0.055   0.057   0.056 
 10 A  -0.048   0.069  -0.002  -0.035  -0.034  -0.017   0.040  -0.011  -0.020   0.042   0.039  -0.003  -0.055   0.014  -0.044  -0.048  -0.005   0.022   0.053   0.045 
