# smm_align_hmm_flank -blr -hmm /home/projects/mniel/BPeters_ClassII_Benchmark/NN-align/nooverlap-3/HLA-DRB11201/gibbsmat/0.gibbs.avemat -bl -la 0.02 -p1a -m f000.la.bl.mat.17 -s 17 -ft /home/projects/mniel/BPeters_ClassII_Benchmark/class_II_nooverlap_core_5cv-3//HLA-DRB11201_test_nooverlap_0.txt.log50k -cc -fl 3 -- 
# WHMM 0.0624 0.1465 0.1519 0.0001 0.0933 0.0326 0.0843 0.0264 0.0085
# E 0.004891
# DR 0.018900
# FCC 0.938315
# T 0.000001
# NT 20
# ITR 2500

Last position-specific scoring matrix computed       
            A       R       N       D       C       Q       E       G       H       I       L       K       M       F       P       S       T       W       Y       V 
  0 A  -0.050   0.061   0.008  -0.058   0.050  -0.016   0.004   0.001  -0.001  -0.029  -0.011  -0.002  -0.016  -0.035   0.004   0.008   0.016  -0.009   0.038   0.038 
  1 A  -0.152  -0.279  -0.419  -0.479  -0.179  -0.270  -0.346  -0.328  -0.285   0.335   0.355  -0.314   0.326   0.259  -0.321  -0.310  -0.142   0.489   0.164   0.220 
  2 A  -0.047  -0.251  -0.110  -0.267  -0.244  -0.021  -0.222  -0.235  -0.086   0.036  -0.011  -0.028   0.035  -0.021  -0.196  -0.118  -0.083   0.046   0.010  -0.084 
  3 A   0.005  -0.231  -0.176  -0.351  -0.162  -0.010  -0.079  -0.354   0.117   0.076   0.071   0.029   0.093   0.008   0.082  -0.141   0.038  -0.448   0.068   0.003 
  4 A  -0.108  -0.041   0.109   0.147  -0.145   0.050   0.036   0.096   0.075  -0.067   0.058  -0.081   0.103  -0.030  -0.215  -0.093  -0.134   0.141  -0.053  -0.131 
  5 A  -0.040  -0.159  -0.047  -0.081  -0.141  -0.208  -0.224  -0.232  -0.132   0.180   0.173  -0.226   0.045   0.092   0.074  -0.046  -0.037  -0.162  -0.072   0.081 
  6 A   0.056  -0.031   0.031  -0.023   0.011  -0.042  -0.034  -0.086  -0.101   0.069   0.053  -0.065   0.001   0.077  -0.231   0.029  -0.027  -0.170  -0.028   0.077 
  7 A  -0.025   0.144   0.118  -0.059  -0.285  -0.106  -0.080  -0.007  -0.141  -0.068  -0.015   0.116   0.004  -0.042  -0.212  -0.006  -0.063   0.023   0.043  -0.057 
  8 A  -0.035   0.008  -0.043   0.017  -0.344  -0.022   0.010  -0.138   0.068   0.025   0.018  -0.026   0.071   0.149   0.277  -0.048  -0.006  -0.112   0.156  -0.011 
  9 A   0.070   0.130  -0.104  -0.115  -0.067  -0.027  -0.033   0.143   0.074  -0.094  -0.057   0.035  -0.121   0.011  -0.018  -0.018  -0.025  -0.071   0.093  -0.039 
 10 A   0.064  -0.031   0.012   0.000   0.012  -0.022  -0.070  -0.005   0.003   0.008   0.056   0.021  -0.038  -0.024   0.053   0.025   0.010  -0.071  -0.066   0.064 
