# smm_align_hmm_flank -blr -hmm /home/projects/mniel/BPeters_ClassII_Benchmark/NN-align/data_20112009/class_II_random_split_5cv/HLA-DRB10901/gibbsmat/4.gibbs.avemat -bl -la 0.02 -p1a -m f004.la.bl.mat.18 -s 18 -ft /home/projects/mniel/BPeters_ClassII_Benchmark/data_20112009/class_II_random_split_5cv//HLA-DRB10901_test_random_4.txt.log50k -cc -fl 3 -- 
# WHMM 0.0005 0.0632 0.0759 0.0457 0.0410 0.0372 0.0481 0.0584 0.0714
# E 0.032389
# DR 0.018900
# FCC 0.643708
# T 0.000001
# NT 20
# ITR 2500

Last position-specific scoring matrix computed       
            A       R       N       D       C       Q       E       G       H       I       L       K       M       F       P       S       T       W       Y       V 
  0 A   0.002  -0.022  -0.007   0.004  -0.062   0.031   0.009   0.013  -0.027   0.038   0.018   0.020  -0.011   0.011  -0.023  -0.012  -0.004   0.019   0.016  -0.011 
  1 A  -0.034  -0.131  -0.161  -0.163   0.002  -0.092  -0.115  -0.095  -0.058   0.174   0.179  -0.138   0.134   0.237  -0.075  -0.110  -0.050   0.154   0.223   0.140 
  2 A   0.028  -0.001   0.104  -0.006   0.001   0.028   0.040   0.046   0.029   0.045  -0.060   0.084   0.005  -0.117  -0.239   0.023   0.025  -0.061  -0.121   0.033 
  3 A   0.097   0.028  -0.031  -0.099  -0.160   0.052  -0.063  -0.053   0.064  -0.033   0.025   0.032   0.025   0.006   0.021   0.067   0.012   0.138   0.022  -0.018 
  4 A   0.052  -0.081  -0.037  -0.090  -0.005  -0.103  -0.113   0.062   0.043   0.032   0.064  -0.089   0.070   0.105  -0.127   0.068   0.020  -0.221   0.017   0.017 
  5 A   0.056  -0.056   0.052  -0.105   0.053   0.053  -0.033  -0.056   0.079   0.001   0.021   0.006   0.066   0.060   0.004   0.058   0.021   0.019   0.082  -0.025 
  6 A   0.091  -0.047  -0.061   0.000  -0.098  -0.014   0.028   0.041   0.048  -0.096  -0.117  -0.017  -0.056  -0.140   0.082   0.092  -0.004   0.049  -0.034  -0.042 
  7 A   0.064   0.041  -0.004  -0.048  -0.057   0.032   0.023  -0.048  -0.136   0.053   0.079   0.021   0.072  -0.062   0.070   0.034   0.073  -0.134  -0.074   0.038 
  8 A   0.032   0.017  -0.005  -0.067  -0.070   0.026  -0.008  -0.006   0.082   0.014   0.060   0.018   0.056   0.095   0.019   0.047  -0.014  -0.112   0.058   0.007 
  9 A   0.115  -0.024  -0.025  -0.145  -0.150  -0.072  -0.064  -0.057  -0.178   0.103   0.112  -0.080   0.059   0.028  -0.036   0.051   0.074   0.016  -0.042   0.183 
 10 A   0.013  -0.021  -0.004  -0.013  -0.017   0.047   0.016  -0.010  -0.011   0.007  -0.003  -0.003   0.007   0.043   0.011  -0.052  -0.017   0.026   0.015  -0.035 
