118
354
495
572
634
693
734
786
819
847
883
915
953
983
1008
1038
1068
1090
1118
1151
1178
1204
1221
1251
1273
1296
1317
1352
1374
1397
1422
1438
1454
1474
1488
1510
1534
1554
1575
1585
1606
1626
1648
1665
1686
1705
1733
1748
1773
1795
1819
1843
1863
1885
1901
1920
1934
1952
1972
1990
2007
2029
2046
2066
2083
2097
2114
2132
2146
2161
2173
2187
2205
2217
2232
2250
2264
2285
2300
2322
2341
2362
2382
2398
2411
2416
2425
2434
2452
2467
2484
2497
2513
2529
2542
2561
2581
2597
2619
2635
2649
2670
2689
2704
2718
2735
2748
2765
2778
2792
2803
2819
2828
2843
2856
2873
2886
2901
2912
2932
2945
2961
2974
2990
3003
3020
3028
3038
3050
3068
3084
3099
3109
3122
3137
3151
3171
3183
3198
3213
3226
3243
3260
3272
3287
3303
3313
3330
3344
3356
3373
3389
3403
3416
3432
3445
3457
3468
3479
3489
3504
3517
3534
3552
3564
3577
3593
3602
3613
3628
3640
3653
3668
3684
3696
3708
3719
3732
3747
3759
3771
3781
3795
3806
3816
3826
3842
3855
3870
3882
3897
3908
3919
3933
3947
3960
3971
3989
4004
4018
4035
4052
4063
4073
4087
4097
4109
4120
4134
4145
4155
4170
4181
4194
4202
4212
4223
4240
4253
4270
4284
4294
4304
4311
4324
4337
4350
4363
4372
4386
4402
4413
4428
4442
4454
4471
4486
4501
4512
4522
4534
4549
4561
4571
4586
4599
4610
4621
4633
4646
4659
4672
4684
4691
4706
4716
4730
4743
4761
4773
4788
4804
4821
4836
4847
4862
4879
4890
4906
4917
4933
4945
4953
4965
4974
4987
5001
5014
5026
5035
5047
5062
5074
5088
5106
5119
5127
5134
5144
5158
5172
5185
5195
5198
5217
5224
5232
5244
5261
5270
5283
5292
5304
5317
5329
5337
5347
5359
5372
5380
5394
5405
5414
5426
5438
5451
5462
5476
5486
5497
5510
5521
5534
5546
5556
5571
5583
5592
5606
5622
5635
5644
5656
5670
5687
5699
5715
5725
5736
5748
5762
5770
5780
5789
5799
5812
5824
5837
5849
5861
5871
5881
5894
5906
5918
5930
5947
5958
5970
5982
5992
6003
6016
6029
6042
6059
6072
6084
6098
6108
6121
6132
6147
6160
6173
6190
6204
6218
6230
6243
6256
6266
6276
6287
6298
6307
6319
6333
6345
6357
6372
6385
6400
6409
6424
6436
6447
6460
6474
6485
6494
6506
6523
6533
6549
6562
6576
6587
6606
6615
6627
6635
6645
6658
6669
6680
6693
6702
6714
6730
6743
6752
6764
6773
6783
6789
6800
6815
6828
6839
6851
6861
6877
6886
6899
6912
6927
6939
6950
6961
6968
6982
6995
7004
7016
7027
7044
7056
7069
7082
7094
7108
7126
7140
7153
7165
7175
7182
7194
7202
7210
7223
7236
7248
7260
7270
7281
7296
7311
7324
7337
7351
7361
7371
7384
7399
7408
7418
7432
7441
7456
7468
7479
7492
7505
7518
7530
7544
7550
7565
7584
7593
7606
7619
7628
7639
7652
7663
7669
7677
7689
7696
7708
7723
7736
7744
7752
7767
7779
7793
7809
7823
7834
7843
7854
7868
7882
7897
7910
7922
7934
7946
7958
7971
7982
7996
8005
8019
8025
8034
8050
8066
8076
8083
8095
8107
8116
8124
8137
8145
8158
8171
8183
8192
8206
8217
8226
8235
8248
8254
8268
8280
8292
8304
8316
8327
8337
8354
8368
8381
8392
8403
8416
8427
8440
8450
8460
8475
8484
8494
8510
8526
8534
8541
8548
8560
8573
8586
8601
8612
8622
8634
8646
8661
8673
8685
8698
8708
8718
8729
8742
8754
8755
8770
8779
8793
8807
8819
8833
8847
8855
8861
8873
8886
8899
8911
8921
8932
8944
8954
8966
8979
8990
8998
9008
9019
9029
9042
9055
9071
9083
9094
9100
9113
9122
9137
9140
9153
9163
9177
9193
9204
9218
9229
9240
9254
9268
9278
9296
9307
9320
9332
9344
9352
9361
9370
9384
9392
9405
9417
9430
9442
9454
9468
9483
9495
9505
9516
9530
9544
9555
9563
9573
9585
9592
9600
9614
9626
9637
9648
9656
9671
9681
9694
9709
9729
9746
9756
9767
9778
9788
9802
9821
9831
9843
9858
9871
9888
9900
9913
9921
9935
9946
9954
9964
9974
9989
9999
10011
10025
10036
10047
10060
10075
10085
10095
10106
10118
10127
10135
10141
10156
10166
10180
10190
10198
10205
10217
10231
10244
10256
10268
10278
10288
10300
10312
10324
10338
10351
10359
10370
10379
10392
10403
10411
10418
10429
10440
10452
10465
10475
10488
10500
10512
10524
10533
10548
10562
10576
10588
10600
10611
10621
10632
10641
10651
10661
10675
10685
10697
10711
10718
10731
10742
10754
10769
10782
10792
10805
10813
10824
10837
10843
10853
10864
10876
10889
10904
10919
10933
10940
10952
10963
10974
10982
10993
11004
11013
11025
11034
11047
11063
11074
11082
11094
11105
11117
11130
11142
11157
11166
11176
11188
11196
11206
11223
11233
11245
11256
11264
11274
11289
11299
11307
11315
11326
11337
11347
11361
11375
11389
11403
11412
11422
11431
11446
11458
11469
11484
11493
11508
11520
11530
11540
11552
11565
11574
11588
11603
11616
11627
11639
11654
11664
11678
11689
11703
11717
11725
11733
11747
11761
11773
11784
11795
11810
11821
11833
11844
11855
11865
11880
11894
11904
11913
11923
11932
11944
11957
11970
11982
11992
12000
12007
12020
12025
12040
12052
12063
12071
12083
12096
12107
12119
12131
12146
12156
12167
12179
12194
12206
12221
12231
12242
12251
12268
12278
12291
12305
12316
12328
12338
12349
12362
12371
12382
12391
12402
12415
12430
12440
12452
12464
12473
12486
12498
12512
12522
12536
12549
12561
12570
12580
12594
12606
12615
12629
12641
12654
12655
12666
12677
12690
12699
12705
12713
12727
12740
12753
12766
12776
12792
12800
12814
12822
12835
12849
12864
12880
12891
12900
12913
12926
12940
12952
12964
12973
12985
12997
13003
13016
13028
13040
13054
13065
13075
13085
13094
13105
13117
13129
13142
13156
13170
13182
13194
13210
13221
13233
13244
13258
13272
13284
13297
13309
13325
13335
13349
13364
13375
13387
13401
13410
13422
13436
13448
13459
13470
13482
13493
13506
13516
13531
13542
13556
13567
13578
13592
13604
13617
13628
13642
13654
13668
13677
13690
13696
13707
13719
13734
13744
13757
13768
13783
13798
13807
13822
13833
13845
13857
13870
13883
13894
13904
13914
13925
13940
13952
13962
13975
13992
14006
14021
14030
14041
14050
14061
14073
14085
14096
14102
14111
14119
14136
14150
14161
14174
14185
14197
14206
14217
14231
14245
14258
14272
14283
14300
14313
14317
14325
14340
14351
14364
14375
14386
14400
14412
14425
14439
14453
14466
14480
14497
14511
14522
14534
14548
14559
14572
14586
14602
14611
14622
14635
14648
14662
14675
14685
14698
14707
14718
14732
14743
14754
14763
14771
14780
14794
14808
14820
14831
14842
14852
14867
14877
14889
14904
14918
14928
14942
14952
14966
14980
14988
15001
15010
15018
15031
15048
15062
15074
15090
15096
15108
15121
15138
15152
15163
15175
15187
15201
15214
15226
15236
15248
15258
15271
15282
15292
15302
15313
15324
15332
15342
15356
15365
15375
15378
15388
15402
15413
15426
15442
15454
15465
15478
15489
15503
15513
15526
15541
15552
15566
15578
15591
15603
15613
15625
15636
15649
15657
15670
15682
15692
15704
15721
15728
15742
15753
15765
15777
15792
15806
15816
15828
15838
15847
15858
15867
15877
15887
15899
15910
15920
15933
15945
15957
15971
15980
15991
16004
16016
16030
16044
16054
16065
16075
16089
16100
16109
16120
16129
16138
16150
16161
16170
16182
16193
16203
16214
16225
16235
16249
16259
16271
16285
16297
16307
16320
16330
16345
16356
16366
16378
16389
16398
16408
16423
16435
16449
16457
16472
16482
16499
16511
16523
16532
16544
16557
16573
16582
16594
16607
16618
16633
16646
16655
16665
16675
16688
16701
16711
16722
16732
16743
16749
16752
16766
16775
16787
16796
16808
16820
16834
16841
16850
16861
16869
16882
16893
16908
16918
16932
16946
16957
16969
16979
16994
17006
17016
17023
17034
17038
17047
17061
17073
17085
17096
17109
17120
17134
17147
17163
17177
17187
17200
17210
17219
17234
17248
17254
17254
17263
17274
17283
17295
17308
17321
17335
17350
17362
17371
17384
17398
17410
17419
17429
17441
17452
17462
17473
17474
17485
17494
17499
17513
17522
17533
17543
17555
17568
17580
17592
17602
17605
17617
17629
17645
17658
17670
17685
17697
17707
17721
17732
17744
17758
17770
17782
17791
17804
17817
17828
17837
17852
17865
17879
17892
17905
17917
17928
17940
17954
17969
17981
17995
18006
18016
18026
18036
18045
18054
18066
18075
18086
18096
18107
18119
18130
18140
18151
18163
18175
18184
18195
18204
18219
18232
18243
18256
18267
18280
18289
18302
18313
18324
18338
18349
18363
18373
18377
18383
18398
18407
18417
18428
18438
18448
18461
18473
18487
18496
18507
18520
18534
18547
18559
18568
18579
18586
18596
18610
18623
18632
18643
18657
18670
18681
18689
18703
18718
18733
18741
18754
18766
18780
18793
18803
18817
18826
18839
18849
18858
18871
18886
18896
18907
18919
18929
18938
18948
18960
18970
18984
18999
19008
19019
19034
19046
19057
19071
19086
19095
19105
19119
19126
19136
19147
19158
19169
19177
19190
19210
19218
19232
19243
19249
19261
19272
19284
19299
19309
19316
19327
19338
19350
19364
19373
19384
19394
19401
19413
19425
19439
19449
19464
19476
19487
19498
19507
19515
19526
19537
19548
19559
19572
19584
19598
19610
19625
19628
19640
19653
19666
19679
19692
19702
19708
19721
19730
19743
19754
19767
19777
19784
19795
19802
19813
19824
19833
19844
19858
19871
19881
19893
19905
19915
19927
19940
19953
19965
19976
19989
19993
20003
20016
20031
20044
20053
20067
20077
20092
20102
20111
20120
20130
20138
20151
20161
20173
20184
20196
20207
20218
20225
20236
20247
20262
20273
20284
20298
20307
20318
20328
20339
20349
20361
20369
20382
20391
20405
20418
20432
20443
20456
20467
20482
20495
20507
20517
20529
20542
20553
20567
20578
20588
20596
20609
20621
20630
20640
20650
20658
20676
20690
20699
20709
20717
20725
20738
20748
20759
20772
20786
20795
20804
20819
20832
20843
20855
20865
20879
20887
20899
20912
20926
20939
20952
20965
20976
20992
21000
21011
21021
21033
21047
21059
21068
21078
21090
21102
21114
21123
21131
21143
21154
21166
21179
21189
21202
21212
21222
21232
21244
21253
21263
21273
21285
21301
21315
21322
21333
21347
21359
21375
21388
21397
21411
21423
21436
21450
21464
21476
21484
21496
21507
21517
21531
21544
21555
21565
21578
21587
21598
21604
21620
21628
21641
21652
21663
21675
21687
21701
21712
21723
21734
21745
21758
21767
21781
21791
21803
21816
21826
21833
21850
21863
21875
21889
21900
21911
21921
21932
21939
21950
21964
21975
21987
21998
22009
22021
22032
22043
22054
22066
22079
22089
22097
22109
22121
22134
22145
22156
22167
22178
22190
22201
22214
22229
22241
22250
22260
22273
22287
22299
22314
22326
22336
22346
22358
22368
22379
22390
22401
22413
22425
22440
22451
22460
22473
22488
22497
22511
22523
22536
22547
22557
22565
22578
22590
22602
22613
22625
22638
22648
22658
22669
22679
22693
22704
22718
22731
22740
22751
22761
22771
22781
22793
22806
22817
22829
22841
22849
22857
22868
22878
22886
22900
22910
22921
22935
22949
22962
22971
22983
22995
22997
23004
23016
23027
23040
23051
23062
23073
23082
23093
23105
23116
23127
23129
23142
23155
23169
23179
23190
23201
23213
23223
23238
23249
23259
23271
23283
23292
23303
23317
23327
23340
23351
23361
23374
23386
23400
23408
23419
23429
23441
23452
23465
23474
23485
23495
23507
23518
23524
23537
23550
23564
23573
23583
23591
23606
23616
23631
23642
23654
23668
23679
23690
23700
23711
23726
23736
23749
23759
23769
23783
23791
23802
23814
23826
23838
23847
23858
23873
23882
23891
23903
23917
23930
23940
23950
23961
23970
23985
23994
24007
24018
24028
24040
24047
24058
24069
24082
24092
24105
24116
24127
24131
24137
24147
24147
24161
24171
24183
24194
24206
24217
24227
24236
24245
24256
24267
24280
24294
24305
24317
24329
24341
24354
24365
24379
24390
24404
24418
24430
24430
24443
24456
24467
24478
24492
24504
24516
24529
24542
24558
24568
24571
24578
24591
24605
24618
24632
24644
24651
24662
24670
24679
24691
24703
24715
24726
24736
24747
24758
24771
24784
24796
24807
24819
24828
24838
24850
24862
24873
24885
24896
24904
24915
24929
24943
24953
24965
24979
24990
25004
25016
25027
25037
25051
25066
25080
25089
25103
25120
25133
25142
25154
25167
25178
25190
25201
25213
25222
25236
25245
25255
25267
25277
25292
25302
25317
25326
25339
25349
25360
25370
25380
25391
25401
25413
25424
25438
25447
25461
25469
25481
25493
25507
25519
25530
25541
25553
25567
25580
25592
25605
25618
25629
25638
25647
25658
25671
25687
25700
25714
25729
25741
25752
25762
25773
25782
25790
25804
25818
25831
25845
25853
25862
25874
25882
25894
25900
25916
25927
25937
25947
25957
25965
25974
25987
26000
26013
26023
26037
26048
26058
26065
26074
26085
26097
26105
26115
26126
26140
26154
26167
26179
26192
26199
26212
26223
26237
26250
26259
26272
26283
26296
26309
26320
26331
26341
26350
26360
26370
26382
26395
26405
26415
26425
26436
26450
26462
26474
26486
26495
26508
26517
26529
26542
26553
26565
26577
26588
26597
26606
26621
26631
26641
26649
26659
26669
26684
26695
26704
26716
26726
26738
26751
26764
26776
26786
26800
26810
26824
26835
26844
26861
26874
26886
26901
26913
26926
26940
26953
26964
26978
26990
27004
27014
27028
27041
27057
27069
27076
27087
27096
27109
27121
27134
27146
27158
27170
27180
27195
27210
27222
27237
27252
27264
27275
27283
27294
27301
27307
27319
27329
27337
27351
27364
27379
27392
27403
27416
27425
27437
27448
27458
27468
27477
27489
27500
27511
27521
27532
27541
27552
27562
27572
27584
27598
27611
27624
27633
27646
27657
27667
27680
27689
27702
27715
27727
27743
27753
27758
27771
27781
27792
27802
27816
27826
27836
27845
27856
27870
27884
27896
27906
27917
27928
27939
27949
27963
27978
27987
27998
28007
28019
28036
28050
28063
28075
28087
28098
28108
28123
28127
28139
28149
28162
28174
28189
28203
28212
28224
28231
28244
28254
28263
28277
28286
28298
28311
28321
28329
28341
28353
28363
28374
28385
28396
28409
28421
28432
28441
28456
28469
28479
28489
28498
28510
28522
28533
28543
28553
28566
28576
28589
28600
28614
28625
28636
28644
28653
28666
28680
28692
28707
28719
28728
28739
28750
28760
28772
28781
28790
28803
28818
28829
28844
28857
28872
28881
28892
28903
28919
28932
28946
28960
28972
28985
28994
29011
29022
29031
29041
29052
29060
29073
29082
29094
29106
29118
29128
29142
29156
29168
29177
29186
29195
29205
29214
29225
29237
29249
29261
29272
29284
29297
29307
29318
29328
29340
29350
29363
29371
29383
29393
29406
29417
29426
29438
29449
29459
29474
29488
29503
29511
29523
29537
29548
29558
29569
29581
29594
29607
29620
29631
29640
29652
29668
29675
29681
29693
29704
29714
29726
29739
29746
29762
29778
29791
29806
29817
29826
29842
29855
29867
29878
29891
29908
29919
29930
29942
29955
29966
29979
29991
30006
30013
30022
30033
30045
30054
30067
30080
30094
30103
30114
30127
30139
30149
30158
30174
30185
30198
30207
30220
30230
30243
30251
30264
30273
30285
30297
30307
30319
30331
30340
30352
30359
30370
30383
30393
30402
30413
30426
30437
30450
30463
30468
30480
30495
30509
30522
30534
30549
30565
30581
30593
30607
30620
30633
30642
30654
30670
30681
30692
30703
30717
30729
30743
30755
30763
30774
30785
30798
30810
30819
30830
30835
30847
30855
30866
30874
30883
30895
30909
30921
30933
30947
30957
30970
30983
30996
31007
31017
31028
31040
31056
31068
31077
31087
31100
31110
31123
31136
31149
31160
31172
31183
31194
31208
31220
31231
31241
31253
31266
31277
31290
31302
31311
31324
31336
31343
31357
31369
31379
31390
31403
31411
31424
31437
31448
31454
31467
31477
31485
31496
31509
31521
31531
31540
31549
31561
31574
31588
31599
31609
31623
31633
31643
31650
31661
31674
31688
31702
31714
31727
31739
31749
31759
31770
31782
31795
31806
31815
31828
31836
31847
31858
31869
31880
31889
31901
31913
31923
31936
31948
31960
31972
31983
31997
32010
32027
32035
32048
32060
32071
32083
32094
32106
32117
32131
32144
32157
32171
32182
32194
32204
32217
32227
32239
32252
32262
32274
32285
32301
32314
32326
32336
32345
32356
32365
32376
32388
32403
32415
32429
32438
32448
32457
32463
32468
32480
32491
32502
32516
32529
32541
32557
32567
32577
32590
32602
32615
32625
32634
32646
32659
32675
32688
32699
32710
32719
32729
32739
32751
32762
32773
32786
32796
32811
32822
32833
32846
32857
32868
32880
32893
32908
32917
32930
32944
32956
32967
32978
32993
33008
33020
33034
33043
33058
33069
33081
33094
33108
33117
33133
33144
33158
33169
33180
33191
33204
33213
33225
33237
33248
33261
33276
33286
33295
33308
33323
33335
33349
33361
33371
33382
33395
33407
33419
33428
33440
33454
33465
33476
33489
33501
33514
33526
33537
33549
33566
33577
33591
33601
33613
33626
33633
33645
33658
33669
33675
33686
33700
33711
33718
33729
33738
33752
33763
33773
33786
33796
33809
33826
33837
33851
33861
33873
33886
33899
33914
33927
33939
33952
33965
33978
33990
34004
34016
34030
34040
34051
34061
34072
34080
34093
34105
34119
34131
34144
34153
34164
34174
34181
34190
34204
34219
34233
34246
34259
34271
34286
34301
34313
34326
34337
34351
34360
34372
34384
34392
34402
34413
34427
34438
34451
34469
34478
34485
34498
34514
34527
34537
34549
34559
34569
34582
34591
34606
34616
34628
34644
34657
34667
34677
34690
34703
34717
34730
34743
34755
34763
34773
34783
34795
34805
34818
34830
34841
34854
34865
34877
34888
34897
34909
34921
34936
34948
34956
34964
34980
34993
35004
35018
35036
35046
35059
35069
35083
35097
35104
35116
35127
35137
35148
35160
35167
35175
35188
35202
35213
35227
35241
35250
35265
35278
35292
35304
35317
35329
35341
35357
35369
35379
35393
35408
35420
35433
35447
35459
35473
35488
35498
35507
35518
35527
35542
35558
35572
35588
35600
35610
35624
35636
35647
35659
35674
35685
35701
35712
35725
35737
35746
35759
35766
35778
35788
35801
35812
35821
35835
35847
35859
35872
35884
35895
35907
35920
35931
35943
35955
35967
35975
35986
35996
36010
36021
36032
36045
36056
36070
36084
36097
36112
36124
36139
36153
36163
36174
36193
36203
36215
36225
36238
36249
36258
36268
36284
36296
36307
36320
36335
36350
36364
36375
36387
36399
36411
36420
36429
36439
36448
36461
36475
36487
36498
36515
36526
36537
36549
36562
36576
36587
36602
36619
36634
36643
36654
36669
36682
36695
36707
36719
36730
36739
36749
36763
36775
36786
36798
36810
36826
36837
36852
36864
36878
36889
36900
36911
36922
36935
36948
36963
36979
36990
37000
37013
37029
37039
37050
37062
37071
37083
37095
37109
37123
37139
37148
37160
37169
37180
37191
37203
37210
37223
37237
37249
37258
37272
37281
37296
37308
37322
37331
37345
37355
37370
37381
37392
37403
37417
37428
37440
37453
37463
37474
37483
37499
37507
37516
37530
37542
37556
37574
37586
37602
37614
37626
37634
37647
37658
37668
37679
37686
37698
37714
37729
37739
37753
37765
37772
37783
37795
37807
37822
37834
37845
37859
37873
37883
37897
37907
37922
37933
37942
37954
37967
37979
37989
38001
38012
38025
38037
38049
38061
38075
38085
38099
38114
38127
38138
38151
38165
38178
38191
38206
38216
38228
38240
38250
38260
38272
38283
38295
38306
38316
38329
38342
38355
38369
38380
38391
38401
38412
38423
38438
38448
38464
38476
38484
38494
38510
38524
38535
38546
38559
38573
38585
38599
38611
38625
38639
38649
38663
38671
38686
38701
38714
38724
38737
38750
38767
38780
38794
38806
38818
38829
38844
38857
38875
38886
38894
38901
38914
38928
38939
38952
38964
38978
38990
39002
39011
39020
39034
39048
39060
39073
39086
39097
39109
39125
39137
39152
39164
39176
39187
39199
39212
39225
39236
39244
39257
39271
39284
39297
39308
39319
39333
39346
39356
39364
39376
39390
39405
39418
39430
39438
39451
39466
39477
39487
39497
39509
39522
39535
39548
39553
39559
39572
39585
39597
39606
39618
39628
39640
39657
39670
39680
39690
39704
39716
39724
39739
39757
39769
39782
39790
39801
39810
39821
39834
39852
39865
39876
39886
39901
39915
39925
39935
39946
39959
39971
39984
39998
40012
40025
40035
40049
40062
40075
40086
40099
40112
40124
40135
40146
40157
40167
40182
40183
40192
40205
40219
40232
40245
40260
40272
40286
40302
40315
40329
40340
40354
40365
40381
40393
40408
40422
40434
40445
40460
40473
40486
40501
40510
40523
40538
40552
40562
40577
40586
40600
40614
40628
40638
40649
40660
40674
40687
40699
40707
40718
40727
40734
40745
40756
40768
40770
40773
40788
40804
40817
40828
40843
40853
40862
40872
40883
40895
40908
40922
40938
40948
40956
40968
40984
40999
41011
41026
41037
41047
41059
41071
41085
41097
41108
41119
41129
41140
41153
41171
41181
41193
41208
41218
41226
41236
41252
41263
41275
41291
41307
41319
41331
41345
41359
41370
41382
41393
41403
41412
41423
41433
41442
41454
41466
41479
41496
41508
41521
41531
41543
41557
41571
41580
41593
41605
41620
41635
41649
41661
41674
41685
41698
41706
41720
41731
41743
41754
41765
41780
41793
41805
41819
41830
41842
41854
41868
41879
41893
41905
41918
41933
41947
41958
41970
41982
41996
42004
42017
42027
42038
42050
42062
42071
42081
42094
42108
42123
42136
42147
42156
42170
42184
42196
42206
42220
42231
42240
42253
42267
42280
42290
42301
42315
42331
42341
42356
42366
42376
42390
42403
42414
42425
42441
42452
42469
42483
42493
42501
42517
42529
42541
42553
42565
42575
42586
42601
42609
42622
42630
42642
42654
42669
42680
42692
42705
42719
42731
42742
42752
42765
42781
42792
42803
42815
42826
42834
42848
42862
42874
42888
42903
42914
42927
42945
42954
42968
42980
42990
43004
43017
43029
43039
43054
43064
43078
43089
43102
43114
43130
43141
43154
43171
43181
43193
43203
43218
43220
43233
43248
43258
43272
43286
43302
43314
43329
43340
43354
43367
43381
43391
43405
43417
43429
43443
43458
43464
43476
43488
43504
43515
43524
43529
43542
43546
43560
43568
43576
43591
43602
43617
43628
43639
43651
43663
43676
43688
43698
43711
43723
43736
43750
43766
43780
43795
43809
43823
43835
43847
43861
43874
43887
43899
43906
43921
43934
43946
43961
43973
43988
43997
44011
44020
44034
44049
44062
44073
44086
44099
44113
44125
44137
44151
44165
44179
44195
44207
44219
44232
44250
44262
44276
44289
44302
44314
44327
44341
44354
44367
44378
44394
44406
44419
44433
44444
44461
44475
44487
44503
44515
44527
44543
44553
44565
44577
44592
44606
44619
44637
44652
44660
44673
44688
44702
44714
44727
44733
44742
44756
44767
44782
44796
44810
44822
44834
44847
44861
44875
44890
44904
44918
44932
44948
44962
44973
44988
44996
45009
45024
45036
45044
45059
45071
45081
45089
45105
45117
45130
45144
45156
45173
45188
45199
45209
45220
45230
45246
45257
45269
45284
45301
45313
45323
45342
45355
45367
45381
45396
45407
45419
45432
45444
45456
45467
45479
45492
45505
45516
45528
45541
45550
45562
45576
45590
45609
45623
45639
45653
45666
45678
45686
45703
45714
45730
45747
45763
45776
45786
45787
45791
45802
45814
45829
45844
45859
45871
45885
45898
45911
45926
45937
45950
45964
45973
45988
46000
46014
46025
46038
46053
46069
46082
46096
46110
46126
46139
46153
46165
46179
46195
46206
46220
46235
46250
46262
46274
46284
46299
46315
46327
46344
46357
46367
46383
46400
46418
46433
46443
46455
46469
46479
46491
46504
46515
46527
46536
46553
46565
46575
46592
46607
46618
46633
46646
46657
46668
46678
46693
46705
46715
46727
46739
46751
46763
46778
46787
46802
46814
46826
46839
46857
46872
46883
46895
46910
46926
46941
46950
46964
46974
46990
47004
47018
47030
47044
47059
47068
47083
47097
47108
47123
47132
47142
47152
47164
47172
47183
47197
47209
47219
47231
47243
47256
47270
47283
47283
47293
47302
47313
47325
47339
47356
47371
47383
47395
47408
47416
47430
47443
47458
47472
47483
47500
47515
47525
47536
47547
47559
47572
47581
47589
47604
47617
47633
47649
47661
47679
47691
47704
47722
47733
47747
47763
47773
47788
47801
47815
47826
47836
47850
47862
47876
47890
47904
47918
47935
47946
47959
47971
47982
47996
48008
48023
48036
48051
48064
48076
48089
48103
48114
48126
48139
48153
48168
48184
48197
48207
48218
48230
48243
48254
48270
48284
48293
48310
48321
48334
48347
48356
48370
48386
48401
48411
48423
48436
48446
48459
48470
48481
48495
48509
48524
48538
48553
48566
48580
48596
48607
48620
48636
48652
48664
48675
48690
48705
48720
48736
48749
48762
48780
48794
48808
48819
48832
48845
48860
48875
48892
48904
48920
48935
48947
48961
48974
48989
49006
49020
49030
49041
49055
49066
49084
49096
49107
49118
49130
49143
49155
49167
49180
49194
49206
49221
49231
49243
49258
49273
49288
49305
49318
49330
49342
49359
49370
49378
49391
49404
49419
49431
49445
49457
49472
49487
49501
49517
49532
49547
49559
49573
49587
49600
49613
49625
49642
49655
49666
49679
49688
49704
49715
49726
49738
49751
49764
49774
49790
49805
49821
49836
49848
49860
49870
49882
49896
49911
49927
49940
49954
49970
49985
49998
50000
50000
50000
50000
50000
50000
50000
50000
50000
50000
50000
50000
50000
50000
50000
50000
50000
50000
50000
50000
50000
50000
50000
50000
50000
50000
50000
50000
50000
50000
50000
50000
50000
50000
50000
50000
50000
50000
50000
50000
50000
50000
50000
50000
50000
50000
50000
50000
50000
50000
50000
50000
50000
50000
50000
50000
50000
50000
50000
50000
50000
50000
50000
50000
50000
50000
50000
50000
50000
50000
50000
50000
50000
50000
50000
50000
50000
50000
50000
50000
50000
50000
50000
50000
50000
50000
50000
50000
50000
50000
50000
50000
50000
50000
50000
50000
50000
50000
50000
50000
50000
50000
50000
50000
50000
50000
50000
50000
50000
50000
50000
50000
50000
50000
50000
50000
50000
50000
50000
50000
50000
50000
50000
50000
50000
50000
50000
50000
50000
50000
50000
50000
50000
50000
50000
50000
50000
50000
50000
50000
50000
50000
50000
50000
50000
50000
50000
50000
50000
50000
50000
50000
50000
50000
50000
50000
50000
50000
50000
50000
50000
50000
50000
50000
50000
50000
50000
50000
50000
50000
50000
50000
50000
50000
50000
50000
50000
50000
50000
50000
50000
50000
50000
50000
50000
50000
50000
50000
50000
50000
50000
50000
50000
50000
50000
50000
50000
50000
50000
50000
50000
50000
50000
50000
50000
50000
50000
50000
50000
50000
50000
50000
50000
50000
50000
50000
50000
50000
50000
50000
50000
50000
50000
50000
50000
50000
50000
50000
50000
50000
50000
50000
50000
50000
50000
50000
50000
50000
50000
50000
50000
50000
50000
50000
50000
50000
50000
50000
50000
50000
50000
50000
50000
50000
50000
50000
50000
50000
50000
50000
50000
50000
50000
50000
50000
50000
50000
50000
50000
50000
50000
50000
50000
50000
50000
50000
50000
50000
50000
50000
50000
50000
50000
50000
50000
50000
50000
50000
50000
50000
50000
50000
50000
50000
50000
50000
50000
50000
50000
50000
50000
50000
50000
50000
50000
50000
50000
50000
50000
50000
50000
50000
50000
50000
50000
50000
50000
50000
50000
50000
50000
50000
50000
50000
50000
50000
50000
50000
50000
50000
50000
50000
50000
50000
50000
50000
50000
50000
50000
50000
50000
50000
50000
50000
50000
50000
50000
50000
50000
50000
50000
50000
50000
50000
50000
50000
50000
50000
50000
50000
50000
50000
50000
50000
50000
50000
50000
50000
50000
50000
50000
50000
50000
50000
50000
50000
50000
50000
50000
50000
50000
50000
50000
50000
50000
50000
50000
50000
50000
50000
50000
50000
50000
50000
50000
50000
50000
50000
50000
50000
50000
50000
50000
50000
50000
50000
50000
50000
50000
50000
50000
50000
50000
50000
50000
50000
50000
50000
50000
50000
50000
50000
50000
50000
50000
50000
50000
50000
50000
50000
50000
50000
50000
50000
50000
50000
50000
50000
50000
50000
50000
50000
50000
50000
50000
50000
50000
50000
50000
50000
50000
50000
50000
50000
50000
50000
50000
50000
50000
50000
50000
50000
50000
50000
50000
50000
50000
50000
50000
50000
50000
50000
50000
50000
50000
50000
50000
50000
50000
50000
50000
50000
50000
50000
50000
50000
50000
50000
50000
50000
50000
50000
50000
50000
50000
50000
50000
50000
50000
50000
50000
50000
50000
50000
50000
50000
50000
50000
50000
50000
50000
50000
50000
50000
50000
50000
50000
50000
50000
50000
50000
50000
50000
50000
50000
50000
50000
50000
50000
50000
50000
50000
50000
50000
50000
50000
50000
50000
50000
50000
50000
50000
50000
50000
50000
50000
50000
50000
50000
50000
50000
50000
50000
50000
50000
50000
50000
50000
50000
50000
50000
50000
50000
50000
50000
50000
50000
50000
50000
50000
50000
50000
50000
50000
50000
50000
50000
50000
50000
50000
50000
50000
50000
50000
50000
50000
50000
50000
50000
50000
50000
50000
50000
50000
50000
50000
50000
50000
50000
50000
50000
50000
50000
50000
50000
50000
50000
50000
50000
50000
50000
50000
50000
50000
50000
50000
50000
50000
50000
50000
50000
50000
50000
50000
50000
50000
50000
50000
50000
50000
50000
50000
50000
50000
50000
50000
50000
50000
50000
50000
50000
50000
50000
50000
50000
50000
50000
50000
50000
50000
50000
50000
50000
50000
50000
50000
50000
50000
50000
50000
50000
50000
50000
50000
50000
50000
50000
50000
50000
50000
50000
50000
50000
50000
50000
50000
50000
50000
50000
50000
50000
50000
50000
50000
50000
50000
50000
50000
50000
50000
50000
50000
50000
50000
50000
50000
50000
50000
50000
50000
50000
50000
50000
50000
50000
50000
50000
50000
50000
50000
50000
50000
50000
50000
50000
50000
50000
50000
50000
50000
50000
50000
50000
50000
50000
50000
50000
50000
50000
50000
50000
50000
50000
50000
50000
50000
50000
50000
50000
50000
50000
50000
50000
50000
50000
50000
50000
50000
50000
50000
50000
50000
50000
50000
50000
50000
50000
50000
50000
50000
50000
50000
50000
50000
50000
50000
50000
50000
50000
50000
50000
50000
50000
50000
50000
50000
50000
50000
50000
50000
50000
50000
50000
50000
50000
50000
50000
50000
50000
50000
50000
50000
50000
50000
50000
50000
50000
50000
50000
50000
50000
50000
50000
50000
50000
50000
50000
50000
50000
50000
50000
50000
50000
50000
50000
50000
50000
50000
50000
50000
50000
50000
50000
50000
50000
50000
50000
50000
50000
50000
50000
50000
50000
50000
50000
50000
50000
50000
50000
50000
50000
50000
50000
50000
50000
50000
50000
50000
50000
50000
50000
50000
50000
50000
50000
50000
50000
50000
50000
50000
50000
50000
50000
50000
50000
50000
50000
50000
50000
50000
50000
50000
50000
50000
50000
50000
50000
50000
50000
50000
50000
50000
50000
50000
50000
50000
50000
50000
50000
50000
50000
50000
50000
50000
50000
50000
50000
50000
50000
50000
50000
50000
50000
50000
50000
50000
50000
50000
50000
50000
50000
50000
50000
50000
50000
50000
50000
50000
50000
50000
50000
50000
50000
50000
50000
50000
50000
50000
50000
50000
50000
50000
50000
50000
50000
50000
50000
50000
50000
50000
50000
50000
50000
50000
50000
50000
50000
50000
50000
50000
50000
50000
50000
50000
50000
50000
50000
50000
50000
50000
50000
50000
50000
50000
50000
50000
50000
50000
50000
50000
50000
50000
50000
50000
50000
50000
50000
50000
50000
50000
50000
50000
50000
50000
50000
50000
50000
50000
50000
50000
50000
50000
50000
50000
50000
50000
50000
50000
50000
50000
50000
50000
50000
50000
50000
50000
50000
50000
50000
50000
50000
50000
50000
50000
50000
50000
50000
50000
50000
50000
50000
50000
50000
50000
50000
50000
50000
50000
50000
50000
50000
50000
50000
50000
50000
50000
50000
50000
50000
50000
50000
50000
50000
50000
50000
50000
50000
50000
50000
50000
50000
50000
50000
50000
50000
50000
50000
50000
50000
50000
50000
50000
50000
50000
50000
50000
50000
50000
50000
50000
50000
50000
50000
50000
50000
50000
50000
50000
50000
50000
50000
50000
50000
50000
50000
50000
50000
50000
50000
50000
50000
50000
50000
50000
50000
50000
50000
50000
50000
50000
50000
50000
50000
50000
50000
50000
50000
50000
50000
50000
50000
50000
50000
50000
50000
50000
50000
50000
50000
50000
50000
50000
50000
50000
50000
50000
50000
50000
50000
50000
50000
50000
50000
50000
50000
50000
50000
50000
50000
50000
50000
50000
50000
50000
50000
50000
50000
50000
50000
50000
50000
50000
50000
50000
50000
50000
50000
50000
50000
50000
50000
50000
50000
50000
50000
50000
50000
50000
50000
50000
50000
50000
50000
50000
50000
50000
50000
50000
50000
50000
50000
50000
50000
50000
50000
50000
50000
50000
50000
50000
50000
50000
50000
50000
50000
50000
50000
50000
50000
50000
50000
50000
50000
50000
50000
50000
50000
50000
50000
50000
50000
50000
50000
50000
50000
50000
50000
50000
50000
50000
50000
50000
50000
50000
50000
50000
50000
50000
50000
50000
50000
50000
50000
50000
50000
50000
50000
50000
50000
50000
50000
50000
50000
50000
50000
50000
50000
50000
50000
50000
50000
50000
50000
50000
50000
50000
50000
50000
50000
50000
50000
50000
50000
50000
50000
50000
50000
50000
50000
50000
50000
50000
50000
50000
50000
50000
50000
50000
50000
50000
50000
50000
50000
50000
50000
50000
50000
50000
50000
50000
50000
50000
50000
50000
50000
50000
50000
50000
50000
50000
50000
50000
50000
50000
50000
50000
50000
50000
50000
50000
50000
50000
50000
50000
50000
50000
50000
50000
50000
50000
50000
50000
50000
50000
50000
50000
50000
50000
50000
50000
50000
50000
50000
50000
50000
50000
50000
50000
50000
50000
50000
50000
50000
50000
50000
50000
50000
50000
50000
50000
50000
50000
50000
50000
50000
50000
50000
50000
50000
50000
50000
50000
50000
50000
50000
50000
50000
50000
50000
50000
50000
50000
50000
50000
50000
50000
50000
50000
50000
50000
50000
50000
50000
50000
50000
50000
50000
50000
50000
50000
50000
50000
50000
50000
50000
50000
50000
50000
50000
50000
50000
50000
50000
50000
50000
50000
50000
50000
50000
50000
50000
50000
50000
50000
50000
50000
50000
50000
50000
50000
50000
50000
50000
50000
50000
50000
50000
50000
50000
50000
50000
50000
50000
50000
50000
50000
50000
50000
50000
50000
50000
50000
50000
50000
50000
50000
50000
50000
50000
50000
50000
50000
50000
50000
50000
50000
50000
50000
50000
50000
50000
50000
50000
50000
50000
50000
50000
50000
50000
50000
50000
50000
50000
50000
50000
50000
50000
50000
50000
50000
50000
50000
50000
50000
50000
50000
50000
50000
50000
50000
50000
50000
50000
50000
50000
50000
50000
50000
50000
50000
50000
50000
50000
50000
50000
50000
50000
50000
50000
50000
50000
50000
50000
50000
50000
50000
50000
50000
50000
50000
50000
50000
50000
50000
50000
50000
50000
50000
50000
50000
50000
50000
50000
50000
50000
50000
50000
50000
50000
50000
50000
50000
50000
50000
50000
50000
50000
50000
50000
50000
50000
50000
50000
50000
50000
50000
50000
50000
50000
50000
50000
50000
50000
50000
50000
50000
50000
50000
50000
50000
50000
50000
50000
50000
50000
50000
50000
50000
50000
50000
50000
50000
50000
50000
50000
50000
50000
50000
50000
50000
50000
50000
50000
50000
50000
50000
50000
50000
50000
50000
50000
50000
50000
50000
50000
50000
50000
50000
50000
50000
50000
50000
50000
50000
50000
50000
50000
50000
50000
50000
50000
50000
50000
50000
50000
50000
50000
50000
50000
50000
50000
50000
50000
50000
50000
50000
50000
50000
50000
50000
50000
50000
50000
50000
50000
50000
50000
50000
50000
50000
50000
50000
50000
50000
50000
50000
50000
50000
50000
50000
50000
50000
50000
50000
50000
50000
50000
50000
50000
50000
50000
50000
50000
50000
50000
50000
50000
50000
50000
50000
50000
50000
50000
50000
50000
50000
50000
50000
50000
50000
50000
50000
50000
50000
50000
50000
50000
50000
50000
50000
50000
50000
50000
50000
50000
50000
50000
50000
50000
50000
50000
50000
50000
50000
50000
50000
50000
50000
50000
50000
50000
50000
50000
50000
50000
50000
50000
50000
50000
50000
50000
50000
50000
50000
50000
50000
50000
50000
50000
50000
50000
50000
50000
50000
50000
50000
50000
50000
50000
50000
50000
50000
50000
50000
50000
50000
50000
50000
50000
50000
50000
50000
50000
50000
50000
50000
50000
50000
50000
50000
50000
50000
50000
50000
50000
50000
50000
50000
50000
50000
50000
50000
50000
50000
50000
50000
50000
50000
50000
50000
50000
50000
50000
50000
50000
50000
50000
50000
50000
50000
50000
50000
50000
50000
50000
50000
50000
50000
50000
50000
50000
50000
50000
50000
50000
50000
50000
50000
50000
50000
50000
50000
50000
50000
50000
50000
50000
50000
50000
50000
50000
50000
50000
50000
50000
50000
50000
50000
50000
50000
50000
50000
50000
50000
50000
50000
50000
50000
50000
50000
50000
50000
50000
50000
50000
50000
50000
50000
50000
50000
50000
50000
50000
50000
50000
50000
50000
50000
50000
50000
50000
50000
50000
50000
50000
50000
50000
50000
50000
50000
50000
50000
50000
50000
50000
50000
50000
50000
50000
50000
50000
50000
50000
50000
50000
50000
50000
50000
50000
50000
50000
50000
50000
50000
50000
50000
50000
50000
50000
50000
50000
50000
50000
50000
50000
50000
50000
50000
50000
50000
50000
50000
50000
50000
50000
50000
50000
50000
50000
50000
50000
50000
50000
50000
50000
50000
50000
50000
50000
50000
50000
50000
50000
50000
50000
50000
50000
50000
50000
50000
50000
50000
50000
50000
50000
50000
50000
50000
50000
50000
50000
50000
50000
50000
50000
50000
50000
50000
50000
50000
50000
50000
50000
50000
50000
50000
50000
50000
50000
50000
50000
50000
50000
50000
50000
50000
50000
50000
50000
50000
50000
50000
50000
50000
50000
50000
50000
50000
50000
50000
50000
50000
50000
50000
50000
50000
50000
50000
50000
50000
50000
50000
50000
50000
50000
50000
50000
50000
50000
50000
50000
50000
50000
50000
50000
50000
50000
50000
50000
50000
50000
50000
50000
50000
50000
50000
50000
50000
50000
50000
50000
50000
50000
50000
50000
50000
50000
50000
50000
50000
50000
50000
50000
50000
50000
50000
50000
50000
50000
50000
50000
50000
50000
50000
50000
50000
50000
50000
50000
50000
50000
50000
50000
50000
50000
50000
50000
50000
50000
50000
50000
50000
50000
50000
50000
50000
50000
50000
50000
50000
50000
50000
50000
50000
50000
50000
50000
50000
50000
50000
50000
50000
50000
50000
50000
50000
50000
50000
50000
50000
50000
50000
50000
50000
50000
50000
50000
50000
50000
50000
50000
50000
50000
50000
50000
50000
50000
50000
50000
50000
50000
50000
50000
50000
50000
50000
50000
50000
50000
50000
50000
50000
50000
50000
50000
50000
50000
50000
50000
50000
50000
50000
50000
50000
50000
50000
50000
50000
50000
50000
50000
50000
50000
50000
50000
50000
50000
50000
50000
50000
50000
50000
50000
50000
50000
50000
50000
50000
50000
50000
50000
50000
50000
50000
50000
50000
50000
50000
50000
50000
50000
50000
50000
50000
50000
50000
50000
50000
50000
50000
50000
50000
50000
50000
50000
50000
50000
50000
50000
50000
50000
50000
50000
50000
50000
50000
50000
50000
50000
50000
50000
50000
50000
50000
50000
50000
50000
50000
50000
50000
50000
50000
50000
50000
50000
50000
50000
50000
50000
50000
50000
50000
50000
50000
50000
50000
50000
50000
50000
50000
50000
50000
50000
50000
50000
50000
50000
50000
50000
50000
50000
50000
50000
50000
50000
50000
50000
50000
50000
50000
50000
50000
50000
50000
50000
50000
50000
50000
50000
50000
50000
50000
50000
50000
50000
50000
50000
50000
50000
50000
50000
50000
50000
50000
50000
50000
50000
50000
50000
50000
50000
50000
50000
50000
50000
50000
50000
50000
50000
50000
50000
50000
50000
50000
50000
50000
50000
50000
50000
50000
50000
50000
50000
50000
50000
50000
50000
50000
50000
50000
50000
50000
50000
50000
50000
50000
50000
50000
50000
50000
50000
50000
50000
50000
50000
50000
50000
50000
50000
50000
50000
50000
50000
50000
50000
50000
50000
50000
50000
50000
50000
50000
50000
50000
50000
50000
50000
50000
50000
50000
50000
50000
50000
50000
50000
50000
50000
50000
50000
50000
50000
50000
50000
50000
50000
50000
50000
50000
50000
50000
50000
50000
50000
50000
50000
50000
50000
50000
50000
50000
50000
50000
50000
50000
50000
50000
50000
50000
50000
50000
50000
50000
50000
50000
50000
50000
50000
50000
50000
50000
50000
50000
50000
50000
50000
50000
50000
50000
50000
50000
50000
50000
50000
50000
50000
50000
50000
50000
50000
50000
50000
50000
50000
50000
50000
50000
50000
50000
50000
50000
50000
50000
50000
50000
50000
50000
50000
50000
50000
50000
50000
50000
50000
50000
50000
50000
50000
50000
50000
50000
50000
50000
50000
50000
50000
50000
50000
50000
50000
50000
50000
50000
50000
50000
50000
50000
50000
50000
50000
50000
50000
50000
50000
50000
50000
50000
50000
50000
50000
50000
50000
50000
50000
50000
50000
50000
50000
50000
50000
50000
50000
50000
50000
50000
50000
50000
50000
50000
50000
50000
50000
50000
50000
50000
50000
50000
50000
50000
50000
50000
50000
50000
50000
50000
50000
50000
50000
50000
50000
50000
50000
50000
50000
50000
50000
50000
50000
50000
50000
50000
50000
50000
50000
50000
50000
50000
50000
50000
50000
50000
50000
50000
50000
50000
50000
50000
50000
50000
50000
50000
50000
50000
50000
50000
50000
50000
50000
50000
50000
50000
50000
50000
50000
50000
50000
50000
50000
50000
50000
50000
50000
50000
50000
50000
50000
50000
50000
50000
50000
50000
50000
50000
50000
50000
50000
50000
50000
50000
50000
50000
50000
50000
50000
50000
50000
50000
50000
50000
50000
50000
50000
50000
50000
50000
50000
50000
50000
50000
50000
50000
50000
50000
50000
50000
50000
50000
50000
50000
50000
50000
50000
50000
50000
50000
50000
50000
50000
50000
50000
50000
50000
50000
50000
50000
50000
50000
50000
50000
50000
50000
50000
50000
50000
50000
50000
50000
50000
50000
50000
50000
50000
50000
50000
50000
50000
50000
50000
50000
50000
50000
50000
50000
50000
50000
50000
50000
50000
50000
50000
50000
50000
50000
50000
50000
50000
50000
50000
50000
50000
50000
50000
50000
50000
50000
50000
50000
50000
50000
50000
50000
50000
50000
50000
50000
50000
50000
50000
50000
50000
50000
50000
50000
50000
50000
50000
50000
50000
50000
50000
50000
50000
50000
50000
50000
50000
50000
50000
50000
50000
50000
50000
50000
50000
50000
50000
50000
50000
50000
50000
50000
50000
50000
50000
50000
50000
50000
50000
50000
50000
50000
50000
50000
50000
50000
50000
50000
50000
50000
50000
50000
50000
50000
50000
50000
50000
50000
50000
50000
50000
50000
50000
50000
50000
50000
50000
50000
50000
50000
50000
50000
50000
50000
50000
50000
50000
50000
50000
50000
50000
50000
50000
50000
50000
50000
50000
50000
50000
50000
50000
50000
50000
50000
50000
50000
50000
50000
50000
50000
50000
50000
50000
50000
50000
50000
50000
50000
50000
50000
50000
50000
50000
50000
50000
50000
50000
50000
50000
50000
50000
50000
50000
50000
50000
50000
50000
50000
50000
50000
50000
50000
50000
50000
50000
50000
50000
50000
50000
50000
50000
50000
50000
50000
50000
50000
50000
50000
50000
50000
50000
50000
50000
50000
50000
50000
50000
50000
50000
50000
50000
50000
50000
50000
50000
50000
50000
50000
50000
50000
50000
50000
50000
50000
50000
50000
50000
50000
50000
50000
50000
50000
50000
50000
50000
50000
50000
50000
50000
50000
50000
50000
50000
50000
50000
50000
50000
50000
50000
50000
50000
50000
50000
50000
50000
50000
50000
50000
50000
50000
50000
50000
50000
50000
50000
50000
50000
50000
50000
50000
50000
50000
50000
50000
50000
50000
50000
50000
50000
50000
50000
50000
50000
50000
50000
50000
50000
50000
50000
50000
50000
50000
50000
50000
50000
50000
50000
50000
50000
50000
50000
50000
50000
50000
50000
50000
50000
50000
50000
50000
50000
50000
50000
50000
50000
50000
50000
50000
50000
50000
50000
50000
50000
50000
50000
50000
50000
50000
50000
50000
50000
50000
50000
50000
50000
50000
50000
50000
50000
50000
50000
50000
50000
50000
50000
50000
50000
50000
50000
50000
50000
50000
50000
50000
50000
50000
50000
50000
50000
50000
50000
50000
50000
50000
50000
50000
50000
50000
50000
50000
50000
50000
50000
50000
50000
50000
50000
50000
50000
50000
50000
50000
50000
50000
50000
50000
50000
50000
50000
50000
50000
50000
50000
50000
50000
50000
50000
50000
50000
50000
50000
50000
50000
50000
50000
50000
50000
50000
50000
50000
50000
50000
50000
50000
50000
50000
50000
50000
50000
50000
50000
50000
50000
50000
50000
50000
50000
50000
50000
50000
50000
50000
50000
50000
50000
50000
50000
50000
50000
50000
50000
50000
50000
50000
50000
50000
50000
50000
50000
50000
50000
50000
50000
50000
50000
50000
50000
50000
50000
50000
50000
50000
50000
50000
50000
50000
50000
50000
50000
50000
50000
50000
50000
50000
50000
50000
50000
50000
50000
50000
50000
50000
50000
50000
50000
50000
50000
50000
50000
50000
50000
50000
50000
50000
50000
50000
50000
50000
50000
50000
50000
50000
50000
50000
50000
50000
50000
50000
50000
50000
50000
50000
50000
50000
50000
50000
50000
50000
50000
50000
50000
50000
50000
50000
50000
50000
50000
50000
50000
50000
50000
50000
50000
50000
50000
50000
50000
50000
50000
50000
50000
50000
50000
50000
50000
50000
50000
50000
50000
50000
50000
50000
50000
50000
50000
50000
50000
50000
50000
50000
50000
50000
50000
50000
50000
50000
50000
50000
50000
50000
50000
50000
50000
50000
50000
50000
50000
50000
50000
50000
50000
50000
50000
50000
50000
50000
50000
50000
50000
50000
50000
50000
50000
50000
50000
50000
50000
50000
50000
50000
50000
50000
50000
50000
50000
50000
50000
50000
50000
50000
50000
50000
50000
50000
50000
50000
50000
50000
50000
50000
50000
50000
50000
50000
50000
50000
50000
50000
50000
50000
50000
50000
50000
50000
50000
50000
50000
50000
50000
50000
50000
50000
50000
50000
50000
50000
50000
50000
50000
50000
50000
50000
50000
50000
50000
50000
50000
50000
50000
50000
50000
50000
50000
50000
50000
50000
50000
50000
50000
50000
50000
50000
50000
50000
50000
50000
50000
50000
50000
50000
50000
50000
50000
50000
50000
50000
50000
50000
50000
50000
50000
50000
50000
50000
50000
50000
50000
50000
50000
50000
50000
50000
50000
50000
50000
50000
50000
50000
50000
50000
50000
50000
50000
50000
50000
50000
50000
50000
50000
50000
50000
50000
50000
50000
50000
50000
50000
50000
50000
50000
50000
50000
50000
50000
50000
50000
50000
50000
50000
50000
50000
50000
50000
50000
50000
50000
50000
50000
50000
50000
50000
50000
50000
50000
50000
50000
50000
50000
50000
50000
50000
50000
50000
50000
50000
50000
50000
50000
50000
50000
50000
50000
50000
50000
50000
50000
50000
50000
50000
50000
50000
50000
50000
50000
50000
50000
50000
50000
50000
50000
50000
50000
50000
50000
50000
50000
50000
50000
50000
50000
50000
50000
50000
50000
50000
50000
50000
50000
50000
50000
50000
50000
50000
50000
50000
50000
50000
50000
50000
50000
50000
50000
50000
50000
50000
50000
50000
50000
50000
50000
50000
50000
50000
50000
50000
50000
50000
50000
50000
50000
50000
50000
50000
50000
50000
50000
50000
50000
50000
50000
50000
50000
50000
50000
50000
50000
50000
50000
50000
50000
50000
50000
50000
50000
50000
50000
50000
50000
50000
50000
50000
50000
50000
50000
50000
50000
50000
50000
50000
50000
50000
50000
50000
50000
50000
50000
50000
50000
50000
50000
50000
50000
50000
50000
50000
50000
50000
50000
50000
50000
50000
50000
50000
50000
50000
50000
50000
50000
50000
50000
50000
50000
50000
50000
50000
50000
50000
50000
50000
50000
50000
50000
50000
50000
50000
50000
50000
50000
50000
50000
50000
50000
50000
50000
50000
50000
50000
50000
50000
50000
50000
50000
50000
50000
50000
50000
50000
50000
50000
50000
50000
50000
50000
50000
50000
50000
50000
50000
50000
50000
50000
50000
50000
50000
50000
50000
50000
50000
50000
50000
50000
50000
50000
50000
50000
50000
50000
50000
50000
50000
50000
50000
50000
50000
50000
50000
50000
50000
50000
50000
50000
50000
50000
50000
50000
50000
50000
50000
50000
50000
50000
50000
50000
50000
50000
50000
50000
50000
50000
50000
50000
50000
50000
50000
50000
50000
50000
50000
50000
50000
50000
50000
50000
50000
50000
50000
50000
50000
50000
50000
50000
50000
50000
50000
50000
50000
50000
50000
50000
50000
50000
50000
50000
50000
50000
50000
50000
50000
50000
50000
50000
50000
50000
50000
50000
50000
50000
50000
50000
50000
50000
50000
50000
50000
50000
50000
50000
50000
50000
50000
50000
50000
50000
50000
50000
50000
50000
50000
50000
50000
50000
50000
50000
50000
50000
50000
50000
50000
50000
50000
50000
50000
50000
50000
50000
50000
50000
50000
50000
50000
50000
50000
50000
50000
50000
50000
50000
50000
50000
50000
50000
50000
50000
50000
50000
50000
50000
50000
50000
50000
50000
50000
50000
50000
50000
50000
50000
50000
50000
50000
50000
50000
50000
50000
50000
50000
50000
50000
50000
50000
50000
50000
50000
50000
50000
50000
50000
50000
50000
50000
50000
50000
50000
50000
50000
50000
50000
50000
50000
50000
50000
50000
50000
50000
50000
50000
50000
50000
50000
50000
50000
50000
50000
50000
50000
50000
50000
50000
50000
50000
50000
50000
50000
50000
50000
50000
50000
50000
50000
50000
50000
50000
50000
50000
50000
50000
50000
50000
50000
50000
50000
50000
50000
50000
50000
50000
50000
50000
50000
50000
50000
50000
50000
50000
50000
50000
50000
50000
50000
50000
50000
50000
50000
50000
50000
50000
50000
50000
50000
50000
50000
50000
50000
50000
50000
50000
50000
50000
50000
50000
50000
50000
50000
50000
50000
50000
50000
50000
50000
50000
50000
50000
50000
50000
50000
50000
50000
50000
50000
50000
50000
50000
50000
50000
50000
50000
50000
50000
50000
50000
50000
50000
50000
50000
50000
50000
50000
50000
50000
50000
50000
50000
50000
50000
50000
50000
50000
50000
50000
50000
50000
50000
50000
50000
50000
50000
50000
50000
50000
50000
50000
50000
50000
50000
50000
50000
50000
50000
50000
50000
50000
50000
50000
50000
50000
50000
50000
50000
50000
50000
50000
50000
50000
50000
50000
50000
50000
50000
50000
50000
50000
50000
50000
50000
50000
50000
50000
50000
50000
50000
50000
50000
50000
50000
50000
50000
50000
50000
50000
50000
50000
50000
50000
50000
50000
50000
50000
50000
50000
50000
50000
50000
50000
50000
50000
50000
50000
50000
50000
50000
50000
50000
50000
50000
50000
50000
50000
50000
50000
50000
50000
50000
50000
50000
50000
50000
50000
50000
50000
50000
50000
50000
50000
50000
50000
50000
50000
50000
50000
50000
50000
50000
50000
50000
50000
50000
50000
50000
50000
50000
50000
50000
50000
50000
50000
50000
50000
50000
50000
50000
50000
50000
50000
50000
50000
50000
50000
50000
50000
50000
50000
50000
50000
50000
50000
50000
50000
50000
50000
50000
50000
50000
50000
50000
50000
50000
50000
50000
50000
50000
50000
50000
50000
50000
50000
50000
50000
50000
50000
50000
50000
50000
50000
50000
50000
50000
50000
50000
50000
50000
50000
50000
50000
50000
50000
50000
50000
50000
50000
50000
50000
50000
50000
50000
50000
50000
50000
50000
50000
50000
50000
50000
50000
50000
50000
50000
50000
50000
50000
50000
50000
50000
50000
50000
50000
50000
50000
50000
50000
50000
50000
50000
50000
50000
50000
50000
50000
50000
50000
50000
50000
50000
50000
50000
50000
50000
50000
50000
50000
50000
50000
50000
50000
50000
50000
50000
50000
50000
50000
50000
50000
50000
50000
50000
50000
50000
50000
50000
50000
50000
50000
50000
50000
50000
50000
50000
50000
50000
50000
50000
50000
50000
50000
50000
50000
50000
50000
50000
50000
50000
50000
50000
50000
50000
50000
50000
50000
50000
50000
50000
50000
50000
50000
50000
50000
50000
50000
50000
50000
50000
50000
50000
50000
50000
50000
50000
50000
50000
50000
50000
50000
50000
50000
50000
50000
50000
50000
50000
50000
50000
50000
50000
50000
50000
50000
50000
50000
50000
50000
50000
50000
50000
50000
50000
50000
50000
50000
50000
50000
50000
50000
50000
50000
50000
50000
50000
50000
50000
50000
50000
50000
50000
50000
50000
50000
50000
50000
50000
50000
50000
50000
50000
50000
50000
50000
50000
50000
50000
50000
50000
50000
50000
50000
50000
50000
50000
50000
50000
50000
50000
50000
50000
50000
50000
50000
50000
50000
50000
50000
50000
50000
50000
50000
50000
50000
50000
50000
50000
50000
50000
50000
50000
50000
50000
50000
50000
50000
50000
50000
50000
50000
50000
50000
50000
50000
50000
50000
50000
50000
50000
50000
50000
50000
50000
50000
50000
50000
50000
50000
50000
50000
50000
50000
50000
50000
50000
50000
50000
50000
50000
50000
50000
50000
50000
50000
50000
50000
50000
50000
50000
50000
50000
50000
50000
50000
50000
50000
50000
50000
50000
50000
50000
50000
50000
50000
50000
50000
50000
50000
50000
50000
50000
50000
50000
50000
50000
50000
50000
50000
50000
50000
50000
50000
50000
50000
50000
50000
50000
50000
50000
50000
50000
50000
50000
50000
50000
50000
50000
50000
50000
50000
50000
50000
50000
50000
50000
50000
50000
50000
50000
50000
50000
50000
50000
50000
50000
50000
50000
50000
50000
50000
50000
50000
50000
50000
50000
50000
50000
50000
50000
50000
50000
50000
50000
50000
50000
50000
50000
50000
50000
50000
50000
50000
50000
50000
50000
50000
50000
50000
50000
50000
50000
50000
50000
50000
50000
50000
50000
50000
50000
50000
50000
50000
50000
50000
50000
50000
50000
50000
50000
50000
50000
50000
50000
50000
50000
50000
50000
50000
50000
50000
50000
50000
50000
50000
50000
50000
50000
50000
50000
50000
50000
50000
50000
50000
50000
50000
50000
50000
50000
50000
50000
50000
50000
50000
50000
50000
50000
50000
50000
50000
50000
50000
50000
50000
50000
50000
50000
50000
50000
50000
50000
50000
50000
50000
50000
50000
50000
50000
50000
50000
50000
50000
50000
50000
50000
50000
50000
50000
50000
50000
50000
50000
50000
50000
50000
50000
50000
50000
50000
50000
50000
50000
50000
50000
50000
50000
50000
50000
50000
50000
50000
50000
50000
50000
50000
50000
50000
50000
50000
50000
50000
50000
50000
50000
50000
50000
50000
50000
50000
50000
50000
50000
50000
50000
50000
50000
50000
50000
50000
50000
50000
50000
50000
50000
50000
50000
50000
50000
50000
50000
50000
50000
50000
50000
50000
50000
50000
50000
50000
50000
50000
50000
50000
50000
50000
50000
50000
50000
50000
50000
50000
50000
50000
50000
50000
50000
50000
50000
50000
50000
50000
50000
50000
50000
50000
50000
50000
50000
50000
50000
50000
50000
50000
50000
50000
50000
50000
50000
50000
50000
50000
50000
50000
50000
50000
50000
50000
50000
50000
50000
50000
50000
50000
50000
50000
50000
50000
50000
50000
50000
50000
50000
50000
50000
50000
50000
50000
50000
50000
50000
50000
50000
50000
50000
50000
50000
50000
50000
50000
50000
50000
50000
50000
50000
50000
50000
50000
50000
50000
50000
50000
50000
50000
50000
50000
50000
50000
50000
50000
50000
50000
50000
50000
50000
50000
50000
50000
50000
50000
50000
50000
50000
50000
50000
50000
50000
50000
50000
50000
50000
50000
50000
50000
50000
50000
50000
50000
50000
50000
50000
50000
50000
50000
50000
50000
50000
50000
50000
50000
50000
50000
50000
50000
50000
50000
50000
50000
50000
50000
50000
50000
50000
50000
50000
50000
50000
50000
50000
50000
50000
50000
50000
50000
50000
50000
50000
50000
50000
50000
50000
50000
50000
50000
50000
50000
50000
50000
50000
50000
50000
50000
50000
50000
50000
50000
50000
50000
50000
50000
50000
50000
50000
50000
50000
50000
50000
50000
50000
50000
50000
50000
50000
50000
50000
50000
50000
50000
50000
50000
50000
50000
50000
50000
50000
50000
50000
50000
50000
50000
50000
50000
50000
50000
50000
50000
50000
50000
50000
50000
50000
50000
50000
50000
50000
50000
50000
50000
50000
50000
50000
50000
50000
50000
50000
50000
50000
50000
50000
50000
50000
50000
50000
50000
50000
50000
50000
50000
50000
50000
50000
50000
50000
50000
50000
50000
50000
50000
50000
50000
50000
50000
50000
50000
50000
50000
50000
50000
50000
50000
50000
50000
50000
50000
50000
50000
50000
50000
50000
50000
50000
50000
50000
50000
50000
50000
50000
50000
50000
50000
50000
50000
50000
50000
50000
50000
50000
50000
50000
50000
50000
50000
50000
50000
50000
50000
50000
50000
50000
50000
50000
50000
50000
50000
50000
50000
50000
50000
50000
50000
50000
50000
50000
50000
50000
50000
50000
50000
50000
50000
50000
50000
50000
50000
50000
50000
50000
50000
50000
50000
50000
50000
50000
50000
50000
50000
50000
50000
50000
50000
50000
50000
50000
50000
50000
50000
50000
50000
50000
50000
50000
50000
50000
50000
50000
50000
50000
50000
50000
50000
50000
50000
50000
50000
50000
50000
50000
50000
50000
50000
50000
50000
50000
50000
50000
50000
50000
50000
50000
50000
50000
50000
50000
50000
50000
50000
50000
50000
50000
50000
50000
50000
50000
50000
50000
50000
50000
50000
50000
50000
50000
50000
50000
50000
50000
50000
50000
50000
50000
50000
50000
50000
50000
50000
50000
50000
50000
50000
50000
50000
50000
50000
50000
50000
50000
50000
50000
50000
50000
50000
50000
50000
50000
50000
50000
50000
50000
50000
50000
50000
50000
50000
50000
50000
50000
50000
50000
50000
50000
50000
50000
50000
50000
50000
50000
50000
50000
50000
50000
50000
50000
50000
50000
50000
50000
50000
50000
50000
50000
50000
50000
50000
50000
50000
50000
50000
50000
50000
50000
50000
50000
50000
50000
50000
50000
50000
50000
50000
50000
50000
50000
50000
50000
50000
50000
50000
50000
50000
50000
50000
50000
50000
50000
50000
50000
50000
50000
50000
50000
50000
50000
50000
50000
50000
50000
50000
50000
50000
50000
50000
50000
50000
50000
50000
50000
50000
50000
50000
50000
50000
50000
50000
50000
50000
50000
50000
50000
50000
50000
50000
50000
50000
50000
50000
50000
50000
50000
50000
50000
50000
50000
50000
50000
50000
50000
50000
50000
50000
50000
50000
50000
50000
50000
50000
50000
50000
50000
50000
50000
50000
50000
50000
50000
50000
50000
50000
50000
50000
50000
50000
50000
50000
50000
50000
50000
50000
50000
50000
50000
50000
50000
50000
50000
50000
50000
50000
50000
50000
50000
50000
50000
50000
50000
50000
50000
50000
50000
50000
50000
50000
50000
50000
50000
50000
50000
50000
50000
50000
50000
50000
50000
50000
50000
50000
50000
50000
50000
50000
50000
50000
50000
50000
50000
50000
50000
50000
50000
50000
50000
50000
50000
50000
50000
50000
50000
50000
50000
50000
50000
50000
50000
50000
50000
50000
50000
50000
50000
50000
50000
50000
50000
50000
50000
50000
50000
50000
50000
50000
50000
50000
50000
50000
50000
50000
50000
50000
50000
50000
50000
50000
50000
50000
50000
50000
50000
50000
50000
50000
50000
50000
50000
50000
50000
50000
50000
50000
50000
50000
50000
50000
50000
50000
50000
50000
50000
50000
50000
50000
50000
50000
50000
50000
50000
50000
50000
50000
50000
50000
50000
50000
50000
50000
50000
50000
50000
50000
50000
50000
50000
50000
50000
50000
50000
50000
50000
50000
50000
50000
50000
50000
50000
50000
50000
50000
50000
50000
50000
50000
50000
50000
50000
50000
50000
50000
50000
50000
50000
50000
50000
50000
50000
50000
50000
50000
50000
50000
50000
50000
50000
50000
50000
50000
50000
50000
50000
50000
50000
50000
50000
50000
50000
50000
50000
50000
50000
50000
50000
50000
50000
50000
50000
50000
50000
50000
50000
50000
50000
50000
50000
50000
50000
50000
50000
50000
50000
50000
50000
50000
50000
50000
50000
50000
50000
50000
50000
50000
50000
50000
50000
50000
50000
50000
50000
50000
50000
50000
50000
50000
50000
50000
50000
50000
50000
50000
50000
50000
50000
50000
50000
50000
50000
50000
50000
50000
50000
50000
50000
50000
50000
50000
50000
50000
50000
50000
50000
50000
50000
50000
50000
50000
50000
50000
50000
50000
50000
50000
50000
50000
50000
50000
50000
50000
50000
50000
50000
50000
50000
50000
50000
50000
50000
50000
50000
50000
50000
50000
50000
50000
50000
50000
50000
50000
50000
50000
50000
50000
50000
50000
50000
50000
50000
50000
50000
50000
50000
50000
50000
50000
50000
50000
50000
50000
50000
50000
50000
50000
50000
50000
50000
50000
50000
50000
50000
50000
50000
50000
50000
50000
50000
50000
50000
50000
50000
50000
50000
50000
50000
50000
50000
50000
50000
50000
50000
50000
50000
50000
50000
50000
50000
50000
50000
50000
50000
50000
50000
50000
50000
50000
50000
50000
50000
50000
50000
50000
50000
50000
50000
50000
50000
50000
50000
50000
50000
50000
50000
50000
50000
50000
50000
50000
50000
50000
50000
50000
50000
50000
50000
50000
50000
50000
50000
50000
50000
50000
50000
50000
50000
50000
50000
50000
50000
50000
50000
50000
50000
50000
50000
50000
50000
50000
50000
50000
50000
50000
50000
50000
50000
50000
50000
50000
50000
50000
50000
50000
50000
50000
50000
50000
50000
50000
50000
50000
50000
50000
50000
50000
50000
50000
50000
50000
50000
50000
50000
50000
50000
50000
50000
50000
50000
50000
50000
50000
50000
50000
50000
50000
50000
50000
50000
50000
50000
50000
50000
50000
50000
50000
50000
50000
50000
50000
50000
50000
50000
50000
50000
50000
50000
50000
50000
50000
50000
50000
50000
50000
50000
50000
50000
50000
50000
50000
50000
50000
50000
50000
50000
50000
50000
50000
50000
50000
50000
50000
50000
50000
50000
50000
50000
50000
50000
50000
50000
50000
50000
50000
50000
50000
50000
50000
50000
50000
50000
50000
50000
50000
50000
50000
50000
50000
50000
50000
50000
50000
50000
50000
50000
50000
50000
50000
50000
50000
50000
50000
50000
50000
50000
50000
50000
50000
50000
50000
50000
50000
50000
50000
50000
50000
50000
50000
50000
50000
50000
50000
50000
50000
50000
50000
50000
50000
50000
50000
50000
50000
50000
50000
50000
50000
50000
50000
50000
50000
50000
50000
50000
50000
50000
50000
50000
50000
50000
50000
50000
50000
50000
50000
50000
50000
50000
50000
50000
50000
50000
50000
50000
50000
50000
50000
50000
50000
50000
50000
50000
50000
50000
50000
50000
50000
50000
50000
50000
50000
50000
50000
50000
50000
50000
50000
50000
50000
50000
50000
50000
50000
50000
50000
50000
50000
50000
50000
50000
50000
50000
50000
50000
50000
50000
