1
4
6
7
9
10
11
12
13
13
14
15
15
16
16
17
17
18
18
19
19
20
20
21
21
22
22
23
23
23
24
24
25
25
25
26
26
26
27
27
27
28
28
29
29
29
30
30
31
31
31
32
32
33
33
34
34
34
35
35
35
36
36
36
37
37
37
38
38
39
39
39
39
39
40
40
41
41
41
42
42
42
43
43
43
44
44
44
45
45
46
46
46
47
47
47
48
48
48
48
49
49
49
49
50
50
50
51
51
52
52
52
52
53
53
53
54
54
54
55
55
55
56
56
56
56
57
57
57
58
58
58
58
59
59
59
60
60
60
61
61
61
61
62
62
62
62
63
63
63
64
64
64
65
65
65
65
66
66
66
67
67
67
68
68
68
68
69
69
69
70
70
70
70
71
71
71
72
72
72
73
73
73
74
74
74
75
75
76
76
76
76
77
77
77
77
78
78
79
79
79
79
80
80
80
81
81
81
82
82
82
83
83
83
84
84
84
84
85
85
85
86
86
86
87
87
87
88
88
88
89
89
89
90
90
90
91
91
91
91
92
92
92
93
93
93
94
94
94
95
95
95
96
96
96
97
97
97
97
98
98
98
99
99
99
100
100
100
101
101
101
101
102
102
102
103
103
103
103
104
104
104
105
105
105
106
106
106
107
107
107
108
108
108
109
109
109
110
110
111
111
111
111
111
112
112
112
113
113
113
114
114
114
115
115
115
116
116
116
117
117
117
118
118
118
119
119
119
120
120
120
120
121
121
121
122
122
122
123
123
123
124
124
124
125
125
125
126
126
126
127
127
127
128
128
128
129
129
129
130
130
130
131
131
131
132
132
133
133
133
133
134
134
134
135
135
135
135
136
136
137
137
137
137
137
138
138
138
139
139
139
140
140
140
141
141
141
141
142
142
143
143
143
144
144
144
145
145
145
145
146
146
146
147
147
147
148
148
148
149
149
149
150
150
150
150
151
151
152
152
152
153
153
153
154
154
154
154
155
155
155
155
156
156
156
157
157
157
157
158
158
158
159
159
159
160
160
160
161
161
161
162
162
162
163
163
163
164
164
164
165
165
165
166
166
166
167
167
167
168
168
168
168
169
169
170
170
170
170
171
171
171
172
172
172
173
173
173
174
174
174
175
175
176
176
176
176
177
177
178
178
178
179
179
179
180
180
180
181
181
181
182
182
182
183
183
183
184
184
184
185
185
185
186
186
186
187
187
188
188
188
189
189
189
190
190
190
191
191
191
192
192
192
193
193
193
194
194
194
195
195
196
196
196
196
197
197
198
198
198
198
198
199
199
199
200
200
201
201
201
202
202
202
203
203
203
203
204
204
204
205
205
206
206
206
207
207
207
208
208
209
209
209
210
210
211
211
211
212
212
212
213
213
213
214
214
215
215
216
216
216
217
217
217
218
218
218
218
219
219
220
220
220
221
221
221
222
222
223
223
223
224
224
225
225
225
226
226
226
227
227
228
228
228
228
229
229
230
230
230
231
231
231
232
232
233
233
233
234
234
235
235
235
236
236
236
237
237
237
238
238
239
239
239
240
240
240
241
241
242
242
243
243
243
244
244
245
245
245
246
246
246
247
247
247
248
248
248
249
249
250
250
250
251
251
251
252
252
253
253
253
254
254
255
255
255
256
256
256
257
257
257
258
258
259
259
260
260
260
261
261
262
262
262
263
263
264
264
265
265
265
266
266
267
267
267
268
268
268
269
269
269
270
270
271
271
271
272
272
272
273
273
273
274
274
275
275
275
276
276
276
277
277
278
278
278
279
279
279
280
280
281
281
281
282
282
283
283
283
284
284
284
285
285
285
286
286
287
287
287
288
288
289
289
290
290
290
291
291
291
292
292
292
293
293
294
294
294
295
295
296
296
296
297
297
297
298
298
299
299
299
300
300
301
301
301
302
302
302
303
303
304
304
305
305
305
306
306
307
307
308
308
308
309
309
309
310
310
311
311
311
312
312
313
313
314
314
314
315
315
316
316
317
317
317
318
318
319
319
319
320
320
321
321
322
322
323
323
324
324
325
325
325
326
326
327
327
328
328
329
329
330
330
330
331
331
332
332
333
333
333
334
334
335
335
336
336
336
337
337
338
338
338
339
339
340
340
341
341
342
342
343
343
343
344
344
345
345
345
346
346
347
347
348
348
348
349
349
349
350
350
351
351
351
352
352
353
353
353
354
354
355
355
356
356
357
357
357
358
358
359
359
359
360
360
361
361
362
362
363
363
363
364
364
365
365
366
366
367
367
367
368
368
369
369
370
370
371
371
372
372
373
373
374
374
374
375
375
376
376
377
377
378
378
379
379
379
380
380
381
381
382
382
382
383
383
384
384
384
385
385
386
386
387
387
387
388
388
389
389
390
390
391
391
392
392
392
393
393
394
394
395
395
396
396
397
397
397
398
398
399
399
400
400
401
401
402
402
403
403
404
404
404
405
405
406
406
407
407
408
408
409
409
409
410
410
411
411
412
412
413
413
414
414
415
415
416
416
417
417
418
418
418
419
419
420
420
420
421
421
422
422
422
423
423
424
424
425
425
425
426
426
427
427
428
428
429
429
430
430
430
431
431
432
432
433
433
434
434
435
435
436
436
437
437
437
438
438
439
439
440
440
440
441
441
441
442
442
443
444
444
445
445
445
446
446
447
447
448
448
449
449
450
450
451
451
452
452
453
453
454
454
455
455
456
456
457
457
458
458
459
459
460
460
461
461
462
462
463
463
464
464
465
465
466
466
467
467
468
468
469
469
469
470
470
471
472
472
473
473
474
474
474
475
475
476
476
477
477
478
478
479
479
480
480
481
482
482
482
483
483
484
484
485
485
486
486
487
487
488
488
489
489
490
490
491
491
492
492
492
493
494
494
495
495
496
496
497
497
497
498
498
499
499
500
500
500
501
501
502
502
503
504
504
505
505
506
506
507
507
507
508
508
509
509
510
511
511
512
512
513
513
514
514
514
515
515
516
516
517
517
518
518
519
519
520
520
521
521
522
522
523
523
524
524
525
525
526
526
527
527
527
528
528
529
529
530
530
531
531
532
532
532
533
534
534
534
535
535
536
536
537
537
538
538
539
539
540
540
541
541
541
542
542
543
543
544
544
545
546
546
547
547
548
548
549
549
550
550
551
551
552
553
553
554
554
555
555
556
556
557
557
558
558
559
559
560
560
561
561
562
562
563
564
564
565
565
566
566
567
568
568
569
569
570
570
571
571
572
572
573
573
574
574
575
575
576
576
577
577
578
578
579
579
580
580
581
582
582
583
583
584
584
585
585
586
586
587
587
588
588
589
589
590
591
591
592
592
593
593
593
594
595
595
596
596
597
597
598
598
599
599
600
600
601
601
602
602
603
603
604
604
605
606
606
607
607
608
608
609
610
610
611
611
612
612
613
613
614
614
615
615
615
616
617
617
617
618
619
619
620
620
621
621
622
622
623
624
624
625
625
626
626
626
627
628
628
629
629
630
630
631
631
631
632
633
633
634
634
635
635
636
636
637
637
638
638
639
640
640
641
642
642
643
643
644
645
645
646
646
647
647
648
649
649
649
650
651
651
652
652
653
653
654
654
655
655
655
656
657
657
658
659
659
659
660
660
661
661
662
663
663
664
664
665
665
666
667
667
668
668
669
669
670
670
671
671
672
672
673
674
674
675
675
676
676
677
677
678
679
679
680
680
681
682
682
683
683
684
685
685
685
686
686
687
687
688
688
689
690
690
691
691
692
692
693
694
694
695
695
696
696
697
697
698
698
699
699
700
700
701
702
702
702
703
704
704
705
705
706
706
707
708
708
709
709
710
711
711
712
712
713
713
714
715
715
716
716
717
717
718
718
719
719
720
721
721
722
723
723
724
724
725
725
726
726
727
728
729
729
730
730
731
731
732
733
733
734
734
735
736
736
737
737
738
738
739
739
740
741
741
742
743
743
744
744
745
746
746
747
748
748
749
749
750
750
751
752
752
753
753
754
755
755
756
756
757
758
759
759
760
760
761
761
762
763
763
763
764
764
765
766
766
767
767
768
768
769
770
770
771
771
772
773
773
774
775
775
776
776
777
777
778
779
779
780
781
781
782
783
783
784
785
785
786
787
787
788
789
790
790
791
791
792
793
793
794
795
795
796
797
797
798
798
799
800
800
801
802
802
803
804
804
805
805
806
806
807
808
808
809
810
810
811
811
812
813
813
814
814
815
815
816
817
818
818
819
819
820
821
821
822
823
823
824
824
825
826
826
827
828
829
829
830
831
831
832
833
833
834
835
835
836
836
837
838
838
839
840
840
841
842
842
843
844
844
845
845
846
847
848
848
849
849
850
851
851
852
852
853
853
854
854
855
856
857
857
858
859
860
860
861
861
862
862
863
864
864
865
866
866
867
868
869
869
870
870
871
872
872
873
874
874
875
876
876
877
878
878
879
880
881
881
882
882
883
884
884
885
886
887
887
888
889
889
890
890
891
891
892
893
893
894
895
895
896
897
897
898
899
900
900
901
902
902
903
904
905
905
906
906
907
908
908
909
910
911
911
912
912
913
913
914
915
916
916
917
918
919
919
920
920
921
922
922
923
924
925
925
926
926
927
928
929
929
930
931
932
932
933
933
934
935
935
936
937
937
938
939
939
940
941
941
942
943
943
944
944
945
946
946
947
948
949
950
950
951
952
952
953
954
955
955
956
957
957
958
959
959
960
961
962
963
963
964
965
965
966
967
967
968
969
969
970
971
971
972
973
974
975
975
976
977
977
978
978
979
980
981
981
982
983
984
984
985
985
986
987
987
988
989
990
990
991
992
993
994
994
995
996
996
997
998
998
999
1000
1001
1001
1002
1003
1003
1004
1005
1005
1006
1007
1008
1008
1009
1010
1011
1011
1012
1013
1013
1014
1015
1016
1017
1017
1018
1019
1019
1020
1021
1021
1022
1023
1023
1024
1025
1025
1026
1027
1027
1028
1029
1030
1030
1031
1032
1033
1034
1034
1035
1036
1037
1037
1038
1039
1039
1040
1041
1042
1042
1043
1044
1045
1045
1046
1047
1048
1049
1050
1050
1051
1052
1053
1053
1054
1055
1055
1056
1057
1058
1058
1059
1060
1060
1061
1062
1063
1063
1064
1064
1065
1066
1066
1067
1068
1069
1069
1070
1071
1072
1072
1073
1074
1074
1075
1076
1076
1077
1078
1079
1080
1080
1081
1081
1082
1083
1083
1084
1085
1086
1087
1088
1088
1089
1090
1091
1092
1092
1093
1094
1095
1096
1097
1097
1098
1099
1099
1100
1101
1102
1103
1103
1104
1105
1106
1107
1108
1108
1109
1110
1111
1111
1112
1113
1114
1114
1115
1116
1117
1118
1118
1119
1120
1121
1122
1122
1123
1124
1124
1125
1126
1127
1127
1128
1129
1130
1131
1131
1132
1133
1134
1135
1135
1136
1137
1138
1139
1139
1140
1141
1141
1142
1143
1144
1145
1146
1147
1148
1148
1149
1150
1151
1152
1153
1153
1154
1155
1156
1157
1158
1158
1159
1160
1161
1162
1163
1164
1165
1166
1166
1167
1168
1169
1169
1170
1171
1171
1172
1173
1174
1174
1175
1176
1177
1178
1179
1180
1181
1182
1183
1183
1184
1185
1186
1187
1187
1188
1189
1190
1190
1191
1192
1193
1194
1194
1195
1196
1196
1198
1198
1199
1200
1201
1201
1202
1203
1203
1205
1206
1206
1207
1208
1209
1210
1211
1211
1212
1213
1214
1214
1215
1216
1217
1218
1219
1220
1221
1222
1223
1224
1225
1226
1227
1228
1228
1229
1230
1231
1232
1233
1233
1234
1235
1235
1236
1237
1238
1239
1240
1240
1241
1242
1243
1244
1245
1246
1247
1248
1249
1249
1250
1251
1252
1253
1254
1254
1255
1256
1256
1257
1257
1258
1259
1260
1261
1261
1262
1263
1264
1265
1265
1266
1267
1268
1268
1269
1270
1270
1271
1272
1273
1274
1275
1276
1277
1277
1278
1279
1280
1281
1281
1282
1284
1284
1285
1286
1287
1287
1288
1289
1289
1290
1291
1292
1293
1294
1294
1295
1296
1297
1298
1299
1300
1301
1302
1303
1304
1305
1306
1306
1307
1308
1309
1310
1311
1312
1313
1314
1315
1315
1316
1317
1318
1319
1320
1321
1322
1323
1323
1324
1325
1326
1327
1328
1328
1329
1330
1331
1332
1333
1334
1335
1335
1336
1337
1338
1339
1339
1340
1341
1342
1343
1344
1345
1346
1347
1347
1348
1349
1350
1351
1352
1353
1354
1354
1355
1356
1357
1358
1359
1360
1361
1362
1363
1363
1364
1365
1366
1367
1368
1369
1369
1371
1372
1372
1373
1374
1375
1375
1376
1376
1378
1378
1379
1381
1382
1382
1383
1384
1385
1386
1387
1387
1388
1389
1390
1391
1392
1393
1394
1395
1396
1397
1398
1399
1400
1401
1401
1403
1403
1404
1405
1406
1406
1407
1409
1410
1411
1412
1412
1413
1414
1415
1416
1417
1418
1419
1420
1421
1422
1423
1423
1424
1425
1426
1427
1428
1429
1430
1431
1432
1432
1433
1434
1436
1436
1437
1438
1439
1440
1441
1441
1442
1443
1444
1445
1446
1447
1448
1448
1449
1450
1451
1452
1453
1454
1455
1456
1456
1457
1459
1459
1460
1461
1461
1462
1463
1464
1465
1466
1467
1467
1468
1469
1470
1472
1473
1473
1474
1475
1476
1477
1478
1479
1480
1481
1481
1482
1483
1484
1485
1486
1487
1488
1489
1490
1491
1492
1493
1493
1494
1495
1496
1497
1498
1499
1500
1501
1502
1502
1504
1505
1506
1507
1508
1509
1510
1511
1511
1512
1513
1514
1515
1516
1517
1518
1519
1520
1521
1521
1522
1523
1524
1526
1527
1527
1529
1530
1531
1532
1533
1534
1535
1536
1536
1538
1539
1540
1541
1542
1542
1543
1544
1546
1547
1548
1549
1550
1551
1552
1553
1554
1555
1556
1557
1558
1559
1560
1562
1563
1564
1565
1566
1567
1568
1569
1569
1571
1572
1573
1574
1575
1575
1576
1578
1578
1579
1580
1581
1582
1583
1584
1585
1586
1587
1589
1590
1591
1591
1592
1593
1594
1595
1596
1597
1598
1599
1600
1601
1602
1603
1603
1605
1605
1606
1607
1608
1609
1610
1611
1612
1613
1614
1615
1617
1618
1619
1619
1620
1621
1622
1623
1624
1626
1627
1628
1629
1630
1631
1632
1633
1634
1635
1636
1637
1638
1639
1640
1641
1642
1643
1644
1646
1647
1648
1649
1649
1651
1652
1653
1653
1655
1656
1657
1658
1659
1660
1661
1662
1663
1664
1665
1666
1667
1668
1669
1670
1671
1672
1673
1675
1675
1676
1678
1679
1680
1680
1682
1683
1684
1685
1686
1687
1688
1690
1690
1691
1692
1693
1694
1695
1695
1696
1697
1698
1699
1701
1701
1702
1704
1705
1706
1707
1708
1709
1710
1711
1712
1713
1714
1715
1716
1717
1718
1719
1719
1720
1721
1722
1723
1724
1725
1726
1727
1729
1730
1731
1732
1733
1734
1735
1736
1737
1738
1739
1740
1742
1743
1744
1745
1746
1747
1748
1749
1750
1751
1752
1753
1754
1755
1756
1757
1758
1759
1760
1762
1763
1764
1765
1766
1767
1768
1769
1770
1772
1772
1774
1775
1776
1777
1778
1779
1780
1781
1782
1783
1784
1785
1787
1788
1789
1790
1791
1791
1793
1793
1794
1795
1797
1798
1799
1800
1800
1801
1803
1804
1805
1806
1807
1808
1809
1810
1811
1813
1814
1815
1816
1817
1819
1820
1821
1822
1823
1824
1825
1826
1827
1828
1829
1830
1831
1832
1833
1834
1835
1836
1837
1838
1840
1841
1841
1843
1844
1845
1847
1848
1849
1850
1852
1853
1854
1855
1856
1857
1858
1859
1860
1861
1862
1863
1864
1866
1867
1868
1869
1870
1871
1872
1874
1875
1876
1877
1878
1879
1881
1882
1883
1884
1885
1886
1888
1889
1890
1891
1892
1894
1895
1896
1897
1898
1899
1900
1901
1902
1903
1904
1905
1906
1907
1908
1910
1911
1912
1913
1914
1915
1916
1917
1918
1919
1921
1922
1923
1924
1925
1926
1928
1929
1930
1931
1933
1934
1935
1936
1937
1938
1939
1940
1941
1943
1944
1945
1946
1947
1949
1950
1952
1953
1954
1955
1956
1958
1959
1960
1961
1962
1963
1964
1965
1966
1967
1968
1969
1971
1972
1973
1974
1975
1976
1978
1979
1980
1981
1982
1984
1985
1986
1987
1988
1990
1991
1992
1993
1994
1995
1996
1997
1999
2000
2001
2002
2003
2004
2005
2006
2008
2009
2010
2011
2012
2013
2015
2016
2018
2019
2020
2021
2023
2024
2025
2026
2027
2028
2029
2030
2031
2033
2034
2035
2036
2037
2038
2039
2040
2041
2043
2044
2045
2046
2047
2048
2049
2051
2051
2053
2054
2056
2057
2057
2059
2060
2060
2062
2063
2064
2065
2066
2068
2069
2070
2071
2073
2074
2075
2077
2078
2079
2080
2082
2083
2084
2084
2086
2087
2088
2089
2091
2092
2093
2094
2095
2096
2097
2098
2100
2101
2102
2104
2105
2107
2108
2109
2110
2111
2112
2114
2115
2116
2117
2118
2118
2120
2121
2123
2124
2125
2126
2127
2128
2130
2131
2133
2134
2135
2136
2138
2139
2141
2142
2143
2144
2146
2147
2148
2149
2151
2152
2153
2155
2156
2157
2158
2159
2160
2162
2163
2164
2165
2166
2167
2169
2170
2171
2173
2174
2175
2176
2178
2179
2180
2182
2183
2185
2186
2187
2188
2189
2191
2192
2193
2195
2196
2197
2198
2200
2201
2203
2204
2205
2206
2208
2209
2210
2212
2213
2215
2216
2217
2219
2220
2221
2222
2223
2225
2226
2227
2228
2229
2230
2232
2233
2234
2236
2237
2238
2239
2240
2241
2243
2244
2245
2246
2248
2249
2251
2252
2253
2254
2256
2257
2258
2260
2261
2262
2263
2264
2265
2266
2268
2269
2270
2271
2272
2274
2275
2277
2278
2280
2282
2283
2284
2285
2286
2287
2289
2291
2292
2293
2294
2295
2297
2299
2300
2302
2303
2305
2306
2308
2309
2311
2313
2314
2316
2317
2318
2320
2321
2323
2325
2326
2328
2329
2331
2332
2333
2335
2336
2337
2338
2340
2341
2343
2344
2345
2346
2347
2349
2351
2352
2353
2355
2357
2358
2359
2361
2363
2364
2365
2367
2368
2370
2371
2373
2374
2375
2377
2378
2379
2381
2382
2384
2385
2386
2388
2390
2391
2393
2394
2395
2396
2398
2399
2401
2402
2403
2405
2406
2406
2408
2410
2411
2413
2414
2415
2417
2418
2419
2421
2422
2424
2425
2426
2428
2429
2431
2432
2433
2435
2437
2438
2439
2441
2441
2442
2444
2445
2446
2448
2449
2451
2453
2454
2455
2457
2458
2460
2461
2462
2463
2464
2466
2467
2469
2471
2472
2474
2475
2476
2478
2479
2480
2481
2482
2483
2484
2485
2487
2488
2490
2491
2493
2495
2496
2498
2499
2501
2503
2504
2505
2507
2508
2510
2511
2513
2514
2516
2517
2519
2520
2522
2523
2525
2527
2528
2529
2530
2532
2533
2535
2536
2537
2538
2539
2540
2542
2544
2545
2546
2548
2549
2551
2552
2554
2554
2556
2557
2558
2559
2561
2562
2564
2566
2567
2569
2570
2571
2573
2575
2576
2578
2579
2581
2582
2584
2585
2587
2588
2590
2591
2592
2594
2595
2597
2598
2600
2601
2603
2604
2606
2607
2609
2610
2611
2613
2614
2616
2618
2619
2621
2622
2624
2625
2626
2627
2629
2630
2631
2632
2634
2636
2637
2638
2639
2641
2642
2644
2645
2647
2648
2649
2650
2651
2653
2654
2656
2657
2659
2661
2662
2664
2665
2667
2669
2670
2671
2673
2674
2676
2677
2678
2680
2683
2684
2686
2687
2689
2690
2692
2694
2695
2696
2698
2699
2701
2703
2704
2706
2708
2709
2711
2712
2714
2715
2717
2719
2720
2721
2723
2725
2727
2728
2730
2731
2733
2734
2736
2737
2738
2740
2742
2743
2744
2746
2748
2749
2751
2753
2755
2756
2758
2760
2761
2763
2765
2766
2768
2770
2771
2772
2774
2776
2777
2779
2780
2782
2784
2786
2787
2789
2790
2792
2793
2795
2797
2798
2800
2802
2803
2805
2807
2808
2810
2811
2812
2814
2816
2817
2818
2819
2821
2823
2824
2825
2827
2829
2830
2832
2833
2835
2837
2838
2840
2841
2843
2845
2846
2848
2849
2851
2852
2854
2855
2857
2858
2860
2862
2863
2865
2867
2868
2870
2872
2873
2875
2876
2877
2879
2881
2882
2884
2886
2887
2889
2891
2892
2893
2895
2897
2899
2900
2901
2903
2904
2907
2908
2909
2912
2913
2915
2917
2919
2920
2922
2924
2925
2927
2929
2930
2931
2933
2934
2936
2938
2939
2940
2942
2943
2945
2947
2948
2950
2952
2955
2956
2957
2959
2961
2963
2965
2967
2969
2970
2972
2973
2974
2976
2978
2979
2981
2982
2984
2986
2988
2989
2991
2993
2995
2997
2998
3000
3001
3003
3005
3006
3009
3011
3012
3014
3016
3018
3019
3021
3023
3024
3027
3028
3030
3031
3032
3034
3036
3038
3039
3041
3043
3045
3047
3049
3050
3052
3053
3055
3057
3058
3060
3062
3064
3066
3068
3069
3071
3072
3074
3076
3077
3079
3081
3083
3084
3086
3088
3089
3092
3093
3094
3096
3097
3099
3102
3104
3105
3107
3109
3111
3112
3114
3115
3117
3119
3122
3123
3125
3126
3128
3129
3131
3133
3135
3136
3138
3141
3143
3144
3146
3148
3150
3152
3153
3156
3157
3159
3161
3162
3164
3166
3167
3169
3171
3173
3175
3177
3179
3180
3182
3184
3186
3188
3189
3191
3193
3195
3197
3198
3199
3201
3203
3205
3206
3208
3210
3212
3214
3215
3217
3218
3219
3221
3223
3225
3226
3227
3229
3231
3233
3234
3236
3237
3239
3241
3243
3244
3246
3248
3250
3251
3253
3255
3256
3258
3260
3261
3263
3265
3267
3269
3270
3272
3273
3275
3277
3279
3281
3283
3285
3287
3288
3290
3293
3294
3296
3298
3299
3301
3303
3305
3307
3309
3311
3313
3314
3316
3318
3319
3321
3323
3325
3327
3329
3331
3332
3334
3336
3338
3340
3342
3344
3346
3348
3350
3351
3353
3354
3357
3358
3360
3362
3364
3366
3368
3369
3371
3373
3375
3377
3378
3379
3381
3382
3384
3386
3388
3390
3392
3394
3396
3398
3400
3401
3403
3404
3407
3408
3410
3412
3414
3416
3417
3419
3420
3422
3424
3425
3428
3430
3432
3434
3435
3437
3439
3440
3441
3443
3446
3448
3450
3451
3453
3455
3457
3459
3462
3463
3464
3467
3469
3470
3472
3474
3476
3478
3480
3483
3485
3487
3489
3490
3492
3494
3497
3498
3500
3502
3504
3505
3508
3510
3511
3513
3515
3516
3517
3520
3522
3523
3525
3527
3529
3531
3532
3534
3536
3539
3541
3543
3546
3547
3549
3551
3554
3556
3558
3560
3562
3564
3566
3568
3570
3571
3573
3575
3577
3580
3581
3583
3585
3587
3589
3591
3593
3595
3597
3599
3601
3602
3605
3607
3609
3611
3613
3615
3617
3619
3622
3624
3626
3628
3630
3632
3635
3637
3638
3640
3643
3644
3647
3649
3651
3653
3655
3657
3659
3661
3662
3664
3666
3668
3671
3672
3675
3677
3678
3680
3682
3684
3686
3688
3689
3691
3692
3695
3696
3698
3701
3703
3705
3708
3710
3711
3713
3715
3717
3719
3721
3723
3725
3727
3730
3733
3735
3737
3739
3741
3743
3746
3747
3750
3752
3754
3755
3757
3760
3762
3764
3766
3768
3770
3772
3774
3776
3778
3780
3782
3784
3786
3788
3791
3793
3794
3796
3798
3801
3803
3805
3807
3810
3812
3815
3817
3819
3822
3824
3825
3828
3831
3833
3835
3837
3838
3840
3842
3844
3847
3848
3851
3853
3856
3858
3861
3863
3865
3867
3869
3871
3873
3875
3878
3880
3882
3884
3886
3889
3891
3893
3895
3897
3899
3902
3904
3906
3907
3909
3911
3913
3915
3917
3919
3921
3922
3924
3926
3928
3931
3933
3936
3938
3940
3941
3944
3946
3948
3950
3952
3954
3957
3959
3962
3964
3966
3969
3971
3973
3975
3978
3980
3982
3984
3986
3988
3989
3992
3994
3996
3998
4001
4002
4005
4007
4010
4012
4014
4017
4020
4022
4024
4027
4029
4031
4033
4035
4037
4040
4042
4043
4046
4048
4050
4052
4055
4057
4059
4062
4065
4067
4069
4072
4074
4077
4078
4080
4082
4085
4088
4089
4091
4093
4097
4099
4101
4102
4105
4107
4109
4110
4113
4115
4117
4120
4121
4124
4126
4128
4130
4132
4135
4137
4138
4140
4143
4145
4147
4150
4153
4154
4157
4158
4160
4163
4166
4168
4170
4171
4173
4175
4176
4178
4180
4182
4184
4187
4190
4192
4195
4197
4200
4202
4204
4206
4208
4211
4214
4216
4219
4222
4224
4226
4228
4230
4232
4234
4236
4238
4241
4243
4245
4248
4250
4252
4255
4257
4261
4264
4266
4269
4271
4273
4276
4278
4280
4283
4286
4288
4290
4292
4293
4296
4298
4301
4303
4304
4307
4310
4312
4314
4316
4318
4320
4323
4326
4328
4331
4333
4336
4337
4340
4342
4344
4347
4349
4351
4353
4355
4358
4360
4363
4365
4368
4370
4372
4375
4377
4380
4382
4384
4387
4389
4392
4394
4396
4398
4401
4403
4405
4407
4409
4411
4413
4415
4418
4420
4423
4425
4428
4430
4432
4434
4437
4439
4442
4445
4447
4450
4453
4455
4458
4460
4464
4466
4469
4470
4473
4475
4478
4480
4483
4486
4488
4491
4493
4496
4498
4501
4503
4506
4508
4510
4512
4516
4518
4520
4523
4525
4529
4531
4535
4537
4540
4543
4545
4548
4551
4554
4556
4558
4560
4562
4564
4566
4568
4570
4573
4575
4578
4580
4582
4585
4587
4590
4593
4595
4599
4601
4605
4608
4611
4613
4616
4619
4621
4624
4626
4628
4631
4633
4635
4638
4640
4643
4645
4647
4649
4652
4654
4656
4659
4662
4665
4667
4669
4671
4674
4676
4678
4681
4683
4685
4688
4690
4693
4695
4698
4700
4702
4704
4707
4709
4712
4714
4716
4720
4722
4724
4727
4729
4732
4733
4735
4738
4740
4743
4746
4749
4751
4754
4757
4760
4763
4765
4768
4771
4774
4777
4779
4781
4784
4786
4788
4791
4794
4796
4799
4802
4804
4807
4809
4811
4813
4815
4818
4821
4823
4826
4829
4832
4835
4838
4841
4843
4846
4849
4851
4854
4857
4859
4862
4865
4869
4871
4875
4877
4879
4882
4885
4889
4892
4895
4899
4902
4903
4905
4908
4910
4913
4915
4919
4921
4924
4926
4929
4932
4935
4938
4940
4943
4946
4949
4952
4955
4957
4959
4962
4964
4967
4970
4973
4976
4979
4980
4983
4985
4989
4992
4994
4997
5000
5003
5005
5007
5010
5012
5014
5016
5020
5022
5025
5027
5029
5031
5035
5038
5041
5043
5046
5049
5052
5055
5057
5060
5062
5066
5067
5069
5071
5074
5076
5079
5082
5085
5088
5090
5094
5096
5099
5101
5104
5106
5109
5113
5116
5118
5122
5125
5127
5130
5132
5135
5138
5140
5142
5144
5148
5150
5154
5156
5160
5162
5165
5167
5171
5171
5175
5177
5180
5182
5185
5188
5191
5193
5196
5199
5202
5204
5207
5210
5213
5216
5218
5221
5223
5226
5229
5232
5235
5239
5242
5246
5249
5253
5256
5258
5261
5264
5266
5270
5273
5275
5277
5280
5283
5286
5289
5292
5295
5297
5300
5304
5307
5310
5312
5315
5319
5322
5325
5327
5331
5333
5336
5340
5343
5347
5349
5352
5356
5358
5360
5362
5365
5369
5372
5376
5379
5382
5386
5389
5392
5395
5398
5402
5406
5409
5412
5415
5419
5422
5424
5427
5430
5433
5436
5440
5442
5445
5448
5451
5454
5456
5459
5459
5462
5464
5466
5469
5472
5474
5477
5480
5482
5486
5489
5490
5492
5495
5499
5501
5503
5506
5508
5512
5515
5519
5523
5526
5528
5531
5533
5536
5539
5542
5545
5547
5550
5552
5555
5559
5563
5565
5567
5571
5573
5576
5578
5581
5584
5587
5589
5592
5595
5598
5602
5605
5608
5611
5614
5617
5620
5622
5624
5627
5631
5634
5637
5640
5644
5647
5650
5653
5655
5658
5660
5663
5666
5669
5672
5676
5679
5682
5685
5688
5691
5694
5696
5699
5702
5706
5708
5711
5714
5717
5719
5723
5726
5728
5732
5735
5738
5741
5745
5749
5752
5754
5757
5759
5762
5765
5769
5772
5775
5777
5780
5783
5786
5790
5793
5796
5800
5803
5806
5810
5813
5817
5820
5823
5827
5830
5833
5836
5838
5843
5846
5849
5853
5856
5859
5862
5865
5868
5872
5875
5877
5881
5884
5888
5891
5893
5897
5899
5901
5904
5908
5912
5916
5919
5922
5924
5928
5931
5933
5936
5939
5943
5947
5951
5955
5958
5962
5966
5969
5973
5976
5980
5984
5987
5990
5994
5998
6001
6005
6008
6011
6015
6019
6022
6025
6028
6031
6035
6038
6042
6046
6049
6052
6055
6059
6063
6066
6069
6072
6076
6079
6083
6087
6090
6093
6096
6099
6103
6105
6109
6112
6116
6120
6123
6128
6131
6134
6136
6140
6144
6149
6152
6153
6157
6159
6163
6165
6169
6173
6177
6180
6183
6188
6191
6195
6198
6201
6203
6206
6209
6213
6216
6219
6223
6227
6231
6235
6239
6243
6245
6247
6250
6255
6258
6262
6265
6269
6273
6277
6280
6284
6286
6290
6293
6297
6299
6302
6306
6311
6314
6318
6322
6325
6329
6332
6337
6340
6343
6347
6350
6353
6357
6360
6364
6367
6370
6374
6377
6379
6383
6387
6390
6394
6398
6401
6405
6408
6411
6415
6418
6423
6426
6430
6434
6438
6441
6444
6448
6452
6455
6458
6462
6466
6470
6474
6477
6480
6484
6487
6490
6493
6497
6500
6504
6508
6512
6516
6519
6523
6527
6531
6535
6538
6542
6545
6549
6553
6556
6561
6564
6568
6572
6577
6579
6583
6588
6592
6597
6601
6604
6607
6610
6614
6617
6621
6624
6628
6632
6636
6639
6642
6646
6648
6650
6654
6658
6663
6667
6671
6674
6678
6682
6686
6690
6693
6696
6700
6703
6708
6711
6714
6718
6722
6726
6730
6734
6738
6741
6745
6748
6751
6755
6758
6761
6764
6769
6773
6777
6781
6785
6790
6794
6797
6800
6803
6806
6811
6814
6819
6822
6827
6831
6835
6839
6843
6848
6852
6856
6860
6864
6869
6873
6877
6881
6885
6888
6892
6896
6899
6903
6907
6912
6916
6920
6923
6928
6933
6936
6941
6944
6947
6952
6956
6959
6964
6967
6971
6974
6977
6983
6987
6991
6993
6997
7001
7006
7010
7014
7018
7022
7026
7031
7035
7040
7043
7046
7050
7054
7058
7062
7066
7071
7075
7079
7083
7087
7091
7095
7099
7103
7108
7112
7115
7119
7125
7129
7134
7138
7143
7147
7152
7154
7158
7162
7167
7170
7175
7179
7183
7187
7191
7196
7200
7204
7208
7212
7215
7219
7224
7227
7231
7236
7240
7244
7248
7254
7258
7262
7266
7269
7274
7277
7282
7287
7292
7295
7299
7302
7306
7310
7314
7319
7323
7326
7332
7335
7338
7342
7347
7350
7355
7358
7362
7365
7370
7374
7378
7382
7385
7390
7395
7399
7403
7407
7411
7415
7420
7424
7428
7431
7433
7438
7442
7446
7450
7454
7458
7460
7465
7469
7474
7476
7481
7485
7490
7494
7498
7502
7508
7512
7515
7520
7525
7529
7534
7537
7542
7544
7549
7554
7558
7562
7566
7570
7574
7579
7583
7587
7588
7592
7595
7600
7605
7610
7613
7617
7621
7625
7628
7632
7635
7640
7644
7649
7652
7657
7661
7664
7670
7675
7678
7682
7684
7687
7691
7695
7700
7704
7709
7713
7718
7722
7727
7730
7734
7738
7741
7745
7750
7754
7757
7761
7764
7768
7771
7776
7781
7784
7788
7793
7798
7803
7807
7811
7816
7821
7825
7830
7834
7840
7845
7850
7854
7859
7864
7868
7872
7875
7878
7881
7886
7891
7896
7901
7904
7908
7910
7915
7921
7926
7931
7936
7940
7945
7950
7956
7959
7964
7967
7972
7978
7982
7988
7993
7998
8003
8008
8012
8015
8019
8023
8027
8031
8035
8039
8045
8048
8053
8059
8063
8066
8071
8075
8081
8084
8090
8094
8098
8102
8107
8111
8116
8120
8124
8129
8133
8139
8144
8149
8153
8157
8162
8167
8172
8176
8180
8185
8191
8196
8201
8207
8211
8216
8220
8224
8228
8234
8237
8242
8246
8251
8257
8261
8265
8270
8274
8278
8284
8288
8292
8296
8302
8307
8309
8314
8318
8321
8327
8330
8335
8340
8345
8351
8355
8358
8362
8367
8372
8376
8383
8387
8392
8396
8401
8405
8410
8415
8421
8426
8430
8435
8439
8444
8450
8454
8459
8465
8469
8473
8478
8484
8488
8493
8497
8501
8506
8511
8515
8520
8525
8530
8535
8540
8545
8550
8555
8561
8567
8572
8576
8582
8588
8592
8597
8601
8606
8612
8617
8622
8627
8632
8637
8642
8648
8653
8658
8662
8667
8673
8678
8685
8689
8694
8698
8702
8707
8711
8716
8722
8727
8731
8737
8743
8747
8752
8758
8764
8769
8775
8781
8786
8793
8798
8804
8809
8814
8819
8824
8829
8831
8838
8842
8845
8849
8854
8860
8864
8870
8875
8881
8887
8893
8899
8904
8908
8914
8918
8922
8928
8935
8940
8948
8952
8958
8962
8966
8973
8977
8983
8986
8992
8998
9003
9008
9014
9020
9025
9031
9036
9041
9046
9053
9057
9063
9068
9074
9082
9086
9090
9094
9099
9104
9111
9117
9123
9127
9131
9136
9143
9150
9154
9159
9164
9168
9173
9180
9185
9190
9195
9200
9205
9211
9217
9223
9228
9233
9238
9244
9248
9254
9260
9266
9271
9276
9280
9286
9290
9296
9302
9307
9313
9318
9323
9329
9335
9341
9347
9354
9359
9364
9369
9375
9380
9386
9392
9397
9402
9407
9411
9417
9425
9431
9437
9443
9448
9453
9459
9463
9469
9473
9479
9488
9490
9496
9501
9507
9511
9517
9523
9529
9533
9538
9543
9551
9556
9562
9566
9573
9578
9581
9588
9593
9598
9602
9606
9611
9617
9624
9629
9635
9639
9645
9649
9655
9660
9668
9674
9679
9687
9691
9697
9702
9707
9713
9719
9725
9731
9735
9740
9746
9752
9756
9761
9766
9770
9775
9783
9788
9793
9799
9805
9808
9814
9820
9827
9833
9838
9845
9850
9856
9862
9867
9872
9878
9883
9889
9894
9899
9903
9909
9914
9918
9924
9930
9937
9944
9951
9958
9965
9971
9976
9982
9988
9994
10000
10009
10016
10021
10026
10032
10037
10042
10048
10053
10058
10064
10069
10075
10081
10088
10095
10103
10109
10114
10122
10128
10133
10139
10144
10148
10156
10162
10166
10172
10179
10185
10190
10196
10204
10208
10214
10221
10225
10232
10237
10243
10249
10253
10259
10267
10273
10279
10284
10290
10297
10301
10308
10313
10320
10325
10330
10337
10344
10350
10356
10362
10368
10375
10382
10388
10393
10398
10405
10411
10416
10421
10429
10436
10441
10449
10456
10463
10469
10474
10479
10485
10491
10497
10506
10514
10520
10526
10533
10540
10546
10551
10556
10563
10570
10578
10584
10591
10597
10603
10609
10616
10621
10627
10634
10639
10645
10649
10656
10663
10668
10675
10680
10687
10692
10697
10704
10711
10718
10725
10730
10736
10741
10746
10752
10759
10766
10772
10778
10786
10794
10800
10806
10813
10820
10828
10834
10839
10846
10854
10860
10866
10873
10877
10883
10888
10894
10900
10906
10911
10917
10924
10930
10935
10942
10946
10951
10958
10963
10967
10973
10977
10982
10991
10998
11006
11013
11021
11031
11038
11044
11051
11056
11062
11067
11074
11077
11083
11089
11095
11101
11108
11114
11121
11129
11135
11142
11146
11151
11158
11165
11171
11177
11185
11191
11194
11200
11205
11211
11219
11226
11233
11240
11247
11252
11256
11262
11268
11273
11279
11287
11294
11302
11309
11317
11325
11331
11337
11340
11347
11352
11359
11365
11370
11379
11386
11391
11400
11407
11413
11418
11426
11432
11440
11446
11454
11460
11467
11474
11481
11484
11490
11497
11503
11512
11518
11525
11532
11537
11544
11552
11558
11564
11570
11576
11582
11589
11595
11601
11607
11614
11620
11626
11632
11638
11648
11657
11663
11672
11676
11683
11690
11699
11707
11715
11721
11729
11735
11741
11748
11754
11761
11769
11775
11779
11783
11791
11797
11806
11813
11822
11830
11837
11843
11849
11857
11865
11869
11875
11881
11890
11895
11901
11909
11916
11921
11928
11936
11939
11948
11955
11962
11970
11976
11984
11992
11997
12006
12016
12022
12028
12035
12045
12052
12058
12064
12070
12077
12083
12090
12095
12102
12110
12119
12124
12129
12135
12142
12150
12157
12166
12174
12180
12186
12191
12197
12205
12214
12220
12229
12237
12245
12252
12259
12267
12275
12283
12289
12299
12306
12311
12317
12324
12330
12338
12346
12355
12363
12369
12375
12382
12388
12398
12406
12412
12420
12430
12437
12445
12453
12459
12469
12478
12487
12492
12500
12506
12511
12519
12524
12533
12541
12548
12556
12564
12572
12580
12588
12594
12602
12610
12617
12624
12633
12639
12644
12649
12657
12667
12675
12683
12690
12700
12709
12716
12723
12731
12738
12747
12754
12760
12767
12776
12785
12794
12803
12811
12820
12826
12836
12843
12852
12858
12867
12874
12884
12891
12898
12907
12915
12925
12932
12939
12947
12953
12960
12971
12979
12987
12995
13004
13014
13017
13027
13035
13045
13054
13064
13072
13081
13091
13100
13108
13114
13122
13131
13139
13148
13155
13165
13175
13182
13192
13200
13208
13216
13224
13233
13239
13247
13255
13264
13271
13280
13289
13296
13303
13311
13319
13327
13334
13342
13349
13359
13366
13377
13386
13396
13404
13415
13424
13429
13437
13445
13455
13463
13469
13476
13486
13492
13499
13509
13518
13527
13536
13542
13549
13559
13566
13574
13584
13592
13601
13610
13618
13630
13638
13647
13656
13666
13677
13685
13693
13699
13707
13717
13726
13731
13739
13748
13758
13767
13775
13782
13792
13801
13810
13818
13827
13838
13847
13861
13868
13878
13887
13895
13903
13913
13920
13930
13939
13946
13953
13961
13971
13981
13989
13998
14007
14016
14024
14028
14035
14045
14053
14062
14070
14079
14089
14097
14105
14116
14124
14132
14144
14155
14165
14172
14183
14192
14200
14208
14215
14226
14234
14243
14254
14265
14274
14284
14291
14298
14305
14315
14322
14334
14341
14351
14360
14371
14380
14390
14398
14410
14419
14427
14434
14444
14452
14461
14469
14479
14486
14498
14509
14519
14529
14538
14548
14559
14566
14575
14586
14593
14601
14605
14612
14622
14632
14640
14650
14658
14667
14678
14685
14693
14705
14713
14718
14727
14732
14741
14750
14761
14773
14782
14792
14801
14810
14819
14828
14835
14847
14859
14867
14878
14890
14900
14908
14918
14931
14937
14945
14957
14965
14973
14984
14992
15004
15016
15024
15033
15043
15054
15061
15071
15080
15089
15100
15109
15118
15126
15135
15147
15155
15164
15178
15188
15196
15204
15214
15226
15236
15243
15254
15262
15272
15281
15290
15301
15306
15316
15327
15338
15349
15359
15372
15381
15388
15398
15409
15419
15425
15436
15447
15458
15469
15480
15489
15497
15506
15518
15526
15537
15547
15556
15566
15578
15589
15600
15610
15622
15631
15640
15651
15661
15674
15686
15698
15707
15717
15728
15738
15747
15756
15768
15776
15786
15789
15799
15808
15821
15830
15839
15847
15854
15864
15874
15883
15896
15907
15918
15931
15938
15949
15960
15972
15982
15991
16001
16012
16022
16034
16043
16052
16061
16069
16080
16092
16101
16109
16119
16131
16140
16148
16158
16171
16183
16197
16204
16216
16227
16236
16246
16256
16266
16279
16290
16298
16307
16318
16325
16335
16348
16359
16368
16378
16391
16404
16414
16423
16434
16441
16451
16461
16470
16482
16494
16506
16520
16532
16542
16554
16565
16576
16587
16599
16613
16623
16637
16647
16656
16672
16687
16696
16709
16719
16732
16743
16753
16762
16774
16787
16794
16803
16815
16824
16832
16839
16848
16863
16870
16881
16898
16910
16922
16934
16947
16961
16972
16985
16995
17006
17016
17029
17040
17048
17059
17070
17079
17091
17102
17111
17122
17133
17147
17160
17170
17183
17195
17203
17214
17223
17234
17242
17254
17266
17277
17283
17298
17310
17321
17332
17342
17353
17363
17374
17382
17393
17402
17412
17425
17434
17446
17456
17466
17480
17490
17503
17516
17527
17540
17551
17562
17575
17587
17601
17612
17621
17634
17645
17654
17665
17675
17686
17699
17710
17722
17734
17748
17761
17774
17788
17799
17810
17822
17832
17841
17850
17860
17868
17881
17894
17903
17915
17928
17937
17947
17957
17970
17984
17993
18006
18020
18031
18044
18053
18065
18075
18090
18102
18117
18126
18132
18143
18151
18161
18175
18187
18199
18210
18221
18235
18249
18261
18272
18285
18294
18307
18320
18332
18344
18357
18369
18384
18395
18411
18420
18429
18438
18448
18461
18474
18483
18497
18512
18523
18537
18547
18558
18572
18588
18601
18615
18627
18643
18655
18665
18680
18695
18706
18721
18736
18749
18764
18778
18792
18804
18820
18833
18846
18863
18875
18889
18900
18914
18928
18942
18957
18968
18982
18995
19008
19019
19027
19037
19049
19061
19074
19089
19100
19115
19125
19138
19152
19161
19172
19182
19198
19212
19225
19238
19249
19263
19275
19284
19295
19309
19325
19334
19348
19359
19371
19386
19398
19406
19422
19437
19454
19467
19485
19498
19512
19522
19539
19552
19566
19579
19592
19605
19619
19632
19648
19663
19673
19687
19701
19714
19730
19742
19755
19771
19783
19801
19818
19832
19848
19860
19872
19884
19898
19913
19926
19943
19959
19973
19985
19998
20012
20025
20036
20042
20058
20069
20082
20095
20108
20124
20140
20153
20169
20183
20193
20213
20226
20240
20257
20271
20289
20301
20311
20322
20325
20342
20357
20371
20387
20399
20409
20424
20438
20450
20460
20470
20480
20489
20501
20511
20526
20542
20557
20572
20584
20591
20604
20621
20631
20644
20659
20672
20683
20699
20712
20726
20737
20747
20766
20778
20796
20810
20825
20841
20854
20864
20879
20897
20913
20932
20945
20958
20971
20987
21000
21015
21029
21047
21063
21082
21098
21111
21124
21139
21156
21171
21183
21198
21210
21225
21235
21252
21267
21282
21295
21311
21326
21341
21353
21370
21386
21400
21412
21425
21443
21457
21469
21482
21493
21509
21527
21539
21552
21566
21583
21595
21609
21622
21633
21650
21663
21677
21690
21704
21721
21734
21755
21770
21785
21799
21817
21836
21849
21865
21879
21890
21908
21921
21934
21950
21967
21986
21991
22004
22024
22035
22053
22069
22089
22102
22115
22132
22146
22166
22186
22203
22216
22234
22250
22266
22281
22293
22312
22326
22340
22352
22370
22386
22402
22418
22436
22449
22460
22471
22488
22507
22520
22533
22545
22560
22574
22590
22606
22624
22643
22659
22673
22687
22706
22722
22737
22751
22769
22784
22798
22812
22838
22854
22870
22884
22898
22912
22922
22939
22955
22970
22988
23004
23015
23028
23046
23063
23078
23085
23101
23115
23134
23154
23170
23189
23204
23220
23231
23246
23262
23277
23298
23317
23333
23349
23367
23384
23401
23424
23442
23457
23464
23483
23495
23513
23530
23548
23567
23585
23599
23621
23642
23661
23678
23697
23717
23732
23749
23771
23789
23810
23827
23848
23863
23879
23897
23914
23936
23950
23966
23982
23998
24016
24037
24053
24066
24079
24103
24118
24138
24165
24181
24201
24220
24242
24259
24266
24283
24302
24317
24330
24347
24360
24376
24394
24416
24437
24453
24471
24491
24505
24525
24540
24556
24578
24597
24613
24630
24646
24662
24681
24700
24718
24734
24750
24764
24787
24813
24833
24850
24867
24888
24901
24923
24944
24961
24983
25006
25022
25039
25051
25070
25091
25113
25143
25163
25177
25197
25214
25236
25251
25265
25285
25304
25321
25339
25358
25376
25400
25413
25435
25452
25467
25485
25507
25525
25545
25563
25585
25604
25621
25639
25655
25672
25694
25714
25734
25757
25775
25795
25818
25835
25851
25868
25898
25919
25938
25955
25973
25994
26014
26028
26044
26061
26082
26101
26117
26135
26155
26171
26184
26201
26213
26232
26252
26276
26299
26315
26327
26342
26362
26378
26395
26416
26435
26454
26477
26500
26518
26534
26552
26572
26590
26609
26631
26649
26673
26688
26708
26725
26745
26766
26784
26801
26821
26839
26853
26869
26882
26907
26927
26952
26971
26993
27018
27037
27058
27077
27095
27117
27140
27164
27180
27202
27222
27244
27266
27288
27311
27332
27353
27372
27393
27415
27430
27452
27475
27501
27520
27546
27566
27584
27608
27628
27655
27678
27701
27724
27747
27774
27800
27821
27846
27866
27889
27913
27936
27950
27971
27993
28012
28027
28046
28067
28087
28109
28135
28159
28182
28208
28226
28247
28268
28293
28314
28338
28351
28376
28395
28418
28443
28462
28484
28506
28525
28539
28557
28570
28592
28617
28644
28669
28689
28711
28730
28744
28770
28794
28817
28847
28875
28895
28916
28936
28959
28987
29001
29024
29044
29060
29078
29106
29135
29153
29175
29189
29210
29233
29256
29274
29299
29312
29332
29341
29365
29386
29412
29430
29452
29478
29504
29533
29555
29576
29598
29618
29636
29656
29673
29688
29709
29732
29760
29786
29800
29821
29838
29861
29882
29901
29929
29954
29973
29999
30027
30049
30073
30098
30124
30148
30164
30185
30207
30230
30248
30274
30302
30327
30350
30370
30395
30427
30448
30474
30499
30518
30544
30568
30587
30612
30643
30663
30685
30718
30744
30771
30798
30821
30843
30865
30886
30912
30940
30964
30989
31019
31044
31061
31083
31113
31137
31158
31180
31207
31224
31251
31284
31304
31324
31355
31377
31404
31416
31434
31455
31485
31510
31539
31564
31592
31622
31652
31680
31714
31746
31775
31797
31826
31851
31873
31891
31916
31936
31956
31976
31997
32033
32055
32082
32113
32139
32169
32197
32216
32238
32259
32285
32312
32340
32364
32389
32414
32441
32461
32485
32505
32519
32544
32575
32596
32629
32653
32684
32718
32746
32780
32793
32817
32838
32870
32902
32929
32954
32979
33005
33036
33062
33088
33107
33128
33159
33189
33214
33246
33277
33302
33326
33351
33376
33403
33424
33449
33476
33502
33537
33568
33596
33623
33650
33686
33710
33736
33753
33794
33823
33847
33874
33890
33917
33945
33975
34011
34037
34050
34079
34103
34127
34149
34182
34215
34243
34268
34283
34315
34345
34372
34406
34434
34445
34478
34501
34523
34554
34585
34612
34634
34658
34684
34705
34724
34759
34790
34819
34852
34871
34908
34926
34956
34983
35009
35038
35069
35101
35132
35171
35195
35225
35250
35290
35311
35330
35349
35373
35405
35429
35459
35497
35523
35556
35585
35614
35639
35660
35690
35722
35753
35788
35820
35844
35877
35902
35927
35961
35982
36020
36043
36072
36103
36139
36161
36190
36204
36231
36263
36286
36311
36333
36363
36388
36423
36453
36492
36528
36558
36593
36630
36658
36687
36717
36750
36778
36811
36846
36872
36904
36934
36969
36994
37018
37047
37080
37119
37158
37194
37227
37263
37297
37324
37360
37390
37425
37456
37495
37526
37548
37575
37603
37638
37667
37693
37725
37768
37792
37834
37864
37901
37936
37966
37997
38025
38057
38093
38122
38159
38196
38234
38264
38292
38326
38364
38399
38426
38457
38499
38527
38550
38585
38616
38648
38675
38716
38746
38781
38804
38839
38860
38900
38910
38950
38991
39030
39064
39093
39126
39128
39150
39185
39215
39242
39272
39312
39339
39375
39407
39447
39487
39532
39566
39598
39625
39669
39706
39746
39779
39810
39841
39880
39909
39948
39976
40011
40038
40074
40105
40138
40173
40215
40247
40281
40310
40347
40383
40418
40438
40472
40506
40536
40566
40598
40628
40662
40674
40709
40744
40782
40812
40849
40881
40909
40928
40963
41008
41041
41080
41109
41161
41193
41215
41251
41281
41301
41341
41376
41420
41456
41496
41525
41559
41582
41623
41653
41696
41728
41775
41807
41844
41881
41912
41950
41999
42026
42060
42104
42137
42175
42211
42256
42297
42332
42370
42399
42436
42467
42496
42533
42569
42600
42626
42667
42709
42745
42793
42825
42863
42899
42943
42989
43029
43073
43109
43151
43180
43219
43252
43288
43327
43372
43418
43454
43499
43534
43577
43612
43655
43690
43737
43773
43806
43842
43881
43921
43963
44016
44055
44077
44114
44150
44174
44208
44241
44278
44322
44357
44392
44427
44462
44496
44540
44578
44612
44654
44687
44722
44760
44800
44842
44879
44921
44967
45008
45042
45084
45134
45174
45215
45253
45297
45334
45373
45406
45445
45478
45485
45526
45555
45594
45631
45657
45691
45738
45785
45811
45864
45889
45945
45967
46010
46043
46084
46127
46170
46199
46247
46292
46334
46381
46423
46473
46519
46561
46609
46647
46696
46738
46785
46814
46865
46910
46946
46981
47028
47077
47115
47169
47213
47252
47294
47334
47373
47413
47440
47487
47543
47582
47624
47664
47674
47722
47764
47809
47845
47888
47928
47966
48001
48039
48088
48131
48181
48221
48264
48297
48343
48383
48442
48483
48538
48598
48631
48674
48719
48751
48801
48844
48892
48944
48986
49030
49080
49128
49168
49210
49259
49297
49330
49376
49418
49459
49502
49545
49583
49627
49680
49723
49774
49824
49868
49899
49953
50000
50000
50000
50000
50000
50000
50000
50000
50000
50000
50000
50000
50000
50000
50000
50000
50000
50000
50000
50000
50000
50000
50000
50000
50000
50000
50000
50000
50000
50000
50000
50000
50000
50000
50000
50000
50000
50000
50000
50000
50000
50000
50000
50000
50000
50000
50000
50000
50000
50000
50000
50000
50000
50000
50000
50000
50000
50000
50000
50000
50000
50000
50000
50000
50000
50000
50000
50000
50000
50000
50000
50000
50000
50000
50000
50000
50000
50000
50000
50000
50000
50000
50000
50000
50000
50000
50000
50000
50000
50000
50000
50000
50000
50000
50000
50000
50000
50000
50000
50000
50000
50000
50000
50000
50000
50000
50000
50000
50000
50000
50000
50000
50000
50000
50000
50000
50000
50000
50000
50000
50000
50000
50000
50000
50000
50000
50000
50000
50000
50000
50000
50000
50000
50000
50000
50000
50000
50000
50000
50000
50000
50000
50000
50000
50000
50000
50000
50000
50000
50000
50000
50000
50000
50000
50000
50000
50000
50000
50000
50000
50000
50000
50000
50000
50000
50000
50000
50000
50000
50000
50000
50000
50000
50000
50000
50000
50000
50000
50000
50000
50000
50000
50000
50000
50000
50000
50000
50000
50000
50000
50000
50000
50000
50000
50000
50000
50000
50000
50000
50000
50000
50000
50000
50000
50000
50000
50000
50000
50000
50000
50000
50000
50000
50000
50000
50000
50000
50000
50000
50000
50000
50000
50000
50000
50000
50000
50000
50000
50000
50000
50000
50000
50000
50000
50000
50000
50000
50000
50000
50000
50000
50000
50000
50000
50000
50000
50000
50000
50000
50000
50000
50000
50000
50000
50000
50000
50000
50000
50000
50000
50000
50000
50000
50000
50000
50000
50000
50000
50000
50000
50000
50000
50000
50000
50000
50000
50000
50000
50000
50000
50000
50000
50000
50000
50000
50000
50000
50000
50000
50000
50000
50000
50000
50000
50000
50000
50000
50000
50000
50000
50000
50000
50000
50000
50000
50000
50000
50000
50000
50000
50000
50000
50000
50000
50000
50000
50000
50000
50000
50000
50000
50000
50000
50000
50000
50000
50000
50000
50000
50000
50000
50000
50000
50000
50000
50000
50000
50000
50000
50000
50000
50000
50000
50000
50000
50000
50000
50000
50000
50000
50000
50000
50000
50000
50000
50000
50000
50000
50000
50000
50000
50000
50000
50000
50000
50000
50000
50000
50000
50000
50000
50000
50000
50000
50000
50000
50000
50000
50000
50000
50000
50000
50000
50000
50000
50000
50000
50000
50000
50000
50000
50000
50000
50000
50000
50000
50000
50000
50000
50000
50000
50000
50000
50000
50000
50000
50000
50000
50000
50000
50000
50000
50000
50000
50000
50000
50000
50000
50000
50000
50000
50000
50000
50000
50000
50000
50000
50000
50000
50000
50000
50000
50000
50000
50000
50000
50000
50000
50000
50000
50000
50000
50000
50000
50000
50000
50000
50000
50000
50000
50000
50000
50000
50000
50000
50000
50000
50000
50000
50000
50000
50000
50000
50000
50000
50000
50000
50000
50000
50000
50000
50000
50000
50000
50000
50000
50000
50000
50000
50000
50000
50000
50000
50000
50000
50000
50000
50000
50000
50000
50000
50000
50000
50000
50000
50000
50000
50000
50000
50000
50000
50000
50000
50000
50000
50000
50000
50000
50000
50000
50000
50000
50000
50000
50000
50000
50000
50000
50000
50000
50000
50000
50000
50000
50000
50000
50000
50000
50000
50000
50000
50000
50000
50000
50000
50000
50000
50000
50000
50000
50000
50000
50000
50000
50000
50000
50000
50000
50000
50000
50000
50000
50000
50000
50000
50000
50000
50000
50000
50000
50000
50000
50000
50000
50000
50000
50000
50000
50000
50000
50000
50000
50000
50000
50000
50000
50000
50000
50000
50000
50000
50000
50000
50000
50000
50000
50000
50000
50000
50000
50000
50000
50000
50000
50000
50000
50000
50000
50000
50000
50000
50000
50000
50000
50000
50000
50000
50000
50000
50000
50000
50000
50000
50000
50000
50000
50000
50000
50000
50000
50000
50000
50000
50000
50000
50000
50000
50000
50000
50000
50000
50000
50000
50000
50000
50000
50000
50000
50000
50000
50000
50000
50000
50000
50000
50000
50000
50000
50000
50000
50000
50000
50000
50000
50000
50000
50000
50000
50000
50000
50000
50000
50000
50000
50000
50000
50000
50000
50000
50000
50000
50000
50000
50000
50000
50000
50000
50000
50000
50000
50000
50000
50000
50000
50000
50000
50000
50000
50000
50000
50000
50000
50000
50000
50000
50000
50000
50000
50000
50000
50000
50000
50000
50000
50000
50000
50000
50000
50000
50000
50000
50000
50000
50000
50000
50000
50000
50000
50000
50000
50000
50000
50000
50000
50000
50000
50000
50000
50000
50000
50000
50000
50000
50000
50000
50000
50000
50000
50000
50000
50000
50000
50000
50000
50000
50000
50000
50000
50000
50000
50000
50000
50000
50000
50000
50000
50000
50000
50000
50000
50000
50000
50000
50000
50000
50000
50000
50000
50000
50000
50000
50000
50000
50000
50000
50000
50000
50000
50000
50000
50000
50000
50000
50000
50000
50000
50000
50000
50000
50000
50000
50000
50000
50000
50000
50000
50000
50000
50000
50000
50000
50000
50000
50000
50000
50000
50000
50000
50000
50000
50000
50000
50000
50000
50000
50000
50000
50000
50000
50000
50000
50000
50000
50000
50000
50000
50000
50000
50000
50000
50000
50000
50000
50000
50000
50000
50000
50000
50000
50000
50000
50000
50000
50000
50000
50000
50000
50000
50000
50000
50000
50000
50000
50000
50000
50000
50000
50000
50000
50000
50000
50000
50000
50000
50000
50000
50000
50000
50000
50000
50000
50000
50000
50000
50000
50000
50000
50000
50000
50000
50000
50000
50000
50000
50000
50000
50000
50000
50000
50000
50000
50000
50000
50000
50000
50000
50000
50000
50000
50000
50000
50000
50000
50000
50000
50000
50000
50000
50000
50000
50000
50000
50000
50000
50000
50000
50000
50000
50000
50000
50000
50000
50000
50000
50000
50000
50000
50000
50000
50000
50000
50000
50000
50000
50000
50000
50000
50000
50000
50000
50000
50000
50000
50000
50000
50000
50000
50000
50000
50000
50000
50000
50000
50000
50000
50000
50000
50000
50000
50000
50000
50000
50000
50000
50000
50000
50000
50000
50000
50000
50000
50000
50000
50000
50000
50000
50000
50000
50000
50000
50000
50000
50000
50000
50000
50000
50000
50000
50000
50000
50000
50000
50000
50000
50000
50000
50000
50000
50000
50000
50000
50000
50000
50000
50000
50000
50000
50000
50000
50000
50000
50000
50000
50000
50000
50000
50000
50000
50000
50000
50000
50000
50000
50000
50000
50000
50000
50000
50000
50000
50000
50000
50000
50000
50000
50000
50000
50000
50000
50000
50000
50000
50000
50000
50000
50000
50000
50000
50000
50000
50000
50000
50000
50000
50000
50000
50000
50000
50000
50000
50000
50000
50000
50000
50000
50000
50000
50000
50000
50000
50000
50000
50000
50000
50000
50000
50000
50000
50000
50000
50000
50000
50000
50000
50000
50000
50000
50000
50000
50000
50000
50000
50000
50000
50000
50000
50000
50000
50000
50000
50000
50000
50000
50000
50000
50000
50000
50000
50000
50000
50000
50000
50000
50000
50000
50000
50000
50000
50000
50000
50000
50000
50000
50000
50000
50000
50000
50000
50000
50000
50000
50000
50000
50000
50000
50000
50000
50000
50000
50000
50000
50000
50000
50000
50000
50000
50000
50000
50000
50000
50000
50000
50000
50000
50000
50000
50000
50000
50000
50000
50000
50000
50000
50000
50000
50000
50000
50000
50000
50000
50000
50000
50000
50000
50000
50000
50000
50000
50000
50000
50000
50000
50000
50000
50000
50000
50000
50000
50000
50000
50000
50000
50000
50000
50000
50000
50000
50000
50000
50000
50000
50000
50000
50000
50000
50000
50000
50000
50000
50000
50000
50000
50000
50000
50000
50000
50000
50000
50000
50000
50000
50000
50000
50000
50000
50000
50000
50000
50000
50000
50000
50000
50000
50000
50000
50000
50000
50000
50000
50000
50000
50000
50000
50000
50000
50000
50000
50000
50000
50000
50000
50000
50000
50000
50000
50000
50000
50000
50000
50000
50000
50000
50000
50000
50000
50000
50000
50000
50000
50000
50000
50000
50000
50000
50000
50000
50000
50000
50000
50000
50000
50000
50000
50000
50000
50000
50000
50000
50000
50000
50000
50000
50000
50000
50000
50000
50000
50000
50000
50000
50000
50000
50000
50000
50000
50000
50000
50000
50000
50000
50000
50000
50000
50000
50000
50000
50000
50000
50000
50000
50000
50000
50000
50000
50000
50000
50000
50000
50000
50000
50000
50000
50000
50000
50000
50000
50000
50000
50000
50000
50000
50000
50000
50000
50000
50000
50000
50000
50000
50000
50000
50000
50000
50000
50000
50000
50000
50000
50000
50000
50000
50000
50000
50000
50000
50000
50000
50000
50000
50000
50000
50000
50000
50000
50000
50000
50000
50000
50000
50000
50000
50000
50000
50000
50000
50000
50000
50000
50000
50000
50000
50000
50000
50000
50000
50000
50000
50000
50000
50000
50000
50000
50000
50000
50000
50000
50000
50000
50000
50000
50000
50000
50000
50000
50000
50000
50000
50000
50000
50000
50000
50000
50000
50000
50000
50000
50000
50000
50000
50000
50000
50000
50000
50000
50000
50000
50000
50000
50000
50000
50000
50000
50000
50000
50000
50000
50000
50000
50000
50000
50000
50000
50000
50000
50000
50000
50000
50000
50000
50000
50000
50000
50000
50000
50000
50000
50000
50000
50000
50000
50000
50000
50000
50000
50000
50000
50000
50000
50000
50000
50000
50000
50000
50000
50000
50000
50000
50000
50000
50000
50000
50000
50000
50000
50000
50000
50000
50000
50000
50000
50000
50000
50000
50000
50000
50000
50000
50000
50000
50000
50000
50000
50000
50000
50000
50000
50000
50000
50000
50000
50000
50000
50000
50000
50000
50000
50000
50000
50000
50000
50000
50000
50000
50000
50000
50000
50000
50000
50000
50000
50000
50000
50000
50000
50000
50000
50000
50000
50000
50000
50000
50000
50000
50000
50000
50000
50000
50000
50000
50000
50000
50000
50000
50000
50000
50000
50000
50000
50000
50000
50000
50000
50000
50000
50000
50000
50000
50000
50000
50000
50000
50000
50000
50000
50000
50000
50000
50000
50000
50000
50000
50000
