1.3
1.7
1.9
2.0
2.2
2.3
2.4
2.5
2.6
2.7
2.8
2.9
3.0
3.0
3.1
3.2
3.3
3.3
3.4
3.5
3.5
3.6
3.7
3.8
3.8
3.9
4.0
4.0
4.1
4.1
4.2
4.3
4.4
4.4
4.5
4.6
4.6
4.7
4.8
4.8
4.9
5.0
5.0
5.1
5.2
5.2
5.3
5.4
5.4
5.5
5.6
5.6
5.7
5.7
5.8
5.9
6.0
6.0
6.1
6.2
6.3
6.3
6.4
6.5
6.5
6.6
6.7
6.7
6.8
6.9
6.9
7.0
7.0
7.1
7.2
7.3
7.3
7.4
7.4
7.5
7.6
7.6
7.7
7.8
7.9
8.0
8.0
8.1
8.2
8.2
8.3
8.4
8.4
8.5
8.6
8.6
8.7
8.8
8.9
8.9
9.0
9.1
9.1
9.2
9.3
9.4
9.4
9.5
9.6
9.6
9.7
9.8
9.9
9.9
10.0
10.1
10.2
10.2
10.3
10.4
10.4
10.5
10.6
10.6
10.7
10.8
10.9
10.9
11.0
11.1
11.1
11.2
11.3
11.3
11.4
11.5
11.6
11.6
11.7
11.8
11.9
11.9
12.0
12.1
12.1
12.2
12.3
12.4
12.4
12.5
12.6
12.7
12.8
12.8
12.9
13.0
13.1
13.2
13.2
13.3
13.4
13.4
13.5
13.6
13.7
13.7
13.8
13.9
14.0
14.1
14.1
14.2
14.3
14.4
14.5
14.6
14.7
14.8
14.9
14.9
15.0
15.1
15.2
15.2
15.3
15.4
15.5
15.6
15.7
15.7
15.8
15.9
16.0
16.1
16.1
16.2
16.3
16.4
16.5
16.6
16.6
16.7
16.8
16.9
17.0
17.1
17.2
17.2
17.3
17.4
17.5
17.6
17.7
17.8
17.9
17.9
18.0
18.1
18.2
18.3
18.3
18.4
18.5
18.6
18.7
18.8
18.9
19.0
19.1
19.2
19.3
19.4
19.4
19.5
19.6
19.7
19.8
19.9
20.0
20.0
20.1
20.2
20.3
20.4
20.5
20.5
20.6
20.7
20.8
20.9
21.0
21.1
21.2
21.3
21.4
21.5
21.6
21.6
21.7
21.9
21.9
22.0
22.1
22.2
22.3
22.4
22.5
22.6
22.7
22.7
22.8
22.9
23.0
23.1
23.2
23.3
23.4
23.5
23.6
23.7
23.8
23.9
24.0
24.1
24.2
24.3
24.4
24.5
24.6
24.7
24.8
24.9
25.0
25.1
25.2
25.3
25.4
25.5
25.6
25.7
25.8
25.9
26.0
26.1
26.1
26.2
26.3
26.4
26.5
26.6
26.7
26.8
26.9
27.0
27.1
27.2
27.3
27.4
27.5
27.6
27.7
27.8
27.9
28.0
28.1
28.2
28.3
28.4
28.5
28.6
28.7
28.8
28.9
29.0
29.1
29.2
29.3
29.4
29.5
29.6
29.7
29.8
29.9
30.0
30.1
30.2
30.3
30.4
30.5
30.6
30.7
30.9
30.9
31.1
31.2
31.3
31.4
31.5
31.6
31.7
31.8
31.9
32.0
32.1
32.2
32.4
32.4
32.6
32.7
32.8
32.8
33.0
33.1
33.2
33.3
33.4
33.5
33.6
33.8
33.9
34.0
34.1
34.2
34.3
34.4
34.6
34.7
34.8
34.9
35.0
35.1
35.2
35.3
35.5
35.6
35.7
35.8
35.9
36.0
36.1
36.2
36.4
36.5
36.6
36.7
36.8
36.9
37.0
37.1
37.2
37.3
37.4
37.6
37.7
37.8
37.9
38.0
38.1
38.3
38.4
38.5
38.6
38.8
38.9
39.0
39.1
39.2
39.3
39.5
39.6
39.7
39.8
40.0
40.1
40.2
40.3
40.4
40.5
40.6
40.8
40.9
41.0
41.1
41.2
41.4
41.5
41.6
41.7
41.8
42.0
42.1
42.2
42.3
42.4
42.6
42.7
42.8
42.9
43.1
43.2
43.3
43.4
43.5
43.7
43.8
44.0
44.1
44.2
44.4
44.5
44.6
44.7
44.8
45.0
45.1
45.2
45.3
45.4
45.6
45.7
45.8
45.9
46.0
46.2
46.3
46.4
46.6
46.7
46.8
46.9
47.0
47.2
47.3
47.5
47.6
47.8
47.9
48.0
48.1
48.2
48.3
48.4
48.5
48.6
48.8
48.9
49.0
49.1
49.3
49.4
49.6
49.7
49.8
50.0
50.1
50.2
50.3
50.5
50.6
50.7
50.8
50.9
51.1
51.2
51.3
51.4
51.6
51.7
51.8
51.9
52.1
52.2
52.3
52.5
52.6
52.8
52.9
53.0
53.2
53.3
53.5
53.6
53.8
53.9
54.1
54.2
54.4
54.5
54.6
54.8
54.9
55.0
55.1
55.3
55.4
55.6
55.7
55.8
55.9
56.0
56.2
56.3
56.5
56.6
56.8
56.9
57.0
57.2
57.3
57.5
57.6
57.8
58.0
58.1
58.3
58.4
58.5
58.7
58.8
58.9
59.0
59.2
59.3
59.4
59.5
59.7
59.8
60.0
60.1
60.2
60.4
60.5
60.7
60.8
60.9
61.1
61.3
61.4
61.5
61.7
61.8
61.9
62.1
62.2
62.4
62.5
62.7
62.9
63.0
63.1
63.3
63.5
63.7
63.8
63.9
64.1
64.2
64.4
64.5
64.6
64.8
64.9
65.1
65.2
65.3
65.5
65.6
65.8
65.9
66.1
66.2
66.4
66.5
66.7
66.9
67.0
67.2
67.3
67.5
67.6
67.8
68.0
68.1
68.2
68.4
68.5
68.7
68.8
68.9
69.1
69.3
69.5
69.6
69.7
69.9
70.0
70.2
70.4
70.5
70.7
70.8
71.0
71.1
71.3
71.4
71.6
71.7
71.9
72.0
72.2
72.3
72.5
72.7
72.8
73.0
73.1
73.3
73.4
73.5
73.7
73.8
74.0
74.2
74.3
74.5
74.7
74.9
75.0
75.2
75.4
75.5
75.7
75.8
76.0
76.1
76.3
76.4
76.6
76.7
76.8
77.0
77.2
77.3
77.5
77.6
77.7
77.9
78.1
78.2
78.3
78.5
78.6
78.8
78.9
79.1
79.2
79.4
79.6
79.7
79.8
80.0
80.2
80.3
80.5
80.7
80.8
81.0
81.2
81.3
81.4
81.6
81.7
81.9
82.0
82.2
82.3
82.5
82.7
82.9
83.1
83.3
83.4
83.6
83.7
83.9
84.0
84.2
84.4
84.6
84.8
84.9
85.1
85.3
85.5
85.6
85.8
85.9
86.1
86.3
86.4
86.6
86.8
87.0
87.2
87.4
87.6
87.8
87.9
88.0
88.2
88.4
88.6
88.7
88.9
89.1
89.2
89.4
89.6
89.8
89.9
90.1
90.3
90.5
90.7
90.9
91.1
91.2
91.4
91.5
91.7
91.9
92.2
92.3
92.5
92.7
92.8
93.0
93.2
93.3
93.5
93.7
93.8
94.0
94.1
94.3
94.5
94.6
94.8
95.0
95.2
95.4
95.5
95.7
95.9
96.1
96.3
96.5
96.6
96.8
97.0
97.2
97.4
97.5
97.7
97.9
98.0
98.2
98.4
98.6
98.8
98.9
99.1
99.4
99.6
99.8
100.0
100.2
100.3
100.5
100.7
100.8
101.0
101.2
101.5
101.7
101.9
102.1
102.3
102.5
102.6
102.9
103.1
103.2
103.4
103.6
103.8
104.0
104.2
104.4
104.6
104.7
104.9
105.1
105.3
105.5
105.8
106.0
106.2
106.3
106.5
106.6
106.8
107.0
107.3
107.5
107.7
107.9
108.0
108.2
108.4
108.6
108.7
109.0
109.2
109.4
109.6
109.7
110.0
110.2
110.4
110.5
110.7
110.8
111.0
111.2
111.5
111.6
111.8
112.0
112.3
112.5
112.7
112.8
113.0
113.2
113.4
113.6
113.8
114.0
114.2
114.4
114.6
114.8
115.0
115.2
115.4
115.6
115.7
115.9
116.2
116.4
116.6
116.8
117.0
117.2
117.4
117.6
117.8
117.9
118.2
118.4
118.6
118.8
119.0
119.2
119.4
119.6
119.8
120.0
120.2
120.4
120.6
120.8
121.0
121.2
121.5
121.7
121.8
122.1
122.3
122.5
122.7
122.9
123.1
123.3
123.4
123.6
123.8
124.0
124.2
124.3
124.5
124.7
124.9
125.1
125.3
125.6
125.7
125.9
126.1
126.4
126.6
126.8
127.0
127.2
127.4
127.6
127.8
128.1
128.2
128.4
128.6
128.9
129.1
129.2
129.4
129.6
129.8
130.0
130.2
130.4
130.6
130.9
131.1
131.3
131.5
131.7
131.9
132.1
132.3
132.5
132.8
133.0
133.2
133.4
133.6
133.8
134.0
134.2
134.4
134.6
134.8
135.0
135.2
135.4
135.6
135.8
136.0
136.3
136.5
136.7
136.9
137.1
137.4
137.6
137.8
138.0
138.2
138.4
138.6
138.8
139.0
139.2
139.5
139.7
139.9
140.2
140.4
140.6
140.8
141.0
141.2
141.4
141.6
141.8
141.9
142.2
142.4
142.6
142.8
143.0
143.2
143.4
143.6
143.9
144.1
144.3
144.5
144.8
145.1
145.2
145.5
145.7
145.8
146.1
146.3
146.6
146.8
147.1
147.3
147.5
147.8
148.0
148.2
148.4
148.6
148.8
148.9
149.1
149.4
149.6
149.7
149.9
150.1
150.4
150.6
150.8
151.0
151.2
151.5
151.7
152.0
152.2
152.4
152.7
152.9
153.2
153.4
153.7
153.9
154.1
154.3
154.6
154.8
155.0
155.2
155.4
155.7
155.9
156.1
156.3
156.6
156.8
157.0
157.3
157.5
157.8
158.1
158.3
158.6
158.8
159.1
159.3
159.5
159.7
159.9
160.2
160.4
160.7
160.9
161.2
161.4
161.6
161.8
162.1
162.3
162.5
162.8
163.1
163.4
163.6
163.9
164.2
164.4
164.7
165.0
165.2
165.5
165.7
165.9
166.2
166.4
166.6
166.9
167.2
167.5
167.7
168.0
168.2
168.5
168.8
169.1
169.3
169.5
169.8
170.0
170.2
170.5
170.8
171.0
171.3
171.5
171.8
172.0
172.2
172.5
172.7
172.9
173.2
173.4
173.6
173.9
174.1
174.4
174.7
174.9
175.1
175.4
175.6
175.8
176.1
176.3
176.5
176.7
177.0
177.3
177.6
177.8
178.0
178.3
178.5
178.8
179.0
179.3
179.4
179.7
179.9
180.1
180.3
180.5
180.8
181.0
181.3
181.6
181.8
182.0
182.3
182.4
182.6
182.9
183.2
183.4
183.6
183.9
184.1
184.4
184.6
184.8
185.1
185.4
185.6
185.8
186.1
186.3
186.5
186.8
187.1
187.3
187.6
187.9
188.1
188.4
188.6
188.7
189.0
189.2
189.5
189.8
190.0
190.2
190.4
190.6
190.9
191.1
191.4
191.7
192.0
192.2
192.4
192.6
192.9
193.1
193.3
193.6
193.8
194.1
194.3
194.6
194.9
195.2
195.4
195.6
195.9
196.2
196.4
196.7
196.9
197.2
197.5
197.7
197.9
198.2
198.4
198.7
199.0
199.3
199.5
199.8
200.1
200.4
200.6
200.9
201.2
201.5
201.7
202.0
202.2
202.5
202.7
203.0
203.3
203.5
203.8
204.1
204.3
204.6
204.8
205.0
205.3
205.5
205.8
206.1
206.3
206.6
206.8
207.1
207.3
207.6
207.8
208.1
208.4
208.6
208.9
209.1
209.4
209.7
209.9
210.1
210.4
210.7
211.1
211.4
211.7
211.9
212.2
212.5
212.7
213.0
213.3
213.5
213.8
214.1
214.4
214.7
215.0
215.3
215.6
216.0
216.2
216.5
216.8
217.1
217.4
217.7
217.9
218.2
218.4
218.7
219.0
219.2
219.5
219.9
220.2
220.4
220.7
221.0
221.2
221.5
221.8
222.1
222.3
222.6
222.9
223.1
223.4
223.6
223.9
224.2
224.4
224.6
224.9
225.2
225.4
225.7
226.0
226.3
226.6
226.8
227.1
227.4
227.7
228.1
228.3
228.6
228.9
229.2
229.5
229.8
230.1
230.3
230.6
230.9
231.2
231.5
231.8
232.2
232.5
232.7
233.0
233.2
233.5
233.8
234.1
234.4
234.6
235.0
235.2
235.4
235.7
236.0
236.3
236.6
236.9
237.2
237.6
237.9
238.2
238.5
238.7
239.1
239.4
239.7
240.0
240.3
240.6
240.9
241.2
241.4
241.7
242.0
242.3
242.6
242.9
243.1
243.5
243.8
244.1
244.3
244.6
244.9
245.1
245.4
245.6
246.0
246.3
246.5
246.8
247.2
247.4
247.7
248.0
248.3
248.6
248.8
249.1
249.4
249.7
250.0
250.3
250.6
250.8
251.0
251.4
251.6
251.9
252.3
252.5
252.8
253.1
253.5
253.8
254.1
254.3
254.7
255.1
255.3
255.6
255.9
256.3
256.5
256.8
257.1
257.3
257.6
257.9
258.3
258.6
258.9
259.2
259.5
259.8
260.1
260.4
260.8
261.0
261.3
261.6
261.9
262.2
262.5
262.9
263.2
263.5
263.8
264.2
264.4
264.8
265.1
265.4
265.6
265.9
266.3
266.6
266.8
267.1
267.4
267.7
268.0
268.3
268.6
269.0
269.3
269.6
269.9
270.3
270.6
270.9
271.2
271.5
271.8
272.1
272.4
272.7
273.0
273.4
273.8
274.1
274.3
274.6
274.9
275.2
275.5
275.9
276.2
276.5
276.8
277.1
277.4
277.6
277.9
278.3
278.6
278.8
279.1
279.5
279.9
280.2
280.5
280.8
281.1
281.5
281.8
282.1
282.4
282.8
283.1
283.5
283.8
284.0
284.4
284.8
285.1
285.5
285.8
286.1
286.5
286.9
287.1
287.5
287.9
288.2
288.6
288.9
289.3
289.6
290.0
290.4
290.8
291.0
291.3
291.6
291.9
292.2
292.5
292.8
293.1
293.5
293.8
294.1
294.3
294.7
295.0
295.3
295.7
296.0
296.3
296.6
297.0
297.3
297.5
297.9
298.3
298.6
298.9
299.2
299.5
300.0
300.2
300.5
300.9
301.2
301.5
301.8
302.2
302.5
302.8
303.1
303.4
303.8
304.1
304.4
304.7
305.0
305.3
305.6
306.0
306.3
306.7
307.0
307.3
307.7
308.1
308.4
308.7
309.0
309.3
309.6
310.1
310.5
310.8
311.1
311.5
311.8
312.1
312.5
312.8
313.1
313.4
313.7
314.0
314.4
314.7
315.0
315.3
315.5
315.8
316.2
316.5
316.9
317.3
317.6
318.0
318.3
318.6
318.8
319.1
319.5
319.8
320.2
320.5
320.8
321.3
321.6
322.0
322.4
322.8
323.3
323.6
324.0
324.2
324.5
324.9
325.2
325.6
325.9
326.4
326.7
327.0
327.4
327.7
328.0
328.3
328.6
329.0
329.2
329.6
330.0
330.3
330.7
331.1
331.3
331.7
332.0
332.3
332.6
332.9
333.2
333.6
333.9
334.4
334.8
335.1
335.5
335.8
336.0
336.4
336.7
337.1
337.4
337.8
338.2
338.7
339.1
339.4
339.9
340.3
340.6
340.9
341.2
341.6
341.9
342.2
342.6
342.9
343.3
343.6
344.0
344.3
344.7
345.1
345.4
345.8
346.2
346.5
346.8
347.0
347.4
347.8
348.1
348.5
348.9
349.3
349.6
349.9
350.2
350.6
351.0
351.4
351.7
352.0
352.4
352.9
353.3
353.6
354.0
354.4
354.8
355.0
355.4
355.7
356.0
356.5
356.8
357.1
357.5
357.8
358.1
358.5
358.8
359.1
359.6
360.0
360.3
360.7
361.1
361.4
361.8
362.1
362.5
362.8
363.1
363.5
363.8
364.1
364.4
364.8
365.1
365.5
365.9
366.2
366.7
367.0
367.4
367.8
368.1
368.5
368.9
369.3
369.7
370.1
370.5
370.8
371.2
371.7
372.0
372.3
372.8
373.2
373.5
373.9
374.4
374.7
375.1
375.4
375.7
376.0
376.4
376.8
377.1
377.6
378.0
378.4
378.7
379.1
379.5
379.9
380.3
380.6
381.0
381.4
381.8
382.2
382.6
382.9
383.2
383.6
384.0
384.5
384.8
385.2
385.5
385.9
386.3
386.7
386.9
387.3
387.8
388.3
388.7
389.0
389.5
389.9
390.3
390.7
391.2
391.5
391.8
392.2
392.5
392.9
393.3
393.8
394.2
394.5
394.9
395.3
395.6
396.0
396.4
396.8
397.2
397.5
397.9
398.3
398.6
398.9
399.4
399.7
400.2
400.6
401.1
401.3
401.6
402.1
402.6
403.0
403.5
403.9
404.3
404.6
405.0
405.5
405.8
406.2
406.6
406.9
407.2
407.7
408.0
408.4
408.7
409.2
409.6
410.1
410.5
410.9
411.2
411.7
412.1
412.4
412.8
413.3
413.6
414.0
414.4
414.8
415.3
415.6
415.9
416.3
416.6
417.0
417.3
417.7
418.1
418.4
419.0
419.4
419.8
420.2
420.5
420.9
421.3
421.7
422.2
422.6
423.0
423.4
423.8
424.1
424.4
424.9
425.3
425.7
426.2
426.5
426.9
427.3
427.7
428.1
428.5
428.8
429.2
429.7
430.0
430.5
430.9
431.3
431.6
432.0
432.4
432.8
433.3
433.7
434.1
434.4
434.9
435.3
435.8
436.3
436.8
437.3
437.8
438.2
438.6
439.0
439.5
439.8
440.2
440.6
441.0
441.4
441.9
442.3
442.7
443.1
443.4
443.8
444.3
444.7
445.1
445.6
446.0
446.4
446.9
447.3
447.8
448.1
448.6
449.0
449.5
449.9
450.3
450.8
451.1
451.5
452.0
452.3
452.7
453.1
453.4
453.8
454.2
454.7
455.1
455.4
455.8
456.2
456.6
457.0
457.5
457.9
458.4
458.8
459.2
459.6
460.0
460.5
460.9
461.3
461.7
462.1
462.5
462.9
463.4
463.7
464.2
464.7
465.2
465.7
466.0
466.5
467.0
467.4
467.9
468.4
468.8
469.3
469.7
470.2
470.6
471.0
471.6
471.9
472.3
472.7
473.1
473.6
473.9
474.4
474.7
475.1
475.4
475.8
476.2
476.6
477.1
477.5
477.9
478.4
478.8
479.3
479.7
480.2
480.6
481.1
481.5
482.0
482.5
482.9
483.3
483.6
484.1
484.5
484.9
485.3
486.0
486.4
486.8
487.1
487.6
488.0
488.6
489.1
489.5
489.8
490.2
490.7
491.1
491.6
492.0
492.5
492.9
493.3
493.8
494.3
494.7
495.2
495.6
496.0
496.4
496.8
497.2
497.6
498.0
498.4
498.8
499.4
499.8
500.2
500.5
501.0
501.5
501.8
502.3
502.8
503.1
503.5
504.0
504.4
504.8
505.3
505.8
506.2
506.6
507.1
507.5
508.0
508.5
508.9
509.3
509.9
510.5
510.9
511.4
511.9
512.4
512.9
513.4
513.7
514.3
514.7
515.0
515.4
515.9
516.3
516.8
517.1
517.6
518.0
518.4
518.9
519.3
519.8
520.3
520.8
521.1
521.5
521.9
522.3
523.0
523.4
523.8
524.2
524.7
525.2
525.7
526.1
526.6
527.0
527.5
527.9
528.4
529.0
529.5
530.0
530.3
530.8
531.2
531.7
532.3
532.7
533.3
533.7
534.3
534.8
535.3
535.7
536.1
536.5
536.8
537.3
537.9
538.3
538.7
539.1
539.5
540.0
540.4
540.8
541.2
541.7
542.2
542.7
543.1
543.6
544.1
544.6
545.1
545.5
545.9
546.4
546.9
547.3
547.7
548.2
548.6
549.2
549.7
550.2
550.6
551.1
551.6
552.0
552.4
552.9
553.2
553.7
554.1
554.5
555.0
555.4
555.9
556.3
556.8
557.3
557.9
558.3
558.9
559.4
559.8
560.2
560.6
561.0
561.5
562.0
562.5
562.9
563.4
563.9
564.4
564.9
565.5
566.2
566.8
567.3
567.8
568.3
568.7
569.1
569.6
570.1
570.5
571.0
571.5
572.1
572.7
573.2
573.8
574.2
574.7
575.2
575.7
576.2
576.8
577.2
577.6
578.0
578.6
579.1
579.5
580.0
580.4
580.9
581.3
581.9
582.4
582.9
583.3
583.8
584.2
584.7
585.1
585.7
586.1
586.7
587.2
587.7
588.2
588.7
589.1
589.6
590.0
590.5
591.1
591.6
592.1
592.5
593.1
593.5
594.1
594.6
595.1
595.5
596.0
596.5
596.9
597.5
598.0
598.4
598.9
599.5
600.0
600.5
601.3
601.9
602.4
602.9
603.3
603.8
604.2
604.7
605.1
605.7
606.1
606.5
607.1
607.6
608.0
608.4
608.9
609.4
610.0
610.5
611.1
611.7
612.3
612.8
613.3
613.8
614.3
614.8
615.2
615.7
616.1
616.6
617.2
617.6
618.3
618.9
619.3
619.9
620.5
620.9
621.3
621.8
622.3
622.8
623.3
623.9
624.4
624.9
625.4
625.9
626.5
627.0
627.4
628.0
628.6
629.1
629.6
630.0
630.6
631.1
631.5
631.9
632.4
633.0
633.5
634.0
634.6
635.1
635.7
636.2
636.7
637.2
637.6
638.1
638.7
639.1
639.5
640.0
640.6
641.0
641.4
641.9
642.5
643.0
643.5
644.0
644.5
644.9
645.5
646.1
646.6
647.1
647.7
648.3
648.7
649.1
649.6
650.2
650.8
651.3
652.0
652.7
653.2
653.8
654.3
654.7
655.3
655.8
656.4
657.1
657.6
658.2
658.7
659.3
659.8
660.4
660.8
661.3
661.7
662.3
662.8
663.3
663.9
664.4
665.0
665.4
666.0
666.5
667.1
667.5
667.9
668.4
668.9
669.4
670.0
670.5
671.0
671.5
672.1
672.5
673.1
673.5
674.0
674.5
675.0
675.6
676.2
676.7
677.2
677.7
678.2
678.7
679.2
679.8
680.4
680.9
681.4
682.0
682.5
682.9
683.4
684.0
684.5
685.1
685.5
686.0
686.6
687.2
687.8
688.6
689.0
689.6
690.2
690.6
691.1
691.7
692.3
692.6
693.3
693.7
694.3
695.0
695.5
696.0
696.6
697.3
697.8
698.4
698.9
699.4
700.0
700.6
701.1
701.6
702.2
702.7
703.2
703.8
704.3
705.0
705.4
706.1
706.6
707.1
707.7
708.2
708.8
709.3
709.8
710.3
710.8
711.6
712.2
712.6
713.1
713.7
714.3
714.8
715.3
715.9
716.5
717.1
717.6
718.3
718.8
719.4
720.1
720.6
721.3
721.9
722.5
723.0
723.6
724.0
724.7
725.3
725.8
726.3
726.9
727.4
728.1
728.6
729.2
729.8
730.5
731.1
731.5
732.1
732.6
733.1
733.8
734.3
734.8
735.3
735.9
736.5
736.9
737.6
738.1
738.7
739.2
739.9
740.4
740.9
741.5
742.0
742.7
743.2
743.8
744.4
745.0
745.6
746.2
746.7
747.3
747.8
748.5
749.0
749.5
750.2
750.9
751.4
751.9
752.4
753.0
753.6
754.3
755.0
755.7
756.1
756.8
757.3
757.9
758.5
759.0
759.7
760.1
760.8
761.4
762.0
762.8
763.4
763.9
764.6
765.1
765.7
766.3
766.9
767.5
768.3
768.9
769.6
770.1
770.8
771.3
771.8
772.3
772.9
773.5
774.1
774.7
775.2
775.7
776.4
776.9
777.5
778.1
778.6
779.3
779.9
780.5
781.1
781.6
782.1
782.7
783.2
783.7
784.2
784.8
785.4
786.1
786.7
787.3
787.8
788.5
789.1
789.6
790.0
790.7
791.1
791.7
792.2
792.8
793.3
793.7
794.5
795.1
795.7
796.2
796.7
797.2
797.8
798.5
799.1
799.7
800.2
801.1
801.7
802.2
802.8
803.6
804.2
804.8
805.3
806.0
806.4
807.1
807.7
808.3
808.9
809.4
810.0
810.6
811.2
811.9
812.6
813.1
813.7
814.3
814.8
815.3
815.8
816.5
817.1
817.6
818.3
818.9
819.6
820.1
820.7
821.3
821.9
822.5
823.2
823.9
824.3
824.9
825.6
826.2
826.7
827.4
828.0
828.5
829.1
829.7
830.4
830.9
831.6
832.3
832.8
833.4
834.1
834.9
835.5
836.1
836.6
837.1
837.7
838.2
838.8
839.4
840.0
840.6
841.2
841.6
842.1
842.6
843.2
843.7
844.4
845.0
845.7
846.4
847.0
847.5
848.3
848.8
849.4
850.0
850.6
851.2
851.9
852.5
853.1
853.7
854.3
854.9
855.4
856.0
856.6
857.3
858.0
858.6
859.2
859.8
860.3
860.9
861.4
862.2
862.8
863.2
863.8
864.3
864.9
865.4
866.0
866.7
867.3
868.0
868.5
869.1
869.6
870.3
871.0
871.7
872.2
872.9
873.4
873.9
874.7
875.3
875.9
876.7
877.2
877.9
878.3
879.0
879.5
880.1
880.8
881.3
881.9
882.4
883.1
883.7
884.3
884.9
885.4
886.0
886.7
887.4
888.0
888.6
889.1
889.7
890.4
891.0
891.7
892.4
892.8
893.6
894.2
894.7
895.3
895.9
896.7
897.3
898.0
898.7
899.4
900.0
900.7
901.4
901.9
902.6
903.3
904.0
904.6
905.2
905.9
906.6
907.2
907.8
908.5
909.0
909.9
910.6
911.2
911.8
912.4
913.1
913.7
914.3
914.9
915.6
916.3
917.0
917.7
918.3
919.0
919.5
920.0
920.6
921.3
922.0
922.8
923.5
924.2
924.8
925.6
926.2
926.9
927.5
928.2
928.8
929.5
930.2
930.8
931.3
932.0
932.7
933.3
933.8
934.4
935.2
935.8
936.6
937.1
937.9
938.5
939.3
939.7
940.3
940.9
941.6
942.3
943.1
943.9
944.5
945.0
945.6
946.2
946.8
947.5
948.2
948.8
949.5
950.0
950.7
951.5
952.0
952.6
953.2
953.8
954.6
955.3
955.8
956.6
957.0
957.7
958.4
959.0
959.7
960.2
961.0
961.7
962.4
963.0
963.6
964.4
965.0
965.6
966.2
966.8
967.4
968.1
968.7
969.4
970.1
970.9
971.6
972.4
973.1
973.6
974.3
974.8
975.5
976.1
976.9
977.5
978.2
978.9
979.5
980.3
981.0
981.8
982.4
983.0
983.5
984.2
984.9
985.7
986.3
987.0
987.8
988.4
989.1
989.8
990.4
991.1
991.9
992.4
993.0
993.6
994.3
995.1
995.8
996.5
997.3
998.1
998.7
999.2
999.7
1000.4
1001.0
1001.8
1002.4
1003.2
1003.8
1004.6
1005.2
1005.9
1006.7
1007.4
1008.1
1008.8
1009.3
1009.9
1010.7
1011.5
1012.4
1013.0
1013.8
1014.4
1015.2
1015.9
1016.6
1017.3
1018.1
1018.7
1019.4
1020.1
1020.7
1021.4
1022.2
1022.8
1023.5
1024.3
1025.0
1025.8
1026.6
1027.2
1027.9
1028.6
1029.3
1030.0
1030.7
1031.3
1032.1
1032.9
1033.6
1034.2
1035.0
1035.5
1036.2
1036.8
1037.7
1038.4
1039.2
1039.9
1040.7
1041.3
1042.1
1042.7
1043.4
1044.2
1045.0
1045.6
1046.5
1047.1
1047.8
1048.4
1049.1
1049.9
1050.7
1051.3
1052.0
1052.7
1053.5
1054.3
1055.1
1055.8
1056.6
1057.2
1057.9
1058.6
1059.4
1059.9
1060.4
1061.1
1061.8
1062.4
1063.0
1063.8
1064.6
1065.3
1066.0
1066.6
1067.5
1067.9
1068.6
1069.5
1070.3
1070.8
1071.6
1072.5
1073.2
1074.0
1074.8
1075.4
1076.2
1076.9
1077.6
1078.2
1078.9
1079.6
1080.4
1081.1
1081.8
1082.5
1083.1
1083.7
1084.4
1085.0
1085.8
1086.4
1087.2
1087.9
1088.7
1089.4
1090.0
1090.6
1091.3
1092.3
1093.0
1093.8
1094.4
1095.1
1095.8
1096.5
1097.2
1098.1
1098.7
1099.5
1100.3
1101.0
1101.6
1102.3
1102.7
1103.4
1104.1
1104.6
1105.3
1105.9
1106.7
1107.3
1108.0
1108.6
1109.4
1110.0
1110.7
1111.4
1112.0
1112.8
1113.5
1114.1
1114.9
1115.6
1116.2
1117.1
1118.1
1119.0
1119.9
1120.7
1121.3
1122.1
1122.9
1123.5
1124.2
1125.0
1125.6
1126.4
1127.2
1127.9
1128.7
1129.4
1130.2
1130.8
1131.5
1132.3
1133.0
1133.8
1134.6
1135.5
1136.1
1137.0
1137.8
1138.5
1139.2
1140.1
1140.8
1141.6
1142.3
1143.2
1144.0
1144.7
1145.5
1146.0
1146.9
1147.8
1148.6
1149.5
1150.2
1150.9
1151.5
1152.2
1152.9
1153.6
1154.4
1155.1
1156.0
1156.8
1157.4
1158.4
1159.1
1159.9
1160.6
1161.3
1162.1
1162.9
1163.7
1164.7
1165.6
1166.2
1167.0
1167.8
1168.5
1169.3
1170.0
1170.8
1171.7
1172.6
1173.1
1173.8
1174.5
1175.1
1175.9
1176.8
1177.5
1178.1
1178.9
1179.6
1180.2
1181.0
1181.5
1182.2
1183.1
1184.1
1184.7
1185.3
1186.0
1186.7
1187.7
1188.5
1189.2
1190.0
1190.7
1191.5
1192.2
1193.0
1193.7
1194.5
1195.2
1195.9
1196.9
1197.6
1198.5
1199.3
1200.1
1200.9
1201.5
1202.2
1202.9
1203.7
1204.4
1205.1
1205.8
1206.7
1207.3
1207.9
1208.7
1209.7
1210.4
1211.0
1211.7
1212.4
1213.2
1214.0
1214.8
1215.4
1216.0
1216.8
1217.5
1218.1
1219.0
1219.6
1220.3
1221.2
1221.9
1222.8
1223.5
1224.4
1225.4
1226.0
1226.7
1227.5
1228.3
1229.0
1229.8
1230.7
1231.3
1232.0
1232.9
1233.6
1234.4
1235.3
1236.0
1236.7
1237.5
1237.9
1238.7
1239.6
1240.3
1241.1
1242.0
1242.8
1243.6
1244.3
1244.9
1245.9
1246.7
1247.5
1248.2
1249.0
1249.9
1250.7
1251.6
1252.4
1253.0
1253.6
1254.3
1255.1
1256.0
1256.6
1257.2
1257.8
1258.7
1259.3
1260.1
1260.7
1261.4
1262.4
1263.1
1263.9
1264.8
1265.5
1266.3
1267.0
1267.8
1268.8
1269.5
1270.3
1271.2
1271.8
1272.4
1273.2
1274.0
1274.7
1275.5
1276.5
1277.2
1278.4
1279.1
1279.8
1280.5
1281.4
1282.0
1282.6
1283.4
1284.2
1284.8
1285.8
1286.5
1287.1
1287.7
1288.3
1289.0
1289.7
1290.6
1291.4
1292.1
1293.0
1293.8
1294.5
1295.2
1296.0
1296.8
1297.5
1298.5
1299.3
1300.3
1301.0
1301.8
1302.6
1303.4
1304.2
1304.9
1305.7
1306.7
1307.3
1308.0
1308.9
1309.8
1310.7
1311.4
1312.2
1313.1
1314.0
1314.7
1315.5
1316.2
1317.0
1317.7
1318.6
1319.4
1320.1
1320.8
1321.4
1322.1
1322.9
1323.8
1324.7
1325.3
1326.1
1327.1
1327.9
1328.6
1329.4
1330.0
1330.8
1331.7
1332.5
1333.3
1334.0
1334.7
1335.6
1336.3
1337.1
1337.9
1338.7
1339.5
1340.3
1341.2
1342.0
1342.8
1343.5
1344.5
1345.4
1346.2
1347.1
1347.8
1348.6
1349.6
1350.4
1351.1
1351.9
1352.6
1353.3
1354.1
1354.9
1355.6
1356.6
1357.6
1358.5
1359.4
1360.3
1361.2
1361.9
1362.7
1363.6
1364.4
1365.1
1365.9
1366.7
1367.5
1368.3
1369.0
1369.8
1370.7
1371.5
1372.3
1373.4
1374.2
1375.1
1376.0
1376.8
1377.5
1378.2
1378.9
1379.6
1380.7
1381.3
1382.2
1383.2
1383.9
1384.7
1385.6
1386.5
1387.2
1388.0
1388.8
1389.5
1390.4
1391.4
1392.1
1393.0
1393.8
1394.5
1395.3
1396.2
1396.9
1397.8
1398.7
1399.6
1400.4
1401.0
1401.9
1402.9
1403.8
1404.7
1405.5
1406.5
1407.5
1408.5
1409.2
1410.3
1411.2
1412.1
1413.0
1413.8
1414.6
1415.6
1416.7
1417.5
1418.3
1419.4
1420.3
1421.1
1422.1
1422.7
1423.4
1424.4
1425.0
1425.7
1426.4
1427.2
1427.9
1428.7
1429.3
1430.2
1431.0
1431.6
1432.5
1433.5
1434.4
1435.1
1435.9
1436.9
1437.9
1438.7
1439.5
1440.4
1441.2
1441.8
1442.6
1443.7
1444.3
1445.2
1446.0
1446.9
1447.9
1448.6
1449.6
1450.5
1451.3
1452.2
1452.9
1454.0
1454.8
1456.0
1456.9
1457.7
1458.5
1459.2
1460.0
1460.7
1461.4
1462.2
1463.1
1464.0
1465.0
1466.0
1466.7
1467.7
1468.8
1469.7
1470.5
1471.4
1472.2
1473.0
1473.9
1474.6
1475.4
1476.2
1477.0
1477.8
1478.8
1479.8
1480.7
1481.8
1482.7
1483.6
1484.4
1485.2
1486.0
1486.9
1487.9
1488.7
1489.5
1490.2
1491.0
1491.7
1492.6
1493.3
1493.9
1494.9
1495.7
1496.6
1497.5
1498.6
1499.4
1500.6
1501.4
1502.0
1502.7
1503.5
1504.4
1505.1
1505.9
1506.9
1507.7
1508.5
1509.2
1510.0
1510.8
1511.6
1512.3
1513.2
1514.6
1515.3
1516.2
1517.2
1518.0
1519.0
1520.0
1520.8
1521.7
1522.7
1523.5
1524.3
1525.3
1526.2
1527.2
1528.1
1529.2
1530.1
1531.1
1531.8
1532.5
1533.3
1534.2
1535.0
1535.9
1536.7
1537.7
1538.7
1539.5
1540.4
1541.2
1542.2
1543.1
1543.8
1544.6
1545.3
1546.2
1547.1
1547.9
1548.7
1549.7
1550.4
1551.3
1552.0
1553.1
1554.0
1554.8
1555.6
1556.4
1557.4
1558.5
1559.3
1560.3
1561.2
1562.1
1562.8
1563.5
1564.4
1565.3
1566.2
1567.0
1568.0
1569.0
1569.9
1570.7
1571.6
1572.4
1573.2
1574.3
1575.0
1576.2
1577.0
1577.7
1578.6
1579.6
1580.6
1581.7
1582.7
1583.5
1584.5
1585.4
1586.6
1587.7
1588.3
1589.3
1590.1
1590.8
1591.7
1592.5
1593.6
1594.7
1595.6
1596.7
1597.5
1598.3
1599.1
1600.1
1600.9
1601.8
1602.7
1603.6
1604.4
1605.5
1606.8
1607.9
1608.8
1609.9
1610.8
1611.8
1612.8
1613.9
1614.8
1615.7
1616.4
1617.5
1618.4
1619.2
1620.3
1621.1
1621.9
1622.6
1623.6
1624.5
1625.5
1626.4
1627.4
1628.4
1629.4
1630.4
1631.2
1632.2
1633.2
1634.2
1635.2
1636.1
1637.2
1638.0
1638.9
1639.6
1640.7
1641.6
1642.4
1643.2
1644.0
1644.8
1645.7
1646.7
1647.7
1648.6
1649.6
1650.7
1651.4
1652.4
1653.3
1654.2
1655.0
1655.9
1656.7
1657.6
1658.4
1659.3
1660.3
1661.2
1662.1
1663.1
1664.3
1665.3
1666.1
1667.1
1667.9
1668.7
1669.6
1670.6
1671.4
1672.3
1673.0
1674.1
1675.0
1675.9
1676.8
1677.7
1678.5
1679.4
1680.3
1681.6
1682.8
1683.8
1684.8
1685.6
1686.5
1687.7
1688.7
1689.7
1690.6
1691.6
1692.3
1693.3
1694.1
1695.2
1696.1
1696.9
1697.7
1698.8
1699.7
1700.6
1701.9
1702.7
1703.6
1704.6
1705.6
1706.4
1707.2
1708.2
1709.2
1710.2
1711.1
1712.3
1713.2
1714.3
1715.3
1716.2
1717.2
1718.2
1719.0
1720.0
1720.9
1721.9
1723.2
1724.3
1725.3
1726.4
1727.4
1728.4
1729.5
1730.5
1731.5
1732.3
1733.7
1734.7
1735.6
1736.6
1737.6
1738.6
1739.7
1741.0
1742.0
1743.2
1744.2
1745.4
1746.3
1747.2
1748.3
1749.3
1750.2
1751.5
1752.3
1753.4
1754.5
1755.3
1756.5
1757.3
1758.3
1759.3
1760.5
1762.1
1763.1
1764.4
1765.2
1766.3
1767.3
1768.5
1769.5
1770.5
1771.4
1772.4
1773.5
1774.6
1775.6
1776.6
1777.5
1778.4
1779.5
1780.7
1781.7
1782.7
1783.8
1784.8
1785.9
1787.1
1788.0
1789.1
1790.1
1791.1
1791.9
1792.8
1793.7
1794.6
1795.6
1796.8
1797.7
1798.9
1799.9
1800.9
1801.8
1803.0
1803.7
1804.8
1805.6
1806.5
1807.3
1808.4
1809.5
1810.5
1811.4
1812.5
1813.3
1814.3
1815.2
1816.4
1817.4
1818.5
1819.3
1820.1
1821.4
1822.5
1823.6
1824.4
1825.2
1826.0
1827.1
1828.0
1829.0
1829.9
1830.8
1831.6
1832.5
1833.6
1834.6
1835.9
1836.8
1837.9
1838.9
1839.6
1840.5
1841.5
1842.6
1843.7
1844.7
1845.6
1846.6
1847.8
1848.7
1849.8
1850.7
1851.7
1852.7
1853.8
1855.2
1856.5
1857.5
1858.4
1859.4
1860.8
1861.8
1862.9
1864.0
1864.8
1865.9
1866.9
1868.1
1869.4
1870.5
1871.5
1872.4
1873.4
1874.2
1875.2
1876.2
1877.2
1878.1
1879.3
1880.4
1881.5
1882.5
1883.4
1884.3
1885.5
1886.7
1888.0
1888.9
1890.0
1890.9
1891.9
1892.9
1893.7
1894.6
1895.5
1896.6
1897.6
1898.8
1899.6
1900.6
1901.8
1902.9
1904.2
1905.3
1906.4
1907.4
1908.6
1909.7
1910.8
1912.0
1913.2
1914.3
1915.3
1916.4
1917.6
1918.7
1919.6
1920.4
1921.6
1922.8
1923.9
1925.0
1926.0
1927.3
1928.3
1929.4
1930.4
1931.3
1932.4
1933.2
1934.2
1934.9
1936.1
1937.5
1938.9
1939.8
1940.6
1941.6
1942.8
1943.7
1944.7
1945.7
1946.7
1947.6
1948.8
1949.7
1950.5
1951.8
1952.6
1953.5
1954.5
1955.5
1956.6
1957.5
1958.5
1959.4
1960.6
1961.9
1963.0
1964.1
1965.4
1966.6
1967.7
1968.7
1969.6
1970.7
1971.6
1972.5
1973.6
1974.6
1975.9
1977.0
1978.1
1979.2
1980.1
1981.2
1982.3
1983.3
1984.2
1985.2
1986.2
1987.3
1988.4
1989.7
1990.6
1991.5
1992.9
1993.9
1995.0
1995.9
1997.1
1997.9
1998.9
1999.9
2000.8
2001.6
2002.7
2004.0
2005.1
2006.1
2007.0
2008.0
2008.8
2009.9
2011.1
2012.1
2013.2
2014.0
2015.0
2016.3
2017.4
2018.4
2019.3
2020.4
2021.6
2022.7
2023.6
2024.8
2025.8
2027.1
2028.0
2029.1
2030.3
2031.5
2032.4
2033.6
2034.6
2035.7
2036.7
2038.0
2038.9
2040.2
2041.2
2042.1
2043.2
2044.1
2045.1
2046.0
2047.1
2048.3
2049.4
2050.7
2051.7
2053.1
2054.0
2055.2
2056.4
2057.2
2058.3
2059.4
2060.9
2061.8
2063.0
2064.2
2065.0
2066.3
2067.4
2068.6
2069.7
2070.9
2072.2
2073.0
2074.1
2075.1
2076.5
2077.6
2078.7
2079.8
2081.0
2082.2
2083.3
2084.4
2085.7
2086.8
2087.8
2088.9
2090.0
2091.2
2092.3
2093.2
2094.3
2095.4
2096.3
2097.5
2098.3
2099.1
2100.4
2101.2
2102.2
2103.3
2104.6
2105.8
2107.1
2108.1
2109.3
2110.4
2111.5
2112.7
2113.8
2115.0
2116.2
2117.3
2118.5
2119.7
2120.6
2121.7
2122.8
2124.0
2125.3
2126.4
2127.3
2128.5
2129.7
2131.3
2132.2
2133.3
2134.5
2135.6
2136.5
2137.8
2138.8
2139.7
2140.6
2141.7
2143.0
2143.9
2144.8
2145.7
2147.2
2148.2
2149.5
2150.8
2152.0
2153.1
2154.1
2155.2
2156.4
2157.6
2158.4
2159.4
2160.4
2161.5
2162.7
2163.9
2165.0
2166.0
2166.8
2167.8
2168.7
2169.8
2170.9
2172.2
2173.4
2174.9
2175.9
2177.2
2178.7
2180.0
2181.0
2182.3
2183.5
2184.8
2185.9
2187.3
2189.0
2190.6
2191.5
2192.5
2193.8
2195.1
2195.9
2196.9
2198.1
2199.1
2200.2
2201.5
2202.9
2204.4
2205.4
2206.4
2207.5
2208.7
2210.2
2211.2
2212.5
2213.8
2215.0
2216.0
2217.4
2218.4
2219.5
2220.4
2221.4
2222.4
2223.6
2224.7
2225.9
2227.0
2228.0
2228.8
2229.9
2231.2
2232.2
2233.5
2234.6
2235.9
2237.0
2238.2
2239.2
2240.3
2241.3
2242.4
2243.4
2244.2
2245.2
2246.1
2247.2
2248.3
2249.5
2250.6
2251.4
2252.7
2253.9
2254.7
2256.2
2257.3
2258.5
2259.8
2260.9
2262.4
2263.3
2264.3
2265.5
2266.6
2267.6
2268.8
2269.9
2271.1
2272.2
2273.2
2274.3
2275.4
2276.7
2277.8
2279.0
2279.9
2281.1
2282.3
2283.5
2284.6
2285.7
2287.0
2288.1
2289.5
2290.4
2291.6
2292.9
2294.6
2295.8
2297.1
2298.7
2299.7
2300.9
2301.9
2303.0
2304.0
2305.2
2306.3
2307.8
2308.8
2309.9
2311.1
2312.3
2313.6
2314.9
2316.1
2317.6
2319.1
2320.2
2321.2
2322.4
2324.0
2325.2
2326.4
2327.6
2328.9
2329.9
2331.3
2332.3
2333.3
2334.9
2335.9
2337.1
2338.0
2339.4
2340.6
2342.0
2343.3
2344.5
2345.9
2347.0
2348.2
2349.2
2350.4
2351.4
2352.5
2353.6
2354.9
2356.2
2357.0
2358.1
2358.9
2360.0
2361.1
2362.8
2364.0
2365.1
2366.5
2367.5
2368.9
2370.1
2371.2
2372.4
2373.4
2374.6
2376.1
2377.4
2378.6
2379.8
2381.0
2382.0
2383.2
2384.1
2385.5
2386.7
2388.0
2389.2
2390.1
2391.0
2392.5
2393.6
2394.7
2395.8
2396.9
2398.0
2399.3
2400.5
2402.0
2403.3
2404.6
2405.9
2407.3
2408.4
2409.3
2410.4
2411.4
2412.9
2414.5
2415.7
2416.8
2418.1
2419.3
2420.5
2421.7
2422.9
2424.2
2425.5
2426.8
2427.8
2429.1
2430.4
2431.6
2433.2
2434.6
2436.2
2437.3
2438.6
2439.7
2441.0
2442.2
2443.7
2444.8
2446.1
2447.0
2448.5
2449.9
2451.0
2452.2
2453.5
2454.5
2455.7
2457.1
2458.4
2459.6
2461.0
2462.4
2463.5
2464.7
2465.8
2467.0
2468.3
2469.9
2471.3
2472.5
2473.7
2474.9
2476.1
2477.5
2478.8
2480.1
2481.2
2482.4
2483.7
2485.0
2486.3
2487.6
2489.0
2490.4
2491.6
2492.7
2494.7
2495.8
2497.0
2498.0
2499.3
2500.6
2501.7
2502.8
2504.2
2505.2
2506.3
2507.8
2509.3
2510.7
2511.9
2513.2
2514.4
2515.7
2516.7
2517.6
2518.8
2520.3
2521.9
2523.3
2524.9
2526.1
2527.5
2528.6
2529.7
2530.8
2532.0
2533.2
2534.5
2535.6
2536.6
2537.9
2539.6
2541.1
2542.4
2543.3
2544.4
2545.9
2547.3
2548.6
2550.1
2551.4
2552.7
2554.1
2555.1
2556.6
2558.0
2559.4
2560.8
2561.8
2562.8
2564.3
2565.6
2566.6
2567.8
2569.1
2570.4
2571.5
2572.7
2573.5
2574.9
2576.1
2577.3
2578.5
2579.6
2580.7
2582.0
2583.1
2584.3
2585.6
2587.0
2588.3
2589.3
2590.7
2591.7
2592.8
2594.0
2595.1
2596.6
2597.9
2599.3
2600.5
2601.6
2603.2
2604.5
2605.9
2607.1
2608.6
2609.9
2611.3
2612.9
2614.2
2615.7
2616.8
2618.4
2619.5
2620.7
2622.1
2623.1
2624.3
2626.0
2627.6
2629.1
2630.6
2632.0
2633.4
2634.8
2636.3
2637.9
2639.0
2640.6
2642.0
2643.4
2644.8
2646.0
2647.2
2648.6
2650.1
2651.6
2653.1
2654.5
2655.9
2657.3
2658.5
2659.7
2661.2
2662.6
2664.1
2665.4
2666.9
2668.1
2669.3
2670.7
2672.1
2673.4
2674.5
2675.6
2677.1
2678.5
2679.8
2681.3
2682.5
2683.6
2684.9
2686.4
2687.8
2689.5
2690.6
2691.9
2693.0
2694.8
2695.8
2697.2
2698.6
2700.0
2701.4
2702.6
2703.9
2705.3
2706.2
2707.8
2708.9
2710.5
2711.8
2713.3
2714.5
2716.0
2717.3
2718.9
2720.4
2721.6
2722.8
2724.5
2725.8
2726.9
2728.1
2729.4
2731.0
2732.3
2733.5
2734.7
2736.2
2737.7
2739.0
2740.2
2741.5
2743.4
2744.8
2746.2
2747.7
2748.9
2750.0
2751.7
2753.3
2755.0
2756.4
2757.7
2759.2
2761.0
2762.2
2763.7
2764.8
2765.9
2767.3
2768.7
2770.1
2771.4
2772.8
2774.5
2775.9
2777.5
2778.9
2780.4
2782.0
2783.5
2784.8
2786.2
2788.0
2789.5
2791.0
2792.0
2793.3
2794.5
2796.0
2797.3
2798.4
2799.5
2801.0
2802.4
2803.5
2805.1
2806.8
2808.2
2809.3
2810.5
2812.1
2813.4
2814.7
2816.1
2817.5
2819.4
2820.7
2822.3
2824.1
2825.5
2827.0
2828.5
2829.9
2831.2
2832.7
2834.2
2835.4
2837.0
2838.3
2839.8
2841.4
2843.0
2844.3
2845.7
2847.1
2848.8
2850.1
2851.8
2853.2
2855.1
2856.9
2857.9
2859.5
2861.1
2862.3
2863.4
2864.9
2866.5
2867.8
2869.2
2870.3
2871.9
2873.1
2874.6
2876.0
2877.9
2879.3
2880.8
2882.4
2884.0
2885.3
2886.7
2888.3
2889.4
2890.5
2891.7
2893.1
2894.4
2895.9
2897.4
2898.7
2900.4
2901.9
2903.2
2904.6
2905.8
2907.1
2908.4
2909.8
2911.4
2912.9
2914.4
2915.5
2917.0
2918.4
2919.9
2921.3
2922.7
2923.7
2924.9
2926.2
2927.8
2929.3
2930.5
2932.1
2933.8
2935.5
2936.8
2938.1
2939.4
2940.7
2942.1
2943.9
2945.8
2947.3
2948.6
2949.9
2951.6
2952.9
2954.6
2955.9
2957.7
2959.3
2961.0
2962.7
2964.5
2965.8
2967.2
2968.6
2970.2
2971.7
2973.3
2974.6
2976.2
2977.7
2978.8
2980.2
2981.5
2983.1
2984.6
2986.5
2987.7
2988.9
2990.3
2991.7
2992.9
2993.9
2995.2
2996.5
2998.2
2999.8
3001.4
3002.9
3004.0
3005.3
3006.8
3008.4
3010.0
3011.3
3012.8
3014.0
3015.3
3016.5
3017.9
3019.3
3020.8
3022.4
3024.1
3025.5
3027.1
3028.5
3030.1
3031.6
3032.7
3034.0
3035.3
3036.5
3038.0
3039.3
3040.9
3042.3
3043.4
3044.8
3045.8
3047.1
3048.3
3049.6
3050.9
3052.4
3053.7
3055.5
3057.5
3058.9
3060.4
3062.0
3063.6
3064.7
3066.2
3067.5
3069.3
3070.9
3072.3
3073.6
3075.0
3076.4
3078.2
3079.5
3081.2
3082.7
3084.3
3085.8
3087.2
3088.5
3089.9
3091.4
3093.0
3094.5
3095.8
3097.2
3098.6
3100.1
3101.2
3102.7
3103.8
3105.1
3107.0
3108.4
3109.7
3111.3
3112.6
3114.4
3116.1
3117.4
3118.8
3119.9
3121.5
3122.8
3124.2
3125.6
3127.2
3128.7
3130.0
3131.5
3132.9
3134.4
3135.9
3137.4
3139.0
3140.5
3142.1
3143.4
3145.0
3146.9
3148.5
3149.8
3151.6
3152.9
3154.6
3156.6
3157.9
3159.1
3160.6
3162.2
3164.0
3165.4
3166.8
3168.1
3169.4
3171.3
3173.1
3174.6
3176.1
3177.9
3179.1
3180.5
3181.9
3183.7
3185.1
3186.6
3188.2
3189.4
3190.6
3192.1
3193.8
3195.4
3196.7
3198.2
3199.4
3201.0
3202.4
3203.9
3205.5
3207.1
3208.5
3210.0
3211.3
3213.1
3215.3
3216.7
3218.4
3219.9
3221.3
3223.1
3224.4
3226.2
3227.8
3229.1
3230.5
3232.1
3233.3
3235.3
3237.0
3238.2
3239.7
3241.2
3242.7
3244.1
3245.9
3247.7
3249.1
3250.3
3252.3
3253.9
3255.3
3257.1
3258.7
3260.6
3262.3
3263.9
3265.5
3267.0
3268.4
3270.0
3271.3
3272.5
3274.3
3275.8
3277.4
3278.6
3280.3
3281.9
3283.6
3285.4
3286.8
3288.3
3290.1
3291.7
3293.0
3294.8
3296.3
3298.1
3299.7
3301.0
3302.9
3304.6
3306.3
3308.1
3309.9
3311.9
3313.7
3315.1
3316.4
3317.8
3319.5
3321.0
3322.5
3324.0
3325.7
3327.5
3329.4
3331.0
3332.5
3334.0
3335.8
3337.2
3338.6
3340.3
3341.6
3343.1
3344.7
3346.3
3347.8
3349.7
3351.4
3353.4
3354.6
3356.2
3357.7
3358.9
3361.0
3362.7
3364.3
3365.7
3367.2
3368.6
3370.5
3372.0
3373.6
3375.3
3377.1
3378.7
3380.4
3382.1
3383.4
3384.9
3386.2
3388.1
3389.5
3391.0
3392.9
3394.4
3396.1
3398.0
3399.6
3401.2
3403.0
3404.4
3406.3
3407.5
3409.1
3411.0
3412.9
3414.7
3416.1
3417.5
3419.1
3421.0
3422.3
3424.1
3425.5
3427.1
3428.7
3430.5
3432.0
3433.6
3434.9
3436.5
3437.6
3439.2
3440.8
3442.6
3444.6
3445.8
3447.7
3449.5
3450.8
3452.1
3453.5
3454.9
3456.7
3458.7
3460.4
3461.7
3463.6
3465.1
3466.6
3468.4
3469.7
3471.7
3473.2
3474.7
3476.3
3478.1
3479.5
3481.0
3482.3
3483.6
3485.2
3486.8
3488.2
3490.0
3491.4
3493.0
3494.7
3496.5
3498.1
3499.4
3501.2
3502.8
3504.5
3506.0
3507.7
3509.1
3510.8
3512.6
3513.9
3514.8
3516.4
3518.2
3519.9
3521.4
3523.0
3524.9
3526.5
3528.1
3529.6
3531.0
3532.6
3533.9
3535.3
3536.8
3538.5
3540.1
3541.6
3543.2
3545.3
3546.7
3547.8
3549.4
3550.6
3552.8
3554.7
3556.0
3557.7
3559.7
3561.2
3563.0
3564.6
3566.3
3567.9
3569.7
3571.2
3573.3
3574.8
3576.1
3577.8
3579.5
3580.8
3582.7
3584.3
3586.2
3588.1
3589.6
3591.2
3592.7
3594.4
3595.7
3597.3
3599.1
3601.3
3603.1
3604.9
3606.7
3608.4
3610.3
3611.9
3613.8
3615.5
3617.1
3619.1
3620.8
3622.3
3624.1
3625.6
3627.1
3628.9
3630.6
3632.6
3634.4
3636.1
3637.6
3639.6
3641.2
3642.9
3644.4
3646.3
3648.0
3649.9
3651.4
3653.2
3654.8
3656.5
3658.3
3659.8
3661.0
3662.8
3664.4
3666.1
3667.9
3669.4
3671.3
3672.7
3674.3
3675.9
3677.3
3679.0
3680.7
3682.1
3683.9
3685.5
3687.4
3689.0
3690.9
3692.6
3694.4
3696.0
3697.7
3699.2
3700.6
3702.5
3704.2
3705.9
3707.6
3709.4
3711.3
3713.0
3714.2
3716.6
3718.4
3720.1
3721.9
3723.6
3725.2
3727.1
3729.0
3730.6
3731.9
3733.3
3734.8
3736.2
3737.8
3739.5
3740.9
3742.5
3744.2
3745.8
3747.1
3749.1
3751.0
3752.6
3754.5
3756.2
3758.7
3760.6
3762.0
3763.9
3765.6
3767.1
3768.7
3770.3
3771.7
3773.2
3775.1
3776.7
3778.2
3779.7
3781.3
3783.0
3784.5
3786.2
3788.5
3790.4
3792.1
3794.0
3795.8
3797.5
3799.0
3801.0
3802.8
3804.4
3806.0
3808.1
3809.9
3811.3
3813.1
3814.4
3815.9
3818.0
3819.4
3821.3
3823.3
3825.0
3826.5
3828.5
3830.5
3832.5
3833.9
3836.2
3838.3
3839.9
3842.0
3844.3
3846.1
3848.0
3849.7
3851.2
3853.3
3855.0
3857.0
3858.9
3860.5
3862.3
3864.1
3865.7
3867.6
3869.3
3871.0
3872.8
3874.4
3876.1
3877.8
3879.1
3880.9
3882.4
3883.8
3885.5
3887.0
3888.7
3890.6
3892.3
3894.2
3895.5
3897.5
3899.3
3901.5
3903.3
3905.1
3907.0
3908.9
3910.3
3912.3
3913.6
3915.9
3917.4
3919.6
3921.5
3922.9
3924.5
3926.0
3927.4
3928.9
3930.4
3931.9
3933.6
3935.0
3936.5
3938.1
3939.7
3941.6
3942.8
3944.5
3946.3
3948.1
3950.1
3951.8
3953.9
3955.3
3957.0
3958.8
3960.5
3962.0
3963.6
3965.8
3967.3
3969.2
3971.2
3973.1
3974.6
3976.3
3978.0
3980.1
3982.1
3983.9
3985.5
3987.0
3989.0
3990.7
3991.8
3993.3
3995.1
3996.6
3998.9
4000.7
4002.6
4004.4
4006.1
4008.1
4009.5
4011.7
4013.1
4014.8
4016.6
4018.2
4019.9
4021.8
4023.8
4026.0
4027.5
4029.5
4031.4
4032.7
4035.0
4036.5
4038.3
4040.2
4041.6
4043.6
4045.6
4047.4
4049.7
4051.2
4053.1
4055.1
4056.8
4058.2
4059.6
4061.5
4063.2
4064.9
4066.6
4068.7
4069.9
4072.0
4073.7
4075.8
4077.7
4079.4
4081.3
4083.2
4085.0
4087.2
4088.5
4090.5
4092.4
4094.5
4096.4
4098.7
4101.0
4103.1
4105.1
4106.7
4108.9
4110.9
4112.8
4114.4
4116.5
4118.4
4120.5
4122.6
4124.7
4126.1
4128.0
4129.6
4131.3
4133.1
4134.7
4136.7
4138.6
4140.2
4142.0
4144.0
4146.2
4148.2
4149.9
4152.1
4154.3
4155.6
4157.1
4158.8
4160.6
4162.5
4164.0
4165.9
4167.7
4169.8
4171.9
4173.7
4175.8
4177.3
4179.8
4181.6
4183.3
4185.3
4187.3
4189.2
4191.7
4193.0
4194.7
4196.6
4198.6
4200.4
4202.0
4204.1
4205.5
4207.5
4209.2
4211.3
4213.5
4215.1
4217.2
4219.0
4220.7
4222.9
4224.6
4226.8
4228.5
4230.8
4232.6
4234.4
4236.3
4238.4
4240.2
4242.2
4243.7
4245.6
4248.0
4250.1
4251.8
4253.8
4255.6
4257.5
4259.4
4260.9
4262.5
4264.1
4266.1
4268.0
4269.8
4271.6
4273.7
4275.5
4277.8
4279.9
4281.9
4283.4
4285.2
4286.5
4288.3
4290.0
4292.2
4294.1
4295.7
4297.6
4299.8
4301.9
4303.6
4305.3
4306.9
4308.6
4310.4
4312.7
4314.5
4317.2
4318.9
4320.8
4322.4
4324.5
4327.1
4329.1
4330.8
4333.1
4334.6
4336.6
4338.6
4340.4
4342.1
4343.9
4345.7
4347.3
4349.2
4351.3
4353.3
4354.8
4356.9
4359.0
4361.5
4363.6
4365.1
4366.9
4369.0
4370.5
4372.3
4373.9
4375.6
4378.1
4380.2
4382.2
4384.3
4386.4
4388.2
4390.3
4391.9
4393.6
4395.8
4398.1
4400.2
4402.0
4403.5
4405.4
4407.3
4409.7
4411.7
4413.8
4415.6
4417.1
4419.7
4421.4
4423.4
4425.1
4427.0
4428.8
4430.7
4432.8
4435.0
4436.8
4439.1
4441.3
4443.1
4445.6
4447.6
4450.0
4452.1
4454.1
4456.2
4457.8
4459.9
4461.9
4464.0
4466.1
4468.0
4469.9
4471.9
4474.1
4475.7
4478.0
4480.2
4482.4
4484.3
4486.3
4488.4
4490.4
4492.3
4494.6
4496.6
4498.5
4500.3
4501.8
4503.7
4505.4
4507.3
4509.5
4511.1
4512.6
4515.0
4516.9
4518.9
4520.7
4522.6
4524.9
4526.8
4529.1
4531.4
4533.4
4535.3
4537.3
4538.9
4541.2
4543.2
4544.8
4547.0
4549.0
4551.3
4553.2
4555.2
4557.3
4559.5
4561.7
4563.4
4565.4
4567.7
4569.6
4572.3
4574.3
4576.1
4577.7
4580.0
4581.5
4583.1
4585.2
4587.3
4589.0
4591.3
4593.3
4595.2
4597.8
4599.3
4601.2
4602.9
4605.2
4606.8
4608.6
4610.5
4613.0
4614.9
4616.5
4618.8
4621.0
4623.4
4625.3
4627.4
4629.7
4631.3
4633.1
4635.0
4637.3
4639.7
4641.1
4643.1
4645.1
4646.8
4648.5
4650.4
4652.3
4653.6
4655.8
4658.5
4659.9
4661.8
4663.9
4666.3
4668.2
4670.2
4672.0
4674.1
4676.5
4678.7
4680.4
4682.0
4683.7
4685.3
4687.2
4689.8
4691.3
4693.6
4696.0
4697.9
4700.0
4701.9
4704.6
4706.7
4708.8
4710.5
4712.5
4714.8
4717.2
4719.1
4721.1
4723.0
4724.9
4727.0
4728.7
4730.7
4732.8
4734.4
4736.9
4739.5
4741.6
4744.1
4746.1
4748.1
4750.1
4752.0
4754.2
4756.1
4757.7
4759.6
4761.7
4764.0
4766.0
4767.8
4770.4
4772.3
4774.4
4776.6
4778.8
4780.4
4783.0
4785.0
4787.1
4789.8
4791.8
4794.3
4796.6
4798.6
4800.6
4802.7
4804.6
4806.6
4809.1
4811.1
4812.6
4815.4
4817.5
4819.4
4821.4
4823.6
4826.3
4828.6
4830.6
4832.3
4834.2
4835.9
4837.7
4839.5
4841.4
4843.1
4845.1
4847.3
4849.9
4852.4
4854.4
4856.6
4858.6
4860.8
4862.9
4864.8
4867.4
4870.0
4872.2
4874.4
4876.1
4878.0
4879.9
4882.4
4884.3
4886.9
4889.0
4890.9
4892.6
4894.9
4897.2
4899.4
4900.8
4902.6
4905.1
4907.1
4909.1
4911.4
4913.7
4915.7
4917.4
4920.0
4922.1
4923.7
4925.8
4927.6
4929.6
4931.8
4934.1
4936.5
4938.6
4940.6
4942.6
4944.8
4946.9
4948.7
4951.0
4953.4
4955.5
4957.4
4959.8
4961.4
4963.6
4965.6
4967.5
4969.6
4971.7
4973.4
4975.7
4977.5
4979.9
4981.9
4983.8
4986.3
4988.6
4990.8
4992.6
4995.2
4997.5
4999.8
5001.7
5004.0
5006.2
5008.0
5010.1
5012.3
5014.3
5016.5
5018.1
5020.1
5022.0
5024.1
5026.4
5028.8
5030.6
5032.8
5035.1
5037.3
5039.0
5041.0
5043.4
5046.4
5049.3
5051.3
5053.5
5055.4
5057.5
5059.7
5061.6
5063.9
5066.2
5068.3
5070.4
5072.6
5074.9
5077.4
5079.5
5081.3
5083.6
5085.9
5088.0
5089.8
5091.9
5094.0
5096.0
5098.1
5100.2
5102.3
5104.5
5106.8
5109.4
5110.7
5112.9
5115.2
5117.8
5120.1
5121.9
5124.6
5127.0
5129.2
5131.3
5133.1
5135.1
5137.8
5140.3
5142.7
5145.2
5147.9
5150.0
5152.5
5154.9
5157.2
5158.5
5160.7
5163.3
5165.3
5168.0
5170.5
5173.4
5175.5
5177.8
5179.8
5182.0
5184.1
5186.4
5188.5
5190.9
5193.1
5196.1
5198.1
5200.8
5203.1
5205.4
5207.7
5209.7
5212.3
5214.6
5216.6
5219.1
5221.3
5223.9
5226.5
5228.4
5231.0
5234.1
5236.2
5238.3
5240.6
5242.7
5244.6
5247.0
5249.6
5252.9
5254.8
5256.7
5259.1
5261.0
5263.4
5265.6
5267.9
5269.8
5271.9
5274.0
5275.6
5278.3
5279.9
5282.0
5284.9
5287.3
5289.2
5291.4
5294.6
5296.7
5298.3
5300.4
5302.4
5304.4
5306.1
5308.3
5310.3
5312.6
5314.8
5316.4
5318.3
5320.5
5322.5
5325.1
5327.2
5329.6
5331.6
5334.2
5336.4
5338.2
5341.0
5343.7
5346.1
5348.8
5351.1
5353.5
5356.0
5358.0
5360.2
5362.2
5364.2
5366.5
5368.7
5370.8
5373.3
5375.7
5378.0
5380.4
5383.1
5385.4
5387.8
5390.2
5392.6
5394.7
5397.0
5399.4
5401.4
5403.6
5405.6
5407.7
5410.6
5413.3
5415.6
5417.5
5419.8
5422.0
5424.9
5427.2
5429.3
5431.4
5433.9
5436.4
5439.0
5441.6
5443.4
5445.7
5448.3
5451.3
5453.5
5455.8
5458.1
5460.5
5462.7
5464.7
5467.1
5469.5
5471.7
5473.9
5475.9
5478.8
5481.0
5483.7
5486.1
5488.7
5491.4
5494.2
5496.2
5498.1
5500.8
5503.4
5505.3
5507.4
5509.6
5512.0
5514.3
5516.7
5518.6
5521.0
5523.5
5525.3
5527.5
5529.5
5531.4
5533.9
5536.5
5538.7
5541.3
5543.4
5545.8
5548.2
5550.8
5553.1
5555.7
5557.5
5560.3
5562.6
5564.3
5566.3
5568.7
5571.7
5574.4
5576.5
5578.6
5581.2
5583.7
5586.1
5587.7
5590.5
5592.7
5595.2
5598.0
5600.7
5602.6
5605.0
5607.3
5610.0
5612.9
5615.1
5617.4
5619.7
5622.2
5624.1
5626.2
5627.8
5630.5
5632.3
5634.7
5636.6
5639.0
5641.1
5643.0
5645.0
5647.5
5649.9
5652.3
5655.2
5657.4
5659.0
5661.2
5663.6
5665.5
5667.9
5670.4
5673.1
5675.4
5677.9
5679.8
5681.9
5684.1
5686.3
5689.1
5691.7
5694.5
5697.1
5699.2
5701.7
5704.0
5706.3
5708.8
5711.3
5713.1
5715.3
5717.5
5720.1
5722.6
5724.8
5727.0
5728.8
5731.8
5734.1
5736.6
5739.1
5741.2
5744.1
5745.8
5747.6
5750.1
5752.2
5754.3
5757.2
5760.4
5762.9
5765.5
5767.8
5770.2
5772.7
5775.5
5777.6
5780.8
5783.0
5786.0
5788.4
5791.5
5794.2
5796.5
5799.9
5802.1
5805.1
5807.2
5809.2
5811.4
5813.5
5815.8
5818.2
5820.8
5823.3
5825.7
5829.4
5832.0
5834.8
5836.8
5839.7
5841.9
5844.0
5846.4
5848.5
5850.9
5853.2
5855.9
5858.7
5861.9
5864.7
5867.5
5869.7
5871.7
5874.3
5876.4
5879.2
5881.8
5884.5
5886.7
5889.2
5892.2
5895.0
5898.1
5900.1
5902.8
5905.3
5907.5
5909.7
5912.1
5914.8
5917.4
5920.2
5922.8
5925.2
5927.5
5930.3
5932.9
5935.7
5938.3
5940.8
5942.7
5945.1
5947.6
5950.1
5953.1
5955.3
5957.6
5960.0
5962.9
5965.3
5968.4
5970.1
5972.8
5975.3
5977.8
5981.3
5983.3
5985.9
5988.6
5990.8
5993.3
5995.3
5997.5
6000.1
6002.1
6004.7
6007.0
6008.9
6011.7
6014.6
6016.6
6019.0
6021.2
6024.1
6027.1
6029.5
6031.8
6034.5
6036.7
6039.3
6041.5
6044.0
6046.7
6049.4
6051.6
6053.8
6055.9
6058.4
6060.8
6063.0
6065.2
6069.1
6071.2
6073.9
6076.5
6079.6
6082.6
6085.2
6087.8
6090.1
6092.7
6096.4
6098.5
6100.9
6103.2
6106.2
6108.1
6110.2
6113.8
6115.9
6118.3
6121.6
6123.7
6126.4
6129.1
6131.8
6133.8
6136.4
6138.5
6141.3
6143.5
6146.9
6148.7
6150.8
6153.0
6155.9
6159.2
6161.1
6163.6
6166.6
6169.7
6172.0
6174.4
6176.9
6179.3
6181.3
6183.9
6186.8
6189.0
6191.6
6194.2
6196.3
6199.1
6201.4
6204.0
6206.1
6207.9
6210.8
6212.7
6215.7
6218.8
6221.3
6223.3
6225.3
6227.7
6230.9
6233.7
6236.4
6238.7
6240.9
6243.9
6246.8
6249.0
6252.4
6255.3
6258.2
6260.7
6263.0
6265.6
6267.7
6269.9
6273.0
6275.8
6278.4
6281.0
6283.6
6286.5
6289.0
6291.5
6294.3
6297.4
6300.4
6303.5
6306.3
6309.4
6312.3
6315.1
6318.3
6320.2
6323.0
6325.6
6328.0
6330.6
6333.2
6336.1
6338.7
6341.0
6343.5
6346.5
6349.0
6351.7
6353.8
6356.7
6358.8
6361.5
6363.5
6366.0
6368.5
6371.0
6373.3
6375.7
6378.1
6380.8
6383.4
6386.2
6388.7
6391.6
6394.5
6397.6
6400.7
6403.1
6406.0
6408.2
6410.7
6413.2
6416.2
6418.5
6420.9
6424.0
6426.5
6428.8
6431.2
6434.2
6436.2
6439.6
6442.1
6445.4
6448.6
6451.7
6454.2
6456.5
6459.5
6461.8
6464.8
6467.6
6469.8
6472.4
6475.0
6477.5
6479.3
6481.7
6485.0
6487.4
6490.7
6493.1
6495.8
6498.5
6500.8
6503.1
6505.7
6508.1
6511.2
6513.5
6516.3
6518.6
6520.4
6523.6
6526.4
6529.8
6532.8
6535.5
6538.0
6541.0
6543.5
6546.0
6549.3
6551.3
6553.5
6556.2
6558.8
6562.2
6564.5
6567.4
6570.4
6573.4
6576.3
6578.8
6582.4
6585.2
6588.4
6591.7
6594.3
6596.8
6599.1
6601.9
6605.1
6607.9
6610.4
6613.1
6616.4
6619.3
6622.3
6625.3
6628.4
6631.0
6633.9
6637.3
6640.2
6643.6
6645.9
6648.7
6651.5
6653.7
6655.8
6658.5
6661.3
6664.3
6667.0
6669.3
6672.4
6675.5
6678.4
6681.0
6683.9
6687.0
6689.7
6692.4
6695.4
6697.7
6700.8
6703.1
6705.2
6707.0
6709.9
6713.0
6716.7
6718.9
6722.1
6725.0
6727.2
6729.4
6732.2
6734.7
6737.6
6740.5
6743.3
6746.5
6749.8
6752.3
6754.7
6757.8
6760.4
6763.4
6766.4
6770.4
6773.2
6775.2
6778.2
6780.7
6783.8
6786.8
6789.5
6791.6
6794.5
6796.6
6799.3
6802.6
6805.5
6807.9
6810.5
6813.0
6816.1
6818.7
6821.4
6824.2
6827.4
6830.4
6833.0
6835.4
6838.6
6842.0
6845.2
6847.4
6850.4
6854.1
6856.7
6859.4
6861.6
6864.6
6867.3
6870.3
6872.5
6875.0
6878.1
6881.0
6883.3
6886.5
6889.3
6892.7
6895.8
6898.8
6901.4
6903.8
6906.7
6909.7
6912.5
6915.7
6918.3
6921.1
6924.3
6927.3
6931.5
6933.7
6936.4
6939.1
6941.7
6945.0
6947.5
6950.2
6953.3
6956.4
6960.3
6963.3
6965.8
6968.2
6971.8
6974.3
6976.6
6979.4
6982.1
6984.5
6987.2
6989.9
6993.8
6996.7
6999.1
7001.9
7004.1
7007.0
7010.4
7013.0
7015.4
7018.2
7021.1
7023.6
7027.0
7029.0
7032.2
7034.8
7038.0
7041.2
7044.1
7046.6
7050.0
7054.4
7057.1
7060.0
7063.8
7067.0
7069.6
7072.8
7076.3
7078.9
7082.3
7084.9
7088.7
7091.5
7094.8
7098.3
7101.2
7104.0
7107.0
7109.4
7112.4
7115.7
7118.6
7122.1
7125.1
7127.9
7131.2
7133.6
7136.9
7139.7
7141.7
7144.8
7147.5
7150.7
7154.0
7156.2
7159.8
7163.1
7166.2
7168.8
7171.6
7174.3
7177.4
7180.1
7183.1
7186.4
7189.6
7193.2
7195.7
7198.5
7201.3
7204.4
7208.5
7211.7
7214.7
7217.8
7220.8
7224.0
7226.5
7229.5
7232.5
7234.4
7237.2
7239.4
7243.3
7245.7
7248.7
7251.8
7254.4
7257.1
7259.8
7262.4
7264.8
7267.7
7269.8
7273.2
7275.7
7278.0
7281.9
7284.9
7288.1
7291.6
7294.8
7298.3
7301.0
7303.2
7305.6
7308.1
7310.5
7313.1
7315.9
7318.5
7322.1
7325.3
7328.4
7331.3
7334.0
7337.6
7339.9
7343.9
7346.5
7349.6
7352.3
7355.5
7358.6
7361.4
7364.4
7367.4
7371.3
7374.0
7377.3
7380.2
7383.1
7385.8
7389.6
7392.5
7396.5
7399.7
7402.8
7406.2
7409.8
7413.3
7416.3
7419.9
7422.4
7426.0
7428.1
7431.4
7434.7
7437.1
7440.0
7442.5
7445.2
7447.8
7451.0
7454.6
7458.1
7460.8
7464.0
7466.3
7469.2
7471.8
7474.6
7478.2
7481.5
7485.0
7488.3
7491.7
7494.5
7496.9
7500.3
7502.8
7505.5
7508.5
7511.1
7514.3
7518.0
7520.7
7524.0
7526.4
7529.0
7532.2
7535.2
7538.4
7541.3
7544.9
7549.0
7552.0
7555.0
7557.9
7561.0
7563.8
7567.3
7569.9
7573.6
7576.6
7579.3
7582.0
7585.2
7588.6
7592.1
7595.9
7598.5
7601.7
7605.3
7608.6
7611.8
7615.1
7618.7
7622.2
7626.0
7628.8
7631.1
7634.9
7637.1
7639.7
7643.0
7645.4
7648.9
7651.6
7654.8
7657.6
7661.6
7664.7
7667.9
7671.4
7674.2
7677.4
7679.8
7683.1
7687.1
7690.0
7693.3
7696.1
7700.2
7703.7
7707.1
7710.3
7713.8
7717.1
7721.0
7723.6
7727.3
7730.1
7733.1
7735.4
7738.8
7742.0
7745.5
7748.4
7751.6
7755.8
7759.2
7762.1
7765.0
7768.2
7771.5
7774.6
7777.4
7780.0
7783.6
7786.3
7789.1
7792.2
7795.5
7798.8
7802.0
7804.7
7807.3
7810.8
7814.1
7817.1
7820.6
7823.6
7827.2
7830.9
7833.9
7836.6
7839.5
7842.8
7846.7
7849.1
7852.2
7856.0
7859.2
7862.6
7865.8
7868.9
7871.9
7874.2
7876.9
7879.8
7882.1
7884.4
7888.0
7892.3
7895.4
7898.1
7901.6
7904.4
7907.3
7910.6
7912.9
7916.0
7919.7
7922.5
7926.4
7929.5
7932.2
7935.5
7938.6
7942.2
7945.5
7948.8
7951.6
7955.1
7958.1
7961.0
7963.9
7966.9
7969.4
7972.7
7975.7
7979.5
7983.0
7986.4
7989.1
7992.8
7995.9
8000.3
8003.5
8006.6
8010.9
8013.6
8017.4
8020.3
8023.4
8026.0
8028.4
8031.4
8034.2
8037.5
8041.6
8044.5
8048.5
8051.1
8056.4
8060.7
8064.2
8068.0
8071.7
8074.5
8077.2
8081.0
8083.6
8087.4
8090.2
8093.2
8096.2
8100.0
8103.4
8106.8
8109.4
8112.5
8116.2
8119.7
8123.7
8127.1
8129.9
8133.1
8137.2
8141.0
8143.6
8146.8
8150.1
8152.7
8155.7
8159.2
8162.7
8165.7
8169.7
8173.1
8176.5
8179.4
8182.6
8185.6
8189.0
8192.8
8196.7
8200.3
8202.4
8206.5
8209.7
8212.7
8217.0
8220.4
8223.6
8226.7
8230.3
8234.2
8238.2
8241.8
8245.3
8249.2
8252.3
8255.8
8258.4
8261.5
8264.1
8268.1
8271.4
8275.1
8278.4
8281.9
8285.4
8289.1
8292.4
8295.8
8299.2
8303.0
8306.7
8310.1
8313.5
8317.0
8319.9
8323.7
8327.3
8330.4
8333.5
8337.0
8340.8
8343.5
8347.0
8350.8
8353.6
8356.5
8360.7
8363.8
8366.9
8369.7
8372.4
8374.9
8379.6
8383.3
8387.3
8391.2
8394.5
8396.6
8400.5
8403.2
8406.5
8409.6
8412.4
8415.8
8419.6
8424.1
8427.1
8429.9
8433.1
8437.0
8441.5
8444.6
8447.9
8450.8
8454.1
8457.2
8460.3
8464.1
8467.2
8471.3
8474.8
8479.3
8482.6
8486.1
8490.0
8492.8
8496.8
8500.6
8503.6
8507.0
8511.3
8514.3
8518.1
8520.5
8523.7
8526.5
8530.6
8535.1
8538.1
8542.1
8545.0
8548.8
8552.0
8555.3
8559.3
8561.9
8565.7
8569.0
8574.1
8578.2
8581.5
8585.2
8588.9
8592.0
8594.7
8597.4
8600.9
8603.6
8606.9
8610.1
8613.4
8617.3
8620.2
8623.6
8626.4
8630.3
8634.2
8636.8
8640.5
8643.9
8648.0
8651.3
8655.7
8659.5
8663.5
8666.4
8669.8
8673.7
8677.1
8680.2
8682.9
8685.4
8689.7
8693.2
8696.2
8699.4
8703.0
8705.6
8709.6
8713.3
8716.4
8720.9
8724.9
8728.9
8732.8
8737.2
8740.1
8743.5
8746.8
8749.2
8752.7
8756.2
8759.5
8762.9
8766.1
8770.4
8773.6
8776.3
8779.3
8782.2
8786.1
8789.3
8792.4
8796.0
8799.7
8802.9
8806.4
8810.3
8813.6
8817.0
8820.3
8824.0
8828.5
8832.1
8836.4
8840.5
8844.0
8847.9
8851.1
8854.0
8857.2
8859.7
8862.9
8867.0
8870.9
8874.4
8878.2
8881.4
8886.1
8889.9
8893.7
8897.5
8900.1
8903.9
8906.9
8910.7
8914.0
8918.2
8922.0
8924.6
8927.9
8931.6
8934.8
8939.0
8942.3
8946.5
8950.4
8954.9
8958.1
8961.3
8964.1
8967.2
8970.3
8974.5
8977.6
8981.4
8984.3
8987.5
8991.2
8995.0
8998.2
9002.7
9006.1
9009.8
9014.2
9018.7
9022.6
9027.0
9030.7
9033.7
9038.5
9043.1
9047.1
9052.3
9056.1
9060.3
9063.9
9067.1
9070.6
9074.8
9079.3
9082.8
9087.6
9091.2
9094.1
9098.6
9102.6
9106.2
9109.9
9113.5
9117.4
9120.9
9124.2
9129.0
9133.2
9137.4
9141.7
9145.2
9149.2
9152.1
9155.6
9159.8
9163.5
9167.6
9171.7
9175.4
9179.1
9182.8
9186.7
9190.4
9193.7
9197.9
9201.3
9204.9
9208.9
9213.3
9216.8
9220.1
9223.7
9226.6
9230.4
9236.2
9239.2
9243.0
9246.2
9250.8
9254.5
9259.0
9262.3
9266.2
9271.2
9275.4
9278.9
9282.0
9285.6
9290.0
9293.7
9297.9
9302.0
9306.3
9309.8
9313.5
9316.4
9321.7
9325.2
9329.5
9333.9
9337.4
9341.8
9346.1
9350.0
9353.8
9357.4
9362.3
9367.0
9371.7
9374.3
9377.7
9382.1
9385.2
9390.5
9395.2
9399.2
9403.0
9407.5
9410.5
9413.9
9417.3
9421.7
9425.9
9430.0
9433.4
9436.7
9441.3
9444.5
9448.1
9452.7
9456.4
9459.8
9464.7
9469.7
9473.9
9477.7
9480.7
9486.7
9490.2
9494.7
9499.2
9502.8
9506.7
9510.7
9514.7
9518.3
9522.4
9525.9
9529.6
9532.6
9537.0
9541.0
9545.3
9548.6
9552.9
9557.5
9561.8
9565.3
9569.6
9573.5
9578.8
9581.6
9584.8
9588.0
9592.1
9596.3
9599.4
9603.2
9606.7
9610.4
9615.1
9618.8
9622.7
9625.6
9629.0
9633.1
9637.5
9641.8
9644.6
9648.9
9653.6
9658.1
9662.2
9666.3
9670.4
9675.0
9679.7
9683.9
9688.6
9692.0
9696.7
9700.9
9704.9
9709.1
9712.5
9716.6
9721.9
9724.7
9729.4
9734.5
9738.5
9741.7
9746.6
9750.2
9754.4
9758.7
9764.1
9768.3
9773.1
9776.8
9781.2
9785.0
9789.3
9792.7
9796.3
9799.9
9804.8
9809.2
9814.1
9817.7
9821.4
9825.7
9829.3
9833.2
9838.3
9843.3
9847.0
9851.6
9855.8
9859.5
9864.1
9868.0
9872.3
9876.1
9879.1
9882.9
9887.4
9891.3
9895.0
9898.7
9902.3
9905.8
9908.8
9914.2
9918.2
9922.6
9926.3
9930.2
9933.6
9937.4
9941.1
9945.7
9950.4
9955.0
9959.1
9962.8
9967.6
9971.3
9975.4
9978.7
9984.3
9987.2
9991.4
9995.7
10000.2
10004.5
10008.3
10014.1
10017.8
10020.8
10024.7
10029.1
10034.0
10037.9
10042.7
10046.9
10052.0
10056.3
10060.1
10064.2
10069.1
10073.4
10077.8
10082.4
10087.4
10090.5
10094.9
10099.7
10102.8
10107.3
10111.4
10116.3
10120.0
10123.8
10128.0
10131.7
10136.3
10141.2
10144.9
10149.0
10153.6
10158.5
10162.0
10166.7
10170.9
10175.5
10180.0
10184.9
10189.1
10192.9
10196.5
10200.8
10204.6
10208.4
10213.4
10217.4
10221.5
10225.3
10230.1
10233.8
10237.3
10241.2
10245.2
10248.7
10252.8
10257.8
10261.7
10265.3
10269.1
10274.3
10277.7
10281.5
10285.3
10289.6
10294.1
10299.6
10304.5
10308.9
10311.8
10316.0
10319.7
10323.1
10327.5
10331.4
10335.0
10339.5
10343.3
10347.1
10351.8
10356.0
10359.6
10364.6
10368.5
10373.1
10377.0
10380.6
10384.9
10389.7
10394.0
10398.3
10401.8
10406.7
10411.1
10415.1
10419.6
10424.4
10428.7
10433.3
10437.6
10442.9
10446.1
10450.7
10454.2
10458.2
10462.9
10466.5
10471.3
10476.5
10481.3
10485.5
10489.8
10493.8
10497.5
10501.3
10505.4
10509.0
10513.9
10519.4
10522.5
10526.5
10530.8
10535.0
10539.6
10542.6
10546.0
10550.5
10556.2
10559.8
10564.4
10567.5
10571.2
10576.4
10580.7
10585.4
10589.1
10593.4
10598.3
10602.3
10607.7
10612.4
10618.2
10622.3
10626.8
10631.5
10637.0
10639.9
10645.1
10649.5
10654.5
10658.6
10663.3
10668.1
10672.2
10676.2
10680.2
10683.6
10687.4
10691.9
10697.0
10702.0
10705.8
10710.6
10715.7
10720.6
10724.6
10730.8
10734.9
10739.6
10744.2
10750.3
10754.4
10760.2
10764.4
10768.6
10772.8
10777.8
10782.6
10787.2
10791.9
10795.8
10800.5
10804.9
10808.5
10813.6
10818.7
10823.9
10829.2
10832.7
10837.4
10841.8
10847.5
10851.5
10856.3
10860.9
10866.2
10871.5
10875.6
10880.7
10885.4
10889.8
10894.0
10899.0
10902.7
10906.2
10910.2
10914.7
10920.8
10925.2
10930.0
10934.3
10939.2
10943.8
10948.9
10954.0
10958.3
10962.7
10968.7
10973.2
10978.1
10981.5
10986.1
10989.7
10994.9
10998.2
11003.8
11007.5
11012.1
11016.3
11020.0
11025.0
11029.3
11033.6
11037.4
11042.5
11048.2
11051.7
11057.1
11061.2
11065.3
11069.1
11075.1
11079.5
11084.4
11090.6
11095.6
11100.5
11105.3
11110.0
11114.9
11119.6
11124.8
11130.2
11134.2
11137.7
11142.4
11146.6
11151.6
11156.1
11161.0
11165.9
11170.4
11174.8
11180.0
11184.5
11188.5
11193.6
11199.3
11203.8
11207.7
11213.0
11217.8
11223.3
11227.7
11232.9
11238.0
11242.9
11248.0
11252.9
11258.1
11263.0
11269.8
11273.4
11278.0
11284.0
11288.5
11294.0
11298.1
11303.9
11308.5
11313.1
11316.9
11321.5
11326.4
11330.5
11336.4
11340.6
11345.2
11350.2
11354.9
11359.4
11363.5
11367.7
11371.5
11376.9
11381.2
11384.4
11390.2
11395.5
11400.6
11405.4
11410.8
11416.2
11422.5
11426.4
11430.6
11435.9
11440.5
11445.5
11449.8
11454.1
11458.6
11462.9
11468.1
11473.9
11478.0
11483.6
11488.4
11492.0
11495.8
11500.4
11504.4
11509.8
11514.7
11518.6
11523.5
11528.4
11534.1
11539.2
11543.9
11548.4
11554.3
11560.0
11564.7
11569.4
11575.2
11580.0
11583.8
11587.6
11591.5
11596.5
11600.4
11606.2
11610.4
11616.5
11621.6
11626.2
11630.6
11635.0
11640.0
11644.4
11649.2
11654.1
11658.5
11665.2
11669.9
11675.4
11680.6
11685.3
11691.0
11695.7
11700.7
11705.0
11711.8
11716.4
11722.4
11727.5
11731.9
11738.1
11742.1
11748.2
11753.5
11758.2
11763.4
11768.3
11773.9
11777.8
11784.2
11788.3
11792.8
11797.5
11802.2
11807.1
11812.5
11819.5
11826.0
11830.3
11834.7
11841.0
11846.9
11852.5
11858.8
11865.5
11871.0
11875.3
11879.7
11885.5
11890.5
11896.3
11901.2
11906.5
11911.4
11915.0
11919.0
11924.3
11929.2
11936.3
11940.9
11946.5
11952.6
11957.3
11961.6
11966.9
11972.2
11977.5
11981.6
11987.5
11993.2
11997.8
12003.4
12008.4
12014.1
12019.1
12023.8
12029.5
12033.7
12038.7
12043.7
12048.4
12052.3
12057.9
12063.8
12069.3
12074.6
12080.0
12085.1
12091.9
12096.4
12101.0
12106.1
12111.0
12117.3
12122.1
12127.1
12132.5
12137.2
12142.3
12147.1
12150.9
12156.1
12162.1
12166.0
12171.5
12176.3
12179.3
12183.1
12188.3
12192.9
12197.5
12203.1
12207.4
12213.5
12219.6
12223.8
12227.8
12232.9
12237.4
12243.5
12249.8
12255.7
12261.0
12267.5
12273.1
12277.5
12283.2
12289.3
12294.5
12300.4
12306.3
12311.5
12316.2
12322.5
12328.5
12332.2
12337.9
12343.6
12350.6
12355.4
12361.1
12366.3
12371.9
12377.0
12381.4
12386.4
12391.3
12396.7
12403.1
12407.7
12412.4
12417.0
12423.0
12428.7
12433.1
12437.9
12443.6
12448.3
12454.2
12459.1
12464.6
12469.5
12474.5
12479.7
12484.7
12489.2
12494.0
12500.8
12506.6
12511.8
12517.0
12522.7
12527.8
12532.2
12538.2
12543.9
12550.3
12556.5
12561.4
12566.3
12572.2
12577.2
12584.1
12589.7
12594.5
12600.7
12605.5
12609.5
12615.8
12621.5
12626.5
12632.3
12636.8
12642.3
12647.9
12654.0
12662.1
12668.4
12673.1
12678.4
12683.8
12689.0
12694.5
12698.2
12703.8
12709.6
12715.8
12721.6
12726.8
12734.7
12741.3
12746.9
12750.9
12756.7
12762.0
12767.5
12772.6
12776.9
12780.5
12787.3
12792.0
12797.8
12804.3
12809.6
12814.7
12819.4
12825.5
12831.9
12837.3
12841.8
12846.6
12852.7
12858.3
12863.7
12870.4
12875.7
12881.8
12886.7
12891.9
12897.3
12902.6
12908.3
12913.6
12919.5
12925.1
12930.1
12936.7
12943.9
12949.7
12954.5
12960.4
12965.0
12970.5
12977.0
12982.3
12987.5
12991.8
12996.8
13002.8
13008.0
13013.2
13017.3
13022.2
13027.2
13032.4
13038.3
13044.1
13049.6
13054.1
13060.1
13066.7
13070.4
13075.6
13081.0
13086.5
13093.9
13099.1
13104.4
13110.2
13116.0
13120.7
13126.5
13132.8
13138.0
13143.0
13151.1
13155.7
13161.3
13166.9
13172.7
13177.4
13181.0
13185.7
13190.0
13196.3
13200.7
13205.4
13211.1
13216.4
13224.2
13229.9
13235.3
13239.3
13245.3
13250.5
13255.4
13260.8
13268.2
13275.3
13281.1
13285.7
13292.3
13297.3
13303.1
13307.8
13313.7
13320.5
13327.6
13335.4
13340.8
13345.9
13351.8
13357.3
13361.8
13367.6
13372.6
13377.9
13382.2
13388.6
13394.7
13400.5
13406.3
13412.2
13416.8
13422.5
13428.8
13434.1
13440.7
13447.4
13452.8
13458.3
13462.7
13467.8
13475.9
13482.3
13488.0
13495.0
13502.5
13511.1
13515.9
13523.1
13528.9
13535.8
13541.0
13546.5
13551.5
13559.1
13564.4
13571.6
13576.3
13583.4
13590.3
13594.7
13600.6
13607.2
13612.8
13618.5
13625.5
13632.7
13638.4
13643.9
13649.2
13655.0
13660.6
13665.8
13671.5
13677.2
13682.6
13690.0
13697.9
13704.4
13711.4
13715.7
13720.3
13725.6
13731.7
13737.2
13744.7
13751.5
13757.6
13763.0
13768.5
13775.3
13781.3
13787.7
13794.0
13799.3
13806.1
13811.9
13819.2
13825.6
13831.9
13837.8
13844.4
13849.9
13855.4
13861.6
13867.1
13873.1
13879.8
13884.9
13890.3
13895.4
13901.5
13907.1
13913.9
13920.4
13925.9
13931.8
13937.2
13943.3
13947.5
13952.6
13958.4
13963.8
13970.3
13975.9
13981.8
13989.1
13995.0
14000.9
14006.9
14012.7
14018.9
14024.7
14031.0
14037.7
14045.2
14052.5
14058.1
14065.1
14071.9
14079.1
14085.8
14091.3
14097.1
14104.3
14109.9
14115.6
14121.8
14129.5
14135.1
14142.6
14148.7
14156.1
14161.4
14167.1
14173.4
14179.5
14184.9
14193.0
14197.8
14204.3
14210.6
14215.2
14222.9
14231.0
14236.7
14243.2
14250.8
14256.8
14263.2
14270.5
14277.0
14283.3
14289.2
14296.9
14303.6
14309.2
14315.7
14322.5
14328.5
14335.3
14341.1
14347.4
14354.6
14359.6
14368.1
14374.0
14379.8
14386.5
14391.1
14398.8
14404.8
14410.3
14417.3
14423.7
14430.6
14437.6
14443.5
14449.6
14455.4
14460.9
14466.5
14473.1
14480.8
14486.4
14492.5
14499.1
14507.1
14514.2
14520.5
14525.8
14533.7
14540.6
14546.9
14555.4
14559.7
14565.8
14572.4
14578.7
14585.7
14592.0
14598.1
14604.5
14610.5
14617.1
14623.8
14629.5
14636.1
14643.7
14650.4
14657.8
14663.5
14669.2
14674.5
14681.8
14688.0
14693.9
14700.9
14707.7
14713.1
14720.6
14728.4
14734.8
14741.2
14747.4
14753.4
14760.8
14767.7
14773.1
14780.9
14787.3
14792.3
14799.6
14806.2
14814.5
14820.0
14826.4
14832.7
14841.3
14848.6
14856.8
14862.4
14870.6
14877.2
14884.6
14890.9
14897.5
14904.1
14910.1
14918.8
14926.0
14931.4
14939.1
14946.6
14953.4
14959.2
14967.4
14975.7
14982.8
14989.2
14996.3
15004.2
15011.9
15020.3
15026.8
15035.0
15042.9
15050.1
15056.8
15063.8
15069.8
15076.8
15084.2
15092.8
15100.0
15106.4
15114.1
15120.9
15127.8
15133.7
15139.4
15144.2
15150.6
15158.9
15165.5
15171.6
15179.0
15186.2
15193.1
15198.9
15206.4
15213.2
15219.9
15227.2
15232.6
15238.9
15245.5
15253.2
15261.1
15266.9
15272.5
15279.8
15287.9
15294.5
15302.0
15308.8
15315.4
15323.2
15328.7
15335.5
15341.9
15349.9
15356.9
15364.2
15371.8
15378.2
15386.3
15391.5
15397.6
15404.1
15411.1
15419.0
15426.8
15432.7
15439.3
15447.7
15453.9
15460.2
15468.4
15475.3
15481.2
15487.7
15495.6
15502.8
15509.2
15515.7
15521.4
15528.1
15536.4
15542.4
15550.2
15557.9
15564.8
15572.6
15579.0
15588.2
15596.5
15604.1
15610.5
15617.9
15623.5
15632.3
15638.4
15644.8
15651.8
15658.6
15666.5
15675.0
15681.8
15688.6
15695.9
15703.0
15709.1
15715.6
15721.0
15728.5
15736.0
15741.5
15747.4
15755.6
15762.8
15770.1
15777.4
15785.5
15793.5
15799.1
15805.8
15812.0
15820.2
15826.8
15835.6
15841.6
15848.9
15857.0
15864.9
15872.6
15881.2
15888.4
15895.1
15902.5
15910.1
15917.5
15925.4
15931.1
15937.9
15946.0
15951.8
15958.7
15966.0
15974.3
15980.5
15990.2
15999.0
16004.6
16013.6
16022.8
16030.7
16040.1
16047.9
16054.3
16059.7
16067.5
16074.8
16082.3
16089.5
16097.6
16106.5
16112.3
16121.3
16129.4
16136.5
16145.3
16153.5
16160.6
16169.4
16175.7
16182.2
16188.6
16197.8
16205.6
16213.7
16221.1
16229.9
16238.8
16246.9
16253.6
16259.7
16265.9
16274.0
16280.5
16286.5
16293.7
16301.7
16311.2
16316.8
16324.3
16331.1
16340.5
16348.5
16356.3
16361.6
16369.5
16375.4
16382.5
16389.7
16395.9
16403.8
16412.3
16418.8
16426.1
16434.7
16444.3
16454.1
16463.3
16470.6
16479.2
16487.0
16495.8
16504.0
16511.3
16520.2
16528.1
16536.7
16543.0
16550.8
16558.2
16565.9
16576.3
16584.2
16591.2
16600.2
16611.1
16619.0
16627.5
16633.2
16640.3
16646.9
16654.7
16663.0
16670.0
16679.0
16686.0
16696.0
16704.1
16712.2
16721.3
16730.3
16743.0
16751.9
16760.6
16768.2
16774.7
16781.5
16788.4
16795.4
16804.2
16812.0
16820.5
16829.1
16837.1
16843.9
16851.0
16861.0
16868.8
16878.3
16887.3
16894.4
16901.9
16908.5
16916.5
16926.4
16935.4
16942.9
16950.4
16958.5
16965.1
16972.7
16980.5
16988.8
16998.6
17007.0
17015.5
17023.6
17033.9
17041.7
17048.8
17059.2
17067.9
17076.5
17085.2
17092.8
17099.3
17109.6
17116.7
17125.8
17132.8
17141.5
17150.4
17158.0
17165.5
17171.8
17180.5
17189.8
17198.7
17207.1
17216.6
17227.6
17235.2
17243.6
17254.7
17263.2
17272.0
17279.1
17287.0
17294.8
17302.1
17309.4
17317.5
17325.2
17332.9
17340.6
17350.1
17357.3
17365.0
17374.0
17381.9
17388.8
17396.4
17404.1
17411.6
17421.6
17428.6
17437.6
17447.5
17454.8
17461.0
17470.1
17479.8
17486.8
17495.3
17503.8
17512.1
17518.8
17527.3
17535.8
17543.6
17553.1
17560.3
17571.7
17578.2
17587.1
17593.2
17600.8
17610.0
17618.6
17628.5
17640.1
17649.5
17657.9
17665.5
17673.6
17682.3
17691.2
17700.3
17709.2
17718.0
17728.5
17737.9
17745.6
17753.5
17762.1
17770.4
17781.3
17790.6
17799.8
17807.9
17816.6
17824.5
17833.0
17840.7
17851.5
17861.0
17868.1
17875.9
17884.0
17891.0
17899.7
17908.0
17916.3
17924.9
17933.0
17943.1
17951.1
17960.6
17969.1
17977.5
17987.4
17996.4
18007.5
18016.1
18021.7
18032.0
18039.7
18049.4
18057.6
18068.0
18077.4
18084.6
18093.8
18102.6
18112.2
18120.5
18128.7
18138.3
18147.1
18158.5
18167.6
18176.2
18184.1
18189.6
18202.0
18210.9
18222.1
18233.3
18240.8
18252.7
18260.0
18271.1
18280.2
18287.5
18298.8
18308.9
18317.2
18328.1
18338.8
18350.5
18361.0
18369.8
18378.1
18386.7
18396.4
18404.2
18413.4
18425.3
18433.5
18443.7
18451.6
18461.8
18469.8
18478.0
18485.2
18494.4
18506.8
18515.8
18524.1
18533.5
18542.9
18550.9
18560.0
18568.2
18579.5
18591.7
18601.4
18611.7
18622.1
18630.2
18638.5
18647.3
18658.4
18669.9
18679.6
18687.9
18696.2
18706.5
18714.8
18725.8
18734.7
18744.6
18752.7
18762.1
18769.8
18780.6
18789.9
18799.7
18809.6
18820.8
18831.2
18839.0
18846.9
18854.5
18863.0
18871.8
18880.8
18888.6
18898.0
18906.6
18914.7
18926.8
18936.2
18945.9
18955.7
18962.7
18972.1
18981.8
18991.2
19002.7
19011.0
19020.8
19031.3
19042.5
19051.7
19062.7
19073.2
19085.4
19094.0
19103.6
19114.3
19123.0
19131.9
19141.4
19150.9
19161.9
19170.8
19182.0
19190.6
19198.5
19211.3
19221.5
19230.9
19240.7
19252.1
19261.7
19271.1
19278.6
19289.9
19299.9
19308.7
19317.4
19326.8
19337.7
19346.7
19356.1
19367.7
19378.1
19387.2
19398.5
19410.2
19421.0
19430.6
19440.5
19448.5
19458.4
19467.0
19477.1
19487.5
19496.1
19506.9
19519.5
19528.0
19537.1
19549.1
19558.9
19569.5
19581.9
19592.8
19602.7
19614.4
19622.5
19632.4
19642.4
19653.1
19665.8
19676.0
19686.5
19696.9
19705.6
19715.9
19726.3
19739.2
19749.2
19760.3
19769.1
19780.0
19787.5
19798.6
19807.0
19818.8
19831.2
19843.0
19855.7
19864.1
19875.7
19885.3
19897.8
19909.5
19918.7
19927.8
19940.1
19952.4
19961.0
19972.2
19985.4
19997.1
20007.5
20017.0
20027.6
20037.8
20051.1
20060.8
20071.5
20080.4
20091.2
20102.5
20111.9
20123.0
20133.7
20147.0
20159.4
20169.4
20180.6
20192.6
20202.8
20212.9
20224.5
20233.0
20242.4
20255.2
20265.7
20276.0
20286.7
20299.7
20312.2
20322.8
20337.3
20348.7
20360.4
20368.3
20380.2
20391.9
20403.8
20413.8
20426.6
20439.6
20454.0
20466.2
20475.5
20485.7
20499.0
20513.2
20522.5
20531.2
20541.8
20555.2
20565.0
20575.2
20587.9
20599.7
20611.5
20621.3
20631.4
20648.4
20659.3
20671.6
20686.2
20697.3
20709.0
20724.5
20740.4
20752.5
20764.6
20776.5
20790.5
20801.1
20812.3
20824.0
20835.3
20848.2
20860.6
20872.8
20885.9
20894.9
20909.6
20923.2
20933.4
20946.7
20955.8
20968.7
20980.3
20991.0
21002.6
21013.9
21023.7
21036.9
21050.3
21061.5
21076.8
21089.8
21101.4
21114.2
21122.4
21134.8
21146.9
21159.3
21173.2
21184.5
21196.6
21210.8
21225.1
21236.8
21249.7
21262.3
21273.8
21283.5
21296.6
21309.5
21322.9
21334.9
21346.9
21357.8
21369.6
21379.5
21393.4
21406.6
21420.0
21431.6
21441.6
21453.6
21470.1
21482.2
21494.3
21509.2
21523.6
21537.1
21548.3
21559.3
21569.8
21584.5
21601.3
21614.6
21625.9
21640.6
21652.3
21667.1
21678.8
21692.2
21704.6
21720.8
21733.8
21747.2
21760.8
21774.0
21784.9
21798.5
21810.3
21824.5
21836.5
21849.8
21862.6
21877.5
21895.5
21906.1
21919.6
21932.0
21944.6
21959.3
21970.7
21984.2
21996.6
22010.2
22024.5
22036.2
22048.6
22062.4
22073.6
22086.5
22099.0
22116.2
22130.1
22143.2
22153.5
22165.3
22177.3
22191.4
22205.6
22219.1
22232.3
22245.3
22257.1
22267.0
22281.4
22292.3
22306.5
22318.3
22332.1
22347.3
22365.0
22378.3
22391.1
22403.5
22416.6
22426.5
22439.6
22453.5
22468.3
22483.9
22499.5
22512.8
22525.3
22538.7
22552.6
22566.0
22579.7
22596.1
22607.8
22621.5
22634.0
22647.5
22663.9
22675.9
22690.1
22704.4
22718.6
22733.4
22748.6
22759.7
22775.0
22787.1
22803.3
22821.1
22837.7
22852.0
22868.1
22880.0
22895.3
22910.7
22923.6
22937.7
22949.1
22962.1
22977.0
22993.6
23006.3
23020.0
23034.0
23048.7
23064.4
23077.9
23092.1
23104.4
23118.4
23136.4
23152.7
23167.9
23180.7
23194.5
23211.1
23226.2
23239.5
23254.6
23270.7
23285.5
23299.2
23312.0
23325.4
23342.8
23357.0
23369.1
23385.0
23399.7
23415.9
23433.1
23448.4
23460.5
23477.8
23493.6
23510.4
23523.6
23538.6
23553.9
23572.0
23589.1
23604.7
23617.4
23633.5
23649.9
23666.3
23681.1
23696.8
23712.7
23724.2
23735.0
23749.9
23762.8
23780.8
23797.8
23814.8
23826.9
23839.8
23860.2
23877.5
23891.7
23907.2
23922.5
23936.7
23951.5
23966.2
23984.7
24000.5
24015.6
24035.8
24050.4
24071.0
24089.2
24105.6
24119.2
24137.5
24153.7
24168.0
24180.6
24195.5
24210.4
24226.4
24243.2
24259.7
24276.8
24293.9
24307.3
24322.3
24338.6
24354.9
24370.5
24386.1
24402.4
24421.7
24438.4
24456.3
24473.6
24489.4
24506.4
24522.3
24539.8
24559.5
24580.0
24598.9
24617.2
24631.9
24648.4
24668.7
24686.0
24700.7
24720.0
24735.5
24755.6
24772.2
24788.6
24803.0
24822.9
24844.9
24858.4
24876.1
24892.3
24910.6
24928.7
24946.0
24959.2
24973.2
24986.7
25005.9
25026.0
25041.7
25059.6
25078.6
25095.4
25112.5
25126.9
25142.9
25161.5
25177.0
25189.0
25208.1
25225.5
25245.2
25257.2
25278.0
25295.8
25314.6
25331.4
25350.0
25367.0
25384.3
25404.9
25427.2
25447.6
25472.9
25496.9
25512.9
25536.7
25554.1
25577.9
25597.8
25616.4
25633.5
25651.0
25669.6
25689.3
25709.1
25730.8
25746.7
25765.9
25785.7
25805.0
25820.9
25837.9
25860.9
25882.4
25899.8
25919.4
25938.5
25960.1
25979.8
26002.3
26027.3
26042.5
26061.1
26082.0
26100.6
26120.7
26139.6
26163.7
26184.9
26207.6
26227.2
26247.6
26268.4
26288.8
26307.9
26328.7
26352.3
26376.3
26392.3
26414.6
26437.2
26462.6
26487.0
26507.3
26530.9
26559.3
26581.4
26601.9
26624.3
26646.5
26666.1
26688.3
26711.7
26729.1
26749.3
26772.5
26793.1
26813.4
26834.9
26857.5
26878.4
26897.1
26922.7
26944.3
26970.2
26992.4
27012.9
27028.1
27053.8
27073.4
27094.2
27119.4
27140.9
27161.7
27181.7
27205.3
27230.3
27256.2
27283.7
27307.3
27333.3
27361.1
27383.9
27418.0
27441.5
27470.0
27495.6
27515.8
27539.3
27558.7
27582.0
27614.8
27640.2
27662.1
27684.5
27713.0
27739.1
27771.8
27795.3
27815.1
27842.2
27867.8
27891.7
27922.8
27950.6
27979.6
28007.2
28034.2
28056.9
28082.1
28101.0
28121.4
28150.9
28178.3
28200.6
28228.7
28253.1
28287.7
28312.2
28337.3
28367.1
28393.5
28425.4
28455.6
28478.1
28503.4
28536.1
28576.5
28601.6
28628.8
28655.8
28690.2
28725.7
28758.3
28791.6
28819.1
28849.9
28886.2
28909.9
28939.0
28976.6
29011.5
29053.9
29084.4
29121.5
29151.5
29180.8
29206.7
29240.9
29271.3
29293.8
29325.2
29352.1
29376.3
29404.3
29441.5
29471.5
29502.1
29538.8
29581.7
29615.0
29645.8
29680.1
29715.1
29754.7
29787.6
29822.7
29849.8
29884.1
29919.0
29948.8
29989.4
30019.2
30050.4
30085.2
30131.8
30167.0
30201.0
30243.8
30289.4
30314.6
30355.0
30397.4
30445.1
30489.9
30536.5
30585.8
30636.4
30670.3
30713.8
30769.6
30811.0
30852.3
30891.4
30940.2
30986.8
31031.4
31079.1
31137.0
31189.6
31250.8
31308.0
31368.3
31415.5
31468.6
31533.0
31581.5
31637.6
31696.2
31767.3
31830.9
31883.7
31935.1
31992.5
32055.9
32128.8
32180.0
32230.1
32282.5
32341.9
32417.3
32485.4
32567.7
32636.9
32696.6
32741.2
32824.2
32907.8
32993.3
33075.5
33152.6
33238.8
33324.1
33409.7
33500.2
33618.9
33735.9
33833.8
33932.1
34011.9
34108.4
34207.8
34320.9
34449.6
34634.2
34767.9
34915.3
35071.7
35230.7
35406.8
35576.9
35802.5
36024.7
36290.4
36546.9
36884.5
37233.8
37656.8
38135.2
38867.1
39791.4
41281.1
45499.3
