# smm_align_hmm_flank -blr -hmm /home/projects/mniel/BPeters_ClassII_Benchmark/NN-align/nooverlap-3/H-2-IEd/gibbsmat/0.gibbs.avemat -bl -la 0.02 -m f000.la.bl.mat.11 -s 11 -ft /home/projects/mniel/BPeters_ClassII_Benchmark/class_II_nooverlap_core_5cv-3//H-2-IEd_test_nooverlap_0.txt.log50k -cc -fl 3 -- 
# WHMM 0.0137 0.0650 0.0268 0.0486 0.0953 0.0165 0.0706 0.0940 0.0378
# E 0.000960
# DR 0.018900
# FCC 0.985133
# T 0.000001
# NT 20
# ITR 2500

Last position-specific scoring matrix computed       
            A       R       N       D       C       Q       E       G       H       I       L       K       M       F       P       S       T       W       Y       V 
  0 A   0.029   0.081  -0.039   0.015  -0.027   0.018   0.042   0.027  -0.027   0.023  -0.024  -0.022   0.004  -0.013   0.019  -0.034   0.018  -0.016  -0.022  -0.055 
  1 A   0.083   0.027   0.008   0.031  -0.194   0.082   0.083   0.091   0.154  -0.031  -0.035   0.070  -0.026   0.047  -0.044   0.029   0.003   0.042   0.101  -0.040 
  2 A  -0.016  -0.151   0.016  -0.066   0.261  -0.042  -0.029  -0.135  -0.005  -0.107  -0.138  -0.068  -0.168   0.038  -0.238  -0.063  -0.061   0.166  -0.005  -0.021 
  3 A   0.047  -0.054  -0.168  -0.381   0.004  -0.004  -0.224   0.102  -0.013   0.067   0.090  -0.067   0.204   0.007   0.018  -0.082  -0.048   0.180   0.041   0.045 
  4 A  -0.162   0.250  -0.044  -0.111  -0.051   0.016  -0.036  -0.120   0.271  -0.101  -0.025   0.120  -0.093   0.185  -0.397  -0.064  -0.069   0.234   0.227  -0.082 
  5 A  -0.134   0.024  -0.095   0.040  -0.241  -0.190  -0.148  -0.142  -0.288  -0.062   0.057  -0.098  -0.038   0.021  -0.189  -0.152  -0.036  -0.025  -0.050  -0.037 
  6 A   0.082   0.043  -0.010  -0.095  -0.076  -0.089  -0.098   0.065  -0.020   0.027  -0.034   0.093  -0.032  -0.137   0.033   0.001  -0.020  -0.012  -0.075   0.048 
  7 A  -0.010   0.092  -0.014   0.147  -0.158  -0.126  -0.075  -0.136  -0.041  -0.060  -0.200   0.005  -0.193  -0.250   0.097   0.103   0.082  -0.125  -0.149  -0.032 
  8 A  -0.076  -0.004  -0.217  -0.077   0.233  -0.114  -0.177  -0.006  -0.144  -0.035  -0.034   0.133  -0.030  -0.147  -0.253  -0.025   0.050  -0.048  -0.219  -0.033 
  9 A  -0.110   0.157  -0.049  -0.097  -0.304  -0.116  -0.010  -0.123   0.082   0.041  -0.031   0.080  -0.053   0.176  -0.007  -0.088  -0.074  -0.072   0.126  -0.013 
 10 A   0.048   0.024  -0.005  -0.024  -0.070  -0.018   0.005   0.003   0.027   0.033   0.048  -0.019  -0.006  -0.047  -0.053   0.011  -0.005  -0.004   0.016   0.035 
