# smm_align_hmm_flank -blr -hmm /home/projects/mniel/BPeters_ClassII_Benchmark/NN-align/data_20112009/class_II_random_split_5cv/HLA-DQA10102-DQB10602/gibbsmat/4.gibbs.avemat -la 0.02 -m f004.la.sp.mat.25 -s 25 -ft /home/projects/mniel/BPeters_ClassII_Benchmark/data_20112009/class_II_random_split_5cv//HLA-DQA10102-DQB10602_test_random_4.txt.log50k -cc -fl 3 -- 
# WHMM 0.0008 0.0047 0.0179 0.0120 0.0192 0.0311 0.0147 0.0439 0.0503
# E 0.035229
# DR 0.028233
# FCC 0.707851
# T 0.000001
# NT 20
# ITR 2500

Last position-specific scoring matrix computed       
            A       R       N       D       C       Q       E       G       H       I       L       K       M       F       P       S       T       W       Y       V 
  0 A   0.022   0.016  -0.040  -0.017  -0.002  -0.028  -0.009   0.034  -0.009   0.013   0.030  -0.011  -0.008  -0.058   0.035   0.007   0.017  -0.066   0.002   0.073 
  1 A  -0.033   0.009   0.158   0.017  -0.019   0.049  -0.060   0.023  -0.107   0.024   0.078  -0.026  -0.000   0.039  -0.102   0.051  -0.062  -0.071  -0.018   0.045 
  2 A   0.031   0.009   0.062  -0.068   0.024  -0.024   0.056  -0.018   0.052   0.037  -0.006  -0.071   0.028  -0.045  -0.080  -0.022   0.055  -0.036   0.003  -0.005 
  3 A   0.142   0.010  -0.021  -0.050  -0.052   0.019  -0.047   0.125  -0.020  -0.020  -0.018   0.038  -0.098   0.021  -0.041   0.037  -0.078  -0.006  -0.043  -0.018 
  4 A   0.115  -0.091  -0.031  -0.086   0.001   0.039  -0.066   0.011  -0.044   0.068   0.112  -0.107   0.106   0.018  -0.072   0.061   0.071  -0.158  -0.079   0.010 
  5 A   0.049   0.040   0.022  -0.068  -0.057  -0.018   0.045  -0.030  -0.066   0.043   0.002   0.060  -0.094  -0.057  -0.026   0.027   0.120  -0.050  -0.103   0.064 
  6 A   0.002  -0.108  -0.028  -0.127  -0.193  -0.021  -0.055  -0.097  -0.108   0.175   0.139  -0.054   0.029  -0.085   0.047  -0.038   0.044   0.052  -0.003   0.115 
  7 A   0.100  -0.075  -0.054   0.003  -0.066   0.067  -0.044  -0.078  -0.040  -0.006   0.085  -0.051   0.121   0.015  -0.010  -0.027  -0.024  -0.082  -0.047   0.091 
  8 A  -0.014  -0.015   0.040  -0.079  -0.077   0.029  -0.060  -0.073   0.024   0.003   0.069  -0.105   0.027   0.058  -0.041  -0.012  -0.039   0.137   0.064  -0.038 
  9 A   0.161  -0.064  -0.037  -0.030   0.119  -0.026   0.019   0.108  -0.073  -0.087  -0.061  -0.064  -0.117  -0.191  -0.061   0.105  -0.009  -0.090  -0.070  -0.146 
 10 A   0.101  -0.064  -0.019   0.005   0.013   0.007  -0.051   0.014   0.027   0.028   0.030  -0.010  -0.096   0.065  -0.008  -0.014   0.005  -0.018   0.010  -0.024 
