TESTRUNID FCC 0.889225 FERR 0.014389 TCC 0.687209 TERR 0.038637
     226  LAYER:    1
      10  LAYER:    2
       1  LAYER:    3
     500   :ILEARN
    -0.082535    -0.038225     0.007328     0.022474     0.014065
     0.001530     0.078385    -0.109582    -0.005941     0.037278
     0.102190    -0.007467    -0.004329     0.046826    -0.111065
    -0.004950     0.005005    -0.023953     0.026761     0.032818
     0.045092     0.542216     1.076818     1.013221     0.238736
     0.568647     0.493398     1.034251     0.828520    -0.841442
    -0.876764     0.599797    -0.754000    -0.576620     0.308870
     0.582687     0.008979     0.105304     0.016112    -0.739736
    -0.085185     0.582295    -0.051338    -0.004187     0.327730
    -0.001595     0.154265     0.039453     0.300252     0.464963
     0.642121     0.134757     0.305883     1.191796    -0.078415
    -0.078618     0.111277     1.198478     0.739971     0.375684
     0.035359     0.433093     0.149659     0.041618    -0.114432
     0.057178     0.079437     0.047617     0.431865     0.339594
     0.310387     0.141899     0.296778     0.554527    -0.555831
    -0.031371    -0.050517     0.195246     0.548959     0.291876
     0.356772     0.546442     0.419834     0.597353    -0.138782
     0.492603     0.568476     0.729775     0.498131    -0.023348
     0.012228     0.530011    -0.038388    -0.037669     0.626261
     0.290571     0.010100     0.175616     0.072408    -0.040466
     0.043691     0.256293    -0.370675    -0.235434    -0.041242
    -0.011866    -0.151579     0.138272    -0.038976     0.845128
     0.957498    -0.070175     0.697509     0.842054    -0.121707
    -0.185575     0.041355     0.950999     0.517905     0.709019
     0.252948     0.274583     0.598345     0.602491    -0.555959
     0.234038     0.382443     0.673753     0.565449    -0.850901
    -0.919641     0.412040    -0.700778    -0.408526     0.938724
     0.521012     0.127006     0.023738     0.030774    -0.751870
     0.406425    -0.188858     0.093731     0.088658     0.479265
    -0.121680     0.000900     0.051998    -0.390636     0.627802
     0.607433    -0.166760     0.632915    -0.157799     0.063981
     0.170659     0.308272    -0.844107    -0.572525     0.572170
     0.129237     0.204346    -0.381991    -0.284006    -0.694429
     0.030839    -0.062511    -0.028809    -0.114092     0.556750
     0.587215    -0.023481     0.538256     0.642628     0.243375
    -0.275049    -0.045406     1.069266     0.533126     0.437275
    -0.021298    -0.049072     0.238940     0.557515     0.215970
     0.101822     0.325986     0.299235     0.123819     0.032671
     0.057955    -0.058205    -0.092299     0.402226    -0.014155
     0.089104     0.069370     0.661325     0.333606     0.006936
    -0.042075    -0.011705    -0.047395     0.037306    -0.003207
     0.031152    -0.004220    -0.000765    -0.048165     0.055196
    -0.023302    -0.001447     0.015424    -0.057727     0.037340
    -0.018444     0.035228     0.048860     0.027634     0.025891
     0.199131    -0.085408     0.008280     0.115665    -0.083946
     0.229269     0.118423    -0.043576     0.093697    -0.026721
    -0.075895    -0.017950    -0.128922    -0.212983     0.198501
    -0.076966    -0.218134    -0.262206    -0.032927    -0.078455
    -0.062480     0.212276    -0.086764     0.050170     0.010254
    -0.111258    -0.088138     0.723373    -0.657718    -0.548686
    -0.697384     1.762867    -1.138821    -0.551361     0.621533
    -0.735429     0.532274     0.637081    -0.806657     0.409372
     1.013467    -1.319409     0.070436    -0.122111     0.243757
     0.099524     0.610763    -0.118243    -0.164820    -0.799558
     0.008264    -1.313191     0.239613    -0.225989    -0.849632
    -0.966725     1.055981     0.649471    -0.072121     0.519639
    -0.123060    -0.052186    -0.721796    -0.397039     0.910666
     0.497238     0.931853     0.014836     0.525909     1.131729
     2.362313    -0.465185     0.564480     0.921310     2.254649
     0.302464    -1.408113    -1.172424     0.897147    -1.461570
    -1.085066     2.130165     0.805897     0.057034     0.388460
    -0.485310    -1.418524     0.294242    -0.583862    -0.276272
    -0.096261    -0.025021    -0.392538    -0.343189     1.258035
    -0.549731     0.894960     0.727962    -0.514388     0.657364
     0.662998     0.122509    -0.781701    -0.790577     1.893122
     0.266905     0.565327     0.049383    -1.168216    -0.416508
    -0.150506     0.036380    -0.117754    -0.287826     0.613182
    -0.763333     0.905624     0.932314    -0.712978     0.894830
     0.264953     0.465094    -0.762642    -0.559806     1.563393
    -0.180523     0.532018     0.141056     0.376953     0.114196
     0.634197     0.201614     0.572656     0.463431     1.027010
     0.236266    -0.030680    -0.059457     0.436126    -0.159800
     0.056657     0.903047     0.028351    -0.411378     1.303491
     0.074325    -0.104667     0.349452     0.408693     0.124052
     0.890352     0.764933     0.278917     0.684242     0.879449
    -0.364723     0.135567     0.047424     0.492240    -0.422284
    -0.442263     0.705266     0.382888     0.441078     0.101323
    -0.726732     0.293212    -0.365496     0.028850    -0.074996
    -0.501677     1.410863    -0.611225    -0.706540     0.474159
     0.395548     0.938285     1.100400    -0.025822     0.523323
     1.732094    -1.030704    -0.318827    -0.424776     1.201778
     0.923264     0.570280    -0.051937     0.664941    -0.244170
    -0.391650     0.332311    -0.178548     0.094730    -0.413519
    -0.217764     0.488530     0.341953     0.782247     0.177457
    -0.106661     0.501573    -0.298037    -0.019675    -0.597198
    -0.296348     0.466967    -0.013275     0.057452     0.135901
    -0.195475    -0.008156     0.024393    -0.061933    -0.021515
    -0.019468    -0.065892    -0.036607    -0.016476     0.000582
     0.014936    -0.029030    -0.034592     0.009317    -0.074930
    -0.025232    -0.044823    -0.115888     0.219679     0.403414
    -0.345175     0.017910     0.014339     0.052223    -0.027420
    -0.057937    -0.067942    -0.069983     0.007285    -0.166590
    -0.312250     0.253500    -0.037832    -0.160982    -0.314076
    -0.060668    -0.043177    -0.125389     0.062257    -0.098467
     0.047171    -0.028370    -0.125487    -0.196270     0.299647
     1.004868    -0.544210    -0.419932     0.346725     0.061916
     0.054005     0.186541    -0.148451    -0.110571    -0.143920
     0.873651    -0.211666     0.175103     1.540402     0.466542
     0.257135    -0.294456     0.183228     0.032832     0.572109
     0.569149     0.998654     0.634990     1.466178    -0.214287
    -0.052111     1.592355     0.252778     0.295154     0.147234
     0.536286    -0.345691     0.213474     0.839501     0.897899
     0.611405    -0.247874    -0.327899     0.276504    -0.033663
     0.463402     0.119172     0.544212     0.464231     0.049539
     0.467014    -1.470572     0.052892     0.548174     0.360383
     0.329157     0.218746    -0.118990    -0.395094     0.046894
     0.278149    -1.646868     0.184275     0.682827    -0.304634
     1.893901     1.449184     2.254708     1.533716     1.176848
     1.570354     1.439019     0.466040    -1.113418    -0.961402
     1.616402    -1.272827    -1.145814     0.405673     0.788305
     0.500084     0.235115    -0.694766    -0.786573    -0.006279
     1.386880     1.355640     0.867900    -2.321465     1.108813
     0.769270     0.489516     1.439202    -1.807988    -1.704365
     1.325693    -0.917015    -1.803805    -1.247034     0.479273
    -0.026002    -0.207887     0.003794    -1.503418     0.228721
     0.652910     0.857859     0.655426     0.497368     0.546064
     0.266622     1.683937     1.034136    -1.198435    -0.604003
     0.487430    -0.662103    -0.027802     0.162571     0.835565
     0.129336     0.736503     0.085733    -1.157033     0.924919
    -0.080291     0.330478     0.713084     1.141615    -0.157286
     0.674866    -0.157782    -0.340423     1.062085     0.906136
     0.164800     0.450933    -0.709977    -0.569099     0.927511
     1.238864    -3.027053    -1.393337     1.323008     0.303422
     0.038687     0.885097     0.905893     0.932552     0.624112
     0.789091    -0.559118    -0.169736     0.074503    -0.332850
     0.487843    -0.125563    -1.374885    -0.536752     0.448940
     0.277564    -1.568158    -0.881716     0.329434    -0.814668
     1.720148     1.291303     1.808962    -0.715883     0.911420
     1.115190     1.135321     1.140944     0.333878     0.393567
     1.224831     0.136971     0.124012     1.466958    -0.006911
     0.243206     1.283301     0.235911     0.092841    -0.055513
     0.071532     0.144011    -0.235638     0.013693    -0.033253
     0.005727     0.051723     0.000845    -0.021765     0.009294
     0.088223    -0.028112    -0.150779     0.030142    -0.027874
    -0.010206    -0.101795    -0.173455    -0.058921     0.096349
     0.147607     0.469435    -0.326732     0.161529     0.052485
     0.200290    -0.085743     0.112976    -0.073940     0.057914
    -0.004044    -0.087980    -0.153122     0.232570    -0.045463
    -0.244434    -0.290657     0.084533    -0.077162    -0.045645
     0.296903    -0.061421     0.018668    -0.107073    -0.148586
    -0.222996    -0.210181     0.754862     0.050766     1.264319
     0.842001     0.067856     0.923938     0.809919     0.124555
    -0.516154    -0.395855     0.640121    -0.921048     0.614499
     2.459380    -0.090642    -0.350002     1.441276     0.422565
    -0.550397    -0.520618    -0.695206     0.124767     0.897114
     1.952238    -0.167443    -0.002296     0.037442    -0.011249
     0.319862     0.326633    -0.364773    -0.201090     0.699206
     0.793326    -0.026590    -0.182053     0.597706     0.450654
     0.121928    -0.914297     0.107593    -0.549604    -0.416567
    -1.200482     0.444355     0.169947    -2.006557    -0.383612
    -1.045422    -0.595528     0.198506    -0.055108    -0.857285
    -0.329728    -0.448379    -0.279459    -1.191766     0.174348
    -0.944897    -1.044135     1.927543     0.901929     0.735909
    -0.307101     0.868825     0.821388     0.135899     1.518413
    -2.076662    -1.290218     1.321531    -1.101012    -0.093822
    -0.521477     0.117413    -0.267403     1.049267     0.592381
    -1.966978    -0.203754    -0.168248     0.091398     0.359140
    -0.762714     0.219712    -0.026749     1.102498    -0.374461
    -0.219876    -0.560426     0.311382    -0.441907    -0.631817
     1.566975    -0.232995    -0.250129     1.610962    -0.217546
    -0.330997    -0.440877     0.685497     0.412134     0.367864
    -0.289527     0.781206     0.431764    -0.175589     0.717076
    -0.905322    -0.371434     0.597792    -0.414386     0.066948
     0.164269     0.354346     0.075641     0.525673     0.264959
    -0.924913     0.346760     0.390201     0.590969     0.849227
     1.810200     0.083354     0.502459     0.711307     0.126619
     0.113876    -0.396693     0.692476    -0.817845    -0.687538
     1.535669     0.398560     0.268074    -1.137420    -0.596350
     0.302049     0.280659     0.138189     0.350898     0.322718
    -0.179835    -0.291133    -0.275214     0.550129    -0.019100
     0.093837    -0.113060     0.220896    -0.307737    -0.541396
     0.797278     0.423109     0.396549    -0.092028    -0.458947
     0.158729    -0.786786     0.352760     0.045231    -0.035800
    -1.208721    -0.063873    -0.364405     0.310477     0.679367
     0.310182     0.679443     0.105955     0.659732     0.655622
     0.293191    -0.235521    -0.098975     0.877122     0.619249
    -0.038214    -0.024463     0.054882     0.131431    -0.148292
     0.075259     0.029543     0.077290    -0.008951    -0.006523
    -0.070234    -0.095100     0.140028     0.034027    -0.184159
     0.108925     0.050850     0.022129    -0.085428    -0.136754
    -0.028183     0.574958    -0.510018     0.014846    -0.051292
    -0.115573     0.060651     0.006889    -0.117361     0.014584
     0.004023    -0.009571     0.041090     0.113749     0.194768
    -0.207128     0.070091     0.163885     0.210269     0.028004
     0.030463     0.023873    -0.028478     0.050668    -0.002703
     0.080066     0.078186     0.133971    -0.486207    -0.441446
    -1.121503    -1.258349    -0.195470    -0.418905    -0.815520
    -1.094901    -0.199008     2.756102     2.538119    -0.728355
     2.083936     2.248220    -0.230692    -1.438191    -0.411097
     1.499011     1.407440     2.141031    -0.366324    -0.514447
    -0.495911    -0.828582    -0.213957    -0.638718    -0.535005
    -0.186124    -0.023161     0.654583     0.871483    -0.884782
     0.770014     1.602327    -1.080311    -0.651842    -0.163725
     1.862791     0.971906     0.434835    -0.938696     0.936334
    -0.053443     0.182079    -1.070637     1.137781     0.963876
    -1.404552     0.954410    -0.085608     0.118099     0.807847
     0.400974     0.383778     0.668493    -0.692110    -0.429732
     0.889201     0.644674    -0.293168    -0.047327    -0.206806
     0.101603     0.366373    -0.302408     0.240706     0.305934
    -0.497339     0.506145    -0.227547     0.075767    -0.028126
     0.041290     0.214156    -0.036455     0.282115     0.025360
    -0.545325     0.191728    -0.313327     0.513381     0.404337
     0.287546     0.439800     0.766107    -0.130862     0.226125
     0.134282    -0.480339     1.505089     1.219595     0.278632
     0.869868     0.335889     0.267944     0.281235     0.416647
    -0.853156    -0.487100     1.368969    -0.734530    -0.303872
    -1.342699    -0.899899    -1.552323    -0.109473    -0.168470
    -1.308077     0.203483     0.444393     0.663649    -0.481644
     0.682672     1.721422     0.979584    -1.202722    -0.624641
     2.614904     1.602907     0.107958     0.535561     0.181370
     0.588961     0.363304     0.283128     0.696336     0.495478
     0.351044    -0.342345    -0.750964    -0.687832     0.496128
    -0.221040    -1.500566     0.811503     0.583549     0.236315
    -0.799398    -1.299173    -0.584015    -0.319688     0.030318
     0.152166    -0.071722     0.376551     0.094920     0.013896
    -1.150796    -0.033604     0.145410     0.274780    -0.146579
     0.305932     0.105850    -1.058033    -0.138301     0.251690
    -0.001409     0.064308     0.164283    -0.166421    -0.032713
    -0.069669    -0.334739     1.827011     0.240693     0.113793
    -0.720684     0.285683     0.468361     0.648802    -0.004838
     0.535469     0.522352    -1.038298    -0.221278    -0.077032
    -0.416206     0.139516     0.400465    -0.003280    -0.064855
    -0.026403     0.185343    -0.036879    -0.000589     0.050906
    -0.012932    -0.006697    -0.004911    -0.070368    -0.043148
    -0.009527     0.026068    -0.037375     0.036744    -0.094338
     0.108113     0.009543     0.004275    -0.432487     0.443649
     0.185545    -0.074559     0.053376     0.087535     0.101560
    -0.117727    -0.036464     0.067897     0.025289     0.000068
     0.106777     0.183430    -0.114091     0.099361     0.066654
     0.156467    -0.001617     0.015389     0.031422    -0.203697
    -0.014666    -0.027592     0.064599     0.086746     0.052687
     0.045422     0.688470     0.448802     0.288258     1.122839
     0.941153     0.070206     0.248087    -0.027711    -0.583231
    -0.508920     0.868328    -0.555509    -1.036431     0.033478
     0.937237     0.467609    -0.273307    -0.482825    -0.357571
     0.401583     0.825614     0.163312     0.288999     1.227686
     0.069325     0.623373    -0.196777     0.118334    -0.203534
     0.048896     0.530901    -0.355722     0.497085    -0.073183
     0.544451     0.380816    -0.156478    -0.107823    -0.012195
     0.372357    -0.436094     0.228157     0.353515    -0.831253
    -0.005939     0.471159     0.460457     0.695509    -0.264662
    -0.529389    -0.416910    -0.023352     0.052568     0.075153
    -0.472181    -0.900031    -0.877266     0.565721    -0.311562
     0.781091     0.314111     0.680666     0.213472     1.568981
     0.454323     0.277459     0.808598     0.624816    -0.175705
    -0.041506     0.472086     0.001081    -0.738891    -0.050468
     0.738780     0.256470    -1.381462    -0.731062    -0.037325
     0.428912     0.603236     0.327659     0.851844    -1.579466
     1.110568     0.589072     1.264126     0.091919    -0.714491
    -0.723993     0.714742    -0.407621    -1.021238     2.119751
     0.209283    -0.291375     1.944038    -0.254896    -0.718525
    -0.539231    -0.144435    -0.618297    -0.595858    -1.310598
     0.483698    -0.230228    -0.638876     0.145846     0.331185
     1.148950    -0.102753     1.362724     0.702272    -0.362373
    -0.627428    -0.348567     0.955417     0.449712    -0.193480
     0.399561    -0.355281    -0.170561    -0.265320    -0.134848
    -0.086845     0.032531    -0.996846    -0.298100     0.069470
    -0.124519    -0.393661     0.270102    -0.510114    -0.713711
     0.089550     0.196127    -2.094440    -0.337169     0.249984
    -0.736275     1.142455     0.356057     0.354376    -0.441065
     1.415634     0.817360     0.012994     1.000638    -1.279679
    -0.382452     0.972977     0.102479    -0.351868     0.107070
    -0.503900    -0.740813     2.660359     0.320371    -1.427917
     0.197574     0.780470     1.422097     1.546336    -1.007301
     1.041370     0.749321     1.053380     0.346380    -1.175190
    -1.453963     1.343503    -1.031752    -1.648576     1.323315
     1.052055     0.226537    -0.976509    -0.852458    -1.146907
    -0.076471    -0.025224    -0.059148     0.085115     0.007915
    -0.003143    -0.016401    -0.035286    -0.024621    -0.004463
    -0.012607    -0.102270    -0.069720    -0.046135    -0.015370
    -0.040158    -0.054028     0.006558     0.041504     0.043760
     0.000820     0.055071     0.332615    -0.240935    -0.290026
     0.388520     0.103842     0.095169    -0.034778    -0.112029
    -0.078785     0.072735    -0.151541    -0.254527     0.128976
    -0.065978    -0.219137    -0.187800    -0.061204    -0.083540
    -0.069156     0.144076    -0.018373     0.007168    -0.023350
    -0.147738    -0.026739     0.040441    -0.031770     0.026128
     0.500221    -1.831841     0.000181     0.864028    -0.226257
     0.840655    -0.715606    -0.388161    -0.104262     0.188438
    -0.745983    -0.266801    -0.416103    -0.421671    -1.768852
    -0.657706    -0.692134    -0.774663    -0.721023    -1.725182
    -1.907912    -1.140683    -0.425275    -0.970317    -1.788155
    -0.508017     1.245068     0.966069    -0.871059     1.216347
     0.991949    -0.546499    -1.998751    -1.177376     1.334594
     1.314828     0.939346    -0.542596    -0.451119    -0.116015
    -0.448624     0.332102    -0.933325    -0.698671     0.653285
    -0.382452     1.009956     0.825613    -0.530103     0.181742
     1.282049    -0.302438    -0.699182    -0.104466     2.442302
     0.523134     0.757920    -0.205621    -0.144059    -1.064717
    -0.328036    -0.827578     0.034493     0.194005    -0.895718
    -0.840639     0.743147     0.270444    -0.044051     0.479342
    -0.008963     0.322940    -1.258333    -0.927509     1.082752
     0.169314     0.661518    -0.712722    -0.739789    -0.313603
     0.091944     1.630897    -1.547373    -0.430899    -0.810340
    -1.104066     1.081020     0.838523    -0.815166    -0.218761
     1.594032    -0.477547    -0.422115     0.229802    -0.863969
     0.312550     0.922900    -1.060519     0.590825    -0.695568
    -0.417081     0.628658    -0.405844     0.202139    -1.370965
     0.814451    -0.693859    -0.423804    -0.219086    -0.892725
     1.470857    -0.705788    -0.573146    -0.290284     0.788485
     1.498130    -0.410743    -0.947353    -0.546045     0.628329
     0.795148    -0.617609    -1.073438    -0.656991     0.293771
     0.314195     0.083311    -0.436883    -0.317437    -1.105037
     0.590111     1.182194     0.335277     0.656023     0.946718
     0.566831    -0.014863    -0.309453     0.104631    -0.149387
     0.857180    -0.421324    -0.896709     0.160686     1.072396
    -0.323806     0.030378    -0.001902    -0.267629    -0.767863
     1.002699     0.842562     0.184919     0.190536    -0.870290
     0.185555    -0.038755    -0.165826     0.567654    -0.077939
     0.134008    -0.134506    -0.081833     0.470816     0.560894
     0.407501    -0.949758    -0.616252     0.409785    -0.768075
    -0.274144     0.515686    -0.232718    -0.183839     0.179686
    -0.238259    -0.804625    -0.033729     0.131135     0.096915
    -0.220611    -0.061023    -0.046813    -0.034760    -0.167069
     0.038657    -0.034990    -0.045357     0.077002    -0.004984
    -0.056494     0.188392    -0.011837     0.024268    -0.052340
    -0.091890    -0.104064    -0.220119     0.002242     0.106848
    -0.302027     0.192712    -0.314895    -0.158433    -0.034223
     0.012224     0.033281    -0.073317    -0.004963    -0.091016
    -0.181914     0.351082    -0.062229    -0.239918    -0.317949
     0.090771    -0.027447    -0.118460     0.369196     0.015513
     0.025638    -0.052636    -0.165838    -0.188358    -0.959809
     0.534132    -1.026112    -1.178250     0.143469    -0.125727
    -0.087054    -1.386310     0.439268    -0.429084    -0.148749
     0.189083    -0.030570     1.129018     0.252540    -0.838233
    -0.488283     1.181526     1.297873    -0.423119    -0.264495
     0.317848     1.088490     1.954799    -1.876135     0.888463
     1.247509     0.706284     0.433724    -1.453712    -1.330053
     0.816446    -1.068436    -1.401911     1.615271     0.609455
     0.074640    -1.101148    -0.737349    -1.473742    -0.852539
    -0.543293    -0.411797    -0.953122     0.495558    -0.195903
    -0.734640    -1.108354     0.183090     1.087855     1.079222
    -0.526985     1.269237    -0.000226    -1.004253    -1.126225
    -0.365108    -0.041838     0.312120     0.868249    -0.633443
     1.664514    -0.287584     0.985825     0.215208     0.813030
     1.154702    -0.020626     0.415922    -1.128198    -0.190455
     1.046131    -0.572311     0.158467     0.721005     0.056725
     0.161044     0.976306     0.060667    -1.028076    -0.212708
     0.139360     0.688595     0.636519    -0.775877     0.290857
     0.013636     0.627305     0.736917    -0.562471    -1.006170
     0.514786    -0.694932    -1.139927     0.783436     0.096767
    -0.137510    -0.990158    -0.106720    -0.550446    -0.368916
     0.943756     0.820919     0.976815    -0.580245     1.102838
     0.757450     0.116839     1.233550    -0.697332    -0.355294
     1.000265    -0.295933    -0.240923     0.968543     0.292077
    -0.172617     0.268981     0.146291    -0.851642     0.204525
     0.573377     0.641360     0.606764     0.037526     0.226384
     0.459442     0.361892    -0.201266    -0.353924    -0.666994
     0.964724    -0.937557    -1.081534     0.727868     0.691188
     0.713138    -1.106622    -1.043530    -0.143264    -0.818350
     0.769772     0.426126     1.095695    -3.100607     1.329800
     1.561149    -1.123898     1.768191    -0.994200    -0.835796
     1.080390    -0.331736    -0.574967     1.263807    -0.709565
    -0.677913     0.844711     0.479313    -1.140562    -0.441596
     1.050818     0.209538     0.474909    -0.108842     0.480878
     0.637164    -0.907201     0.480678    -0.448344    -0.167910
     0.828967    -0.194186    -0.169860     0.956492    -0.051982
     0.096210     0.236273    -0.017658    -0.422115    -0.176680
     0.102956     0.139824    -0.107544     0.000684    -0.047747
     0.017323    -0.006498    -0.004193    -0.075847    -0.048675
     0.054754     0.066563    -0.188793    -0.056305     0.008465
     0.037685    -0.091958    -0.099473    -0.080123    -0.153942
     0.182760     0.364349    -0.349689     0.001206    -0.041518
     0.023929    -0.064588    -0.025932     0.034870     0.042355
     0.023838     0.107668     0.122582    -0.092436     0.007673
     0.162131     0.078767     0.072239     0.049975     0.021671
     0.005892     0.049388     0.045714     0.056835     0.025023
     0.131753    -0.627967     0.482992     0.399643     0.587885
     0.792096     0.317408    -0.021432     0.941154     0.419833
     0.044933     0.298387     0.367214    -0.138698     0.602081
     1.087506    -0.056088    -0.015913     1.512270     0.489106
    -0.234284    -0.143754     1.102331     0.643055    -0.098398
    -0.319972     0.396324     0.340499     0.610533     0.999421
    -1.696240    -1.403137     0.879665    -1.116454     0.247221
     0.023485     0.423309    -0.114532     1.495437     0.585567
    -1.524457     0.541811     0.392402     0.721605     0.783030
     2.051999     0.029407     0.147560     1.493940     0.104885
     0.169155    -0.119636     0.354169    -0.510915    -0.254565
     0.554960     0.650572     0.354712    -0.472542    -0.601616
     0.278598     0.076338     1.147792     2.039237     2.329027
     0.322598     1.028602     1.176805     1.442278     0.903681
    -1.260319    -1.112468     1.281090    -1.115459    -1.608301
     0.984486     1.374658     0.643525    -1.490422    -1.128077
    -1.127689    -0.863160     2.268834     1.024571     0.897671
    -1.438108     1.937339     1.370397    -0.839837     2.000274
    -1.882858    -1.312574     1.848963    -0.623472    -1.102777
    -1.482572     0.258666    -0.347036    -0.209706     0.503915
    -1.667317    -0.252052    -0.091880    -0.035221    -0.203849
    -0.837372     0.461169     0.110225    -0.801632    -0.174391
    -0.305532    -0.132491     0.138505     0.308651    -0.572676
     0.346761    -0.184810    -0.004629     0.216537    -0.321813
    -0.392904     0.594511     0.243111     0.371292     0.277153
     0.430483     0.323261     0.120261     0.238187    -0.825626
     0.128852    -0.089412     0.492878     0.116406    -1.317797
     0.698100     0.474778     0.340262    -1.649885    -1.354249
     0.189663     0.883613    -0.178249     0.725095     0.737086
     2.231274    -0.103129     0.272532     1.212098    -0.193832
    -0.614668    -0.808533     0.042227    -0.834361    -0.984123
     2.121909     0.924857     0.626520    -0.179118    -1.209673
    -0.306122    -0.836110     0.090084     0.134302     0.824540
     0.062754     0.506480     0.411513     0.217682     0.182172
     0.490549     0.942605    -0.068016     0.631017     0.909739
     0.288664    -0.320294    -0.075785     1.177564     0.394347
     0.084479    -0.068113    -0.085276    -0.078886     0.139193
    -0.051553    -0.007450     0.028635     0.027135     0.010516
    -0.059434    -0.040840    -0.024840     0.021029    -0.034799
     0.010400     0.014966    -0.010128     0.049938     0.020274
    -0.013503    -0.517894     0.600206     0.159610    -0.148459
    -0.004969     0.061627     0.058237     0.003569     0.048527
    -0.015350     0.043664     0.040238     0.005021    -0.043086
    -0.038887    -0.045229    -0.035971     0.019004    -0.040629
    -0.039241    -0.024086     0.039138     0.028967     0.030494
     0.047142     0.016963    -0.015506     0.035952     0.174322
     0.043971     0.139390     0.070271     0.151706     0.147114
     0.015593     0.002027    -0.023969     0.013083     0.138845
    -0.016564     0.025177     0.103281     0.092189     0.065919
     0.138790    -0.025644    -0.019118     0.055094     0.058986
     0.123863     0.107900     0.092141    -0.012823     0.051048
     0.164430     0.151606    -0.050645     0.033771     0.027891
     0.015289     0.025341    -0.025749     0.119976     0.082897
    -0.159796    -0.026201    -0.052820     0.148316    -0.058345
     0.105290     0.124744     0.060944    -0.074939     0.016074
     0.221796     0.120523     0.192579     0.149124    -0.081565
     0.100501     0.144068     0.110849     0.012191     0.000652
     0.030066     0.089363     0.159437     0.045347     0.041533
     0.088570     0.058333     0.143247     0.005058     0.042642
     0.125856     0.052962    -0.032403    -0.078934     0.029216
    -0.101497     0.024810     0.176055     0.063561     0.027668
     0.022617     0.004687    -0.020134     0.037788    -0.113064
     0.061876     0.050619    -0.019615    -0.041426    -0.029051
    -0.078854     0.003917    -0.058183    -0.059861    -0.050701
    -0.048170    -0.105219     0.037506     0.073376     0.069301
    -0.364629    -0.087765    -0.056365     0.021344     0.051791
    -0.025234     0.038201    -0.013444    -0.007433     0.024697
     0.028455     0.009331     0.162848     0.160395    -0.022455
     0.111423     0.128694    -0.090098    -0.016747     0.062297
     0.076666     0.029766     0.145342     0.076753     0.009840
     0.037277     0.019579     0.005121    -0.025315     0.030994
     0.022399     0.080132    -0.082152    -0.122025     0.014940
    -0.099394     0.006921     0.084024     0.056188    -0.032902
    -0.111637     0.039061    -0.061477     0.106383     0.165292
     0.066093     0.089549     0.101628     0.107036     0.140064
     0.086311     0.086073     0.137062     0.110594     0.145623
     0.047040     0.109831     0.017103     0.046947     0.051568
     0.129278     0.129110     0.146018     0.142845    -0.113455
     0.125812     0.179022     0.067721     0.003023     0.060902
     0.183351    -0.043874    -0.003579    -0.032276    -0.060511
    -0.022207    -0.093924     0.044127     0.159948     0.088573
    -0.089540    -0.145332     0.016340     0.024300     0.032183
     0.004430     0.025145     0.001426    -0.013666    -0.026290
     0.026014     0.038380     0.015407    -0.003681     0.022842
     0.049603     0.026326     0.046936    -0.035888     0.037417
    -0.046729     0.027861    -0.034270    -0.040487     0.112059
     0.021541     0.004497    -0.002329     0.040018     0.062408
     1.039773    -2.280451    -2.852954    -2.894620     2.023497
     2.252046    -3.183868    -2.821114     2.080868    -0.271523
    -0.380315
