# smm_align_hmm_flank -blr -hmm /home/projects/mniel/BPeters_ClassII_Benchmark/NN-align/nooverlap-3/HLA-DRB30101/gibbsmat/2.gibbs.avemat -la 0.02 -p1a -m f002.la.sp.mat.18 -s 18 -ft /home/projects/mniel/BPeters_ClassII_Benchmark/class_II_nooverlap_core_5cv-3//HLA-DRB30101_test_nooverlap_2.txt.log50k -cc -fl 3 -- 
# WHMM 0.0190 0.0391 0.0217 0.0943 0.0523 0.0274 0.0224 0.0350 0.0647
# E 0.022530
# DR 0.034508
# FCC 0.644978
# T 0.000001
# NT 20
# ITR 2500

Last position-specific scoring matrix computed       
            A       R       N       D       C       Q       E       G       H       I       L       K       M       F       P       S       T       W       Y       V 
  0 A  -0.014   0.047   0.028  -0.000  -0.049   0.008  -0.034   0.038  -0.044  -0.018   0.046  -0.003  -0.009   0.038  -0.015  -0.002  -0.009  -0.022  -0.002   0.016 
  1 A  -0.090  -0.089  -0.080  -0.094  -0.104  -0.067  -0.078  -0.092  -0.100   0.078   0.050  -0.076   0.059   0.157  -0.085  -0.076  -0.071   0.108   0.172   0.043 
  2 A  -0.043   0.114   0.039  -0.058  -0.077   0.029   0.009  -0.058  -0.028   0.044   0.021   0.066  -0.035  -0.006  -0.117  -0.040  -0.010  -0.012   0.003   0.022 
  3 A   0.053  -0.037   0.046  -0.078  -0.011  -0.021  -0.068  -0.012   0.031   0.029   0.044  -0.020   0.033  -0.038   0.044   0.037  -0.017  -0.014  -0.048   0.020 
  4 A  -0.003  -0.150   0.079   0.289   0.016   0.013   0.098  -0.069  -0.068  -0.043  -0.076  -0.031  -0.075  -0.113  -0.132   0.049   0.023  -0.238  -0.054  -0.050 
  5 A   0.009   0.009   0.016  -0.079  -0.006   0.017   0.035  -0.048   0.052   0.028  -0.013  -0.002  -0.065  -0.002   0.027   0.035  -0.053   0.098   0.036  -0.017 
  6 A   0.024  -0.054   0.028  -0.014   0.012  -0.027  -0.030   0.031   0.041  -0.028   0.020  -0.055  -0.027  -0.001   0.066   0.031   0.040  -0.061  -0.046   0.021 
  7 A  -0.029  -0.037  -0.023  -0.019   0.006  -0.017  -0.071   0.013   0.012   0.078   0.022   0.011   0.030   0.020   0.032  -0.047  -0.019  -0.012   0.050   0.001 
  8 A   0.027   0.025  -0.106  -0.035  -0.039  -0.008  -0.052  -0.009  -0.009   0.050   0.048  -0.002  -0.001   0.039  -0.025  -0.012  -0.025   0.016   0.039   0.007 
  9 A  -0.022  -0.103  -0.048   0.012  -0.055  -0.117  -0.121  -0.161  -0.129   0.087   0.089  -0.112   0.043   0.201  -0.050   0.002   0.006   0.044   0.116   0.054 
 10 A  -0.001  -0.010   0.014   0.010  -0.018   0.011  -0.010  -0.065  -0.010  -0.003  -0.016  -0.017   0.040   0.009   0.054  -0.034  -0.021   0.019   0.013   0.035 
