# smm_align_hmm_flank -blr -hmm /home/projects/mniel/BPeters_ClassII_Benchmark/NN-align/data_20112009/class_II_random_split_5cv/HLA-DQA10501-DQB10301/gibbsmat/0.gibbs.avemat -la 0.02 -m f000.la.sp.mat.25 -s 25 -ft /home/projects/mniel/BPeters_ClassII_Benchmark/data_20112009/class_II_random_split_5cv//HLA-DQA10501-DQB10301_test_random_0.txt.log50k -cc -fl 3 -- 
# WHMM 0.0044 0.0021 0.0141 0.0134 0.0394 0.0019 0.0087 0.0277 0.0176
# E 0.020462
# DR 0.028233
# FCC 0.808653
# T 0.000001
# NT 20
# ITR 2500

Last position-specific scoring matrix computed       
            A       R       N       D       C       Q       E       G       H       I       L       K       M       F       P       S       T       W       Y       V 
  0 A   0.024  -0.022   0.008   0.026  -0.028  -0.035  -0.004   0.012  -0.057  -0.004   0.034  -0.000   0.021   0.026   0.042  -0.031  -0.018  -0.044  -0.002   0.054 
  1 A   0.082  -0.026  -0.031   0.004  -0.113  -0.009  -0.017   0.080  -0.039   0.010  -0.037   0.003  -0.044   0.033   0.076   0.019  -0.007  -0.108   0.066   0.035 
  2 A   0.140  -0.002  -0.032  -0.036   0.001  -0.017   0.030   0.049  -0.024   0.113  -0.029  -0.088  -0.080   0.028  -0.051   0.015   0.017  -0.066  -0.013   0.033 
  3 A   0.019  -0.039  -0.047  -0.042  -0.046  -0.009  -0.042   0.146  -0.049  -0.012   0.062   0.023  -0.022  -0.018  -0.021   0.033  -0.063   0.019  -0.024   0.021 
  4 A   0.262  -0.031  -0.031  -0.088  -0.060  -0.001  -0.001   0.103  -0.096  -0.093   0.035  -0.004  -0.003   0.032  -0.073  -0.029   0.059  -0.065  -0.031  -0.014 
  5 A   0.034  -0.022  -0.008  -0.081  -0.094  -0.084  -0.062   0.206  -0.081  -0.015  -0.112   0.014  -0.064  -0.071   0.060   0.072   0.068   0.000  -0.117   0.021 
  6 A   0.096   0.017  -0.045  -0.014  -0.088  -0.094   0.007  -0.033  -0.051   0.123   0.134   0.064  -0.059  -0.019  -0.012   0.094  -0.150  -0.036   0.026   0.031 
  7 A   0.198  -0.112   0.020  -0.036  -0.001   0.036  -0.063  -0.024  -0.011   0.091  -0.053  -0.053   0.007  -0.029   0.033   0.044   0.041  -0.115  -0.073   0.063 
  8 A   0.062  -0.035  -0.153  -0.074  -0.143  -0.098  -0.040   0.127  -0.042  -0.059   0.011  -0.003   0.105   0.053   0.028   0.039   0.010   0.021  -0.013   0.075 
  9 A   0.134   0.011   0.067  -0.006  -0.087  -0.090  -0.035   0.085  -0.101  -0.062  -0.044   0.041  -0.077  -0.124  -0.047   0.110   0.074  -0.034  -0.045   0.099 
 10 A   0.080  -0.018  -0.040  -0.041   0.072  -0.018   0.036   0.020  -0.051   0.034   0.036   0.047  -0.069   0.074  -0.041   0.028  -0.066  -0.071   0.015  -0.027 
