# smm_align_hmm_flank -blr -hmm /home/projects/mniel/BPeters_ClassII_Benchmark/NN-align/data_20112009/class_II_random_split_5cv/HLA-DQA10501-DQB10301/gibbsmat/2.gibbs.avemat -la 0.02 -m f002.la.sp.mat.22 -s 22 -ft /home/projects/mniel/BPeters_ClassII_Benchmark/data_20112009/class_II_random_split_5cv//HLA-DQA10501-DQB10301_test_random_2.txt.log50k -cc -fl 3 -- 
# WHMM 0.0401 0.0076 0.0098 0.0524 0.0006 0.0026 0.0143 0.0008 0.0070
# E 0.019985
# DR 0.028233
# FCC 0.810518
# T 0.000001
# NT 20
# ITR 2500

Last position-specific scoring matrix computed       
            A       R       N       D       C       Q       E       G       H       I       L       K       M       F       P       S       T       W       Y       V 
  0 A   0.033   0.004  -0.054  -0.019   0.005  -0.045   0.009   0.081  -0.024   0.009   0.076  -0.039  -0.007   0.015  -0.033  -0.013  -0.003   0.013  -0.026   0.020 
  1 A   0.005  -0.017   0.002  -0.082  -0.094  -0.106  -0.048  -0.067   0.029   0.054  -0.051   0.029  -0.076   0.121   0.021  -0.021   0.012   0.059   0.014   0.063 
  2 A   0.043   0.052   0.024  -0.066  -0.076  -0.010   0.010   0.028  -0.025   0.019   0.064  -0.116  -0.040   0.019  -0.063   0.072   0.026  -0.128   0.087   0.039 
  3 A   0.111   0.040  -0.009  -0.021  -0.042  -0.029   0.000   0.158  -0.036   0.026  -0.121   0.019  -0.046  -0.054   0.003   0.001  -0.007  -0.045  -0.032   0.005 
  4 A   0.283  -0.089  -0.028  -0.007  -0.135  -0.057   0.016   0.275  -0.091  -0.064  -0.084  -0.046  -0.162  -0.082  -0.104   0.082  -0.057  -0.075  -0.034   0.013 
  5 A  -0.005  -0.038  -0.061  -0.026   0.007   0.017  -0.112  -0.032   0.018   0.097   0.002   0.006  -0.047  -0.056   0.052   0.134   0.011  -0.072   0.013   0.088 
  6 A   0.096  -0.075  -0.060  -0.014   0.043  -0.110   0.089   0.081  -0.139   0.055   0.124   0.023   0.032  -0.039   0.140  -0.097   0.027  -0.114  -0.046  -0.026 
  7 A   0.157  -0.010   0.047  -0.112  -0.063   0.034  -0.023   0.012  -0.012   0.054  -0.045  -0.022  -0.068  -0.005   0.010   0.011  -0.024  -0.056  -0.016   0.062 
  8 A   0.117   0.011  -0.047  -0.036   0.027   0.001  -0.036   0.081  -0.056  -0.060   0.069   0.015  -0.011  -0.120  -0.018   0.106   0.005  -0.034  -0.015  -0.003 
  9 A   0.093   0.031  -0.012  -0.043  -0.103  -0.022  -0.106   0.013   0.023   0.058  -0.006   0.054  -0.003  -0.004  -0.027   0.040   0.011  -0.098  -0.078   0.126 
 10 A   0.003   0.012  -0.031   0.052  -0.043  -0.048   0.004   0.021  -0.016   0.003   0.078   0.040  -0.030  -0.015  -0.022   0.021  -0.023  -0.008  -0.045   0.046 
