# smm_align_hmm_flank -blr -hmm /home/projects/mniel/BPeters_ClassII_Benchmark/NN-align/nooverlap-3/HLA-DRB10301/gibbsmat/0.gibbs.avemat -bl -la 0.02 -p1a -m f000.la.bl.mat.18 -s 18 -ft /home/projects/mniel/BPeters_ClassII_Benchmark/class_II_nooverlap_core_5cv-3//HLA-DRB10301_test_nooverlap_0.txt.log50k -cc -fl 3 -- 
# WHMM 0.0025 0.0449 0.0686 0.0765 0.0278 0.0442 0.0236 0.0743 0.0802
# E 0.025581
# DR 0.018900
# FCC 0.670514
# T 0.000001
# NT 20
# ITR 2500

Last position-specific scoring matrix computed       
            A       R       N       D       C       Q       E       G       H       I       L       K       M       F       P       S       T       W       Y       V 
  0 A   0.005   0.063   0.027  -0.014  -0.042  -0.007   0.005  -0.008   0.033  -0.029   0.039   0.001  -0.003  -0.004  -0.076   0.023   0.002   0.003   0.025  -0.041 
  1 A  -0.033  -0.084  -0.133  -0.126  -0.025  -0.097  -0.087  -0.142  -0.102   0.191   0.160  -0.113   0.132   0.160  -0.075  -0.114  -0.044   0.069   0.076   0.166 
  2 A  -0.042   0.014  -0.078  -0.049   0.036   0.028  -0.023  -0.044  -0.063   0.062   0.041   0.013   0.022   0.007  -0.149  -0.041  -0.004  -0.069  -0.037   0.055 
  3 A   0.006   0.027   0.039  -0.090  -0.070   0.029  -0.011  -0.074  -0.016   0.040   0.077   0.030   0.092  -0.059  -0.062   0.087   0.046   0.041   0.059   0.041 
  4 A  -0.006  -0.170   0.047   0.211  -0.026  -0.066   0.037  -0.144  -0.061  -0.079  -0.130  -0.024  -0.048  -0.082  -0.107   0.061  -0.009  -0.302  -0.098  -0.069 
  5 A  -0.043   0.066  -0.018  -0.009  -0.119   0.005   0.057  -0.019  -0.042   0.023   0.039   0.023   0.043   0.015   0.021  -0.001   0.042  -0.041  -0.007   0.013 
  6 A   0.046   0.087   0.009   0.050   0.005  -0.032  -0.036  -0.093   0.046  -0.022  -0.086   0.083  -0.085  -0.099   0.048   0.038   0.033  -0.210  -0.052   0.000 
  7 A   0.013  -0.025   0.028   0.029  -0.114   0.029   0.022  -0.009  -0.096   0.046   0.105   0.031   0.096  -0.061  -0.007  -0.016  -0.030  -0.040  -0.106   0.012 
  8 A   0.037   0.080  -0.027   0.021  -0.161   0.049   0.012  -0.126  -0.002   0.040   0.093   0.062   0.106   0.030  -0.009   0.029  -0.012  -0.069   0.060   0.016 
  9 A  -0.047   0.130  -0.075  -0.138  -0.089  -0.020  -0.070  -0.078  -0.019  -0.007   0.035  -0.013   0.040   0.083  -0.067  -0.018  -0.052  -0.098   0.095  -0.006 
 10 A  -0.011   0.053  -0.002  -0.005   0.011   0.007  -0.038  -0.018  -0.019  -0.010   0.028   0.014   0.006  -0.007  -0.021  -0.011  -0.024   0.015   0.018   0.015 
