# smm_align_hmm_flank -blr -hmm /home/projects/mniel/BPeters_ClassII_Benchmark/NN-align/data_20112009/class_II_random_split_5cv/HLA-DRB10701/gibbsmat/1.gibbs.avemat -bl -la 0.02 -p1a -m f001.la.bl.mat.10 -s 10 -ft /home/projects/mniel/BPeters_ClassII_Benchmark/data_20112009/class_II_random_split_5cv//HLA-DRB10701_test_random_1.txt.log50k -cc -fl 3 -- 
# WHMM 0.0024 0.0242 0.0438 0.1119 0.0300 0.0738 0.0265 0.0013 0.0754
# E 0.027197
# DR 0.018900
# FCC 0.748332
# T 0.000001
# NT 20
# ITR 2500

Last position-specific scoring matrix computed       
            A       R       N       D       C       Q       E       G       H       I       L       K       M       F       P       S       T       W       Y       V 
  0 A   0.019  -0.002   0.001   0.007   0.016   0.023  -0.001   0.009   0.003   0.032   0.040   0.025  -0.048   0.062  -0.069  -0.017  -0.055  -0.035  -0.001  -0.008 
  1 A  -0.070  -0.037  -0.113  -0.127  -0.025  -0.073  -0.075  -0.101  -0.024   0.105   0.117  -0.078   0.083   0.216  -0.152  -0.102  -0.049   0.152   0.144   0.073 
  2 A  -0.005   0.015   0.078  -0.011   0.010   0.026  -0.007  -0.089   0.048   0.008   0.005   0.073   0.076   0.008  -0.095   0.050   0.017   0.078   0.056   0.005 
  3 A   0.005   0.060  -0.049  -0.128  -0.094   0.053   0.006  -0.092   0.047   0.015   0.032   0.092   0.027   0.113  -0.075   0.048  -0.008   0.113   0.097  -0.001 
  4 A   0.055  -0.153  -0.007  -0.115  -0.114  -0.116  -0.089  -0.090   0.009   0.122   0.033  -0.116  -0.017   0.055  -0.074   0.074   0.139  -0.282   0.031   0.116 
  5 A   0.006   0.028  -0.030  -0.120  -0.060  -0.037  -0.064  -0.032   0.113   0.066   0.039   0.049   0.019   0.027   0.033  -0.011   0.004  -0.165   0.014   0.057 
  6 A   0.160  -0.010   0.161  -0.048  -0.081   0.056  -0.021   0.116   0.057   0.020  -0.014   0.025   0.036  -0.180   0.115   0.222   0.161  -0.324  -0.056   0.047 
  7 A   0.018   0.097  -0.047  -0.171   0.003  -0.004  -0.044  -0.073  -0.041   0.021   0.083   0.023   0.056   0.004  -0.050   0.032   0.106   0.087   0.025   0.065 
  8 A  -0.004   0.098   0.041  -0.018  -0.011   0.052  -0.031   0.010   0.056   0.035   0.042   0.072   0.089   0.015   0.054   0.113   0.042  -0.215   0.067   0.020 
  9 A  -0.066  -0.075  -0.047  -0.116  -0.068  -0.057  -0.190  -0.082   0.037   0.165   0.153  -0.092   0.079   0.119  -0.211  -0.054  -0.018  -0.011   0.022   0.123 
 10 A  -0.034  -0.022  -0.018  -0.029   0.028   0.032  -0.049  -0.055  -0.044   0.026   0.108  -0.003   0.011   0.016   0.006  -0.014   0.017  -0.016  -0.012   0.052 
