# smm_align_hmm_flank -blr -hmm /home/projects/mniel/BPeters_ClassII_Benchmark/NN-align/data_20112009/class_II_random_split_5cv/HLA-DRB11501/gibbsmat/4.gibbs.avemat -bl -la 0.02 -p1a -m f004.la.bl.mat.16 -s 16 -ft /home/projects/mniel/BPeters_ClassII_Benchmark/data_20112009/class_II_random_split_5cv//HLA-DRB11501_test_random_4.txt.log50k -cc -fl 3 -- 
# WHMM 0.0012 0.0301 0.0168 0.0648 0.0629 0.0584 0.0696 0.0349 0.0315
# E 0.033620
# DR 0.023100
# FCC 0.678706
# T 0.000001
# NT 20
# ITR 2500

Last position-specific scoring matrix computed       
            A       R       N       D       C       Q       E       G       H       I       L       K       M       F       P       S       T       W       Y       V 
  0 A   0.010   0.009  -0.002   0.008   0.003  -0.052  -0.028  -0.014  -0.028   0.038   0.041   0.001  -0.031   0.013  -0.009   0.012   0.026   0.007  -0.015   0.010 
  1 A  -0.024  -0.011  -0.077  -0.069  -0.236  -0.026  -0.051  -0.094  -0.036   0.149   0.124  -0.047   0.121   0.137  -0.024  -0.069  -0.007   0.154   0.148   0.122 
  2 A   0.005   0.098   0.111  -0.045  -0.104   0.051  -0.066  -0.004   0.109   0.113   0.073   0.070   0.113   0.035  -0.290  -0.014  -0.046  -0.070   0.095   0.080 
  3 A   0.008   0.021  -0.099  -0.082   0.000  -0.047  -0.055  -0.011  -0.095   0.049   0.047  -0.040  -0.006   0.063   0.025  -0.048  -0.066  -0.118  -0.019   0.026 
  4 A  -0.050  -0.073  -0.077  -0.092   0.042  -0.027  -0.124  -0.121   0.076   0.121   0.106  -0.052   0.094   0.160  -0.173  -0.036  -0.045  -0.104   0.155   0.065 
  5 A   0.019   0.072  -0.073  -0.158  -0.051   0.003  -0.092   0.001  -0.123  -0.012   0.012   0.083  -0.023  -0.002  -0.030   0.007   0.004   0.094   0.076   0.014 
  6 A   0.138   0.013   0.127  -0.015  -0.116  -0.016   0.000   0.105  -0.001   0.019   0.074  -0.008   0.130  -0.074   0.074   0.215   0.103  -0.443  -0.079   0.027 
  7 A   0.026   0.037   0.055  -0.134  -0.350  -0.011  -0.041  -0.005  -0.032   0.046   0.031   0.029  -0.004   0.073   0.030  -0.005  -0.037   0.218   0.130   0.016 
  8 A  -0.069   0.023   0.014  -0.087  -0.029  -0.062  -0.073  -0.046   0.108   0.061   0.050  -0.010   0.114   0.058   0.057  -0.063  -0.029  -0.132   0.084   0.048 
  9 A   0.026   0.049   0.023  -0.214   0.048  -0.015  -0.104  -0.041   0.094   0.068   0.104   0.066   0.101   0.063  -0.176   0.011   0.044   0.044   0.067   0.078 
 10 A   0.045  -0.019  -0.011  -0.022   0.006  -0.001  -0.025  -0.064  -0.003   0.020   0.054   0.004   0.015   0.029  -0.054   0.038  -0.006  -0.018  -0.014   0.026 
